   5.9980000e+06   0.0000000e+00
   8.9510000e+04   3.1982422e+01
   3.2312000e+05   3.7780762e+01
   5.7546800e+05   5.8898926e+01
   1.0537180e+06   3.4545898e+01
   1.4460970e+06   4.8278809e+01
   1.5256890e+06   4.9438477e+01
   1.8882350e+06   4.2114258e+01
   1.8885880e+06   3.1372070e+01
   2.2745280e+06   6.2438965e+01
   2.3200920e+06   6.1523437e+01
   2.3210120e+06   5.0292969e+01
   2.3285350e+06   6.2805176e+01
   2.6553360e+06   5.7861328e+01
   2.6565230e+06   5.4260254e+01
   2.8340150e+06   6.1584473e+01
   2.8914680e+06   5.4443359e+01
   2.8920940e+06   5.0720215e+01
   3.0388350e+06   6.3110352e+01
   3.0389830e+06   4.0710449e+01
   3.1215630e+06   6.0791016e+01
   3.2730070e+06   5.0231934e+01
   3.4513700e+06   5.8532715e+01
   3.4515090e+06   5.0598145e+01
   3.4558430e+06   4.9499512e+01
   3.4560310e+06   5.2429199e+01
   3.4573170e+06   5.0170898e+01
   3.4574340e+06   3.7658691e+01
   3.4586610e+06   4.4555664e+01
   3.4598950e+06   4.8767090e+01
   3.4846410e+06   4.7607422e+01
   3.6137550e+06   5.2001953e+01
   3.6702600e+06   5.6457520e+01
   3.6737470e+06   4.8217773e+01
   3.6785130e+06   5.4870605e+01
   3.8804960e+06   5.2062988e+01
   3.8872830e+06   4.7912598e+01
   3.8874590e+06   4.2480469e+01
   4.0271410e+06   5.7312012e+01
   4.0868010e+06   4.9804688e+01
   4.0887250e+06   6.1157227e+01
   4.0901420e+06   5.2307129e+01
   4.0902910e+06   3.6376953e+01
   4.0925590e+06   4.9133301e+01
   4.0935360e+06   4.8339844e+01
   4.1177840e+06   4.9438477e+01
   4.1218460e+06   5.2001953e+01
   4.1248570e+06   4.9743652e+01
   4.1250170e+06   4.3334961e+01
   4.3374010e+06   4.8400879e+01
   4.3430960e+06   5.0903320e+01
   4.3463490e+06   5.5419922e+01
   4.3682520e+06   4.8645020e+01
   4.3684330e+06   4.6020508e+01
   4.4080880e+06   4.9438477e+01
   4.4813260e+06   4.0771484e+01
   4.4815540e+06   2.8076172e+01
   4.4827890e+06   2.4475098e+01
   4.5786490e+06   4.7912598e+01
   4.7975050e+06   5.1757813e+01
   4.8757950e+06   5.5053711e+01
   5.2003910e+06   4.9072266e+01
   5.2107600e+06   5.4016113e+01
   5.2110280e+06   3.4729004e+01
   5.2179190e+06   4.9133301e+01
   5.2181100e+06   5.1025391e+01
   5.2185700e+06   4.4799805e+01
   5.2202110e+06   5.2368164e+01
   5.2203600e+06   3.2775879e+01
   5.2217040e+06   4.0649414e+01
   5.2542840e+06   5.2001953e+01
   5.2612930e+06   5.1452637e+01
   5.2615500e+06   4.3151855e+01
   5.2618300e+06   4.6691895e+01
   5.2632330e+06   4.4067383e+01
   5.2633620e+06   3.3203125e+01
   5.2662730e+06   3.6315918e+01
   5.2664100e+06   3.8452148e+01
   5.2675840e+06   4.4616699e+01
   5.5258080e+06   5.8044434e+01
   5.8766320e+06   5.7373047e+01
