   5.9980000e+06   0.0000000e+00
   3.5490000e+03   2.5573730e+01
   1.5457000e+04   2.9907227e+01
   1.9916000e+04   2.7893066e+01
   2.4171000e+04   2.9418945e+01
   4.0572000e+04   2.8442383e+01
   6.7744000e+04   2.5695801e+01
   6.8869000e+04   2.5390625e+01
   9.4713000e+04   2.8503418e+01
   9.7988000e+04   2.5024414e+01
   1.0649400e+05   2.7038574e+01
   1.1311000e+05   2.5878906e+01
   1.3358600e+05   3.0700684e+01
   1.3656600e+05   2.7526855e+01
   1.3950300e+05   2.5329590e+01
   1.5088600e+05   2.6977539e+01
   1.8384800e+05   3.0761719e+01
   1.9247900e+05   2.6733398e+01
   1.9411800e+05   2.6916504e+01
   1.9946400e+05   2.5817871e+01
   2.0979200e+05   2.9785156e+01
   2.1443100e+05   2.5268555e+01
   2.2222100e+05   2.6306152e+01
   2.3334900e+05   2.5207520e+01
   2.3601600e+05   2.7343750e+01
   2.3683200e+05   2.7160645e+01
   2.6687500e+05   2.5817871e+01
   2.7810000e+05   3.2409668e+01
   2.8008000e+05   2.6550293e+01
   3.2214200e+05   2.9418945e+01
   3.3831300e+05   2.5878906e+01
   3.5429100e+05   3.1555176e+01
   3.7356100e+05   2.5695801e+01
   4.0634600e+05   2.6672363e+01
   4.0673300e+05   2.8381348e+01
   4.1882600e+05   2.7465820e+01
   4.2793500e+05   2.5146484e+01
   4.3759600e+05   2.6611328e+01
   4.3792700e+05   2.5024414e+01
   4.6786800e+05   2.7282715e+01
   4.7414700e+05   2.5146484e+01
   5.0852200e+05   3.1188965e+01
   5.4603800e+05   2.9663086e+01
   5.6625200e+05   3.0395508e+01
   5.8322600e+05   2.5634766e+01
   5.9444000e+05   2.5573730e+01
   5.9925000e+05   2.5085449e+01
   6.0436300e+05   2.5756836e+01
   6.2536000e+05   3.0578613e+01
   6.3043800e+05   2.8686523e+01
   6.5533700e+05   2.5024414e+01
   6.6917400e+05   2.6000977e+01
   6.7038600e+05   3.1494141e+01
   6.7799700e+05   2.5207520e+01
   6.9210600e+05   2.8015137e+01
   7.0531900e+05   2.7709961e+01
   7.3184400e+05   2.6733398e+01
   7.4111200e+05   2.6000977e+01
   7.4658200e+05   2.5817871e+01
   7.5459600e+05   2.5329590e+01
   7.5791700e+05   3.2043457e+01
   8.0389100e+05   3.0212402e+01
   8.2587500e+05   3.1982422e+01
   8.2952200e+05   2.5390625e+01
   8.4139200e+05   2.5024414e+01
   8.4262700e+05   2.5451660e+01
   8.5062100e+05   3.3386230e+01
   8.7564300e+05   2.5146484e+01
   8.8141400e+05   2.7160645e+01
   8.8679600e+05   3.0212402e+01
   8.9219700e+05   2.6245117e+01
   9.0670100e+05   3.0273438e+01
   9.4426900e+05   2.6367188e+01
   9.5759900e+05   2.9602051e+01
   9.6163000e+05   2.6428223e+01
   9.7922000e+05   2.6000977e+01
   9.8576400e+05   2.6672363e+01
   9.9925600e+05   2.5451660e+01
   1.0142320e+06   2.5085449e+01
   1.0425500e+06   2.6000977e+01
   1.0502370e+06   3.0029297e+01
   1.0519570e+06   2.5939941e+01
   1.0597610e+06   2.7404785e+01
   1.0619530e+06   3.2470703e+01
   1.0671120e+06   2.7465820e+01
   1.0915960e+06   2.5939941e+01
   1.1024210e+06   2.6367188e+01
   1.1351150e+06   2.5634766e+01
   1.1592740e+06   2.6550293e+01
   1.1621010e+06   2.5268555e+01
   1.1641920e+06   2.7282715e+01
   1.1797090e+06   2.5817871e+01
   1.1905740e+06   2.5146484e+01
   1.2027190e+06   2.8747559e+01
   1.2028750e+06   2.7343750e+01
   1.2220650e+06   2.7954102e+01
   1.2462250e+06   2.8076172e+01
   1.2490740e+06   2.8930664e+01
   1.2548780e+06   2.8015137e+01
   1.2712030e+06   3.0883789e+01
   1.2912790e+06   2.5451660e+01
   1.3014390e+06   2.5085449e+01
   1.3111000e+06   3.3386230e+01
   1.3159550e+06   2.8442383e+01
   1.3181070e+06   2.6794434e+01
   1.3185920e+06   2.5146484e+01
   1.3403630e+06   2.7221680e+01
   1.3505920e+06   2.9602051e+01
   1.3631410e+06   2.6794434e+01
   1.3756110e+06   2.8442383e+01
   1.3831140e+06   2.6977539e+01
   1.3866260e+06   2.9968262e+01
   1.4066810e+06   2.5207520e+01
   1.4121550e+06   2.8381348e+01
   1.4134590e+06   3.1799316e+01
   1.4194930e+06   2.7343750e+01
   1.4222350e+06   2.5756836e+01
   1.4316390e+06   2.9418945e+01
   1.4485340e+06   3.0456543e+01
   1.4594540e+06   2.5085449e+01
   1.4702350e+06   2.6977539e+01
   1.4935570e+06   2.6245117e+01
   1.5129930e+06   3.4118652e+01
   1.5567170e+06   2.7282715e+01
   1.5672540e+06   2.5878906e+01
   1.5766340e+06   4.1442871e+01
   1.5832630e+06   2.5573730e+01
   1.5887080e+06   2.6367188e+01
   1.6056020e+06   3.4851074e+01
   1.6152550e+06   2.7770996e+01
   1.6210780e+06   2.6489258e+01
   1.6586930e+06   2.5878906e+01
   1.6591870e+06   3.1860352e+01
   1.6879920e+06   2.5939941e+01
   1.7157440e+06   3.4240723e+01
   1.7203540e+06   2.7282715e+01
   1.7237550e+06   2.5695801e+01
   1.7338270e+06   2.5146484e+01
   1.7387820e+06   2.6550293e+01
   1.7427360e+06   2.7526855e+01
   1.7510570e+06   2.8503418e+01
   1.7601810e+06   2.6000977e+01
   1.7794190e+06   2.6794434e+01
   1.7867540e+06   2.5939941e+01
   1.7975200e+06   2.6611328e+01
   1.8055390e+06   2.9113770e+01
   1.8175440e+06   2.5024414e+01
   1.8358220e+06   2.5268555e+01
   1.8602170e+06   2.9602051e+01
   1.8634380e+06   2.6367188e+01
   1.8682180e+06   2.7954102e+01
   1.8782330e+06   2.5756836e+01
   1.8868740e+06   3.2531738e+01
   1.9001530e+06   2.6550293e+01
   1.9401190e+06   2.7221680e+01
   1.9731760e+06   2.6794434e+01
   1.9732470e+06   3.0273438e+01
   1.9882480e+06   2.6428223e+01
   1.9941690e+06   3.2653809e+01
   2.0186870e+06   2.7832031e+01
   2.0451530e+06   2.7038574e+01
   2.0698080e+06   2.6977539e+01
   2.1149030e+06   2.5390625e+01
   2.1372590e+06   2.7465820e+01
   2.1502050e+06   2.6916504e+01
   2.1515860e+06   3.1066895e+01
   2.1827380e+06   2.7404785e+01
   2.1869520e+06   2.8686523e+01
   2.1995550e+06   2.5573730e+01
   2.2099580e+06   2.5268555e+01
   2.2170260e+06   3.0944824e+01
   2.2458030e+06   2.6123047e+01
   2.2773670e+06   2.6550293e+01
   2.2872570e+06   3.1738281e+01
   2.3056380e+06   3.0517578e+01
   2.3408830e+06   2.5756836e+01
   2.3673890e+06   2.6794434e+01
   2.3675560e+06   2.5268555e+01
   2.3745620e+06   3.4240723e+01
   2.3928450e+06   2.6184082e+01
   2.4584040e+06   2.8442383e+01
   2.4644090e+06   2.6794434e+01
   2.4825860e+06   2.5878906e+01
   2.4959850e+06   2.8686523e+01
   2.5170770e+06   2.6855469e+01
   2.5812410e+06   2.5634766e+01
   2.5866110e+06   2.6672363e+01
   2.5890510e+06   2.7587891e+01
   2.5968950e+06   2.5939941e+01
   2.5991520e+06   3.4729004e+01
   2.5994240e+06   2.5146484e+01
   2.6097190e+06   2.6306152e+01
   2.6266940e+06   2.5756836e+01
   2.6398560e+06   3.0639648e+01
   2.6738950e+06   2.8869629e+01
   2.7128250e+06   2.8198242e+01
   2.7169280e+06   2.6855469e+01
   2.7325700e+06   2.6123047e+01
   2.7451330e+06   2.8686523e+01
   2.7656940e+06   3.3813477e+01
   2.8339440e+06   2.5634766e+01
   2.8869120e+06   2.6062012e+01
   2.9122370e+06   3.2226563e+01
   2.9374150e+06   2.7526855e+01
   2.9622360e+06   2.5756836e+01
   2.9654950e+06   3.3691406e+01
   2.9658360e+06   2.5878906e+01
   2.9905820e+06   2.5634766e+01
   3.0175950e+06   2.6123047e+01
   3.0665760e+06   2.7038574e+01
   3.0770490e+06   2.7282715e+01
   3.0877550e+06   2.6184082e+01
   3.1055710e+06   2.6245117e+01
   3.1451650e+06   2.5207520e+01
   3.2096970e+06   2.8137207e+01
   3.2170400e+06   2.5085449e+01
   3.2834110e+06   2.7038574e+01
   3.2900350e+06   2.6245117e+01
   3.3210610e+06   2.5573730e+01
   3.3581050e+06   2.6489258e+01
   3.5632040e+06   2.5329590e+01
   3.6905050e+06   2.8259277e+01
   3.7809040e+06   2.8381348e+01
   4.2895890e+06   2.5024414e+01
   4.8190130e+06   2.9785156e+01
