   5.9980000e+06   0.0000000e+00
   1.5020000e+03   3.4423828e+01
   3.2800000e+03   2.6428223e+01
   8.3780000e+03   3.7048340e+01
   1.2857000e+04   4.1687012e+01
   1.7715000e+04   3.3020020e+01
   2.0722000e+04   3.0944824e+01
   2.1519000e+04   3.2775879e+01
   2.4905000e+04   3.5400391e+01
   2.7947000e+04   3.6071777e+01
   3.2856000e+04   3.7658691e+01
   3.6823000e+04   2.6855469e+01
   3.9450000e+04   3.2836914e+01
   4.0582000e+04   2.9541016e+01
   4.1392000e+04   2.5512695e+01
   4.3494000e+04   3.0334473e+01
   4.5333000e+04   3.2043457e+01
   4.9400000e+04   3.2043457e+01
   5.3430000e+04   3.3081055e+01
   5.5260000e+04   2.4658203e+01
   6.2027000e+04   3.8146973e+01
   6.2337000e+04   2.4658203e+01
   6.5393000e+04   3.1677246e+01
   6.9050000e+04   3.4179688e+01
   7.0203000e+04   3.5278320e+01
   7.5256000e+04   4.1992187e+01
   7.9439000e+04   3.8024902e+01
   7.9977000e+04   2.5695801e+01
   8.3625000e+04   3.1250000e+01
   8.4951000e+04   3.0212402e+01
   8.8297000e+04   3.6987305e+01
   9.2709000e+04   3.7231445e+01
   9.7831000e+04   4.0527344e+01
   1.0186300e+05   3.9001465e+01
   1.0679400e+05   3.6621094e+01
   1.1051200e+05   3.4851074e+01
   1.1188200e+05   3.6499023e+01
   1.1607800e+05   3.4423828e+01
   1.1748100e+05   3.5522461e+01
   1.1926900e+05   3.0761719e+01
   1.2373300e+05   3.0090332e+01
   1.2482500e+05   3.2836914e+01
   1.3126700e+05   3.3325195e+01
   1.3301800e+05   2.5878906e+01
   1.3796400e+05   3.3508301e+01
   1.4188600e+05   3.0883789e+01
   1.4423100e+05   2.6794434e+01
   1.4727200e+05   2.7099609e+01
   1.5158800e+05   3.6560059e+01
   1.5191600e+05   2.6855469e+01
   1.5575700e+05   3.6193848e+01
   1.5861300e+05   3.3264160e+01
   1.6397600e+05   3.2409668e+01
   1.6541400e+05   2.5085449e+01
   1.6850800e+05   3.7353516e+01
   1.7269700e+05   3.4667969e+01
   1.7379300e+05   2.7465820e+01
   1.7924900e+05   3.7536621e+01
   1.8069000e+05   3.1982422e+01
   1.8411000e+05   3.1921387e+01
   1.8620200e+05   3.0456543e+01
   1.9179900e+05   3.2531738e+01
   1.9464300e+05   3.3874512e+01
   1.9826700e+05   3.4484863e+01
   1.9935800e+05   2.5024414e+01
   2.0386100e+05   3.5217285e+01
   2.0747100e+05   3.1982422e+01
   2.1219200e+05   2.5390625e+01
   2.1283100e+05   3.8330078e+01
   2.1518500e+05   2.9113770e+01
   2.1768600e+05   3.0944824e+01
   2.2331700e+05   3.2958984e+01
   2.2654400e+05   3.4973145e+01
   2.2695000e+05   3.0395508e+01
   2.3120900e+05   3.8330078e+01
   2.3306900e+05   3.6193848e+01
   2.3714400e+05   3.5095215e+01
   2.3917900e+05   3.1372070e+01
   2.4392300e+05   3.6804199e+01
   2.4413100e+05   2.8076172e+01
   2.4739200e+05   3.1494141e+01
   2.5149900e+05   3.8391113e+01
   2.5426500e+05   2.5756836e+01
   2.5526500e+05   2.4536133e+01
   2.5976300e+05   3.3386230e+01
   2.6086000e+05   3.5156250e+01
   2.6681800e+05   4.1687012e+01
   2.7202900e+05   4.7729492e+01
   2.7762900e+05   4.8034668e+01
   2.7864900e+05   3.8757324e+01
   2.8177800e+05   3.6499023e+01
   2.8285000e+05   2.6916504e+01
   2.8643300e+05   3.7780762e+01
   2.8948500e+05   3.6926270e+01
   2.9370300e+05   3.3020020e+01
   2.9727300e+05   3.8085938e+01
   3.0168400e+05   3.4057617e+01
   3.0399400e+05   2.6245117e+01
   3.0542700e+05   3.2470703e+01
   3.0716200e+05   3.1127930e+01
   3.0753200e+05   2.6611328e+01
   3.1255800e+05   3.7841797e+01
   3.1391300e+05   2.9296875e+01
   3.1737700e+05   4.1503906e+01
   3.1926300e+05   2.8381348e+01
   3.2200400e+05   3.3630371e+01
   3.2329000e+05   3.1982422e+01
   3.2762900e+05   3.5400391e+01
   3.2840900e+05   2.4719238e+01
   3.3234100e+05   2.8259277e+01
   3.3527800e+05   3.4545898e+01
   3.3799100e+05   3.2043457e+01
   3.4007800e+05   3.2714844e+01
   3.4378900e+05   3.3325195e+01
   3.4477300e+05   3.3508301e+01
   3.4878700e+05   3.5827637e+01
   3.5624300e+05   4.1687012e+01
   3.5719900e+05   3.1372070e+01
   3.6178500e+05   3.2409668e+01
   3.6763600e+05   3.5461426e+01
   3.6858000e+05   2.7404785e+01
   3.7421600e+05   2.9846191e+01
   3.7830100e+05   3.7414551e+01
   3.7914600e+05   3.4057617e+01
   3.8118300e+05   3.5644531e+01
   3.8797800e+05   3.6010742e+01
   3.9304500e+05   3.5888672e+01
   3.9809400e+05   4.1748047e+01
   4.0170200e+05   3.3264160e+01
   4.0420500e+05   2.7038574e+01
   4.0859800e+05   3.9550781e+01
   4.1401800e+05   3.9978027e+01
   4.1452300e+05   2.7893066e+01
   4.2003800e+05   3.8269043e+01
   4.2462100e+05   3.6132813e+01
   4.2563800e+05   3.5156250e+01
   4.2602200e+05   2.6733398e+01
   4.3149900e+05   3.7841797e+01
   4.3495400e+05   3.5400391e+01
   4.3830900e+05   3.3813477e+01
   4.4251300e+05   3.6499023e+01
   4.4740100e+05   3.5217285e+01
   4.5187700e+05   3.7658691e+01
   4.5265500e+05   3.0517578e+01
   4.5315700e+05   2.5939941e+01
   4.5773600e+05   3.2775879e+01
   4.6125600e+05   3.8574219e+01
   4.6486000e+05   3.6926270e+01
   4.7069000e+05   4.0039063e+01
   4.7296800e+05   3.3142090e+01
   4.7447000e+05   3.7780762e+01
   4.7972200e+05   4.0344238e+01
   4.8057700e+05   2.5329590e+01
   4.8533000e+05   3.6499023e+01
   4.9049400e+05   3.7780762e+01
   4.9226100e+05   3.1494141e+01
   4.9754600e+05   3.5705566e+01
   5.0040600e+05   3.4423828e+01
   5.0094500e+05   2.6123047e+01
   5.0487800e+05   3.4851074e+01
   5.0672100e+05   3.4606934e+01
   5.0975600e+05   3.9428711e+01
   5.1309200e+05   4.3701172e+01
   5.1360600e+05   2.6855469e+01
   5.1443100e+05   3.6376953e+01
   5.2011400e+05   3.4240723e+01
   5.2054300e+05   2.6367188e+01
   5.2473600e+05   3.5156250e+01
   5.2963300e+05   4.3029785e+01
   5.3555500e+05   3.5888672e+01
   5.3598900e+05   3.3264160e+01
   5.3934300e+05   3.2836914e+01
   5.4005900e+05   2.6794434e+01
   5.4450400e+05   3.0944824e+01
   5.4470800e+05   2.7160645e+01
   5.4991000e+05   3.6743164e+01
   5.5671300e+05   3.6804199e+01
   5.5879400e+05   2.9724121e+01
   5.6466000e+05   3.7292480e+01
   5.6518900e+05   2.8747559e+01
   5.6949700e+05   3.7658691e+01
   5.7310600e+05   3.7719727e+01
   5.7638100e+05   3.6926270e+01
   5.7887000e+05   3.7048340e+01
   5.8367000e+05   2.9479980e+01
   5.8975100e+05   3.5217285e+01
   5.9405900e+05   3.5888672e+01
   5.9897100e+05   3.4973145e+01
   5.9931200e+05   2.7587891e+01
   6.0365300e+05   4.2663574e+01
   6.0387600e+05   2.5817871e+01
   6.0533900e+05   3.8146973e+01
   6.0606400e+05   2.6184082e+01
   6.1050200e+05   3.6499023e+01
   6.1441800e+05   3.7292480e+01
   6.1998700e+05   3.8818359e+01
   6.2037600e+05   2.9479980e+01
   6.2398100e+05   3.4851074e+01
   6.2997900e+05   3.3020020e+01
   6.3019300e+05   2.8076172e+01
   6.3147500e+05   3.3142090e+01
   6.3559500e+05   4.0527344e+01
   6.3815700e+05   3.9367676e+01
   6.4560800e+05   3.6132813e+01
   6.4652700e+05   2.5390625e+01
   6.5081700e+05   3.6132813e+01
   6.5565400e+05   3.9611816e+01
   6.5977000e+05   3.8452148e+01
   6.6010700e+05   3.3325195e+01
   6.6425000e+05   3.2775879e+01
   6.6830200e+05   3.6499023e+01
   6.6884400e+05   2.6184082e+01
   6.7411800e+05   3.3630371e+01
   6.7585600e+05   3.2226563e+01
   6.7903900e+05   3.1188965e+01
   6.8791200e+05   3.8391113e+01
   6.8814800e+05   2.6855469e+01
   6.9121200e+05   3.5156250e+01
   6.9474100e+05   3.9794922e+01
   7.0008800e+05   3.9367676e+01
   7.0321700e+05   3.6315918e+01
   7.0351000e+05   2.4902344e+01
   7.0810500e+05   3.3630371e+01
   7.1275100e+05   3.8024902e+01
   7.1439700e+05   3.9306641e+01
   7.1669800e+05   3.5705566e+01
   7.1889100e+05   4.1564941e+01
   7.2007200e+05   2.9113770e+01
   7.2147600e+05   3.1127930e+01
   7.2240500e+05   2.4414063e+01
   7.2805500e+05   4.6813965e+01
   7.3516700e+05   4.2846680e+01
   7.3636300e+05   3.2409668e+01
   7.4163800e+05   3.4301758e+01
   7.4838300e+05   4.5837402e+01
   7.5013200e+05   3.2043457e+01
   7.5703400e+05   4.0954590e+01
   7.5735000e+05   2.5695801e+01
   7.6253000e+05   3.3996582e+01
   7.6926900e+05   3.6743164e+01
   7.7380700e+05   4.4311523e+01
   7.7770900e+05   3.5522461e+01
   7.8064400e+05   3.3569336e+01
   7.8677900e+05   3.4667969e+01
   7.9214700e+05   3.6376953e+01
   7.9247000e+05   2.4597168e+01
   7.9620700e+05   3.9123535e+01
   8.0189600e+05   3.7780762e+01
   8.0361500e+05   2.7343750e+01
   8.0854700e+05   3.9550781e+01
   8.1336300e+05   3.8330078e+01
   8.1825300e+05   3.1127930e+01
   8.1876100e+05   3.5949707e+01
   8.2418700e+05   3.5522461e+01
   8.2481000e+05   3.3447266e+01
   8.2525800e+05   2.8808594e+01
   8.2981200e+05   3.1433105e+01
   8.3434500e+05   3.6132813e+01
   8.3615500e+05   2.8320313e+01
   8.3714100e+05   2.5268555e+01
   8.4359900e+05   3.4851074e+01
   8.4479300e+05   2.5817871e+01
   8.5045800e+05   3.6743164e+01
   8.5619200e+05   4.4067383e+01
   8.6124100e+05   3.6193848e+01
   8.6176900e+05   2.7099609e+01
   8.6614900e+05   3.7597656e+01
   8.7037900e+05   3.3264160e+01
   8.7542700e+05   4.1687012e+01
   8.7651000e+05   2.8381348e+01
   8.7729600e+05   2.8503418e+01
   8.8450600e+05   3.7658691e+01
   8.8910800e+05   3.5461426e+01
   8.8941500e+05   2.7099609e+01
   8.9444700e+05   4.2358398e+01
   8.9634400e+05   3.2104492e+01
   9.0095800e+05   3.6437988e+01
   9.0186100e+05   2.7404785e+01
   9.0854800e+05   4.2907715e+01
   9.0889200e+05   2.8198242e+01
   9.1190800e+05   3.4729004e+01
   9.1798000e+05   3.1799316e+01
   9.2013200e+05   3.1188965e+01
   9.2064500e+05   2.5207520e+01
   9.2251800e+05   3.1005859e+01
   9.2984900e+05   3.2043457e+01
   9.3419800e+05   3.6071777e+01
   9.3999000e+05   3.8696289e+01
   9.4125600e+05   3.1982422e+01
   9.4181600e+05   2.5695801e+01
   9.4877800e+05   3.9245605e+01
   9.5444900e+05   3.6437988e+01
   9.5733700e+05   4.1381836e+01
   9.5790800e+05   2.6550293e+01
   9.6221400e+05   3.6254883e+01
   9.6559500e+05   3.6804199e+01
   9.7192200e+05   3.5888672e+01
   9.7398600e+05   3.7414551e+01
   9.7457300e+05   3.1921387e+01
   9.7974700e+05   3.4545898e+01
   9.8385700e+05   3.9855957e+01
   9.8872500e+05   3.8269043e+01
   9.9241600e+05   3.1311035e+01
   9.9938300e+05   4.4311523e+01
   1.0002730e+06   3.1860352e+01
   1.0017790e+06   2.7099609e+01
   1.0093070e+06   4.1625977e+01
   1.0100800e+06   2.6489258e+01
   1.0158660e+06   3.8879395e+01
   1.0216160e+06   3.5095215e+01
   1.0219590e+06   2.8320313e+01
   1.0268760e+06   4.1259766e+01
   1.0334510e+06   4.0527344e+01
   1.0344990e+06   3.4118652e+01
   1.0399010e+06   3.7231445e+01
   1.0454360e+06   3.3630371e+01
   1.0463580e+06   2.8076172e+01
   1.0519140e+06   3.9672852e+01
   1.0521950e+06   2.7038574e+01
   1.0562650e+06   4.4372559e+01
   1.0625710e+06   3.8269043e+01
   1.0674080e+06   4.0100098e+01
   1.0687940e+06   3.4301758e+01
   1.0746300e+06   4.3395996e+01
   1.0755040e+06   3.3508301e+01
   1.0800820e+06   4.1564941e+01
   1.0805080e+06   2.7587891e+01
   1.0851150e+06   3.8818359e+01
   1.0861410e+06   2.8625488e+01
   1.0921600e+06   4.5104980e+01
   1.0974600e+06   3.8208008e+01
   1.1013940e+06   3.3691406e+01
   1.1068710e+06   3.7353516e+01
   1.1078530e+06   3.2592773e+01
   1.1153320e+06   4.0771484e+01
   1.1200420e+06   3.8940430e+01
   1.1237950e+06   3.4484863e+01
   1.1278190e+06   3.6499023e+01
   1.1328640e+06   4.3029785e+01
   1.1380080e+06   3.7231445e+01
   1.1382410e+06   2.6733398e+01
   1.1453330e+06   4.4311523e+01
   1.1456190e+06   2.4475098e+01
   1.1462560e+06   2.6550293e+01
   1.1474200e+06   3.1921387e+01
   1.1484500e+06   3.2531738e+01
   1.1490420e+06   3.1127930e+01
   1.1557210e+06   3.7170410e+01
   1.1560170e+06   2.7343750e+01
   1.1573440e+06   4.0771484e+01
   1.1600290e+06   3.7231445e+01
   1.1652020e+06   3.6010742e+01
   1.1659770e+06   2.9785156e+01
   1.1698080e+06   3.8391113e+01
   1.1749890e+06   3.9489746e+01
   1.1796140e+06   3.4057617e+01
   1.1806700e+06   3.1982422e+01
   1.1853120e+06   3.7414551e+01
   1.1855500e+06   2.8564453e+01
   1.1863620e+06   3.2531738e+01
   1.1929080e+06   4.4616699e+01
   1.1942590e+06   3.2043457e+01
   1.1992900e+06   3.3447266e+01
   1.1997540e+06   2.7587891e+01
   1.2006700e+06   2.5634766e+01
   1.2045060e+06   4.1687012e+01
   1.2088260e+06   3.8452148e+01
   1.2151460e+06   3.8024902e+01
   1.2182130e+06   3.8269043e+01
   1.2232820e+06   3.5278320e+01
   1.2234420e+06   2.4719238e+01
   1.2273560e+06   4.8339844e+01
   1.2341000e+06   4.1320801e+01
   1.2382030e+06   4.0832520e+01
   1.2440160e+06   3.1921387e+01
   1.2479790e+06   2.9907227e+01
   1.2481930e+06   2.4658203e+01
   1.2510440e+06   3.0883789e+01
   1.2513940e+06   3.4790039e+01
   1.2566160e+06   3.8024902e+01
   1.2570290e+06   3.1982422e+01
   1.2600250e+06   2.9541016e+01
   1.2602720e+06   2.7709961e+01
   1.2637070e+06   2.9785156e+01
   1.2689100e+06   3.9916992e+01
   1.2694710e+06   3.0883789e+01
   1.2743230e+06   4.2541504e+01
   1.2747590e+06   2.6000977e+01
   1.2762760e+06   2.5878906e+01
   1.2827110e+06   3.6071777e+01
   1.2871650e+06   3.9489746e+01
   1.2919700e+06   3.6315918e+01
   1.2928330e+06   3.1005859e+01
   1.2970780e+06   3.6621094e+01
   1.2985390e+06   4.1503906e+01
   1.3038600e+06   3.4790039e+01
   1.3084550e+06   3.8269043e+01
   1.3129390e+06   3.4606934e+01
   1.3193520e+06   3.2531738e+01
   1.3222140e+06   3.1921387e+01
   1.3254570e+06   3.3996582e+01
   1.3263760e+06   2.6245117e+01
   1.3305810e+06   3.4545898e+01
   1.3314690e+06   3.1616211e+01
   1.3371840e+06   3.7963867e+01
   1.3436200e+06   4.2297363e+01
   1.3442750e+06   3.0212402e+01
   1.3503560e+06   3.8635254e+01
   1.3548460e+06   3.6254883e+01
   1.3594510e+06   3.6621094e+01
   1.3598240e+06   3.1250000e+01
   1.3639820e+06   3.4606934e+01
   1.3703860e+06   3.7292480e+01
   1.3762440e+06   4.2968750e+01
   1.3834900e+06   3.8146973e+01
   1.3846270e+06   3.3142090e+01
   1.3912310e+06   3.9978027e+01
   1.3914840e+06   3.4240723e+01
   1.3960570e+06   3.9916992e+01
   1.3999620e+06   3.8085938e+01
   1.4074460e+06   4.3518066e+01
   1.4125550e+06   4.4250488e+01
   1.4181140e+06   3.3996582e+01
   1.4238970e+06   4.2724609e+01
   1.4304940e+06   3.7292480e+01
   1.4306740e+06   2.4475098e+01
   1.4364480e+06   4.1259766e+01
   1.4369910e+06   4.0710449e+01
   1.4374380e+06   2.5390625e+01
   1.4409930e+06   3.8452148e+01
   1.4418330e+06   3.1372070e+01
   1.4454900e+06   3.5400391e+01
   1.4465930e+06   3.0883789e+01
   1.4490830e+06   3.8208008e+01
   1.4539340e+06   3.0151367e+01
   1.4581880e+06   3.9794922e+01
   1.4584350e+06   2.7648926e+01
   1.4592640e+06   3.3508301e+01
   1.4654880e+06   3.7475586e+01
   1.4692270e+06   3.1433105e+01
   1.4738070e+06   3.9184570e+01
   1.4780990e+06   3.9916992e+01
   1.4835050e+06   4.6203613e+01
   1.4843170e+06   3.0761719e+01
   1.4902130e+06   3.7414551e+01
   1.4950260e+06   3.5400391e+01
   1.5011110e+06   3.3813477e+01
   1.5020950e+06   2.9113770e+01
   1.5032670e+06   3.2531738e+01
   1.5041430e+06   3.4729004e+01
   1.5088630e+06   3.2165527e+01
   1.5136770e+06   4.3457031e+01
   1.5183570e+06   4.7607422e+01
   1.5197360e+06   3.7536621e+01
   1.5259190e+06   3.7597656e+01
   1.5261080e+06   2.5817871e+01
   1.5332000e+06   3.8146973e+01
   1.5335780e+06   3.4179688e+01
   1.5375130e+06   4.1076660e+01
   1.5433630e+06   4.0649414e+01
   1.5439040e+06   3.3935547e+01
   1.5502090e+06   3.9672852e+01
   1.5543710e+06   4.5959473e+01
   1.5554720e+06   3.1799316e+01
   1.5613040e+06   3.7780762e+01
   1.5623060e+06   3.6132813e+01
   1.5628910e+06   2.8808594e+01
   1.5680270e+06   3.9550781e+01
   1.5687890e+06   2.6855469e+01
   1.5725490e+06   3.6682129e+01
   1.5728580e+06   2.9296875e+01
   1.5773410e+06   3.8574219e+01
   1.5799510e+06   4.0527344e+01
   1.5806490e+06   2.7587891e+01
   1.5854210e+06   3.7292480e+01
   1.5903020e+06   3.5949707e+01
   1.5906680e+06   2.6672363e+01
   1.5961720e+06   3.5766602e+01
   1.5964970e+06   2.7099609e+01
   1.5993700e+06   3.9489746e+01
   1.5998680e+06   2.5939941e+01
   1.6020330e+06   3.4362793e+01
   1.6071060e+06   4.1198730e+01
   1.6117540e+06   4.2480469e+01
   1.6162580e+06   3.9978027e+01
   1.6172760e+06   2.9052734e+01
   1.6228020e+06   3.5278320e+01
   1.6286340e+06   3.8269043e+01
   1.6294150e+06   2.7221680e+01
   1.6346720e+06   4.4616699e+01
   1.6391610e+06   4.0283203e+01
   1.6439560e+06   3.9001465e+01
   1.6441750e+06   2.7465820e+01
   1.6482600e+06   4.4799805e+01
   1.6530920e+06   3.7170410e+01
   1.6579670e+06   4.0771484e+01
   1.6588880e+06   3.2897949e+01
   1.6637580e+06   3.7475586e+01
   1.6641630e+06   2.7038574e+01
   1.6698420e+06   3.6621094e+01
   1.6703170e+06   2.9907227e+01
   1.6726030e+06   4.4189453e+01
   1.6744920e+06   3.6193848e+01
   1.6819100e+06   4.0527344e+01
   1.6885600e+06   4.1015625e+01
   1.6938030e+06   3.8574219e+01
   1.6992230e+06   4.8645020e+01
   1.6995780e+06   2.5878906e+01
   1.7053440e+06   4.4677734e+01
   1.7097330e+06   3.3630371e+01
   1.7100750e+06   3.2104492e+01
   1.7156150e+06   4.1198730e+01
   1.7162570e+06   3.5461426e+01
   1.7207330e+06   3.8818359e+01
   1.7275190e+06   3.8696289e+01
   1.7323710e+06   4.0710449e+01
   1.7354750e+06   4.1748047e+01
   1.7413620e+06   3.8330078e+01
   1.7415200e+06   2.4841309e+01
   1.7424040e+06   3.7231445e+01
   1.7486590e+06   3.9245605e+01
   1.7528300e+06   3.1677246e+01
   1.7531980e+06   2.4841309e+01
   1.7585740e+06   3.6987305e+01
   1.7659450e+06   3.7536621e+01
   1.7665960e+06   3.2958984e+01
   1.7670060e+06   3.1250000e+01
   1.7716700e+06   3.7902832e+01
   1.7728840e+06   2.8625488e+01
   1.7786240e+06   3.5217285e+01
   1.7789760e+06   2.8747559e+01
   1.7856990e+06   4.6447754e+01
   1.7858430e+06   2.4902344e+01
   1.7917570e+06   4.1748047e+01
   1.7981430e+06   3.4667969e+01
   1.7988360e+06   2.7893066e+01
   1.8044080e+06   3.5888672e+01
   1.8092870e+06   5.0048828e+01
   1.8094820e+06   3.0578613e+01
   1.8103310e+06   3.4606934e+01
   1.8160140e+06   3.7902832e+01
   1.8174510e+06   2.5207520e+01
   1.8249300e+06   4.7607422e+01
   1.8251800e+06   3.2348633e+01
   1.8255990e+06   2.9541016e+01
   1.8321570e+06   4.1442871e+01
   1.8387130e+06   4.2358398e+01
   1.8454280e+06   3.9916992e+01
   1.8524490e+06   4.0283203e+01
   1.8530720e+06   3.1372070e+01
   1.8584960e+06   4.0771484e+01
   1.8642400e+06   3.8757324e+01
   1.8644690e+06   2.7587891e+01
   1.8705870e+06   4.0100098e+01
   1.8708880e+06   2.5939941e+01
   1.8764120e+06   3.6071777e+01
   1.8768130e+06   3.7719727e+01
   1.8816760e+06   3.8635254e+01
   1.8829910e+06   2.8686523e+01
   1.8883910e+06   3.8085938e+01
   1.8926920e+06   4.1015625e+01
   1.8950340e+06   3.6315918e+01
   1.9011670e+06   3.6682129e+01
   1.9034140e+06   3.9489746e+01
   1.9110650e+06   3.6499023e+01
   1.9112150e+06   2.6916504e+01
   1.9159110e+06   3.6743164e+01
   1.9213120e+06   4.4311523e+01
   1.9228290e+06   3.1799316e+01
   1.9271480e+06   3.5217285e+01
   1.9280260e+06   3.2958984e+01
   1.9335620e+06   3.9184570e+01
   1.9417530e+06   4.0832520e+01
   1.9439390e+06   3.3813477e+01
   1.9441470e+06   2.6611328e+01
   1.9502580e+06   4.3212891e+01
   1.9505180e+06   3.4545898e+01
   1.9536410e+06   4.3579102e+01
   1.9593820e+06   3.9123535e+01
   1.9595790e+06   2.5878906e+01
   1.9634910e+06   3.5827637e+01
   1.9698510e+06   4.3395996e+01
   1.9712090e+06   3.3630371e+01
   1.9751300e+06   3.7414551e+01
   1.9784960e+06   3.3020020e+01
   1.9788250e+06   2.8381348e+01
   1.9808010e+06   3.3569336e+01
   1.9862370e+06   4.2541504e+01
   1.9912700e+06   4.2236328e+01
   1.9915050e+06   2.7526855e+01
   1.9957700e+06   4.0283203e+01
   1.9961810e+06   3.4667969e+01
   2.0013330e+06   4.1381836e+01
   2.0024340e+06   4.0283203e+01
   2.0097010e+06   4.4067383e+01
   2.0151980e+06   4.1748047e+01
   2.0206470e+06   3.5827637e+01
   2.0208300e+06   2.5024414e+01
   2.0253840e+06   4.0222168e+01
   2.0299670e+06   3.9001465e+01
   2.0353550e+06   3.8391113e+01
   2.0366770e+06   2.6062012e+01
   2.0397080e+06   3.3569336e+01
   2.0455620e+06   3.0639648e+01
   2.0497040e+06   4.1442871e+01
   2.0546950e+06   3.5095215e+01
   2.0549030e+06   2.6855469e+01
   2.0586150e+06   3.4606934e+01
   2.0589790e+06   2.4963379e+01
   2.0627210e+06   4.5227051e+01
   2.0630860e+06   2.9052734e+01
   2.0685000e+06   3.6560059e+01
   2.0687900e+06   2.8442383e+01
   2.0758540e+06   4.2114258e+01
   2.0770180e+06   2.9602051e+01
   2.0815400e+06   3.8635254e+01
   2.0817300e+06   2.8320313e+01
   2.0843710e+06   3.7902832e+01
   2.0850410e+06   3.0334473e+01
   2.0922250e+06   3.3447266e+01
   2.0924240e+06   2.5695801e+01
   2.0931570e+06   3.0273438e+01
   2.0978710e+06   3.8269043e+01
   2.0988640e+06   3.5888672e+01
   2.1025460e+06   4.3273926e+01
   2.1070500e+06   4.8156738e+01
   2.1080930e+06   3.6743164e+01
   2.1126720e+06   4.0710449e+01
   2.1128930e+06   2.4414063e+01
   2.1189170e+06   4.6081543e+01
   2.1241130e+06   4.6386719e+01
   2.1294970e+06   4.3518066e+01
   2.1297880e+06   2.4963379e+01
   2.1307670e+06   2.5024414e+01
   2.1377280e+06   4.4555664e+01
   2.1384770e+06   3.0029297e+01
   2.1420510e+06   3.1616211e+01
   2.1463110e+06   4.0527344e+01
   2.1517120e+06   4.0344238e+01
   2.1537620e+06   4.3518066e+01
   2.1605860e+06   3.9978027e+01
   2.1686700e+06   3.7719727e+01
   2.1689650e+06   2.8564453e+01
   2.1754510e+06   4.5104980e+01
   2.1756340e+06   2.4536133e+01
   2.1813880e+06   3.9428711e+01
   2.1822490e+06   3.3447266e+01
   2.1866590e+06   4.4067383e+01
   2.1911040e+06   3.8391113e+01
   2.1914300e+06   3.1127930e+01
   2.1934480e+06   2.4841309e+01
   2.1974080e+06   4.1198730e+01
   2.2050620e+06   3.7292480e+01
   2.2056480e+06   2.8381348e+01
   2.2117910e+06   4.9011230e+01
   2.2120740e+06   3.3813477e+01
   2.2160690e+06   4.5715332e+01
   2.2209910e+06   4.4982910e+01
   2.2211650e+06   2.7160645e+01
   2.2220390e+06   3.1982422e+01
   2.2276800e+06   4.4372559e+01
   2.2336820e+06   4.3579102e+01
   2.2338220e+06   2.4902344e+01
   2.2386430e+06   4.1870117e+01
   2.2428290e+06   4.4555664e+01
   2.2437690e+06   2.8076172e+01
   2.2488830e+06   3.6193848e+01
   2.2492800e+06   3.0517578e+01
   2.2543720e+06   4.2053223e+01
   2.2558520e+06   3.6437988e+01
   2.2612390e+06   4.2175293e+01
   2.2676110e+06   3.4484863e+01
   2.2701470e+06   4.1687012e+01
   2.2758560e+06   3.3508301e+01
   2.2820000e+06   4.4677734e+01
   2.2825360e+06   3.4362793e+01
   2.2860830e+06   4.4128418e+01
   2.2872200e+06   3.0212402e+01
   2.2919700e+06   3.9306641e+01
   2.2927690e+06   3.6193848e+01
   2.3007510e+06   4.0466309e+01
   2.3071540e+06   4.3151855e+01
   2.3102420e+06   3.9733887e+01
   2.3154420e+06   4.6508789e+01
   2.3156790e+06   2.6733398e+01
   2.3187470e+06   3.6987305e+01
   2.3242730e+06   4.8095703e+01
   2.3250320e+06   3.9978027e+01
   2.3317820e+06   4.5104980e+01
   2.3319890e+06   3.2470703e+01
   2.3377720e+06   3.8940430e+01
   2.3380350e+06   3.5156250e+01
   2.3389990e+06   2.9846191e+01
   2.3405430e+06   3.0700684e+01
   2.3409300e+06   2.5146484e+01
   2.3473190e+06   4.0771484e+01
   2.3543270e+06   3.8513184e+01
   2.3601840e+06   4.0405273e+01
   2.3622860e+06   3.5278320e+01
   2.3629570e+06   3.8696289e+01
   2.3697790e+06   4.7546387e+01
   2.3711680e+06   2.9968262e+01
   2.3730090e+06   3.1127930e+01
   2.3775940e+06   4.3945312e+01
   2.3821230e+06   4.4189453e+01
   2.3829120e+06   3.0273438e+01
   2.3888660e+06   4.1320801e+01
   2.3927920e+06   4.2785645e+01
   2.3929880e+06   2.5695801e+01
   2.3980820e+06   3.7841797e+01
   2.3982640e+06   2.6367188e+01
   2.4031530e+06   4.2602539e+01
   2.4039210e+06   3.8574219e+01
   2.4044090e+06   2.7465820e+01
   2.4065450e+06   3.1616211e+01
   2.4073450e+06   3.4484863e+01
   2.4149610e+06   4.1625977e+01
   2.4186270e+06   4.2114258e+01
   2.4254990e+06   4.2236328e+01
   2.4257700e+06   3.1311035e+01
   2.4332580e+06   4.7119141e+01
   2.4334090e+06   2.5390625e+01
   2.4337300e+06   3.1860352e+01
   2.4390350e+06   4.3823242e+01
   2.4466630e+06   4.4860840e+01
   2.4475110e+06   4.1442871e+01
   2.4478940e+06   2.5146484e+01
   2.4524330e+06   2.4414063e+01
   2.4546760e+06   4.8400879e+01
   2.4585520e+06   4.4372559e+01
   2.4588050e+06   3.2226563e+01
   2.4630910e+06   3.8940430e+01
   2.4647700e+06   3.8879395e+01
   2.4693240e+06   4.1748047e+01
   2.4694960e+06   2.5268555e+01
   2.4747680e+06   4.3212891e+01
   2.4750020e+06   2.7954102e+01
   2.4795720e+06   5.1696777e+01
   2.4798140e+06   2.8808594e+01
   2.4846380e+06   4.0161133e+01
   2.4848710e+06   3.1555176e+01
   2.4887260e+06   4.1564941e+01
   2.4936590e+06   4.2297363e+01
   2.4938370e+06   2.8930664e+01
   2.5014810e+06   4.2419434e+01
   2.5017830e+06   3.1433105e+01
   2.5075490e+06   4.5410156e+01
   2.5079470e+06   2.9357910e+01
   2.5124080e+06   4.1931152e+01
   2.5134820e+06   3.5583496e+01
   2.5139520e+06   2.5695801e+01
   2.5211460e+06   3.9001465e+01
   2.5213020e+06   2.5390625e+01
   2.5221060e+06   3.3020020e+01
   2.5237120e+06   2.4536133e+01
   2.5281030e+06   3.5278320e+01
   2.5284310e+06   3.4484863e+01
   2.5334140e+06   4.1198730e+01
   2.5336940e+06   2.5817871e+01
   2.5400350e+06   3.8452148e+01
   2.5402320e+06   2.8076172e+01
   2.5467540e+06   3.8940430e+01
   2.5469120e+06   2.4597168e+01
   2.5473980e+06   2.7587891e+01
   2.5517900e+06   4.4799805e+01
   2.5577660e+06   4.1137695e+01
   2.5585160e+06   2.8564453e+01
   2.5649670e+06   5.0720215e+01
   2.5652070e+06   3.1616211e+01
   2.5700890e+06   3.7231445e+01
   2.5737780e+06   4.3457031e+01
   2.5814630e+06   4.7912598e+01
   2.5816180e+06   2.5024414e+01
   2.5828930e+06   4.2663574e+01
   2.5882250e+06   4.3518066e+01
   2.5888170e+06   3.3752441e+01
   2.5892230e+06   2.4780273e+01
   2.5954150e+06   3.7109375e+01
   2.6000720e+06   4.0588379e+01
   2.6005460e+06   2.9846191e+01
   2.6055170e+06   3.7658691e+01
   2.6076780e+06   2.4475098e+01
   2.6121490e+06   4.8034668e+01
   2.6125790e+06   3.7536621e+01
   2.6136390e+06   3.1433105e+01
   2.6201530e+06   4.5532227e+01
   2.6254650e+06   3.8024902e+01
   2.6295030e+06   4.2236328e+01
   2.6302630e+06   3.4301758e+01
   2.6366030e+06   4.4128418e+01
   2.6422440e+06   3.5522461e+01
   2.6424700e+06   2.5817871e+01
   2.6464440e+06   4.0161133e+01
   2.6467740e+06   2.6733398e+01
   2.6520110e+06   4.3945313e+01
   2.6527710e+06   3.2592773e+01
   2.6578340e+06   3.7536621e+01
   2.6585830e+06   3.0334473e+01
   2.6646850e+06   3.9306641e+01
   2.6718080e+06   4.6997070e+01
   2.6741360e+06   4.3090820e+01
   2.6802840e+06   3.5583496e+01
   2.6806270e+06   3.6071777e+01
   2.6813600e+06   2.5817871e+01
   2.6877490e+06   4.1259766e+01
   2.6925850e+06   3.9733887e+01
   2.6965120e+06   3.7109375e+01
   2.6968270e+06   2.8198242e+01
   2.7011030e+06   4.0161133e+01
   2.7064620e+06   4.2785645e+01
   2.7112200e+06   2.5451660e+01
   2.7130810e+06   4.4860840e+01
   2.7136230e+06   3.0883789e+01
   2.7158890e+06   3.9916992e+01
   2.7179160e+06   4.3518066e+01
   2.7237590e+06   4.6752930e+01
   2.7240240e+06   3.2958984e+01
   2.7287300e+06   4.0405273e+01
   2.7288910e+06   2.7954102e+01
   2.7330980e+06   4.3334961e+01
   2.7333360e+06   2.6733398e+01
   2.7382120e+06   3.6621094e+01
   2.7422710e+06   3.9306641e+01
   2.7471420e+06   3.3386230e+01
   2.7473580e+06   2.6306152e+01
   2.7522350e+06   3.1616211e+01
   2.7525690e+06   2.7526855e+01
   2.7530510e+06   2.7648926e+01
   2.7557260e+06   4.0649414e+01
   2.7617660e+06   4.1625977e+01
   2.7638580e+06   3.4179688e+01
   2.7693000e+06   3.6987305e+01
   2.7695530e+06   2.7160645e+01
   2.7744830e+06   4.2114258e+01
   2.7766720e+06   4.4677734e+01
   2.7813450e+06   3.4790039e+01
   2.7861860e+06   3.5766602e+01
   2.7911910e+06   3.8330078e+01
   2.7914410e+06   3.4240723e+01
   2.7963500e+06   4.4555664e+01
   2.7975350e+06   3.7536621e+01
   2.7986200e+06   3.2348633e+01
   2.8015280e+06   4.4799805e+01
   2.8066470e+06   4.7180176e+01
   2.8097110e+06   4.0283203e+01
   2.8099060e+06   2.5146484e+01
   2.8157970e+06   4.5043945e+01
   2.8175450e+06   4.0771484e+01
   2.8226080e+06   3.6071777e+01
   2.8293250e+06   4.3334961e+01
   2.8295100e+06   2.6672363e+01
   2.8348740e+06   4.3457031e+01
   2.8425820e+06   4.6081543e+01
   2.8427520e+06   2.5390625e+01
   2.8479160e+06   4.7973633e+01
   2.8536090e+06   4.1259766e+01
   2.8541750e+06   3.2958984e+01
   2.8600400e+06   3.6804199e+01
   2.8607310e+06   2.4475098e+01
   2.8659230e+06   4.5043945e+01
   2.8673740e+06   3.3447266e+01
   2.8748760e+06   4.6752930e+01
   2.8754230e+06   3.0090332e+01
   2.8766500e+06   2.7160645e+01
   2.8769050e+06   2.5390625e+01
   2.8845150e+06   4.5593262e+01
   2.8850620e+06   3.3813477e+01
   2.8858730e+06   2.7099609e+01
   2.8948020e+06   4.1442871e+01
   2.8949630e+06   2.6672363e+01
   2.9017800e+06   4.1992187e+01
   2.9023500e+06   3.0151367e+01
   2.9087490e+06   3.8879395e+01
   2.9149580e+06   4.0344238e+01
   2.9155090e+06   3.4790039e+01
   2.9217520e+06   4.1503906e+01
   2.9279490e+06   4.1320801e+01
   2.9320590e+06   3.1860352e+01
   2.9357520e+06   3.8146973e+01
   2.9404380e+06   4.1748047e+01
   2.9469070e+06   4.1687012e+01
   2.9470830e+06   3.0395508e+01
   2.9505110e+06   3.5644531e+01
   2.9580780e+06   4.4677734e+01
   2.9588840e+06   3.0151367e+01
   2.9653250e+06   4.0649414e+01
   2.9655300e+06   2.7404785e+01
   2.9690960e+06   4.6081543e+01
   2.9696170e+06   2.5207520e+01
   2.9726450e+06   4.1015625e+01
   2.9809660e+06   4.7729492e+01
   2.9868470e+06   3.9611816e+01
   2.9871240e+06   3.1738281e+01
   2.9925960e+06   4.5227051e+01
   2.9928360e+06   2.6245117e+01
   3.0060900e+06   3.9489746e+01
   3.0063070e+06   3.5278320e+01
   3.0070860e+06   3.7414551e+01
   3.0142050e+06   4.1564941e+01
   3.0143710e+06   2.8625488e+01
   3.0199680e+06   5.1879883e+01
   3.0204060e+06   2.7526855e+01
   3.0212680e+06   3.0883789e+01
   3.0288410e+06   4.7668457e+01
   3.0294460e+06   3.6560059e+01
   3.0299980e+06   2.5512695e+01
   3.0371780e+06   4.5837402e+01
   3.0373290e+06   2.4963379e+01
   3.0433180e+06   4.0710449e+01
   3.0500130e+06   4.5776367e+01
   3.0569440e+06   4.4372559e+01
   3.0645530e+06   4.6691895e+01
   3.0648610e+06   3.9062500e+01
   3.0709570e+06   4.4433594e+01
   3.0714670e+06   2.6733398e+01
   3.0781100e+06   4.3640137e+01
   3.0870030e+06   4.0466309e+01
   3.0873490e+06   2.4414063e+01
   3.0878070e+06   2.9174805e+01
   3.0983390e+06   4.9926758e+01
   3.0984920e+06   2.8991699e+01
   3.0987660e+06   2.7282715e+01
   3.0993480e+06   3.0029297e+01
   3.1086590e+06   4.1687012e+01
   3.1088160e+06   2.8198242e+01
   3.1094580e+06   3.1250000e+01
   3.1172050e+06   5.0598145e+01
   3.1173860e+06   2.8320313e+01
   3.1217100e+06   4.4738770e+01
   3.1218820e+06   2.5939941e+01
   3.1297320e+06   4.0588379e+01
   3.1298630e+06   2.6062012e+01
   3.1302050e+06   2.7099609e+01
   3.1307450e+06   2.4902344e+01
   3.1391960e+06   4.0527344e+01
   3.1393490e+06   2.5695801e+01
   3.1396260e+06   3.0517578e+01
   3.1402540e+06   3.4362793e+01
   3.1513500e+06   4.4555664e+01
   3.1514640e+06   3.1677246e+01
   3.1517990e+06   3.3203125e+01
   3.1583820e+06   4.4372559e+01
   3.1585790e+06   3.3813477e+01
   3.1652160e+06   4.7241211e+01
   3.1653750e+06   2.4475098e+01
   3.1659530e+06   3.4423828e+01
   3.1696540e+06   3.8208008e+01
   3.1746460e+06   4.1809082e+01
   3.1748390e+06   3.5705566e+01
   3.1755160e+06   3.1433105e+01
   3.1857180e+06   4.6325684e+01
   3.1859290e+06   2.9541016e+01
   3.1864390e+06   2.7526855e+01
   3.1928370e+06   4.7668457e+01
   3.1934880e+06   3.0639648e+01
   3.2023620e+06   4.5349121e+01
   3.2068610e+06   4.1381836e+01
   3.2070740e+06   3.1433105e+01
   3.2143500e+06   5.0964355e+01
   3.2145390e+06   3.2165527e+01
   3.2148640e+06   2.9907227e+01
   3.2205320e+06   4.0954590e+01
   3.2206490e+06   2.5451660e+01
   3.2210460e+06   3.0029297e+01
   3.2215400e+06   3.0273438e+01
   3.2318570e+06   4.2907715e+01
   3.2320280e+06   2.6794434e+01
   3.2322960e+06   2.7526855e+01
   3.2390800e+06   4.2419434e+01
   3.2398650e+06   3.8940430e+01
   3.2464120e+06   4.2785645e+01
   3.2466250e+06   3.9184570e+01
   3.2469320e+06   2.8381348e+01
   3.2473650e+06   3.0761719e+01
   3.2553020e+06   4.3334961e+01
   3.2555560e+06   3.5583496e+01
   3.2566270e+06   3.0578613e+01
   3.2704670e+06   4.7729492e+01
   3.2705990e+06   2.7160645e+01
   3.2711970e+06   2.6306152e+01
   3.2791580e+06   4.7119141e+01
   3.2794180e+06   3.6987305e+01
   3.2877820e+06   4.2968750e+01
   3.2879630e+06   2.5573730e+01
   3.2887960e+06   3.5339355e+01
   3.2940480e+06   4.5776367e+01
   3.3012120e+06   4.1503906e+01
   3.3022920e+06   4.7546387e+01
   3.3027560e+06   3.4240723e+01
   3.3037220e+06   3.2897949e+01
   3.3112220e+06   5.1696777e+01
   3.3114340e+06   3.5339355e+01
   3.3187060e+06   4.4616699e+01
   3.3188620e+06   3.0883789e+01
   3.3192100e+06   3.1066895e+01
   3.3299690e+06   4.4311523e+01
   3.3300900e+06   2.7282715e+01
   3.3397400e+06   4.8461914e+01
   3.3405790e+06   3.7353516e+01
   3.3411170e+06   2.5939941e+01
   3.3495250e+06   4.8217773e+01
   3.3497240e+06   2.7099609e+01
   3.3578890e+06   3.9428711e+01
   3.3677340e+06   4.8156738e+01
   3.3679030e+06   2.7282715e+01
   3.3681630e+06   2.5573730e+01
   3.3773660e+06   4.8583984e+01
   3.3774790e+06   2.5573730e+01
   3.3780010e+06   3.6621094e+01
   3.3881360e+06   4.3151855e+01
   3.3883290e+06   3.2958984e+01
   3.3947090e+06   4.5959473e+01
   3.4000980e+06   4.1625977e+01
   3.4003420e+06   3.5705566e+01
   3.4006140e+06   2.8564453e+01
   3.4014160e+06   3.3996582e+01
   3.4018060e+06   3.3020020e+01
   3.4127140e+06   4.4067383e+01
   3.4128380e+06   2.6000977e+01
   3.4135680e+06   3.5217285e+01
   3.4203370e+06   4.5898438e+01
   3.4204980e+06   2.9235840e+01
   3.4322710e+06   4.5349121e+01
   3.4324660e+06   2.6245117e+01
   3.4398030e+06   5.0537109e+01
   3.4399320e+06   2.9968262e+01
   3.4402650e+06   3.4362793e+01
   3.4499030e+06   4.1381836e+01
   3.4501980e+06   3.0944824e+01
   3.4508260e+06   3.9489746e+01
   3.4616080e+06   4.8400879e+01
   3.4617720e+06   3.5522461e+01
   3.4624080e+06   3.7658691e+01
   3.4696980e+06   5.0598145e+01
   3.4744760e+06   4.1198730e+01
   3.4746790e+06   2.8625488e+01
   3.4828130e+06   4.5104980e+01
   3.4830210e+06   3.8208008e+01
   3.4897320e+06   4.6386719e+01
   3.4899230e+06   3.6682129e+01
   3.4955520e+06   4.0283203e+01
   3.4957780e+06   2.7465820e+01
   3.5033800e+06   5.7678223e+01
   3.5035140e+06   3.0151367e+01
   3.5037190e+06   3.6987305e+01
   3.5125740e+06   4.3823242e+01
   3.5205750e+06   4.4128418e+01
   3.5212590e+06   3.7109375e+01
   3.5281680e+06   3.8513184e+01
   3.5282900e+06   2.9174805e+01
   3.5292890e+06   3.9794922e+01
   3.5383690e+06   4.4982910e+01
   3.5384840e+06   2.8686523e+01
   3.5388160e+06   3.1188965e+01
   3.5465550e+06   3.8757324e+01
   3.5467200e+06   3.3325195e+01
   3.5532600e+06   4.8889160e+01
   3.5533980e+06   2.5634766e+01
   3.5540460e+06   3.3752441e+01
   3.5546790e+06   3.1738281e+01
   3.5631410e+06   4.5776367e+01
   3.5633890e+06   2.8503418e+01
   3.5640780e+06   3.0212402e+01
   3.5645420e+06   3.0883789e+01
   3.5717350e+06   4.0710449e+01
   3.5719340e+06   2.6245117e+01
   3.5815370e+06   4.1870117e+01
   3.5817600e+06   3.3813477e+01
   3.5819950e+06   2.8320313e+01
   3.5904800e+06   4.1870117e+01
   3.5906870e+06   3.5522461e+01
   3.6012310e+06   4.6020508e+01
   3.6013510e+06   2.5756836e+01
   3.6017540e+06   3.6376953e+01
   3.6114830e+06   4.2724609e+01
   3.6118700e+06   2.5024414e+01
   3.6198610e+06   4.5410156e+01
   3.6199900e+06   2.9968262e+01
   3.6267460e+06   4.5593262e+01
   3.6382480e+06   4.9377441e+01
   3.6384300e+06   3.3630371e+01
   3.6388820e+06   2.7282715e+01
   3.6487110e+06   4.2236328e+01
   3.6488430e+06   2.6855469e+01
   3.6500060e+06   3.7963867e+01
   3.6565120e+06   4.5959473e+01
   3.6566630e+06   2.8930664e+01
   3.6570360e+06   2.9418945e+01
   3.6660520e+06   4.7241211e+01
   3.6662380e+06   3.3752441e+01
   3.6705020e+06   4.0344238e+01
   3.6706710e+06   2.8076172e+01
   3.6714560e+06   2.5512695e+01
   3.6821280e+06   4.1870117e+01
   3.6822970e+06   3.1860352e+01
   3.6828150e+06   2.8381348e+01
   3.6911450e+06   4.4433594e+01
   3.6913140e+06   3.1494141e+01
   3.6995390e+06   4.8339844e+01
   3.6997120e+06   3.1005859e+01
   3.7062000e+06   5.2001953e+01
   3.7065880e+06   3.0334473e+01
   3.7130800e+06   4.3212891e+01
   3.7132770e+06   3.5400391e+01
   3.7135110e+06   2.4780273e+01
   3.7140660e+06   3.0395508e+01
   3.7232540e+06   4.9011230e+01
   3.7233970e+06   2.7160645e+01
   3.7292230e+06   5.0781250e+01
   3.7294060e+06   2.8808594e+01
   3.7387550e+06   4.8034668e+01
   3.7392720e+06   3.3386230e+01
   3.7473420e+06   4.6997070e+01
   3.7474840e+06   2.7343750e+01
   3.7477890e+06   3.3447266e+01
   3.7488080e+06   3.8085938e+01
   3.7547970e+06   4.3762207e+01
   3.7549120e+06   2.5451660e+01
   3.7608980e+06   4.0405273e+01
   3.7611010e+06   3.2836914e+01
   3.7701960e+06   4.4250488e+01
   3.7703750e+06   2.6306152e+01
   3.7762910e+06   4.4799805e+01
   3.7764060e+06   2.5573730e+01
   3.7821800e+06   4.8034668e+01
   3.7920410e+06   5.0720215e+01
   3.7921860e+06   2.7343750e+01
   3.7972360e+06   4.9072266e+01
   3.7974500e+06   3.1616211e+01
   3.7979700e+06   3.8940430e+01
   3.8047670e+06   5.4870605e+01
   3.8049550e+06   3.1921387e+01
   3.8122430e+06   4.3090820e+01
   3.8124150e+06   2.6916504e+01
   3.8127500e+06   3.6010742e+01
   3.8138260e+06   2.8991699e+01
   3.8243940e+06   4.7302246e+01
   3.8249720e+06   3.8940430e+01
   3.8329980e+06   4.8950195e+01
   3.8423830e+06   4.8278809e+01
   3.8425080e+06   2.8564453e+01
   3.8522760e+06   4.6691895e+01
   3.8525210e+06   3.0578613e+01
   3.8589810e+06   4.3823242e+01
   3.8594060e+06   3.4790039e+01
   3.8641100e+06   4.6203613e+01
   3.8643370e+06   3.5400391e+01
   3.8649530e+06   3.0334473e+01
   3.8736520e+06   4.1381836e+01
   3.8737850e+06   2.6000977e+01
   3.8809070e+06   3.9916992e+01
   3.8810940e+06   2.9541016e+01
   3.8877020e+06   4.2663574e+01
   3.8878960e+06   3.2409668e+01
   3.8933470e+06   4.7485352e+01
   3.8999640e+06   4.2419434e+01
   3.9012190e+06   4.1870117e+01
   3.9097290e+06   4.8278809e+01
   3.9098720e+06   2.4902344e+01
   3.9102600e+06   3.5888672e+01
   3.9204400e+06   4.4372559e+01
   3.9206160e+06   2.8137207e+01
   3.9208950e+06   2.8198242e+01
   3.9285280e+06   5.4687500e+01
   3.9286780e+06   3.4423828e+01
   3.9349860e+06   5.1147461e+01
   3.9351470e+06   2.9357910e+01
   3.9354680e+06   2.7770996e+01
   3.9452830e+06   4.8156738e+01
   3.9456110e+06   3.4362793e+01
   3.9528990e+06   4.3334961e+01
   3.9530530e+06   2.7526855e+01
   3.9600080e+06   4.5227051e+01
   3.9601460e+06   2.5634766e+01
   3.9605390e+06   3.0822754e+01
   3.9685610e+06   4.5043945e+01
   3.9689980e+06   3.7780762e+01
   3.9760900e+06   4.6691895e+01
   3.9762240e+06   3.6621094e+01
   3.9768690e+06   3.1677246e+01
   3.9838100e+06   4.7119141e+01
   3.9839760e+06   2.6550293e+01
   3.9896690e+06   4.3334961e+01
   4.0001350e+06   4.3273926e+01
   4.0002510e+06   2.4475098e+01
   4.0091780e+06   4.5837402e+01
   4.0093400e+06   3.0883789e+01
   4.0097800e+06   3.2348633e+01
   4.0199790e+06   3.9306641e+01
   4.0200980e+06   2.6367188e+01
   4.0207330e+06   3.6804199e+01
   4.0300240e+06   4.6508789e+01
   4.0301880e+06   2.5329590e+01
   4.0304520e+06   2.9663086e+01
   4.0359630e+06   5.2368164e+01
   4.0367300e+06   3.7719727e+01
   4.0449570e+06   4.3945313e+01
   4.0451350e+06   2.8747559e+01
   4.0483750e+06   4.0710449e+01
   4.0485300e+06   2.6367188e+01
   4.0554070e+06   4.2297363e+01
   4.0560250e+06   3.5644531e+01
   4.0628910e+06   4.6020508e+01
   4.0632390e+06   3.5400391e+01
   4.0725260e+06   4.9926758e+01
   4.0796350e+06   4.1625977e+01
   4.0806610e+06   3.5522461e+01
   4.0884790e+06   4.7302246e+01
   4.0886450e+06   2.8564453e+01
   4.0890430e+06   3.1311035e+01
   4.0962030e+06   3.7231445e+01
   4.0963480e+06   2.5939941e+01
   4.1024020e+06   4.5227051e+01
   4.1027180e+06   3.7597656e+01
   4.1088420e+06   4.9438477e+01
   4.1089660e+06   2.4597168e+01
   4.1159740e+06   5.0659180e+01
   4.1161970e+06   2.7099609e+01
   4.1168430e+06   3.3447266e+01
   4.1244080e+06   4.4189453e+01
   4.1245400e+06   2.7770996e+01
   4.1258180e+06   4.3579102e+01
   4.1332110e+06   4.2358398e+01
   4.1335540e+06   3.7841797e+01
   4.1394850e+06   4.4860840e+01
   4.1396140e+06   2.8808594e+01
   4.1402940e+06   3.2714844e+01
   4.1495990e+06   4.4921875e+01
   4.1497420e+06   3.3325195e+01
   4.1500080e+06   2.8198242e+01
   4.1592240e+06   5.0598145e+01
   4.1594430e+06   3.9001465e+01
   4.1597810e+06   3.0700684e+01
   4.1684080e+06   4.5959473e+01
   4.1685540e+06   2.7648926e+01
   4.1688710e+06   3.1677246e+01
   4.1759950e+06   5.0170898e+01
   4.1813090e+06   5.2490234e+01
   4.1815000e+06   2.9541016e+01
   4.1819960e+06   2.7526855e+01
   4.1916290e+06   3.7658691e+01
   4.1917970e+06   3.0700684e+01
   4.2000760e+06   5.1696777e+01
   4.2002600e+06   3.6499023e+01
   4.2006170e+06   3.1311035e+01
   4.2103360e+06   4.3457031e+01
   4.2105390e+06   3.3264160e+01
   4.2108340e+06   3.5034180e+01
   4.2202670e+06   4.0344238e+01
   4.2203860e+06   3.2104492e+01
   4.2292090e+06   5.5236816e+01
   4.2294440e+06   3.7719727e+01
   4.2299660e+06   3.0151367e+01
   4.2377450e+06   5.1879883e+01
   4.2380010e+06   3.9916992e+01
   4.2383260e+06   2.7893066e+01
   4.2449900e+06   5.3161621e+01
   4.2451650e+06   3.0212402e+01
   4.2568910e+06   4.6997070e+01
   4.2570270e+06   2.9663086e+01
   4.2635360e+06   5.5480957e+01
   4.2640580e+06   4.0893555e+01
   4.2642630e+06   2.6733398e+01
   4.2711480e+06   4.1503906e+01
   4.2713150e+06   3.4179688e+01
   4.2789660e+06   4.6081543e+01
   4.2792000e+06   3.8513184e+01
   4.2862970e+06   4.7546387e+01
   4.2864540e+06   3.3569336e+01
   4.2871020e+06   4.2846680e+01
   4.2922080e+06   4.6630859e+01
   4.2993180e+06   4.9255371e+01
   4.2996130e+06   3.3325195e+01
   4.2998240e+06   2.5329590e+01
   4.3118370e+06   4.7424316e+01
   4.3119780e+06   2.6000977e+01
   4.3213430e+06   5.6274414e+01
   4.3215200e+06   3.0761719e+01
   4.3231550e+06   3.6437988e+01
   4.3234600e+06   3.2836914e+01
   4.3324100e+06   4.6997070e+01
   4.3325970e+06   3.2226563e+01
   4.3336240e+06   3.9550781e+01
   4.3458170e+06   4.0832520e+01
   4.3460000e+06   2.8503418e+01
   4.3463680e+06   3.5339355e+01
   4.3553550e+06   4.6630859e+01
   4.3555070e+06   3.3874512e+01
   4.3605960e+06   4.6325684e+01
   4.3613060e+06   4.4006348e+01
   4.3615310e+06   2.4414063e+01
   4.3687110e+06   4.6081543e+01
   4.3689070e+06   3.4179688e+01
   4.3818560e+06   5.5725098e+01
   4.3820380e+06   3.1066895e+01
   4.3900290e+06   4.7302246e+01
   4.3901470e+06   2.6245117e+01
   4.3984990e+06   4.0649414e+01
   4.3986440e+06   2.9235840e+01
   4.4082070e+06   4.8767090e+01
   4.4083530e+06   2.5817871e+01
   4.4090070e+06   3.4973145e+01
   4.4166600e+06   4.8767090e+01
   4.4168300e+06   2.8930664e+01
   4.4173050e+06   3.7414551e+01
   4.4276620e+06   4.6020508e+01
   4.4372740e+06   4.1748047e+01
   4.4373960e+06   2.9479980e+01
   4.4408950e+06   4.5288086e+01
   4.4410550e+06   3.1616211e+01
   4.4419360e+06   3.6926270e+01
   4.4537340e+06   4.1625977e+01
   4.4538670e+06   2.5146484e+01
   4.4544060e+06   4.0954590e+01
   4.4636260e+06   4.1320801e+01
   4.4637640e+06   3.1860352e+01
   4.4676740e+06   4.8461914e+01
   4.4680830e+06   3.3569336e+01
   4.4687120e+06   3.5400391e+01
   4.4777620e+06   4.5715332e+01
   4.4779500e+06   3.2653809e+01
   4.4836920e+06   5.2856445e+01
   4.4838290e+06   2.6123047e+01
   4.4842130e+06   3.2104492e+01
   4.4944630e+06   4.5837402e+01
   4.4946720e+06   3.2287598e+01
   4.5019520e+06   5.2917480e+01
   4.5020710e+06   3.1433105e+01
   4.5023430e+06   2.4841309e+01
   4.5030490e+06   2.8564453e+01
   4.5117300e+06   4.6691895e+01
   4.5120720e+06   3.8085938e+01
   4.5123820e+06   3.3935547e+01
   4.5207000e+06   4.1564941e+01
   4.5208950e+06   3.9489746e+01
   4.5212330e+06   3.0944824e+01
   4.5321760e+06   4.6691895e+01
   4.5323580e+06   3.0761719e+01
   4.5419780e+06   5.3833008e+01
   4.5425550e+06   3.7841797e+01
   4.5479270e+06   4.4616699e+01
   4.5481230e+06   3.4606934e+01
   4.5543620e+06   4.6386719e+01
   4.5545730e+06   3.1372070e+01
   4.5604620e+06   5.1940918e+01
   4.5607830e+06   3.4423828e+01
   4.5612980e+06   3.1250000e+01
   4.5697690e+06   4.4738770e+01
   4.5699000e+06   2.5756836e+01
   4.5778030e+06   4.8339844e+01
   4.5780070e+06   3.1127930e+01
   4.5823010e+06   4.3823242e+01
   4.5824880e+06   3.5766602e+01
   4.5834030e+06   3.7963867e+01
   4.5894560e+06   4.4189453e+01
   4.5896480e+06   3.1127930e+01
   4.5993830e+06   4.4555664e+01
   4.5996240e+06   2.9602051e+01
   4.5998350e+06   2.8198242e+01
   4.6010610e+06   4.1198730e+01
   4.6080370e+06   4.2419434e+01
   4.6081780e+06   3.0090332e+01
   4.6198560e+06   5.0659180e+01
   4.6200130e+06   3.2348633e+01
   4.6202720e+06   3.2592773e+01
   4.6284270e+06   5.1940918e+01
   4.6295310e+06   4.6447754e+01
   4.6298350e+06   3.1677246e+01
   4.6379650e+06   4.8156738e+01
   4.6380920e+06   2.7038574e+01
   4.6383630e+06   3.0090332e+01
   4.6468040e+06   5.0842285e+01
   4.6469320e+06   2.8442383e+01
   4.6555700e+06   4.7912598e+01
   4.6556870e+06   2.5878906e+01
   4.6611160e+06   4.9560547e+01
   4.6614130e+06   3.9123535e+01
   4.6704920e+06   4.9194336e+01
   4.6706520e+06   2.6489258e+01
   4.6785350e+06   4.3701172e+01
   4.6787070e+06   2.6428223e+01
   4.6882270e+06   4.9133301e+01
   4.6883880e+06   2.5512695e+01
   4.6888960e+06   4.0771484e+01
   4.6891310e+06   2.4780273e+01
   4.7016820e+06   4.9011230e+01
   4.7018530e+06   3.6010742e+01
   4.7023330e+06   3.4362793e+01
   4.7105440e+06   4.6813965e+01
   4.7108840e+06   4.0466309e+01
   4.7112030e+06   3.6743164e+01
   4.7243360e+06   4.3029785e+01
   4.7245460e+06   3.6010742e+01
   4.7283620e+06   4.8950195e+01
   4.7285410e+06   3.0517578e+01
   4.7292060e+06   3.5095215e+01
   4.7380610e+06   4.4006348e+01
   4.7382240e+06   3.3874512e+01
   4.7508970e+06   4.7180176e+01
   4.7573610e+06   4.6630859e+01
   4.7575390e+06   3.1860352e+01
   4.7589310e+06   2.4597168e+01
   4.7658420e+06   5.0842285e+01
   4.7661270e+06   3.9794922e+01
   4.7755720e+06   4.3212891e+01
   4.7758030e+06   3.5339355e+01
   4.7769750e+06   4.0344238e+01
   4.7871990e+06   4.9743652e+01
   4.7873350e+06   3.0517578e+01
   4.7880110e+06   4.3334961e+01
   4.7982330e+06   5.1452637e+01
   4.7983870e+06   2.7160645e+01
   4.7996870e+06   4.1076660e+01
   4.7998720e+06   2.9479980e+01
   4.8112670e+06   4.8400879e+01
   4.8114970e+06   3.3935547e+01
   4.8120480e+06   3.6315918e+01
   4.8234820e+06   5.1940918e+01
   4.8236060e+06   2.8503418e+01
   4.8315400e+06   4.5104980e+01
   4.8317360e+06   3.4790039e+01
   4.8387310e+06   4.9682617e+01
   4.8388890e+06   3.3142090e+01
   4.8392820e+06   3.5217285e+01
   4.8473990e+06   4.8339844e+01
   4.8475220e+06   2.7038574e+01
   4.8548050e+06   4.7363281e+01
   4.8549490e+06   2.6367188e+01
   4.8584540e+06   5.0415039e+01
   4.8586620e+06   3.5644531e+01
   4.8663760e+06   4.9072266e+01
   4.8665290e+06   3.4057617e+01
   4.8668990e+06   3.0639648e+01
   4.8768390e+06   4.4616699e+01
   4.8770020e+06   2.7160645e+01
   4.8818150e+06   4.7363281e+01
   4.8820080e+06   2.9907227e+01
   4.8825350e+06   3.7414551e+01
   4.8828780e+06   2.6855469e+01
   4.8905250e+06   4.8034668e+01
   4.8907270e+06   2.8686523e+01
   4.8910590e+06   3.9428711e+01
   4.8990050e+06   4.5043945e+01
   4.8993770e+06   3.4606934e+01
   4.9054800e+06   4.7119141e+01
   4.9056710e+06   3.9367676e+01
   4.9062300e+06   3.4362793e+01
   4.9073060e+06   3.0883789e+01
   4.9166950e+06   4.9499512e+01
   4.9168210e+06   2.9541016e+01
   4.9171120e+06   3.1616211e+01
   4.9235570e+06   4.8828125e+01
   4.9237250e+06   2.4414063e+01
   4.9296040e+06   4.1015625e+01
   4.9298400e+06   2.9479980e+01
   4.9350350e+06   4.4860840e+01
   4.9352050e+06   2.8991699e+01
   4.9424870e+06   4.3701172e+01
   4.9427030e+06   3.4729004e+01
   4.9487160e+06   4.3884277e+01
   4.9488810e+06   2.7770996e+01
   4.9537790e+06   4.7546387e+01
   4.9541410e+06   3.7048340e+01
   4.9645300e+06   4.6386719e+01
   4.9647520e+06   4.0893555e+01
   4.9650220e+06   3.1005859e+01
   4.9783030e+06   4.7241211e+01
   4.9784670e+06   3.0090332e+01
   4.9788300e+06   3.9123535e+01
   4.9919050e+06   5.0048828e+01
   4.9920940e+06   3.0517578e+01
   5.0035590e+06   4.2053223e+01
   5.0037270e+06   3.1616211e+01
   5.0042830e+06   3.8696289e+01
   5.0047600e+06   2.6794434e+01
   5.0123060e+06   4.7912598e+01
   5.0127260e+06   4.1137695e+01
   5.0242080e+06   4.3090820e+01
   5.0244610e+06   3.1311035e+01
   5.0331590e+06   4.4616699e+01
   5.0334510e+06   3.9001465e+01
   5.0426060e+06   4.7058105e+01
   5.0427810e+06   3.0761719e+01
   5.0519610e+06   4.5043945e+01
   5.0521240e+06   3.2104492e+01
   5.0523890e+06   2.7221680e+01
   5.0605630e+06   4.6752930e+01
   5.0607450e+06   2.9174805e+01
   5.0610970e+06   2.8015137e+01
   5.0700510e+06   4.7363281e+01
   5.0702610e+06   3.1738281e+01
   5.0707370e+06   3.4423828e+01
   5.0804010e+06   4.4860840e+01
   5.0805330e+06   2.5207520e+01
   5.0811520e+06   3.5583496e+01
   5.0894530e+06   4.5471191e+01
   5.0896400e+06   2.9113770e+01
   5.0962660e+06   4.5288086e+01
   5.0964520e+06   2.8869629e+01
   5.0969580e+06   3.6071777e+01
   5.1066160e+06   4.1809082e+01
   5.1070310e+06   3.5949707e+01
   5.1075130e+06   3.2226563e+01
   5.1187890e+06   5.0842285e+01
   5.1194780e+06   3.6315918e+01
   5.1288870e+06   5.0048828e+01
   5.1290930e+06   3.1677246e+01
   5.1345940e+06   4.6691895e+01
   5.1347790e+06   2.9418945e+01
   5.1415870e+06   4.5898438e+01
   5.1417330e+06   2.7282715e+01
   5.1488870e+06   4.7546387e+01
   5.1490510e+06   3.1188965e+01
   5.1550160e+06   4.6447754e+01
   5.1551860e+06   3.0883789e+01
   5.1611150e+06   4.0832520e+01
   5.1612540e+06   2.7160645e+01
   5.1616040e+06   3.4851074e+01
   5.1711260e+06   4.9438477e+01
   5.1713210e+06   3.4057617e+01
   5.1795580e+06   4.6386719e+01
   5.1797060e+06   3.1982422e+01
   5.1801410e+06   3.4667969e+01
   5.1805600e+06   2.5695801e+01
   5.1887590e+06   3.9123535e+01
   5.1892770e+06   3.3752441e+01
   5.1895230e+06   3.1250000e+01
   5.1904890e+06   3.6499023e+01
   5.2019720e+06   5.2612305e+01
   5.2071630e+06   2.5146484e+01
   5.2073810e+06   5.7006836e+01
   5.2075380e+06   2.9479980e+01
   5.2078860e+06   2.9296875e+01
   5.2081510e+06   2.9785156e+01
   5.2179120e+06   4.9987793e+01
   5.2180460e+06   2.9968262e+01
   5.2183180e+06   2.9541016e+01
   5.2269280e+06   5.0231934e+01
   5.2271400e+06   3.1921387e+01
   5.2378510e+06   4.9438477e+01
   5.2380510e+06   3.8879395e+01
   5.2436300e+06   4.4372559e+01
   5.2438500e+06   2.9663086e+01
   5.2530020e+06   4.4006348e+01
   5.2531360e+06   2.8625488e+01
   5.2533780e+06   3.8879395e+01
   5.2621660e+06   4.2785645e+01
   5.2623290e+06   3.0578613e+01
   5.2628950e+06   3.4729004e+01
   5.2696420e+06   4.2358398e+01
   5.2698150e+06   3.5949707e+01
   5.2707070e+06   3.4851074e+01
   5.2850420e+06   4.8889160e+01
   5.2852000e+06   3.1738281e+01
   5.2933430e+06   5.1147461e+01
   5.2975500e+06   5.1330566e+01
   5.2977180e+06   3.2775879e+01
   5.3034480e+06   4.7851563e+01
   5.3036060e+06   3.0639648e+01
   5.3041240e+06   3.4729004e+01
   5.3161010e+06   4.0161133e+01
   5.3163080e+06   2.9357910e+01
   5.3209160e+06   4.2297363e+01
   5.3211170e+06   2.8564453e+01
   5.3215230e+06   2.7099609e+01
   5.3349350e+06   5.2490234e+01
   5.3351140e+06   3.5644531e+01
   5.3353640e+06   2.4719238e+01
   5.3440990e+06   4.4006348e+01
   5.3443120e+06   3.0334473e+01
   5.3448200e+06   3.6499023e+01
   5.3502670e+06   4.1198730e+01
   5.3504310e+06   3.6132813e+01
   5.3512030e+06   3.7597656e+01
   5.3517690e+06   2.9663086e+01
   5.3665890e+06   4.8400879e+01
   5.3667900e+06   3.8391113e+01
   5.3673260e+06   4.0771484e+01
   5.3821380e+06   4.4006348e+01
   5.3822680e+06   2.8625488e+01
   5.3828820e+06   3.1127930e+01
   5.3932220e+06   4.4128418e+01
   5.3936360e+06   3.5339355e+01
   5.4018580e+06   4.3640137e+01
   5.4019820e+06   2.9602051e+01
   5.4027290e+06   3.3630371e+01
   5.4123780e+06   5.1879883e+01
   5.4125150e+06   2.9113770e+01
   5.4132120e+06   3.8269043e+01
   5.4235200e+06   5.1574707e+01
   5.4236910e+06   3.1066895e+01
   5.4244770e+06   4.2175293e+01
   5.4318000e+06   4.6875000e+01
   5.4320000e+06   3.9489746e+01
   5.4435340e+06   4.6875000e+01
   5.4436750e+06   3.4118652e+01
   5.4508770e+06   5.7128906e+01
   5.4511820e+06   4.0710449e+01
   5.4515310e+06   3.5583496e+01
   5.4580230e+06   4.4067383e+01
   5.4582430e+06   3.1616211e+01
   5.4587380e+06   3.7841797e+01
   5.4646830e+06   4.4189453e+01
   5.4648330e+06   3.0944824e+01
   5.4649440e+06   2.5390625e+01
   5.4651960e+06   2.6184082e+01
   5.4742390e+06   4.1381836e+01
   5.4744890e+06   4.1931152e+01
   5.4747080e+06   2.6977539e+01
   5.4841360e+06   4.6691895e+01
   5.4842750e+06   2.7770996e+01
   5.4847570e+06   4.1442871e+01
   5.4968180e+06   4.3151855e+01
   5.4970180e+06   3.7658691e+01
   5.5021530e+06   4.4921875e+01
   5.5023400e+06   3.4301758e+01
   5.5165280e+06   4.9316406e+01
   5.5167480e+06   3.6071777e+01
   5.5229290e+06   4.8461914e+01
   5.5230580e+06   3.1799316e+01
   5.5232530e+06   2.6977539e+01
   5.5349080e+06   5.0231934e+01
   5.5350430e+06   2.5085449e+01
   5.5358250e+06   4.2724609e+01
   5.5430650e+06   4.3640137e+01
   5.5431950e+06   2.4536133e+01
   5.5439330e+06   3.6804199e+01
   5.5536020e+06   4.3945313e+01
   5.5537730e+06   3.3630371e+01
   5.5543630e+06   3.0029297e+01
   5.5642920e+06   4.8156738e+01
   5.5644480e+06   3.0151367e+01
   5.5647050e+06   2.9541016e+01
   5.5759460e+06   4.5166016e+01
   5.5760960e+06   3.2043457e+01
   5.5766950e+06   3.5095215e+01
   5.5875040e+06   5.1513672e+01
   5.5876540e+06   2.8259277e+01
   5.6021280e+06   4.3884277e+01
   5.6022600e+06   2.6855469e+01
   5.6026570e+06   2.8869629e+01
   5.6119990e+06   4.4067383e+01
   5.6121600e+06   3.0517578e+01
   5.6256650e+06   4.2907715e+01
   5.6257910e+06   2.7038574e+01
   5.6260490e+06   3.7292480e+01
   5.6378120e+06   4.8095703e+01
   5.6379920e+06   3.3325195e+01
   5.6382260e+06   2.6672363e+01
   5.6453060e+06   4.3334961e+01
   5.6455040e+06   3.7780762e+01
   5.6459520e+06   2.7404785e+01
   5.6539810e+06   4.6569824e+01
   5.6541770e+06   3.8085938e+01
   5.6544840e+06   3.4606934e+01
   5.6688390e+06   4.3457031e+01
   5.6691140e+06   3.9489746e+01
   5.6772750e+06   5.0537109e+01
   5.6774390e+06   3.0639648e+01
   5.6779240e+06   3.5766602e+01
   5.6873270e+06   5.1269531e+01
   5.6874820e+06   3.3325195e+01
   5.6881610e+06   3.9916992e+01
   5.6974420e+06   5.9082031e+01
   5.6976350e+06   3.2348633e+01
   5.6980070e+06   3.1677246e+01
   5.7079720e+06   4.6386719e+01
   5.7081070e+06   2.7832031e+01
   5.7083580e+06   2.5268555e+01
   5.7228590e+06   4.8767090e+01
   5.7230730e+06   3.8513184e+01
   5.7234020e+06   4.1442871e+01
   5.7305790e+06   5.0476074e+01
   5.7402030e+06   4.4738770e+01
   5.7403530e+06   3.3325195e+01
   5.7512050e+06   4.1137695e+01
   5.7514380e+06   3.5217285e+01
   5.7617610e+06   5.0415039e+01
   5.7619780e+06   3.8635254e+01
   5.7816800e+06   5.3222656e+01
   5.7817990e+06   2.8320313e+01
   5.7820340e+06   3.1982422e+01
   5.7826280e+06   2.9174805e+01
   5.7939910e+06   4.7607422e+01
   5.7941520e+06   3.7963867e+01
   5.8039440e+06   4.5654297e+01
   5.8041050e+06   2.8198242e+01
   5.8141960e+06   4.9987793e+01
   5.8143950e+06   3.9184570e+01
   5.8258740e+06   5.0598145e+01
   5.8260250e+06   3.3630371e+01
   5.8263970e+06   3.9001465e+01
   5.8312490e+06   5.0170898e+01
   5.8407580e+06   4.5837402e+01
   5.8409810e+06   3.6987305e+01
   5.8516070e+06   4.7912598e+01
   5.8517700e+06   2.9418945e+01
   5.8578650e+06   4.9438477e+01
   5.8580000e+06   2.5207520e+01
   5.8710300e+06   5.0476074e+01
   5.8711860e+06   3.0517578e+01
   5.8782470e+06   4.0039063e+01
   5.8784080e+06   3.6682129e+01
   5.8788400e+06   3.2043457e+01
   5.8893970e+06   4.9804688e+01
   5.8895810e+06   3.4790039e+01
   5.8991520e+06   4.6691895e+01
   5.8996430e+06   3.6071777e+01
   5.8999470e+06   3.1555176e+01
   5.9079940e+06   4.8828125e+01
   5.9081270e+06   2.6672363e+01
   5.9092850e+06   3.7170410e+01
   5.9217040e+06   4.7180176e+01
   5.9218470e+06   3.1250000e+01
   5.9222410e+06   4.1992188e+01
   5.9225900e+06   3.1494141e+01
   5.9329680e+06   4.8645020e+01
   5.9331780e+06   3.6437988e+01
   5.9335470e+06   3.3447266e+01
   5.9419980e+06   4.6142578e+01
   5.9421440e+06   3.3508301e+01
   5.9506290e+06   4.7912598e+01
   5.9512510e+06   4.1076660e+01
   5.9640120e+06   4.4250488e+01
   5.9641750e+06   3.3264160e+01
   5.9751210e+06   4.6508789e+01
   5.9752700e+06   2.5329590e+01
   5.9754990e+06   2.4536133e+01
   5.9759140e+06   3.6315918e+01
   5.9921440e+06   4.8583984e+01
   5.9924120e+06   3.8940430e+01
   5.9926870e+06   3.1372070e+01
