   5.9980000e+06   0.0000000e+00
   9.2490000e+03   5.3405762e+01
   3.2642000e+04   4.0100098e+01
   7.4202000e+04   4.6386719e+01
   1.1030100e+05   4.0283203e+01
   1.5471000e+05   4.5898438e+01
   2.0988000e+05   3.7475586e+01
   2.3997100e+05   3.9794922e+01
   2.6051300e+05   3.7902832e+01
   2.7443100e+05   4.6142578e+01
   2.8843200e+05   5.3405762e+01
   3.0543000e+05   4.6447754e+01
   3.1352800e+05   3.8024902e+01
   3.3710000e+05   3.9855957e+01
   3.4535100e+05   4.0100098e+01
   3.5259900e+05   4.1137695e+01
   3.5764700e+05   4.1809082e+01
   3.9922800e+05   3.9428711e+01
   4.2330700e+05   3.7902832e+01
   4.4634000e+05   4.3334961e+01
   4.7236300e+05   4.0832520e+01
   4.7762600e+05   4.7607422e+01
   5.2973700e+05   4.1381836e+01
   5.3848000e+05   4.0405273e+01
   5.5306700e+05   4.2846680e+01
   5.5857900e+05   3.8696289e+01
   5.7677300e+05   4.5288086e+01
   5.9276100e+05   4.3640137e+01
   6.1181400e+05   4.4006348e+01
   6.2803100e+05   3.9978027e+01
   6.4667100e+05   4.1503906e+01
   6.7241000e+05   4.9194336e+01
   6.7725100e+05   4.2419434e+01
   6.8990200e+05   3.9001465e+01
   7.0072200e+05   4.4433594e+01
   7.0816700e+05   3.8696289e+01
   7.1026000e+05   3.9978027e+01
   7.4163500e+05   4.2480469e+01
   7.5175300e+05   3.9733887e+01
   7.6326800e+05   3.8085938e+01
   7.6760700e+05   4.0222168e+01
   7.8814600e+05   4.0771484e+01
   8.0434000e+05   4.6875000e+01
   8.1519800e+05   4.3151855e+01
   8.1616200e+05   3.8574219e+01
   8.2777300e+05   4.6142578e+01
   8.3133300e+05   3.7719727e+01
   8.4504100e+05   4.2785645e+01
   8.6325200e+05   5.0476074e+01
   8.7990000e+05   4.0954590e+01
   8.9356000e+05   4.2297363e+01
   9.0212700e+05   4.0527344e+01
   9.1920500e+05   4.1076660e+01
   9.6642300e+05   4.5654297e+01
   9.6796000e+05   3.8208008e+01
   9.8475300e+05   3.8452148e+01
   9.9853800e+05   4.0649414e+01
   1.0157020e+06   3.7658691e+01
   1.0253280e+06   3.9062500e+01
   1.0360710e+06   4.3395996e+01
   1.0411510e+06   3.8574219e+01
   1.0492130e+06   4.8339844e+01
   1.0657440e+06   3.7475586e+01
   1.0666800e+06   3.7780762e+01
   1.0823300e+06   4.0771484e+01
   1.0860710e+06   4.7180176e+01
   1.0969670e+06   4.2724609e+01
   1.1109000e+06   4.3762207e+01
   1.1249270e+06   4.5288086e+01
   1.1442320e+06   3.9672852e+01
   1.1502870e+06   3.8146973e+01
   1.1634070e+06   3.9062500e+01
   1.1969400e+06   3.7780762e+01
   1.2081410e+06   4.2358398e+01
   1.2274020e+06   3.7719727e+01
   1.2276530e+06   4.4250488e+01
   1.2404520e+06   4.1320801e+01
   1.2581980e+06   3.8452148e+01
   1.2702420e+06   4.3518066e+01
   1.3073870e+06   4.7241211e+01
   1.3193290e+06   3.7536621e+01
   1.3249100e+06   4.0954590e+01
   1.3335680e+06   3.7963867e+01
   1.3386970e+06   4.3823242e+01
   1.3686750e+06   4.1625977e+01
   1.3943460e+06   4.6142578e+01
   1.4174910e+06   4.2114258e+01
   1.4297560e+06   3.9733887e+01
   1.4427230e+06   5.1269531e+01
   1.4551260e+06   3.7536621e+01
   1.4588900e+06   4.2297363e+01
   1.4725600e+06   4.0832520e+01
   1.4898530e+06   4.3212891e+01
   1.4939030e+06   3.7902832e+01
   1.5179910e+06   4.0466309e+01
   1.5427000e+06   3.9001465e+01
   1.5567190e+06   3.9245605e+01
   1.5588290e+06   3.9672852e+01
   1.5714770e+06   4.7180176e+01
   1.5871680e+06   4.1564941e+01
   1.5991160e+06   4.6325684e+01
   1.6170320e+06   4.9255371e+01
   1.6336730e+06   4.0893555e+01
   1.6355180e+06   4.2297363e+01
   1.6559690e+06   3.9916992e+01
   1.6745820e+06   4.2053223e+01
   1.6950270e+06   3.8635254e+01
   1.6973710e+06   4.0771484e+01
   1.7220480e+06   3.9306641e+01
   1.7244000e+06   4.4860840e+01
   1.7452000e+06   3.7780762e+01
   1.7742630e+06   3.8757324e+01
   1.7868350e+06   3.9672852e+01
   1.8435350e+06   4.4921875e+01
   1.8501310e+06   4.5166016e+01
   1.8923080e+06   4.4738770e+01
   1.8968270e+06   3.7536621e+01
   1.9137740e+06   3.7780762e+01
   1.9222970e+06   4.6142578e+01
   1.9334240e+06   4.4738770e+01
   1.9613960e+06   4.3029785e+01
   1.9683630e+06   4.1809082e+01
   1.9751540e+06   3.7780762e+01
   1.9914530e+06   3.9672852e+01
   2.0085750e+06   4.3640137e+01
   2.0352090e+06   4.3273926e+01
   2.0355870e+06   4.1564941e+01
   2.0781940e+06   3.7475586e+01
   2.0953830e+06   4.2785645e+01
   2.1386670e+06   3.7780762e+01
   2.1530540e+06   3.7536621e+01
   2.1667210e+06   3.7597656e+01
   2.1762830e+06   5.2978516e+01
   2.1985340e+06   3.9550781e+01
   2.2125820e+06   4.3273926e+01
   2.2165940e+06   4.3212891e+01
   2.2339230e+06   3.9306641e+01
   2.2704120e+06   4.5837402e+01
   2.2859320e+06   4.2297363e+01
   2.2881590e+06   4.2907715e+01
   2.3148480e+06   3.9062500e+01
   2.3246620e+06   4.1015625e+01
   2.3305420e+06   3.9611816e+01
   2.3444210e+06   4.2724609e+01
   2.3558120e+06   3.7963867e+01
   2.3595440e+06   3.9611816e+01
   2.3811070e+06   4.3640137e+01
   2.3897510e+06   4.1992188e+01
   2.4035330e+06   3.9489746e+01
   2.4091430e+06   3.8085938e+01
   2.4124480e+06   4.1809082e+01
   2.4236600e+06   3.8696289e+01
   2.4243430e+06   3.7658691e+01
   2.4346970e+06   3.8757324e+01
   2.4443210e+06   4.0161133e+01
   2.4517850e+06   4.8706055e+01
   2.4580450e+06   4.0771484e+01
   2.4610970e+06   4.2053223e+01
   2.4671140e+06   4.3701172e+01
   2.4785080e+06   4.4006348e+01
   2.5316080e+06   3.7780762e+01
   2.5398140e+06   3.7658691e+01
   2.5704360e+06   4.0710449e+01
   2.5819370e+06   3.7475586e+01
   2.6028260e+06   4.2907715e+01
   2.6151240e+06   3.7902832e+01
   2.6243270e+06   3.7658691e+01
   2.6377220e+06   3.7719727e+01
   2.6504950e+06   3.7475586e+01
   2.6670350e+06   3.8330078e+01
   2.6827710e+06   4.0771484e+01
   2.7165600e+06   5.3833008e+01
   2.7281880e+06   4.9743652e+01
   2.7390680e+06   4.7546387e+01
   2.7491920e+06   3.7780762e+01
   2.7660830e+06   4.3273926e+01
   2.7770220e+06   3.7353516e+01
   2.8064020e+06   3.8635254e+01
   2.8073730e+06   3.8208008e+01
   2.8191770e+06   3.9855957e+01
   2.8270010e+06   4.0039063e+01
   2.8386760e+06   4.2419434e+01
   2.8486250e+06   3.9184570e+01
   2.8563010e+06   3.7597656e+01
   2.8703760e+06   4.5837402e+01
   2.8782510e+06   3.8269043e+01
   2.8877660e+06   4.3701172e+01
   2.9402450e+06   3.9062500e+01
   2.9468830e+06   3.8330078e+01
   2.9525360e+06   3.7902832e+01
   2.9599040e+06   3.7841797e+01
   2.9971300e+06   4.1748047e+01
   3.0128330e+06   3.9245605e+01
   3.0214020e+06   4.1259766e+01
   3.0308400e+06   4.3029785e+01
   3.0376170e+06   4.2297363e+01
   3.0500930e+06   4.2968750e+01
   3.0629860e+06   3.9245605e+01
   3.1019040e+06   3.9978027e+01
   3.1566130e+06   3.8269043e+01
   3.1708470e+06   4.4555664e+01
   3.2030720e+06   3.7841797e+01
   3.2084740e+06   3.7780762e+01
   3.2362160e+06   3.7658691e+01
   3.2495270e+06   3.7536621e+01
   3.2679540e+06   4.2419434e+01
   3.2723050e+06   3.8269043e+01
   3.2798330e+06   4.2541504e+01
   3.2906460e+06   5.2856445e+01
   3.3004330e+06   3.9245605e+01
   3.3238410e+06   3.9062500e+01
   3.3370070e+06   4.5471191e+01
   3.3509850e+06   4.1381836e+01
   3.3779470e+06   4.2236328e+01
   3.4155040e+06   4.1992188e+01
   3.4163280e+06   4.3701172e+01
   3.4450280e+06   3.8452148e+01
   3.4611460e+06   3.7353516e+01
   3.4658330e+06   3.8208008e+01
   3.4801110e+06   3.7475586e+01
   3.4956670e+06   3.8208008e+01
   3.5713470e+06   3.8269043e+01
   3.5755140e+06   4.2358398e+01
   3.5763570e+06   4.3579102e+01
   3.5854870e+06   3.7414551e+01
   3.6018860e+06   3.9550781e+01
   3.6025130e+06   3.8085938e+01
   3.6117780e+06   3.9611816e+01
   3.6492100e+06   3.9733887e+01
   3.6519920e+06   3.9916992e+01
   3.6601960e+06   4.7485352e+01
   3.6825640e+06   4.9072266e+01
   3.7418320e+06   4.4067383e+01
   3.7750640e+06   3.7475586e+01
   3.7828630e+06   3.7597656e+01
   3.8003360e+06   4.7119141e+01
   3.8139340e+06   3.7963867e+01
   3.8229370e+06   3.9123535e+01
   3.8300670e+06   3.7475586e+01
   3.8520600e+06   4.7607422e+01
   3.8672560e+06   3.7902832e+01
   3.8769900e+06   4.5837402e+01
   3.8835470e+06   3.9245605e+01
   3.8950110e+06   3.8879395e+01
   3.9269720e+06   4.5532227e+01
   3.9370890e+06   3.8757324e+01
   3.9534880e+06   4.3029785e+01
   3.9642500e+06   3.7353516e+01
   3.9987070e+06   4.5959473e+01
   3.9989030e+06   3.7780762e+01
   4.0310910e+06   4.0466309e+01
   4.0514090e+06   4.2968750e+01
   4.0517160e+06   3.8146973e+01
   4.0627880e+06   4.0649414e+01
   4.0728930e+06   3.7841797e+01
   4.0887950e+06   4.8400879e+01
   4.1279820e+06   4.0222168e+01
   4.1457470e+06   3.7658691e+01
   4.1486890e+06   3.8818359e+01
   4.1775620e+06   3.9184570e+01
   4.1803860e+06   4.0832520e+01
   4.2066420e+06   3.8818359e+01
   4.2223920e+06   4.4860840e+01
   4.2861670e+06   3.7597656e+01
   4.3000240e+06   3.9062500e+01
   4.3065190e+06   4.5654297e+01
   4.3276300e+06   3.9794922e+01
   4.3304860e+06   3.9001465e+01
   4.3588260e+06   4.0832520e+01
   4.3619760e+06   3.9978027e+01
   4.3856690e+06   4.4982910e+01
   4.3990670e+06   4.1503906e+01
   4.4085610e+06   4.1442871e+01
   4.4120180e+06   4.1503906e+01
   4.4132190e+06   4.0039063e+01
   4.4218840e+06   4.2846680e+01
   4.4369000e+06   4.2541504e+01
   4.4499960e+06   4.6020508e+01
   4.4616650e+06   4.1870117e+01
   4.4727210e+06   4.4433594e+01
   4.4898260e+06   4.4494629e+01
   4.4934810e+06   4.4982910e+01
   4.5068170e+06   4.1137695e+01
   4.5171510e+06   4.4128418e+01
   4.5390900e+06   4.0039063e+01
   4.5535240e+06   3.9245605e+01
   4.5643480e+06   4.1015625e+01
   4.5940710e+06   3.7719727e+01
   4.6206080e+06   3.9489746e+01
   4.6413620e+06   4.2663574e+01
   4.6475510e+06   3.9123535e+01
   4.6755110e+06   3.8146973e+01
   4.6931420e+06   3.8818359e+01
   4.7028140e+06   4.3823242e+01
   4.7097110e+06   4.0649414e+01
   4.7243340e+06   3.9306641e+01
   4.7394870e+06   4.3212891e+01
   4.7469120e+06   4.0161133e+01
   4.7560840e+06   3.9550781e+01
   4.7624660e+06   3.8269043e+01
   4.7807980e+06   4.1992188e+01
   4.7939390e+06   4.2968750e+01
   4.7951820e+06   4.4067383e+01
   4.8337060e+06   5.6396484e+01
   4.8364600e+06   3.8818359e+01
   4.8486380e+06   3.9123535e+01
   4.8618170e+06   4.2297363e+01
   4.8627870e+06   4.1381836e+01
   4.8678080e+06   3.7658691e+01
   4.8809030e+06   4.1259766e+01
   4.8983530e+06   4.5776367e+01
   4.9115060e+06   4.3701172e+01
   4.9131540e+06   4.0222168e+01
   4.9472400e+06   3.9672852e+01
   4.9556720e+06   3.7414551e+01
   4.9602650e+06   3.8940430e+01
   4.9742870e+06   3.9184570e+01
   4.9985830e+06   5.1147461e+01
   5.0169270e+06   3.9733887e+01
   5.0300870e+06   3.8391113e+01
   5.0611400e+06   4.4128418e+01
   5.0902780e+06   3.9123535e+01
   5.1076140e+06   4.1015625e+01
   5.1156610e+06   3.7658691e+01
   5.1337590e+06   3.9916992e+01
   5.1374740e+06   3.8146973e+01
   5.1456810e+06   4.1870117e+01
   5.1545570e+06   3.8452148e+01
   5.1665300e+06   4.1992188e+01
   5.1720380e+06   4.0405273e+01
   5.1829100e+06   4.5654297e+01
   5.1916760e+06   4.4982910e+01
   5.2009430e+06   3.7719727e+01
   5.2085790e+06   4.0100098e+01
   5.2275520e+06   3.9733887e+01
   5.2467140e+06   3.9611816e+01
   5.2510340e+06   4.5349121e+01
   5.2707460e+06   4.3273926e+01
   5.2731580e+06   3.9245605e+01
   5.2870530e+06   3.8513184e+01
   5.3000850e+06   4.1931152e+01
   5.3067170e+06   4.1015625e+01
   5.3163400e+06   4.6691895e+01
   5.3351180e+06   3.8757324e+01
   5.3536770e+06   4.2846680e+01
   5.3684570e+06   4.8950195e+01
   5.3876410e+06   4.2785645e+01
   5.4284330e+06   4.9438477e+01
   5.4673180e+06   4.8034668e+01
   5.4727500e+06   4.4799805e+01
   5.4944600e+06   3.8085938e+01
   5.5220930e+06   3.7719727e+01
   5.5300930e+06   4.2358398e+01
   5.5505370e+06   4.2236328e+01
   5.5702840e+06   4.1137695e+01
   5.5862650e+06   4.0039063e+01
   5.5912960e+06   4.0588379e+01
   5.6101670e+06   5.1269531e+01
   5.6325520e+06   5.1513672e+01
   5.6375410e+06   4.8217773e+01
   5.6451670e+06   4.0527344e+01
   5.6556680e+06   4.7851563e+01
   5.6629050e+06   4.3457031e+01
   5.6736300e+06   4.8156738e+01
   5.6886510e+06   3.9245605e+01
   5.7015800e+06   4.8950195e+01
   5.7057420e+06   3.7353516e+01
   5.7073810e+06   4.4372559e+01
   5.7330500e+06   3.9611816e+01
   5.7705240e+06   4.4677734e+01
   5.7867700e+06   4.4616699e+01
   5.8125170e+06   4.2114258e+01
   5.8427740e+06   4.0832520e+01
   5.8503920e+06   4.7729492e+01
   5.8550600e+06   3.7658691e+01
   5.8632250e+06   4.1992188e+01
   5.8748700e+06   4.5532227e+01
   5.8790060e+06   4.5288086e+01
   5.8843190e+06   4.4433594e+01
   5.9016050e+06   5.4504395e+01
   5.9033960e+06   4.0283203e+01
   5.9042700e+06   3.7475586e+01
   5.9251140e+06   4.0283203e+01
   5.9312840e+06   3.9672852e+01
   5.9450910e+06   4.7119141e+01
   5.9502190e+06   3.8024902e+01
   5.9609880e+06   3.7475586e+01
   5.9740820e+06   3.8757324e+01
   5.9873540e+06   4.6020508e+01
   5.9900430e+06   3.8269043e+01
   5.9973410e+06   3.8513184e+01
