   5.9980000e+06   0.0000000e+00
   5.6890000e+03   2.7954102e+01
   1.5663800e+05   2.6733398e+01
   1.5712200e+05   2.6306152e+01
   1.5778000e+05   2.6184082e+01
   2.0910000e+05   2.9602051e+01
   2.3490500e+05   2.6000977e+01
   2.5512700e+05   2.8808594e+01
   2.5885900e+05   3.2104492e+01
   2.6099200e+05   2.7526855e+01
   3.0322700e+05   2.7343750e+01
   3.1195400e+05   2.6184082e+01
   3.3468800e+05   2.7465820e+01
   3.3477700e+05   2.6367188e+01
   3.4121000e+05   2.7404785e+01
   3.5474800e+05   2.9113770e+01
   4.3566400e+05   2.6367188e+01
   4.3642700e+05   2.7343750e+01
   4.6451100e+05   2.8381348e+01
   4.8499800e+05   2.6000977e+01
   4.8847100e+05   2.6306152e+01
   5.3308400e+05   2.6000977e+01
   5.6688100e+05   2.7709961e+01
   5.8177800e+05   2.9479980e+01
   5.8250200e+05   2.6306152e+01
   6.0397200e+05   2.6733398e+01
   6.6015300e+05   2.8076172e+01
   6.8621200e+05   2.7770996e+01
   6.8832700e+05   3.1616211e+01
   7.4827700e+05   2.8076172e+01
   7.7087000e+05   2.6123047e+01
   7.7629500e+05   2.7404785e+01
   8.7049500e+05   3.0456543e+01
   8.8412200e+05   2.8564453e+01
   9.0366700e+05   2.7221680e+01
   9.0824700e+05   2.6245117e+01
   9.2996600e+05   2.8625488e+01
   9.3047100e+05   2.6428223e+01
   9.6353800e+05   2.6123047e+01
   9.6617100e+05   2.7404785e+01
   1.0166290e+06   2.7770996e+01
   1.0174450e+06   2.6855469e+01
   1.0475560e+06   2.7526855e+01
   1.0575500e+06   2.7221680e+01
   1.0590830e+06   3.2409668e+01
   1.0926640e+06   2.8259277e+01
   1.0949380e+06   2.7221680e+01
   1.1510120e+06   2.7587891e+01
   1.1515570e+06   2.6672363e+01
   1.1589700e+06   2.7770996e+01
   1.1602410e+06   2.9541016e+01
   1.1674810e+06   2.6428223e+01
   1.1903780e+06   2.6062012e+01
   1.2126090e+06   2.6733398e+01
   1.2131900e+06   2.6977539e+01
   1.2138210e+06   2.8015137e+01
   1.2385900e+06   2.7709961e+01
   1.2685800e+06   2.6550293e+01
   1.2688700e+06   2.6184082e+01
   1.3067610e+06   2.6306152e+01
   1.3084420e+06   2.6123047e+01
   1.3096100e+06   2.8381348e+01
   1.3648550e+06   2.7526855e+01
   1.3660090e+06   2.7221680e+01
   1.3671540e+06   2.6550293e+01
   1.4184090e+06   2.8015137e+01
   1.4382430e+06   2.9846191e+01
   1.4748230e+06   2.8015137e+01
   1.4841360e+06   2.7160645e+01
   1.5183370e+06   2.9602051e+01
   1.5530810e+06   3.0761719e+01
   1.5700060e+06   2.6611328e+01
   1.5780320e+06   2.6855469e+01
   1.6122250e+06   2.7709961e+01
   1.6251000e+06   2.7038574e+01
   1.6593460e+06   2.7404785e+01
   1.7104120e+06   2.8442383e+01
   1.7110060e+06   2.8564453e+01
   1.7383760e+06   2.7770996e+01
   1.7853090e+06   2.7832031e+01
   1.7980880e+06   2.7404785e+01
   1.7984670e+06   2.7954102e+01
   1.7991570e+06   2.6794434e+01
   1.8299040e+06   2.7343750e+01
   1.8446220e+06   2.6489258e+01
   1.8576200e+06   2.7648926e+01
   1.8939040e+06   2.8320313e+01
   1.9075280e+06   2.7099609e+01
   1.9146090e+06   2.6367188e+01
   1.9287120e+06   3.0639648e+01
   1.9363990e+06   2.6306152e+01
   1.9373160e+06   2.6550293e+01
   1.9545880e+06   2.9785156e+01
   1.9550500e+06   2.7954102e+01
   1.9581110e+06   2.6672363e+01
   1.9987910e+06   2.6306152e+01
   2.0171170e+06   2.8198242e+01
   2.0289490e+06   2.9357910e+01
   2.0951980e+06   3.0212402e+01
   2.1176730e+06   2.6672363e+01
   2.1375510e+06   2.7526855e+01
   2.1419600e+06   2.6916504e+01
   2.1434850e+06   2.6489258e+01
   2.1731100e+06   2.8259277e+01
   2.2113470e+06   3.0395508e+01
   2.2170150e+06   3.1250000e+01
   2.2241630e+06   2.6489258e+01
   2.2360480e+06   2.6367188e+01
   2.2530290e+06   2.9174805e+01
   2.2594010e+06   2.7709961e+01
   2.2756560e+06   2.9724121e+01
   2.2775540e+06   2.6977539e+01
   2.2993630e+06   2.6977539e+01
   2.3001980e+06   3.2104492e+01
   2.3300790e+06   2.6611328e+01
   2.3430120e+06   2.8381348e+01
   2.3521070e+06   3.1494141e+01
   2.3717590e+06   2.8686523e+01
   2.4111430e+06   2.6184082e+01
   2.4138890e+06   2.7099609e+01
   2.4214430e+06   2.6672363e+01
   2.4507330e+06   2.6733398e+01
   2.4951600e+06   2.6489258e+01
   2.5098190e+06   2.9296875e+01
   2.5322440e+06   2.6367188e+01
   2.5459050e+06   3.0761719e+01
   2.5718650e+06   2.7832031e+01
   2.5817310e+06   2.7038574e+01
   2.5828440e+06   2.7893066e+01
   2.5914270e+06   2.6489258e+01
   2.6354420e+06   2.6916504e+01
   2.6478510e+06   2.7404785e+01
   2.6603960e+06   2.7526855e+01
   2.6626580e+06   2.6000977e+01
   2.6766800e+06   2.7832031e+01
   2.6855850e+06   2.6672363e+01
   2.7280540e+06   2.6306152e+01
   2.7889070e+06   2.8625488e+01
   2.8169530e+06   2.6733398e+01
   2.8347820e+06   2.6123047e+01
   2.8413360e+06   2.6000977e+01
   2.8431750e+06   2.6367188e+01
   2.8457370e+06   2.7526855e+01
   2.9101110e+06   2.6367188e+01
   2.9442060e+06   2.6000977e+01
   2.9558280e+06   2.9968262e+01
   2.9563140e+06   2.6062012e+01
   2.9568790e+06   2.8564453e+01
   2.9970250e+06   2.9296875e+01
   3.0391400e+06   2.7526855e+01
   3.0781510e+06   2.6306152e+01
   3.0982540e+06   2.6245117e+01
   3.1514150e+06   2.9846191e+01
   3.1627180e+06   2.6306152e+01
   3.1901650e+06   2.6428223e+01
   3.2209650e+06   2.8381348e+01
   3.2255320e+06   2.6062012e+01
   3.2332050e+06   2.7038574e+01
   3.2341770e+06   2.6977539e+01
   3.2489700e+06   2.8259277e+01
   3.2492950e+06   2.7404785e+01
   3.3134770e+06   2.6733398e+01
   3.3150470e+06   2.6428223e+01
   3.3195740e+06   2.7648926e+01
   3.3278080e+06   2.6977539e+01
   3.3314770e+06   2.7587891e+01
   3.3924600e+06   2.6611328e+01
   3.4687440e+06   3.3203125e+01
   3.4695280e+06   2.7709961e+01
   3.4890840e+06   2.6733398e+01
   3.4999620e+06   2.8625488e+01
   3.5047490e+06   2.8442383e+01
   3.5173930e+06   2.7832031e+01
   3.5635780e+06   2.6611328e+01
   3.5701970e+06   2.7343750e+01
   3.5876600e+06   2.6245117e+01
   3.6298970e+06   2.7221680e+01
   3.6652960e+06   2.8808594e+01
   3.6789460e+06   2.6916504e+01
   3.7245120e+06   2.8015137e+01
   3.7686940e+06   3.2043457e+01
   3.7971590e+06   2.6062012e+01
   3.8349010e+06   2.7221680e+01
   3.8560590e+06   2.7404785e+01
   3.8700660e+06   2.7099609e+01
   3.8761490e+06   2.7282715e+01
   3.9437600e+06   3.0883789e+01
   3.9674710e+06   2.6672363e+01
   3.9684500e+06   2.8991699e+01
   4.0139540e+06   2.8930664e+01
   4.0352750e+06   2.7709961e+01
   4.0594940e+06   2.8198242e+01
   4.0790490e+06   3.0334473e+01
   4.0902040e+06   2.6245117e+01
   4.1182990e+06   2.6489258e+01
   4.1580000e+06   2.8259277e+01
   4.1934160e+06   2.8686523e+01
   4.2046260e+06   2.6794434e+01
   4.2866220e+06   2.7221680e+01
   4.2933890e+06   2.7526855e+01
   4.2977770e+06   2.6245117e+01
   4.3269530e+06   2.8259277e+01
   4.3316920e+06   2.9052734e+01
   4.3579120e+06   2.6855469e+01
   4.3589320e+06   3.1066895e+01
   4.3620530e+06   2.6184082e+01
   4.3771710e+06   2.6000977e+01
   4.3990300e+06   2.7099609e+01
   4.4381450e+06   2.6916504e+01
   4.4415090e+06   2.6916504e+01
   4.4575260e+06   3.1188965e+01
   4.5048330e+06   3.3203125e+01
   4.5065820e+06   2.7282715e+01
   4.5071290e+06   2.9418945e+01
   4.5431050e+06   2.6855469e+01
   4.5654690e+06   2.6672363e+01
   4.5663680e+06   2.8320313e+01
   4.6745070e+06   3.1188965e+01
   4.6769060e+06   2.6245117e+01
   4.7061970e+06   2.7526855e+01
   4.7435690e+06   2.8991699e+01
   4.7627840e+06   2.6550293e+01
   4.7824010e+06   2.7465820e+01
   4.8183740e+06   2.7282715e+01
   4.8392620e+06   2.6489258e+01
   4.8404570e+06   2.7648926e+01
   4.8613730e+06   2.8747559e+01
   4.9161140e+06   2.9235840e+01
   4.9397680e+06   2.8198242e+01
   4.9424770e+06   2.7648926e+01
   4.9642140e+06   2.6794434e+01
   4.9788580e+06   2.8320313e+01
   5.0238360e+06   2.8808594e+01
   5.0246170e+06   2.6916504e+01
   5.0496170e+06   2.8747559e+01
   5.0645970e+06   2.8076172e+01
   5.0691980e+06   2.6550293e+01
   5.0859740e+06   2.7343750e+01
   5.1126370e+06   3.0822754e+01
   5.1127460e+06   2.6000977e+01
   5.1136050e+06   2.7343750e+01
   5.1252110e+06   2.7465820e+01
   5.1441990e+06   2.6855469e+01
   5.1449000e+06   2.7648926e+01
   5.1649070e+06   2.6245117e+01
   5.1754040e+06   2.8076172e+01
   5.2229270e+06   2.7954102e+01
   5.2273730e+06   3.0456543e+01
   5.2556360e+06   2.6245117e+01
   5.2940210e+06   2.6000977e+01
   5.2952580e+06   2.8625488e+01
   5.3022330e+06   2.6000977e+01
   5.3223460e+06   2.6367188e+01
   5.3745790e+06   2.6184082e+01
   5.3750970e+06   2.6550293e+01
   5.3960440e+06   2.6184082e+01
   5.4211260e+06   2.6977539e+01
   5.4223100e+06   2.9174805e+01
   5.4280200e+06   2.9724121e+01
   5.4492000e+06   2.6855469e+01
   5.4691830e+06   3.1982422e+01
   5.4946450e+06   2.6794434e+01
   5.5071980e+06   2.6367188e+01
   5.5123790e+06   2.8442383e+01
   5.5199240e+06   2.6611328e+01
   5.5378510e+06   2.6916504e+01
   5.5646800e+06   2.6794434e+01
   5.5825160e+06   2.6550293e+01
   5.6014070e+06   2.7282715e+01
   5.6145060e+06   2.9296875e+01
   5.6177910e+06   2.7832031e+01
   5.6282070e+06   2.6550293e+01
   5.7060170e+06   2.7160645e+01
   5.7247710e+06   2.7282715e+01
   5.7439680e+06   2.7343750e+01
   5.7455700e+06   2.7832031e+01
   5.7711730e+06   2.8564453e+01
   5.7798630e+06   2.6245117e+01
   5.7854130e+06   2.6306152e+01
   5.8039170e+06   2.8442383e+01
   5.8481150e+06   2.6428223e+01
   5.8576580e+06   2.7526855e+01
   5.8592840e+06   3.3935547e+01
   5.8677780e+06   2.6062012e+01
   5.8998400e+06   2.6000977e+01
   5.9583920e+06   2.6367188e+01
   5.9786870e+06   2.8015137e+01
   5.9897260e+06   2.7282715e+01
   5.9932070e+06   2.8198242e+01
