   5.9980000e+06   0.0000000e+00
   4.8390000e+03   4.9011230e+01
   5.1980000e+03   2.5939941e+01
   5.3680000e+03   4.5349121e+01
   6.2650000e+03   4.1870117e+01
   7.6340000e+03   3.6560059e+01
   8.2310000e+03   2.5878906e+01
   2.6220000e+04   4.6386719e+01
   2.6605000e+04   4.1625977e+01
   2.7779000e+04   3.7536621e+01
   2.8423000e+04   2.6672363e+01
   3.3119000e+04   3.8574219e+01
   3.3338000e+04   2.8259277e+01
   3.3888000e+04   2.8808594e+01
   4.9475000e+04   5.1391602e+01
   4.9738000e+04   4.2053223e+01
   4.9963000e+04   3.0578613e+01
   5.0709000e+04   2.7160645e+01
   5.2143000e+04   2.8503418e+01
   5.2248000e+04   2.5451660e+01
   7.3799000e+04   4.8339844e+01
   7.6417000e+04   2.6855469e+01
   8.1861000e+04   2.7343750e+01
   8.2083000e+04   2.4841309e+01
   8.8961000e+04   2.6000977e+01
   9.0487000e+04   4.9133301e+01
   1.0376100e+05   2.4841309e+01
   1.1099800e+05   2.6428223e+01
   1.1527300e+05   3.0517578e+01
   1.3588500e+05   2.9602051e+01
   1.3604600e+05   2.7832031e+01
   1.6074100e+05   2.6000977e+01
   1.6647600e+05   3.0273438e+01
   1.7105200e+05   2.9479980e+01
   1.7173500e+05   2.9113770e+01
   1.8201800e+05   2.5146484e+01
   1.9096400e+05   2.5146484e+01
   1.9113700e+05   2.6733398e+01
   2.0123100e+05   2.8503418e+01
   2.0821600e+05   2.7648926e+01
   2.0861900e+05   2.5451660e+01
   2.3120800e+05   2.5634766e+01
   2.3206700e+05   2.6855469e+01
   2.3258600e+05   2.6245117e+01
   2.3847800e+05   3.1677246e+01
   2.4990600e+05   2.7282715e+01
   2.5288600e+05   2.5634766e+01
   2.6345900e+05   2.6245117e+01
   2.7056300e+05   2.6489258e+01
   2.7071000e+05   2.5878906e+01
   2.9852400e+05   3.0212402e+01
   2.9910600e+05   2.8503418e+01
   3.2665500e+05   3.0883789e+01
   3.2709700e+05   2.5634766e+01
   3.3599300e+05   5.9509277e+01
   3.3628300e+05   3.8269043e+01
   3.3642300e+05   2.6672363e+01
   3.3643900e+05   3.4606934e+01
   3.3669000e+05   2.7221680e+01
   3.3675700e+05   2.7526855e+01
   3.5165800e+05   2.9968262e+01
   3.5454900e+05   4.2602539e+01
   3.5486200e+05   2.5390625e+01
   3.5511300e+05   4.7119141e+01
   3.5531500e+05   2.9296875e+01
   3.5548000e+05   2.6428223e+01
   3.5571100e+05   3.7780762e+01
   3.5617000e+05   2.8808594e+01
   3.5651300e+05   2.5695801e+01
   3.7374500e+05   5.0781250e+01
   3.7403600e+05   3.8269043e+01
   3.7443900e+05   3.7902832e+01
   3.7533900e+05   2.7038574e+01
   3.7536000e+05   2.6916504e+01
   3.8299200e+05   2.7282715e+01
   3.8322400e+05   2.8442383e+01
   3.8367200e+05   2.5268555e+01
   3.9436000e+05   4.9316406e+01
   3.9485600e+05   3.9489746e+01
   3.9504500e+05   2.9663086e+01
   3.9540500e+05   2.9541016e+01
   3.9548500e+05   3.1311035e+01
   3.9633400e+05   2.5390625e+01
   3.9686800e+05   2.7893066e+01
   4.1413100e+05   2.6611328e+01
   4.1630200e+05   4.8400879e+01
   4.1669000e+05   2.9602051e+01
   4.1672000e+05   4.9255371e+01
   4.1712000e+05   3.2531738e+01
   4.1750100e+05   2.6123047e+01
   4.1756300e+05   2.5817871e+01
   4.1784400e+05   2.5268555e+01
   4.1801100e+05   3.8024902e+01
   4.3585000e+05   2.7282715e+01
   4.4205400e+05   5.1879883e+01
   4.4232900e+05   3.2531738e+01
   4.4258600e+05   2.6611328e+01
   4.4298900e+05   2.8503418e+01
   4.4467600e+05   2.7893066e+01
   4.4523900e+05   2.5024414e+01
   4.8003600e+05   2.8320313e+01
   4.8315500e+05   5.4626465e+01
   4.8332300e+05   2.9052734e+01
   4.8379400e+05   4.8034668e+01
   4.8432000e+05   3.5888672e+01
   4.8483400e+05   2.7038574e+01
   4.8519500e+05   2.8015137e+01
   4.8674600e+05   2.5207520e+01
   4.8690200e+05   2.6367188e+01
   5.0820100e+05   2.7282715e+01
   5.1822500e+05   2.6062012e+01
   5.1846500e+05   2.9479980e+01
   5.1899500e+05   2.6733398e+01
   5.2658300e+05   5.0476074e+01
   5.2681000e+05   4.2724609e+01
   5.2712100e+05   4.0527344e+01
   5.2746100e+05   3.9062500e+01
   5.2808800e+05   2.8747559e+01
   5.2856100e+05   2.9296875e+01
   5.4494600e+05   2.6428223e+01
   5.5007100e+05   2.6428223e+01
   5.5048600e+05   2.7282715e+01
   5.5067600e+05   2.5634766e+01
   5.6219700e+05   2.5939941e+01
   5.7454500e+05   2.6428223e+01
   5.7907200e+05   2.6550293e+01
   5.9599000e+05   2.7648926e+01
   6.0545900e+05   3.2165527e+01
   6.0572300e+05   2.4902344e+01
   6.1361300e+05   3.8879395e+01
   6.1396900e+05   2.6184082e+01
   6.1871400e+05   2.5695801e+01
   6.4771200e+05   2.7893066e+01
   6.4787800e+05   2.8747559e+01
   6.4815000e+05   2.5634766e+01
   6.6299300e+05   2.5207520e+01
   6.7514700e+05   2.8564453e+01
   6.7573300e+05   2.6733398e+01
   6.7606300e+05   2.8503418e+01
   7.1324100e+05   2.9174805e+01
   7.1371800e+05   2.7770996e+01
   7.1422500e+05   2.5024414e+01
   7.1461200e+05   2.7221680e+01
   7.2851600e+05   2.7465820e+01
   7.2868700e+05   2.7465820e+01
   7.5271600e+05   2.7038574e+01
   7.5878300e+05   2.7465820e+01
   7.5900500e+05   2.5817871e+01
   7.9101000e+05   2.7526855e+01
   7.9128400e+05   2.6000977e+01
   7.9175200e+05   2.6855469e+01
   8.0719000e+05   2.5390625e+01
   8.0735800e+05   2.4902344e+01
   8.0776100e+05   2.6489258e+01
   8.3029200e+05   2.9663086e+01
   8.4380900e+05   2.6000977e+01
   8.4403500e+05   2.4902344e+01
   8.6181300e+05   2.9663086e+01
   8.6222600e+05   3.1127930e+01
   8.9046300e+05   2.9235840e+01
   8.9070900e+05   2.9418945e+01
   9.2561400e+05   3.0212402e+01
   9.2583500e+05   2.8503418e+01
   9.2651300e+05   2.6000977e+01
   9.5033700e+05   3.0212402e+01
   9.5052100e+05   2.6000977e+01
   9.6433300e+05   2.6733398e+01
   9.6860000e+05   2.7221680e+01
   9.9168000e+05   3.0578613e+01
   9.9189000e+05   2.6245117e+01
   9.9205000e+05   2.5268555e+01
   1.0054170e+06   2.8198242e+01
   1.0056020e+06   2.6489258e+01
   1.0163650e+06   3.2165527e+01
   1.0170850e+06   2.4902344e+01
   1.0338040e+06   2.7893066e+01
   1.0456720e+06   3.2836914e+01
   1.0461650e+06   3.1127930e+01
   1.0463110e+06   2.6245117e+01
   1.0622220e+06   2.7465820e+01
   1.0753470e+06   2.6245117e+01
   1.0857790e+06   3.0944824e+01
   1.0859430e+06   2.7099609e+01
   1.1011920e+06   3.0090332e+01
   1.1014670e+06   2.5695801e+01
   1.1281850e+06   3.2897949e+01
   1.1331480e+06   3.0456543e+01
   1.1336390e+06   2.7465820e+01
   1.1692340e+06   2.6245117e+01
   1.1756640e+06   2.5634766e+01
   1.1758650e+06   2.5878906e+01
   1.1822110e+06   3.4912109e+01
   1.1827030e+06   2.5207520e+01
   1.2104920e+06   2.8625488e+01
   1.2308760e+06   2.5817871e+01
   1.2310410e+06   2.6428223e+01
   1.2313320e+06   2.6000977e+01
   1.2657420e+06   2.6672363e+01
   1.2697820e+06   2.8198242e+01
   1.2711260e+06   3.1677246e+01
   1.2943690e+06   2.5085449e+01
   1.2948700e+06   2.8747559e+01
   1.3228490e+06   2.7954102e+01
   1.3230920e+06   2.6489258e+01
   1.3610630e+06   2.9296875e+01
   1.3612480e+06   2.5024414e+01
   1.3932430e+06   2.5390625e+01
   1.3938710e+06   2.9296875e+01
   1.3940850e+06   2.5085449e+01
   1.4280130e+06   2.8503418e+01
   1.4282190e+06   2.9602051e+01
   1.4292780e+06   3.0090332e+01
   1.4596200e+06   2.6550293e+01
   1.4692530e+06   2.6245117e+01
   1.4694290e+06   2.5878906e+01
   1.4876690e+06   2.7465820e+01
   1.4880290e+06   3.1250000e+01
   1.4881890e+06   2.5512695e+01
   1.5230370e+06   2.6611328e+01
   1.5232520e+06   2.4841309e+01
   1.5272640e+06   2.7160645e+01
   1.5284770e+06   2.6916504e+01
   1.5601980e+06   2.8991699e+01
   1.5606690e+06   3.6132813e+01
   1.5608500e+06   2.5207520e+01
   1.5874200e+06   3.2104492e+01
   1.5949630e+06   3.3447266e+01
   1.5951680e+06   2.5573730e+01
   1.5957170e+06   2.7709961e+01
   1.6185110e+06   3.0273438e+01
   1.6538390e+06   2.9235840e+01
   1.6541570e+06   2.6794434e+01
   1.6930010e+06   2.9357910e+01
   1.7077870e+06   2.9846191e+01
   1.7092160e+06   2.5451660e+01
   1.7384300e+06   2.6489258e+01
   1.7440310e+06   2.9052734e+01
   1.7699110e+06   3.4606934e+01
   1.7702010e+06   2.6428223e+01
   1.7703480e+06   2.6123047e+01
   1.7923360e+06   2.6977539e+01
   1.8085090e+06   2.6123047e+01
   1.8302470e+06   5.9265137e+01
   1.8303660e+06   3.1188965e+01
   1.8304010e+06   3.6804199e+01
   1.8304230e+06   4.3457031e+01
   1.8304940e+06   2.8442383e+01
   1.8402180e+06   4.1992188e+01
   1.8404660e+06   3.2470703e+01
   1.8408050e+06   3.1616211e+01
   1.8416130e+06   2.6489258e+01
   1.8422930e+06   2.5512695e+01
   1.8424870e+06   2.5146484e+01
   1.8436450e+06   2.5634766e+01
   1.8529730e+06   4.4555664e+01
   1.8533240e+06   3.8269043e+01
   1.8536650e+06   2.6428223e+01
   1.8537330e+06   2.7099609e+01
   1.8540010e+06   2.5756836e+01
   1.8689050e+06   4.9743652e+01
   1.8691890e+06   4.2968750e+01
   1.8694540e+06   3.5461426e+01
   1.8696440e+06   3.6010742e+01
   1.8696920e+06   2.9174805e+01
   1.8712250e+06   3.1982422e+01
   1.8713250e+06   2.8930664e+01
   1.8863320e+06   4.9377441e+01
   1.8865810e+06   4.1015625e+01
   1.8868330e+06   3.8818359e+01
   1.8869130e+06   3.1555176e+01
   1.8872380e+06   3.1250000e+01
   1.8879130e+06   2.5878906e+01
   1.9044030e+06   2.6123047e+01
   1.9057990e+06   5.8593750e+01
   1.9061190e+06   4.2297363e+01
   1.9063250e+06   2.6977539e+01
   1.9067870e+06   2.8564453e+01
   1.9071580e+06   2.7160645e+01
   1.9074000e+06   2.7648926e+01
   1.9075330e+06   2.6062012e+01
   1.9108390e+06   2.5024414e+01
   1.9268680e+06   2.6672363e+01
   1.9279280e+06   5.2246094e+01
   1.9281890e+06   4.6142578e+01
   1.9285060e+06   3.9978027e+01
   1.9289400e+06   2.8869629e+01
   1.9290120e+06   3.1799316e+01
   1.9294540e+06   3.0944824e+01
   1.9304250e+06   2.8320313e+01
   1.9322720e+06   2.5634766e+01
   1.9337700e+06   2.5146484e+01
   1.9566490e+06   2.7954102e+01
   1.9577390e+06   5.8044434e+01
   1.9581130e+06   4.1809082e+01
   1.9583300e+06   4.0832520e+01
   1.9588650e+06   3.1799316e+01
   1.9594050e+06   3.0456543e+01
   1.9623900e+06   2.5329590e+01
   1.9840210e+06   2.4963379e+01
   1.9865810e+06   2.6184082e+01
   1.9924340e+06   2.5817871e+01
   2.0013850e+06   2.5756836e+01
   2.0097610e+06   2.7160645e+01
   2.0117740e+06   2.4841309e+01
   2.0126840e+06   2.7832031e+01
   2.0129110e+06   2.7038574e+01
   2.0133090e+06   2.7038574e+01
   2.0153980e+06   2.5451660e+01
   2.0207570e+06   3.1188965e+01
   2.0243780e+06   3.0029297e+01
   2.0375300e+06   2.6367188e+01
   2.0429180e+06   2.5634766e+01
   2.0519190e+06   2.5146484e+01
   2.0560740e+06   2.7282715e+01
   2.0640850e+06   2.7893066e+01
   2.0669850e+06   2.6855469e+01
   2.0796650e+06   2.6367188e+01
   2.0869870e+06   2.6184082e+01
   2.0880580e+06   3.0273438e+01
   2.0885640e+06   3.2531738e+01
   2.0887620e+06   2.7404785e+01
   2.0977670e+06   3.1188965e+01
   2.1045130e+06   2.7099609e+01
   2.1080070e+06   3.0700684e+01
   2.1168890e+06   2.8320313e+01
   2.1246200e+06   2.6489258e+01
   2.1250850e+06   2.8625488e+01
   2.1262020e+06   2.5817871e+01
   2.1287980e+06   2.9785156e+01
   2.1359050e+06   2.4963379e+01
   2.1454660e+06   2.8869629e+01
   2.1550480e+06   2.4902344e+01
   2.1656770e+06   2.9052734e+01
   2.1661490e+06   2.6489258e+01
   2.1663510e+06   2.7893066e+01
   2.1672130e+06   2.7404785e+01
   2.1824720e+06   3.3081055e+01
   2.1846530e+06   2.7648926e+01
   2.1848200e+06   2.8747559e+01
   2.1865510e+06   2.7770996e+01
   2.2083790e+06   2.9479980e+01
   2.2096070e+06   3.1311035e+01
   2.2098000e+06   2.6977539e+01
   2.2165820e+06   3.0944824e+01
   2.2174750e+06   3.1005859e+01
   2.2176500e+06   2.8381348e+01
   2.2260800e+06   2.9052734e+01
   2.2262590e+06   2.5573730e+01
   2.2263850e+06   2.9846191e+01
   2.2332760e+06   2.7221680e+01
   2.2334830e+06   2.6062012e+01
   2.2338010e+06   2.5634766e+01
   2.2438430e+06   2.4841309e+01
   2.2512860e+06   2.9663086e+01
   2.2514480e+06   2.9663086e+01
   2.2518200e+06   3.1799316e+01
   2.2749030e+06   2.7770996e+01
   2.2756710e+06   2.8930664e+01
   2.2764290e+06   2.5573730e+01
   2.2765750e+06   2.4963379e+01
   2.3043040e+06   2.7709961e+01
   2.3300460e+06   2.9663086e+01
   2.3302520e+06   2.9296875e+01
   2.3308700e+06   3.0212402e+01
   2.3350050e+06   2.7343750e+01
   2.3593250e+06   3.1982422e+01
   2.3595940e+06   2.8076172e+01
   2.3654080e+06   2.7709961e+01
   2.3890390e+06   2.8747559e+01
   2.3892430e+06   3.0517578e+01
   2.3892670e+06   2.7587891e+01
   2.3894000e+06   2.6245117e+01
   2.4117780e+06   3.4851074e+01
   2.4119170e+06   2.4902344e+01
   2.4187300e+06   3.1188965e+01
   2.4245850e+06   3.5217285e+01
   2.4248720e+06   2.8015137e+01
   2.4250070e+06   2.6672363e+01
   2.4391150e+06   2.8381348e+01
   2.4393490e+06   2.5024414e+01
   2.4394810e+06   2.5695801e+01
   2.4443650e+06   3.0334473e+01
   2.4618890e+06   2.4963379e+01
   2.4620540e+06   2.5085449e+01
   2.4621830e+06   2.5268555e+01
   2.4636520e+06   2.6916504e+01
   2.5003560e+06   3.0212402e+01
   2.5011560e+06   3.1555176e+01
   2.5012940e+06   2.6855469e+01
   2.5129800e+06   3.0822754e+01
   2.5131800e+06   2.6672363e+01
   2.5353300e+06   2.9052734e+01
   2.5472170e+06   2.9235840e+01
   2.5540080e+06   3.3142090e+01
   2.5559110e+06   3.0883789e+01
   2.5572040e+06   2.9418945e+01
   2.5672720e+06   2.5207520e+01
   2.5680460e+06   2.6855469e+01
   2.5683960e+06   2.5268555e+01
   2.5691780e+06   2.5817871e+01
   2.5798160e+06   2.6367188e+01
   2.5910650e+06   3.1127930e+01
   2.5967180e+06   2.9541016e+01
   2.5970680e+06   2.6672363e+01
   2.6196390e+06   3.3203125e+01
   2.6198470e+06   2.5390625e+01
   2.6530150e+06   3.2775879e+01
   2.6532450e+06   3.1738281e+01
   2.6537060e+06   2.5573730e+01
   2.6834850e+06   2.5207520e+01
   2.6836950e+06   2.6977539e+01
   2.6989800e+06   2.6123047e+01
   2.6991810e+06   2.6855469e+01
   2.7202170e+06   2.6123047e+01
   2.7279990e+06   2.4841309e+01
   2.7358660e+06   2.6611328e+01
   2.7360700e+06   2.9479980e+01
   2.7455540e+06   2.5817871e+01
   2.7555070e+06   2.8076172e+01
   2.7557340e+06   2.6977539e+01
   2.7848830e+06   2.7954102e+01
   2.7851290e+06   2.7770996e+01
   2.8236620e+06   2.7038574e+01
   2.8239160e+06   3.3386230e+01
   2.8560500e+06   3.3630371e+01
   2.8562530e+06   2.4963379e+01
   2.8572640e+06   2.7343750e+01
   2.8940740e+06   3.0151367e+01
   2.8949080e+06   2.8015137e+01
   2.9048480e+06   2.6794434e+01
   2.9049920e+06   2.5390625e+01
   2.9059600e+06   3.2470703e+01
   2.9238720e+06   2.8625488e+01
   2.9240260e+06   2.6550293e+01
   2.9253490e+06   2.6367188e+01
   2.9509430e+06   2.8930664e+01
   2.9511530e+06   3.0395508e+01
   2.9518730e+06   3.0761719e+01
   2.9686640e+06   3.2653809e+01
   2.9767070e+06   2.9907227e+01
   2.9768810e+06   2.4963379e+01
   2.9977110e+06   2.9113770e+01
   2.9979180e+06   2.6794434e+01
   3.0254090e+06   3.2409668e+01
   3.0256100e+06   3.1066895e+01
   3.0524170e+06   2.8808594e+01
   3.0527410e+06   2.8076172e+01
   3.0529230e+06   2.5207520e+01
   3.0987970e+06   3.3142090e+01
   3.0990540e+06   2.7038574e+01
   3.1091540e+06   2.8564453e+01
   3.1093640e+06   2.5207520e+01
   3.1212530e+06   2.5390625e+01
   3.1214450e+06   2.6245117e+01
   3.1262990e+06   2.7648926e+01
   3.1341650e+06   2.9724121e+01
   3.1380640e+06   2.5390625e+01
   3.1382880e+06   2.6550293e+01
   3.1605310e+06   3.3996582e+01
   3.1622400e+06   2.9296875e+01
   3.1625100e+06   2.5939941e+01
   3.1965480e+06   2.6611328e+01
   3.1967850e+06   2.6000977e+01
   3.1969670e+06   2.6794434e+01
   3.2175510e+06   3.3447266e+01
   3.2177860e+06   2.7404785e+01
   3.2351560e+06   5.5664063e+01
   3.2353560e+06   4.8583984e+01
   3.2354150e+06   2.6611328e+01
   3.2354630e+06   3.5949707e+01
   3.2355980e+06   4.1870117e+01
   3.2356310e+06   3.1738281e+01
   3.2357180e+06   2.7832031e+01
   3.2380730e+06   2.7709961e+01
   3.2444210e+06   4.7851563e+01
   3.2445980e+06   3.4301758e+01
   3.2456880e+06   3.8391113e+01
   3.2569200e+06   5.4565430e+01
   3.2571390e+06   3.8391113e+01
   3.2574020e+06   3.8513184e+01
   3.2598440e+06   2.7221680e+01
   3.2741850e+06   5.1147461e+01
   3.2746130e+06   4.4921875e+01
   3.2747200e+06   3.1005859e+01
   3.2748550e+06   3.4729004e+01
   3.2749330e+06   3.2653809e+01
   3.2902650e+06   2.4963379e+01
   3.2943230e+06   5.4016113e+01
   3.2945900e+06   5.2429199e+01
   3.2948230e+06   4.4433594e+01
   3.2949590e+06   2.5268555e+01
   3.2950500e+06   2.6916504e+01
   3.2952950e+06   3.0090332e+01
   3.3201280e+06   5.1757813e+01
   3.3203650e+06   5.1086426e+01
   3.3206690e+06   4.6752930e+01
   3.3208950e+06   3.2348633e+01
   3.3209770e+06   2.8869629e+01
   3.3210660e+06   2.6916504e+01
   3.3211970e+06   2.8198242e+01
   3.3216150e+06   2.7832031e+01
   3.3229580e+06   2.8259277e+01
   3.3397440e+06   2.4841309e+01
   3.3417760e+06   2.6550293e+01
   3.3443750e+06   2.7221680e+01
   3.3463360e+06   2.6306152e+01
   3.3500830e+06   2.6184082e+01
   3.3523020e+06   2.7587891e+01
   3.3567380e+06   3.0395508e+01
   3.3643590e+06   3.3447266e+01
   3.3645250e+06   2.9785156e+01
   3.3706130e+06   2.5451660e+01
   3.3812530e+06   2.5573730e+01
   3.3862890e+06   2.6794434e+01
   3.3864890e+06   2.5390625e+01
   3.3866270e+06   2.5634766e+01
   3.4015660e+06   2.5146484e+01
   3.4112760e+06   2.4841309e+01
   3.4237470e+06   2.7343750e+01
   3.4344160e+06   2.8747559e+01
   3.4347190e+06   2.6245117e+01
   3.4432180e+06   2.8747559e+01
   3.4434120e+06   2.7770996e+01
   3.4451050e+06   3.1982422e+01
   3.4564600e+06   2.6000977e+01
   3.4714130e+06   2.6794434e+01
   3.4750000e+06   2.8991699e+01
   3.4752090e+06   2.7465820e+01
   3.4850420e+06   2.6184082e+01
   3.5156090e+06   2.9113770e+01
   3.5160310e+06   2.7954102e+01
   3.5160570e+06   2.8930664e+01
   3.5177190e+06   2.8015137e+01
   3.5197740e+06   2.6184082e+01
   3.5303450e+06   2.9968262e+01
   3.5369090e+06   2.6123047e+01
   3.5418690e+06   3.2958984e+01
   3.5421810e+06   2.7465820e+01
   3.5462720e+06   2.9357910e+01
   3.5620240e+06   2.7709961e+01
   3.5760070e+06   2.7160645e+01
   3.5870170e+06   2.8991699e+01
   3.5871780e+06   2.5695801e+01
   3.5872360e+06   3.1188965e+01
   3.6001720e+06   2.8320313e+01
   3.6126950e+06   3.2592773e+01
   3.6154130e+06   3.0883789e+01
   3.6156520e+06   2.9541016e+01
   3.6158080e+06   2.7648926e+01
   3.6225380e+06   2.5451660e+01
   3.6352150e+06   2.9846191e+01
   3.6354380e+06   2.5939941e+01
   3.6574500e+06   3.2409668e+01
   3.6576700e+06   2.7954102e+01
   3.6578440e+06   2.6794434e+01
   3.6582090e+06   2.9113770e+01
   3.6865000e+06   2.7404785e+01
   3.6867820e+06   3.0883789e+01
   3.6870900e+06   2.8259277e+01
   3.6872710e+06   2.5878906e+01
   3.7046140e+06   2.9357910e+01
   3.7048210e+06   3.0639648e+01
   3.7050980e+06   2.7648926e+01
   3.7109150e+06   2.7099609e+01
   3.7262480e+06   2.6550293e+01
   3.7305980e+06   3.2287598e+01
   3.7312370e+06   2.7404785e+01
   3.7423040e+06   2.7832031e+01
   3.7425940e+06   2.8686523e+01
   3.7447800e+06   3.2531738e+01
   3.7459930e+06   2.8991699e+01
   3.7518420e+06   2.5634766e+01
   3.7743120e+06   2.8259277e+01
   3.7745090e+06   3.1738281e+01
   3.7745560e+06   2.5268555e+01
   3.8056000e+06   2.7465820e+01
   3.8058920e+06   3.0395508e+01
   3.8069410e+06   2.5329590e+01
   3.8085240e+06   2.6123047e+01
   3.8187650e+06   3.2775879e+01
   3.8251190e+06   2.6184082e+01
   3.8408800e+06   2.9174805e+01
   3.8412740e+06   3.1738281e+01
   3.8424640e+06   3.0761719e+01
   3.8437750e+06   2.9785156e+01
   3.8440630e+06   2.5817871e+01
   3.8454540e+06   2.6672363e+01
   3.8742640e+06   2.7770996e+01
   3.8787830e+06   2.9602051e+01
   3.8816050e+06   3.3142090e+01
   3.8862690e+06   3.1799316e+01
   3.9032900e+06   2.7038574e+01
   3.9086390e+06   2.5207520e+01
   3.9086680e+06   2.5512695e+01
   3.9237140e+06   2.8808594e+01
   3.9239420e+06   2.7648926e+01
   3.9246610e+06   3.2043457e+01
   3.9261420e+06   2.6184082e+01
   3.9430710e+06   3.5766602e+01
   3.9562770e+06   3.0334473e+01
   3.9564440e+06   2.6428223e+01
   3.9715150e+06   2.8381348e+01
   3.9754200e+06   3.4240723e+01
   3.9993490e+06   2.8259277e+01
   3.9999170e+06   3.0456543e+01
   4.0215950e+06   2.5146484e+01
   4.0220290e+06   2.4902344e+01
   4.0244260e+06   2.7954102e+01
   4.0306390e+06   2.5146484e+01
   4.0591290e+06   3.1127930e+01
   4.0593460e+06   2.7282715e+01
   4.0610420e+06   2.8686523e+01
   4.0832190e+06   2.8076172e+01
   4.0834560e+06   3.0822754e+01
   4.1097980e+06   2.6794434e+01
   4.1100210e+06   3.2287598e+01
   4.1100690e+06   2.6000977e+01
   4.1104050e+06   2.9907227e+01
   4.1114490e+06   2.7343750e+01
   4.1279440e+06   2.5817871e+01
   4.1328340e+06   3.4423828e+01
   4.1507410e+06   3.4179688e+01
   4.1550770e+06   2.9357910e+01
   4.1553160e+06   2.6916504e+01
   4.1557850e+06   3.0212402e+01
   4.1604210e+06   2.6367188e+01
   4.1774420e+06   3.0578613e+01
   4.1955580e+06   2.8564453e+01
   4.2088560e+06   3.4973145e+01
   4.2090380e+06   2.6000977e+01
   4.2092120e+06   2.7099609e+01
   4.2182020e+06   3.0578613e+01
   4.2335880e+06   3.2165527e+01
   4.2337770e+06   2.6367188e+01
   4.2342620e+06   3.2958984e+01
   4.2463930e+06   2.7099609e+01
   4.2476950e+06   3.0578613e+01
   4.2549720e+06   3.0151367e+01
   4.2551670e+06   2.5268555e+01
   4.2553180e+06   2.6245117e+01
   4.2589840e+06   3.1616211e+01
   4.2643260e+06   2.7893066e+01
   4.2712140e+06   2.6977539e+01
   4.2714680e+06   3.2165527e+01
   4.2836990e+06   2.6306152e+01
   4.2893500e+06   2.8137207e+01
   4.2895800e+06   3.0273438e+01
   4.2925300e+06   3.0578613e+01
   4.3067610e+06   2.6916504e+01
   4.3120340e+06   3.3264160e+01
   4.3139710e+06   2.5512695e+01
   4.3141630e+06   2.8625488e+01
   4.3289880e+06   2.5512695e+01
   4.3388290e+06   3.1555176e+01
   4.3390370e+06   3.1616211e+01
   4.3441580e+06   2.8320313e+01
   4.3480570e+06   2.9541016e+01
   4.3569820e+06   3.1066895e+01
   4.3571790e+06   2.7832031e+01
   4.3573360e+06   2.6062012e+01
   4.3613030e+06   3.3874512e+01
   4.3740810e+06   3.0822754e+01
   4.3841380e+06   2.6123047e+01
   4.3843250e+06   2.7526855e+01
   4.3852680e+06   2.4963379e+01
   4.3905660e+06   2.9724121e+01
   4.3999830e+06   2.7465820e+01
   4.4062210e+06   2.7893066e+01
   4.4063940e+06   2.5329590e+01
   4.4216610e+06   2.5695801e+01
   4.4221030e+06   2.7893066e+01
   4.4235200e+06   2.7282715e+01
   4.4579000e+06   2.5756836e+01
   4.4650670e+06   2.6611328e+01
   4.4663000e+06   2.6062012e+01
   4.4922430e+06   3.0273438e+01
   4.4966440e+06   3.0883789e+01
   4.4968270e+06   2.8930664e+01
   4.4969810e+06   2.5207520e+01
   4.4978520e+06   2.5268555e+01
   4.5131240e+06   2.5146484e+01
   4.5373970e+06   2.6367188e+01
   4.5462320e+06   2.9174805e+01
   4.5464050e+06   2.5390625e+01
   4.5467380e+06   2.5756836e+01
   4.5717780e+06   2.8747559e+01
   4.5721840e+06   2.8564453e+01
   4.5723360e+06   2.7587891e+01
   4.5951680e+06   3.0639648e+01
   4.5961480e+06   3.1005859e+01
   4.5962970e+06   3.7780762e+01
   4.6096580e+06   2.6977539e+01
   4.6230680e+06   2.7160645e+01
   4.6232370e+06   2.6550293e+01
   4.6459060e+06   2.6123047e+01
   4.6461720e+06   3.0456543e+01
   4.6624240e+06   2.8137207e+01
   4.6626300e+06   2.8259277e+01
   4.6720330e+06   2.8442383e+01
   4.6905400e+06   3.3325195e+01
   4.6908070e+06   2.4963379e+01
   4.6910300e+06   2.8442383e+01
   4.7158880e+06   2.5695801e+01
   4.7160730e+06   2.4963379e+01
   4.7172710e+06   2.9785156e+01
   4.7488490e+06   2.6611328e+01
   4.7492200e+06   2.5451660e+01
   4.7631650e+06   2.6733398e+01
   4.7644080e+06   3.1005859e+01
   4.7680640e+06   2.5756836e+01
   4.7680770e+06   5.6579590e+01
   4.7681770e+06   3.2470703e+01
   4.7767900e+06   4.8828125e+01
   4.7770630e+06   4.6081543e+01
   4.7776110e+06   3.1982422e+01
   4.7777450e+06   2.7099609e+01
   4.7897050e+06   4.7668457e+01
   4.7899640e+06   3.8696289e+01
   4.7901800e+06   3.0395508e+01
   4.7901940e+06   3.1799316e+01
   4.7903670e+06   3.1982422e+01
   4.7905720e+06   2.6428223e+01
   4.8072390e+06   5.4748535e+01
   4.8075680e+06   4.1625977e+01
   4.8077940e+06   3.2226563e+01
   4.8082480e+06   2.6855469e+01
   4.8088610e+06   2.5878906e+01
   4.8234980e+06   2.7282715e+01
   4.8281850e+06   5.3894043e+01
   4.8284920e+06   4.6752930e+01
   4.8286350e+06   2.6977539e+01
   4.8288350e+06   2.7099609e+01
   4.8289370e+06   2.5085449e+01
   4.8289900e+06   2.9602051e+01
   4.8291730e+06   2.5512695e+01
   4.8294720e+06   2.8198242e+01
   4.8484040e+06   2.5146484e+01
   4.8542980e+06   2.6733398e+01
   4.8570960e+06   5.3710938e+01
   4.8573540e+06   4.3762207e+01
   4.8575420e+06   3.0822754e+01
   4.8581090e+06   3.2043457e+01
   4.8583840e+06   2.6672363e+01
   4.8586690e+06   2.7587891e+01
   4.8753330e+06   2.5634766e+01
   4.8797190e+06   3.0212402e+01
   4.8822980e+06   2.6977539e+01
   4.8846330e+06   2.6916504e+01
   4.8905370e+06   2.5390625e+01
   4.8915170e+06   2.8320313e+01
   4.8918680e+06   4.1198730e+01
   4.8921410e+06   2.6062012e+01
   4.8990570e+06   2.6428223e+01
   4.9049660e+06   2.8015137e+01
   4.9060790e+06   2.4902344e+01
   4.9176550e+06   2.7709961e+01
   4.9212000e+06   2.8930664e+01
   4.9229960e+06   2.7282715e+01
   4.9328990e+06   2.6733398e+01
   4.9393770e+06   2.4963379e+01
   4.9452850e+06   2.6794434e+01
   4.9469900e+06   2.5146484e+01
   4.9515460e+06   2.6733398e+01
   4.9553700e+06   3.7231445e+01
   4.9556300e+06   2.6062012e+01
   4.9591150e+06   2.7770996e+01
   4.9693660e+06   2.8442383e+01
   4.9734740e+06   2.8320313e+01
   4.9761690e+06   2.5695801e+01
   4.9779240e+06   2.6245117e+01
   4.9888040e+06   2.9235840e+01
   4.9889390e+06   2.6550293e+01
   4.9892440e+06   2.9296875e+01
   4.9893890e+06   2.6367188e+01
   4.9938410e+06   2.8015137e+01
   5.0000040e+06   3.1311035e+01
   5.0027380e+06   2.5329590e+01
   5.0075470e+06   2.9968262e+01
   5.0173850e+06   2.8076172e+01
   5.0224450e+06   2.8198242e+01
   5.0289890e+06   3.2775879e+01
   5.0291660e+06   2.4963379e+01
   5.0295080e+06   3.1433105e+01
   5.0386860e+06   2.7648926e+01
   5.0514960e+06   2.8076172e+01
   5.0559540e+06   2.5695801e+01
   5.0599580e+06   2.9846191e+01
   5.0603600e+06   2.5878906e+01
   5.0604810e+06   2.5085449e+01
   5.0638850e+06   2.5024414e+01
   5.0706240e+06   2.8137207e+01
   5.0739920e+06   2.5085449e+01
   5.0871870e+06   2.9174805e+01
   5.0883670e+06   2.9296875e+01
   5.0885690e+06   2.5268555e+01
   5.0891900e+06   2.4963379e+01
   5.0934550e+06   2.8564453e+01
   5.0987470e+06   3.0090332e+01
   5.1078060e+06   2.6367188e+01
   5.1111590e+06   2.4841309e+01
   5.1114430e+06   2.8747559e+01
   5.1117060e+06   2.7893066e+01
   5.1212590e+06   2.6123047e+01
   5.1378780e+06   2.9602051e+01
   5.1382490e+06   2.4963379e+01
   5.1422440e+06   2.9907227e+01
   5.1611210e+06   2.8015137e+01
   5.1684230e+06   2.5634766e+01
   5.1685920e+06   3.2897949e+01
   5.1687950e+06   2.5878906e+01
   5.1838750e+06   2.6855469e+01
   5.1847610e+06   2.9968262e+01
   5.1849490e+06   2.6000977e+01
   5.1897800e+06   2.6000977e+01
   5.1976940e+06   2.4963379e+01
   5.1990540e+06   3.2287598e+01
   5.2051050e+06   2.7221680e+01
   5.2054010e+06   2.8381348e+01
   5.2079670e+06   2.8198242e+01
   5.2241010e+06   2.6062012e+01
   5.2379960e+06   2.7160645e+01
   5.2400610e+06   2.6611328e+01
   5.2402530e+06   2.6306152e+01
   5.2498070e+06   3.6865234e+01
   5.2710890e+06   2.7770996e+01
   5.2711610e+06   2.5695801e+01
   5.2713760e+06   2.5817871e+01
   5.2877150e+06   3.0212402e+01
   5.2879240e+06   2.5756836e+01
   5.2881180e+06   2.6733398e+01
   5.2987050e+06   3.1311035e+01
   5.3097300e+06   2.7099609e+01
   5.3126300e+06   3.5278320e+01
   5.3129270e+06   2.5085449e+01
   5.3327870e+06   2.6611328e+01
   5.3372250e+06   2.5695801e+01
   5.3491540e+06   2.9968262e+01
   5.3503880e+06   3.1555176e+01
   5.3511290e+06   2.6977539e+01
   5.3567870e+06   3.0151367e+01
   5.3843960e+06   2.9724121e+01
   5.3846030e+06   2.9479980e+01
   5.3848090e+06   3.1555176e+01
   5.4030410e+06   3.1250000e+01
   5.4168350e+06   3.0456543e+01
   5.4175050e+06   2.5329590e+01
   5.4416000e+06   3.0212402e+01
   5.4451300e+06   2.6062012e+01
   5.4575440e+06   3.1188965e+01
   5.4617090e+06   2.5756836e+01
   5.4646890e+06   2.7343750e+01
   5.4705080e+06   3.1433105e+01
   5.4815870e+06   3.5400391e+01
   5.5014990e+06   3.5583496e+01
   5.5017240e+06   2.4963379e+01
   5.5084800e+06   2.9296875e+01
   5.5099550e+06   3.4606934e+01
   5.5134490e+06   2.5634766e+01
   5.5137760e+06   3.3081055e+01
   5.5142410e+06   2.8076172e+01
   5.5218230e+06   6.3415527e+01
   5.5220190e+06   3.4912109e+01
   5.5221860e+06   2.9357910e+01
   5.5222970e+06   2.7770996e+01
   5.5223950e+06   2.5268555e+01
   5.5241790e+06   3.5217285e+01
   5.5322930e+06   4.6997070e+01
   5.5327080e+06   3.9916992e+01
   5.5328210e+06   2.6733398e+01
   5.5328900e+06   2.9235840e+01
   5.5332410e+06   2.8198242e+01
   5.5350970e+06   2.6306152e+01
   5.5456080e+06   4.3212891e+01
   5.5459560e+06   5.2307129e+01
   5.5463020e+06   3.9367676e+01
   5.5468820e+06   3.2287598e+01
   5.5644210e+06   5.0720215e+01
   5.5647420e+06   4.1809082e+01
   5.5649380e+06   3.3386230e+01
   5.5650030e+06   2.6489258e+01
   5.5652300e+06   3.2958984e+01
   5.5653570e+06   3.1433105e+01
   5.5656120e+06   2.5207520e+01
   5.5868090e+06   5.4687500e+01
   5.5870140e+06   4.1015625e+01
   5.5872420e+06   2.8991699e+01
   5.5877480e+06   2.5634766e+01
   5.5883200e+06   2.6245117e+01
   5.5886160e+06   2.8808594e+01
   5.5908710e+06   2.5207520e+01
   5.6008250e+06   2.5329590e+01
   5.6181280e+06   3.4362793e+01
   5.6219970e+06   2.5085449e+01
   5.6247010e+06   2.7832031e+01
   5.6283590e+06   2.9846191e+01
   5.6287280e+06   2.9907227e+01
   5.6327230e+06   2.5451660e+01
   5.6370780e+06   2.6306152e+01
   5.6433500e+06   2.4841309e+01
   5.6586720e+06   2.5634766e+01
   5.6668690e+06   2.6184082e+01
   5.6710950e+06   2.5146484e+01
   5.6732980e+06   3.0639648e+01
   5.6825590e+06   2.5939941e+01
   5.6911570e+06   2.5207520e+01
   5.6955020e+06   2.6733398e+01
   5.7018220e+06   2.7221680e+01
   5.7099420e+06   2.5878906e+01
   5.7147160e+06   2.7648926e+01
   5.7148980e+06   2.5878906e+01
   5.7188840e+06   2.7709961e+01
   5.7209760e+06   2.9418945e+01
   5.7211680e+06   2.6916504e+01
   5.7284750e+06   2.7893066e+01
   5.7397270e+06   2.9113770e+01
   5.7450950e+06   2.5390625e+01
   5.7477530e+06   2.8808594e+01
   5.7479800e+06   2.9174805e+01
   5.7561250e+06   3.1799316e+01
   5.7563850e+06   2.6123047e+01
   5.7573310e+06   2.6000977e+01
   5.7647180e+06   2.5329590e+01
   5.7736830e+06   2.8503418e+01
   5.7737060e+06   2.6550293e+01
   5.7746830e+06   2.8076172e+01
   5.7849820e+06   2.6000977e+01
   5.7933050e+06   2.5878906e+01
   5.7972260e+06   3.1005859e+01
   5.7996490e+06   3.7963867e+01
   5.8083530e+06   2.7282715e+01
   5.8101710e+06   2.9174805e+01
   5.8160560e+06   2.5939941e+01
   5.8215290e+06   2.7343750e+01
   5.8235590e+06   3.1494141e+01
   5.8237470e+06   2.6672363e+01
   5.8274960e+06   2.6855469e+01
   5.8398590e+06   2.6367188e+01
   5.8411770e+06   2.9235840e+01
   5.8414130e+06   2.6306152e+01
   5.8421800e+06   2.7465820e+01
   5.8505580e+06   2.6428223e+01
   5.8635790e+06   3.0883789e+01
   5.8667490e+06   2.8503418e+01
   5.8668490e+06   2.9785156e+01
   5.8670930e+06   2.6916504e+01
   5.8810870e+06   3.2531738e+01
   5.8812660e+06   2.8381348e+01
   5.8869940e+06   2.7221680e+01
   5.9039770e+06   2.6184082e+01
   5.9103900e+06   2.7038574e+01
   5.9159280e+06   2.6550293e+01
   5.9161420e+06   2.7832031e+01
   5.9167370e+06   2.5817871e+01
   5.9169050e+06   2.5024414e+01
   5.9254410e+06   2.6123047e+01
   5.9371750e+06   2.7160645e+01
   5.9394820e+06   2.9296875e+01
   5.9397130e+06   2.6123047e+01
   5.9398430e+06   2.5573730e+01
   5.9455160e+06   3.1311035e+01
   5.9645340e+06   3.1982422e+01
   5.9731730e+06   2.6916504e+01
   5.9819340e+06   2.9357910e+01
   5.9842750e+06   2.6794434e+01
   5.9844780e+06   2.6367188e+01
   5.9869760e+06   2.7343750e+01
