   5.9980000e+06   0.0000000e+00
   3.1079200e+05   2.6794434e+01
   3.3602100e+05   2.6184082e+01
   3.3612500e+05   2.5939941e+01
   3.7468300e+05   2.7343750e+01
   4.4263100e+05   2.6184082e+01
   9.7124200e+05   2.7343750e+01
   9.8531500e+05   2.7221680e+01
   9.9224600e+05   2.8503418e+01
   1.0063680e+06   2.6062012e+01
   1.0523250e+06   2.8198242e+01
   1.0986330e+06   2.5939941e+01
   1.3447080e+06   2.9479980e+01
   1.4486020e+06   2.7526855e+01
   1.6828110e+06   2.6550293e+01
   1.8301600e+06   2.8259277e+01
   1.8303690e+06   2.6977539e+01
   1.9275070e+06   2.6916504e+01
   2.0251130e+06   2.7038574e+01
   2.1734630e+06   2.6611328e+01
   2.5600330e+06   2.6672363e+01
   2.7852640e+06   3.0090332e+01
   3.2351230e+06   2.5939941e+01
   3.2353260e+06   2.6489258e+01
   3.8031700e+06   2.7770996e+01
   3.8402220e+06   2.7221680e+01
   3.9561820e+06   2.7221680e+01
   3.9880600e+06   2.6000977e+01
   4.1835020e+06   2.7526855e+01
   4.1930390e+06   2.6123047e+01
   4.5438620e+06   2.9479980e+01
   4.7678180e+06   3.6193848e+01
   4.7766350e+06   2.6794434e+01
   4.8566930e+06   2.7221680e+01
   5.5164570e+06   2.7832031e+01
   5.5217980e+06   3.6071777e+01
   5.5649210e+06   2.5878906e+01
   5.5872180e+06   2.5939941e+01
