   5.9980000e+06   0.0000000e+00
   2.7684000e+04   3.8879395e+01
   3.0264000e+04   3.8635254e+01
   5.8602000e+04   3.9367676e+01
   6.5724000e+04   4.0222168e+01
   7.3979000e+04   4.2602539e+01
   8.9796000e+04   3.8208008e+01
   1.2224400e+05   4.3273926e+01
   1.2245500e+05   3.6437988e+01
   1.7185100e+05   4.4067383e+01
   1.7686500e+05   3.7536621e+01
   2.5302100e+05   4.3334961e+01
   2.6988300e+05   4.4555664e+01
   3.0962300e+05   4.0771484e+01
   3.2538900e+05   4.1809082e+01
   3.5239600e+05   4.1870117e+01
   3.6686200e+05   3.9184570e+01
   3.6786500e+05   3.7658691e+01
   4.0431800e+05   3.8513184e+01
   4.2570600e+05   4.2358398e+01
   4.4080800e+05   4.6020508e+01
   4.5167700e+05   3.7170410e+01
   4.5259000e+05   3.7841797e+01
   4.5373800e+05   4.1137695e+01
   5.0706100e+05   3.7231445e+01
   5.0727800e+05   3.5583496e+01
   5.0775400e+05   3.7963867e+01
   5.0810700e+05   3.5522461e+01
   5.2834700e+05   3.5522461e+01
   5.2855500e+05   3.8208008e+01
   5.3532500e+05   3.5766602e+01
   5.5288800e+05   3.7414551e+01
   5.7080000e+05   3.8452148e+01
   6.0939200e+05   6.2622070e+01
   6.4609300e+05   3.7231445e+01
   6.6544400e+05   3.5888672e+01
   6.7113200e+05   3.5827637e+01
   6.9529400e+05   3.9611816e+01
   7.1703800e+05   3.9550781e+01
   7.6806000e+05   3.8269043e+01
   7.8247200e+05   3.7719727e+01
   7.9297400e+05   3.6743164e+01
   7.9314700e+05   3.6621094e+01
   8.5507900e+05   4.3823242e+01
   8.5992100e+05   4.0771484e+01
   9.1437700e+05   4.4250488e+01
   9.4712900e+05   3.6804199e+01
   9.8661100e+05   3.6804199e+01
   1.0491530e+06   4.2114258e+01
   1.0676640e+06   4.3579102e+01
   1.0857660e+06   3.8085938e+01
   1.0912610e+06   3.8513184e+01
   1.1096120e+06   4.7058105e+01
   1.1248940e+06   4.0222168e+01
   1.1408940e+06   4.0344238e+01
   1.1524810e+06   3.9245605e+01
   1.1653060e+06   3.7170410e+01
   1.1886360e+06   4.1076660e+01
   1.1989590e+06   4.1564941e+01
   1.1998530e+06   3.7231445e+01
   1.2017320e+06   3.8146973e+01
   1.2384090e+06   3.7231445e+01
   1.2432930e+06   3.9550781e+01
   1.2551320e+06   3.7475586e+01
   1.2724830e+06   3.6132813e+01
   1.2747100e+06   4.4189453e+01
   1.2816820e+06   3.9794922e+01
   1.3027400e+06   3.5705566e+01
   1.3191580e+06   4.9560547e+01
   1.3422870e+06   3.6376953e+01
   1.3651730e+06   4.1320801e+01
   1.3658240e+06   4.0954590e+01
   1.4502270e+06   4.2053223e+01
   1.4756740e+06   3.7048340e+01
   1.4760550e+06   3.7170410e+01
   1.5172920e+06   3.9184570e+01
   1.5751380e+06   4.1015625e+01
   1.6238300e+06   3.7292480e+01
   1.6259910e+06   3.8574219e+01
   1.6762610e+06   4.0832520e+01
   1.6879540e+06   3.9489746e+01
   1.6887630e+06   4.1809082e+01
   1.6904510e+06   3.6499023e+01
   1.6951410e+06   3.6437988e+01
   1.6960160e+06   4.0222168e+01
   1.6964210e+06   3.9978027e+01
   1.7144580e+06   3.6926270e+01
   1.7319250e+06   4.0222168e+01
   1.7464760e+06   4.1381836e+01
   1.7725710e+06   4.0039063e+01
   1.7829200e+06   4.2724609e+01
   1.7992310e+06   3.9306641e+01
   1.8087580e+06   4.3029785e+01
   1.8236280e+06   3.6926270e+01
   1.8239600e+06   3.9062500e+01
   1.8420980e+06   3.7048340e+01
   1.8708370e+06   3.7780762e+01
   1.9611400e+06   4.2236328e+01
   1.9775330e+06   5.0842285e+01
   1.9779020e+06   3.6743164e+01
   2.0379710e+06   4.2114258e+01
   2.0481520e+06   3.6071777e+01
   2.0486020e+06   3.6010742e+01
   2.1052440e+06   4.4250488e+01
   2.1055480e+06   4.4067383e+01
   2.1712190e+06   3.9978027e+01
   2.1717820e+06   3.7719727e+01
   2.2063500e+06   4.2175293e+01
   2.2145500e+06   4.5166016e+01
   2.2151140e+06   3.7170410e+01
   2.2223100e+06   3.6376953e+01
   2.2250660e+06   3.6132813e+01
   2.2266990e+06   4.1992188e+01
   2.2316130e+06   3.7170410e+01
   2.2317780e+06   3.7658691e+01
   2.2511870e+06   4.2297363e+01
   2.2679660e+06   3.6254883e+01
   2.2845070e+06   3.6437988e+01
   2.2895640e+06   3.8940430e+01
   2.3050970e+06   3.8696289e+01
   2.3285590e+06   4.0649414e+01
   2.3394280e+06   4.2053223e+01
   2.3403400e+06   4.0832520e+01
   2.3576940e+06   3.8269043e+01
   2.3972750e+06   3.8757324e+01
   2.4186410e+06   4.3029785e+01
   2.4396920e+06   3.7780762e+01
   2.5196510e+06   4.8156738e+01
   2.5198230e+06   4.4738770e+01
   2.5386060e+06   4.0527344e+01
   2.5387890e+06   3.5461426e+01
   2.5708500e+06   4.4494629e+01
   2.5711820e+06   3.8513184e+01
   2.6262770e+06   5.2001953e+01
   2.6266300e+06   4.1625977e+01
   2.6518730e+06   4.3457031e+01
   2.6520830e+06   4.2846680e+01
   2.6846920e+06   4.8156738e+01
   2.6972350e+06   4.4433594e+01
   2.6991000e+06   3.6804199e+01
   2.7217820e+06   3.6315918e+01
   2.7238450e+06   3.5949707e+01
   2.7254520e+06   3.6804199e+01
   2.7262580e+06   3.6071777e+01
   2.7269290e+06   4.1198730e+01
   2.7273940e+06   3.9550781e+01
   2.7742420e+06   3.5522461e+01
   2.7855000e+06   3.7109375e+01
   2.7865200e+06   3.8940430e+01
   2.7936430e+06   3.7597656e+01
   2.8097200e+06   4.3395996e+01
   2.8261240e+06   4.1015625e+01
   2.8268700e+06   4.0588379e+01
   2.8532110e+06   4.1137695e+01
   2.8563690e+06   4.1809082e+01
   2.8629860e+06   3.7353516e+01
   2.8921220e+06   3.7536621e+01
   2.8984140e+06   3.6437988e+01
   2.8984560e+06   3.5705566e+01
   2.8987450e+06   3.7597656e+01
   2.9252180e+06   4.1320801e+01
   2.9571890e+06   3.6560059e+01
   3.0400130e+06   4.1748047e+01
   3.0505610e+06   4.2053223e+01
   3.1055200e+06   4.1137695e+01
   3.1315750e+06   4.0527344e+01
   3.1801140e+06   4.2053223e+01
   3.2036080e+06   4.0466309e+01
   3.2348370e+06   4.1320801e+01
   3.2350350e+06   3.8146973e+01
   3.2463250e+06   3.6926270e+01
   3.2676190e+06   3.8513184e+01
   3.2877830e+06   4.0222168e+01
   3.2879450e+06   3.6682129e+01
   3.3057080e+06   4.1992188e+01
   3.3066740e+06   3.8024902e+01
   3.3080960e+06   4.3579102e+01
   3.3259430e+06   4.2663574e+01
   3.3371040e+06   3.9489746e+01
   3.3669830e+06   4.1320801e+01
   3.3787780e+06   4.1503906e+01
   3.3926040e+06   3.6132813e+01
   3.3927300e+06   4.1564941e+01
   3.4117640e+06   4.2480469e+01
   3.4239840e+06   3.8879395e+01
   3.4271810e+06   3.9489746e+01
   3.4276040e+06   3.5827637e+01
   3.4415580e+06   3.7536621e+01
   3.4424390e+06   4.0649414e+01
   3.4475510e+06   3.9794922e+01
   3.4625880e+06   3.6254883e+01
   3.4878550e+06   4.7241211e+01
   3.4962480e+06   3.8574219e+01
   3.5162790e+06   3.6926270e+01
   3.5331760e+06   4.2053223e+01
   3.5332990e+06   4.8095703e+01
   3.5589340e+06   4.1748047e+01
   3.5758060e+06   3.6743164e+01
   3.5859820e+06   4.8461914e+01
   3.5954870e+06   4.0222168e+01
   3.5956810e+06   3.6437988e+01
   3.6284360e+06   3.5461426e+01
   3.6532700e+06   3.9611816e+01
   3.7068120e+06   3.7292480e+01
   3.7139140e+06   4.7424316e+01
   3.7147210e+06   3.8024902e+01
   3.7260500e+06   4.2907715e+01
   3.7515170e+06   3.8696289e+01
   3.7553290e+06   3.5888672e+01
   3.7587110e+06   3.6987305e+01
   3.7744640e+06   3.5461426e+01
   3.7766970e+06   3.6254883e+01
   3.7767780e+06   3.5644531e+01
   3.7906250e+06   3.9245605e+01
   3.7914410e+06   3.6621094e+01
   3.7977740e+06   3.8146973e+01
   3.8181610e+06   3.7902832e+01
   3.8280750e+06   3.6071777e+01
   3.8364420e+06   3.5705566e+01
   3.8376640e+06   3.7109375e+01
   3.8563820e+06   3.7475586e+01
   3.8748210e+06   3.9794922e+01
   3.8760960e+06   3.6804199e+01
   3.9086310e+06   4.2480469e+01
   3.9172980e+06   3.7536621e+01
   3.9174760e+06   3.5888672e+01
   3.9445480e+06   3.8757324e+01
   3.9947660e+06   3.9672852e+01
   4.1736570e+06   3.6132813e+01
   4.1930760e+06   4.3334961e+01
   4.2580150e+06   3.9733887e+01
   4.2687840e+06   3.7841797e+01
   4.2905640e+06   3.6621094e+01
   4.2907720e+06   3.6071777e+01
   4.2983120e+06   6.9091797e+01
   4.2985040e+06   3.5583496e+01
   4.2986600e+06   4.0039063e+01
   4.3183380e+06   3.7841797e+01
   4.3296610e+06   3.9001465e+01
   4.3363900e+06   3.9489746e+01
   4.3815830e+06   3.7170410e+01
   4.3834420e+06   3.5949707e+01
   4.4036190e+06   3.7414551e+01
   4.4044280e+06   3.7231445e+01
   4.4168570e+06   3.9184570e+01
   4.4169710e+06   4.1259766e+01
   4.4171690e+06   3.5522461e+01
   4.4172980e+06   3.5949707e+01
   4.4176930e+06   3.6804199e+01
   4.4186020e+06   3.5888672e+01
   4.4615610e+06   3.5888672e+01
   4.5035980e+06   5.0415039e+01
   4.5249540e+06   3.9306641e+01
   4.5441950e+06   3.9306641e+01
   4.6053520e+06   3.9428711e+01
   4.6361980e+06   3.8208008e+01
   4.6405110e+06   3.6254883e+01
   4.6409870e+06   4.2236328e+01
   4.6414610e+06   3.7536621e+01
   4.7712760e+06   3.6193848e+01
   4.7910030e+06   3.6132813e+01
   4.8320200e+06   3.8696289e+01
   4.8500790e+06   3.6743164e+01
   4.8502610e+06   3.9306641e+01
   4.9066740e+06   4.8217773e+01
   4.9069070e+06   3.8024902e+01
   4.9069840e+06   3.5644531e+01
   4.9074180e+06   3.6315918e+01
   4.9078630e+06   3.9306641e+01
   4.9089870e+06   3.6193848e+01
   4.9273460e+06   3.7963867e+01
   4.9454560e+06   3.8208008e+01
   4.9691320e+06   3.7597656e+01
   4.9709070e+06   3.6193848e+01
   5.0015460e+06   3.9184570e+01
   5.0018790e+06   4.0771484e+01
   5.0079080e+06   3.7414551e+01
   5.0090760e+06   3.9550781e+01
   5.0322570e+06   4.2297363e+01
   5.0329820e+06   3.9123535e+01
   5.0333620e+06   3.8940430e+01
   5.0622930e+06   3.5522461e+01
   5.0803380e+06   4.4738770e+01
   5.3778330e+06   3.6743164e+01
   5.3780960e+06   4.4311523e+01
   5.3784360e+06   3.9367676e+01
   5.3785260e+06   3.9245605e+01
   5.3797550e+06   3.5461426e+01
   5.3822100e+06   3.5766602e+01
   5.3984370e+06   3.7414551e+01
   5.3990780e+06   3.8696289e+01
   5.4106200e+06   4.0283203e+01
   5.4109820e+06   3.6071777e+01
   5.4160230e+06   3.8635254e+01
   5.4322770e+06   3.6499023e+01
   5.4434690e+06   3.7780762e+01
   5.4438200e+06   3.9306641e+01
   5.4879980e+06   4.5227051e+01
   5.5111330e+06   4.1442871e+01
   5.5316000e+06   3.6804199e+01
   5.5322740e+06   3.6254883e+01
   5.5328220e+06   3.6193848e+01
   5.5725490e+06   4.2480469e+01
   5.5783770e+06   3.6376953e+01
   5.5784580e+06   4.1931152e+01
   5.5876550e+06   3.6437988e+01
   5.9128400e+06   4.4921875e+01
   5.9209230e+06   4.1381836e+01
   5.9211590e+06   3.9794922e+01
   5.9220890e+06   3.6437988e+01
   5.9420530e+06   3.7475586e+01
   5.9605140e+06   3.6865234e+01
   5.9661210e+06   3.6804199e+01
   5.9839610e+06   4.2236328e+01
   5.9869630e+06   3.9672852e+01
