   5.9980000e+06   0.0000000e+00
   1.6981000e+04   4.0527344e+01
   1.7201000e+04   4.1687012e+01
   1.7328000e+04   3.7048340e+01
   1.7346000e+04   5.3833008e+01
   1.7450000e+04   3.6621094e+01
   1.7462000e+04   4.3273926e+01
   1.7769000e+04   5.1574707e+01
   1.7787000e+04   3.9489746e+01
   2.8242000e+04   4.9194336e+01
   2.8391000e+04   3.6926270e+01
   2.8873000e+04   5.9936523e+01
   2.8991000e+04   3.9062500e+01
   2.9807000e+04   3.7109375e+01
   6.2012000e+04   5.6762695e+01
   6.2187000e+04   4.4433594e+01
   6.2403000e+04   5.4138184e+01
   6.3561000e+04   5.1025391e+01
   7.3643000e+04   4.4006348e+01
   7.3676000e+04   4.9987793e+01
   8.1213000e+04   5.4504395e+01
   8.1226000e+04   5.4626465e+01
   8.9405000e+04   3.9245605e+01
   8.9616000e+04   5.4260254e+01
   9.2605000e+04   6.4758301e+01
   9.2651000e+04   5.1452637e+01
   9.2755000e+04   4.6752930e+01
   9.4850000e+04   3.7963867e+01
   9.4944000e+04   5.9020996e+01
   2.3438600e+05   4.4860840e+01
   2.3450900e+05   3.7231445e+01
   2.3463700e+05   6.3171387e+01
   2.4479600e+05   3.7536621e+01
   2.5229800e+05   6.4025879e+01
   2.6557900e+05   5.9143066e+01
   2.7771500e+05   5.0598145e+01
   3.2413900e+05   7.6110840e+01
   3.2887500e+05   7.1166992e+01
   3.2911100e+05   5.4199219e+01
   3.8130800e+05   4.0527344e+01
   3.8189800e+05   7.7087402e+01
   3.8195600e+05   3.9794922e+01
   3.8209900e+05   5.5358887e+01
   4.0964800e+05   6.5734863e+01
   4.3419000e+05   6.8603516e+01
   4.4471400e+05   4.2907715e+01
   4.4482300e+05   4.1503906e+01
   4.4624100e+05   3.8085938e+01
   4.5298200e+05   7.0373535e+01
   4.5301000e+05   4.6081543e+01
   4.5311300e+05   5.1757813e+01
   4.5432400e+05   6.2622070e+01
   4.5441900e+05   3.9978027e+01
   4.5447700e+05   6.4392090e+01
   4.5463900e+05   4.6630859e+01
   4.5467700e+05   5.1574707e+01
   4.5497600e+05   5.6335449e+01
   4.5511800e+05   4.3640137e+01
   4.5518400e+05   5.1208496e+01
   4.5524700e+05   3.6621094e+01
   4.5528300e+05   3.6804199e+01
   4.5556900e+05   6.0913086e+01
   4.5559400e+05   4.0649414e+01
   4.5619300e+05   4.0161133e+01
   4.6035900e+05   3.9916992e+01
   4.8123400e+05   5.1147461e+01
   4.8666700e+05   5.0842285e+01
   4.8719500e+05   4.8706055e+01
   4.9235600e+05   3.7780762e+01
   4.9585500e+05   4.6691895e+01
   4.9609100e+05   5.9265137e+01
   4.9621300e+05   3.8879395e+01
   4.9697100e+05   4.1748047e+01
   4.9726000e+05   5.3405762e+01
   4.9739900e+05   3.8208008e+01
   4.9755200e+05   4.1564941e+01
   5.0566200e+05   4.9255371e+01
   5.0587200e+05   3.7841797e+01
   5.0594200e+05   3.9855957e+01
   5.0608300e+05   4.1931152e+01
   5.0824300e+05   5.1025391e+01
   5.0844200e+05   3.8146973e+01
   5.0895300e+05   3.6743164e+01
   5.1015100e+05   4.9377441e+01
   5.1144300e+05   4.0954590e+01
   5.3394700e+05   3.7414551e+01
   5.3421800e+05   3.8330078e+01
   5.3523800e+05   5.8654785e+01
   5.3537700e+05   4.8461914e+01
   5.3549900e+05   3.9733887e+01
   5.3570000e+05   4.2114258e+01
   5.3586300e+05   3.7963867e+01
   5.7027100e+05   5.5664063e+01
   5.7035400e+05   3.6865234e+01
   5.7041500e+05   6.7749023e+01
   5.7064900e+05   5.8288574e+01
   5.7086600e+05   4.2785645e+01
   5.7218800e+05   4.6081543e+01
   5.7297200e+05   5.7800293e+01
   5.9669300e+05   5.3527832e+01
   6.0915900e+05   5.9631348e+01
   6.0932000e+05   5.7006836e+01
   6.0933800e+05   7.6782227e+01
   6.0954500e+05   3.6865234e+01
   6.2798100e+05   6.4819336e+01
   6.2800500e+05   5.1452637e+01
   6.2828000e+05   5.7312012e+01
   6.2837900e+05   6.3903809e+01
   6.2842700e+05   4.3823242e+01
   6.2872700e+05   5.1818848e+01
   6.2875000e+05   4.9926758e+01
   6.2877600e+05   4.0710449e+01
   6.2901800e+05   5.6823730e+01
   6.2946300e+05   5.1635742e+01
   6.2981600e+05   5.1452637e+01
   6.2985300e+05   3.8574219e+01
   6.3024700e+05   6.3293457e+01
   6.3047100e+05   5.0231934e+01
   6.3062200e+05   5.3222656e+01
   6.3150400e+05   5.1696777e+01
   6.3159600e+05   4.6020508e+01
   6.3180200e+05   3.8635254e+01
   6.3308800e+05   3.7597656e+01
   6.3324800e+05   4.2663574e+01
   6.3655900e+05   3.9489746e+01
   6.5442200e+05   6.7138672e+01
   6.5523600e+05   6.1706543e+01
   6.7153400e+05   5.6701660e+01
   6.7189600e+05   5.5358887e+01
   6.7291100e+05   4.9011230e+01
   6.7307700e+05   3.6926270e+01
   6.7384000e+05   5.8166504e+01
   6.7396300e+05   4.4677734e+01
   6.8645900e+05   4.3090820e+01
   6.8657200e+05   4.1503906e+01
   6.8916700e+05   5.7434082e+01
   6.8933000e+05   5.4992676e+01
   6.8956700e+05   3.9916992e+01
   6.8994300e+05   3.8757324e+01
   6.9560200e+05   5.2307129e+01
   7.1535100e+05   6.1584473e+01
   7.1565700e+05   5.4809570e+01
   7.1611500e+05   5.0720215e+01
   7.2888100e+05   6.4819336e+01
   7.2923600e+05   5.5541992e+01
   7.2926200e+05   5.4138184e+01
   7.2944500e+05   6.1889648e+01
   7.3007000e+05   6.1889648e+01
   7.3037800e+05   3.9062500e+01
   7.3059700e+05   5.1635742e+01
   7.3093300e+05   3.9306641e+01
   7.3141700e+05   3.7353516e+01
   7.3154900e+05   5.3649902e+01
   7.3540400e+05   4.0588379e+01
   7.3543600e+05   4.8461914e+01
   7.3585100e+05   4.5043945e+01
   7.4460900e+05   3.8269043e+01
   7.4493000e+05   3.9245605e+01
   8.0535700e+05   4.2541504e+01
   8.8279100e+05   4.6813965e+01
   8.8608300e+05   5.1879883e+01
   8.9368900e+05   4.1809082e+01
   9.0016600e+05   4.3762207e+01
   9.0600800e+05   4.5837402e+01
   9.0641400e+05   3.9855957e+01
   9.0648400e+05   3.6682129e+01
   9.0654100e+05   6.3842773e+01
   9.0805500e+05   4.1809082e+01
   9.0824600e+05   5.6945801e+01
   9.2050700e+05   7.5195313e+01
   9.2116700e+05   6.4086914e+01
   9.2119000e+05   6.3781738e+01
   9.9977300e+05   4.8095703e+01
   1.0753320e+06   5.7128906e+01
   1.0777460e+06   5.8898926e+01
   1.1035960e+06   7.0861816e+01
   1.1368240e+06   5.9692383e+01
   1.1427640e+06   5.9265137e+01
   1.1428590e+06   5.0964355e+01
   1.1429730e+06   4.1503906e+01
   1.1429830e+06   6.3049316e+01
   1.1432850e+06   7.0983887e+01
   1.1433130e+06   5.8349609e+01
   1.1434010e+06   5.1757813e+01
   1.1562250e+06   3.7231445e+01
   1.1801520e+06   3.9245605e+01
   1.1803750e+06   3.8696289e+01
   1.1846730e+06   5.8410645e+01
   1.1848100e+06   6.9946289e+01
   1.1922530e+06   4.4494629e+01
   1.1925890e+06   7.0617676e+01
   1.1926560e+06   9.2346191e+01
   1.1927360e+06   4.4738770e+01
   1.1930180e+06   6.8603516e+01
   1.1931390e+06   4.8889160e+01
   1.1931550e+06   5.2490234e+01
   1.1945880e+06   5.6396484e+01
   1.1947050e+06   3.9733887e+01
   1.1979970e+06   6.0180664e+01
   1.1982370e+06   4.4860840e+01
   1.1986950e+06   6.4636230e+01
   1.2013580e+06   5.4199219e+01
   1.2014110e+06   5.7128906e+01
   1.2016100e+06   4.6203613e+01
   1.2017520e+06   4.2297363e+01
   1.2021300e+06   4.4372559e+01
   1.2024770e+06   4.0771484e+01
   1.2025940e+06   3.6987305e+01
   1.2027560e+06   4.0710449e+01
   1.2032720e+06   4.2785645e+01
   1.2034150e+06   3.9916992e+01
   1.2398960e+06   6.3659668e+01
   1.2426360e+06   4.2114258e+01
   1.2427440e+06   6.9213867e+01
   1.2428920e+06   4.8583984e+01
   1.2433650e+06   4.8034668e+01
   1.2437740e+06   3.6743164e+01
   1.2471010e+06   7.5378418e+01
   1.2558920e+06   5.5908203e+01
   1.2560610e+06   5.4199219e+01
   1.2563950e+06   5.2612305e+01
   1.2576610e+06   4.8156738e+01
   1.2583140e+06   3.9733887e+01
   1.2584300e+06   5.0537109e+01
   1.2584440e+06   4.6508789e+01
   1.2585580e+06   3.8085938e+01
   1.2779520e+06   5.6884766e+01
   1.2789350e+06   5.6335449e+01
   1.2791870e+06   5.0720215e+01
   1.2854720e+06   4.3823242e+01
   1.2981770e+06   5.5236816e+01
   1.3075700e+06   5.9448242e+01
   1.3302370e+06   5.2246094e+01
   1.3310830e+06   6.6223145e+01
   1.3746620e+06   4.5959473e+01
   1.3747630e+06   5.7128906e+01
   1.3747960e+06   4.2541504e+01
   1.4506680e+06   7.6293945e+01
   1.4862790e+06   6.8359375e+01
   1.4865860e+06   5.3894043e+01
   1.4868450e+06   6.0546875e+01
   1.5249620e+06   4.1809082e+01
   1.5325510e+06   3.8024902e+01
   1.5448250e+06   3.6926270e+01
   1.5747940e+06   6.2805176e+01
   1.5749020e+06   7.0251465e+01
   1.6189460e+06   5.1086426e+01
   1.6190630e+06   4.2480469e+01
   1.6221820e+06   3.7109375e+01
   1.6233620e+06   6.4514160e+01
   1.6234910e+06   5.0231934e+01
   1.6236630e+06   6.7260742e+01
   1.6244370e+06   5.2307129e+01
   1.6251670e+06   4.8034668e+01
   1.6253730e+06   5.9082031e+01
   1.6268810e+06   5.3283691e+01
   1.6288580e+06   3.9428711e+01
   1.6290430e+06   3.7597656e+01
   1.6452400e+06   5.7556152e+01
   1.6873720e+06   7.0251465e+01
   1.6919960e+06   7.2204590e+01
   1.6921020e+06   4.5410156e+01
   1.6921880e+06   3.8574219e+01
   1.6926100e+06   6.0119629e+01
   1.6931300e+06   6.0974121e+01
   1.6936580e+06   4.4982910e+01
   1.6939510e+06   6.7199707e+01
   1.6943010e+06   3.8452148e+01
   1.6943440e+06   5.1635742e+01
   1.6943910e+06   7.0434570e+01
   1.6946590e+06   3.8635254e+01
   1.6947200e+06   5.2917480e+01
   1.6948730e+06   4.7607422e+01
   1.6951810e+06   4.9133301e+01
   1.6952390e+06   3.8696289e+01
   1.6952710e+06   5.3955078e+01
   1.6953030e+06   5.5908203e+01
   1.6955400e+06   5.7189941e+01
   1.6957930e+06   4.9377441e+01
   1.6959230e+06   3.9794922e+01
   1.6963360e+06   4.0527344e+01
   1.6965730e+06   3.7048340e+01
   1.6967250e+06   3.7414551e+01
   1.7361270e+06   6.3964844e+01
   1.7369480e+06   5.3527832e+01
   1.7371140e+06   5.9509277e+01
   1.7372230e+06   3.7292480e+01
   1.7372430e+06   6.9152832e+01
   1.7377060e+06   4.7607422e+01
   1.7389300e+06   4.8522949e+01
   1.7393720e+06   3.7353516e+01
   1.7450420e+06   3.7780762e+01
   1.7467100e+06   5.7373047e+01
   1.7468910e+06   4.0283203e+01
   1.7517610e+06   5.5786133e+01
   1.7519450e+06   4.5776367e+01
   1.7710180e+06   6.1767578e+01
   1.7791550e+06   7.4401855e+01
   1.7805390e+06   7.6049805e+01
   1.7809140e+06   6.4392090e+01
   1.7809860e+06   5.0170898e+01
   1.7818720e+06   5.1086426e+01
   1.8140230e+06   5.2612305e+01
   1.8832910e+06   4.2297363e+01
   1.8834290e+06   3.7658691e+01
   1.9469150e+06   4.1809082e+01
   1.9754530e+06   3.6926270e+01
   1.9772570e+06   4.6264648e+01
   1.9773380e+06   6.0729980e+01
   1.9774140e+06   4.5104980e+01
   2.0094960e+06   4.8339844e+01
   2.0339120e+06   3.7780762e+01
   2.0541980e+06   4.1442871e+01
   2.0543070e+06   4.7729492e+01
   2.0715330e+06   6.4575195e+01
   2.0715780e+06   7.1838379e+01
   2.0717540e+06   3.9123535e+01
   2.1573360e+06   4.3945313e+01
   2.1673890e+06   4.0527344e+01
   2.1675910e+06   5.6274414e+01
   2.1708430e+06   6.2194824e+01
   2.1709740e+06   6.3842773e+01
   2.1808660e+06   3.6743164e+01
   2.1809300e+06   4.0466309e+01
   2.2250490e+06   6.7199707e+01
   2.2251660e+06   6.4147949e+01
   2.2266340e+06   3.8269043e+01
   2.2266450e+06   5.0781250e+01
   2.2269620e+06   4.5410156e+01
   2.2270550e+06   5.8105469e+01
   2.2272180e+06   6.1950684e+01
   2.2272600e+06   4.5532227e+01
   2.2273380e+06   5.2551270e+01
   2.2274830e+06   4.8339844e+01
   2.2287460e+06   5.1086426e+01
   2.2288660e+06   3.9245605e+01
   2.2288990e+06   4.0161133e+01
   2.2293030e+06   3.7963867e+01
   2.2296900e+06   4.3457031e+01
   2.2297380e+06   5.6884766e+01
   2.2313200e+06   3.9184570e+01
   2.2315800e+06   3.9123535e+01
   2.2318390e+06   4.3090820e+01
   2.2326920e+06   3.9184570e+01
   2.2327410e+06   3.8452148e+01
   2.2718480e+06   5.6579590e+01
   2.2721260e+06   5.2246094e+01
   2.2723030e+06   4.1259766e+01
   2.2839890e+06   6.4208984e+01
   2.2860160e+06   4.5715332e+01
   2.2892920e+06   4.6630859e+01
   2.2895790e+06   4.7241211e+01
   2.2898030e+06   6.9091797e+01
   2.2898800e+06   5.0842285e+01
   2.3049750e+06   5.5297852e+01
   2.3051200e+06   3.8818359e+01
   2.3052480e+06   3.7963867e+01
   2.3405550e+06   4.9011230e+01
   2.3895630e+06   7.0007324e+01
   2.4025080e+06   6.9091797e+01
   2.4027300e+06   5.5541992e+01
   2.4038820e+06   3.7719727e+01
   2.4039130e+06   5.7434082e+01
   2.4134070e+06   4.5654297e+01
   2.4135550e+06   5.1025391e+01
   2.4136820e+06   3.9062500e+01
   2.4138660e+06   4.1809082e+01
   2.4406560e+06   3.8085938e+01
   2.4840860e+06   4.1992188e+01
   2.5326900e+06   4.3762207e+01
   2.6327560e+06   5.1025391e+01
   2.6330460e+06   3.7780762e+01
   2.6945590e+06   3.8696289e+01
   2.6947500e+06   3.6865234e+01
   2.6951660e+06   4.9438477e+01
   2.6963310e+06   4.3151855e+01
   2.6970260e+06   5.3588867e+01
   2.6970660e+06   4.9865723e+01
   2.6971020e+06   3.7780762e+01
   2.6980050e+06   6.5307617e+01
   2.6980370e+06   5.3955078e+01
   2.6987610e+06   4.6569824e+01
   2.6988230e+06   6.1340332e+01
   2.7004560e+06   7.2692871e+01
   2.7009130e+06   3.7719727e+01
   2.7009930e+06   3.8635254e+01
   2.7010160e+06   5.9387207e+01
   2.7014310e+06   3.9916992e+01
   2.7018600e+06   5.3649902e+01
   2.7018770e+06   5.6091309e+01
   2.7026440e+06   5.8715820e+01
   2.7149420e+06   5.3222656e+01
   2.7191630e+06   4.0283203e+01
   2.7249630e+06   6.9763184e+01
   2.7259960e+06   4.6569824e+01
   2.7260220e+06   5.5847168e+01
   2.7262690e+06   5.4138184e+01
   2.7264970e+06   5.0964355e+01
   2.7265130e+06   6.5673828e+01
   2.7266570e+06   4.0466309e+01
   2.7266930e+06   6.0180664e+01
   2.7268410e+06   4.1931152e+01
   2.7268830e+06   5.6518555e+01
   2.7271050e+06   4.3884277e+01
   2.7271710e+06   5.6640625e+01
   2.7272640e+06   4.0466309e+01
   2.7273830e+06   3.9306641e+01
   2.7278100e+06   4.3457031e+01
   2.7284780e+06   4.1503906e+01
   2.7288150e+06   3.7719727e+01
   2.7288270e+06   4.1442871e+01
   2.7288770e+06   3.9245605e+01
   2.7290520e+06   4.4006348e+01
   2.7300000e+06   3.7475586e+01
   2.7305580e+06   4.4189453e+01
   2.7736340e+06   6.4147949e+01
   2.7738210e+06   5.0231934e+01
   2.7739270e+06   5.0903320e+01
   2.7740910e+06   4.1198730e+01
   2.7742330e+06   4.0222168e+01
   2.7743860e+06   4.7241211e+01
   2.7865250e+06   6.3354492e+01
   2.7919490e+06   5.6823730e+01
   2.7923830e+06   5.4870605e+01
   2.7926800e+06   5.0231934e+01
   2.7935730e+06   4.2114258e+01
   2.8020690e+06   5.3527832e+01
   2.8034630e+06   5.2978516e+01
   2.8093370e+06   4.9926758e+01
   2.8096040e+06   6.5368652e+01
   2.8205640e+06   5.0231934e+01
   2.8260140e+06   6.5795898e+01
   2.8271660e+06   6.2133789e+01
   2.8272410e+06   5.9509277e+01
   2.8273190e+06   4.8095703e+01
   2.8274560e+06   3.8757324e+01
   2.8288590e+06   5.4138184e+01
   2.8313050e+06   6.7749023e+01
   2.8323700e+06   5.3283691e+01
   2.8324590e+06   3.7902832e+01
   2.8523550e+06   6.3415527e+01
   2.8525300e+06   5.3466797e+01
   2.8525650e+06   6.1584473e+01
   2.8526570e+06   4.5410156e+01
   2.8618170e+06   6.1096191e+01
   2.8983380e+06   6.5063477e+01
   2.9078550e+06   4.4616699e+01
   2.9179040e+06   4.2968750e+01
   2.9179930e+06   6.2927246e+01
   2.9180980e+06   5.1818848e+01
   3.0504820e+06   3.8513184e+01
   3.0621920e+06   3.6865234e+01
   3.1167510e+06   6.3171387e+01
   3.1169940e+06   3.9428711e+01
   3.1199460e+06   3.7170410e+01
   3.1637830e+06   7.7270508e+01
   3.1638200e+06   7.4279785e+01
   3.1999720e+06   7.4035645e+01
   3.2342060e+06   6.7687988e+01
   3.3011150e+06   6.2133789e+01
   3.3030690e+06   4.6813965e+01
   3.3031150e+06   6.4941406e+01
   3.3031340e+06   4.5593262e+01
   3.3032010e+06   9.6008301e+01
   3.3032320e+06   5.4260254e+01
   3.3058290e+06   3.6926270e+01
   3.3064910e+06   6.7016602e+01
   3.3065710e+06   6.2561035e+01
   3.3065990e+06   5.3955078e+01
   3.3067690e+06   6.8847656e+01
   3.3068050e+06   5.4016113e+01
   3.3069960e+06   4.3884277e+01
   3.3070120e+06   4.1748047e+01
   3.3072770e+06   4.8889160e+01
   3.3075440e+06   3.9794922e+01
   3.3077840e+06   4.4799805e+01
   3.3082740e+06   4.4372559e+01
   3.3087490e+06   4.2846680e+01
   3.3090820e+06   3.8085938e+01
   3.3542670e+06   7.0190430e+01
   3.3551150e+06   5.7312012e+01
   3.3560040e+06   5.7006836e+01
   3.3561460e+06   5.4077148e+01
   3.3562790e+06   4.5104980e+01
   3.3563230e+06   3.8452148e+01
   3.3563890e+06   4.4799805e+01
   3.3564900e+06   3.8940430e+01
   3.3586420e+06   3.8696289e+01
   3.3692240e+06   5.3283691e+01
   3.3693230e+06   4.9926758e+01
   3.3694460e+06   6.6894531e+01
   3.3701430e+06   5.7617188e+01
   3.3707020e+06   5.3894043e+01
   3.3709010e+06   3.8940430e+01
   3.3783180e+06   5.8532715e+01
   3.3896840e+06   4.8339844e+01
   3.3898500e+06   5.1879883e+01
   3.3901710e+06   5.7861328e+01
   3.3924050e+06   6.5856934e+01
   3.3924400e+06   3.7841797e+01
   3.3925010e+06   4.5227051e+01
   3.3950850e+06   4.7912598e+01
   3.3954840e+06   4.2114258e+01
   3.4016780e+06   4.3518066e+01
   3.4018770e+06   5.8532715e+01
   3.4020350e+06   5.6701660e+01
   3.4021730e+06   5.1818848e+01
   3.4069060e+06   3.7170410e+01
   3.4132950e+06   5.8044434e+01
   3.4220140e+06   7.1166992e+01
   3.4221190e+06   4.8278809e+01
   3.4221560e+06   6.6406250e+01
   3.4240420e+06   6.7077637e+01
   3.4272320e+06   5.0354004e+01
   3.4303520e+06   5.4382324e+01
   3.4311520e+06   5.2062988e+01
   3.4312060e+06   4.1198730e+01
   3.4314670e+06   4.8095703e+01
   3.4314950e+06   4.0832520e+01
   3.4315720e+06   4.2358398e+01
   3.4378850e+06   3.6804199e+01
   3.4414920e+06   3.9489746e+01
   3.4415180e+06   6.0058594e+01
   3.4431430e+06   5.5541992e+01
   3.4467570e+06   5.5053711e+01
   3.4467770e+06   4.7546387e+01
   3.4468550e+06   3.7719727e+01
   3.4475270e+06   3.9001465e+01
   3.4478130e+06   4.9621582e+01
   3.4478660e+06   4.6508789e+01
   3.4486120e+06   4.5104980e+01
   3.4486240e+06   4.6630859e+01
   3.4486860e+06   4.7180176e+01
   3.4489390e+06   4.1503906e+01
   3.4492980e+06   4.6142578e+01
   3.4502150e+06   4.0344238e+01
   3.4508840e+06   4.1564941e+01
   3.4509370e+06   4.2724609e+01
   3.4517110e+06   4.3518066e+01
   3.4538600e+06   3.9916992e+01
   3.4544250e+06   3.8391113e+01
   3.4874350e+06   5.6823730e+01
   3.4876240e+06   4.8461914e+01
   3.4878170e+06   4.0649414e+01
   3.4880150e+06   4.9072266e+01
   3.4882100e+06   4.4189453e+01
   3.4916800e+06   5.4443359e+01
   3.4960380e+06   6.5551758e+01
   3.4969590e+06   5.4321289e+01
   3.4971740e+06   4.6752930e+01
   3.4980800e+06   5.1086426e+01
   3.4991650e+06   5.9387207e+01
   3.4991890e+06   5.4687500e+01
   3.5002930e+06   4.7729492e+01
   3.5163450e+06   7.1105957e+01
   3.5163890e+06   7.0861816e+01
   3.5164190e+06   5.9204102e+01
   3.5437880e+06   6.0607910e+01
   3.5728590e+06   4.5532227e+01
   3.5855300e+06   7.2692871e+01
   3.5958360e+06   6.3293457e+01
   3.6132820e+06   3.7780762e+01
   3.6357110e+06   7.1105957e+01
   3.6534780e+06   3.7292480e+01
   3.6672180e+06   4.9926758e+01
   3.6674440e+06   4.0405273e+01
   3.6674550e+06   5.0292969e+01
   3.6675000e+06   7.1044922e+01
   3.6763630e+06   3.9184570e+01
   3.6763860e+06   5.5053711e+01
   3.6771750e+06   4.3395996e+01
   3.6772680e+06   4.5349121e+01
   3.6810520e+06   4.6630859e+01
   3.6811820e+06   4.1442871e+01
   3.6821660e+06   7.9956055e+01
   3.6823210e+06   3.9245605e+01
   3.7138520e+06   3.8513184e+01
   3.7149240e+06   6.5124512e+01
   3.7155360e+06   5.7250977e+01
   3.7155930e+06   6.2316895e+01
   3.7156190e+06   5.4626465e+01
   3.7156860e+06   5.7495117e+01
   3.7158050e+06   7.1350098e+01
   3.7159740e+06   5.2734375e+01
   3.7159900e+06   6.5795898e+01
   3.7160420e+06   3.7414551e+01
   3.7163180e+06   4.9438477e+01
   3.7163290e+06   4.3945313e+01
   3.7164000e+06   4.3395996e+01
   3.7165530e+06   4.0893555e+01
   3.7167650e+06   5.3955078e+01
   3.7168640e+06   4.0161133e+01
   3.7172060e+06   4.0588379e+01
   3.7173960e+06   4.3518066e+01
   3.7174430e+06   4.5349121e+01
   3.7176520e+06   3.8146973e+01
   3.7183500e+06   4.0344238e+01
   3.7186190e+06   3.9306641e+01
   3.7189460e+06   4.3518066e+01
   3.7199020e+06   4.2419434e+01
   3.7202260e+06   3.9489746e+01
   3.7213800e+06   5.4321289e+01
   3.7234030e+06   4.2236328e+01
   3.7253210e+06   4.0527344e+01
   3.7579060e+06   6.2438965e+01
   3.7580920e+06   5.5053711e+01
   3.7587960e+06   4.8950195e+01
   3.7589110e+06   3.8513184e+01
   3.7589390e+06   4.0649414e+01
   3.7844660e+06   6.7687988e+01
   3.7846780e+06   5.7800293e+01
   3.7847910e+06   4.8278809e+01
   3.7849750e+06   4.6569824e+01
   3.7850800e+06   5.3588867e+01
   3.7851000e+06   5.8715820e+01
   3.7903930e+06   6.4697266e+01
   3.7905070e+06   4.6081543e+01
   3.8065660e+06   4.2297363e+01
   3.8066020e+06   5.9265137e+01
   3.8067550e+06   6.5551758e+01
   3.8067970e+06   4.9865723e+01
   3.8111100e+06   3.7109375e+01
   3.8111870e+06   6.1889648e+01
   3.8142570e+06   5.2612305e+01
   3.8143670e+06   5.3039551e+01
   3.8144220e+06   4.9438477e+01
   3.8280190e+06   6.2438965e+01
   3.8285960e+06   6.1096191e+01
   3.8289800e+06   4.9865723e+01
   3.8290520e+06   6.9091797e+01
   3.8292470e+06   4.0039063e+01
   3.8368330e+06   5.2124023e+01
   3.8375420e+06   4.7058105e+01
   3.8378750e+06   4.9072266e+01
   3.8383560e+06   6.8542480e+01
   3.8384780e+06   5.5725098e+01
   3.8385750e+06   4.1076660e+01
   3.8390310e+06   7.8125000e+01
   3.8394440e+06   6.0180664e+01
   3.8395310e+06   4.1687012e+01
   3.8402480e+06   5.2978516e+01
   3.8403570e+06   4.3090820e+01
   3.8407500e+06   3.6865234e+01
   3.8409850e+06   5.6640625e+01
   3.8412150e+06   3.8208008e+01
   3.8420990e+06   4.3579102e+01
   3.8422140e+06   4.7973633e+01
   3.8436310e+06   3.9245605e+01
   3.8437180e+06   3.9550781e+01
   3.8440240e+06   3.8391113e+01
   3.8447660e+06   3.8696289e+01
   3.8748940e+06   6.0119629e+01
   3.8749760e+06   4.5166016e+01
   3.8750920e+06   4.4128418e+01
   3.8752840e+06   5.3649902e+01
   3.8753650e+06   5.5725098e+01
   3.8754040e+06   3.7658691e+01
   3.8758400e+06   5.5664063e+01
   3.8761610e+06   5.1574707e+01
   3.8765050e+06   4.3334961e+01
   3.8766690e+06   4.3518066e+01
   3.8770700e+06   4.9194336e+01
   3.8778790e+06   3.7109375e+01
   3.8785060e+06   3.8085938e+01
   3.8793380e+06   4.8095703e+01
   3.8797130e+06   3.8818359e+01
   3.8798780e+06   4.0344238e+01
   3.8952810e+06   3.9367676e+01
   3.8960250e+06   4.8339844e+01
   3.8961910e+06   5.6701660e+01
   3.8967200e+06   4.1809082e+01
   3.9086160e+06   5.0781250e+01
   3.9087940e+06   3.7414551e+01
   3.9173000e+06   6.3659668e+01
   3.9174420e+06   5.1513672e+01
   3.9175540e+06   5.5480957e+01
   3.9218830e+06   5.2917480e+01
   3.9220570e+06   4.4921875e+01
   3.9976730e+06   4.4311523e+01
   4.0681250e+06   3.9672852e+01
   4.0682310e+06   3.9184570e+01
   4.0687210e+06   4.6264648e+01
   4.0948150e+06   4.4494629e+01
   4.0953030e+06   3.7292480e+01
   4.1413890e+06   7.8430176e+01
   4.1416050e+06   6.1340332e+01
   4.1638040e+06   4.5410156e+01
   4.1640770e+06   3.7902832e+01
   4.1733880e+06   4.5776367e+01
   4.1783090e+06   4.6997070e+01
   4.2682330e+06   7.1960449e+01
   4.2685870e+06   6.7565918e+01
   4.2687920e+06   5.9204102e+01
   4.2690330e+06   5.6396484e+01
   4.2712870e+06   5.6396484e+01
   4.2714110e+06   3.8574219e+01
   4.2736760e+06   4.7607422e+01
   4.2737530e+06   8.3068848e+01
   4.2740640e+06   5.5419922e+01
   4.2741070e+06   3.7231445e+01
   4.2969040e+06   7.1594238e+01
   4.2969890e+06   4.3334961e+01
   4.2970960e+06   3.6804199e+01
   4.2977950e+06   4.7485352e+01
   4.2978980e+06   6.3171387e+01
   4.2979530e+06   5.9753418e+01
   4.2983900e+06   6.5734863e+01
   4.2985300e+06   3.9489746e+01
   4.2986170e+06   3.9733887e+01
   4.2987210e+06   7.9040527e+01
   4.2988920e+06   4.8583984e+01
   4.2989380e+06   4.4128418e+01
   4.2992400e+06   3.8391113e+01
   4.2995430e+06   4.4433594e+01
   4.2995570e+06   4.0161133e+01
   4.3005710e+06   3.9245605e+01
   4.3005860e+06   3.6621094e+01
   4.3007010e+06   5.6640625e+01
   4.3009600e+06   3.7475586e+01
   4.3009940e+06   3.7658691e+01
   4.3037280e+06   3.8940430e+01
   4.3375410e+06   6.2072754e+01
   4.3380310e+06   5.0170898e+01
   4.3382900e+06   4.8950195e+01
   4.3383770e+06   4.2968750e+01
   4.3393220e+06   5.2978516e+01
   4.3394360e+06   4.7424316e+01
   4.3397880e+06   4.1381836e+01
   4.3401040e+06   4.3457031e+01
   4.3404560e+06   5.0964355e+01
   4.3408160e+06   3.8757324e+01
   4.3410260e+06   3.7231445e+01
   4.3411370e+06   4.6875000e+01
   4.3413430e+06   3.8330078e+01
   4.3428260e+06   5.6762695e+01
   4.3480420e+06   3.8513184e+01
   4.3482100e+06   3.7109375e+01
   4.3663460e+06   4.0771484e+01
   4.3748720e+06   5.7983398e+01
   4.3749540e+06   7.4401855e+01
   4.3750040e+06   5.6945801e+01
   4.3750340e+06   5.0170898e+01
   4.3750900e+06   4.6325684e+01
   4.3753150e+06   5.0170898e+01
   4.3815130e+06   5.3955078e+01
   4.3878490e+06   6.0852051e+01
   4.4167340e+06   6.2438965e+01
   4.4168380e+06   5.6701660e+01
   4.4169910e+06   7.9101563e+01
   4.4170020e+06   5.6762695e+01
   4.4172150e+06   5.9814453e+01
   4.4174080e+06   4.6142578e+01
   4.4177240e+06   6.9335938e+01
   4.4178430e+06   3.8024902e+01
   4.4178620e+06   3.8269043e+01
   4.4189760e+06   3.7353516e+01
   4.4191110e+06   4.5471191e+01
   4.4192900e+06   5.8410645e+01
   4.4195150e+06   4.9865723e+01
   4.4199110e+06   5.6152344e+01
   4.4199310e+06   4.8645020e+01
   4.4202810e+06   5.5786133e+01
   4.4207550e+06   5.1147461e+01
   4.4211930e+06   5.7495117e+01
   4.4214290e+06   4.0893555e+01
   4.4214530e+06   4.3945313e+01
   4.4214870e+06   4.8583984e+01
   4.4218510e+06   4.1015625e+01
   4.4219470e+06   3.8330078e+01
   4.4252650e+06   4.6386719e+01
   4.4613970e+06   3.7170410e+01
   4.4615880e+06   6.3781738e+01
   4.4617600e+06   6.8481445e+01
   4.4618500e+06   4.0039063e+01
   4.4618810e+06   3.8757324e+01
   4.4621270e+06   4.2602539e+01
   4.4621580e+06   6.3049316e+01
   4.4623130e+06   6.2744141e+01
   4.4623910e+06   4.1992188e+01
   4.4625480e+06   5.9753418e+01
   4.4625880e+06   4.4799805e+01
   4.4627880e+06   5.9265137e+01
   4.4628740e+06   4.3212891e+01
   4.4632370e+06   5.0903320e+01
   4.4634380e+06   4.5593262e+01
   4.4637390e+06   4.4677734e+01
   4.4639940e+06   3.6682129e+01
   4.4645810e+06   4.2358398e+01
   4.4646660e+06   3.9550781e+01
   4.4655430e+06   4.8645020e+01
   4.4658140e+06   3.8818359e+01
   4.4658950e+06   5.3588867e+01
   4.4659260e+06   4.6997070e+01
   4.4665440e+06   4.2114258e+01
   4.4667190e+06   3.9611816e+01
   4.5036980e+06   6.4514160e+01
   4.5037250e+06   3.9794922e+01
   4.5038550e+06   5.3649902e+01
   4.5039760e+06   6.1950684e+01
   4.5040340e+06   4.2419434e+01
   4.5041120e+06   4.6813965e+01
   4.5045220e+06   4.3701172e+01
   4.5047310e+06   3.8879395e+01
   4.5051680e+06   5.1635742e+01
   4.5058510e+06   3.7536621e+01
   4.5058830e+06   4.5349121e+01
   4.5060030e+06   4.0527344e+01
   4.5063660e+06   7.6293945e+01
   4.5067400e+06   3.7292480e+01
   4.5067780e+06   4.3273926e+01
   4.5073540e+06   3.6926270e+01
   4.5078820e+06   4.1687012e+01
   4.5098650e+06   4.6264648e+01
   4.5285920e+06   7.4951172e+01
   4.5976940e+06   3.7048340e+01
   4.5989010e+06   3.7292480e+01
   4.5990380e+06   3.9733887e+01
   4.5990500e+06   6.9213867e+01
   4.6017730e+06   3.8452148e+01
   4.6049190e+06   4.1259766e+01
   4.6404690e+06   4.1748047e+01
   4.6414860e+06   3.7902832e+01
   4.6415670e+06   6.3354492e+01
   4.6430370e+06   7.1716309e+01
   4.7380900e+06   3.7231445e+01
   4.8095810e+06   4.1503906e+01
   4.8097010e+06   4.1076660e+01
   4.8110420e+06   4.4494629e+01
   4.8673570e+06   3.8391113e+01
   4.8701940e+06   6.2438965e+01
   4.9071650e+06   5.4626465e+01
   4.9072420e+06   6.2683105e+01
   4.9075380e+06   6.1462402e+01
   4.9078530e+06   5.9448242e+01
   4.9078750e+06   6.7199707e+01
   4.9080470e+06   4.7058105e+01
   4.9082070e+06   6.0729980e+01
   4.9082210e+06   4.5471191e+01
   4.9083470e+06   4.6936035e+01
   4.9083590e+06   6.3964844e+01
   4.9088140e+06   5.8410645e+01
   4.9088310e+06   3.9245605e+01
   4.9089030e+06   3.6621094e+01
   4.9091060e+06   3.8818359e+01
   4.9091970e+06   3.9672852e+01
   4.9094260e+06   4.1137695e+01
   4.9094790e+06   4.5959473e+01
   4.9097640e+06   3.8085938e+01
   4.9099200e+06   4.1381836e+01
   4.9100690e+06   3.7902832e+01
   4.9102770e+06   4.6142578e+01
   4.9103030e+06   4.6569824e+01
   4.9106160e+06   3.7292480e+01
   4.9113170e+06   4.4250488e+01
   4.9118060e+06   3.9733887e+01
   4.9124330e+06   3.7780762e+01
   4.9124750e+06   3.8146973e+01
   4.9132640e+06   3.8757324e+01
   4.9468810e+06   6.1035156e+01
   4.9471580e+06   4.3701172e+01
   4.9472550e+06   5.6701660e+01
   4.9473480e+06   4.8706055e+01
   4.9478690e+06   4.7851563e+01
   4.9481590e+06   5.2001953e+01
   4.9486010e+06   4.5227051e+01
   4.9488470e+06   4.0405273e+01
   4.9488860e+06   6.1157227e+01
   4.9490100e+06   4.2785645e+01
   4.9575370e+06   4.7729492e+01
   4.9576790e+06   4.8645020e+01
   4.9577910e+06   4.5776367e+01
   4.9578220e+06   5.1940918e+01
   4.9581720e+06   5.0537109e+01
   4.9582490e+06   4.7424316e+01
   4.9736560e+06   5.4809570e+01
   4.9739560e+06   8.9050293e+01
   4.9740790e+06   3.8574219e+01
   4.9741310e+06   3.6621094e+01
   4.9742120e+06   5.0537109e+01
   4.9743080e+06   4.3395996e+01
   4.9744540e+06   3.9733887e+01
   4.9780500e+06   3.7231445e+01
   4.9834630e+06   3.8574219e+01
   4.9954630e+06   4.4372559e+01
   5.0071250e+06   6.5917969e+01
   5.0083030e+06   7.8613281e+01
   5.0087180e+06   5.5053711e+01
   5.0089190e+06   4.9316406e+01
   5.0090390e+06   4.2236328e+01
   5.0092250e+06   4.6813965e+01
   5.0093690e+06   4.4982910e+01
   5.0099230e+06   3.9916992e+01
   5.0102950e+06   5.8288574e+01
   5.0103070e+06   4.7241211e+01
   5.0105550e+06   3.7170410e+01
   5.0109160e+06   6.2927246e+01
   5.0113290e+06   3.6682129e+01
   5.0113550e+06   4.3701172e+01
   5.0115990e+06   4.1015625e+01
   5.0124480e+06   3.8391113e+01
   5.0124620e+06   4.9255371e+01
   5.0126370e+06   3.9428711e+01
   5.0324200e+06   5.2795410e+01
   5.0326420e+06   5.3833008e+01
   5.0327410e+06   3.8330078e+01
   5.0330210e+06   5.6945801e+01
   5.0333600e+06   6.4880371e+01
   5.0335650e+06   4.5471191e+01
   5.0338330e+06   6.6223145e+01
   5.0342610e+06   4.4311523e+01
   5.0344000e+06   3.7048340e+01
   5.0348100e+06   5.8349609e+01
   5.0348520e+06   3.8391113e+01
   5.0349260e+06   4.1931152e+01
   5.0352670e+06   3.8940430e+01
   5.0355640e+06   4.2297363e+01
   5.0361380e+06   3.7414551e+01
   5.0362720e+06   4.5959473e+01
   5.0370290e+06   3.6682129e+01
   5.0382970e+06   4.6203613e+01
   5.0384890e+06   3.7780762e+01
   5.0388930e+06   3.9916992e+01
   5.1714490e+06   5.0354004e+01
   5.1715880e+06   5.1513672e+01
   5.1716850e+06   3.6804199e+01
   5.1748320e+06   3.9978027e+01
   5.1750650e+06   3.7109375e+01
   5.1752640e+06   3.8818359e+01
   5.3773880e+06   3.6926270e+01
   5.3784780e+06   3.6743164e+01
   5.3797670e+06   7.1716309e+01
   5.3798800e+06   5.1147461e+01
   5.3799800e+06   4.9377441e+01
   5.3800200e+06   7.5561523e+01
   5.3801090e+06   5.1757813e+01
   5.3803670e+06   5.1391602e+01
   5.3803920e+06   4.1870117e+01
   5.3804890e+06   4.4677734e+01
   5.3805370e+06   4.4921875e+01
   5.3806330e+06   3.7231445e+01
   5.3806520e+06   5.2551270e+01
   5.3808300e+06   4.8706055e+01
   5.3808610e+06   3.8635254e+01
   5.3811120e+06   6.3903809e+01
   5.3811820e+06   4.3823242e+01
   5.3812720e+06   4.1931152e+01
   5.3813280e+06   4.1137695e+01
   5.3814400e+06   4.2053223e+01
   5.3815040e+06   4.0161133e+01
   5.3817410e+06   5.8105469e+01
   5.3819810e+06   3.7414551e+01
   5.3819940e+06   3.8513184e+01
   5.3820260e+06   4.6020508e+01
   5.3822440e+06   4.0039063e+01
   5.3822630e+06   4.4189453e+01
   5.3826480e+06   5.4321289e+01
   5.3829810e+06   4.0222168e+01
   5.3839550e+06   4.0161133e+01
   5.3857160e+06   3.6682129e+01
   5.3866690e+06   5.0842285e+01
   5.3869830e+06   4.3029785e+01
   5.3880630e+06   3.6926270e+01
   5.4155640e+06   3.7719727e+01
   5.4162240e+06   6.5368652e+01
   5.4165320e+06   4.1320801e+01
   5.4331370e+06   7.1838379e+01
   5.4338400e+06   6.1645508e+01
   5.4452950e+06   5.5969238e+01
   5.4454700e+06   5.4382324e+01
   5.4458320e+06   5.0781250e+01
   5.4459220e+06   4.9804688e+01
   5.4460230e+06   6.8786621e+01
   5.4461470e+06   4.8156738e+01
   5.4461790e+06   5.8959961e+01
   5.4462620e+06   4.1992188e+01
   5.4465690e+06   3.8391113e+01
   5.4485420e+06   5.2001953e+01
   5.4487590e+06   4.0771484e+01
   5.4490540e+06   4.4494629e+01
   5.4494090e+06   3.9733887e+01
   5.5103140e+06   6.6894531e+01
   5.5103340e+06   7.1044922e+01
   5.5140960e+06   6.1096191e+01
   5.5147620e+06   6.0607910e+01
   5.5148900e+06   4.8278809e+01
   5.5159880e+06   5.5053711e+01
   5.5160970e+06   4.5410156e+01
   5.5197980e+06   5.3710938e+01
   5.5318230e+06   4.8034668e+01
   5.5325380e+06   5.6030273e+01
   5.5328370e+06   7.5927734e+01
   5.5329330e+06   4.6020508e+01
   5.5338980e+06   5.6030273e+01
   5.5345730e+06   7.8552246e+01
   5.5345900e+06   5.4321289e+01
   5.5353680e+06   4.8461914e+01
   5.5353850e+06   6.4147949e+01
   5.5354830e+06   4.5043945e+01
   5.5357740e+06   4.2785645e+01
   5.5358710e+06   4.5043945e+01
   5.5380000e+06   5.5603027e+01
   5.5382480e+06   4.0344238e+01
   5.5396490e+06   3.7231445e+01
   5.5780800e+06   3.6987305e+01
   5.5781870e+06   7.6660156e+01
   5.5795930e+06   5.2978516e+01
   5.6295010e+06   3.9489746e+01
   5.7514790e+06   6.5734863e+01
   5.7516480e+06   4.0893555e+01
   5.7539490e+06   4.4006348e+01
   5.9209700e+06   4.4921875e+01
   5.9213310e+06   7.8735352e+01
   5.9215070e+06   6.5734863e+01
   5.9216250e+06   5.3649902e+01
   5.9219160e+06   5.4931641e+01
   5.9220430e+06   5.0231934e+01
   5.9223650e+06   4.1564941e+01
   5.9225210e+06   5.2368164e+01
   5.9226810e+06   3.6865234e+01
   5.9229280e+06   4.8583984e+01
   5.9229940e+06   4.4982910e+01
   5.9230650e+06   5.8715820e+01
   5.9234340e+06   4.3212891e+01
   5.9234560e+06   4.0344238e+01
   5.9237570e+06   3.8208008e+01
   5.9238240e+06   4.7058105e+01
   5.9240300e+06   4.0466309e+01
   5.9240710e+06   4.3762207e+01
   5.9241130e+06   3.7597656e+01
   5.9243940e+06   3.7536621e+01
   5.9244450e+06   4.3823242e+01
   5.9248940e+06   3.8757324e+01
   5.9249510e+06   4.5593262e+01
   5.9254010e+06   3.7780762e+01
   5.9255890e+06   3.9611816e+01
   5.9262480e+06   4.1809082e+01
   5.9265850e+06   4.0039063e+01
   5.9274060e+06   4.7363281e+01
   5.9932210e+06   5.4138184e+01
   5.9933200e+06   5.6884766e+01
   5.9934080e+06   4.0222168e+01
   5.9935930e+06   4.9194336e+01
   5.9939210e+06   5.9265137e+01
   5.9940970e+06   5.6274414e+01
   5.9953340e+06   4.9255371e+01
