   5.9980000e+06   0.0000000e+00
   1.5941000e+04   3.0456543e+01
   4.3744000e+04   3.3752441e+01
   3.1908200e+05   3.2775879e+01
   6.6944800e+05   3.1372070e+01
   7.6585800e+05   3.1738281e+01
   8.2835900e+05   3.2592773e+01
   9.0632800e+05   3.9306641e+01
   1.1165180e+06   3.6193848e+01
   1.1586080e+06   3.7780762e+01
   1.1921470e+06   3.3569336e+01
   1.1933700e+06   3.2775879e+01
   1.2225040e+06   3.3142090e+01
   1.4493100e+06   3.3996582e+01
   1.4861030e+06   3.2470703e+01
   1.6239160e+06   3.2287598e+01
   1.6259710e+06   3.0334473e+01
   1.6271280e+06   3.0334473e+01
   1.6287750e+06   3.0578613e+01
   1.6288870e+06   3.6132813e+01
   1.6631460e+06   3.3691406e+01
   1.7111880e+06   3.1372070e+01
   1.7307250e+06   3.1311035e+01
   1.9738640e+06   3.3569336e+01
   1.9742270e+06   4.6386719e+01
   1.9817670e+06   3.4606934e+01
   2.0374170e+06   3.2043457e+01
   2.1561890e+06   3.2226563e+01
   2.4062510e+06   3.2165527e+01
   2.4088180e+06   3.0334473e+01
   2.4436250e+06   3.1799316e+01
   2.5003210e+06   3.7414551e+01
   2.6976760e+06   3.4423828e+01
   2.6980030e+06   3.3874512e+01
   2.7566420e+06   3.2287598e+01
   2.7985430e+06   3.9001465e+01
   2.8125090e+06   3.2531738e+01
   2.9044180e+06   3.2470703e+01
   2.9058670e+06   3.1250000e+01
   2.9066380e+06   3.2531738e+01
   3.3172630e+06   3.4240723e+01
   3.3182400e+06   3.7414551e+01
   3.3228770e+06   3.0578613e+01
   3.3344570e+06   3.3447266e+01
   3.4748510e+06   3.4667969e+01
   3.6919310e+06   3.0395508e+01
   3.8326950e+06   3.2104492e+01
   3.8840820e+06   3.0273438e+01
   3.9363460e+06   3.2287598e+01
   4.2722430e+06   3.7963867e+01
   4.2727900e+06   3.4057617e+01
   4.2733490e+06   3.2043457e+01
   4.3447390e+06   3.1738281e+01
   4.3448670e+06   3.0639648e+01
   4.7866320e+06   3.2531738e+01
   5.5162640e+06   3.3508301e+01
