   1.1996000e+07   0.0000000e+00
   3.2570000e+03   3.7902832e+01
   3.9950000e+03   2.7282715e+01
   7.4800000e+03   3.2592773e+01
   1.5942000e+04   3.6865234e+01
   2.5520000e+04   3.7414551e+01
   3.5104000e+04   3.4729004e+01
   3.6729000e+04   3.3691406e+01
   4.3325000e+04   3.2470703e+01
   4.6500000e+04   3.0944824e+01
   4.9127000e+04   2.7343750e+01
   5.3395000e+04   3.5339355e+01
   6.0402000e+04   3.4057617e+01
   6.0999000e+04   3.3264160e+01
   6.1032000e+04   2.8259277e+01
   6.1084000e+04   2.7038574e+01
   6.1113000e+04   2.5817871e+01
   6.1153000e+04   2.6733398e+01
   6.1172000e+04   3.8330078e+01
   6.1197000e+04   2.8137207e+01
   6.1319000e+04   3.1188965e+01
   6.2800000e+04   2.6306152e+01
   6.2884000e+04   2.5512695e+01
   6.7658000e+04   3.5705566e+01
   6.9193000e+04   2.6794434e+01
   7.0762000e+04   2.6306152e+01
   7.2851000e+04   3.8024902e+01
   7.3567000e+04   2.5756836e+01
   7.4385000e+04   2.6184082e+01
   7.4919000e+04   3.0273437e+01
   7.6980000e+04   2.7343750e+01
   7.8141000e+04   2.5695801e+01
   7.8800000e+04   2.5573730e+01
   7.9822000e+04   2.6916504e+01
   8.0368000e+04   2.6306152e+01
   8.5722000e+04   3.5034180e+01
   8.9226000e+04   3.4912109e+01
   9.5026000e+04   3.0761719e+01
   1.0375300e+05   3.2165527e+01
   1.0837700e+05   3.1433105e+01
   1.1249500e+05   3.3569336e+01
   1.1635300e+05   2.6000977e+01
   1.1824500e+05   3.4851074e+01
   1.2190700e+05   2.8564453e+01
   1.2493100e+05   3.7536621e+01
   1.2778800e+05   3.2348633e+01
   1.3104700e+05   3.0090332e+01
   1.3460900e+05   3.3935547e+01
   1.3676800e+05   4.1564941e+01
   1.3858000e+05   2.7526855e+01
   1.4148800e+05   2.9357910e+01
   1.4296000e+05   3.0273438e+01
   1.4575800e+05   2.7160645e+01
   1.4858700e+05   3.3264160e+01
   1.5057600e+05   3.4606934e+01
   1.5113700e+05   2.9968262e+01
   1.5329200e+05   3.9062500e+01
   1.5338400e+05   2.7709961e+01
   1.5351500e+05   2.7526855e+01
   1.5374900e+05   2.6611328e+01
   1.5894700e+05   3.6865234e+01
   1.6080500e+05   2.8381348e+01
   1.6213000e+05   2.6550293e+01
   1.6474100e+05   3.2897949e+01
   1.6994800e+05   2.8869629e+01
   1.7244300e+05   3.0090332e+01
   1.7634700e+05   3.4973145e+01
   1.8076700e+05   3.1005859e+01
   1.8358300e+05   2.9663086e+01
   1.8565500e+05   3.6315918e+01
   1.8813400e+05   2.6916504e+01
   1.9066700e+05   3.0029297e+01
   1.9413900e+05   3.5949707e+01
   1.9730500e+05   3.3935547e+01
   2.0384100e+05   3.4912109e+01
   2.0839000e+05   3.1433105e+01
   2.0901800e+05   3.5400391e+01
   2.1597800e+05   3.0517578e+01
   2.1944700e+05   2.6916504e+01
   2.2022000e+05   3.3569336e+01
   2.2876800e+05   3.5949707e+01
   2.3203100e+05   3.1250000e+01
   2.3632100e+05   3.3874512e+01
   2.4001600e+05   3.1860352e+01
   2.4288800e+05   3.1677246e+01
   2.4722800e+05   2.7465820e+01
   2.4927000e+05   3.3630371e+01
   2.5095500e+05   3.1433105e+01
   2.5903300e+05   3.1921387e+01
   2.6148000e+05   2.6977539e+01
   2.6410800e+05   2.5878906e+01
   2.6702600e+05   3.3081055e+01
   2.6821000e+05   3.1738281e+01
   2.6976800e+05   3.8146973e+01
   2.7265400e+05   3.3996582e+01
   2.7294800e+05   2.8564453e+01
   2.7784600e+05   3.7109375e+01
   2.8245400e+05   3.6987305e+01
   2.8596500e+05   3.3630371e+01
   2.8986300e+05   3.2226563e+01
   2.9247200e+05   3.3508301e+01
   2.9498000e+05   3.3325195e+01
   3.0167000e+05   3.2897949e+01
   3.0449100e+05   2.8320312e+01
   3.0699700e+05   3.0822754e+01
   3.1343700e+05   3.8940430e+01
   3.1730800e+05   3.5217285e+01
   3.2124500e+05   3.2104492e+01
   3.2578200e+05   3.1555176e+01
   3.3871900e+05   3.5461426e+01
   3.4643500e+05   3.5278320e+01
   3.5654600e+05   3.9123535e+01
   3.5883800e+05   4.2236328e+01
   3.6863100e+05   2.9541016e+01
   3.7142400e+05   3.3386230e+01
   3.7689500e+05   3.4301758e+01
   3.8008300e+05   3.2592773e+01
   3.8925600e+05   3.0151367e+01
   3.9334100e+05   3.8879395e+01
   3.9590400e+05   2.6672363e+01
   4.0139800e+05   3.2531738e+01
   4.1386900e+05   3.9550781e+01
   4.2075700e+05   3.7292480e+01
   4.2563800e+05   3.0517578e+01
   4.2838200e+05   2.5695801e+01
   4.3532000e+05   2.9663086e+01
   4.4727200e+05   3.8879395e+01
   4.4820700e+05   3.1860352e+01
   4.4826300e+05   2.8259277e+01
   4.4832400e+05   2.6855469e+01
   4.4840600e+05   3.7658691e+01
   4.4851500e+05   2.9357910e+01
   4.4864600e+05   2.6367188e+01
   4.5575000e+05   3.7841797e+01
   4.5629200e+05   2.6306152e+01
   4.5886800e+05   2.8686523e+01
   4.5917500e+05   2.9113770e+01
   4.5948000e+05   3.1799316e+01
   4.6135700e+05   3.7414551e+01
   4.6202300e+05   3.4729004e+01
   4.6351400e+05   3.1799316e+01
   4.6430300e+05   2.8015137e+01
   4.6527200e+05   2.9541016e+01
   4.6563100e+05   3.0273438e+01
   4.6949100e+05   3.4301758e+01
   4.7140500e+05   3.1677246e+01
   4.7265200e+05   2.9235840e+01
   4.7580300e+05   3.1616211e+01
   4.7758700e+05   2.8930664e+01
   4.8096400e+05   3.1372070e+01
   4.8330600e+05   3.2043457e+01
   4.8672300e+05   3.1799316e+01
   4.9088100e+05   3.1433105e+01
   4.9503500e+05   3.7597656e+01
   5.0124100e+05   3.5522461e+01
   5.0549700e+05   4.1870117e+01
   5.1539200e+05   3.5644531e+01
   5.1816500e+05   2.8808594e+01
   5.2860100e+05   3.7353516e+01
   5.3132900e+05   3.3691406e+01
   5.4115500e+05   3.1005859e+01
   5.4384700e+05   2.9785156e+01
   5.4792100e+05   3.2226563e+01
   5.5142100e+05   3.3447266e+01
   5.5875100e+05   3.3203125e+01
   5.6724100e+05   3.6437988e+01
   5.7163600e+05   3.8574219e+01
   5.7334400e+05   2.7282715e+01
   5.7768800e+05   3.6010742e+01
   5.7822400e+05   3.1005859e+01
   5.7981400e+05   2.6611328e+01
   5.8043200e+05   3.5034180e+01
   5.8044400e+05   2.7893066e+01
   5.8057600e+05   3.1188965e+01
   5.8061000e+05   2.5756836e+01
   5.8070000e+05   3.4484863e+01
   5.8078100e+05   2.6367188e+01
   5.8086700e+05   2.6611328e+01
   5.8088700e+05   2.6245117e+01
   5.8091900e+05   2.9296875e+01
   5.8104100e+05   2.7893066e+01
   5.8184500e+05   3.1616211e+01
   5.8273100e+05   2.6611328e+01
   5.8401400e+05   2.6306152e+01
   5.8672500e+05   2.5817871e+01
   5.8720100e+05   3.0517578e+01
   5.8827900e+05   3.0639648e+01
   5.9040000e+05   2.7282715e+01
   5.9212200e+05   3.1433105e+01
   5.9322100e+05   3.0151367e+01
   5.9403400e+05   3.2287598e+01
   5.9441300e+05   3.1616211e+01
   5.9706000e+05   3.2348633e+01
   5.9777500e+05   2.6733398e+01
   5.9955800e+05   2.5573730e+01
   6.0372600e+05   2.8015137e+01
   6.0805400e+05   3.4179688e+01
   6.1092300e+05   3.4179688e+01
   6.1701200e+05   3.1799316e+01
   6.2230300e+05   3.5522461e+01
   6.4205700e+05   3.4912109e+01
   6.4795800e+05   3.8208008e+01
   6.6015800e+05   3.6865234e+01
   6.6847200e+05   3.9428711e+01
   6.7972200e+05   2.8930664e+01
   6.8328600e+05   3.2897949e+01
   6.9036400e+05   3.5766602e+01
   6.9463700e+05   3.5278320e+01
   6.9599100e+05   3.7292480e+01
   6.9602400e+05   4.7668457e+01
   6.9606100e+05   2.7648926e+01
   6.9608500e+05   3.3569336e+01
   6.9611600e+05   3.4179688e+01
   6.9612800e+05   3.2226563e+01
   6.9619400e+05   3.1738281e+01
   6.9625300e+05   2.7587891e+01
   6.9627400e+05   2.6977539e+01
   6.9633900e+05   2.7160645e+01
   6.9634900e+05   3.3630371e+01
   6.9651800e+05   2.9235840e+01
   6.9744100e+05   2.7954102e+01
   7.0238200e+05   3.4667969e+01
   7.0281300e+05   2.9479980e+01
   7.0332400e+05   2.7465820e+01
   7.0372200e+05   2.8198242e+01
   7.0421000e+05   3.0395508e+01
   7.0624100e+05   2.9418945e+01
   7.0689000e+05   3.3691406e+01
   7.0792800e+05   3.2531738e+01
   7.0852500e+05   3.1616211e+01
   7.0900000e+05   2.8869629e+01
   7.1102900e+05   2.6794434e+01
   7.1304700e+05   2.9479980e+01
   7.1547600e+05   2.9174805e+01
   7.1752200e+05   3.4973145e+01
   7.1943300e+05   3.7780762e+01
   7.2089600e+05   3.2531738e+01
   7.2728600e+05   3.4423828e+01
   7.3228700e+05   2.6184082e+01
   7.3670100e+05   3.1921387e+01
   7.4946400e+05   3.6010742e+01
   7.5456800e+05   2.7770996e+01
   7.6350200e+05   3.8879395e+01
   7.6852000e+05   3.5888672e+01
   7.7851900e+05   3.1433105e+01
   7.8539800e+05   3.6376953e+01
   8.0049700e+05   3.2592773e+01
   8.0108800e+05   4.8034668e+01
   8.0112300e+05   3.3813477e+01
   8.0121900e+05   3.6071777e+01
   8.0125000e+05   2.5634766e+01
   8.0128200e+05   3.0273438e+01
   8.0131100e+05   2.9541016e+01
   8.0145000e+05   2.8137207e+01
   8.0146600e+05   2.6550293e+01
   8.0232200e+05   2.8259277e+01
   8.0702600e+05   3.5583496e+01
   8.0730300e+05   3.0273438e+01
   8.0828700e+05   2.7893066e+01
   8.0984800e+05   2.6245117e+01
   8.1045200e+05   2.9418945e+01
   8.1175200e+05   2.6611328e+01
   8.1313200e+05   2.6855469e+01
   8.1437900e+05   3.0273438e+01
   8.1589800e+05   3.1372070e+01
   8.1710700e+05   3.3142090e+01
   8.1788800e+05   2.9235840e+01
   8.1842200e+05   3.2531738e+01
   8.2034700e+05   2.9968262e+01
   8.2213400e+05   3.1799316e+01
   8.2438000e+05   3.5766602e+01
   8.2520700e+05   3.0578613e+01
   8.2890700e+05   3.3813477e+01
   8.3167700e+05   2.9235840e+01
   8.4049200e+05   3.6743164e+01
   8.4985100e+05   4.2480469e+01
   8.5716400e+05   3.4973145e+01
   8.6879000e+05   3.7414551e+01
   8.8059300e+05   3.0456543e+01
   8.9741400e+05   3.8513184e+01
   9.1068500e+05   3.1433105e+01
   9.1271300e+05   3.7719727e+01
   9.1322900e+05   3.3752441e+01
   9.1419600e+05   2.5939941e+01
   9.1825200e+05   2.8137207e+01
   9.2353000e+05   3.2226563e+01
   9.7124100e+05   3.2714844e+01
   9.8027100e+05   3.3081055e+01
   9.8890300e+05   3.7597656e+01
   9.9409800e+05   3.1677246e+01
   1.0006920e+06   3.8391113e+01
   1.0367410e+06   2.5573730e+01
   1.0370100e+06   2.7099609e+01
   1.0415180e+06   3.5827637e+01
   1.0927100e+06   3.3325195e+01
   1.0931470e+06   4.1748047e+01
   1.0931630e+06   3.8146973e+01
   1.0931770e+06   3.0090332e+01
   1.0932000e+06   2.6977539e+01
   1.0932290e+06   3.1311035e+01
   1.0932500e+06   3.4484863e+01
   1.0932900e+06   2.9357910e+01
   1.0933450e+06   3.3386230e+01
   1.0934330e+06   2.7221680e+01
   1.0935020e+06   2.6245117e+01
   1.0936150e+06   2.8930664e+01
   1.0992490e+06   3.3325195e+01
   1.1000810e+06   3.2592773e+01
   1.1005100e+06   3.7109375e+01
   1.1032710e+06   2.9785156e+01
   1.1042550e+06   2.6367188e+01
   1.1047690e+06   2.5512695e+01
   1.1066610e+06   2.7160645e+01
   1.1071870e+06   3.7719727e+01
   1.1082250e+06   3.2226563e+01
   1.1092270e+06   2.5634766e+01
   1.1114820e+06   3.9184570e+01
   1.1120060e+06   3.2836914e+01
   1.1136800e+06   2.8930664e+01
   1.1159490e+06   3.5949707e+01
   1.1191800e+06   3.2775879e+01
   1.1327060e+06   3.1188965e+01
   1.1347340e+06   2.9113770e+01
   1.1380250e+06   3.5034180e+01
   1.1447740e+06   3.5217285e+01
   1.1564830e+06   4.0283203e+01
   1.2022960e+06   2.9602051e+01
   1.2023110e+06   2.6855469e+01
   1.2024270e+06   4.7851563e+01
   1.2024580e+06   3.7170410e+01
   1.2024730e+06   3.0395508e+01
   1.2024990e+06   4.1931152e+01
   1.2025250e+06   3.1555176e+01
   1.2025540e+06   2.7465820e+01
   1.2026030e+06   4.6997070e+01
   1.2026970e+06   2.6977539e+01
   1.2036460e+06   2.6000977e+01
   1.2089370e+06   4.0771484e+01
   1.2093130e+06   3.0517578e+01
   1.2096750e+06   3.4667969e+01
   1.2111170e+06   2.6184082e+01
   1.2115520e+06   2.8747559e+01
   1.2121020e+06   2.6367188e+01
   1.2126380e+06   2.9602051e+01
   1.2143610e+06   2.9724121e+01
   1.2159810e+06   2.7404785e+01
   1.2167190e+06   2.9235840e+01
   1.2171650e+06   3.2409668e+01
   1.2197370e+06   3.0944824e+01
   1.2217600e+06   3.1555176e+01
   1.2232810e+06   3.0212402e+01
   1.2292230e+06   3.0578613e+01
   1.2330840e+06   3.4240723e+01
   1.2373600e+06   2.6245117e+01
   1.2644430e+06   4.1564941e+01
   1.2975250e+06   2.6977539e+01
   1.2981880e+06   3.0090332e+01
   1.3052680e+06   3.5766602e+01
   1.3402010e+06   4.0466309e+01
   1.3623520e+06   3.4118652e+01
   1.3668270e+06   3.4545898e+01
   1.3729010e+06   4.2114258e+01
   1.3780120e+06   3.3508301e+01
   1.3977430e+06   3.3752441e+01
   1.3989850e+06   3.9916992e+01
   1.3991740e+06   4.3090820e+01
   1.3992070e+06   3.1616211e+01
   1.3992420e+06   4.8400879e+01
   1.3992680e+06   3.4790039e+01
   1.3993110e+06   2.6184082e+01
   1.3993520e+06   2.8747559e+01
   1.3994060e+06   2.8686523e+01
   1.3994680e+06   3.3325195e+01
   1.4001960e+06   2.7465820e+01
   1.4004120e+06   2.7282715e+01
   1.4065290e+06   3.3142090e+01
   1.4068500e+06   3.5827637e+01
   1.4071940e+06   3.0456543e+01
   1.4074470e+06   2.8259277e+01
   1.4093440e+06   2.5878906e+01
   1.4098830e+06   3.0761719e+01
   1.4119040e+06   2.7343750e+01
   1.4131600e+06   3.7048340e+01
   1.4137810e+06   3.4606934e+01
   1.4152900e+06   3.6010742e+01
   1.4158940e+06   2.9113770e+01
   1.4165460e+06   2.7282715e+01
   1.4213920e+06   3.0029297e+01
   1.4232130e+06   3.3386230e+01
   1.4255030e+06   3.4118652e+01
   1.4282610e+06   2.9357910e+01
   1.4315040e+06   3.2592773e+01
   1.4497890e+06   3.8024902e+01
   1.4678200e+06   4.0710449e+01
   1.4814560e+06   3.6071777e+01
   1.4834820e+06   4.1931152e+01
   1.4884310e+06   4.1687012e+01
   1.5076310e+06   3.4179688e+01
   1.5220960e+06   3.3630371e+01
   1.5266250e+06   4.2541504e+01
   1.5300590e+06   2.7282715e+01
   1.5302220e+06   2.6306152e+01
   1.5302640e+06   3.9062500e+01
   1.5609340e+06   3.7780762e+01
   1.5885870e+06   3.5949707e+01
   1.5892000e+06   3.3691406e+01
   1.6061600e+06   4.0771484e+01
   1.6332090e+06   2.6611328e+01
   1.6332370e+06   3.2714844e+01
   1.6332600e+06   3.5461426e+01
   1.6332920e+06   2.6306152e+01
   1.6333440e+06   2.8747559e+01
   1.6333850e+06   3.1311035e+01
   1.6333980e+06   2.6733398e+01
   1.6334140e+06   3.8024902e+01
   1.6334360e+06   3.4423828e+01
   1.6334850e+06   3.0395508e+01
   1.6335370e+06   2.5878906e+01
   1.6335590e+06   3.1616211e+01
   1.6343880e+06   2.5634766e+01
   1.6402820e+06   3.8574219e+01
   1.6406950e+06   2.6977539e+01
   1.6409590e+06   3.5278320e+01
   1.6412160e+06   3.0883789e+01
   1.6428540e+06   3.2287598e+01
   1.6433610e+06   2.8320313e+01
   1.6448500e+06   2.6062012e+01
   1.6454250e+06   3.3935547e+01
   1.6460020e+06   3.0761719e+01
   1.6487840e+06   2.6611328e+01
   1.6495650e+06   2.9663086e+01
   1.6500390e+06   2.7587891e+01
   1.6510870e+06   3.5583496e+01
   1.6549180e+06   3.2653809e+01
   1.6583650e+06   3.2226563e+01
   1.6604880e+06   3.5522461e+01
   1.6629470e+06   3.2897949e+01
   1.6696940e+06   3.2470703e+01
   1.6758880e+06   3.3203125e+01
   1.7374290e+06   3.5278320e+01
   1.7532740e+06   4.0832520e+01
   1.7533400e+06   3.3325195e+01
   1.7533690e+06   3.2165527e+01
   1.7533900e+06   2.6123047e+01
   1.7534440e+06   4.2968750e+01
   1.7534700e+06   3.1799316e+01
   1.7535120e+06   2.8625488e+01
   1.7535950e+06   2.8259277e+01
   1.7536280e+06   2.6367188e+01
   1.7537200e+06   2.7099609e+01
   1.7539260e+06   2.5634766e+01
   1.7539600e+06   2.5512695e+01
   1.7602710e+06   3.1677246e+01
   1.7608800e+06   3.2043457e+01
   1.7618290e+06   2.7221680e+01
   1.7633610e+06   3.5278320e+01
   1.7637890e+06   3.4667969e+01
   1.7651480e+06   2.7404785e+01
   1.7663480e+06   3.3325195e+01
   1.7668480e+06   3.1555176e+01
   1.7679660e+06   3.6682129e+01
   1.7694580e+06   3.2531738e+01
   1.7713590e+06   3.3874512e+01
   1.7741110e+06   3.2775879e+01
   1.7760670e+06   2.7343750e+01
   1.7781790e+06   2.6184082e+01
   1.7820870e+06   3.0151367e+01
   1.7853570e+06   3.0944824e+01
   1.7917800e+06   3.7719727e+01
   1.7971490e+06   3.0456543e+01
   1.8117450e+06   3.8635254e+01
   1.8186890e+06   2.8869629e+01
   1.8985010e+06   4.3518066e+01
   1.8991460e+06   3.5644531e+01
   1.8991790e+06   2.8991699e+01
   1.8992740e+06   4.0466309e+01
   1.8993200e+06   2.6977539e+01
   1.8993430e+06   4.4860840e+01
   1.8993930e+06   2.8564453e+01
   1.8994100e+06   3.1799316e+01
   1.8994310e+06   3.7597656e+01
   1.8995080e+06   2.9541016e+01
   1.8995720e+06   3.1005859e+01
   1.8996520e+06   2.8930664e+01
   1.8997390e+06   2.7770996e+01
   1.9009280e+06   2.5634766e+01
   1.9060660e+06   3.7414551e+01
   1.9064910e+06   3.2531738e+01
   1.9068730e+06   2.7526855e+01
   1.9071600e+06   3.0639648e+01
   1.9095110e+06   3.4118652e+01
   1.9103060e+06   3.4118652e+01
   1.9107850e+06   2.8442383e+01
   1.9118730e+06   3.2714844e+01
   1.9124410e+06   3.4973145e+01
   1.9128900e+06   2.9174805e+01
   1.9158030e+06   3.2958984e+01
   1.9181080e+06   2.9052734e+01
   1.9199060e+06   3.1127930e+01
   1.9219020e+06   3.7231445e+01
   1.9227330e+06   3.2714844e+01
   1.9265860e+06   3.0212402e+01
   1.9281500e+06   3.4057617e+01
   1.9306970e+06   4.0039063e+01
   1.9376540e+06   3.3203125e+01
   1.9452850e+06   3.7292480e+01
   1.9556210e+06   3.6315918e+01
   2.0041650e+06   2.6428223e+01
   2.0366150e+06   3.0944824e+01
   2.0388880e+06   3.4545898e+01
   2.0635870e+06   3.7231445e+01
   2.0638650e+06   2.5634766e+01
   2.0638850e+06   4.8461914e+01
   2.0639450e+06   4.0161133e+01
   2.0639610e+06   2.8564453e+01
   2.0639930e+06   2.8808594e+01
   2.0640170e+06   3.9489746e+01
   2.0640540e+06   4.2724609e+01
   2.0640750e+06   3.0395508e+01
   2.0640990e+06   2.9785156e+01
   2.0641220e+06   3.0883789e+01
   2.0641350e+06   2.5695801e+01
   2.0641670e+06   2.6000977e+01
   2.0698190e+06   3.6071777e+01
   2.0704920e+06   3.4790039e+01
   2.0710690e+06   2.6794434e+01
   2.0714090e+06   3.4362793e+01
   2.0717140e+06   2.8442383e+01
   2.0741120e+06   3.3813477e+01
   2.0747610e+06   3.0273437e+01
   2.0780180e+06   3.4606934e+01
   2.0785260e+06   3.0700684e+01
   2.0790500e+06   3.3386230e+01
   2.0802460e+06   3.1555176e+01
   2.0808760e+06   3.9123535e+01
   2.0814350e+06   2.6550293e+01
   2.0840380e+06   2.8137207e+01
   2.0849740e+06   3.2775879e+01
   2.0870930e+06   2.8381348e+01
   2.0892740e+06   3.1799316e+01
   2.0975270e+06   2.9052734e+01
   2.1096110e+06   3.6560059e+01
   2.1335490e+06   3.8330078e+01
   2.1602880e+06   5.4565430e+01
   2.1603420e+06   2.5756836e+01
   2.1603590e+06   3.1066895e+01
   2.1603820e+06   2.6733398e+01
   2.1603920e+06   3.1616211e+01
   2.1604220e+06   4.1687012e+01
   2.1604630e+06   2.9357910e+01
   2.1605660e+06   2.6611328e+01
   2.1606420e+06   2.6367188e+01
   2.1606590e+06   2.9052734e+01
   2.1607040e+06   3.2897949e+01
   2.1609320e+06   2.5756836e+01
   2.1612500e+06   2.6367188e+01
   2.1615500e+06   2.8625488e+01
   2.1668660e+06   2.8381348e+01
   2.1674670e+06   3.1616211e+01
   2.1678490e+06   3.3569336e+01
   2.1680900e+06   2.8320313e+01
   2.1706770e+06   3.4240723e+01
   2.1714920e+06   3.6071777e+01
   2.1727370e+06   3.0090332e+01
   2.1743860e+06   3.2531738e+01
   2.1749360e+06   2.9479980e+01
   2.1770790e+06   2.9052734e+01
   2.1782300e+06   3.1677246e+01
   2.1794020e+06   3.3691406e+01
   2.1801190e+06   3.2592773e+01
   2.1819870e+06   3.5522461e+01
   2.1828890e+06   3.4179688e+01
   2.1848870e+06   3.5888672e+01
   2.1887460e+06   2.7832031e+01
   2.1913270e+06   3.6132813e+01
   2.1966880e+06   2.7099609e+01
   2.1995320e+06   2.9479980e+01
   2.2010650e+06   3.5034180e+01
   2.2035140e+06   3.9428711e+01
   2.2709980e+06   3.9367676e+01
   2.2725870e+06   3.4057617e+01
   2.2741720e+06   3.4057617e+01
   2.2743560e+06   2.5512695e+01
   2.2744790e+06   3.6804199e+01
   2.2745770e+06   2.6855469e+01
   2.2747540e+06   3.3813477e+01
   2.2748080e+06   2.9296875e+01
   2.2803970e+06   3.6682129e+01
   2.2834310e+06   3.5827637e+01
   2.2857750e+06   2.9113770e+01
   2.3428000e+06   3.9489746e+01
   2.3428440e+06   2.6428223e+01
   2.3428560e+06   2.9296875e+01
   2.3429090e+06   2.9235840e+01
   2.3429620e+06   3.1188965e+01
   2.3430090e+06   3.7353516e+01
   2.3430380e+06   2.7587891e+01
   2.3431230e+06   2.5878906e+01
   2.3431790e+06   2.9541016e+01
   2.3434560e+06   3.1921387e+01
   2.3441200e+06   2.7954102e+01
   2.3487950e+06   3.6621094e+01
   2.3494450e+06   3.5461426e+01
   2.3498770e+06   2.6916504e+01
   2.3517080e+06   3.4484863e+01
   2.3521940e+06   3.0700684e+01
   2.3524970e+06   3.2775879e+01
   2.3527780e+06   2.6916504e+01
   2.3540110e+06   3.3386230e+01
   2.3546520e+06   3.0761719e+01
   2.3553750e+06   2.5512695e+01
   2.3595190e+06   4.0954590e+01
   2.3613380e+06   3.1005859e+01
   2.3703790e+06   3.6437988e+01
   2.3715650e+06   2.9418945e+01
   2.3736350e+06   3.0029297e+01
   2.3823140e+06   4.1503906e+01
   2.4007280e+06   2.8991699e+01
   2.4420820e+06   3.9184570e+01
   2.4583530e+06   4.8706055e+01
   2.4685590e+06   3.6071777e+01
   2.4688630e+06   4.3090820e+01
   2.5400070e+06   2.9785156e+01
   2.5506050e+06   3.5461426e+01
   2.5580630e+06   3.8452148e+01
   2.5696890e+06   3.1494141e+01
   2.5729890e+06   3.2409668e+01
   2.5730070e+06   2.8320313e+01
   2.5730810e+06   2.8686523e+01
   2.5731030e+06   4.6203613e+01
   2.5731510e+06   2.7954102e+01
   2.5732070e+06   4.6142578e+01
   2.5733020e+06   2.9418945e+01
   2.5733400e+06   2.8625488e+01
   2.5733720e+06   3.1250000e+01
   2.5734090e+06   2.8381348e+01
   2.5744300e+06   2.5878906e+01
   2.5798400e+06   3.0700684e+01
   2.5814320e+06   3.5095215e+01
   2.5817810e+06   3.3630371e+01
   2.5820260e+06   3.1494141e+01
   2.5823080e+06   2.9296875e+01
   2.5842350e+06   3.1005859e+01
   2.5850030e+06   2.9724121e+01
   2.5854090e+06   3.5156250e+01
   2.5857280e+06   2.9418945e+01
   2.5890400e+06   3.0090332e+01
   2.5899580e+06   3.7536621e+01
   2.5925540e+06   3.5766602e+01
   2.5942170e+06   3.1372070e+01
   2.5973630e+06   2.7282715e+01
   2.5985570e+06   3.1921387e+01
   2.6022700e+06   2.8259277e+01
   2.6063340e+06   3.0395508e+01
   2.6079030e+06   3.2592773e+01
   2.6117890e+06   3.1982422e+01
   2.6438330e+06   4.4860840e+01
   2.6439190e+06   2.6916504e+01
   2.6439400e+06   2.8991699e+01
   2.6439840e+06   4.0466309e+01
   2.6440030e+06   3.1005859e+01
   2.6440400e+06   3.0273438e+01
   2.6440680e+06   3.2653809e+01
   2.6441170e+06   2.9357910e+01
   2.6441390e+06   3.7353516e+01
   2.6441600e+06   2.5695801e+01
   2.6442030e+06   2.6794434e+01
   2.6442980e+06   2.6306152e+01
   2.6452460e+06   2.6428223e+01
   2.6509340e+06   2.9541016e+01
   2.6514340e+06   3.1433105e+01
   2.6519050e+06   3.3325195e+01
   2.6537720e+06   2.5878906e+01
   2.6542130e+06   2.9846191e+01
   2.6547970e+06   3.0029297e+01
   2.6552150e+06   2.9785156e+01
   2.6563330e+06   2.6733398e+01
   2.6569660e+06   2.5878906e+01
   2.6576720e+06   3.0944824e+01
   2.6595990e+06   3.3508301e+01
   2.6614380e+06   3.0334473e+01
   2.6626430e+06   3.6437988e+01
   2.6659890e+06   3.8635254e+01
   2.6678680e+06   3.2531738e+01
   2.6735250e+06   3.5034180e+01
   2.6837350e+06   3.2836914e+01
   2.6920830e+06   3.6376953e+01
   2.7077130e+06   3.1677246e+01
   2.7078120e+06   3.2836914e+01
   2.7078490e+06   2.6000977e+01
   2.7078720e+06   4.7790527e+01
   2.7079000e+06   2.7832031e+01
   2.7079540e+06   2.8747559e+01
   2.7079730e+06   3.1372070e+01
   2.7080120e+06   2.7954102e+01
   2.7080310e+06   2.5573730e+01
   2.7080560e+06   2.9602051e+01
   2.7080860e+06   2.5695801e+01
   2.7081050e+06   3.1494141e+01
   2.7082110e+06   2.9052734e+01
   2.7096020e+06   2.5817871e+01
   2.7139320e+06   3.5278320e+01
   2.7143440e+06   3.1677246e+01
   2.7149490e+06   2.7343750e+01
   2.7153470e+06   2.8198242e+01
   2.7156810e+06   3.1677246e+01
   2.7181440e+06   2.9968262e+01
   2.7189610e+06   3.1250000e+01
   2.7194210e+06   2.5939941e+01
   2.7209170e+06   3.3447266e+01
   2.7220620e+06   2.5878906e+01
   2.7251570e+06   3.2287598e+01
   2.7284160e+06   3.1616211e+01
   2.7298610e+06   2.7221680e+01
   2.7306100e+06   3.1799316e+01
   2.7318110e+06   3.4179688e+01
   2.7332040e+06   2.9785156e+01
   2.7375760e+06   3.0212402e+01
   2.7391930e+06   3.2531738e+01
   2.7418350e+06   3.3020020e+01
   2.7520370e+06   3.0029297e+01
   2.8225390e+06   3.1066895e+01
   2.8384380e+06   3.8513184e+01
   2.8800530e+06   3.3081055e+01
   2.8853140e+06   3.3142090e+01
   2.8864310e+06   2.7526855e+01
   2.8871960e+06   3.8269043e+01
   2.8973920e+06   3.1005859e+01
   2.8976000e+06   4.4067383e+01
   2.8976890e+06   3.2287598e+01
   2.8977710e+06   3.6743164e+01
   2.8978240e+06   2.6245117e+01
   2.8978460e+06   3.0761719e+01
   2.8979110e+06   2.7404785e+01
   2.8979690e+06   2.6123047e+01
   2.8980080e+06   2.8015137e+01
   2.8985400e+06   2.7099609e+01
   2.9046180e+06   3.2531738e+01
   2.9063690e+06   3.0761719e+01
   2.9067050e+06   2.7160645e+01
   2.9070170e+06   2.8259277e+01
   2.9085120e+06   2.8442383e+01
   2.9089810e+06   2.8625488e+01
   2.9114050e+06   3.8452148e+01
   2.9128560e+06   2.8503418e+01
   2.9136410e+06   2.8991699e+01
   2.9162690e+06   3.6621094e+01
   2.9229560e+06   3.1127930e+01
   2.9297990e+06   3.7841797e+01
   2.9359450e+06   2.7832031e+01
   2.9398930e+06   3.3996582e+01
   2.9437080e+06   2.9052734e+01
   2.9604500e+06   4.4982910e+01
   2.9604660e+06   2.7648926e+01
   2.9604990e+06   2.6916504e+01
   2.9605170e+06   3.7902832e+01
   2.9605610e+06   2.8625488e+01
   2.9605900e+06   2.9174805e+01
   2.9606200e+06   3.5644531e+01
   2.9606520e+06   2.9724121e+01
   2.9606780e+06   2.8747559e+01
   2.9608250e+06   2.9418945e+01
   2.9670920e+06   4.0344238e+01
   2.9687620e+06   3.1494141e+01
   2.9692550e+06   3.4912109e+01
   2.9696090e+06   2.7832031e+01
   2.9710020e+06   2.6916504e+01
   2.9726490e+06   3.4179688e+01
   2.9734640e+06   2.9357910e+01
   2.9745300e+06   2.6733398e+01
   2.9771410e+06   3.0883789e+01
   2.9782160e+06   2.7648926e+01
   2.9797400e+06   2.9052734e+01
   2.9830600e+06   3.3569336e+01
   2.9864540e+06   3.7536621e+01
   2.9920880e+06   3.1860352e+01
   2.9954490e+06   3.8269043e+01
   3.0030840e+06   3.3874512e+01
   3.0032460e+06   2.5756836e+01
   3.0033990e+06   2.5939941e+01
   3.0034290e+06   5.0659180e+01
   3.0034690e+06   3.8024902e+01
   3.0035070e+06   3.0090332e+01
   3.0035230e+06   2.6977539e+01
   3.0035470e+06   2.6367188e+01
   3.0035610e+06   3.5278320e+01
   3.0036020e+06   2.6184082e+01
   3.0037190e+06   2.7404785e+01
   3.0052470e+06   3.0761719e+01
   3.0091490e+06   3.6071777e+01
   3.0096650e+06   3.4057617e+01
   3.0109090e+06   2.7648926e+01
   3.0113900e+06   2.6977539e+01
   3.0126680e+06   2.8503418e+01
   3.0131180e+06   2.7099609e+01
   3.0139830e+06   2.9785156e+01
   3.0156340e+06   3.1738281e+01
   3.0160520e+06   3.6499023e+01
   3.0165410e+06   2.8930664e+01
   3.0191870e+06   2.6123047e+01
   3.0198460e+06   3.3081055e+01
   3.0211000e+06   3.5522461e+01
   3.0231330e+06   2.9602051e+01
   3.0244780e+06   3.2287598e+01
   3.0287320e+06   3.6987305e+01
   3.0323870e+06   3.0029297e+01
   3.0382550e+06   3.2592773e+01
   3.0667290e+06   3.7231445e+01
   3.0707910e+06   3.2287598e+01
   3.0824670e+06   3.9672852e+01
   3.0882260e+06   3.6071777e+01
   3.0962200e+06   3.7231445e+01
   3.1044890e+06   3.7536621e+01
   3.1168630e+06   3.6682129e+01
   3.1168880e+06   2.8076172e+01
   3.1169180e+06   2.7770996e+01
   3.1169460e+06   5.2795410e+01
   3.1169850e+06   3.3325195e+01
   3.1170070e+06   2.8930664e+01
   3.1170320e+06   2.6306152e+01
   3.1170430e+06   2.9418945e+01
   3.1170930e+06   2.9174805e+01
   3.1171480e+06   3.1616211e+01
   3.1172430e+06   2.5756836e+01
   3.1175530e+06   2.6428223e+01
   3.1189420e+06   2.5878906e+01
   3.1237400e+06   3.1921387e+01
   3.1242030e+06   3.2592773e+01
   3.1244360e+06   3.0944824e+01
   3.1246280e+06   2.5512695e+01
   3.1272050e+06   3.6499023e+01
   3.1277110e+06   2.8198242e+01
   3.1281350e+06   3.4240723e+01
   3.1296520e+06   2.8564453e+01
   3.1307460e+06   3.2470703e+01
   3.1327740e+06   3.2409668e+01
   3.1333950e+06   3.1250000e+01
   3.1354680e+06   2.7770996e+01
   3.1432530e+06   3.9367676e+01
   3.1456420e+06   3.0822754e+01
   3.1518930e+06   3.2836914e+01
   3.1577300e+06   3.6376953e+01
   3.1706400e+06   3.6254883e+01
   3.1730120e+06   3.7719727e+01
   3.1730610e+06   2.6184082e+01
   3.1730990e+06   2.9907227e+01
   3.1731120e+06   3.9794922e+01
   3.1731660e+06   3.7048340e+01
   3.1731810e+06   3.3935547e+01
   3.1732020e+06   2.6428223e+01
   3.1732600e+06   2.5634766e+01
   3.1732890e+06   2.7832031e+01
   3.1733820e+06   2.5878906e+01
   3.1736030e+06   2.8198242e+01
   3.1736320e+06   3.0517578e+01
   3.1737380e+06   2.6000977e+01
   3.1743870e+06   3.0761719e+01
   3.1744630e+06   2.6611328e+01
   3.1791600e+06   3.7597656e+01
   3.1795670e+06   3.2348633e+01
   3.1805150e+06   3.1982422e+01
   3.1823210e+06   3.1433105e+01
   3.1827650e+06   3.2043457e+01
   3.1841350e+06   2.9968262e+01
   3.1853780e+06   3.4179688e+01
   3.1869030e+06   3.4790039e+01
   3.1911310e+06   2.8564453e+01
   3.2066580e+06   3.0883789e+01
   3.2222130e+06   3.1188965e+01
   3.2245530e+06   3.3691406e+01
   3.2622290e+06   3.2348633e+01
   3.2922420e+06   3.9916992e+01
   3.3053440e+06   3.7109375e+01
   3.3120100e+06   3.8391113e+01
   3.3620100e+06   4.1503906e+01
   3.3722800e+06   3.0578613e+01
   3.3819610e+06   4.0649414e+01
   3.3820640e+06   3.3325195e+01
   3.3820750e+06   3.9733887e+01
   3.3820890e+06   2.8991699e+01
   3.3821380e+06   2.8198242e+01
   3.3821530e+06   2.7709961e+01
   3.3821760e+06   3.4667969e+01
   3.3822710e+06   3.8818359e+01
   3.3823120e+06   2.6550293e+01
   3.3823600e+06   2.8381348e+01
   3.3823780e+06   2.8015137e+01
   3.3824340e+06   2.8442383e+01
   3.3890380e+06   3.3325195e+01
   3.3893630e+06   2.8259277e+01
   3.3896500e+06   2.6916504e+01
   3.3899670e+06   3.1127930e+01
   3.3922320e+06   3.2165527e+01
   3.3944380e+06   3.2958984e+01
   3.3947900e+06   2.8930664e+01
   3.3958710e+06   2.8503418e+01
   3.3983180e+06   2.6184082e+01
   3.4008550e+06   3.9245605e+01
   3.4065110e+06   3.3142090e+01
   3.4802620e+06   3.8574219e+01
   3.4940320e+06   3.6804199e+01
   3.4943430e+06   3.3020020e+01
   3.4943660e+06   2.6733398e+01
   3.4944380e+06   3.3569336e+01
   3.4944770e+06   3.1555176e+01
   3.4945180e+06   3.0761719e+01
   3.4945470e+06   3.6560059e+01
   3.4945720e+06   2.8259277e+01
   3.4945900e+06   2.8930664e+01
   3.4947250e+06   2.7282715e+01
   3.5006590e+06   3.0273438e+01
   3.5009820e+06   2.9541016e+01
   3.5011830e+06   2.8808594e+01
   3.5014270e+06   2.7893066e+01
   3.5031240e+06   2.8808594e+01
   3.5044090e+06   3.2043457e+01
   3.5064240e+06   3.2043457e+01
   3.5069220e+06   3.0090332e+01
   3.5102580e+06   3.1738281e+01
   3.5122660e+06   3.4729004e+01
   3.5141610e+06   3.1799316e+01
   3.5160360e+06   3.6193848e+01
   3.5219030e+06   2.6794434e+01
   3.5435650e+06   3.9001465e+01
   3.6163690e+06   3.5949707e+01
   3.6216750e+06   2.6733398e+01
   3.6275400e+06   3.1860352e+01
   3.6544200e+06   3.3874512e+01
   3.6547300e+06   3.4423828e+01
   3.6547480e+06   2.7893066e+01
   3.6547810e+06   2.8686523e+01
   3.6548060e+06   2.5817871e+01
   3.6548370e+06   3.1188965e+01
   3.6548490e+06   4.0710449e+01
   3.6548760e+06   2.7954102e+01
   3.6548890e+06   3.2897949e+01
   3.6549370e+06   2.7709961e+01
   3.6550050e+06   2.6733398e+01
   3.6550170e+06   3.2348633e+01
   3.6550460e+06   2.8869629e+01
   3.6550730e+06   2.7160645e+01
   3.6551040e+06   2.6733398e+01
   3.6551800e+06   2.5573730e+01
   3.6552540e+06   2.6489258e+01
   3.6553470e+06   3.0578613e+01
   3.6611530e+06   3.7353516e+01
   3.6615250e+06   2.7526855e+01
   3.6618840e+06   2.7954102e+01
   3.6621250e+06   3.0700684e+01
   3.6636910e+06   3.0883789e+01
   3.6640260e+06   2.7526855e+01
   3.6663470e+06   2.7648926e+01
   3.6669630e+06   2.8747559e+01
   3.6673210e+06   3.0029297e+01
   3.6703970e+06   3.3447266e+01
   3.6724970e+06   3.1494141e+01
   3.6773800e+06   3.4912109e+01
   3.6805840e+06   2.9113770e+01
   3.6856870e+06   3.9550781e+01
   3.7078080e+06   3.1799316e+01
   3.7138190e+06   3.7963867e+01
   3.7166980e+06   3.6865234e+01
   3.7168040e+06   3.7963867e+01
   3.7168660e+06   2.8564453e+01
   3.7168960e+06   3.2287598e+01
   3.7169640e+06   2.6550293e+01
   3.7170380e+06   2.8076172e+01
   3.7170650e+06   2.5817871e+01
   3.7171960e+06   2.5817871e+01
   3.7173910e+06   2.5695801e+01
   3.7179390e+06   2.6794434e+01
   3.7182330e+06   3.1921387e+01
   3.7228950e+06   3.6499023e+01
   3.7231990e+06   3.2775879e+01
   3.7233880e+06   3.4179688e+01
   3.7250590e+06   3.5644531e+01
   3.7265920e+06   2.6977539e+01
   3.7279530e+06   3.0822754e+01
   3.7284330e+06   2.8747559e+01
   3.7306880e+06   3.5949707e+01
   3.7371010e+06   3.8574219e+01
   3.7393840e+06   2.9174805e+01
   3.7444310e+06   3.7719727e+01
   3.7766170e+06   3.2043457e+01
   3.7810230e+06   2.9785156e+01
   3.7871860e+06   3.0212402e+01
   3.8281690e+06   4.1076660e+01
   3.8380900e+06   4.5532227e+01
   3.8381660e+06   2.7099609e+01
   3.8381940e+06   3.8146973e+01
   3.8382500e+06   3.0151367e+01
   3.8384210e+06   3.0090332e+01
   3.8384480e+06   2.8320313e+01
   3.8384770e+06   2.6000977e+01
   3.8388130e+06   2.6000977e+01
   3.8394830e+06   3.3020020e+01
   3.8448980e+06   3.2409668e+01
   3.8451680e+06   3.1311035e+01
   3.8453510e+06   3.1372070e+01
   3.8480810e+06   2.7526855e+01
   3.8503560e+06   3.6926270e+01
   3.8515630e+06   3.6193848e+01
   3.8519640e+06   2.9479980e+01
   3.8540600e+06   3.2043457e+01
   3.8594590e+06   3.3325195e+01
   3.8638540e+06   3.1066895e+01
   3.8786160e+06   3.3203125e+01
   3.9325660e+06   3.6193848e+01
   3.9780390e+06   3.7231445e+01
   3.9892960e+06   3.5217285e+01
   3.9939410e+06   4.2358398e+01
   4.0145760e+06   3.4606934e+01
   4.0208060e+06   3.7597656e+01
   4.0280890e+06   4.1870117e+01
   4.0281070e+06   2.9907227e+01
   4.0281510e+06   2.7465820e+01
   4.0281690e+06   2.5939941e+01
   4.0282100e+06   3.0517578e+01
   4.0282340e+06   2.5634766e+01
   4.0282540e+06   3.7719727e+01
   4.0282700e+06   3.5339355e+01
   4.0283090e+06   2.8686523e+01
   4.0283230e+06   2.9785156e+01
   4.0283760e+06   2.6733398e+01
   4.0283960e+06   2.8381348e+01
   4.0349440e+06   2.5573730e+01
   4.0351700e+06   3.1372070e+01
   4.0353710e+06   3.4912109e+01
   4.0355450e+06   2.8259277e+01
   4.0382690e+06   3.2775879e+01
   4.0396640e+06   2.7099609e+01
   4.0401800e+06   2.6977539e+01
   4.0413190e+06   3.2470703e+01
   4.0420050e+06   3.6315918e+01
   4.0444200e+06   3.4729004e+01
   4.0479350e+06   3.0212402e+01
   4.0551440e+06   3.7902832e+01
   4.0572210e+06   3.1677246e+01
   4.0633560e+06   3.2775879e+01
   4.0928960e+06   4.1137695e+01
   4.1106480e+06   3.6743164e+01
   4.1895390e+06   3.6926270e+01
   4.1987800e+06   2.9663086e+01
   4.2054840e+06   4.6630859e+01
   4.2055510e+06   2.8259277e+01
   4.2056020e+06   2.6489258e+01
   4.2056240e+06   3.2165527e+01
   4.2056420e+06   4.2358398e+01
   4.2056650e+06   4.5776367e+01
   4.2057150e+06   2.7587891e+01
   4.2057380e+06   2.9541016e+01
   4.2057950e+06   2.6000977e+01
   4.2058140e+06   3.1555176e+01
   4.2058630e+06   3.7231445e+01
   4.2059160e+06   2.5756836e+01
   4.2059920e+06   2.7343750e+01
   4.2060320e+06   3.2531738e+01
   4.2070330e+06   2.8076172e+01
   4.2125390e+06   3.7841797e+01
   4.2129140e+06   2.8991699e+01
   4.2132210e+06   3.1433105e+01
   4.2135140e+06   2.9174805e+01
   4.2160220e+06   3.2897949e+01
   4.2166270e+06   2.5878906e+01
   4.2179550e+06   3.4423828e+01
   4.2191620e+06   2.8320313e+01
   4.2205860e+06   3.2836914e+01
   4.2220630e+06   2.9357910e+01
   4.2277910e+06   3.0029297e+01
   4.2322020e+06   3.3386230e+01
   4.2406970e+06   3.9062500e+01
   4.2481050e+06   3.0334473e+01
   4.2786740e+06   3.6010742e+01
   4.2892100e+06   3.3386230e+01
   4.3010750e+06   3.7475586e+01
   4.3118690e+06   3.7902832e+01
   4.3167950e+06   3.3996582e+01
   4.3220350e+06   3.0090332e+01
   4.3258830e+06   2.9663086e+01
   4.3269570e+06   2.5634766e+01
   4.3269880e+06   2.8381348e+01
   4.3270080e+06   2.5634766e+01
   4.3270630e+06   2.6000977e+01
   4.3270990e+06   3.2775879e+01
   4.3271510e+06   3.1250000e+01
   4.3271800e+06   2.8381348e+01
   4.3272480e+06   2.9846191e+01
   4.3272740e+06   2.7648926e+01
   4.3273520e+06   2.6672363e+01
   4.3274290e+06   2.6733398e+01
   4.3291290e+06   3.2043457e+01
   4.3340680e+06   3.7719727e+01
   4.3345220e+06   3.4606934e+01
   4.3347850e+06   3.5095215e+01
   4.3350440e+06   3.3264160e+01
   4.3381660e+06   3.9672852e+01
   4.3404280e+06   3.0029297e+01
   4.3420190e+06   3.0212402e+01
   4.3432700e+06   3.3081055e+01
   4.3463020e+06   2.9357910e+01
   4.3522490e+06   3.3081055e+01
   4.3621560e+06   3.3264160e+01
   4.3655560e+06   3.4790039e+01
   4.3750490e+06   3.6926270e+01
   4.3860380e+06   3.3630371e+01
   4.3911520e+06   3.3752441e+01
   4.4144110e+06   3.3874512e+01
   4.4223100e+06   3.8574219e+01
   4.4271880e+06   3.4912109e+01
   4.4537940e+06   4.3457031e+01
   4.4539430e+06   2.6245117e+01
   4.4539740e+06   3.9916992e+01
   4.4539950e+06   2.5756836e+01
   4.4540740e+06   4.5776367e+01
   4.4541000e+06   3.3325195e+01
   4.4541350e+06   2.6489258e+01
   4.4541540e+06   2.6977539e+01
   4.4542030e+06   2.6733398e+01
   4.4542340e+06   3.7048340e+01
   4.4543350e+06   2.5939941e+01
   4.4554500e+06   2.8503418e+01
   4.4558800e+06   2.6672363e+01
   4.4608920e+06   2.8625488e+01
   4.4613530e+06   3.2165527e+01
   4.4615990e+06   3.4423828e+01
   4.4618130e+06   3.1127930e+01
   4.4642360e+06   2.7893066e+01
   4.4645750e+06   3.2836914e+01
   4.4667730e+06   2.8137207e+01
   4.4705440e+06   3.5400391e+01
   4.4711450e+06   2.9541016e+01
   4.4772300e+06   3.8818359e+01
   4.5309720e+06   3.1188965e+01
   4.5422150e+06   2.7038574e+01
   4.5772590e+06   3.7231445e+01
   4.5816360e+06   3.7536621e+01
   4.5975960e+06   3.5217285e+01
   4.6083110e+06   3.5461426e+01
   4.6323110e+06   3.4790039e+01
   4.6493790e+06   3.9123535e+01
   4.6495780e+06   2.9174805e+01
   4.6495890e+06   2.8930664e+01
   4.6496150e+06   4.7485352e+01
   4.6496930e+06   2.8076172e+01
   4.6497140e+06   2.7099609e+01
   4.6497510e+06   2.7709961e+01
   4.6497840e+06   2.6733398e+01
   4.6498370e+06   2.6611328e+01
   4.6498600e+06   3.7170410e+01
   4.6498850e+06   2.9174805e+01
   4.6499140e+06   2.5939941e+01
   4.6499360e+06   2.7099609e+01
   4.6500130e+06   2.6489258e+01
   4.6518180e+06   3.4851074e+01
   4.6568420e+06   3.0639648e+01
   4.6571370e+06   3.2653809e+01
   4.6573360e+06   2.8442383e+01
   4.6590560e+06   3.7109375e+01
   4.6594520e+06   3.0700684e+01
   4.6597620e+06   3.3264160e+01
   4.6601270e+06   2.7648926e+01
   4.6628130e+06   3.0334473e+01
   4.6656770e+06   2.7160645e+01
   4.6667740e+06   2.7465820e+01
   4.6692870e+06   2.9968262e+01
   4.6710750e+06   2.8869629e+01
   4.6800100e+06   3.2714844e+01
   4.6830920e+06   3.0517578e+01
   4.6892000e+06   3.4790039e+01
   4.6930310e+06   4.0832520e+01
   4.6968520e+06   3.1311035e+01
   4.7076860e+06   3.6987305e+01
   4.7308660e+06   3.2409668e+01
   4.7405290e+06   3.0578613e+01
   4.7589980e+06   3.9123535e+01
   4.7592670e+06   3.7292480e+01
   4.7600890e+06   4.7058105e+01
   4.7601890e+06   3.0151367e+01
   4.7602220e+06   5.5297852e+01
   4.7602630e+06   2.9602051e+01
   4.7602760e+06   2.5573730e+01
   4.7602970e+06   4.1625977e+01
   4.7603190e+06   2.8015137e+01
   4.7603690e+06   3.3386230e+01
   4.7604310e+06   3.1127930e+01
   4.7604820e+06   2.9113770e+01
   4.7605340e+06   2.7526855e+01
   4.7619070e+06   2.6611328e+01
   4.7663500e+06   3.6865234e+01
   4.7666910e+06   2.9602051e+01
   4.7669780e+06   3.3386230e+01
   4.7672050e+06   3.0761719e+01
   4.7695950e+06   2.9846191e+01
   4.7718690e+06   3.3081055e+01
   4.7732740e+06   2.9907227e+01
   4.7735910e+06   3.3447266e+01
   4.7794780e+06   3.0944824e+01
   4.7802410e+06   3.6132813e+01
   4.7821000e+06   3.3874512e+01
   4.7828180e+06   2.9846191e+01
   4.7896340e+06   3.1982422e+01
   4.8011630e+06   3.5949707e+01
   4.8013050e+06   2.5817871e+01
   4.8622380e+06   3.0761719e+01
   4.8709550e+06   2.9357910e+01
   4.8738160e+06   3.4912109e+01
   4.8793420e+06   3.8879395e+01
   4.8900100e+06   3.7902832e+01
   4.8900770e+06   2.7709961e+01
   4.8900990e+06   3.3569336e+01
   4.8901170e+06   3.4790039e+01
   4.8901640e+06   3.0029297e+01
   4.8901740e+06   3.0029297e+01
   4.8901970e+06   2.8625488e+01
   4.8902760e+06   2.5756836e+01
   4.8904340e+06   2.5573730e+01
   4.8905170e+06   2.6550293e+01
   4.8905470e+06   2.6916504e+01
   4.8974140e+06   3.5461426e+01
   4.8977390e+06   3.3996582e+01
   4.8979780e+06   3.0334473e+01
   4.8993430e+06   3.2653809e+01
   4.9005610e+06   4.0954590e+01
   4.9009440e+06   3.1982422e+01
   4.9014040e+06   2.6672363e+01
   4.9036060e+06   3.3691406e+01
   4.9042090e+06   3.7719727e+01
   4.9062890e+06   2.7954102e+01
   4.9089020e+06   3.4301758e+01
   4.9131080e+06   3.4729004e+01
   4.9844880e+06   3.4606934e+01
   4.9914790e+06   3.0090332e+01
   5.0289890e+06   3.9733887e+01
   5.0364880e+06   3.2836914e+01
   5.0452730e+06   4.2053223e+01
   5.0516850e+06   3.1372070e+01
   5.0614420e+06   2.6855469e+01
   5.0614930e+06   2.7832031e+01
   5.0615230e+06   3.6193848e+01
   5.0615720e+06   3.5278320e+01
   5.0616290e+06   3.0822754e+01
   5.0616610e+06   2.7221680e+01
   5.0617030e+06   5.1269531e+01
   5.0618280e+06   2.6000977e+01
   5.0619610e+06   3.3752441e+01
   5.0631390e+06   2.6123047e+01
   5.0690450e+06   3.3874512e+01
   5.0694000e+06   2.7587891e+01
   5.0696340e+06   3.4545898e+01
   5.0698640e+06   2.5695801e+01
   5.0721010e+06   2.7038574e+01
   5.0724820e+06   3.1799316e+01
   5.0729010e+06   3.5217285e+01
   5.0733440e+06   2.6306152e+01
   5.0755950e+06   3.0944824e+01
   5.0784610e+06   3.5766602e+01
   5.0809320e+06   3.0517578e+01
   5.0855850e+06   3.1921387e+01
   5.0878550e+06   3.1982422e+01
   5.1159240e+06   3.6254883e+01
   5.1265700e+06   3.4118652e+01
   5.1709060e+06   3.5095215e+01
   5.1752330e+06   4.1931152e+01
   5.1759390e+06   4.1320801e+01
   5.1760910e+06   2.5756836e+01
   5.1761640e+06   3.0578613e+01
   5.1762210e+06   2.8259277e+01
   5.1762600e+06   3.0578613e+01
   5.1762720e+06   2.7709961e+01
   5.1763250e+06   2.7221680e+01
   5.1763590e+06   2.7465820e+01
   5.1763830e+06   2.5573730e+01
   5.1764090e+06   2.6062012e+01
   5.1765320e+06   3.2775879e+01
   5.1768880e+06   2.7954102e+01
   5.1830450e+06   3.3996582e+01
   5.1833220e+06   2.8625488e+01
   5.1835370e+06   2.8442383e+01
   5.1864700e+06   3.0639648e+01
   5.1869010e+06   3.2836914e+01
   5.1875630e+06   2.9113770e+01
   5.1904270e+06   3.3569336e+01
   5.1913100e+06   3.8269043e+01
   5.1930010e+06   3.3447266e+01
   5.1959190e+06   3.6254883e+01
   5.1990350e+06   3.7475586e+01
   5.2106910e+06   3.0395508e+01
   5.2123720e+06   3.3142090e+01
   5.2264370e+06   4.0588379e+01
   5.3481470e+06   3.6254883e+01
   5.3499860e+06   4.4372559e+01
   5.3500580e+06   3.1677246e+01
   5.3500800e+06   4.2541504e+01
   5.3501050e+06   2.6062012e+01
   5.3501580e+06   2.5817871e+01
   5.3502260e+06   3.3630371e+01
   5.3516130e+06   2.5634766e+01
   5.3569990e+06   2.7770996e+01
   5.3574190e+06   2.7221680e+01
   5.3577150e+06   3.3020020e+01
   5.3579960e+06   3.0822754e+01
   5.3599540e+06   2.7404785e+01
   5.3604280e+06   3.4362793e+01
   5.3608500e+06   2.8259277e+01
   5.3621830e+06   3.1250000e+01
   5.3634650e+06   3.3508301e+01
   5.3663640e+06   3.1738281e+01
   5.3714580e+06   4.0954590e+01
   5.3760710e+06   3.4545898e+01
   5.3886740e+06   4.1015625e+01
   5.4129210e+06   3.5522461e+01
   5.4738280e+06   3.5705566e+01
   5.4878020e+06   3.5522461e+01
   5.4913710e+06   3.5888672e+01
   5.4917840e+06   3.5400391e+01
   5.4919730e+06   3.8452148e+01
   5.4920050e+06   2.7893066e+01
   5.4920370e+06   2.6062012e+01
   5.4920760e+06   4.8950195e+01
   5.4921210e+06   3.3447266e+01
   5.4921510e+06   3.3386230e+01
   5.4925270e+06   3.0334473e+01
   5.4939050e+06   2.6062012e+01
   5.4986260e+06   3.7902832e+01
   5.4989280e+06   2.8747559e+01
   5.4991520e+06   3.1921387e+01
   5.4994070e+06   3.0700684e+01
   5.5025540e+06   3.3386230e+01
   5.5029960e+06   3.0883789e+01
   5.5062590e+06   2.9785156e+01
   5.5066960e+06   3.2836914e+01
   5.5080730e+06   2.7832031e+01
   5.5095430e+06   3.4423828e+01
   5.5135180e+06   2.9113770e+01
   5.5207650e+06   3.4667969e+01
   5.5299290e+06   3.4179688e+01
   5.5762830e+06   2.7770996e+01
   5.5788120e+06   2.9235840e+01
   5.5827940e+06   3.9123535e+01
   5.5957860e+06   3.9672852e+01
   5.6128830e+06   3.4484863e+01
   5.6307520e+06   3.7475586e+01
   5.6381850e+06   3.3996582e+01
   5.6439350e+06   3.3508301e+01
   5.6462710e+06   3.9489746e+01
   5.6465560e+06   3.6743164e+01
   5.6467180e+06   2.5512695e+01
   5.6468230e+06   3.1005859e+01
   5.6468750e+06   2.6428223e+01
   5.6469350e+06   2.8625488e+01
   5.6469880e+06   3.7963867e+01
   5.6470110e+06   2.6550293e+01
   5.6470380e+06   3.9611816e+01
   5.6470640e+06   2.8747559e+01
   5.6470920e+06   3.1372070e+01
   5.6471940e+06   2.9296875e+01
   5.6472510e+06   3.2287598e+01
   5.6473270e+06   2.6000977e+01
   5.6474690e+06   2.7648926e+01
   5.6536740e+06   3.1494141e+01
   5.6539010e+06   2.8991699e+01
   5.6540700e+06   3.0639648e+01
   5.6543120e+06   2.6550293e+01
   5.6567330e+06   3.3020020e+01
   5.6569920e+06   3.3813477e+01
   5.6590650e+06   2.9479980e+01
   5.6606480e+06   3.0334473e+01
   5.6642850e+06   3.4423828e+01
   5.6652370e+06   3.1616211e+01
   5.6717100e+06   3.6132813e+01
   5.6750760e+06   2.9785156e+01
   5.6896400e+06   3.8757324e+01
   5.6919410e+06   3.8024902e+01
   5.7149030e+06   3.8635254e+01
   5.7890230e+06   3.3264160e+01
   5.8059480e+06   3.5949707e+01
   5.8343590e+06   3.4912109e+01
   5.8394170e+06   3.3386230e+01
   5.8711650e+06   3.4484863e+01
   5.8712000e+06   2.5573730e+01
   5.8712420e+06   4.6264648e+01
   5.8712640e+06   2.9357910e+01
   5.8712890e+06   2.5695801e+01
   5.8713130e+06   2.9479980e+01
   5.8713280e+06   3.6132813e+01
   5.8713580e+06   3.0944824e+01
   5.8713910e+06   2.6672363e+01
   5.8714770e+06   2.6123047e+01
   5.8715060e+06   2.6916504e+01
   5.8715290e+06   2.6245117e+01
   5.8716470e+06   2.7282715e+01
   5.8784770e+06   3.8879395e+01
   5.8788160e+06   3.6193848e+01
   5.8790630e+06   3.0456543e+01
   5.8812060e+06   3.3447266e+01
   5.8815910e+06   3.2226563e+01
   5.8819220e+06   3.2165527e+01
   5.8859040e+06   3.3142090e+01
   5.8876430e+06   2.9541016e+01
   5.8946720e+06   3.8757324e+01
   5.8992990e+06   3.2897949e+01
   5.9106590e+06   3.6010742e+01
   5.9135740e+06   3.5766602e+01
   5.9255550e+06   3.9367676e+01
   5.9576000e+06   3.4362793e+01
   5.9858960e+06   3.3874512e+01
   6.0268550e+06   3.8635254e+01
   6.0422730e+06   3.8085938e+01
   6.0502040e+06   3.4484863e+01
   6.0530890e+06   3.5888672e+01
   6.0576980e+06   3.8757324e+01
   6.0607990e+06   4.1381836e+01
   6.0608930e+06   5.1940918e+01
   6.0609730e+06   2.7282715e+01
   6.0609900e+06   2.8564453e+01
   6.0610270e+06   3.0395508e+01
   6.0610800e+06   3.9245605e+01
   6.0611360e+06   2.8564453e+01
   6.0611460e+06   3.4362793e+01
   6.0612640e+06   2.8564453e+01
   6.0628400e+06   2.7099609e+01
   6.0678870e+06   3.0517578e+01
   6.0683920e+06   2.6184082e+01
   6.0687350e+06   3.7475586e+01
   6.0709720e+06   3.1982422e+01
   6.0722500e+06   2.7770996e+01
   6.0725550e+06   3.1127930e+01
   6.0729460e+06   3.0212402e+01
   6.0743230e+06   3.4423828e+01
   6.0757670e+06   3.3203125e+01
   6.0771670e+06   3.5217285e+01
   6.0796550e+06   3.4423828e+01
   6.0833070e+06   3.3569336e+01
   6.0887470e+06   2.9296875e+01
   6.0959350e+06   4.0771484e+01
   6.1580150e+06   3.3691406e+01
   6.1637200e+06   3.9794922e+01
   6.1726240e+06   3.3142090e+01
   6.2010930e+06   3.6804199e+01
   6.2012040e+06   2.7282715e+01
   6.2012380e+06   3.8574219e+01
   6.2012930e+06   2.6916504e+01
   6.2013130e+06   3.4179688e+01
   6.2013440e+06   3.4362793e+01
   6.2013600e+06   3.1799316e+01
   6.2013930e+06   3.9428711e+01
   6.2015210e+06   2.9541016e+01
   6.2015710e+06   2.5695801e+01
   6.2017580e+06   2.6855469e+01
   6.2030490e+06   2.8320312e+01
   6.2083090e+06   2.8991699e+01
   6.2093330e+06   3.5705566e+01
   6.2096890e+06   3.0883789e+01
   6.2099390e+06   2.8198242e+01
   6.2124200e+06   3.2470703e+01
   6.2137140e+06   3.4301758e+01
   6.2144230e+06   2.7282715e+01
   6.2162590e+06   3.2775879e+01
   6.2186770e+06   3.4362793e+01
   6.2228510e+06   3.6193848e+01
   6.2280340e+06   4.1198730e+01
   6.2329890e+06   3.2836914e+01
   6.2641340e+06   3.0212402e+01
   6.2678930e+06   3.0700684e+01
   6.2725070e+06   3.5034180e+01
   6.2775570e+06   3.6254883e+01
   6.3021160e+06   3.1433105e+01
   6.3210190e+06   3.6621094e+01
   6.3464410e+06   3.8085938e+01
   6.3465210e+06   2.6184082e+01
   6.3465410e+06   2.5756836e+01
   6.3465960e+06   2.5756836e+01
   6.3466130e+06   3.9978027e+01
   6.3466860e+06   2.7160645e+01
   6.3467180e+06   3.1616211e+01
   6.3467650e+06   4.4921875e+01
   6.3467930e+06   2.6000977e+01
   6.3469120e+06   2.6794434e+01
   6.3471200e+06   2.5573730e+01
   6.3474200e+06   2.6000977e+01
   6.3475140e+06   2.6245117e+01
   6.3535070e+06   2.7893066e+01
   6.3546750e+06   3.1311035e+01
   6.3554320e+06   3.1555176e+01
   6.3557790e+06   3.0639648e+01
   6.3569550e+06   3.2165527e+01
   6.3590210e+06   2.6123047e+01
   6.3594830e+06   3.3447266e+01
   6.3606500e+06   3.2409668e+01
   6.3639040e+06   3.2165527e+01
   6.3665780e+06   3.4118652e+01
   6.3691430e+06   3.7170410e+01
   6.3763860e+06   3.7475586e+01
   6.4390750e+06   3.7292480e+01
   6.4441340e+06   3.9245605e+01
   6.4638460e+06   3.1372070e+01
   6.4908850e+06   3.7597656e+01
   6.4909940e+06   2.9724121e+01
   6.4910300e+06   3.0334473e+01
   6.4910430e+06   2.7160645e+01
   6.4910830e+06   2.5634766e+01
   6.4911230e+06   2.7282715e+01
   6.4911660e+06   4.0161133e+01
   6.4911950e+06   3.0517578e+01
   6.4912050e+06   3.1005859e+01
   6.4912320e+06   2.6245117e+01
   6.4912770e+06   3.0212402e+01
   6.4914770e+06   2.6184082e+01
   6.4916860e+06   2.6306152e+01
   6.4920770e+06   2.6306152e+01
   6.4923900e+06   2.5817871e+01
   6.4991360e+06   3.2958984e+01
   6.4995180e+06   3.3691406e+01
   6.4997910e+06   3.5156250e+01
   6.5000130e+06   2.9235840e+01
   6.5018990e+06   3.3325195e+01
   6.5044830e+06   3.2592773e+01
   6.5049980e+06   3.3386230e+01
   6.5059000e+06   3.2653809e+01
   6.5078820e+06   3.1494141e+01
   6.5091870e+06   3.0334473e+01
   6.5158730e+06   2.8198242e+01
   6.5414460e+06   3.4362793e+01
   6.5679850e+06   4.4921875e+01
   6.5867860e+06   4.2846680e+01
   6.5974650e+06   3.9001465e+01
   6.5977220e+06   2.5939941e+01
   6.5978910e+06   3.5461426e+01
   6.5979180e+06   2.8442383e+01
   6.5979510e+06   3.1799316e+01
   6.5979890e+06   5.8898926e+01
   6.5980120e+06   2.8808594e+01
   6.5980400e+06   3.4179688e+01
   6.5980600e+06   2.8930664e+01
   6.5981210e+06   3.5583496e+01
   6.5982200e+06   2.8198242e+01
   6.5982450e+06   3.1127930e+01
   6.5982730e+06   2.9846191e+01
   6.5985500e+06   2.8991699e+01
   6.5995290e+06   3.5278320e+01
   6.5997810e+06   3.5095215e+01
   6.6046030e+06   3.5705566e+01
   6.6048500e+06   2.5878906e+01
   6.6050700e+06   2.9296875e+01
   6.6053480e+06   2.6977539e+01
   6.6081530e+06   2.6977539e+01
   6.6091760e+06   3.5766602e+01
   6.6115550e+06   3.5827637e+01
   6.6120600e+06   3.5217285e+01
   6.6126270e+06   3.0700684e+01
   6.6195800e+06   2.6794434e+01
   6.6651970e+06   3.1250000e+01
   6.6738510e+06   3.1677246e+01
   6.6803510e+06   3.5461426e+01
   6.6855380e+06   3.1494141e+01
   6.6892950e+06   4.3945313e+01
   6.6980840e+06   3.7292480e+01
   6.7060860e+06   3.1066895e+01
   6.7105430e+06   3.3325195e+01
   6.7331750e+06   3.8391113e+01
   6.7352260e+06   3.0883789e+01
   6.7662910e+06   4.1503906e+01
   6.7840490e+06   3.4179688e+01
   6.7939050e+06   4.0161133e+01
   6.8072470e+06   4.4982910e+01
   6.8168770e+06   4.3029785e+01
   6.8237360e+06   3.8085938e+01
   6.8239110e+06   3.8269043e+01
   6.8239640e+06   3.1982422e+01
   6.8240070e+06   3.4973145e+01
   6.8240410e+06   2.5634766e+01
   6.8240820e+06   3.9916992e+01
   6.8241020e+06   3.1860352e+01
   6.8241580e+06   2.7954102e+01
   6.8242820e+06   2.7832031e+01
   6.8243110e+06   2.5573730e+01
   6.8257660e+06   2.8198242e+01
   6.8316280e+06   3.6254883e+01
   6.8321790e+06   3.1799316e+01
   6.8324040e+06   2.9418945e+01
   6.8326170e+06   3.3447266e+01
   6.8352490e+06   2.6489258e+01
   6.8364450e+06   2.9968262e+01
   6.8373930e+06   3.1616211e+01
   6.8412930e+06   3.6621094e+01
   6.8426960e+06   3.3996582e+01
   6.8483100e+06   3.4606934e+01
   6.8518990e+06   3.5522461e+01
   6.8671510e+06   3.2287598e+01
   6.8714520e+06   3.8146973e+01
   6.8811500e+06   3.3386230e+01
   6.9185350e+06   3.5705566e+01
   6.9259000e+06   5.1757813e+01
   6.9259690e+06   2.5573730e+01
   6.9260280e+06   2.8320313e+01
   6.9260530e+06   4.2541504e+01
   6.9261140e+06   3.8391113e+01
   6.9261490e+06   4.9255371e+01
   6.9261610e+06   2.6123047e+01
   6.9262530e+06   2.8015137e+01
   6.9262980e+06   2.9235840e+01
   6.9263940e+06   2.6611328e+01
   6.9272100e+06   2.7282715e+01
   6.9330040e+06   3.4240723e+01
   6.9333270e+06   4.2968750e+01
   6.9335530e+06   2.6672363e+01
   6.9353780e+06   3.2287598e+01
   6.9357050e+06   2.8808594e+01
   6.9359820e+06   3.4240723e+01
   6.9381230e+06   2.9968262e+01
   6.9387860e+06   3.0517578e+01
   6.9393000e+06   2.7954102e+01
   6.9410610e+06   3.2409668e+01
   6.9430890e+06   3.2897949e+01
   6.9484370e+06   3.7048340e+01
   6.9514380e+06   3.9794922e+01
   6.9539590e+06   4.0588379e+01
   7.0058000e+06   3.4667969e+01
   7.0159690e+06   2.7954102e+01
   7.0270050e+06   3.2531738e+01
   7.0550750e+06   3.6682129e+01
   7.0592950e+06   3.7841797e+01
   7.0876250e+06   3.3569336e+01
   7.0929610e+06   3.8208008e+01
   7.0938270e+06   3.1799316e+01
   7.0938610e+06   2.8198242e+01
   7.0938720e+06   3.4912109e+01
   7.0939030e+06   2.6916504e+01
   7.0939170e+06   2.7221680e+01
   7.0939410e+06   4.1015625e+01
   7.0939590e+06   3.4301758e+01
   7.0940080e+06   3.3325195e+01
   7.0940190e+06   2.9357910e+01
   7.0941160e+06   2.6855469e+01
   7.0941260e+06   3.5034180e+01
   7.0943370e+06   2.7343750e+01
   7.0943680e+06   2.7465820e+01
   7.0955320e+06   2.9418945e+01
   7.1009680e+06   3.5278320e+01
   7.1012250e+06   2.5573730e+01
   7.1014020e+06   3.1860352e+01
   7.1036490e+06   3.1127930e+01
   7.1051750e+06   3.3386230e+01
   7.1057520e+06   2.5817871e+01
   7.1069030e+06   3.0517578e+01
   7.1101190e+06   2.8747559e+01
   7.1133290e+06   3.4057617e+01
   7.1149070e+06   4.3579102e+01
   7.1188210e+06   2.7526855e+01
   7.1217930e+06   3.8696289e+01
   7.1345490e+06   3.7414551e+01
   7.1551600e+06   2.8503418e+01
   7.2217520e+06   4.3090820e+01
   7.2326690e+06   3.7841797e+01
   7.2375150e+06   3.6315918e+01
   7.2576750e+06   4.4555664e+01
   7.2639790e+06   3.8024902e+01
   7.2688140e+06   3.0334473e+01
   7.2734250e+06   3.8391113e+01
   7.2840630e+06   3.5400391e+01
   7.2973590e+06   3.1738281e+01
   7.3265330e+06   3.8330078e+01
   7.3265820e+06   2.5817871e+01
   7.3266180e+06   3.4057617e+01
   7.3266290e+06   5.5664063e+01
   7.3266470e+06   3.1494141e+01
   7.3266730e+06   3.7048340e+01
   7.3267000e+06   3.0761719e+01
   7.3267270e+06   2.7526855e+01
   7.3267550e+06   2.7343750e+01
   7.3267980e+06   3.8513184e+01
   7.3268200e+06   2.5573730e+01
   7.3270610e+06   2.5695801e+01
   7.3271770e+06   2.8503418e+01
   7.3335840e+06   3.3386230e+01
   7.3354350e+06   3.4362793e+01
   7.3362350e+06   3.2104492e+01
   7.3386680e+06   2.9602051e+01
   7.3391210e+06   3.1921387e+01
   7.3394200e+06   3.2104492e+01
   7.3410940e+06   3.7353516e+01
   7.3425250e+06   3.1799316e+01
   7.3429840e+06   3.0212402e+01
   7.3464860e+06   3.1372070e+01
   7.3472220e+06   3.5644531e+01
   7.3524900e+06   3.2470703e+01
   7.3549340e+06   2.8869629e+01
   7.3619500e+06   3.4362793e+01
   7.3674880e+06   2.7099609e+01
   7.3796750e+06   3.5278320e+01
   7.3829540e+06   2.7404785e+01
   7.3952950e+06   3.6376953e+01
   7.4033130e+06   3.0334473e+01
   7.4162340e+06   3.8024902e+01
   7.4416070e+06   2.7770996e+01
   7.4546190e+06   3.9794922e+01
   7.4549130e+06   3.1188965e+01
   7.4549930e+06   2.5756836e+01
   7.4550170e+06   3.1188965e+01
   7.4550300e+06   2.6245117e+01
   7.4550740e+06   3.0334473e+01
   7.4550990e+06   3.6193848e+01
   7.4551280e+06   2.5634766e+01
   7.4551520e+06   2.9113770e+01
   7.4551910e+06   5.5603027e+01
   7.4552050e+06   3.1311035e+01
   7.4552220e+06   2.8381348e+01
   7.4552680e+06   2.5512695e+01
   7.4554370e+06   2.6367188e+01
   7.4618260e+06   2.9479980e+01
   7.4620690e+06   3.5705566e+01
   7.4623210e+06   2.7038574e+01
   7.4625220e+06   2.7282715e+01
   7.4648270e+06   3.5827637e+01
   7.4653850e+06   3.4057617e+01
   7.4658320e+06   3.5156250e+01
   7.4675790e+06   3.1555176e+01
   7.4698880e+06   4.1748047e+01
   7.4729870e+06   3.6071777e+01
   7.4775070e+06   3.3447266e+01
   7.4856540e+06   3.7658691e+01
   7.5081280e+06   2.9113770e+01
   7.5374770e+06   3.9611816e+01
   7.5821890e+06   3.4729004e+01
   7.5886930e+06   3.2348633e+01
   7.5946810e+06   3.3264160e+01
   7.6008860e+06   3.1372070e+01
   7.6099940e+06   3.4179688e+01
   7.6101320e+06   3.1250000e+01
   7.6101570e+06   5.3100586e+01
   7.6101680e+06   2.9479980e+01
   7.6102760e+06   3.9062500e+01
   7.6103020e+06   2.6062012e+01
   7.6103490e+06   4.0649414e+01
   7.6103900e+06   2.6000977e+01
   7.6104480e+06   3.2958984e+01
   7.6104800e+06   3.2226563e+01
   7.6105470e+06   2.6550293e+01
   7.6105680e+06   2.5512695e+01
   7.6112520e+06   2.9052734e+01
   7.6172870e+06   3.1921387e+01
   7.6175850e+06   2.7160645e+01
   7.6178290e+06   3.5461426e+01
   7.6200340e+06   3.1555176e+01
   7.6206910e+06   3.6193848e+01
   7.6211660e+06   3.0273438e+01
   7.6215310e+06   2.6062012e+01
   7.6216200e+06   2.6184082e+01
   7.6239510e+06   2.7648926e+01
   7.6245410e+06   3.1250000e+01
   7.6263730e+06   3.1677246e+01
   7.6292580e+06   3.2287598e+01
   7.6319710e+06   3.1250000e+01
   7.6325850e+06   3.3935547e+01
   7.6813750e+06   3.9245605e+01
   7.6857070e+06   2.6184082e+01
   7.7038040e+06   4.0100098e+01
   7.7130870e+06   3.8146973e+01
   7.7238980e+06   4.2297363e+01
   7.7491630e+06   3.6865234e+01
   7.7605480e+06   3.2409668e+01
   7.7605590e+06   2.7770996e+01
   7.7605890e+06   2.5634766e+01
   7.7606320e+06   2.6550293e+01
   7.7606660e+06   3.0700684e+01
   7.7607100e+06   3.5156250e+01
   7.7607380e+06   3.0334473e+01
   7.7607870e+06   3.3447266e+01
   7.7608480e+06   2.9235840e+01
   7.7608880e+06   2.8381348e+01
   7.7609000e+06   3.6193848e+01
   7.7609220e+06   2.5573730e+01
   7.7679220e+06   3.3325195e+01
   7.7682190e+06   3.2897949e+01
   7.7684480e+06   3.1494141e+01
   7.7686480e+06   2.5878906e+01
   7.7715700e+06   3.1677246e+01
   7.7721630e+06   3.3386230e+01
   7.7723960e+06   3.3081055e+01
   7.7727520e+06   2.7343750e+01
   7.7743460e+06   2.6611328e+01
   7.7759010e+06   3.5339355e+01
   7.7805250e+06   4.2907715e+01
   7.7828020e+06   3.7414551e+01
   7.7870910e+06   3.0761719e+01
   7.8311970e+06   2.6916504e+01
   7.8347330e+06   2.5695801e+01
   7.8406230e+06   4.4982910e+01
   7.8467260e+06   3.5095215e+01
   7.8627230e+06   3.3508301e+01
   7.8630180e+06   5.4382324e+01
   7.8630410e+06   3.3813477e+01
   7.8630800e+06   2.7099609e+01
   7.8632890e+06   3.4790039e+01
   7.8643040e+06   2.6062012e+01
   7.8698440e+06   3.4118652e+01
   7.8700940e+06   2.5573730e+01
   7.8702830e+06   3.0273437e+01
   7.8718800e+06   2.6428223e+01
   7.8749850e+06   3.2043457e+01
   7.8780010e+06   3.3081055e+01
   7.8790140e+06   3.7231445e+01
   7.8819610e+06   3.6193848e+01
   7.9422930e+06   3.5400391e+01
   8.0113760e+06   3.7719727e+01
   8.0261330e+06   4.7302246e+01
   8.0261710e+06   2.6000977e+01
   8.0262010e+06   2.7160645e+01
   8.0262370e+06   2.6916504e+01
   8.0262680e+06   3.9733887e+01
   8.0263250e+06   3.2348633e+01
   8.0263490e+06   4.6020508e+01
   8.0264200e+06   3.8391113e+01
   8.0264740e+06   2.6306152e+01
   8.0264960e+06   3.4057617e+01
   8.0266840e+06   2.7465820e+01
   8.0330790e+06   3.1738281e+01
   8.0333340e+06   3.6193848e+01
   8.0356650e+06   3.6865234e+01
   8.0359580e+06   2.8808594e+01
   8.0362810e+06   2.8259277e+01
   8.0387870e+06   3.0883789e+01
   8.0393740e+06   3.3691406e+01
   8.0397790e+06   3.2653809e+01
   8.0418690e+06   3.3935547e+01
   8.0456850e+06   3.1433105e+01
   8.0557600e+06   3.8330078e+01
   8.1429720e+06   3.6987305e+01
   8.1624140e+06   3.3691406e+01
   8.1679570e+06   3.3874512e+01
   8.1838470e+06   4.0710449e+01
   8.1839600e+06   3.0151367e+01
   8.1840000e+06   3.5217285e+01
   8.1840760e+06   2.6916504e+01
   8.1840980e+06   4.4921875e+01
   8.1841520e+06   3.1921387e+01
   8.1841720e+06   3.4667969e+01
   8.1842290e+06   2.7526855e+01
   8.1843040e+06   2.6672363e+01
   8.1843510e+06   2.6733398e+01
   8.1845100e+06   2.7832031e+01
   8.1846370e+06   2.6306152e+01
   8.1855820e+06   2.7954102e+01
   8.1915580e+06   2.9968262e+01
   8.1918710e+06   3.3752441e+01
   8.1920770e+06   2.7343750e+01
   8.1922950e+06   2.9785156e+01
   8.1956120e+06   3.3142090e+01
   8.1972180e+06   2.9602051e+01
   8.2010740e+06   3.1982422e+01
   8.2022640e+06   2.9174805e+01
   8.2080260e+06   3.5217285e+01
   8.2849660e+06   3.3935547e+01
   8.2921720e+06   3.2531738e+01
   8.3125120e+06   3.6926270e+01
   8.3126040e+06   3.5156250e+01
   8.3126180e+06   2.8381348e+01
   8.3126390e+06   4.0466309e+01
   8.3126490e+06   2.5512695e+01
   8.3127130e+06   2.6306152e+01
   8.3127300e+06   2.9907227e+01
   8.3127650e+06   2.8991699e+01
   8.3127950e+06   2.8503418e+01
   8.3128590e+06   2.8381348e+01
   8.3129170e+06   3.2226563e+01
   8.3129550e+06   2.5573730e+01
   8.3141440e+06   2.5695801e+01
   8.3204070e+06   2.8381348e+01
   8.3207240e+06   3.7536621e+01
   8.3209160e+06   3.4667969e+01
   8.3240020e+06   2.8991699e+01
   8.3246760e+06   2.7648926e+01
   8.3256110e+06   2.9907227e+01
   8.3270620e+06   2.8991699e+01
   8.3290370e+06   3.3325195e+01
   8.3335610e+06   3.4729004e+01
   8.3403990e+06   3.5827637e+01
   8.3579580e+06   3.2531738e+01
   8.3604320e+06   2.9602051e+01
   8.3661280e+06   3.5705566e+01
   8.3767410e+06   3.9428711e+01
   8.3804290e+06   3.6682129e+01
   8.3894230e+06   4.1198730e+01
   8.4146850e+06   3.5705566e+01
   8.4217990e+06   3.8330078e+01
   8.4218510e+06   2.6062012e+01
   8.4218790e+06   3.6193848e+01
   8.4219050e+06   2.5695801e+01
   8.4219190e+06   3.1799316e+01
   8.4219530e+06   2.5817871e+01
   8.4220050e+06   2.8259277e+01
   8.4220330e+06   3.8818359e+01
   8.4220580e+06   3.3081055e+01
   8.4221890e+06   2.5695801e+01
   8.4238170e+06   3.3020020e+01
   8.4289050e+06   4.3762207e+01
   8.4292340e+06   3.2653809e+01
   8.4314830e+06   3.5156250e+01
   8.4343140e+06   3.1982422e+01
   8.4349890e+06   3.6499023e+01
   8.4360000e+06   2.8625488e+01
   8.4381260e+06   3.2592773e+01
   8.4386060e+06   2.9113770e+01
   8.4424690e+06   3.7963867e+01
   8.5904790e+06   3.9184570e+01
   8.6090740e+06   3.2531738e+01
   8.6165830e+06   3.1738281e+01
   8.6304570e+06   3.0822754e+01
   8.6305110e+06   2.8930664e+01
   8.6305240e+06   3.7414551e+01
   8.6305520e+06   4.2541504e+01
   8.6306010e+06   3.0151367e+01
   8.6306110e+06   2.6245117e+01
   8.6306330e+06   2.8198242e+01
   8.6306620e+06   3.0395508e+01
   8.6306830e+06   3.6193848e+01
   8.6306960e+06   2.7770996e+01
   8.6307530e+06   3.2592773e+01
   8.6310770e+06   2.5512695e+01
   8.6398800e+06   3.5827637e+01
   8.6401640e+06   2.6062012e+01
   8.6403430e+06   2.8747559e+01
   8.6430450e+06   3.1005859e+01
   8.6445590e+06   3.9184570e+01
   8.6450690e+06   3.2226563e+01
   8.6480830e+06   3.4973145e+01
   8.6538750e+06   3.8085938e+01
   8.6801750e+06   3.9794922e+01
   8.6996130e+06   3.0456543e+01
   8.7198740e+06   3.8208008e+01
   8.7336060e+06   3.9672852e+01
   8.7384860e+06   3.1860352e+01
   8.7552650e+06   4.0954590e+01
   8.7711460e+06   3.2653809e+01
   8.7815370e+06   3.3142090e+01
   8.7815960e+06   3.3386230e+01
   8.7816180e+06   2.8137207e+01
   8.7816420e+06   2.8625488e+01
   8.7816770e+06   2.7038574e+01
   8.7816980e+06   2.5512695e+01
   8.7817080e+06   2.7038574e+01
   8.7817260e+06   3.9184570e+01
   8.7817770e+06   2.7282715e+01
   8.7817900e+06   2.9785156e+01
   8.7818900e+06   2.5817871e+01
   8.7819180e+06   3.0334473e+01
   8.7819540e+06   3.0029297e+01
   8.7820060e+06   2.6611328e+01
   8.7820980e+06   2.6428223e+01
   8.7821610e+06   2.6367188e+01
   8.7823210e+06   2.8320312e+01
   8.7891140e+06   3.5095215e+01
   8.7894540e+06   2.7404785e+01
   8.7896650e+06   2.7526855e+01
   8.7898490e+06   3.4240723e+01
   8.7930870e+06   3.1799316e+01
   8.7963500e+06   3.1127930e+01
   8.7968720e+06   2.7099609e+01
   8.8000090e+06   2.9174805e+01
   8.8015900e+06   3.4606934e+01
   8.8135140e+06   3.4301758e+01
   8.8154780e+06   3.5827637e+01
   8.8391300e+06   3.4423828e+01
   8.9166540e+06   3.5034180e+01
   8.9334580e+06   3.8818359e+01
   8.9420550e+06   3.6132813e+01
   8.9421560e+06   3.4423828e+01
   8.9421770e+06   3.0212402e+01
   8.9422220e+06   2.6855469e+01
   8.9422530e+06   3.7719727e+01
   8.9422700e+06   2.9174805e+01
   8.9422860e+06   2.8015137e+01
   8.9423030e+06   2.8930664e+01
   8.9423230e+06   3.2592773e+01
   8.9423700e+06   2.6184082e+01
   8.9426540e+06   2.8686523e+01
   8.9432090e+06   2.9418945e+01
   8.9439000e+06   2.6428223e+01
   8.9442120e+06   3.0090332e+01
   8.9492710e+06   4.3945313e+01
   8.9508700e+06   3.6254883e+01
   8.9511760e+06   3.5583496e+01
   8.9514350e+06   2.9846191e+01
   8.9517170e+06   2.9663086e+01
   8.9538230e+06   2.7282715e+01
   8.9549600e+06   3.5400391e+01
   8.9572430e+06   3.8146973e+01
   8.9578240e+06   3.1616211e+01
   8.9605230e+06   3.5278320e+01
   8.9635630e+06   2.8198242e+01
   8.9664630e+06   2.6062012e+01
   8.9754920e+06   3.1860352e+01
   9.0510690e+06   3.6621094e+01
   9.0561920e+06   2.9846191e+01
   9.0763180e+06   2.6916504e+01
   9.0763460e+06   2.9968262e+01
   9.0763880e+06   2.6000977e+01
   9.0764010e+06   3.8452148e+01
   9.0764770e+06   2.9724121e+01
   9.0764920e+06   3.3264160e+01
   9.0765170e+06   4.0405273e+01
   9.0765310e+06   2.8442383e+01
   9.0765790e+06   2.7343750e+01
   9.0766920e+06   2.7893066e+01
   9.0767390e+06   3.1372070e+01
   9.0769230e+06   2.6123047e+01
   9.0779280e+06   2.9968262e+01
   9.0827640e+06   3.3081055e+01
   9.0830970e+06   3.0517578e+01
   9.0834030e+06   3.2714844e+01
   9.0836690e+06   3.2714844e+01
   9.0869620e+06   2.6916504e+01
   9.0883610e+06   3.1555176e+01
   9.0903440e+06   2.5817871e+01
   9.0908590e+06   3.2409668e+01
   9.0913880e+06   3.5949707e+01
   9.0951690e+06   2.9602051e+01
   9.1001000e+06   3.6132813e+01
   9.1049820e+06   3.9062500e+01
   9.1476410e+06   3.1555176e+01
   9.1588290e+06   2.9724121e+01
   9.1803620e+06   3.2104492e+01
   9.2048630e+06   3.8146973e+01
   9.2105120e+06   4.1625977e+01
   9.2106080e+06   3.1066895e+01
   9.2106290e+06   3.6987305e+01
   9.2106670e+06   2.7465820e+01
   9.2107090e+06   5.1879883e+01
   9.2107640e+06   3.1250000e+01
   9.2108650e+06   2.5817871e+01
   9.2108810e+06   2.9724121e+01
   9.2118100e+06   2.7648926e+01
   9.2124480e+06   2.6611328e+01
   9.2182020e+06   3.9062500e+01
   9.2184850e+06   3.2897949e+01
   9.2186940e+06   3.0883789e+01
   9.2189240e+06   2.9235840e+01
   9.2213450e+06   3.4606934e+01
   9.2233460e+06   2.7038574e+01
   9.2249160e+06   2.7954102e+01
   9.2257870e+06   2.7282715e+01
   9.2276150e+06   2.6245117e+01
   9.2295360e+06   2.7221680e+01
   9.2350720e+06   3.7109375e+01
   9.2486190e+06   4.0771484e+01
   9.3008750e+06   3.3813477e+01
   9.3120600e+06   3.6987305e+01
   9.3440590e+06   4.1870117e+01
   9.3441830e+06   4.3212891e+01
   9.3441930e+06   3.3264160e+01
   9.3442730e+06   4.0588379e+01
   9.3442880e+06   3.7536621e+01
   9.3443030e+06   3.7170410e+01
   9.3443570e+06   2.7526855e+01
   9.3445960e+06   2.6794434e+01
   9.3515710e+06   2.7099609e+01
   9.3519080e+06   3.2226563e+01
   9.3521630e+06   3.0639648e+01
   9.3547230e+06   3.2104492e+01
   9.3551700e+06   2.5817871e+01
   9.3565800e+06   2.9785156e+01
   9.3576810e+06   3.0212402e+01
   9.3583890e+06   3.3813477e+01
   9.3606220e+06   3.0883789e+01
   9.3642690e+06   2.6977539e+01
   9.3650760e+06   3.1738281e+01
   9.3731930e+06   2.9418945e+01
   9.3785530e+06   2.6123047e+01
   9.3856820e+06   3.2531738e+01
   9.3984230e+06   3.8146973e+01
   9.3984400e+06   2.8808594e+01
   9.3984680e+06   2.7404785e+01
   9.3984930e+06   4.0466309e+01
   9.3985150e+06   4.4311523e+01
   9.3985250e+06   3.6315918e+01
   9.3985490e+06   2.6123047e+01
   9.3985850e+06   3.1066895e+01
   9.3986520e+06   3.2226563e+01
   9.3988460e+06   2.6062012e+01
   9.3999290e+06   3.1616211e+01
   9.4053190e+06   4.0405273e+01
   9.4056960e+06   3.1555176e+01
   9.4060120e+06   2.7526855e+01
   9.4063330e+06   2.5756836e+01
   9.4083790e+06   2.8198242e+01
   9.4095990e+06   3.0456543e+01
   9.4106090e+06   3.2409668e+01
   9.4121700e+06   3.0029297e+01
   9.4144080e+06   4.7180176e+01
   9.4161220e+06   3.5339355e+01
   9.4173590e+06   3.5095215e+01
   9.4218410e+06   3.4057617e+01
   9.4266020e+06   3.0151367e+01
   9.4845520e+06   3.9306641e+01
   9.5089370e+06   3.6437988e+01
   9.5090210e+06   2.6062012e+01
   9.5091020e+06   2.7893066e+01
   9.5091300e+06   4.1259766e+01
   9.5091640e+06   2.6245117e+01
   9.5091920e+06   3.1127930e+01
   9.5092130e+06   3.0273438e+01
   9.5092300e+06   2.9846191e+01
   9.5093070e+06   4.1015625e+01
   9.5093960e+06   2.6794434e+01
   9.5094520e+06   2.6794434e+01
   9.5095440e+06   2.7282715e+01
   9.5165540e+06   3.5034180e+01
   9.5168930e+06   2.6489258e+01
   9.5171220e+06   2.8747559e+01
   9.5204350e+06   3.4118652e+01
   9.5226960e+06   3.1860352e+01
   9.5240560e+06   3.8696289e+01
   9.5363480e+06   2.6672363e+01
   9.5435710e+06   3.4423828e+01
   9.5703600e+06   3.3081055e+01
   9.5895060e+06   2.9724121e+01
   9.5919640e+06   4.4433594e+01
   9.5956030e+06   3.9978027e+01
   9.6046350e+06   3.6865234e+01
   9.6174530e+06   4.1809082e+01
   9.6321280e+06   3.1982422e+01
   9.6355380e+06   3.6926270e+01
   9.6642560e+06   4.3029785e+01
   9.6705860e+06   3.1799316e+01
   9.6794030e+06   3.0395508e+01
   9.6893670e+06   3.3264160e+01
   9.7258440e+06   3.4729004e+01
   9.7258680e+06   2.6367188e+01
   9.7260020e+06   4.5166016e+01
   9.7260360e+06   2.6977539e+01
   9.7260520e+06   3.3996582e+01
   9.7260760e+06   3.1982422e+01
   9.7260940e+06   3.0151367e+01
   9.7261290e+06   2.9907227e+01
   9.7261700e+06   3.2592773e+01
   9.7261880e+06   2.6184082e+01
   9.7262110e+06   3.4362793e+01
   9.7262560e+06   3.5461426e+01
   9.7262800e+06   3.1311035e+01
   9.7263240e+06   3.1982422e+01
   9.7264010e+06   2.5573730e+01
   9.7271240e+06   2.5512695e+01
   9.7332230e+06   3.4790039e+01
   9.7335470e+06   2.9846191e+01
   9.7337410e+06   2.7832031e+01
   9.7339600e+06   2.8747559e+01
   9.7365820e+06   2.8503418e+01
   9.7380680e+06   3.1433105e+01
   9.7391520e+06   3.1982422e+01
   9.7397750e+06   2.8930664e+01
   9.7401020e+06   2.6489258e+01
   9.7414690e+06   3.1188965e+01
   9.7421240e+06   2.8076172e+01
   9.7459080e+06   3.2287598e+01
   9.7547480e+06   4.0405273e+01
   9.7593370e+06   3.6071777e+01
   9.7628190e+06   3.8635254e+01
   9.7751660e+06   3.2775879e+01
   9.7834500e+06   3.5278320e+01
   9.7893040e+06   3.7780762e+01
   9.7953180e+06   3.4912109e+01
   9.8377680e+06   2.8625488e+01
   9.8843560e+06   4.0832520e+01
   9.8853880e+06   3.6437988e+01
   9.8855170e+06   2.5817871e+01
   9.8855880e+06   4.2541504e+01
   9.8856280e+06   3.1494141e+01
   9.8856620e+06   2.9479980e+01
   9.8856740e+06   3.6132813e+01
   9.8856990e+06   2.9846191e+01
   9.8857800e+06   2.8503418e+01
   9.8860260e+06   2.6733398e+01
   9.8863130e+06   2.7832031e+01
   9.8869420e+06   2.5573730e+01
   9.8872400e+06   2.9174805e+01
   9.8876480e+06   2.7709961e+01
   9.8919020e+06   3.5705566e+01
   9.8931310e+06   2.6062012e+01
   9.8934960e+06   3.0883789e+01
   9.8937650e+06   2.9113770e+01
   9.8950700e+06   3.6987305e+01
   9.8986700e+06   3.4301758e+01
   9.8991820e+06   2.9418945e+01
   9.8996550e+06   2.9479980e+01
   9.9009790e+06   3.7536621e+01
   9.9055130e+06   3.2714844e+01
   9.9069380e+06   3.3386230e+01
   9.9114150e+06   3.3935547e+01
   9.9136700e+06   3.2653809e+01
   9.9191560e+06   3.3447266e+01
   9.9588940e+06   3.9184570e+01
   9.9927680e+06   3.2836914e+01
   1.0012930e+07   3.3081055e+01
   1.0102063e+07   3.4118652e+01
   1.0102290e+07   2.5512695e+01
   1.0102316e+07   3.5949707e+01
   1.0102348e+07   2.6428223e+01
   1.0102377e+07   3.5766602e+01
   1.0102396e+07   3.6682129e+01
   1.0102461e+07   2.6672363e+01
   1.0102562e+07   2.7099609e+01
   1.0110055e+07   3.6499023e+01
   1.0110394e+07   3.9489746e+01
   1.0110704e+07   2.9418945e+01
   1.0111068e+07   2.9113770e+01
   1.0113579e+07   3.4484863e+01
   1.0116344e+07   3.1677246e+01
   1.0116821e+07   2.5939941e+01
   1.0118835e+07   3.6560059e+01
   1.0119194e+07   3.8391113e+01
   1.0122196e+07   3.6254883e+01
   1.0125304e+07   3.0639648e+01
   1.0127407e+07   3.7597656e+01
   1.0131036e+07   2.8320313e+01
   1.0181922e+07   3.5461426e+01
   1.0185244e+07   3.7231445e+01
   1.0186210e+07   2.8259277e+01
   1.0189498e+07   3.7475586e+01
   1.0202563e+07   3.5522461e+01
   1.0224903e+07   4.1748047e+01
   1.0253152e+07   4.0405273e+01
   1.0267250e+07   3.6926270e+01
   1.0268765e+07   3.4606934e+01
   1.0268865e+07   2.9235840e+01
   1.0268917e+07   3.2043457e+01
   1.0268962e+07   3.9245605e+01
   1.0269037e+07   2.9724121e+01
   1.0269074e+07   3.2043457e+01
   1.0269089e+07   3.3264160e+01
   1.0269100e+07   2.8076172e+01
   1.0269118e+07   2.5695801e+01
   1.0269164e+07   3.4912109e+01
   1.0269261e+07   2.5939941e+01
   1.0276660e+07   3.3569336e+01
   1.0276989e+07   2.9785156e+01
   1.0277212e+07   3.3020020e+01
   1.0280019e+07   3.1311035e+01
   1.0280616e+07   2.9907227e+01
   1.0281111e+07   3.4484863e+01
   1.0283878e+07   3.5949707e+01
   1.0285201e+07   3.2958984e+01
   1.0288110e+07   3.0761719e+01
   1.0288694e+07   2.7770996e+01
   1.0290434e+07   3.8635254e+01
   1.0293423e+07   3.5400391e+01
   1.0298391e+07   3.6376953e+01
   1.0309353e+07   3.3325195e+01
   1.0328241e+07   3.3996582e+01
   1.0358049e+07   3.4545898e+01
   1.0378641e+07   3.8452148e+01
   1.0388060e+07   3.3752441e+01
   1.0390786e+07   3.4667969e+01
   1.0390920e+07   4.0405273e+01
   1.0390940e+07   2.5939941e+01
   1.0390967e+07   2.8381348e+01
   1.0391001e+07   2.7343750e+01
   1.0391022e+07   2.7343750e+01
   1.0391033e+07   4.0161133e+01
   1.0391083e+07   2.5512695e+01
   1.0391125e+07   2.5756836e+01
   1.0391159e+07   3.9672852e+01
   1.0391214e+07   2.6367188e+01
   1.0391664e+07   2.5695801e+01
   1.0393417e+07   2.7160645e+01
   1.0397706e+07   2.8686523e+01
   1.0398014e+07   2.9907227e+01
   1.0398272e+07   2.8137207e+01
   1.0402406e+07   3.8574219e+01
   1.0402829e+07   3.3813477e+01
   1.0403284e+07   2.7648926e+01
   1.0405141e+07   3.0395508e+01
   1.0407442e+07   3.7902832e+01
   1.0408005e+07   3.0273437e+01
   1.0410612e+07   2.9418945e+01
   1.0414446e+07   3.6376953e+01
   1.0416436e+07   3.4057617e+01
   1.0432560e+07   3.7597656e+01
   1.0445314e+07   3.4179688e+01
   1.0464513e+07   3.2104492e+01
   1.0470868e+07   3.8269043e+01
   1.0474161e+07   2.6123047e+01
   1.0489566e+07   2.7954102e+01
   1.0501082e+07   3.4484863e+01
   1.0507858e+07   3.0212402e+01
   1.0524447e+07   3.8879395e+01
   1.0533144e+07   3.5095215e+01
   1.0533278e+07   2.9785156e+01
   1.0533309e+07   4.7851563e+01
   1.0533329e+07   3.0944824e+01
   1.0533385e+07   2.7709961e+01
   1.0533396e+07   3.2287598e+01
   1.0533447e+07   2.6611328e+01
   1.0533462e+07   2.9296875e+01
   1.0533472e+07   2.5939941e+01
   1.0533528e+07   2.6184082e+01
   1.0533583e+07   2.6245117e+01
   1.0533597e+07   2.7038574e+01
   1.0533681e+07   2.5695801e+01
   1.0533791e+07   2.5817871e+01
   1.0534756e+07   2.5695801e+01
   1.0535261e+07   3.0700684e+01
   1.0541056e+07   3.4484863e+01
   1.0541367e+07   3.5644531e+01
   1.0541570e+07   2.5878906e+01
   1.0541820e+07   3.0334473e+01
   1.0543278e+07   3.0944824e+01
   1.0545544e+07   3.3569336e+01
   1.0547866e+07   3.3996582e+01
   1.0548272e+07   3.6682129e+01
   1.0549600e+07   3.7414551e+01
   1.0551961e+07   3.6499023e+01
   1.0556367e+07   3.9367676e+01
   1.0558271e+07   3.2226563e+01
   1.0569985e+07   2.9846191e+01
   1.0575154e+07   3.4545898e+01
   1.0592287e+07   3.2287598e+01
   1.0595019e+07   3.0334473e+01
   1.0633876e+07   3.7170410e+01
   1.0637638e+07   3.2775879e+01
   1.0637776e+07   3.3142090e+01
   1.0637792e+07   2.7343750e+01
   1.0637815e+07   2.7526855e+01
   1.0637871e+07   3.9428711e+01
   1.0637905e+07   2.8503418e+01
   1.0637929e+07   2.6916504e+01
   1.0637964e+07   4.4921875e+01
   1.0638032e+07   3.3874512e+01
   1.0638109e+07   2.5878906e+01
   1.0642544e+07   2.5512695e+01
   1.0645106e+07   3.5034180e+01
   1.0645446e+07   2.9357910e+01
   1.0645694e+07   2.7770996e+01
   1.0645981e+07   3.3386230e+01
   1.0648085e+07   3.3386230e+01
   1.0650942e+07   3.6071777e+01
   1.0651752e+07   2.6428223e+01
   1.0652274e+07   2.6367187e+01
   1.0654232e+07   2.8015137e+01
   1.0658085e+07   2.9846191e+01
   1.0660409e+07   3.6010742e+01
   1.0665437e+07   3.0639648e+01
   1.0672238e+07   3.3996582e+01
   1.0676261e+07   3.3142090e+01
   1.0707390e+07   2.9724121e+01
   1.0723716e+07   2.7404785e+01
   1.0749357e+07   2.9724121e+01
   1.0766369e+07   3.5522461e+01
   1.0773109e+07   3.1555176e+01
   1.0792468e+07   3.5400391e+01
   1.0792573e+07   2.6184082e+01
   1.0792599e+07   2.7343750e+01
   1.0792653e+07   3.0639648e+01
   1.0792725e+07   3.7170410e+01
   1.0792796e+07   3.5949707e+01
   1.0792839e+07   2.6489258e+01
   1.0792866e+07   3.3386230e+01
   1.0793094e+07   2.8869629e+01
   1.0793327e+07   2.5634766e+01
   1.0795876e+07   2.7038574e+01
   1.0801189e+07   3.5461426e+01
   1.0801501e+07   3.3142090e+01
   1.0801725e+07   2.5756836e+01
   1.0804233e+07   3.2775879e+01
   1.0804583e+07   3.7109375e+01
   1.0806676e+07   2.9602051e+01
   1.0808047e+07   2.9113770e+01
   1.0810295e+07   3.2470703e+01
   1.0814356e+07   3.1494141e+01
   1.0816402e+07   3.7963867e+01
   1.0894321e+07   2.9602051e+01
   1.0894374e+07   3.9306641e+01
   1.0894424e+07   3.3813477e+01
   1.0894467e+07   3.5339355e+01
   1.0894555e+07   2.7160645e+01
   1.0894760e+07   3.1250000e+01
   1.0894775e+07   2.6367188e+01
   1.0901610e+07   3.3264160e+01
   1.0902068e+07   2.9724121e+01
   1.0902322e+07   3.0883789e+01
   1.0904333e+07   3.3874512e+01
   1.0905465e+07   3.3264160e+01
   1.0905937e+07   3.7170410e+01
   1.0907340e+07   2.8503418e+01
   1.0909410e+07   3.8085938e+01
   1.0911578e+07   3.0822754e+01
   1.0914639e+07   3.2470703e+01
   1.0918705e+07   3.3874512e+01
   1.0921917e+07   3.6315918e+01
   1.0929490e+07   3.9062500e+01
   1.1009951e+07   3.8818359e+01
   1.1034312e+07   4.0222168e+01
   1.1060996e+07   2.9846191e+01
   1.1076429e+07   3.4973145e+01
   1.1085003e+07   4.1687012e+01
   1.1107808e+07   2.6062012e+01
   1.1110664e+07   3.3264160e+01
   1.1114526e+07   4.0954590e+01
   1.1117828e+07   3.3447266e+01
   1.1118228e+07   3.0944824e+01
   1.1118364e+07   2.5756836e+01
   1.1118407e+07   2.5634766e+01
   1.1118423e+07   4.5227051e+01
   1.1118446e+07   2.6123047e+01
   1.1118495e+07   3.3569336e+01
   1.1118521e+07   2.6611328e+01
   1.1118540e+07   3.4423828e+01
   1.1118550e+07   2.5939941e+01
   1.1118572e+07   2.8686523e+01
   1.1118603e+07   2.9602051e+01
   1.1118783e+07   2.9296875e+01
   1.1118869e+07   2.8137207e+01
   1.1118895e+07   2.6062012e+01
   1.1119020e+07   2.7038574e+01
   1.1120126e+07   2.6428223e+01
   1.1126394e+07   3.3020020e+01
   1.1126715e+07   2.9052734e+01
   1.1126954e+07   2.9968262e+01
   1.1127123e+07   3.2409668e+01
   1.1129115e+07   3.6254883e+01
   1.1129523e+07   2.8564453e+01
   1.1131554e+07   3.3264160e+01
   1.1132059e+07   2.7587891e+01
   1.1134046e+07   3.2897949e+01
   1.1136613e+07   3.2836914e+01
   1.1176184e+07   3.6132813e+01
   1.1193066e+07   3.9123535e+01
   1.1202004e+07   3.1860352e+01
   1.1210899e+07   3.6193848e+01
   1.1236603e+07   3.4851074e+01
   1.1256759e+07   3.3386230e+01
   1.1260029e+07   3.2043457e+01
   1.1260080e+07   2.7526855e+01
   1.1260149e+07   2.9052734e+01
   1.1260162e+07   2.8686523e+01
   1.1260183e+07   3.3386230e+01
   1.1260213e+07   2.6672363e+01
   1.1260244e+07   3.3081055e+01
   1.1260281e+07   2.9907227e+01
   1.1261615e+07   2.6550293e+01
   1.1267408e+07   2.5634766e+01
   1.1267852e+07   3.1494141e+01
   1.1268132e+07   2.9357910e+01
   1.1269911e+07   4.1809082e+01
   1.1272108e+07   3.3020020e+01
   1.1273288e+07   2.6062012e+01
   1.1273737e+07   3.1555176e+01
   1.1277692e+07   3.4790039e+01
   1.1281139e+07   3.1555176e+01
   1.1286934e+07   2.9907227e+01
   1.1315256e+07   3.2287598e+01
   1.1343970e+07   3.3020020e+01
   1.1378903e+07   3.1127930e+01
   1.1378952e+07   2.7221680e+01
   1.1378982e+07   3.8085938e+01
   1.1379000e+07   2.7648926e+01
   1.1379054e+07   4.4799805e+01
   1.1379080e+07   2.9296875e+01
   1.1379106e+07   2.8442383e+01
   1.1379118e+07   3.3142090e+01
   1.1379143e+07   2.7099609e+01
   1.1379174e+07   3.6132813e+01
   1.1379307e+07   3.6743164e+01
   1.1379390e+07   2.5817871e+01
   1.1380550e+07   3.2775879e+01
   1.1386303e+07   2.8137207e+01
   1.1386710e+07   3.4606934e+01
   1.1387234e+07   2.5939941e+01
   1.1390345e+07   3.3569336e+01
   1.1391744e+07   3.1616211e+01
   1.1393702e+07   3.0578613e+01
   1.1399207e+07   2.9968262e+01
   1.1413606e+07   3.3996582e+01
   1.1443234e+07   3.8574219e+01
   1.1453327e+07   3.0029297e+01
   1.1467029e+07   3.1677246e+01
   1.1484067e+07   4.3518066e+01
   1.1484198e+07   2.9968262e+01
   1.1484237e+07   2.7587891e+01
   1.1484247e+07   2.8991699e+01
   1.1484276e+07   2.7832031e+01
   1.1484335e+07   2.7099609e+01
   1.1484400e+07   3.0822754e+01
   1.1484471e+07   2.7465820e+01
   1.1484482e+07   2.5573730e+01
   1.1484535e+07   3.5644531e+01
   1.1484826e+07   2.9602051e+01
   1.1484881e+07   2.6184082e+01
   1.1485370e+07   2.6489258e+01
   1.1486171e+07   3.0273437e+01
   1.1490872e+07   3.2165527e+01
   1.1491306e+07   3.0883789e+01
   1.1491660e+07   2.5512695e+01
   1.1491967e+07   2.7526855e+01
   1.1494603e+07   2.8015137e+01
   1.1495021e+07   3.6071777e+01
   1.1498078e+07   2.6733398e+01
   1.1499240e+07   2.5634766e+01
   1.1499660e+07   3.2897949e+01
   1.1504142e+07   3.3752441e+01
   1.1511235e+07   3.2287598e+01
   1.1538920e+07   3.3447266e+01
   1.1551416e+07   3.7109375e+01
   1.1575690e+07   3.8391113e+01
   1.1589885e+07   3.8208008e+01
   1.1599926e+07   3.8452148e+01
   1.1599970e+07   3.3020020e+01
   1.1600003e+07   3.6071777e+01
   1.1600097e+07   2.6916504e+01
   1.1600221e+07   2.6855469e+01
   1.1600315e+07   3.6499023e+01
   1.1606701e+07   3.0151367e+01
   1.1607133e+07   3.0883789e+01
   1.1607396e+07   3.0822754e+01
   1.1610140e+07   3.3020020e+01
   1.1610556e+07   2.7709961e+01
   1.1612697e+07   3.0273437e+01
   1.1614759e+07   3.0578613e+01
   1.1616420e+07   2.7282715e+01
   1.1618651e+07   3.1188965e+01
   1.1622560e+07   2.7526855e+01
   1.1639140e+07   3.4667969e+01
   1.1666868e+07   3.3264160e+01
   1.1687207e+07   3.3081055e+01
   1.1697229e+07   3.2531738e+01
   1.1749368e+07   3.3630371e+01
   1.1751787e+07   4.0100098e+01
   1.1768682e+07   2.5939941e+01
   1.1768763e+07   4.1015625e+01
   1.1768957e+07   4.8339844e+01
   1.1768995e+07   3.1372070e+01
   1.1769006e+07   2.6794434e+01
   1.1769056e+07   3.0151367e+01
   1.1769077e+07   2.6245117e+01
   1.1769155e+07   2.8686523e+01
   1.1769269e+07   2.6000977e+01
   1.1769282e+07   2.7221680e+01
   1.1775186e+07   2.8076172e+01
   1.1775545e+07   3.5644531e+01
   1.1777417e+07   3.3081055e+01
   1.1777838e+07   3.2104492e+01
   1.1778166e+07   2.9357910e+01
   1.1778529e+07   2.5512695e+01
   1.1779930e+07   3.3081055e+01
   1.1780479e+07   2.9296875e+01
   1.1782708e+07   2.8015137e+01
   1.1783822e+07   2.6428223e+01
   1.1785127e+07   3.4851074e+01
   1.1789257e+07   3.0212402e+01
   1.1799160e+07   3.0395508e+01
   1.1822233e+07   3.8146973e+01
   1.1853168e+07   3.9367676e+01
   1.1858846e+07   3.8269043e+01
   1.1899674e+07   3.1677246e+01
   1.1917990e+07   2.5634766e+01
   1.1942561e+07   3.2165527e+01
   1.1964345e+07   3.5400391e+01
   1.1964391e+07   2.8076172e+01
   1.1964440e+07   5.2368164e+01
   1.1964519e+07   3.1738281e+01
   1.1964570e+07   2.8137207e+01
   1.1964585e+07   3.2409668e+01
   1.1964647e+07   2.7465820e+01
   1.1965059e+07   2.8076172e+01
   1.1972303e+07   3.0761719e+01
   1.1972721e+07   2.9602051e+01
   1.1973041e+07   2.8381348e+01
   1.1973366e+07   2.7404785e+01
   1.1976337e+07   3.1127930e+01
   1.1977860e+07   3.1127930e+01
   1.1978156e+07   3.1738281e+01
   1.1981179e+07   3.3508301e+01
   1.1981938e+07   2.5695801e+01
   1.1985737e+07   3.6254883e+01
   1.1993281e+07   3.4484863e+01
