   1.1996000e+07   0.0000000e+00
   6.6860000e+03   2.2277832e+01
   7.6330000e+03   2.6977539e+01
   7.8030000e+03   2.8930664e+01
   1.5921000e+04   2.1240234e+01
   3.0009000e+04   2.2399902e+01
   3.6414000e+04   2.1240234e+01
   4.1988000e+04   2.1606445e+01
   6.0369000e+04   2.2155762e+01
   6.0822000e+04   2.1606445e+01
   6.1022000e+04   2.6916504e+01
   6.1070000e+04   2.3742676e+01
   6.1109000e+04   3.1250000e+01
   6.1127000e+04   2.7343750e+01
   6.1144000e+04   2.9357910e+01
   6.1160000e+04   2.5878906e+01
   6.1194000e+04   2.6977539e+01
   6.1226000e+04   2.5268555e+01
   6.1261000e+04   2.9296875e+01
   6.1279000e+04   2.1118164e+01
   6.1309000e+04   2.2521973e+01
   6.1370000e+04   2.8198242e+01
   6.1410000e+04   2.2705078e+01
   6.2499000e+04   2.1118164e+01
   6.2911000e+04   2.2583008e+01
   6.3271000e+04   2.2888184e+01
   6.7732000e+04   3.8940430e+01
   6.7979000e+04   3.8146973e+01
   6.8041000e+04   2.1667480e+01
   6.8123000e+04   3.5583496e+01
   6.8238000e+04   3.4667969e+01
   6.8361000e+04   2.9418945e+01
   6.8464000e+04   2.1911621e+01
   6.8582000e+04   2.7343750e+01
   6.8689000e+04   3.1127930e+01
   6.8797000e+04   2.3620605e+01
   6.8906000e+04   2.9357910e+01
   6.9128000e+04   2.6062012e+01
   6.9253000e+04   2.1423340e+01
   6.9384000e+04   2.1362305e+01
   6.9538000e+04   2.5268555e+01
   6.9772000e+04   2.3315430e+01
   7.0014000e+04   2.5573730e+01
   7.0307000e+04   2.2705078e+01
   7.0512000e+04   3.2043457e+01
   7.0903000e+04   2.6672363e+01
   7.1229000e+04   3.1188965e+01
   7.1532000e+04   3.2775879e+01
   7.1767000e+04   3.2592773e+01
   8.0567000e+04   2.1545410e+01
   9.2109000e+04   2.1606445e+01
   1.1042600e+05   2.1484375e+01
   1.3737800e+05   2.1728516e+01
   1.3930000e+05   2.4780273e+01
   1.4129000e+05   2.1423340e+01
   1.5294500e+05   2.6367188e+01
   1.5299500e+05   2.6123047e+01
   1.5316300e+05   2.4536133e+01
   1.5338900e+05   2.6855469e+01
   1.5341800e+05   2.4108887e+01
   1.5360600e+05   2.4780273e+01
   1.5373700e+05   2.3254395e+01
   1.5398400e+05   2.3254395e+01
   1.6690500e+05   2.1728516e+01
   2.1135700e+05   2.1545410e+01
   2.1423500e+05   2.2216797e+01
   2.1588700e+05   2.1362305e+01
   2.2037700e+05   2.1179199e+01
   2.2097500e+05   2.2705078e+01
   2.2546500e+05   2.1362305e+01
   2.3260900e+05   2.2094727e+01
   2.6553400e+05   2.2399902e+01
   2.7311800e+05   2.3925781e+01
   2.7315500e+05   2.2583008e+01
   2.7318200e+05   2.1545410e+01
   2.7329500e+05   2.3132324e+01
   2.7349300e+05   2.1362305e+01
   2.7359400e+05   2.3620605e+01
   2.9459900e+05   2.3132324e+01
   2.9510500e+05   2.1362305e+01
   3.0684700e+05   2.3437500e+01
   3.0923300e+05   2.1911621e+01
   3.4297900e+05   2.1118164e+01
   3.5302100e+05   2.1606445e+01
   3.5478400e+05   2.2033691e+01
   3.5837300e+05   2.1179199e+01
   3.5864800e+05   2.7709961e+01
   3.5879800e+05   3.0517578e+01
   3.5905400e+05   2.5207520e+01
   3.5925500e+05   2.3254395e+01
   3.8856100e+05   2.2521973e+01
   3.9410700e+05   2.4658203e+01
   3.9801700e+05   2.1850586e+01
   4.1723700e+05   2.1423340e+01
   4.2988100e+05   2.2705078e+01
   4.3374600e+05   2.1362305e+01
   4.4052500e+05   2.2155762e+01
   4.4722300e+05   2.1240234e+01
   4.4789100e+05   2.1667480e+01
   4.4817300e+05   2.1118164e+01
   4.4824100e+05   2.1179199e+01
   4.4825600e+05   4.0893555e+01
   4.4829100e+05   2.1545410e+01
   4.4830500e+05   3.0273438e+01
   4.4833000e+05   2.7404785e+01
   4.4837400e+05   2.3864746e+01
   4.4839400e+05   2.5329590e+01
   4.4843600e+05   2.7770996e+01
   4.4844900e+05   2.3071289e+01
   4.4845900e+05   2.9113770e+01
   4.4848300e+05   3.4851074e+01
   4.4850000e+05   5.0964355e+01
   4.4851800e+05   2.2399902e+01
   4.4856200e+05   2.3986816e+01
   4.4860000e+05   2.1545410e+01
   4.4861000e+05   2.1789551e+01
   4.4865100e+05   3.2714844e+01
   4.4872300e+05   2.3071289e+01
   4.4875900e+05   2.3620605e+01
   4.4906800e+05   2.2583008e+01
   4.4935000e+05   2.3254395e+01
   4.4980600e+05   2.4597168e+01
   4.4984700e+05   2.2277832e+01
   4.5000300e+05   2.2094727e+01
   4.5031300e+05   2.3376465e+01
   4.5040100e+05   2.1728516e+01
   4.5677900e+05   3.1066895e+01
   4.5706600e+05   4.6020508e+01
   4.5724600e+05   3.5156250e+01
   4.5740800e+05   2.9968262e+01
   4.5754900e+05   3.9062500e+01
   4.5772600e+05   3.7353516e+01
   4.5787500e+05   3.5034180e+01
   4.5807200e+05   3.2226563e+01
   4.5819600e+05   2.6794434e+01
   4.5830200e+05   2.1301270e+01
   4.5843500e+05   2.3620605e+01
   4.5856600e+05   2.5817871e+01
   4.5858700e+05   2.1545410e+01
   4.5871000e+05   2.8381348e+01
   4.5899300e+05   2.2705078e+01
   4.5912000e+05   2.1301270e+01
   4.5941100e+05   2.5634766e+01
   4.6464800e+05   2.1789551e+01
   4.6511600e+05   2.2460938e+01
   4.6542000e+05   2.1118164e+01
   4.6592400e+05   2.2094727e+01
   5.0194200e+05   2.2583008e+01
   5.1047500e+05   2.1240234e+01
   5.1379200e+05   2.2644043e+01
   5.1884700e+05   2.3498535e+01
   5.2522500e+05   2.1850586e+01
   5.6361900e+05   2.2094727e+01
   5.6977700e+05   2.2827148e+01
   5.7788000e+05   2.1545410e+01
   5.8010400e+05   2.7099609e+01
   5.8016900e+05   2.1484375e+01
   5.8029800e+05   2.2216797e+01
   5.8044200e+05   3.6560059e+01
   5.8053700e+05   2.7343750e+01
   5.8060400e+05   2.4169922e+01
   5.8066800e+05   2.1301270e+01
   5.8071300e+05   3.3935547e+01
   5.8073300e+05   2.5207520e+01
   5.8075000e+05   2.2399902e+01
   5.8079600e+05   2.2705078e+01
   5.8082800e+05   4.0100098e+01
   5.8084800e+05   2.5634766e+01
   5.8091000e+05   3.2592773e+01
   5.8093400e+05   2.4658203e+01
   5.8095300e+05   4.4982910e+01
   5.8099200e+05   2.3498535e+01
   5.8100800e+05   2.6550293e+01
   5.8103200e+05   3.5400391e+01
   5.8106000e+05   2.1484375e+01
   5.8141400e+05   2.8442383e+01
   5.8206300e+05   2.7954102e+01
   5.8218000e+05   2.1545410e+01
   5.8240500e+05   2.3132324e+01
   5.8256200e+05   2.1301270e+01
   5.8276200e+05   2.3925781e+01
   5.8691600e+05   4.3518066e+01
   5.8706100e+05   3.2043457e+01
   5.8714600e+05   2.8015137e+01
   5.8732600e+05   3.1433105e+01
   5.8735600e+05   2.1728516e+01
   5.8741000e+05   2.8442383e+01
   5.8749200e+05   2.5390625e+01
   5.8759600e+05   2.6245117e+01
   5.8768100e+05   2.3620605e+01
   5.8777000e+05   2.7221680e+01
   5.8791600e+05   2.3681641e+01
   5.8803200e+05   2.5024414e+01
   5.8812100e+05   2.2155762e+01
   5.8831200e+05   2.8137207e+01
   5.8852600e+05   2.1667480e+01
   5.8870100e+05   2.1545410e+01
   5.9327300e+05   2.2338867e+01
   6.6227300e+05   2.3010254e+01
   6.8333800e+05   2.2460938e+01
   6.9602500e+05   2.3681641e+01
   6.9604500e+05   3.7475586e+01
   6.9606300e+05   2.6550293e+01
   6.9609700e+05   2.3986816e+01
   6.9612000e+05   2.9968262e+01
   6.9613100e+05   2.7954102e+01
   6.9616200e+05   3.3813477e+01
   6.9617200e+05   2.3925781e+01
   6.9620000e+05   2.4475098e+01
   6.9624200e+05   2.2705078e+01
   6.9626900e+05   3.4606934e+01
   6.9628300e+05   2.2338867e+01
   6.9631700e+05   2.2827148e+01
   6.9636700e+05   3.3752441e+01
   6.9639600e+05   2.6550293e+01
   6.9642400e+05   2.8198242e+01
   6.9643400e+05   2.2216797e+01
   6.9662800e+05   2.2888184e+01
   6.9669500e+05   2.7954102e+01
   6.9733200e+05   2.2399902e+01
   6.9768400e+05   2.5024414e+01
   6.9771500e+05   2.1850586e+01
   6.9783000e+05   2.6794434e+01
   7.5523100e+05   2.1301270e+01
   7.5587600e+05   2.1362305e+01
   7.6261200e+05   2.1911621e+01
   7.6848700e+05   2.1362305e+01
   7.7774000e+05   2.1118164e+01
   7.7893100e+05   2.1911621e+01
   8.0046400e+05   2.1240234e+01
   8.0115100e+05   4.5227051e+01
   8.0121100e+05   2.7160645e+01
   8.0123300e+05   2.8930664e+01
   8.0126400e+05   2.5878906e+01
   8.0127400e+05   2.6916504e+01
   8.0130300e+05   2.7404785e+01
   8.0131500e+05   3.8330078e+01
   8.0133400e+05   3.6621094e+01
   8.0136700e+05   3.4301758e+01
   8.0137800e+05   2.5085449e+01
   8.0140400e+05   2.7160645e+01
   8.0143400e+05   2.9296875e+01
   8.0147500e+05   2.8320313e+01
   8.0149400e+05   3.0639648e+01
   8.0152400e+05   2.2277832e+01
   8.0155800e+05   2.7343750e+01
   8.0160400e+05   3.0212402e+01
   8.0265900e+05   2.4658203e+01
   8.0267400e+05   2.2644043e+01
   8.0270200e+05   2.3132324e+01
   8.0275000e+05   2.1118164e+01
   8.0288100e+05   2.2216797e+01
   8.4700200e+05   2.2460938e+01
   8.4965600e+05   2.2033691e+01
   8.7102700e+05   2.1728516e+01
   8.9369000e+05   2.2399902e+01
   9.1213300e+05   2.6306152e+01
   9.1248400e+05   2.3132324e+01
   9.1255400e+05   2.1301270e+01
   9.1263200e+05   2.2277832e+01
   9.1266500e+05   2.5634766e+01
   9.1284100e+05   2.4536133e+01
   9.1298400e+05   2.1606445e+01
   9.1332500e+05   2.1484375e+01
   9.4162600e+05   2.2155762e+01
   9.5540200e+05   2.7160645e+01
   9.5680300e+05   2.3925781e+01
   9.6717100e+05   2.1118164e+01
   9.7128400e+05   2.1545410e+01
   9.7167100e+05   2.4780273e+01
   9.7305300e+05   2.1850586e+01
   9.7326200e+05   2.1484375e+01
   9.7395800e+05   2.4353027e+01
   9.7401200e+05   2.1301270e+01
   9.7408500e+05   2.1118164e+01
   9.7421200e+05   2.1362305e+01
   9.7437300e+05   2.2277832e+01
   9.7457700e+05   2.2583008e+01
   1.0154730e+06   2.3559570e+01
   1.0364140e+06   2.5878906e+01
   1.0364240e+06   2.4658203e+01
   1.0365680e+06   2.1545410e+01
   1.0369370e+06   2.5329590e+01
   1.0369650e+06   2.2644043e+01
   1.0369890e+06   2.5146484e+01
   1.0373170e+06   2.1850586e+01
   1.0693620e+06   2.1179199e+01
   1.0815820e+06   2.3925781e+01
   1.0931630e+06   2.7343750e+01
   1.0931840e+06   2.3498535e+01
   1.0932100e+06   4.9316406e+01
   1.0932240e+06   2.8015137e+01
   1.0932780e+06   3.4118652e+01
   1.0933130e+06   3.3813477e+01
   1.0933560e+06   2.3742676e+01
   1.0933710e+06   3.0151367e+01
   1.0934140e+06   2.5756836e+01
   1.0934330e+06   2.9174805e+01
   1.0934540e+06   2.1667480e+01
   1.0934650e+06   2.3315430e+01
   1.0935210e+06   2.8442383e+01
   1.0935520e+06   2.6794434e+01
   1.0936020e+06   2.3498535e+01
   1.0937620e+06   2.1362305e+01
   1.0942380e+06   2.2766113e+01
   1.0943360e+06   2.4353027e+01
   1.0943610e+06   2.2705078e+01
   1.0945370e+06   2.1911621e+01
   1.1005370e+06   2.2705078e+01
   1.1013170e+06   3.9245605e+01
   1.1016540e+06   3.9550781e+01
   1.1019580e+06   4.3273926e+01
   1.1022160e+06   2.9846191e+01
   1.1652330e+06   2.3010254e+01
   1.2017280e+06   2.4780273e+01
   1.2020550e+06   2.1972656e+01
   1.2024210e+06   2.5329590e+01
   1.2024470e+06   2.2644043e+01
   1.2024860e+06   2.4353027e+01
   1.2025310e+06   2.3254395e+01
   1.2025510e+06   2.1728516e+01
   1.2025640e+06   3.4118652e+01
   1.2026120e+06   2.7832031e+01
   1.2026230e+06   2.1667480e+01
   1.2026560e+06   4.1748047e+01
   1.2026660e+06   3.7536621e+01
   1.2027150e+06   2.7893066e+01
   1.2027280e+06   2.1972656e+01
   1.2027550e+06   4.2480469e+01
   1.2027800e+06   2.1179199e+01
   1.2027900e+06   2.9235840e+01
   1.2028310e+06   2.2277832e+01
   1.2028740e+06   2.3559570e+01
   1.2031220e+06   2.6611328e+01
   1.2033110e+06   2.2216797e+01
   1.2035670e+06   2.4291992e+01
   1.2038340e+06   2.1240234e+01
   1.2038680e+06   2.5512695e+01
   1.2039250e+06   2.1606445e+01
   1.2042800e+06   2.2949219e+01
   1.2748820e+06   2.2888184e+01
   1.2954260e+06   2.2277832e+01
   1.2968150e+06   2.2583008e+01
   1.2972250e+06   2.3742676e+01
   1.2973600e+06   2.2338867e+01
   1.2974650e+06   2.2216797e+01
   1.2976700e+06   2.1240234e+01
   1.2981430e+06   2.4169922e+01
   1.2982340e+06   2.2033691e+01
   1.2983610e+06   2.3193359e+01
   1.3067260e+06   2.3376465e+01
   1.3209140e+06   2.2949219e+01
   1.3267770e+06   2.6062012e+01
   1.3325520e+06   2.1789551e+01
   1.3354360e+06   2.6245117e+01
   1.3453690e+06   2.1240234e+01
   1.3991800e+06   2.6000977e+01
   1.3992040e+06   3.2714844e+01
   1.3992370e+06   2.1606445e+01
   1.3992720e+06   4.5959473e+01
   1.3993060e+06   3.0334473e+01
   1.3993170e+06   2.5207520e+01
   1.3993570e+06   2.9296875e+01
   1.3993670e+06   2.2766113e+01
   1.3993840e+06   3.0273438e+01
   1.3994130e+06   2.7160645e+01
   1.3994370e+06   4.6081543e+01
   1.3994570e+06   2.4414063e+01
   1.3994760e+06   2.2094727e+01
   1.3995170e+06   2.3986816e+01
   1.3995690e+06   2.7893066e+01
   1.3997690e+06   2.1240234e+01
   1.3998630e+06   2.3864746e+01
   1.4003540e+06   2.5451660e+01
   1.4004330e+06   2.1972656e+01
   1.4006930e+06   2.1118164e+01
   1.4007270e+06   2.5085449e+01
   1.4009270e+06   2.1362305e+01
   1.4054380e+06   2.4047852e+01
   1.5293480e+06   2.1545410e+01
   1.5299010e+06   2.1972656e+01
   1.5299770e+06   2.6794434e+01
   1.5302680e+06   2.1118164e+01
   1.5302900e+06   2.3498535e+01
   1.5303380e+06   2.1850586e+01
   1.5306110e+06   2.6306152e+01
   1.5557570e+06   2.2460938e+01
   1.5809580e+06   2.5024414e+01
   1.6331850e+06   2.1789551e+01
   1.6332320e+06   2.5451660e+01
   1.6332540e+06   3.1982422e+01
   1.6332850e+06   3.0395508e+01
   1.6333330e+06   2.9418945e+01
   1.6333520e+06   2.7282715e+01
   1.6333720e+06   2.2583008e+01
   1.6333950e+06   2.8808594e+01
   1.6334380e+06   3.5278320e+01
   1.6334850e+06   2.3193359e+01
   1.6334990e+06   2.5756836e+01
   1.6335520e+06   2.1850586e+01
   1.6335790e+06   2.7954102e+01
   1.6336170e+06   2.2155762e+01
   1.6339210e+06   2.2460938e+01
   1.6340960e+06   2.7160645e+01
   1.6342030e+06   2.1728516e+01
   1.6344960e+06   2.6733398e+01
   1.6345660e+06   2.1484375e+01
   1.6347630e+06   2.3742676e+01
   1.6347790e+06   2.2644043e+01
   1.6350450e+06   2.3559570e+01
   1.6921100e+06   2.1118164e+01
   1.7174370e+06   2.2338867e+01
   1.7533700e+06   4.8706055e+01
   1.7533870e+06   2.6062012e+01
   1.7534290e+06   2.5329590e+01
   1.7534650e+06   2.5390625e+01
   1.7534990e+06   2.7282715e+01
   1.7535110e+06   2.1911621e+01
   1.7535420e+06   3.1616211e+01
   1.7535700e+06   2.4230957e+01
   1.7535850e+06   2.5634766e+01
   1.7536210e+06   2.7404785e+01
   1.7536320e+06   2.8625488e+01
   1.7537010e+06   2.8381348e+01
   1.7537110e+06   2.4475098e+01
   1.7537450e+06   2.8564453e+01
   1.7539510e+06   2.5512695e+01
   1.7544620e+06   2.3376465e+01
   1.7546990e+06   2.5817871e+01
   1.7547840e+06   2.4047852e+01
   1.7549180e+06   2.6489258e+01
   1.7550980e+06   2.5512695e+01
   1.8643760e+06   2.1362305e+01
   1.8702400e+06   2.1667480e+01
   1.8990280e+06   2.6184082e+01
   1.8992490e+06   2.3559570e+01
   1.8992620e+06   3.4912109e+01
   1.8992840e+06   3.1250000e+01
   1.8993160e+06   2.6428223e+01
   1.8993460e+06   3.6071777e+01
   1.8993600e+06   2.9052734e+01
   1.8993870e+06   3.7475586e+01
   1.8994060e+06   3.6254883e+01
   1.8994220e+06   2.7648926e+01
   1.8994510e+06   2.3254395e+01
   1.8994710e+06   2.3559570e+01
   1.8994900e+06   2.7832031e+01
   1.8995260e+06   3.5339355e+01
   1.8995580e+06   3.3386230e+01
   1.8995690e+06   2.8930664e+01
   1.8996300e+06   3.0090332e+01
   1.8996430e+06   2.1606445e+01
   1.8996830e+06   2.4230957e+01
   1.8997640e+06   2.5146484e+01
   1.8999640e+06   2.2216797e+01
   1.9001240e+06   2.2766113e+01
   1.9003400e+06   2.2155762e+01
   1.9004710e+06   2.5085449e+01
   1.9005740e+06   2.3132324e+01
   1.9009970e+06   2.3681641e+01
   1.9758150e+06   2.3010254e+01
   1.9894610e+06   2.2155762e+01
   2.0054160e+06   2.3559570e+01
   2.0187870e+06   2.1301270e+01
   2.0638570e+06   2.2888184e+01
   2.0638770e+06   2.5146484e+01
   2.0639000e+06   2.2705078e+01
   2.0639260e+06   4.5104980e+01
   2.0639520e+06   3.1127930e+01
   2.0639690e+06   2.6855469e+01
   2.0639940e+06   2.5573730e+01
   2.0640210e+06   2.7099609e+01
   2.0640340e+06   3.1188965e+01
   2.0640520e+06   2.2155762e+01
   2.0640700e+06   3.7658691e+01
   2.0640800e+06   3.7170410e+01
   2.0641090e+06   3.3447266e+01
   2.0641220e+06   2.6000977e+01
   2.0641490e+06   2.3864746e+01
   2.0641620e+06   2.4108887e+01
   2.0641810e+06   2.3620605e+01
   2.0642050e+06   3.0639648e+01
   2.0642220e+06   3.1066895e+01
   2.0642830e+06   3.4667969e+01
   2.0648850e+06   2.2644043e+01
   2.0650040e+06   2.3010254e+01
   2.0653920e+06   2.1179199e+01
   2.1352420e+06   2.5329590e+01
   2.1603360e+06   2.2827148e+01
   2.1603700e+06   2.2338867e+01
   2.1604050e+06   2.4719238e+01
   2.1604210e+06   2.1240234e+01
   2.1604480e+06   2.5390625e+01
   2.1604600e+06   2.7221680e+01
   2.1605410e+06   2.8442383e+01
   2.1605610e+06   2.9296875e+01
   2.1605810e+06   2.3925781e+01
   2.1605930e+06   3.0700684e+01
   2.1606100e+06   2.4536133e+01
   2.1606390e+06   2.9296875e+01
   2.1606590e+06   2.4536133e+01
   2.1606860e+06   2.5512695e+01
   2.1607250e+06   2.9174805e+01
   2.1607510e+06   3.5156250e+01
   2.1607680e+06   2.4169922e+01
   2.1609290e+06   3.3447266e+01
   2.1609950e+06   2.4047852e+01
   2.1616060e+06   2.2705078e+01
   2.1617000e+06   2.4841309e+01
   2.1617560e+06   2.1118164e+01
   2.2423090e+06   2.1972656e+01
   2.2722730e+06   2.2888184e+01
   2.2728630e+06   2.4047852e+01
   2.2738630e+06   2.2277832e+01
   2.2739360e+06   2.2216797e+01
   2.2742410e+06   2.1240234e+01
   2.2743350e+06   2.2827148e+01
   2.2744780e+06   2.3620605e+01
   2.2746430e+06   2.2644043e+01
   2.2746830e+06   3.6132813e+01
   2.2747140e+06   2.4597168e+01
   2.2748180e+06   2.3010254e+01
   2.2750430e+06   2.1606445e+01
   2.3421650e+06   2.5512695e+01
   2.3426450e+06   2.3986816e+01
   2.3428330e+06   4.4067383e+01
   2.3428800e+06   2.3559570e+01
   2.3429040e+06   2.1789551e+01
   2.3429180e+06   3.8269043e+01
   2.3429530e+06   2.4108887e+01
   2.3429870e+06   3.1433105e+01
   2.3430140e+06   3.8085938e+01
   2.3430510e+06   2.5939941e+01
   2.3430760e+06   2.7954102e+01
   2.3431280e+06   3.5034180e+01
   2.3431560e+06   3.0944824e+01
   2.3432280e+06   2.9663086e+01
   2.3432740e+06   2.1545410e+01
   2.3433110e+06   2.3193359e+01
   2.3433470e+06   2.4963379e+01
   2.3434290e+06   2.3559570e+01
   2.3438490e+06   2.1118164e+01
   2.3439730e+06   2.3376465e+01
   2.4130210e+06   2.1850586e+01
   2.4199620e+06   2.1972656e+01
   2.4417860e+06   2.1667480e+01
   2.4685560e+06   2.1301270e+01
   2.4687200e+06   2.1423340e+01
   2.4702480e+06   2.2338867e+01
   2.4702720e+06   2.4169922e+01
   2.4703630e+06   2.2338867e+01
   2.4704540e+06   2.6733398e+01
   2.4706930e+06   2.2827148e+01
   2.4779010e+06   2.4658203e+01
   2.5730140e+06   2.6367188e+01
   2.5730400e+06   2.4291992e+01
   2.5730530e+06   4.1320801e+01
   2.5730780e+06   2.2216797e+01
   2.5730970e+06   2.3986816e+01
   2.5731220e+06   2.9479980e+01
   2.5731320e+06   3.2470703e+01
   2.5731670e+06   3.0578613e+01
   2.5731900e+06   3.1188965e+01
   2.5732050e+06   2.7160645e+01
   2.5732250e+06   3.2165527e+01
   2.5732480e+06   2.5573730e+01
   2.5732610e+06   2.1850586e+01
   2.5733000e+06   2.4963379e+01
   2.5733170e+06   3.0273438e+01
   2.5733570e+06   2.6672363e+01
   2.5733720e+06   2.4719238e+01
   2.5733880e+06   3.0151367e+01
   2.5734090e+06   2.3803711e+01
   2.5734210e+06   2.1484375e+01
   2.5736340e+06   2.1545410e+01
   2.5745390e+06   2.3010254e+01
   2.5748250e+06   2.4291992e+01
   2.5859340e+06   2.1301270e+01
   2.5863670e+06   4.4250488e+01
   2.5868070e+06   2.1911621e+01
   2.6438730e+06   2.1362305e+01
   2.6439170e+06   3.5888672e+01
   2.6439390e+06   2.7099609e+01
   2.6439610e+06   2.4291992e+01
   2.6439750e+06   3.3996582e+01
   2.6440000e+06   2.2338867e+01
   2.6440280e+06   4.1687012e+01
   2.6440480e+06   2.3803711e+01
   2.6440580e+06   2.3559570e+01
   2.6440930e+06   2.6550293e+01
   2.6441050e+06   2.6916504e+01
   2.6441350e+06   2.8747559e+01
   2.6441670e+06   2.2155762e+01
   2.6441790e+06   3.9001465e+01
   2.6442020e+06   2.7832031e+01
   2.6442280e+06   2.7893066e+01
   2.6442510e+06   2.3864746e+01
   2.6442710e+06   5.1086426e+01
   2.6443050e+06   2.7832031e+01
   2.6443290e+06   2.5024414e+01
   2.6443500e+06   2.4169922e+01
   2.6443620e+06   2.5451660e+01
   2.6444310e+06   2.6062012e+01
   2.6450580e+06   2.3925781e+01
   2.6451600e+06   2.1179199e+01
   2.6452260e+06   2.2644043e+01
   2.6452510e+06   2.5146484e+01
   2.6455650e+06   2.3559570e+01
   2.7078180e+06   2.7770996e+01
   2.7078670e+06   2.7770996e+01
   2.7078770e+06   2.5451660e+01
   2.7079000e+06   2.8015137e+01
   2.7079320e+06   2.4230957e+01
   2.7079590e+06   3.8146973e+01
   2.7079870e+06   3.2653809e+01
   2.7080030e+06   2.4047852e+01
   2.7080290e+06   3.6193848e+01
   2.7080580e+06   3.3447266e+01
   2.7080860e+06   3.7780762e+01
   2.7081190e+06   3.2287598e+01
   2.7081390e+06   2.2644043e+01
   2.7081570e+06   2.6611328e+01
   2.7081790e+06   2.4414063e+01
   2.7081910e+06   2.4597168e+01
   2.7082320e+06   2.3986816e+01
   2.7083000e+06   2.2888184e+01
   2.7083160e+06   3.6010742e+01
   2.7088260e+06   2.1362305e+01
   2.7089060e+06   2.3071289e+01
   2.7091940e+06   2.5573730e+01
   2.7092060e+06   2.1118164e+01
   2.7096890e+06   2.2155762e+01
   2.7518550e+06   2.4414063e+01
   2.7876590e+06   2.2521973e+01
   2.7945510e+06   2.1667480e+01
   2.8061690e+06   2.1423340e+01
   2.8189330e+06   2.4108887e+01
   2.8224360e+06   2.2277832e+01
   2.8303480e+06   2.2277832e+01
   2.8375070e+06   2.8198242e+01
   2.8762200e+06   2.1850586e+01
   2.8972370e+06   2.7038574e+01
   2.8976450e+06   2.2521973e+01
   2.8976750e+06   2.9113770e+01
   2.8976940e+06   4.2480469e+01
   2.8977270e+06   3.1616211e+01
   2.8977650e+06   4.0161133e+01
   2.8977780e+06   3.2897949e+01
   2.8978170e+06   4.0039063e+01
   2.8978480e+06   2.5634766e+01
   2.8978650e+06   3.1677246e+01
   2.8978900e+06   4.2663574e+01
   2.8979050e+06   2.3132324e+01
   2.8979290e+06   2.8869629e+01
   2.8979560e+06   2.2521973e+01
   2.8980040e+06   2.6977539e+01
   2.8980140e+06   2.2644043e+01
   2.8980380e+06   3.7170410e+01
   2.8991090e+06   2.2705078e+01
   2.9604580e+06   2.5024414e+01
   2.9604970e+06   5.0231934e+01
   2.9605220e+06   3.1127930e+01
   2.9605430e+06   4.0100098e+01
   2.9605650e+06   3.7963867e+01
   2.9605990e+06   4.3701172e+01
   2.9606200e+06   2.6062012e+01
   2.9606430e+06   2.4230957e+01
   2.9606750e+06   2.5390625e+01
   2.9606960e+06   2.7526855e+01
   2.9607260e+06   2.6550293e+01
   2.9607440e+06   2.4169922e+01
   2.9607700e+06   2.1423340e+01
   2.9608010e+06   3.6621094e+01
   2.9608220e+06   3.2897949e+01
   2.9608720e+06   2.2521973e+01
   2.9608960e+06   3.3386230e+01
   2.9609160e+06   2.9785156e+01
   2.9609480e+06   3.1616211e+01
   2.9617100e+06   2.3986816e+01
   2.9619320e+06   3.3142090e+01
   2.9621530e+06   2.5390625e+01
   3.0026410e+06   2.2521973e+01
   3.0026900e+06   2.2216797e+01
   3.0029100e+06   2.7465820e+01
   3.0029660e+06   2.1911621e+01
   3.0029920e+06   2.6855469e+01
   3.0030760e+06   2.4169922e+01
   3.0030890e+06   2.8564453e+01
   3.0032080e+06   2.4414063e+01
   3.0032900e+06   2.9479980e+01
   3.0033930e+06   2.2888184e+01
   3.0034200e+06   3.2958984e+01
   3.0034490e+06   2.5085449e+01
   3.0034610e+06   2.7526855e+01
   3.0034820e+06   3.1005859e+01
   3.0034990e+06   2.2949219e+01
   3.0035140e+06   2.5268555e+01
   3.0035340e+06   2.2338867e+01
   3.0035480e+06   2.2216797e+01
   3.0035650e+06   3.3935547e+01
   3.0035850e+06   2.1423340e+01
   3.0036210e+06   2.7587891e+01
   3.0036440e+06   3.1982422e+01
   3.0036700e+06   2.6489258e+01
   3.0037020e+06   3.5217285e+01
   3.0038280e+06   2.2766113e+01
   3.0039450e+06   2.7099609e+01
   3.0039600e+06   3.5949707e+01
   3.0045800e+06   2.3010254e+01
   3.0046170e+06   2.5451660e+01
   3.0049800e+06   2.5329590e+01
   3.0050800e+06   2.1911621e+01
   3.0499240e+06   2.2155762e+01
   3.0987540e+06   2.1179199e+01
   3.1168970e+06   3.1860352e+01
   3.1169120e+06   3.3203125e+01
   3.1169450e+06   3.9672852e+01
   3.1169770e+06   3.1921387e+01
   3.1170050e+06   2.8320313e+01
   3.1170240e+06   2.6855469e+01
   3.1170510e+06   2.6062012e+01
   3.1170690e+06   3.7353516e+01
   3.1170900e+06   2.2277832e+01
   3.1171250e+06   2.4902344e+01
   3.1171440e+06   2.2949219e+01
   3.1171580e+06   2.2460938e+01
   3.1171740e+06   2.4230957e+01
   3.1171880e+06   2.5085449e+01
   3.1172180e+06   2.6489258e+01
   3.1172480e+06   2.9724121e+01
   3.1172650e+06   2.1789551e+01
   3.1173420e+06   3.0090332e+01
   3.1173900e+06   2.2460938e+01
   3.1175550e+06   3.3996582e+01
   3.1175830e+06   2.3315430e+01
   3.1176690e+06   2.2155762e+01
   3.1182630e+06   2.4963379e+01
   3.1187030e+06   2.3681641e+01
   3.1191210e+06   2.4047852e+01
   3.1730530e+06   2.9968262e+01
   3.1730990e+06   2.7709961e+01
   3.1731420e+06   3.4118652e+01
   3.1731530e+06   2.7221680e+01
   3.1731900e+06   2.1728516e+01
   3.1732310e+06   2.2827148e+01
   3.1732530e+06   2.6428223e+01
   3.1732670e+06   2.3376465e+01
   3.1732930e+06   3.4240723e+01
   3.1733180e+06   3.8696289e+01
   3.1733390e+06   2.3620605e+01
   3.1733980e+06   4.1381836e+01
   3.1734860e+06   2.2094727e+01
   3.1735320e+06   2.2338867e+01
   3.1736430e+06   2.9785156e+01
   3.1742230e+06   2.4536133e+01
   3.2246250e+06   2.2460938e+01
   3.2493000e+06   2.1179199e+01
   3.2649820e+06   2.2583008e+01
   3.2720290e+06   2.2094727e+01
   3.3407750e+06   2.2155762e+01
   3.3611440e+06   2.1850586e+01
   3.3817640e+06   2.2949219e+01
   3.3818660e+06   2.4353027e+01
   3.3820730e+06   2.2827148e+01
   3.3820830e+06   4.2663574e+01
   3.3821080e+06   2.3437500e+01
   3.3821450e+06   2.6000977e+01
   3.3821570e+06   2.2033691e+01
   3.3821720e+06   3.3813477e+01
   3.3822180e+06   4.1320801e+01
   3.3822300e+06   2.2583008e+01
   3.3822680e+06   4.5715332e+01
   3.3822990e+06   3.2897949e+01
   3.3823140e+06   2.2094727e+01
   3.3823560e+06   2.4108887e+01
   3.3823770e+06   4.5104980e+01
   3.3824070e+06   2.4597168e+01
   3.3824670e+06   3.9001465e+01
   3.3825090e+06   2.6245117e+01
   3.3825330e+06   2.1606445e+01
   3.3826450e+06   2.1240234e+01
   3.3826950e+06   2.3925781e+01
   3.3830930e+06   2.4047852e+01
   3.3834660e+06   2.1118164e+01
   3.3948580e+06   2.1484375e+01
   3.4020980e+06   2.3742676e+01
   3.4173790e+06   2.2521973e+01
   3.4264700e+06   2.2460938e+01
   3.4315690e+06   2.3132324e+01
   3.4752460e+06   2.3193359e+01
   3.4810150e+06   2.1301270e+01
   3.4940060e+06   2.1972656e+01
   3.4942180e+06   2.3498535e+01
   3.4943760e+06   2.3986816e+01
   3.4943980e+06   2.5085449e+01
   3.4944220e+06   2.7221680e+01
   3.4944450e+06   2.2338867e+01
   3.4944570e+06   3.0090332e+01
   3.4944740e+06   2.2277832e+01
   3.4944990e+06   3.0883789e+01
   3.4945200e+06   2.9602051e+01
   3.4945390e+06   2.4902344e+01
   3.4945660e+06   2.4414063e+01
   3.4945780e+06   2.1667480e+01
   3.4946040e+06   3.6743164e+01
   3.4946370e+06   2.9052734e+01
   3.4946650e+06   2.3803711e+01
   3.4946960e+06   3.1494141e+01
   3.4947460e+06   3.7048340e+01
   3.4949550e+06   2.2338867e+01
   3.4956160e+06   2.2399902e+01
   3.4962980e+06   2.4291992e+01
   3.5072890e+06   2.2583008e+01
   3.5731810e+06   2.3193359e+01
   3.6383500e+06   2.1728516e+01
   3.6410120e+06   2.8564453e+01
   3.6515440e+06   2.1240234e+01
   3.6547320e+06   2.4169922e+01
   3.6547740e+06   2.2888184e+01
   3.6548090e+06   4.8583984e+01
   3.6548210e+06   2.8259277e+01
   3.6548690e+06   2.8625488e+01
   3.6549040e+06   2.9357910e+01
   3.6549150e+06   2.4658203e+01
   3.6549450e+06   3.2470703e+01
   3.6549910e+06   2.7465820e+01
   3.6550210e+06   2.9602051e+01
   3.6550330e+06   2.7954102e+01
   3.6550750e+06   2.5695801e+01
   3.6550990e+06   3.3264160e+01
   3.6552550e+06   2.5207520e+01
   3.6553030e+06   2.1240234e+01
   3.6553430e+06   2.1606445e+01
   3.6554100e+06   2.1850586e+01
   3.6562570e+06   2.4963379e+01
   3.6564340e+06   2.4108887e+01
   3.7057320e+06   2.3254395e+01
   3.7131320e+06   2.3986816e+01
   3.7168000e+06   5.1025391e+01
   3.7168360e+06   2.2888184e+01
   3.7168480e+06   3.4423828e+01
   3.7168770e+06   2.6916504e+01
   3.7169010e+06   2.2277832e+01
   3.7169240e+06   3.4423828e+01
   3.7169490e+06   3.2653809e+01
   3.7169620e+06   3.3508301e+01
   3.7169890e+06   3.1311035e+01
   3.7170040e+06   3.4912109e+01
   3.7170140e+06   3.0456543e+01
   3.7170510e+06   2.4353027e+01
   3.7170750e+06   2.2521973e+01
   3.7170880e+06   2.9052734e+01
   3.7171010e+06   3.0029297e+01
   3.7171160e+06   2.3132324e+01
   3.7171320e+06   2.3437500e+01
   3.7171580e+06   2.7099609e+01
   3.7171870e+06   3.7841797e+01
   3.7172290e+06   2.6123047e+01
   3.7172520e+06   2.4230957e+01
   3.7172860e+06   2.4353027e+01
   3.7173620e+06   2.5024414e+01
   3.7173870e+06   2.1728516e+01
   3.7175200e+06   2.1423340e+01
   3.7178960e+06   2.4963379e+01
   3.7182170e+06   3.3264160e+01
   3.7185160e+06   2.1850586e+01
   3.7395130e+06   2.2338867e+01
   3.7876190e+06   2.2705078e+01
   3.8101780e+06   2.1728516e+01
   3.8324140e+06   2.1972656e+01
   3.8381870e+06   3.9855957e+01
   3.8381980e+06   3.2348633e+01
   3.8382390e+06   4.0893555e+01
   3.8382710e+06   3.1494141e+01
   3.8382950e+06   3.8757324e+01
   3.8383090e+06   2.4597168e+01
   3.8383370e+06   2.6062012e+01
   3.8383660e+06   4.5104980e+01
   3.8384190e+06   3.4057617e+01
   3.8384680e+06   2.3437500e+01
   3.8384890e+06   4.1198730e+01
   3.8385070e+06   2.6184082e+01
   3.8385880e+06   3.3447266e+01
   3.8386120e+06   2.2216797e+01
   3.8386360e+06   2.6428223e+01
   3.8386510e+06   2.1179199e+01
   3.8387080e+06   2.1545410e+01
   3.8388610e+06   2.5451660e+01
   3.8395530e+06   2.1789551e+01
   3.8399040e+06   2.2155762e+01
   3.9306710e+06   2.3681641e+01
   3.9368180e+06   2.3864746e+01
   3.9615820e+06   2.2033691e+01
   3.9871060e+06   2.1545410e+01
   4.0281280e+06   2.3071289e+01
   4.0281520e+06   2.6733398e+01
   4.0281630e+06   4.6203613e+01
   4.0282190e+06   4.6875000e+01
   4.0282620e+06   2.1179199e+01
   4.0282790e+06   3.4362793e+01
   4.0283000e+06   2.2766113e+01
   4.0283220e+06   2.1545410e+01
   4.0283330e+06   3.2592773e+01
   4.0283570e+06   3.1799316e+01
   4.0283770e+06   2.2949219e+01
   4.0283900e+06   3.1372070e+01
   4.0284140e+06   2.3803711e+01
   4.0284410e+06   5.4321289e+01
   4.0284920e+06   2.4963379e+01
   4.0285030e+06   2.1606445e+01
   4.0285150e+06   4.3029785e+01
   4.0286170e+06   3.9062500e+01
   4.0286790e+06   2.9602051e+01
   4.0288040e+06   2.1118164e+01
   4.0289570e+06   2.2827148e+01
   4.0290120e+06   2.4719238e+01
   4.0290680e+06   2.1850586e+01
   4.0293940e+06   2.8320313e+01
   4.0294510e+06   2.1484375e+01
   4.0299480e+06   2.1423340e+01
   4.0303480e+06   2.9846191e+01
   4.0941270e+06   2.1301270e+01
   4.1047900e+06   2.2644043e+01
   4.1083310e+06   2.4780273e+01
   4.1454270e+06   2.9846191e+01
   4.1575940e+06   2.2827148e+01
   4.1614520e+06   2.1240234e+01
   4.1670730e+06   2.1362305e+01
   4.1732030e+06   2.2521973e+01
   4.1811300e+06   2.1484375e+01
   4.1989300e+06   2.3071289e+01
   4.2055150e+06   2.1789551e+01
   4.2055280e+06   4.3457031e+01
   4.2055710e+06   3.0212402e+01
   4.2055960e+06   2.6855469e+01
   4.2056180e+06   4.1625977e+01
   4.2056370e+06   3.1311035e+01
   4.2056660e+06   2.2521973e+01
   4.2056850e+06   2.3864746e+01
   4.2057220e+06   2.1667480e+01
   4.2057520e+06   4.0649414e+01
   4.2057730e+06   2.2277832e+01
   4.2058150e+06   3.7902832e+01
   4.2058670e+06   2.5451660e+01
   4.2058870e+06   2.5085449e+01
   4.2059120e+06   3.6560059e+01
   4.2060520e+06   2.7893066e+01
   4.2060640e+06   3.0883789e+01
   4.2061200e+06   2.3620605e+01
   4.2072820e+06   2.2827148e+01
   4.2551270e+06   2.1545410e+01
   4.2633860e+06   2.1484375e+01
   4.2720240e+06   2.2277832e+01
   4.2913310e+06   2.1423340e+01
   4.3056790e+06   2.2277832e+01
   4.3267260e+06   2.2033691e+01
   4.3270020e+06   4.1259766e+01
   4.3270550e+06   4.3884277e+01
   4.3270880e+06   2.1118164e+01
   4.3271100e+06   2.5634766e+01
   4.3271230e+06   4.8706055e+01
   4.3271860e+06   2.5207520e+01
   4.3272050e+06   2.4963379e+01
   4.3272250e+06   2.5390625e+01
   4.3272450e+06   2.3559570e+01
   4.3273400e+06   3.9672852e+01
   4.3274480e+06   4.1259766e+01
   4.3280800e+06   2.5085449e+01
   4.3291580e+06   2.3071289e+01
   4.3857940e+06   2.2094727e+01
   4.3865420e+06   2.1606445e+01
   4.3910630e+06   2.3498535e+01
   4.3959120e+06   2.1179199e+01
   4.4005490e+06   2.3376465e+01
   4.4109320e+06   2.1606445e+01
   4.4136810e+06   2.4230957e+01
   4.4221170e+06   2.1667480e+01
   4.4536590e+06   2.1667480e+01
   4.4538840e+06   2.1667480e+01
   4.4539890e+06   3.6499023e+01
   4.4540360e+06   2.4230957e+01
   4.4540530e+06   2.5268555e+01
   4.4540870e+06   3.7841797e+01
   4.4541200e+06   2.2888184e+01
   4.4541300e+06   2.9052734e+01
   4.4541510e+06   3.6621094e+01
   4.4541800e+06   2.5695801e+01
   4.4541960e+06   2.4475098e+01
   4.4542220e+06   5.0354004e+01
   4.4542340e+06   2.2338867e+01
   4.4542660e+06   3.5644531e+01
   4.4542800e+06   3.0761719e+01
   4.4542940e+06   2.8442383e+01
   4.4543190e+06   2.2277832e+01
   4.4543530e+06   2.8320313e+01
   4.4543740e+06   2.1606445e+01
   4.4545130e+06   2.1789551e+01
   4.4554720e+06   2.1545410e+01
   4.5260550e+06   2.2155762e+01
   4.5528020e+06   2.2277832e+01
   4.5618880e+06   2.1118164e+01
   4.5909320e+06   2.4597168e+01
   4.6220030e+06   2.1118164e+01
   4.6314910e+06   2.3742676e+01
   4.6494850e+06   2.1972656e+01
   4.6495170e+06   2.2583008e+01
   4.6495680e+06   2.2033691e+01
   4.6495790e+06   5.0354004e+01
   4.6496060e+06   2.4902344e+01
   4.6496390e+06   4.9926758e+01
   4.6496550e+06   2.3132324e+01
   4.6496910e+06   3.7963867e+01
   4.6497110e+06   2.2338867e+01
   4.6497400e+06   2.3986816e+01
   4.6497630e+06   2.5268555e+01
   4.6497790e+06   4.2175293e+01
   4.6497890e+06   2.9968262e+01
   4.6498520e+06   2.9235840e+01
   4.6498800e+06   2.7648926e+01
   4.6499000e+06   2.1301270e+01
   4.6499830e+06   3.0212402e+01
   4.6501060e+06   3.7902832e+01
   4.6508430e+06   2.3376465e+01
   4.6511920e+06   2.2155762e+01
   4.7174520e+06   2.1850586e+01
   4.7540340e+06   2.3132324e+01
   4.7576330e+06   2.1667480e+01
   4.7595460e+06   2.2766113e+01
   4.7595830e+06   2.1423340e+01
   4.7597150e+06   2.6672363e+01
   4.7599580e+06   2.5390625e+01
   4.7600290e+06   2.4414063e+01
   4.7601020e+06   2.3376465e+01
   4.7601160e+06   2.1179199e+01
   4.7601490e+06   2.3010254e+01
   4.7601660e+06   4.3579102e+01
   4.7602030e+06   2.4719238e+01
   4.7602130e+06   2.1301270e+01
   4.7602270e+06   2.1728516e+01
   4.7602390e+06   4.7302246e+01
   4.7602730e+06   2.6611328e+01
   4.7602840e+06   2.2521973e+01
   4.7603290e+06   2.6672363e+01
   4.7603440e+06   2.3437500e+01
   4.7603890e+06   2.1606445e+01
   4.7604230e+06   2.4414063e+01
   4.7604350e+06   2.1789551e+01
   4.7604570e+06   2.4291992e+01
   4.7605060e+06   2.2888184e+01
   4.7605200e+06   2.3803711e+01
   4.7605580e+06   2.1606445e+01
   4.7606410e+06   2.1728516e+01
   4.7606810e+06   2.4780273e+01
   4.7611990e+06   2.1789551e+01
   4.7613740e+06   2.2277832e+01
   4.7615110e+06   2.3925781e+01
   4.7615760e+06   2.4536133e+01
   4.7618860e+06   2.1362305e+01
   4.8900360e+06   2.1423340e+01
   4.8900560e+06   2.5451660e+01
   4.8900720e+06   5.0720215e+01
   4.8901180e+06   2.3986816e+01
   4.8901420e+06   2.1911621e+01
   4.8901630e+06   2.7526855e+01
   4.8902080e+06   2.8259277e+01
   4.8902260e+06   2.9968262e+01
   4.8902410e+06   3.8146973e+01
   4.8902950e+06   2.5024414e+01
   4.8903170e+06   2.5573730e+01
   4.8903300e+06   3.2348633e+01
   4.8903650e+06   2.7099609e+01
   4.8903880e+06   3.2470703e+01
   4.8904530e+06   3.1433105e+01
   4.8906460e+06   2.8625488e+01
   4.8914620e+06   2.2033691e+01
   4.8916560e+06   2.3376465e+01
   4.8919800e+06   2.1728516e+01
   4.9050740e+06   2.1118164e+01
   4.9356910e+06   2.3864746e+01
   4.9435100e+06   2.2644043e+01
   4.9665110e+06   2.3437500e+01
   4.9934790e+06   2.2033691e+01
   4.9958230e+06   2.1301270e+01
   5.0102660e+06   2.2338867e+01
   5.0254300e+06   2.1850586e+01
   5.0319170e+06   2.3864746e+01
   5.0370870e+06   2.2094727e+01
   5.0614180e+06   2.2460938e+01
   5.0615310e+06   4.3395996e+01
   5.0615600e+06   2.2460938e+01
   5.0615820e+06   2.5878906e+01
   5.0615920e+06   2.4963379e+01
   5.0616140e+06   2.3620605e+01
   5.0616570e+06   3.6132813e+01
   5.0616810e+06   2.2644043e+01
   5.0616930e+06   3.2958984e+01
   5.0617290e+06   2.8869629e+01
   5.0617470e+06   2.7832031e+01
   5.0617730e+06   2.7526855e+01
   5.0617860e+06   5.4992676e+01
   5.0618210e+06   2.4169922e+01
   5.0618730e+06   2.1118164e+01
   5.0619390e+06   3.0273437e+01
   5.0619770e+06   2.3742676e+01
   5.0620510e+06   2.6550293e+01
   5.0621050e+06   2.5390625e+01
   5.0627490e+06   2.2399902e+01
   5.0631380e+06   2.1484375e+01
   5.0633180e+06   2.3315430e+01
   5.0739980e+06   2.1972656e+01
   5.1072520e+06   2.1423340e+01
   5.1359680e+06   2.1484375e+01
   5.1514150e+06   2.1118164e+01
   5.1750890e+06   2.1606445e+01
   5.1759120e+06   2.3132324e+01
   5.1760820e+06   2.6672363e+01
   5.1761550e+06   2.7343750e+01
   5.1761770e+06   3.3996582e+01
   5.1762160e+06   2.1850586e+01
   5.1762520e+06   3.7719727e+01
   5.1762750e+06   3.2043457e+01
   5.1762960e+06   2.2827148e+01
   5.1763440e+06   2.4536133e+01
   5.1763680e+06   4.0649414e+01
   5.1763800e+06   4.8095703e+01
   5.1764080e+06   2.6550293e+01
   5.1764490e+06   2.2033691e+01
   5.1764660e+06   3.1799316e+01
   5.1764880e+06   2.1240234e+01
   5.1765230e+06   3.3874512e+01
   5.1765380e+06   2.7648926e+01
   5.1766570e+06   2.1728516e+01
   5.1767350e+06   2.1484375e+01
   5.1774550e+06   3.0151367e+01
   5.1775790e+06   2.1484375e+01
   5.2464430e+06   2.1850586e+01
   5.2498510e+06   2.1484375e+01
   5.2538970e+06   2.4475098e+01
   5.2630520e+06   2.3132324e+01
   5.2730340e+06   2.6000977e+01
   5.3419530e+06   2.1606445e+01
   5.3500570e+06   2.1362305e+01
   5.3500680e+06   4.8034668e+01
   5.3501150e+06   3.2714844e+01
   5.3501690e+06   3.0334473e+01
   5.3501910e+06   2.6550293e+01
   5.3502150e+06   2.9113770e+01
   5.3502270e+06   2.3742676e+01
   5.3502810e+06   2.5207520e+01
   5.3503070e+06   5.1452637e+01
   5.3503290e+06   2.5512695e+01
   5.3503650e+06   2.4108887e+01
   5.3503940e+06   3.8330078e+01
   5.3504560e+06   2.3681641e+01
   5.3504950e+06   2.5695801e+01
   5.3505830e+06   2.3620605e+01
   5.3509070e+06   2.1789551e+01
   5.3520930e+06   2.2216797e+01
   5.4142350e+06   2.2277832e+01
   5.4186990e+06   2.6123047e+01
   5.4665180e+06   2.1606445e+01
   5.4737900e+06   2.1606445e+01
   5.4920040e+06   2.4108887e+01
   5.4920270e+06   3.5705566e+01
   5.4920700e+06   2.3437500e+01
   5.4921010e+06   3.4301758e+01
   5.4921290e+06   3.1982422e+01
   5.4921400e+06   2.8625488e+01
   5.4921630e+06   2.8015137e+01
   5.4921890e+06   2.6184082e+01
   5.4922090e+06   2.1667480e+01
   5.4922680e+06   2.7526855e+01
   5.4922910e+06   2.7099609e+01
   5.4923100e+06   2.4169922e+01
   5.4923400e+06   2.6733398e+01
   5.4925100e+06   2.3315430e+01
   5.4925810e+06   3.9245605e+01
   5.4933700e+06   2.9235840e+01
   5.4935950e+06   2.2583008e+01
   5.4937410e+06   2.4291992e+01
   5.4937770e+06   2.2583008e+01
   5.5794060e+06   2.5207520e+01
   5.5812560e+06   2.3986816e+01
   5.5860370e+06   2.4291992e+01
   5.5938560e+06   2.2399902e+01
   5.6050220e+06   2.4108887e+01
   5.6469160e+06   2.1728516e+01
   5.6469400e+06   3.8208008e+01
   5.6469630e+06   2.8869629e+01
   5.6469850e+06   2.1972656e+01
   5.6470060e+06   3.4851074e+01
   5.6470470e+06   2.7648926e+01
   5.6470590e+06   2.2033691e+01
   5.6470910e+06   3.3203125e+01
   5.6471100e+06   3.8940430e+01
   5.6471460e+06   2.2094727e+01
   5.6471790e+06   3.4790039e+01
   5.6472060e+06   2.1789551e+01
   5.6472330e+06   2.4780273e+01
   5.6472580e+06   2.4475098e+01
   5.6472810e+06   2.1362305e+01
   5.6473180e+06   2.7282715e+01
   5.6473650e+06   3.0883789e+01
   5.6473870e+06   2.2338867e+01
   5.6474810e+06   2.4414063e+01
   5.6475890e+06   2.4475098e+01
   5.6482730e+06   2.1179199e+01
   5.6483810e+06   2.1789551e+01
   5.6486100e+06   2.4902344e+01
   5.7207810e+06   2.3010254e+01
   5.7301910e+06   2.2033691e+01
   5.7331340e+06   2.1850586e+01
   5.7367280e+06   2.2460938e+01
   5.7420270e+06   2.2949219e+01
   5.8397960e+06   2.5329590e+01
   5.8415780e+06   2.1484375e+01
   5.8616020e+06   2.1545410e+01
   5.8708430e+06   2.3864746e+01
   5.8712090e+06   5.8898926e+01
   5.8712190e+06   2.5634766e+01
   5.8712370e+06   2.6733398e+01
   5.8712710e+06   3.8818359e+01
   5.8712920e+06   2.5573730e+01
   5.8713460e+06   3.3874512e+01
   5.8713580e+06   3.5095215e+01
   5.8713860e+06   2.6306152e+01
   5.8714040e+06   2.3742676e+01
   5.8714350e+06   2.7038574e+01
   5.8714490e+06   2.1667480e+01
   5.8714740e+06   3.1127930e+01
   5.8714850e+06   2.2216797e+01
   5.8715140e+06   2.3132324e+01
   5.8715270e+06   3.7170410e+01
   5.8716120e+06   4.2236328e+01
   5.8716560e+06   2.2705078e+01
   5.8717420e+06   2.1545410e+01
   5.8717890e+06   2.2949219e+01
   5.8724580e+06   2.2644043e+01
   5.8730080e+06   2.1179199e+01
   5.8997020e+06   2.3620605e+01
   5.9168370e+06   2.2827148e+01
   5.9642500e+06   2.2949219e+01
   6.0070190e+06   2.2216797e+01
   6.0423230e+06   2.1240234e+01
   6.0558970e+06   2.2521973e+01
   6.0608720e+06   2.1179199e+01
   6.0609100e+06   2.4291992e+01
   6.0609360e+06   3.7780762e+01
   6.0609500e+06   2.1850586e+01
   6.0609780e+06   3.4362793e+01
   6.0609970e+06   2.2888184e+01
   6.0610110e+06   2.6977539e+01
   6.0610250e+06   2.9541016e+01
   6.0610650e+06   3.5827637e+01
   6.0610750e+06   2.6306152e+01
   6.0611240e+06   2.2583008e+01
   6.0611370e+06   2.3803711e+01
   6.0611690e+06   3.1005859e+01
   6.0612040e+06   3.1433105e+01
   6.0612360e+06   3.0273438e+01
   6.0612590e+06   2.4658203e+01
   6.0612720e+06   3.0883789e+01
   6.0612960e+06   2.1301270e+01
   6.0614860e+06   2.3559570e+01
   6.0615510e+06   2.1972656e+01
   6.0621110e+06   2.5207520e+01
   6.1329660e+06   2.1850586e+01
   6.1445130e+06   2.1606445e+01
   6.1669850e+06   2.4963379e+01
   6.1735510e+06   2.1667480e+01
   6.1756700e+06   2.1240234e+01
   6.2011840e+06   2.5817871e+01
   6.2012090e+06   3.0395508e+01
   6.2012500e+06   4.6691895e+01
   6.2013000e+06   2.3620605e+01
   6.2013440e+06   2.5146484e+01
   6.2013620e+06   2.1545410e+01
   6.2013970e+06   2.1484375e+01
   6.2014430e+06   2.4108887e+01
   6.2014670e+06   3.9794922e+01
   6.2014780e+06   2.8930664e+01
   6.2015130e+06   2.4536133e+01
   6.2015440e+06   2.3132324e+01
   6.2015850e+06   2.2521973e+01
   6.2015990e+06   2.2644043e+01
   6.2016120e+06   2.4780273e+01
   6.2017570e+06   2.7282715e+01
   6.2021640e+06   2.2827148e+01
   6.2025770e+06   2.1911621e+01
   6.2032680e+06   2.3803711e+01
   6.3277650e+06   2.1240234e+01
   6.3464740e+06   2.3986816e+01
   6.3465810e+06   2.3620605e+01
   6.3466050e+06   4.9499512e+01
   6.3466210e+06   2.2277832e+01
   6.3466440e+06   2.2521973e+01
   6.3466670e+06   2.8503418e+01
   6.3466880e+06   2.5756836e+01
   6.3467000e+06   3.6682129e+01
   6.3467300e+06   3.9123535e+01
   6.3467410e+06   2.4475098e+01
   6.3467780e+06   3.1433105e+01
   6.3467930e+06   4.8339844e+01
   6.3468440e+06   2.9052734e+01
   6.3468550e+06   5.1696777e+01
   6.3468680e+06   2.5573730e+01
   6.3469080e+06   2.9724121e+01
   6.3469520e+06   4.1442871e+01
   6.3470670e+06   3.3752441e+01
   6.3471210e+06   2.2155762e+01
   6.3473110e+06   2.4597168e+01
   6.3473230e+06   2.1118164e+01
   6.3482740e+06   2.2888184e+01
   6.4344390e+06   2.5451660e+01
   6.4371100e+06   2.3925781e+01
   6.4496960e+06   2.4963379e+01
   6.4613780e+06   2.1484375e+01
   6.4909470e+06   2.4536133e+01
   6.4910090e+06   2.2033691e+01
   6.4910360e+06   2.2338867e+01
   6.4910900e+06   5.6640625e+01
   6.4911130e+06   2.6367188e+01
   6.4911370e+06   3.5034180e+01
   6.4911580e+06   3.8696289e+01
   6.4911710e+06   2.5146484e+01
   6.4912020e+06   6.0241699e+01
   6.4912230e+06   2.2460938e+01
   6.4912430e+06   3.3142090e+01
   6.4912590e+06   4.3518066e+01
   6.4912830e+06   2.3376465e+01
   6.4913180e+06   4.2846680e+01
   6.4913580e+06   2.3437500e+01
   6.4913920e+06   2.6733398e+01
   6.4914040e+06   2.3193359e+01
   6.4914590e+06   2.6367188e+01
   6.4914730e+06   3.3508301e+01
   6.4916760e+06   2.8015137e+01
   6.4923350e+06   2.2888184e+01
   6.5839250e+06   2.1972656e+01
   6.5971930e+06   2.1728516e+01
   6.5976330e+06   2.1423340e+01
   6.5978780e+06   3.0029297e+01
   6.5979150e+06   2.7770996e+01
   6.5979520e+06   2.5085449e+01
   6.5979790e+06   5.1086426e+01
   6.5980000e+06   2.4841309e+01
   6.5980260e+06   2.2827148e+01
   6.5980440e+06   4.1931152e+01
   6.5980750e+06   2.5878906e+01
   6.5981010e+06   3.2836914e+01
   6.5981290e+06   5.5725098e+01
   6.5981720e+06   2.5634766e+01
   6.5982250e+06   2.7770996e+01
   6.5982800e+06   2.5268555e+01
   6.5982940e+06   2.8320313e+01
   6.5983470e+06   2.1850586e+01
   6.5983650e+06   2.8320313e+01
   6.5984010e+06   2.5817871e+01
   6.5985040e+06   2.2705078e+01
   6.5987350e+06   3.4790039e+01
   6.5992370e+06   2.5146484e+01
   6.5992630e+06   2.4353027e+01
   6.5994900e+06   2.1606445e+01
   6.5998690e+06   2.2094727e+01
   6.6588980e+06   2.2460938e+01
   6.7128700e+06   2.1545410e+01
   6.7759130e+06   2.2216797e+01
   6.8030970e+06   2.2399902e+01
   6.8238490e+06   2.3193359e+01
   6.8239370e+06   3.6682129e+01
   6.8239710e+06   2.8625488e+01
   6.8239990e+06   5.1696777e+01
   6.8240330e+06   2.3193359e+01
   6.8240650e+06   3.4545898e+01
   6.8240750e+06   3.1799316e+01
   6.8241080e+06   3.0578613e+01
   6.8241200e+06   2.8442383e+01
   6.8241520e+06   3.4729004e+01
   6.8241760e+06   4.3579102e+01
   6.8242040e+06   2.8747559e+01
   6.8242500e+06   3.1066895e+01
   6.8242670e+06   2.1728516e+01
   6.8243140e+06   3.7353516e+01
   6.8243260e+06   3.3386230e+01
   6.8243860e+06   2.3681641e+01
   6.8244120e+06   2.3681641e+01
   6.8245090e+06   2.6245117e+01
   6.8245430e+06   2.7343750e+01
   6.8256040e+06   2.3498535e+01
   6.8257740e+06   2.2644043e+01
   6.8791630e+06   2.1118164e+01
   6.8852120e+06   2.2460938e+01
   6.9225940e+06   2.1484375e+01
   6.9259560e+06   3.7170410e+01
   6.9259830e+06   3.1127930e+01
   6.9259930e+06   2.6184082e+01
   6.9260150e+06   3.5400391e+01
   6.9260320e+06   3.2714844e+01
   6.9260600e+06   3.0456543e+01
   6.9260760e+06   2.6062012e+01
   6.9260990e+06   3.2226563e+01
   6.9261100e+06   2.8198242e+01
   6.9261490e+06   6.0180664e+01
   6.9261790e+06   2.7465820e+01
   6.9262140e+06   2.9907227e+01
   6.9262390e+06   3.2226563e+01
   6.9262490e+06   3.8757324e+01
   6.9262850e+06   2.1606445e+01
   6.9263060e+06   2.6489258e+01
   6.9263470e+06   2.4902344e+01
   6.9264410e+06   2.7160645e+01
   6.9265130e+06   2.1911621e+01
   6.9271600e+06   2.2583008e+01
   6.9511030e+06   2.3681641e+01
   6.9866860e+06   2.3193359e+01
   7.0382250e+06   2.1118164e+01
   7.0460270e+06   2.4108887e+01
   7.0618650e+06   2.2399902e+01
   7.0937130e+06   2.2460938e+01
   7.0938460e+06   2.1423340e+01
   7.0938580e+06   2.4780273e+01
   7.0939100e+06   2.2521973e+01
   7.0939410e+06   2.5573730e+01
   7.0939520e+06   3.7902832e+01
   7.0939670e+06   2.1606445e+01
   7.0939930e+06   2.7587891e+01
   7.0940210e+06   2.3193359e+01
   7.0940510e+06   3.1372070e+01
   7.0940760e+06   2.7954102e+01
   7.0940930e+06   4.1748047e+01
   7.0941160e+06   2.1301270e+01
   7.0941360e+06   2.5024414e+01
   7.0941750e+06   4.1809082e+01
   7.0941950e+06   2.2827148e+01
   7.0942340e+06   2.1972656e+01
   7.0942570e+06   3.4362793e+01
   7.0943000e+06   2.4597168e+01
   7.0943460e+06   2.1972656e+01
   7.0943880e+06   2.4597168e+01
   7.0944350e+06   3.5827637e+01
   7.0948040e+06   2.1911621e+01
   7.0948780e+06   2.2033691e+01
   7.0955870e+06   2.2766113e+01
   7.1355000e+06   2.4597168e+01
   7.1837040e+06   2.1606445e+01
   7.1894040e+06   2.1362305e+01
   7.2082790e+06   2.3071289e+01
   7.2376820e+06   2.2338867e+01
   7.2402680e+06   2.2277832e+01
   7.2431260e+06   2.2277832e+01
   7.2872680e+06   2.1362305e+01
   7.2925720e+06   2.3010254e+01
   7.2947290e+06   2.2583008e+01
   7.3265910e+06   2.7770996e+01
   7.3266070e+06   2.6733398e+01
   7.3266320e+06   3.3691406e+01
   7.3266790e+06   5.4443359e+01
   7.3266990e+06   3.0456543e+01
   7.3267240e+06   2.8320313e+01
   7.3267550e+06   2.8198242e+01
   7.3267730e+06   3.1127930e+01
   7.3267900e+06   2.7343750e+01
   7.3268120e+06   3.2470703e+01
   7.3268250e+06   2.8930664e+01
   7.3268620e+06   2.5207520e+01
   7.3268850e+06   3.0944824e+01
   7.3269300e+06   3.1127930e+01
   7.3269610e+06   3.4240723e+01
   7.3269760e+06   2.5085449e+01
   7.3270170e+06   2.1667480e+01
   7.3270330e+06   2.3254395e+01
   7.3271900e+06   2.9357910e+01
   7.3274320e+06   2.2644043e+01
   7.3281650e+06   2.1545410e+01
   7.3287580e+06   2.4597168e+01
   7.3820150e+06   2.2094727e+01
   7.4034810e+06   2.4291992e+01
   7.4138280e+06   2.2705078e+01
   7.4167780e+06   2.1667480e+01
   7.4235590e+06   2.1240234e+01
   7.4294460e+06   2.1606445e+01
   7.4539350e+06   2.6306152e+01
   7.4545860e+06   2.3071289e+01
   7.4546760e+06   2.2521973e+01
   7.4549900e+06   2.6611328e+01
   7.4550090e+06   2.5451660e+01
   7.4550220e+06   3.7109375e+01
   7.4550580e+06   2.6733398e+01
   7.4550800e+06   2.6550293e+01
   7.4551110e+06   2.6550293e+01
   7.4551220e+06   3.5278320e+01
   7.4551460e+06   2.5207520e+01
   7.4551850e+06   5.2246094e+01
   7.4552100e+06   3.0456543e+01
   7.4552550e+06   2.2705078e+01
   7.4552800e+06   2.2094727e+01
   7.4552980e+06   4.7851563e+01
   7.4553440e+06   2.6245117e+01
   7.4553670e+06   2.1789551e+01
   7.4553930e+06   4.6936035e+01
   7.4554990e+06   2.6916504e+01
   7.4555680e+06   2.2094727e+01
   7.4556370e+06   2.1972656e+01
   7.4562330e+06   2.3437500e+01
   7.4564640e+06   2.3498535e+01
   7.4569810e+06   2.4230957e+01
   7.4572900e+06   2.4597168e+01
   7.5594540e+06   2.3315430e+01
   7.5701940e+06   2.2033691e+01
   7.5801240e+06   2.1179199e+01
   7.5824480e+06   2.2033691e+01
   7.6100600e+06   2.1240234e+01
   7.6101550e+06   4.3151855e+01
   7.6102010e+06   2.2338867e+01
   7.6102170e+06   2.6916504e+01
   7.6102610e+06   3.8146973e+01
   7.6102830e+06   2.1728516e+01
   7.6102970e+06   3.9184570e+01
   7.6103300e+06   5.4382324e+01
   7.6103580e+06   2.3437500e+01
   7.6103870e+06   2.8686523e+01
   7.6104000e+06   2.6062012e+01
   7.6104380e+06   2.5878906e+01
   7.6104510e+06   2.3071289e+01
   7.6104960e+06   3.2653809e+01
   7.6105410e+06   4.5349121e+01
   7.6106000e+06   2.2705078e+01
   7.6712680e+06   2.3376465e+01
   7.6737480e+06   2.3559570e+01
   7.6781690e+06   2.1972656e+01
   7.6804700e+06   2.3010254e+01
   7.7094070e+06   2.2338867e+01
   7.7477730e+06   2.4536133e+01
   7.7605570e+06   2.3986816e+01
   7.7606030e+06   2.7282715e+01
   7.7606360e+06   3.7597656e+01
   7.7606760e+06   3.8574219e+01
   7.7606870e+06   3.0334473e+01
   7.7607010e+06   2.5634766e+01
   7.7607440e+06   3.1066895e+01
   7.7607690e+06   3.4423828e+01
   7.7607910e+06   2.4719238e+01
   7.7608040e+06   3.7414551e+01
   7.7608460e+06   3.3935547e+01
   7.7608640e+06   2.2460938e+01
   7.7609020e+06   2.2460938e+01
   7.7609430e+06   3.2653809e+01
   7.7609690e+06   2.6550293e+01
   7.7610290e+06   3.0273438e+01
   7.7612780e+06   2.3498535e+01
   7.7613600e+06   2.2888184e+01
   7.7613900e+06   2.1179199e+01
   7.7618200e+06   2.2216797e+01
   7.7622250e+06   2.1240234e+01
   7.7624200e+06   2.2949219e+01
   7.7627520e+06   2.3681641e+01
   7.8260270e+06   2.1179199e+01
   7.8460610e+06   2.1301270e+01
   7.8628000e+06   2.2583008e+01
   7.8630190e+06   2.8564453e+01
   7.8630420e+06   2.7709961e+01
   7.8630730e+06   3.2287598e+01
   7.8631060e+06   2.5329590e+01
   7.8631260e+06   4.0100098e+01
   7.8631560e+06   2.3925781e+01
   7.8631740e+06   4.4738770e+01
   7.8631960e+06   3.9062500e+01
   7.8632260e+06   2.8503418e+01
   7.8632670e+06   2.7465820e+01
   7.8633030e+06   2.1545410e+01
   7.8633600e+06   3.9428711e+01
   7.8634580e+06   2.6428223e+01
   7.8635760e+06   2.5756836e+01
   7.8643110e+06   2.3376465e+01
   7.8644210e+06   2.4597168e+01
   7.8870630e+06   2.1606445e+01
   7.8927800e+06   2.3681641e+01
   7.9343760e+06   2.1118164e+01
   7.9785280e+06   2.4658203e+01
   7.9953260e+06   2.1301270e+01
   8.0033970e+06   2.2155762e+01
   8.0226730e+06   2.3864746e+01
   8.0261900e+06   2.5878906e+01
   8.0262260e+06   3.3386230e+01
   8.0262550e+06   5.0781250e+01
   8.0262750e+06   2.6611328e+01
   8.0262910e+06   2.6977539e+01
   8.0263240e+06   3.1005859e+01
   8.0263430e+06   2.1484375e+01
   8.0263620e+06   2.3742676e+01
   8.0263760e+06   3.6437988e+01
   8.0264180e+06   2.4047852e+01
   8.0264380e+06   2.4780273e+01
   8.0264540e+06   3.3386230e+01
   8.0264880e+06   2.2949219e+01
   8.0265210e+06   3.0456543e+01
   8.0265370e+06   4.2846680e+01
   8.0265540e+06   2.2583008e+01
   8.0266260e+06   3.6743164e+01
   8.0266780e+06   2.1911621e+01
   8.0267870e+06   2.5634766e+01
   8.0268230e+06   2.5329590e+01
   8.0276910e+06   2.2460938e+01
   8.0277940e+06   2.5146484e+01
   8.0279110e+06   2.1118164e+01
   8.0279260e+06   2.1423340e+01
   8.0755290e+06   2.4108887e+01
   8.0805790e+06   2.1667480e+01
   8.1747680e+06   2.4291992e+01
   8.1816100e+06   2.2521973e+01
   8.1839500e+06   2.1789551e+01
   8.1840050e+06   3.1494141e+01
   8.1840420e+06   2.9663086e+01
   8.1840620e+06   2.9541016e+01
   8.1840960e+06   2.5695801e+01
   8.1841430e+06   3.5278320e+01
   8.1841530e+06   3.3264160e+01
   8.1841760e+06   2.6733398e+01
   8.1842050e+06   2.3986816e+01
   8.1842340e+06   2.7404785e+01
   8.1842490e+06   4.6142578e+01
   8.1842740e+06   2.5878906e+01
   8.1842920e+06   2.1240234e+01
   8.1843200e+06   2.3620605e+01
   8.1843320e+06   2.1118164e+01
   8.1843660e+06   2.7343750e+01
   8.1843790e+06   2.7099609e+01
   8.1843990e+06   3.2226563e+01
   8.1844360e+06   2.4414063e+01
   8.1844620e+06   2.1606445e+01
   8.1844730e+06   2.8198242e+01
   8.1848000e+06   2.2949219e+01
   8.1852320e+06   2.3742676e+01
   8.2115780e+06   2.4047852e+01
   8.2725190e+06   2.1789551e+01
   8.3126170e+06   5.3588867e+01
   8.3126480e+06   2.7343750e+01
   8.3126640e+06   3.8452148e+01
   8.3127070e+06   2.6000977e+01
   8.3127190e+06   2.1972656e+01
   8.3127510e+06   2.1606445e+01
   8.3127840e+06   2.6123047e+01
   8.3128230e+06   4.5104980e+01
   8.3128470e+06   2.3132324e+01
   8.3128740e+06   2.6855469e+01
   8.3128920e+06   2.4047852e+01
   8.3129040e+06   3.5949707e+01
   8.3129230e+06   2.4047852e+01
   8.3129700e+06   2.3071289e+01
   8.3129960e+06   4.7546387e+01
   8.3130490e+06   2.1362305e+01
   8.3130730e+06   2.4719238e+01
   8.3138600e+06   2.1606445e+01
   8.3141420e+06   2.1789551e+01
   8.3142430e+06   2.2705078e+01
   8.3751530e+06   2.2583008e+01
   8.3869940e+06   2.1362305e+01
   8.4165920e+06   2.2033691e+01
   8.4218360e+06   3.1921387e+01
   8.4218640e+06   2.6794434e+01
   8.4218820e+06   3.1066895e+01
   8.4218990e+06   2.3315430e+01
   8.4219150e+06   4.2419434e+01
   8.4219450e+06   2.8930664e+01
   8.4219900e+06   2.3376465e+01
   8.4220200e+06   4.9072266e+01
   8.4220320e+06   2.6306152e+01
   8.4220490e+06   2.4658203e+01
   8.4220800e+06   3.3569336e+01
   8.4220960e+06   2.3498535e+01
   8.4221230e+06   2.4353027e+01
   8.4221330e+06   2.2033691e+01
   8.4221510e+06   2.2949219e+01
   8.4221900e+06   2.4230957e+01
   8.4222130e+06   3.8146973e+01
   8.4222770e+06   2.1606445e+01
   8.4223920e+06   2.7282715e+01
   8.4229120e+06   2.9907227e+01
   8.4233530e+06   2.4475098e+01
   8.4831540e+06   2.6306152e+01
   8.4882560e+06   2.1545410e+01
   8.5146780e+06   2.1240234e+01
   8.5319420e+06   2.1118164e+01
   8.6040280e+06   2.1972656e+01
   8.6301960e+06   2.2277832e+01
   8.6305480e+06   4.2419434e+01
   8.6305750e+06   3.2592773e+01
   8.6306020e+06   3.0578613e+01
   8.6306290e+06   2.8869629e+01
   8.6306580e+06   3.0090332e+01
   8.6306900e+06   3.1921387e+01
   8.6307100e+06   2.3437500e+01
   8.6307280e+06   2.2766113e+01
   8.6307460e+06   2.1606445e+01
   8.6307810e+06   3.7902832e+01
   8.6307940e+06   2.8991699e+01
   8.6308260e+06   2.3254395e+01
   8.6308450e+06   2.5634766e+01
   8.6308670e+06   3.4606934e+01
   8.6309120e+06   2.1667480e+01
   8.6309420e+06   2.5634766e+01
   8.6311920e+06   2.5268555e+01
   8.6321220e+06   2.1972656e+01
   8.7014230e+06   2.3376465e+01
   8.7751900e+06   2.2033691e+01
   8.7815980e+06   2.1301270e+01
   8.7816290e+06   2.6489258e+01
   8.7816470e+06   3.7292480e+01
   8.7816710e+06   2.1484375e+01
   8.7816970e+06   2.9724121e+01
   8.7817280e+06   2.5939941e+01
   8.7817540e+06   4.3823242e+01
   8.7817640e+06   2.7404785e+01
   8.7817850e+06   2.5146484e+01
   8.7818100e+06   3.0700684e+01
   8.7818250e+06   5.2673340e+01
   8.7818650e+06   2.1118164e+01
   8.7818810e+06   3.4057617e+01
   8.7819090e+06   2.7770996e+01
   8.7819460e+06   2.2338867e+01
   8.7819710e+06   3.9611816e+01
   8.7820850e+06   2.1240234e+01
   8.7821320e+06   2.1240234e+01
   8.7821500e+06   3.7658691e+01
   8.7824230e+06   2.2949219e+01
   8.7830810e+06   2.3498535e+01
   8.8651040e+06   2.3925781e+01
   8.8763180e+06   2.3742676e+01
   8.8918170e+06   2.1240234e+01
   8.9084510e+06   2.1545410e+01
   8.9211490e+06   2.3254395e+01
   8.9421560e+06   2.2949219e+01
   8.9421760e+06   3.8513184e+01
   8.9421960e+06   2.1362305e+01
   8.9422230e+06   2.7160645e+01
   8.9422640e+06   2.3010254e+01
   8.9422880e+06   2.6550293e+01
   8.9423270e+06   2.3193359e+01
   8.9423590e+06   3.4240723e+01
   8.9424100e+06   2.7526855e+01
   8.9424370e+06   2.1484375e+01
   8.9424550e+06   3.1005859e+01
   8.9424750e+06   2.1301270e+01
   8.9425170e+06   2.8320313e+01
   8.9426650e+06   2.5085449e+01
   8.9427240e+06   2.2216797e+01
   8.9427580e+06   2.1118164e+01
   8.9428480e+06   2.8320313e+01
   8.9428950e+06   2.8503418e+01
   8.9429540e+06   2.2155762e+01
   8.9875190e+06   2.1972656e+01
   8.9882560e+06   2.1667480e+01
   8.9956870e+06   2.4719238e+01
   9.0380870e+06   2.6550293e+01
   9.0763350e+06   2.1545410e+01
   9.0763850e+06   3.1616211e+01
   9.0764240e+06   2.8076172e+01
   9.0764480e+06   2.5939941e+01
   9.0764680e+06   3.8208008e+01
   9.0765080e+06   3.0090332e+01
   9.0765230e+06   2.4047852e+01
   9.0765470e+06   2.8198242e+01
   9.0765660e+06   2.8076172e+01
   9.0765820e+06   2.4291992e+01
   9.0766010e+06   3.1494141e+01
   9.0766170e+06   2.2705078e+01
   9.0766310e+06   3.0151367e+01
   9.0766650e+06   3.0883789e+01
   9.0766750e+06   3.0517578e+01
   9.0767170e+06   2.5817871e+01
   9.0767390e+06   2.3864746e+01
   9.0767560e+06   3.4118652e+01
   9.0768320e+06   2.2949219e+01
   9.0768430e+06   2.4658203e+01
   9.0769090e+06   2.1423340e+01
   9.0769710e+06   2.2399902e+01
   9.0770410e+06   2.7587891e+01
   9.0771690e+06   2.1545410e+01
   9.0772560e+06   2.1789551e+01
   9.0774390e+06   2.4658203e+01
   9.0777360e+06   2.1423340e+01
   9.0780570e+06   2.1789551e+01
   9.0786970e+06   2.1423340e+01
   9.0882030e+06   2.4230957e+01
   9.0979110e+06   2.1301270e+01
   9.1361980e+06   2.3254395e+01
   9.1577050e+06   2.2583008e+01
   9.1989670e+06   2.2766113e+01
   9.2105250e+06   2.1423340e+01
   9.2105820e+06   2.1484375e+01
   9.2106250e+06   3.6010742e+01
   9.2106590e+06   2.1911621e+01
   9.2106700e+06   3.7353516e+01
   9.2106950e+06   2.1545410e+01
   9.2107050e+06   2.5939941e+01
   9.2107280e+06   2.8259277e+01
   9.2107580e+06   2.6489258e+01
   9.2107910e+06   2.9052734e+01
   9.2108140e+06   2.3986816e+01
   9.2108290e+06   2.3742676e+01
   9.2108630e+06   2.5268555e+01
   9.2109090e+06   3.9489746e+01
   9.2109360e+06   2.3193359e+01
   9.2109820e+06   2.6123047e+01
   9.2111790e+06   2.4353027e+01
   9.2112190e+06   2.1179199e+01
   9.2118890e+06   2.2094727e+01
   9.2128730e+06   2.1972656e+01
   9.2679990e+06   2.2583008e+01
   9.2745280e+06   2.1423340e+01
   9.2982150e+06   2.3925781e+01
   9.3250890e+06   2.4169922e+01
   9.3286180e+06   2.3620605e+01
   9.3404180e+06   2.1545410e+01
   9.3440790e+06   2.6306152e+01
   9.3441780e+06   2.8747559e+01
   9.3442100e+06   3.8146973e+01
   9.3442220e+06   3.1188965e+01
   9.3442510e+06   2.6672363e+01
   9.3442800e+06   2.3498535e+01
   9.3442950e+06   2.5329590e+01
   9.3443240e+06   2.5512695e+01
   9.3443540e+06   2.3437500e+01
   9.3443860e+06   2.5085449e+01
   9.3444180e+06   2.3986816e+01
   9.3444410e+06   2.2155762e+01
   9.3444630e+06   2.3437500e+01
   9.3444890e+06   2.3071289e+01
   9.3445050e+06   2.3742676e+01
   9.3445280e+06   2.7404785e+01
   9.3445380e+06   2.4169922e+01
   9.3445560e+06   2.1911621e+01
   9.3446450e+06   2.5695801e+01
   9.3446630e+06   2.1179199e+01
   9.3447700e+06   2.2216797e+01
   9.3448630e+06   2.2766113e+01
   9.3451610e+06   2.1789551e+01
   9.3453430e+06   2.1972656e+01
   9.3456620e+06   2.1667480e+01
   9.3457630e+06   2.3010254e+01
   9.3864680e+06   2.1606445e+01
   9.3984870e+06   3.5034180e+01
   9.3985150e+06   2.5756836e+01
   9.3985340e+06   3.2897949e+01
   9.3985830e+06   3.1066895e+01
   9.3986060e+06   2.3620605e+01
   9.3986230e+06   3.6376953e+01
   9.3986560e+06   2.3132324e+01
   9.3986880e+06   4.1931152e+01
   9.3987020e+06   2.3010254e+01
   9.3987470e+06   3.4179688e+01
   9.3987700e+06   2.1240234e+01
   9.3988070e+06   3.7902832e+01
   9.3988170e+06   2.3254395e+01
   9.3988520e+06   2.1118164e+01
   9.3988740e+06   3.5400391e+01
   9.3989330e+06   2.3498535e+01
   9.3989690e+06   2.5512695e+01
   9.3990740e+06   2.6916504e+01
   9.3990850e+06   2.3254395e+01
   9.3991490e+06   2.1911621e+01
   9.3992580e+06   2.7282715e+01
   9.3993420e+06   2.3986816e+01
   9.4074680e+06   2.1118164e+01
   9.4389570e+06   2.1972656e+01
   9.5031890e+06   2.2033691e+01
   9.5043470e+06   2.5146484e+01
   9.5091680e+06   5.3710938e+01
   9.5091860e+06   2.4169922e+01
   9.5092200e+06   2.9724121e+01
   9.5092300e+06   4.2968750e+01
   9.5092510e+06   2.4475098e+01
   9.5092830e+06   3.3752441e+01
   9.5093040e+06   2.4047852e+01
   9.5093190e+06   2.7099609e+01
   9.5093420e+06   2.7221680e+01
   9.5093700e+06   4.2297363e+01
   9.5093960e+06   2.3986816e+01
   9.5094300e+06   2.4353027e+01
   9.5094500e+06   3.0273438e+01
   9.5094750e+06   2.9968262e+01
   9.5095050e+06   2.7648926e+01
   9.5095370e+06   2.5329590e+01
   9.5095540e+06   3.7475586e+01
   9.5095710e+06   2.2399902e+01
   9.5098550e+06   2.3193359e+01
   9.5105360e+06   2.4230957e+01
   9.5108410e+06   2.2399902e+01
   9.5310880e+06   2.1484375e+01
   9.5411000e+06   2.1118164e+01
   9.5888960e+06   2.1423340e+01
   9.6210220e+06   2.1728516e+01
   9.6470070e+06   2.2644043e+01
   9.6494250e+06   2.2583008e+01
   9.6564190e+06   2.2705078e+01
   9.6582520e+06   2.1606445e+01
   9.6625170e+06   2.2399902e+01
   9.6935370e+06   2.4047852e+01
   9.7243440e+06   2.2644043e+01
   9.7258890e+06   2.1423340e+01
   9.7260180e+06   3.4545898e+01
   9.7260660e+06   2.2460938e+01
   9.7261050e+06   4.3395996e+01
   9.7261200e+06   2.9541016e+01
   9.7261710e+06   2.1667480e+01
   9.7261860e+06   2.8076172e+01
   9.7262110e+06   2.3559570e+01
   9.7262280e+06   2.1972656e+01
   9.7262580e+06   4.9926758e+01
   9.7262920e+06   2.2827148e+01
   9.7263110e+06   2.1606445e+01
   9.7263380e+06   3.1555176e+01
   9.7263720e+06   2.6306152e+01
   9.7264520e+06   3.5888672e+01
   9.7265160e+06   2.2888184e+01
   9.7265830e+06   2.6428223e+01
   9.7267190e+06   2.2827148e+01
   9.7271200e+06   2.1789551e+01
   9.7273810e+06   2.4291992e+01
   9.7276070e+06   2.2583008e+01
   9.7278580e+06   2.3376465e+01
   9.7439810e+06   2.2888184e+01
   9.7469100e+06   2.1728516e+01
   9.7693680e+06   2.1240234e+01
   9.8087450e+06   2.5695801e+01
   9.8854300e+06   2.5878906e+01
   9.8855890e+06   3.9978027e+01
   9.8856010e+06   3.6132813e+01
   9.8856280e+06   2.2460938e+01
   9.8856520e+06   2.2888184e+01
   9.8856680e+06   3.2836914e+01
   9.8856850e+06   2.1240234e+01
   9.8857100e+06   2.5024414e+01
   9.8857210e+06   3.4301758e+01
   9.8857530e+06   2.6672363e+01
   9.8857720e+06   2.6123047e+01
   9.8858060e+06   4.7668457e+01
   9.8858640e+06   4.1137695e+01
   9.8858950e+06   2.2155762e+01
   9.8859650e+06   2.2460938e+01
   9.8870770e+06   2.3803711e+01
   9.8873280e+06   2.2766113e+01
   9.8876450e+06   2.3681641e+01
   9.9101640e+06   2.1728516e+01
   9.9636620e+06   2.1972656e+01
   9.9770030e+06   2.1179199e+01
   9.9831380e+06   2.1606445e+01
   1.0016110e+07   2.2033691e+01
   1.0027764e+07   2.1789551e+01
   1.0048385e+07   2.4719238e+01
   1.0088401e+07   2.3254395e+01
   1.0090414e+07   2.4291992e+01
   1.0102260e+07   2.1545410e+01
   1.0102280e+07   2.3193359e+01
   1.0102337e+07   3.8208008e+01
   1.0102357e+07   2.4291992e+01
   1.0102375e+07   3.6010742e+01
   1.0102398e+07   2.4475098e+01
   1.0102421e+07   2.3925781e+01
   1.0102443e+07   2.7465820e+01
   1.0102487e+07   2.1362305e+01
   1.0102524e+07   2.2827148e+01
   1.0102536e+07   2.9968262e+01
   1.0102557e+07   4.4311523e+01
   1.0102586e+07   2.5817871e+01
   1.0102605e+07   3.0578613e+01
   1.0102630e+07   2.5085449e+01
   1.0102648e+07   2.2644043e+01
   1.0102685e+07   2.9235840e+01
   1.0102729e+07   2.3742676e+01
   1.0102777e+07   2.2216797e+01
   1.0102823e+07   2.6062012e+01
   1.0102842e+07   3.2287598e+01
   1.0102899e+07   2.3620605e+01
   1.0102989e+07   2.3986816e+01
   1.0103240e+07   2.3132324e+01
   1.0103534e+07   2.1362305e+01
   1.0103867e+07   2.2338867e+01
   1.0104304e+07   2.2705078e+01
   1.0134622e+07   2.3010254e+01
   1.0244064e+07   2.3132324e+01
   1.0268913e+07   5.2490234e+01
   1.0268927e+07   2.1972656e+01
   1.0268946e+07   2.3559570e+01
   1.0268970e+07   3.7780762e+01
   1.0268987e+07   2.8991699e+01
   1.0269008e+07   3.0761719e+01
   1.0269030e+07   3.5217285e+01
   1.0269057e+07   3.5278320e+01
   1.0269086e+07   4.7729492e+01
   1.0269096e+07   2.5390625e+01
   1.0269133e+07   2.5695801e+01
   1.0269160e+07   2.5268555e+01
   1.0269181e+07   2.3986816e+01
   1.0269214e+07   3.0212402e+01
   1.0269225e+07   2.6672363e+01
   1.0269310e+07   3.7048340e+01
   1.0269568e+07   2.3193359e+01
   1.0270242e+07   2.3132324e+01
   1.0270378e+07   2.1118164e+01
   1.0270833e+07   2.1667480e+01
   1.0324250e+07   2.1484375e+01
   1.0390927e+07   3.1250000e+01
   1.0390963e+07   2.7526855e+01
   1.0390997e+07   2.8686523e+01
   1.0391028e+07   3.2775879e+01
   1.0391047e+07   2.5451660e+01
   1.0391079e+07   4.6325684e+01
   1.0391102e+07   2.8625488e+01
   1.0391148e+07   2.2644043e+01
   1.0391173e+07   2.8137207e+01
   1.0391205e+07   2.1911621e+01
   1.0391226e+07   2.5268555e+01
   1.0391241e+07   3.4851074e+01
   1.0391327e+07   2.5451660e+01
   1.0391369e+07   3.0151367e+01
   1.0391383e+07   2.1484375e+01
   1.0391415e+07   2.1423340e+01
   1.0391442e+07   2.3742676e+01
   1.0391508e+07   2.1423340e+01
   1.0392133e+07   2.2766113e+01
   1.0392247e+07   2.1606445e+01
   1.0392455e+07   2.1118164e+01
   1.0392537e+07   2.6000977e+01
   1.0392651e+07   2.1789551e+01
   1.0410437e+07   2.4658203e+01
   1.0428337e+07   2.1911621e+01
   1.0533278e+07   2.1240234e+01
   1.0533314e+07   3.9428711e+01
   1.0533335e+07   3.8391113e+01
   1.0533368e+07   2.3803711e+01
   1.0533397e+07   4.6081543e+01
   1.0533409e+07   3.0700684e+01
   1.0533428e+07   4.5837402e+01
   1.0533448e+07   3.0944824e+01
   1.0533505e+07   3.3203125e+01
   1.0533534e+07   3.0761719e+01
   1.0533559e+07   2.8381348e+01
   1.0533657e+07   2.7587891e+01
   1.0533687e+07   2.3742676e+01
   1.0533724e+07   2.1484375e+01
   1.0533803e+07   2.1423340e+01
   1.0534405e+07   2.1667480e+01
   1.0534521e+07   2.2094727e+01
   1.0535140e+07   2.1179199e+01
   1.0588688e+07   2.2277832e+01
   1.0637610e+07   2.2094727e+01
   1.0637646e+07   2.2888184e+01
   1.0637767e+07   2.3010254e+01
   1.0637817e+07   4.8767090e+01
   1.0637854e+07   2.2521973e+01
   1.0637869e+07   3.1188965e+01
   1.0637885e+07   4.4067383e+01
   1.0637908e+07   2.8564453e+01
   1.0637931e+07   2.3559570e+01
   1.0637967e+07   2.5695801e+01
   1.0637996e+07   2.1545410e+01
   1.0638007e+07   3.5095215e+01
   1.0638045e+07   2.5451660e+01
   1.0638071e+07   2.2277832e+01
   1.0638088e+07   2.1545410e+01
   1.0638111e+07   2.1179199e+01
   1.0638138e+07   2.3010254e+01
   1.0638205e+07   3.4362793e+01
   1.0638301e+07   2.7099609e+01
   1.0638311e+07   2.4658203e+01
   1.0638347e+07   2.7221680e+01
   1.0638427e+07   2.4658203e+01
   1.0638939e+07   2.1179199e+01
   1.0723981e+07   2.4414063e+01
   1.0756310e+07   2.3010254e+01
   1.0765538e+07   2.3559570e+01
   1.0766194e+07   2.1606445e+01
   1.0772309e+07   2.3132324e+01
   1.0774737e+07   2.1423340e+01
   1.0792528e+07   2.3254395e+01
   1.0792549e+07   2.2216797e+01
   1.0792574e+07   2.4719238e+01
   1.0792589e+07   2.7404785e+01
   1.0792639e+07   2.9174805e+01
   1.0792657e+07   3.1555176e+01
   1.0792692e+07   2.7099609e+01
   1.0792711e+07   2.1789551e+01
   1.0792756e+07   3.2470703e+01
   1.0792800e+07   2.3193359e+01
   1.0792835e+07   2.4902344e+01
   1.0792846e+07   2.3742676e+01
   1.0792856e+07   2.9479980e+01
   1.0792880e+07   2.1911621e+01
   1.0792922e+07   2.6855469e+01
   1.0792934e+07   2.3193359e+01
   1.0792947e+07   2.3925781e+01
   1.0793099e+07   2.3254395e+01
   1.0793134e+07   2.8198242e+01
   1.0793148e+07   4.1381836e+01
   1.0793235e+07   2.4902344e+01
   1.0793589e+07   2.5390625e+01
   1.0794631e+07   2.8442383e+01
   1.0833347e+07   2.1484375e+01
   1.0842252e+07   2.2705078e+01
   1.0872588e+07   2.6062012e+01
   1.0894364e+07   2.2033691e+01
   1.0894379e+07   2.2216797e+01
   1.0894426e+07   3.1860352e+01
   1.0894460e+07   2.7587891e+01
   1.0894470e+07   2.4719238e+01
   1.0894500e+07   2.2949219e+01
   1.0894513e+07   2.7160645e+01
   1.0894539e+07   4.5410156e+01
   1.0894574e+07   2.3193359e+01
   1.0894595e+07   2.1789551e+01
   1.0894614e+07   3.7109375e+01
   1.0894654e+07   3.2287598e+01
   1.0894667e+07   2.9785156e+01
   1.0894688e+07   4.1015625e+01
   1.0894729e+07   2.4963379e+01
   1.0894744e+07   3.7719727e+01
   1.0894787e+07   2.5573730e+01
   1.0894829e+07   3.1677246e+01
   1.0895044e+07   2.4475098e+01
   1.0895449e+07   2.8015137e+01
   1.0895824e+07   2.1972656e+01
   1.0895901e+07   2.2949219e+01
   1.0897121e+07   2.1301270e+01
   1.0954459e+07   2.4291992e+01
   1.0974472e+07   2.3925781e+01
   1.1007509e+07   2.8076172e+01
   1.1026776e+07   2.3010254e+01
   1.1034820e+07   2.3437500e+01
   1.1039277e+07   2.1545410e+01
   1.1043626e+07   2.2521973e+01
   1.1059031e+07   2.4230957e+01
   1.1095967e+07   2.2216797e+01
   1.1103398e+07   2.1118164e+01
   1.1118367e+07   2.6062012e+01
   1.1118453e+07   6.0241699e+01
   1.1118509e+07   4.4067383e+01
   1.1118524e+07   2.4780273e+01
   1.1118543e+07   2.6123047e+01
   1.1118553e+07   2.6916504e+01
   1.1118598e+07   2.3498535e+01
   1.1118618e+07   2.3803711e+01
   1.1118639e+07   2.2521973e+01
   1.1118659e+07   3.2287598e+01
   1.1118685e+07   2.5756836e+01
   1.1118714e+07   5.9936523e+01
   1.1118758e+07   2.2705078e+01
   1.1118769e+07   2.4841309e+01
   1.1118814e+07   3.9062500e+01
   1.1118911e+07   2.3925781e+01
   1.1118997e+07   2.3010254e+01
   1.1119116e+07   2.3010254e+01
   1.1119437e+07   2.4047852e+01
   1.1120069e+07   2.3071289e+01
   1.1188318e+07   2.3010254e+01
   1.1200900e+07   2.2155762e+01
   1.1222006e+07   2.1301270e+01
   1.1260072e+07   2.3681641e+01
   1.1260113e+07   2.1667480e+01
   1.1260172e+07   4.6203613e+01
   1.1260194e+07   2.2888184e+01
   1.1260219e+07   2.8259277e+01
   1.1260240e+07   2.1484375e+01
   1.1260276e+07   3.2958984e+01
   1.1260317e+07   2.3864746e+01
   1.1260328e+07   4.6630859e+01
   1.1260353e+07   2.7282715e+01
   1.1260370e+07   4.3884277e+01
   1.1260387e+07   2.2033691e+01
   1.1260410e+07   2.2033691e+01
   1.1260423e+07   2.5573730e+01
   1.1260445e+07   4.1870117e+01
   1.1260468e+07   2.2277832e+01
   1.1260563e+07   3.5400391e+01
   1.1260644e+07   2.2705078e+01
   1.1260874e+07   2.3315430e+01
   1.1260908e+07   2.1118164e+01
   1.1262047e+07   2.1667480e+01
   1.1316606e+07   2.1240234e+01
   1.1330359e+07   2.1606445e+01
   1.1378919e+07   2.4047852e+01
   1.1378962e+07   2.3681641e+01
   1.1378990e+07   4.1198730e+01
   1.1379012e+07   2.2705078e+01
   1.1379035e+07   2.9357910e+01
   1.1379068e+07   2.3986816e+01
   1.1379094e+07   2.6611328e+01
   1.1379129e+07   2.1362305e+01
   1.1379158e+07   4.7363281e+01
   1.1379170e+07   2.4902344e+01
   1.1379202e+07   2.5695801e+01
   1.1379224e+07   3.4790039e+01
   1.1379244e+07   2.7343750e+01
   1.1379261e+07   2.1972656e+01
   1.1379272e+07   2.8747559e+01
   1.1379298e+07   2.9541016e+01
   1.1379340e+07   2.8869629e+01
   1.1379364e+07   2.4536133e+01
   1.1379408e+07   2.5207520e+01
   1.1379432e+07   3.3325195e+01
   1.1379568e+07   2.3925781e+01
   1.1417112e+07   2.2155762e+01
   1.1438584e+07   2.2460938e+01
   1.1483968e+07   2.2521973e+01
   1.1484222e+07   2.3315430e+01
   1.1484240e+07   3.8513184e+01
   1.1484303e+07   4.5288086e+01
   1.1484321e+07   2.2155762e+01
   1.1484341e+07   2.1362305e+01
   1.1484363e+07   3.1250000e+01
   1.1484390e+07   2.4597168e+01
   1.1484419e+07   2.6977539e+01
   1.1484446e+07   2.4475098e+01
   1.1484471e+07   3.4790039e+01
   1.1484515e+07   3.2714844e+01
   1.1484533e+07   3.4057617e+01
   1.1484564e+07   2.6428223e+01
   1.1484605e+07   2.8625488e+01
   1.1484628e+07   2.7709961e+01
   1.1484645e+07   2.2033691e+01
   1.1484740e+07   2.1179199e+01
   1.1484853e+07   4.0588379e+01
   1.1485314e+07   2.6367188e+01
   1.1485406e+07   2.1240234e+01
   1.1485495e+07   2.1545410e+01
   1.1500607e+07   2.2521973e+01
   1.1539184e+07   2.1667480e+01
   1.1560678e+07   2.3620605e+01
   1.1599979e+07   2.7343750e+01
   1.1599996e+07   2.2583008e+01
   1.1600025e+07   2.2033691e+01
   1.1600039e+07   3.0517578e+01
   1.1600067e+07   2.9479980e+01
   1.1600088e+07   2.4963379e+01
   1.1600108e+07   2.4536133e+01
   1.1600140e+07   3.0090332e+01
   1.1600151e+07   2.8564453e+01
   1.1600166e+07   5.2124023e+01
   1.1600214e+07   2.2521973e+01
   1.1600227e+07   3.5217285e+01
   1.1600247e+07   2.8137207e+01
   1.1600267e+07   2.3620605e+01
   1.1600311e+07   3.8146973e+01
   1.1600366e+07   2.3315430e+01
   1.1600395e+07   2.6794434e+01
   1.1600465e+07   2.9296875e+01
   1.1600485e+07   2.2155762e+01
   1.1600549e+07   2.3498535e+01
   1.1600560e+07   2.4902344e+01
   1.1600679e+07   2.3437500e+01
   1.1600763e+07   3.0456543e+01
   1.1600844e+07   2.2094727e+01
   1.1600903e+07   2.4108887e+01
   1.1689069e+07   2.2338867e+01
   1.1703156e+07   2.1484375e+01
   1.1749589e+07   2.1362305e+01
   1.1768993e+07   2.3864746e+01
   1.1769008e+07   4.3151855e+01
   1.1769027e+07   2.1850586e+01
   1.1769062e+07   4.8828125e+01
   1.1769073e+07   2.4353027e+01
   1.1769096e+07   2.2583008e+01
   1.1769127e+07   3.8574219e+01
   1.1769150e+07   3.4484863e+01
   1.1769179e+07   3.9611816e+01
   1.1769196e+07   2.6306152e+01
   1.1769213e+07   4.6081543e+01
   1.1769237e+07   3.0822754e+01
   1.1769284e+07   2.2216797e+01
   1.1769302e+07   3.0334473e+01
   1.1769330e+07   2.2033691e+01
   1.1769373e+07   4.4067383e+01
   1.1769486e+07   2.1667480e+01
   1.1769532e+07   2.3193359e+01
   1.1770067e+07   2.3681641e+01
   1.1770204e+07   2.2766113e+01
   1.1770230e+07   2.2033691e+01
   1.1817101e+07   2.1118164e+01
   1.1858531e+07   2.1728516e+01
   1.1884746e+07   2.1118164e+01
   1.1902655e+07   2.2521973e+01
   1.1908287e+07   2.1850586e+01
   1.1964313e+07   2.1240234e+01
   1.1964392e+07   2.1423340e+01
   1.1964421e+07   2.5939941e+01
   1.1964433e+07   3.3630371e+01
   1.1964475e+07   3.0273438e+01
   1.1964499e+07   2.5695801e+01
   1.1964532e+07   2.4047852e+01
   1.1964555e+07   2.8625488e+01
   1.1964573e+07   2.2094727e+01
   1.1964597e+07   5.7006836e+01
   1.1964607e+07   2.2094727e+01
   1.1964638e+07   3.2043457e+01
   1.1964661e+07   2.9541016e+01
   1.1964694e+07   5.4260254e+01
   1.1964763e+07   2.1911621e+01
   1.1964819e+07   3.4606934e+01
   1.1964898e+07   2.4047852e+01
   1.1964931e+07   3.5583496e+01
   1.1965083e+07   2.1484375e+01
   1.1965213e+07   2.4597168e+01
   1.1965649e+07   2.4108887e+01
   1.1966445e+07   2.2399902e+01
   1.1982771e+07   2.1667480e+01
