   1.1996000e+07   0.0000000e+00
   6.0320000e+03   2.4780273e+01
   6.1310000e+03   2.4108887e+01
   6.9080000e+03   2.7954102e+01
   6.1233000e+04   2.4414063e+01
   6.1267000e+04   4.2907715e+01
   6.1300000e+04   2.6794434e+01
   6.1315000e+04   3.4057617e+01
   6.1344000e+04   3.3569336e+01
   6.2857000e+04   3.0151367e+01
   6.3015000e+04   2.8076172e+01
   1.5204300e+05   2.4108887e+01
   1.5315900e+05   2.5939941e+01
   1.5346700e+05   3.3630371e+01
   2.6073200e+05   2.4291992e+01
   2.7158900e+05   2.4963379e+01
   2.7269500e+05   3.1860352e+01
   2.7310100e+05   2.5634766e+01
   3.5722700e+05   2.6428223e+01
   3.5768300e+05   2.4353027e+01
   4.4823400e+05   2.5878906e+01
   4.4832400e+05   2.6611328e+01
   4.4834200e+05   3.0334473e+01
   4.4838800e+05   2.5268555e+01
   4.4841700e+05   2.9479980e+01
   4.4844100e+05   2.7526855e+01
   4.4845600e+05   2.6062012e+01
   4.4849200e+05   2.6733398e+01
   4.4851900e+05   2.4719238e+01
   4.4858200e+05   2.5512695e+01
   4.4860900e+05   2.5573730e+01
   4.4867400e+05   2.4108887e+01
   4.4925600e+05   2.4658203e+01
   4.6580600e+05   2.8991699e+01
   5.7878200e+05   2.6123047e+01
   5.7936100e+05   2.7099609e+01
   5.8055500e+05   2.5512695e+01
   5.8068100e+05   2.8747559e+01
   5.8072400e+05   2.3803711e+01
   5.8079800e+05   2.9357910e+01
   5.8081100e+05   2.4414063e+01
   5.8086300e+05   2.9602051e+01
   5.8090100e+05   2.6733398e+01
   5.8093600e+05   2.4780273e+01
   5.8102400e+05   2.5207520e+01
   6.9603200e+05   2.4536133e+01
   6.9607500e+05   2.5329590e+01
   6.9615500e+05   2.5878906e+01
   6.9620800e+05   2.4353027e+01
   6.9623700e+05   4.7851563e+01
   6.9631900e+05   3.6071777e+01
   6.9639100e+05   2.5634766e+01
   7.8076400e+05   2.8808594e+01
   7.8162500e+05   2.6306152e+01
   8.0119900e+05   2.6794434e+01
   8.0123500e+05   2.7709961e+01
   8.0133000e+05   3.7292480e+01
   8.0135600e+05   2.5085449e+01
   8.0138500e+05   3.2226563e+01
   8.0140600e+05   3.1494141e+01
   8.0144000e+05   2.4902344e+01
   8.0146900e+05   2.6428223e+01
   8.0150900e+05   2.5085449e+01
   9.1154000e+05   2.5695801e+01
   9.1270800e+05   2.7648926e+01
   9.7031400e+05   2.5268555e+01
   9.7079300e+05   2.4475098e+01
   9.7128600e+05   2.4353027e+01
   9.7164700e+05   2.4108887e+01
   9.7407800e+05   2.5207520e+01
   9.7434100e+05   2.6123047e+01
   1.0348730e+06   2.6184082e+01
   1.0351540e+06   2.7038574e+01
   1.0352570e+06   2.4902344e+01
   1.0932440e+06   2.4230957e+01
   1.0932700e+06   3.3813477e+01
   1.0933150e+06   3.6132813e+01
   1.0933360e+06   3.5095215e+01
   1.0933490e+06   3.3264160e+01
   1.0933600e+06   2.5756836e+01
   1.0933880e+06   2.6489258e+01
   1.0934170e+06   3.1494141e+01
   1.0934330e+06   2.6367188e+01
   1.0934560e+06   2.5512695e+01
   1.0944830e+06   2.5451660e+01
   1.2024390e+06   2.4780273e+01
   1.2026250e+06   2.3803711e+01
   1.2026540e+06   3.2348633e+01
   1.2026720e+06   2.3742676e+01
   1.2027240e+06   2.4353027e+01
   1.2028050e+06   2.5573730e+01
   1.2037120e+06   2.4108887e+01
   1.2037240e+06   3.3813477e+01
   1.2958600e+06   2.5817871e+01
   1.2960510e+06   2.8625488e+01
   1.2961520e+06   2.3986816e+01
   1.2966720e+06   2.4658203e+01
   1.2979700e+06   2.5512695e+01
   1.3991920e+06   3.9001465e+01
   1.3992280e+06   2.5817871e+01
   1.3992430e+06   2.6428223e+01
   1.3992720e+06   2.4047852e+01
   1.3993280e+06   2.9113770e+01
   1.3993400e+06   3.2531738e+01
   1.3993580e+06   2.4475098e+01
   1.3993910e+06   2.4597168e+01
   1.3994290e+06   2.6000977e+01
   1.5282910e+06   2.8503418e+01
   1.5286280e+06   2.6000977e+01
   1.5291950e+06   2.4475098e+01
   1.5306420e+06   2.4597168e+01
   1.6332730e+06   2.7160645e+01
   1.6333370e+06   2.3986816e+01
   1.6334540e+06   2.6550293e+01
   1.6334910e+06   2.7709961e+01
   1.6335030e+06   3.5766602e+01
   1.6335420e+06   2.5024414e+01
   1.6335710e+06   2.5207520e+01
   1.6336110e+06   2.6123047e+01
   1.7533830e+06   2.6672363e+01
   1.7535280e+06   2.9479980e+01
   1.7535450e+06   2.4475098e+01
   1.7535610e+06   2.5329590e+01
   1.7535890e+06   3.6499023e+01
   1.7536630e+06   2.6550293e+01
   1.7536780e+06   2.6977539e+01
   1.7537150e+06   2.4169922e+01
   1.8994270e+06   3.0639648e+01
   1.8994530e+06   2.7282715e+01
   1.8994730e+06   4.0588379e+01
   1.8994830e+06   2.4658203e+01
   1.8995150e+06   2.7099609e+01
   1.8995370e+06   2.7038574e+01
   1.8995570e+06   3.1127930e+01
   1.8995820e+06   2.4963379e+01
   1.9005650e+06   2.5390625e+01
   1.9129400e+06   2.9724121e+01
   2.0639040e+06   2.3986816e+01
   2.0639190e+06   3.2226563e+01
   2.0639690e+06   2.5939941e+01
   2.0639930e+06   2.7038574e+01
   2.0640160e+06   2.7343750e+01
   2.0640500e+06   2.7404785e+01
   2.0640600e+06   2.5024414e+01
   2.0640710e+06   2.5390625e+01
   2.0641110e+06   2.4108887e+01
   2.0641340e+06   2.4353027e+01
   2.0645370e+06   2.3925781e+01
   2.1604330e+06   2.6733398e+01
   2.1604610e+06   2.7038574e+01
   2.1605430e+06   2.8137207e+01
   2.1605610e+06   2.9968262e+01
   2.1605900e+06   3.3935547e+01
   2.1606290e+06   3.6437988e+01
   2.1606810e+06   3.0212402e+01
   2.1607000e+06   3.1433105e+01
   2.1607680e+06   2.4230957e+01
   2.1607790e+06   2.5512695e+01
   2.1611870e+06   2.5634766e+01
   2.1618480e+06   2.4841309e+01
   2.2732740e+06   2.9418945e+01
   2.2733760e+06   2.7709961e+01
   2.2742270e+06   2.5085449e+01
   2.2746010e+06   2.8625488e+01
   2.2747100e+06   2.5085449e+01
   2.3428120e+06   2.7526855e+01
   2.3428390e+06   3.1311035e+01
   2.3429050e+06   2.6855469e+01
   2.3429430e+06   2.3925781e+01
   2.3429560e+06   2.9296875e+01
   2.3429790e+06   2.5024414e+01
   2.3430070e+06   2.7282715e+01
   2.3430260e+06   2.5634766e+01
   2.3430710e+06   3.7536621e+01
   2.3430960e+06   2.9174805e+01
   2.3431640e+06   2.8991699e+01
   2.4559920e+06   2.3803711e+01
   2.4689730e+06   2.5329590e+01
   2.5730660e+06   2.5085449e+01
   2.5731440e+06   2.9663086e+01
   2.5731580e+06   2.9602051e+01
   2.5732060e+06   2.5512695e+01
   2.5732270e+06   3.1250000e+01
   2.5732490e+06   3.2470703e+01
   2.5732820e+06   2.5146484e+01
   2.5733190e+06   2.6611328e+01
   2.5733320e+06   2.5268555e+01
   2.6439270e+06   3.2226563e+01
   2.6439990e+06   2.7526855e+01
   2.6440440e+06   2.3803711e+01
   2.6440670e+06   3.0395508e+01
   2.6441040e+06   4.2114258e+01
   2.6441690e+06   3.0883789e+01
   2.6441830e+06   2.5756836e+01
   2.6442180e+06   2.4780273e+01
   2.6442330e+06   2.3742676e+01
   2.6442960e+06   2.8137207e+01
   2.7078840e+06   3.5278320e+01
   2.7079990e+06   2.7709961e+01
   2.7080370e+06   2.4414063e+01
   2.7080620e+06   3.3264160e+01
   2.7080930e+06   3.0517578e+01
   2.7081270e+06   2.6733398e+01
   2.7081570e+06   2.9907227e+01
   2.8976860e+06   2.5146484e+01
   2.8977510e+06   3.1982422e+01
   2.8978200e+06   3.2043457e+01
   2.8978790e+06   3.1433105e+01
   2.8979060e+06   3.4545898e+01
   2.8979470e+06   3.1860352e+01
   2.9605160e+06   2.4353027e+01
   2.9605930e+06   2.4475098e+01
   2.9606310e+06   2.4841309e+01
   2.9606560e+06   2.7526855e+01
   2.9606780e+06   2.9846191e+01
   2.9607280e+06   2.5268555e+01
   2.9607560e+06   3.3935547e+01
   2.9613210e+06   2.3742676e+01
   2.9618390e+06   2.5878906e+01
   3.0022160e+06   2.5634766e+01
   3.0027500e+06   2.6672363e+01
   3.0028660e+06   2.6306152e+01
   3.0032030e+06   2.5817871e+01
   3.0034010e+06   2.5573730e+01
   3.0034220e+06   2.6245117e+01
   3.0034750e+06   2.4353027e+01
   3.0034990e+06   2.7038574e+01
   3.0035700e+06   2.4230957e+01
   3.0036050e+06   3.1799316e+01
   3.1169120e+06   2.4963379e+01
   3.1170190e+06   3.5766602e+01
   3.1170700e+06   3.1311035e+01
   3.1171140e+06   2.5512695e+01
   3.1172010e+06   2.4047852e+01
   3.1181850e+06   2.5878906e+01
   3.1730780e+06   2.3803711e+01
   3.1731470e+06   3.0456543e+01
   3.1731880e+06   4.1076660e+01
   3.1732060e+06   2.7526855e+01
   3.1732600e+06   2.9235840e+01
   3.1733290e+06   2.5695801e+01
   3.1733780e+06   2.4719238e+01
   3.3819510e+06   3.0578613e+01
   3.3820580e+06   2.9541016e+01
   3.3820900e+06   2.4475098e+01
   3.3822070e+06   3.0944824e+01
   3.3822570e+06   3.0212402e+01
   3.3822690e+06   2.6550293e+01
   3.3823130e+06   2.4719238e+01
   3.3823790e+06   2.5390625e+01
   3.3823920e+06   2.4047852e+01
   3.3826090e+06   2.4658203e+01
   3.3835930e+06   2.9541016e+01
   3.4940430e+06   2.6000977e+01
   3.4941430e+06   2.5451660e+01
   3.4942770e+06   2.4108887e+01
   3.4944000e+06   2.8076172e+01
   3.4945020e+06   2.9052734e+01
   3.4945210e+06   3.2775879e+01
   3.4945490e+06   2.3803711e+01
   3.4947330e+06   2.6550293e+01
   3.6547370e+06   2.7343750e+01
   3.6548100e+06   2.3925781e+01
   3.6548680e+06   2.9174805e+01
   3.6549060e+06   2.5756836e+01
   3.6549690e+06   2.7526855e+01
   3.6549990e+06   2.9296875e+01
   3.6550210e+06   3.0944824e+01
   3.6550540e+06   3.2714844e+01
   3.6550850e+06   2.4780273e+01
   3.6551200e+06   2.7099609e+01
   3.6553380e+06   2.4841309e+01
   3.7168690e+06   2.6184082e+01
   3.7169120e+06   2.6916504e+01
   3.7169250e+06   2.9479980e+01
   3.7169560e+06   2.4719238e+01
   3.7169760e+06   3.8024902e+01
   3.7170340e+06   2.5573730e+01
   3.7170820e+06   2.6245117e+01
   3.7171330e+06   2.6000977e+01
   3.7182110e+06   2.9479980e+01
   3.7190240e+06   2.4536133e+01
   3.8380380e+06   2.5817871e+01
   3.8381380e+06   2.4536133e+01
   3.8382230e+06   2.4536133e+01
   3.8382680e+06   3.3081055e+01
   3.8383270e+06   2.4353027e+01
   3.8384080e+06   2.8747559e+01
   3.8384610e+06   3.0517578e+01
   3.8384900e+06   3.1127930e+01
   3.8385010e+06   2.5146484e+01
   3.8385450e+06   2.5756836e+01
   3.8396470e+06   2.8076172e+01
   4.0280610e+06   3.1250000e+01
   4.0281780e+06   2.6000977e+01
   4.0282260e+06   2.4169922e+01
   4.0282670e+06   2.8076172e+01
   4.0282810e+06   2.6123047e+01
   4.0282970e+06   2.4047852e+01
   4.0283300e+06   3.5339355e+01
   4.0283550e+06   2.9235840e+01
   4.0283970e+06   2.8625488e+01
   4.0284360e+06   3.8757324e+01
   4.0294070e+06   2.4169922e+01
   4.2055490e+06   2.7587891e+01
   4.2056270e+06   2.3803711e+01
   4.2056520e+06   2.6000977e+01
   4.2056940e+06   2.8503418e+01
   4.2057180e+06   3.6804199e+01
   4.2057380e+06   2.9602051e+01
   4.2057570e+06   2.4230957e+01
   4.2057930e+06   2.4230957e+01
   4.2058100e+06   2.9418945e+01
   4.2058770e+06   3.6315918e+01
   4.2067560e+06   2.3864746e+01
   4.3267170e+06   2.4414063e+01
   4.3268140e+06   2.5451660e+01
   4.3269870e+06   2.7221680e+01
   4.3270750e+06   3.2714844e+01
   4.3271050e+06   2.9785156e+01
   4.3271280e+06   3.0334473e+01
   4.3271610e+06   2.6733398e+01
   4.3272210e+06   3.1005859e+01
   4.3272530e+06   2.4230957e+01
   4.3272980e+06   2.6306152e+01
   4.4537870e+06   2.8076172e+01
   4.4539040e+06   2.3864746e+01
   4.4539970e+06   2.8259277e+01
   4.4540270e+06   2.5634766e+01
   4.4540400e+06   3.4301758e+01
   4.4541240e+06   2.4169922e+01
   4.4541470e+06   2.8503418e+01
   4.4541650e+06   2.5329590e+01
   4.4542010e+06   2.4719238e+01
   4.4542400e+06   2.9174805e+01
   4.4542650e+06   2.7587891e+01
   4.4543390e+06   2.5268555e+01
   4.5731340e+06   2.3742676e+01
   4.6494350e+06   2.5634766e+01
   4.6495880e+06   3.1555176e+01
   4.6496220e+06   2.5451660e+01
   4.6496780e+06   4.2968750e+01
   4.6497110e+06   2.9174805e+01
   4.6497960e+06   2.5878906e+01
   4.6499290e+06   2.4353027e+01
   4.6504630e+06   2.6428223e+01
   4.7591690e+06   2.3803711e+01
   4.7593080e+06   2.6733398e+01
   4.7600900e+06   2.7404785e+01
   4.7601170e+06   2.7893066e+01
   4.7602080e+06   2.7099609e+01
   4.7602220e+06   2.7954102e+01
   4.7602340e+06   2.5329590e+01
   4.7602690e+06   2.5634766e+01
   4.7602900e+06   2.3925781e+01
   4.7603450e+06   2.3864746e+01
   4.8900660e+06   2.8869629e+01
   4.8900960e+06   2.8747559e+01
   4.8901890e+06   3.6376953e+01
   4.8902020e+06   2.7038574e+01
   4.8902580e+06   2.7221680e+01
   4.8902930e+06   2.8686523e+01
   4.8903490e+06   2.4353027e+01
   4.8904440e+06   2.4047852e+01
   5.0613890e+06   3.0639648e+01
   5.0615480e+06   2.6123047e+01
   5.0616120e+06   3.5888672e+01
   5.0616270e+06   2.8503418e+01
   5.0617530e+06   3.2775879e+01
   5.0617690e+06   2.8564453e+01
   5.0617930e+06   2.6367188e+01
   5.0618220e+06   2.4414063e+01
   5.0618460e+06   2.5878906e+01
   5.1759710e+06   2.8076172e+01
   5.1760800e+06   2.5573730e+01
   5.1761740e+06   2.4902344e+01
   5.1762040e+06   2.7526855e+01
   5.1762630e+06   2.3925781e+01
   5.1762900e+06   2.7221680e+01
   5.1763210e+06   2.6245117e+01
   5.1763880e+06   2.9724121e+01
   5.1764230e+06   2.6672363e+01
   5.1764720e+06   2.4841309e+01
   5.1765170e+06   2.5146484e+01
   5.1765520e+06   2.6977539e+01
   5.1765650e+06   3.1066895e+01
   5.3500410e+06   3.1188965e+01
   5.3500960e+06   3.5522461e+01
   5.3501530e+06   2.7099609e+01
   5.3501650e+06   3.1982422e+01
   5.3502240e+06   2.8930664e+01
   5.3502710e+06   3.8391113e+01
   5.3502840e+06   2.5695801e+01
   5.3503090e+06   2.6245117e+01
   5.3503510e+06   2.3925781e+01
   5.3503670e+06   2.3925781e+01
   5.3518630e+06   2.4475098e+01
   5.4919370e+06   3.5400391e+01
   5.4919840e+06   2.6550293e+01
   5.4920610e+06   2.3864746e+01
   5.4921500e+06   2.6977539e+01
   5.4921830e+06   3.3264160e+01
   5.4922110e+06   2.5451660e+01
   5.4922210e+06   2.6977539e+01
   5.4922800e+06   2.8747559e+01
   5.4923400e+06   3.4362793e+01
   5.6464190e+06   2.6306152e+01
   5.6467890e+06   2.4658203e+01
   5.6469080e+06   2.4169922e+01
   5.6469910e+06   2.5756836e+01
   5.6470100e+06   3.3020020e+01
   5.6470290e+06   2.6184082e+01
   5.6470540e+06   2.5939941e+01
   5.6470990e+06   2.7832031e+01
   5.6471960e+06   2.6123047e+01
   5.6472520e+06   2.9296875e+01
   5.8461140e+06   2.4291992e+01
   5.8712190e+06   2.5451660e+01
   5.8712620e+06   2.4414063e+01
   5.8712820e+06   2.8259277e+01
   5.8713070e+06   2.7404785e+01
   5.8713680e+06   2.6000977e+01
   5.8713980e+06   3.0883789e+01
   5.8714330e+06   2.5573730e+01
   5.8715340e+06   2.4291992e+01
   6.0607960e+06   2.4658203e+01
   6.0608880e+06   2.3803711e+01
   6.0609400e+06   2.7343750e+01
   6.0609940e+06   2.9174805e+01
   6.0610170e+06   3.6010742e+01
   6.0610470e+06   3.1555176e+01
   6.0610850e+06   2.5390625e+01
   6.0611180e+06   3.6010742e+01
   6.0611540e+06   3.1433105e+01
   6.0611710e+06   2.4291992e+01
   6.0622900e+06   2.3742676e+01
   6.0624940e+06   2.7893066e+01
   6.2011520e+06   3.1372070e+01
   6.2012260e+06   2.4414063e+01
   6.2012520e+06   2.7709961e+01
   6.2013270e+06   2.3925781e+01
   6.2013530e+06   2.4230957e+01
   6.2013730e+06   3.3203125e+01
   6.2014530e+06   2.6550293e+01
   6.2014660e+06   2.4841309e+01
   6.2015120e+06   2.5390625e+01
   6.2016040e+06   2.6794434e+01
   6.3465050e+06   2.8076172e+01
   6.3465810e+06   2.9113770e+01
   6.3466300e+06   2.6184082e+01
   6.3466500e+06   2.9174805e+01
   6.3467280e+06   3.2653809e+01
   6.3467660e+06   2.9174805e+01
   6.3468080e+06   2.6794434e+01
   6.3468740e+06   2.8137207e+01
   6.3469490e+06   2.5634766e+01
   6.3479740e+06   2.6062012e+01
   6.4909360e+06   2.4719238e+01
   6.4910080e+06   2.4169922e+01
   6.4910760e+06   3.0578613e+01
   6.4911720e+06   3.0273438e+01
   6.4912030e+06   2.4291992e+01
   6.4912350e+06   2.4291992e+01
   6.4912620e+06   3.3020020e+01
   6.5975620e+06   2.7282715e+01
   6.5979360e+06   4.7790527e+01
   6.5979870e+06   2.4353027e+01
   6.5980190e+06   2.8015137e+01
   6.5980490e+06   3.0029297e+01
   6.5981210e+06   4.0405273e+01
   6.5981690e+06   2.7465820e+01
   6.5982080e+06   2.8076172e+01
   6.5982450e+06   2.8564453e+01
   6.6811650e+06   3.1799316e+01
   6.8239390e+06   2.3864746e+01
   6.8240020e+06   2.6367188e+01
   6.8240320e+06   2.6062012e+01
   6.8240730e+06   3.1433105e+01
   6.8240870e+06   2.4597168e+01
   6.8241160e+06   2.6245117e+01
   6.8241400e+06   4.4860840e+01
   6.8242290e+06   2.6916504e+01
   6.8243480e+06   2.4291992e+01
   6.8251150e+06   2.3925781e+01
   6.9259820e+06   2.5207520e+01
   6.9260040e+06   2.4963379e+01
   6.9260590e+06   3.5522461e+01
   6.9260720e+06   3.6437988e+01
   6.9260990e+06   2.4780273e+01
   6.9261250e+06   3.0334473e+01
   6.9261450e+06   2.4475098e+01
   6.9262270e+06   3.0334473e+01
   7.0937710e+06   3.2958984e+01
   7.0938360e+06   2.6489258e+01
   7.0939130e+06   3.0639648e+01
   7.0939860e+06   3.7902832e+01
   7.0939990e+06   3.1433105e+01
   7.0940720e+06   2.6367188e+01
   7.0940980e+06   2.9479980e+01
   7.3265520e+06   2.3742676e+01
   7.3266180e+06   2.7709961e+01
   7.3266630e+06   2.4353027e+01
   7.3267510e+06   3.7780762e+01
   7.3267800e+06   3.6437988e+01
   7.3268310e+06   3.3081055e+01
   7.3268540e+06   2.6489258e+01
   7.3269000e+06   2.5878906e+01
   7.4548510e+06   2.5756836e+01
   7.4549710e+06   2.7282715e+01
   7.4550130e+06   2.9968262e+01
   7.4550820e+06   4.1320801e+01
   7.4551100e+06   2.6245117e+01
   7.4551530e+06   3.3081055e+01
   7.4552060e+06   2.8930664e+01
   7.4552690e+06   2.8564453e+01
   7.4553570e+06   2.7587891e+01
   7.6100820e+06   2.5390625e+01
   7.6101700e+06   3.3569336e+01
   7.6102560e+06   3.2165527e+01
   7.6102820e+06   2.9052734e+01
   7.6102940e+06   4.0771484e+01
   7.6103610e+06   3.0334473e+01
   7.6103810e+06   2.8076172e+01
   7.6104160e+06   2.8930664e+01
   7.6104350e+06   2.7221680e+01
   7.6105190e+06   2.6611328e+01
   7.7605620e+06   2.6794434e+01
   7.7606200e+06   3.1005859e+01
   7.7606730e+06   2.5268555e+01
   7.7607080e+06   4.0222168e+01
   7.7607740e+06   2.6000977e+01
   7.7608140e+06   4.0283203e+01
   7.7608340e+06   2.7587891e+01
   7.7608870e+06   2.8808594e+01
   7.7609170e+06   2.5878906e+01
   7.8627540e+06   2.5634766e+01
   7.8628870e+06   2.4841309e+01
   7.8630260e+06   2.7221680e+01
   7.8630820e+06   2.9846191e+01
   7.8631430e+06   2.8198242e+01
   7.8631640e+06   3.2226563e+01
   7.8631830e+06   2.8442383e+01
   7.8632090e+06   2.5329590e+01
   7.8632600e+06   2.5878906e+01
   7.8633090e+06   2.4963379e+01
   7.8633390e+06   2.6000977e+01
   8.0262250e+06   2.4108887e+01
   8.0262590e+06   2.6733398e+01
   8.0263570e+06   2.7954102e+01
   8.0263820e+06   2.4414063e+01
   8.0264450e+06   3.0273438e+01
   8.0264680e+06   2.4963379e+01
   8.0264890e+06   2.7038574e+01
   8.0265190e+06   2.8747559e+01
   8.0265610e+06   2.9846191e+01
   8.0266130e+06   2.6062012e+01
   8.1839420e+06   2.5146484e+01
   8.1840240e+06   3.5522461e+01
   8.1840760e+06   3.0761719e+01
   8.1841040e+06   2.4108887e+01
   8.1841180e+06   2.6306152e+01
   8.1841590e+06   3.0761719e+01
   8.1841770e+06   3.0944824e+01
   8.1841890e+06   2.4841309e+01
   8.1842420e+06   4.1015625e+01
   8.1842950e+06   2.7893066e+01
   8.1843220e+06   2.5695801e+01
   8.3124780e+06   2.5024414e+01
   8.3125630e+06   2.4536133e+01
   8.3126240e+06   2.5878906e+01
   8.3126800e+06   2.9296875e+01
   8.3127840e+06   2.6733398e+01
   8.3128200e+06   2.4475098e+01
   8.3128930e+06   3.0395508e+01
   8.4218530e+06   2.8259277e+01
   8.4219030e+06   2.3742676e+01
   8.4219210e+06   2.5390625e+01
   8.4219460e+06   2.6062012e+01
   8.4219580e+06   3.0029297e+01
   8.4219870e+06   2.7099609e+01
   8.4220000e+06   3.2409668e+01
   8.4221880e+06   2.6489258e+01
   8.4223830e+06   2.3742676e+01
   8.6305200e+06   3.0151367e+01
   8.6305390e+06   2.6550293e+01
   8.6305730e+06   2.4353027e+01
   8.6306280e+06   3.0151367e+01
   8.6306410e+06   2.4108887e+01
   8.6306830e+06   2.4291992e+01
   8.6308270e+06   2.6306152e+01
   8.7816180e+06   2.5512695e+01
   8.7816770e+06   2.5268555e+01
   8.7817210e+06   2.4291992e+01
   8.7817770e+06   2.7343750e+01
   8.7818210e+06   2.7465820e+01
   8.7818450e+06   3.1494141e+01
   8.7819120e+06   2.4841309e+01
   8.7819340e+06   2.7221680e+01
   8.9420660e+06   2.6184082e+01
   8.9421720e+06   3.9672852e+01
   8.9422610e+06   3.0883789e+01
   8.9423170e+06   2.8625488e+01
   8.9423470e+06   3.4301758e+01
   8.9423800e+06   2.7038574e+01
   8.9424010e+06   3.5339355e+01
   8.9434150e+06   2.4230957e+01
   9.0763810e+06   3.0944824e+01
   9.0764160e+06   2.4414063e+01
   9.0764840e+06   3.1616211e+01
   9.0765270e+06   3.0334473e+01
   9.0766020e+06   2.4169922e+01
   9.0766520e+06   2.6428223e+01
   9.0767350e+06   2.3864746e+01
   9.0776140e+06   2.4597168e+01
   9.1500070e+06   2.5207520e+01
   9.2105430e+06   3.0456543e+01
   9.2106200e+06   2.9174805e+01
   9.2106340e+06   3.1677246e+01
   9.2107080e+06   2.8686523e+01
   9.2107450e+06   2.9235840e+01
   9.2107640e+06   2.9785156e+01
   9.2107760e+06   2.5695801e+01
   9.2108560e+06   3.0761719e+01
   9.3441160e+06   2.4902344e+01
   9.3442150e+06   2.3742676e+01
   9.3442900e+06   2.6000977e+01
   9.3443290e+06   2.5634766e+01
   9.3443440e+06   2.3864746e+01
   9.3445070e+06   2.5695801e+01
   9.3446320e+06   2.8381348e+01
   9.3984990e+06   2.9785156e+01
   9.3985700e+06   2.9418945e+01
   9.3986080e+06   2.4353027e+01
   9.3987310e+06   2.8625488e+01
   9.3987580e+06   2.7526855e+01
   9.5090720e+06   2.6123047e+01
   9.5091670e+06   2.3864746e+01
   9.5091790e+06   3.6804199e+01
   9.5092640e+06   2.6916504e+01
   9.5092750e+06   2.9174805e+01
   9.5093050e+06   3.0639648e+01
   9.5093150e+06   2.8625488e+01
   9.5093330e+06   2.5451660e+01
   9.5093570e+06   2.5512695e+01
   9.5093710e+06   3.2470703e+01
   9.5094080e+06   2.5573730e+01
   9.5094370e+06   2.8625488e+01
   9.5107520e+06   2.4963379e+01
   9.5108320e+06   2.4047852e+01
   9.7258730e+06   3.1738281e+01
   9.7259900e+06   2.6977539e+01
   9.7260300e+06   3.0700684e+01
   9.7261070e+06   3.1799316e+01
   9.7261400e+06   2.3742676e+01
   9.7261800e+06   2.5695801e+01
   9.7262240e+06   3.6743164e+01
   9.7262530e+06   2.5146484e+01
   9.7262720e+06   2.4047852e+01
   9.8854960e+06   2.6062012e+01
   9.8855890e+06   2.4169922e+01
   9.8856630e+06   2.5329590e+01
   9.8857110e+06   3.0395508e+01
   9.8857390e+06   2.8564453e+01
   9.8857630e+06   3.4240723e+01
   9.8857780e+06   3.2104492e+01
   9.8858180e+06   2.6916504e+01
   9.8858440e+06   3.0212402e+01
   9.8858660e+06   2.9357910e+01
   9.8859850e+06   2.4841309e+01
   9.8869770e+06   2.4291992e+01
   1.0102338e+07   2.7404785e+01
   1.0102390e+07   2.9968262e+01
   1.0102443e+07   2.5390625e+01
   1.0102492e+07   2.5024414e+01
   1.0102522e+07   2.4108887e+01
   1.0102594e+07   2.8686523e+01
   1.0102648e+07   2.7221680e+01
   1.0102663e+07   2.4902344e+01
   1.0102676e+07   2.7404785e+01
   1.0103758e+07   2.3986816e+01
   1.0268923e+07   2.9846191e+01
   1.0268984e+07   4.2236328e+01
   1.0269019e+07   2.8747559e+01
   1.0269094e+07   3.3752441e+01
   1.0269104e+07   4.0039063e+01
   1.0269125e+07   2.5573730e+01
   1.0269140e+07   2.3864746e+01
   1.0269170e+07   2.4902344e+01
   1.0269456e+07   2.5146484e+01
   1.0270065e+07   3.0944824e+01
   1.0390865e+07   3.1066895e+01
   1.0390929e+07   2.6550293e+01
   1.0390964e+07   2.4841309e+01
   1.0390986e+07   2.6916504e+01
   1.0390996e+07   3.4362793e+01
   1.0391022e+07   2.4230957e+01
   1.0391043e+07   2.5451660e+01
   1.0391067e+07   2.3803711e+01
   1.0391129e+07   2.4597168e+01
   1.0391141e+07   2.8930664e+01
   1.0391194e+07   2.3925781e+01
   1.0391212e+07   2.4475098e+01
   1.0533386e+07   2.4291992e+01
   1.0533420e+07   2.7893066e+01
   1.0533478e+07   2.6550293e+01
   1.0533516e+07   2.7832031e+01
   1.0533529e+07   2.4719238e+01
   1.0553626e+07   2.4108887e+01
   1.0637832e+07   2.4169922e+01
   1.0637870e+07   3.5400391e+01
   1.0637973e+07   3.1738281e+01
   1.0638004e+07   2.4414063e+01
   1.0638038e+07   2.9663086e+01
   1.0638095e+07   3.8208008e+01
   1.0638168e+07   2.5207520e+01
   1.0639262e+07   2.4230957e+01
   1.0792587e+07   3.0822754e+01
   1.0792655e+07   3.5095215e+01
   1.0792669e+07   2.9052734e+01
   1.0792731e+07   2.5268555e+01
   1.0792755e+07   2.9785156e+01
   1.0792776e+07   2.6855469e+01
   1.0792849e+07   3.0883789e+01
   1.0793567e+07   2.4597168e+01
   1.0793874e+07   2.6062012e+01
   1.0894383e+07   2.7160645e+01
   1.0894483e+07   2.9052734e+01
   1.0894515e+07   3.0090332e+01
   1.0894560e+07   3.3325195e+01
   1.0894572e+07   2.6611328e+01
   1.0894596e+07   2.6550293e+01
   1.0894639e+07   2.6916504e+01
   1.0894677e+07   2.5390625e+01
   1.0895854e+07   2.8076172e+01
   1.0896009e+07   2.5573730e+01
   1.1118359e+07   2.9479980e+01
   1.1118461e+07   2.5024414e+01
   1.1118540e+07   2.8015137e+01
   1.1118569e+07   2.4047852e+01
   1.1118595e+07   4.0222168e+01
   1.1118681e+07   3.0761719e+01
   1.1118892e+07   2.4108887e+01
   1.1260119e+07   2.6428223e+01
   1.1260179e+07   2.7648926e+01
   1.1260239e+07   2.4475098e+01
   1.1260249e+07   3.0395508e+01
   1.1260282e+07   2.4414063e+01
   1.1260313e+07   3.0822754e+01
   1.1260377e+07   2.5634766e+01
   1.1260409e+07   2.6733398e+01
   1.1260449e+07   2.8930664e+01
   1.1261235e+07   2.4169922e+01
   1.1378985e+07   2.9113770e+01
   1.1379043e+07   2.7160645e+01
   1.1379078e+07   2.8076172e+01
   1.1379112e+07   3.9306641e+01
   1.1379127e+07   2.9052734e+01
   1.1379149e+07   2.6489258e+01
   1.1379186e+07   2.8686523e+01
   1.1379230e+07   2.8015137e+01
   1.1379279e+07   2.6367188e+01
   1.1484059e+07   2.6428223e+01
   1.1484245e+07   2.6000977e+01
   1.1484287e+07   3.4301758e+01
   1.1484317e+07   2.5512695e+01
   1.1484386e+07   2.6794434e+01
   1.1484431e+07   2.7954102e+01
   1.1484476e+07   2.6367188e+01
   1.1600063e+07   2.7343750e+01
   1.1600088e+07   4.2907715e+01
   1.1600104e+07   3.1188965e+01
   1.1600152e+07   2.4597168e+01
   1.1600209e+07   3.8391113e+01
   1.1600230e+07   2.7404785e+01
   1.1600268e+07   3.0090332e+01
   1.1600303e+07   2.6123047e+01
   1.1768973e+07   2.9479980e+01
   1.1769025e+07   2.9357910e+01
   1.1769091e+07   3.1066895e+01
   1.1769101e+07   2.9235840e+01
   1.1769181e+07   2.4902344e+01
   1.1769194e+07   4.0100098e+01
   1.1769280e+07   2.7832031e+01
   1.1770250e+07   2.6428223e+01
   1.1964411e+07   2.9174805e+01
   1.1964445e+07   3.1311035e+01
   1.1964492e+07   2.5451660e+01
   1.1964505e+07   2.5207520e+01
   1.1964547e+07   2.9174805e+01
   1.1964602e+07   2.4414063e+01
   1.1964630e+07   2.6306152e+01
   1.1964664e+07   2.4353027e+01
   1.1964703e+07   2.9418945e+01
