   1.1996000e+07   0.0000000e+00
   6.0946000e+04   2.2277832e+01
   6.1007000e+04   2.0385742e+01
   6.1056000e+04   2.0385742e+01
   6.1074000e+04   2.1728516e+01
   6.1104000e+04   2.1728516e+01
   6.1126000e+04   2.1972656e+01
   6.1206000e+04   1.8981934e+01
   6.1270000e+04   1.8920898e+01
   6.1308000e+04   2.0019531e+01
   6.1382000e+04   1.8432617e+01
   6.2358000e+04   2.0019531e+01
   6.2493000e+04   2.2094727e+01
   1.3701100e+05   1.9287109e+01
   1.5348900e+05   1.9287109e+01
   1.5350000e+05   2.2277832e+01
   2.7348400e+05   1.9836426e+01
   3.5872900e+05   1.9958496e+01
   4.4825500e+05   2.1911621e+01
   4.4832300e+05   2.2949219e+01
   4.4835800e+05   2.0263672e+01
   4.4842200e+05   2.2338867e+01
   4.4846600e+05   2.0385742e+01
   4.4852500e+05   1.9836426e+01
   4.4867700e+05   1.9714355e+01
   4.4996400e+05   1.9042969e+01
   4.6553000e+05   1.8432617e+01
   4.6570200e+05   1.9653320e+01
   5.7258000e+05   1.8859863e+01
   5.8019300e+05   1.9592285e+01
   5.8032400e+05   1.9897461e+01
   5.8051200e+05   1.9348145e+01
   5.8057100e+05   1.8615723e+01
   5.8061900e+05   1.9897461e+01
   5.8069400e+05   1.9470215e+01
   5.8080400e+05   1.9409180e+01
   5.8195900e+05   1.8798828e+01
   5.8220200e+05   1.9409180e+01
   6.9599600e+05   2.0568848e+01
   6.9601400e+05   1.8981934e+01
   6.9603900e+05   1.9287109e+01
   6.9606900e+05   2.9235840e+01
   6.9610000e+05   2.0019531e+01
   6.9616400e+05   1.8615723e+01
   6.9618700e+05   2.4108887e+01
   6.9621200e+05   1.9409180e+01
   6.9624700e+05   2.0874023e+01
   6.9630400e+05   2.4291992e+01
   6.9634600e+05   2.0385742e+01
   6.9639000e+05   1.9042969e+01
   6.9668600e+05   1.8737793e+01
   6.9725100e+05   1.8493652e+01
   6.9791800e+05   2.3315430e+01
   7.5967500e+05   1.8676758e+01
   8.0110000e+05   1.9775391e+01
   8.0111100e+05   2.3315430e+01
   8.0117800e+05   2.5207520e+01
   8.0122400e+05   1.9104004e+01
   8.0123400e+05   2.0690918e+01
   8.0126000e+05   2.0446777e+01
   8.0128800e+05   1.9287109e+01
   8.0133200e+05   2.6245117e+01
   8.0139900e+05   2.3193359e+01
   8.0140900e+05   2.2277832e+01
   8.0150400e+05   1.9287109e+01
   8.0161500e+05   2.0935059e+01
   8.0163800e+05   1.8493652e+01
   8.0232500e+05   1.8920898e+01
   9.0127800e+05   1.8676758e+01
   9.7434300e+05   2.0080566e+01
   1.0366900e+06   2.1118164e+01
   1.0368210e+06   1.9165039e+01
   1.0371010e+06   1.8737793e+01
   1.0931910e+06   2.2705078e+01
   1.0932490e+06   1.9287109e+01
   1.0932670e+06   2.1362305e+01
   1.0932950e+06   2.3437500e+01
   1.0933210e+06   1.9897461e+01
   1.0933720e+06   2.1423340e+01
   1.0934100e+06   1.8493652e+01
   1.0935190e+06   1.9104004e+01
   1.2023710e+06   2.0690918e+01
   1.2023950e+06   2.1484375e+01
   1.2024330e+06   2.1240234e+01
   1.2024840e+06   1.9958496e+01
   1.2024960e+06   2.3498535e+01
   1.2025950e+06   1.9470215e+01
   1.2026140e+06   2.8137207e+01
   1.2026370e+06   1.9592285e+01
   1.2026730e+06   2.2094727e+01
   1.2026870e+06   2.2949219e+01
   1.2027320e+06   2.0874023e+01
   1.2027740e+06   2.1057129e+01
   1.2027930e+06   1.9775391e+01
   1.2028850e+06   1.9165039e+01
   1.2337100e+06   1.8554688e+01
   1.3648070e+06   1.8432617e+01
   1.3933810e+06   1.8737793e+01
   1.3991750e+06   2.1972656e+01
   1.3991970e+06   2.2277832e+01
   1.3992370e+06   2.0263672e+01
   1.3992680e+06   2.0324707e+01
   1.3993160e+06   2.1850586e+01
   1.3993540e+06   2.1667480e+01
   1.3993830e+06   1.9897461e+01
   1.3994840e+06   2.4291992e+01
   1.3997370e+06   1.8737793e+01
   1.4175390e+06   1.8432617e+01
   1.6332510e+06   2.0996094e+01
   1.6332820e+06   1.9042969e+01
   1.6333280e+06   2.1118164e+01
   1.6333470e+06   2.0202637e+01
   1.6333750e+06   2.2094727e+01
   1.6333970e+06   2.2705078e+01
   1.6335820e+06   2.0263672e+01
   1.6337360e+06   1.8493652e+01
   1.7533020e+06   1.9531250e+01
   1.7534200e+06   1.9470215e+01
   1.7534520e+06   2.5268555e+01
   1.7534730e+06   2.0202637e+01
   1.7535140e+06   1.8920898e+01
   1.7536700e+06   1.8981934e+01
   1.7537130e+06   2.0874023e+01
   1.7537360e+06   1.8554688e+01
   1.7538200e+06   1.9470215e+01
   1.7548320e+06   2.0019531e+01
   1.8992370e+06   2.2521973e+01
   1.8992610e+06   1.8920898e+01
   1.8992790e+06   2.2216797e+01
   1.8992930e+06   2.0080566e+01
   1.8993160e+06   1.8920898e+01
   1.8993810e+06   1.9287109e+01
   1.8994080e+06   3.0639648e+01
   1.8994290e+06   2.8137207e+01
   1.8995110e+06   1.8493652e+01
   2.0639370e+06   1.8432617e+01
   2.0639640e+06   2.4963379e+01
   2.0640090e+06   1.8920898e+01
   2.0640310e+06   2.7038574e+01
   2.0640550e+06   2.2094727e+01
   2.0640740e+06   2.1301270e+01
   2.0641330e+06   1.8432617e+01
   2.1602730e+06   1.9531250e+01
   2.1603090e+06   2.2216797e+01
   2.1603530e+06   1.8615723e+01
   2.1604200e+06   1.9897461e+01
   2.1604770e+06   1.8981934e+01
   2.1605300e+06   2.0507813e+01
   2.1605580e+06   2.0385742e+01
   2.1606630e+06   1.8554688e+01
   2.1606950e+06   2.0874023e+01
   2.1608640e+06   1.8737793e+01
   2.2382670e+06   1.8920898e+01
   2.2743820e+06   2.0935059e+01
   2.2746630e+06   1.8432617e+01
   2.2746950e+06   1.9897461e+01
   2.2748450e+06   1.9409180e+01
   2.3428110e+06   2.3254395e+01
   2.3428490e+06   1.9775391e+01
   2.3428730e+06   2.2888184e+01
   2.3429320e+06   2.1179199e+01
   2.3429630e+06   1.8676758e+01
   2.3430120e+06   2.5146484e+01
   2.3431180e+06   1.9104004e+01
   2.3431760e+06   2.2460938e+01
   2.3433340e+06   1.9775391e+01
   2.3446730e+06   1.9287109e+01
   2.4686670e+06   1.8432617e+01
   2.4703370e+06   1.9287109e+01
   2.4704610e+06   1.8737793e+01
   2.4704850e+06   1.9653320e+01
   2.4705620e+06   1.8737793e+01
   2.5729860e+06   1.8554688e+01
   2.5730260e+06   1.8432617e+01
   2.5730660e+06   1.8432617e+01
   2.5730770e+06   2.7587891e+01
   2.5731400e+06   2.1240234e+01
   2.5731540e+06   1.9165039e+01
   2.5731750e+06   1.9348145e+01
   2.5731940e+06   2.0385742e+01
   2.5732290e+06   2.1179199e+01
   2.5734790e+06   1.8981934e+01
   2.5776650e+06   1.8493652e+01
   2.6439280e+06   2.0690918e+01
   2.6439470e+06   2.0874023e+01
   2.6439970e+06   1.8676758e+01
   2.6440210e+06   1.9897461e+01
   2.6440530e+06   1.8554688e+01
   2.6440810e+06   1.9348145e+01
   2.6441110e+06   1.9287109e+01
   2.7078250e+06   1.8798828e+01
   2.7079040e+06   1.8798828e+01
   2.7079460e+06   1.9958496e+01
   2.7079940e+06   1.9836426e+01
   2.7080090e+06   2.5329590e+01
   2.7080540e+06   2.1057129e+01
   2.7080780e+06   1.9104004e+01
   2.7081040e+06   2.1972656e+01
   2.7081870e+06   2.0141602e+01
   2.7083940e+06   1.9165039e+01
   2.7092120e+06   1.8554688e+01
   2.7099950e+06   2.0080566e+01
   2.8976550e+06   1.8432617e+01
   2.8976920e+06   2.0507813e+01
   2.8977150e+06   2.5329590e+01
   2.8977420e+06   2.7099609e+01
   2.8977700e+06   2.1911621e+01
   2.8978070e+06   1.8920898e+01
   2.8978280e+06   2.0446777e+01
   2.8978500e+06   2.4108887e+01
   2.8978910e+06   2.8564453e+01
   2.8979980e+06   2.0935059e+01
   2.8980870e+06   2.0568848e+01
   2.9151030e+06   1.8493652e+01
   2.9605240e+06   2.8869629e+01
   2.9605700e+06   2.2644043e+01
   2.9605920e+06   2.0141602e+01
   2.9606320e+06   2.3742676e+01
   2.9606420e+06   2.4658203e+01
   2.9606690e+06   2.1667480e+01
   2.9606900e+06   2.4780273e+01
   2.9607780e+06   2.1606445e+01
   2.9608420e+06   2.2583008e+01
   2.9608690e+06   1.9409180e+01
   2.9616590e+06   1.9042969e+01
   3.0020820e+06   1.8737793e+01
   3.0025030e+06   2.1057129e+01
   3.0027230e+06   2.1911621e+01
   3.0032400e+06   1.8554688e+01
   3.0033560e+06   1.8676758e+01
   3.0034630e+06   3.0334473e+01
   3.0034860e+06   1.8493652e+01
   3.0035030e+06   1.9958496e+01
   3.0043880e+06   1.9714355e+01
   3.1168850e+06   2.1789551e+01
   3.1169220e+06   1.9226074e+01
   3.1169550e+06   2.0141602e+01
   3.1170000e+06   1.9104004e+01
   3.1170400e+06   2.0019531e+01
   3.1730370e+06   1.9287109e+01
   3.1730800e+06   2.0507813e+01
   3.1730910e+06   2.2338867e+01
   3.1731440e+06   1.9348145e+01
   3.1732150e+06   1.9897461e+01
   3.1732630e+06   2.0446777e+01
   3.1734150e+06   1.8432617e+01
   3.2230640e+06   1.8798828e+01
   3.3567810e+06   1.8615723e+01
   3.3819990e+06   2.0080566e+01
   3.3820510e+06   2.0690918e+01
   3.3820620e+06   1.9104004e+01
   3.3821200e+06   2.4475098e+01
   3.3821330e+06   2.1667480e+01
   3.3821700e+06   1.9165039e+01
   3.3821830e+06   2.4536133e+01
   3.3822080e+06   2.2338867e+01
   3.3822410e+06   2.3315430e+01
   3.3822600e+06   2.0996094e+01
   3.4941550e+06   2.3193359e+01
   3.4942390e+06   1.8737793e+01
   3.4943850e+06   2.8442383e+01
   3.4944900e+06   2.0080566e+01
   3.4945060e+06   2.0446777e+01
   3.4945280e+06   1.9104004e+01
   3.4945560e+06   2.4475098e+01
   3.4946650e+06   2.0935059e+01
   3.4948340e+06   2.0080566e+01
   3.6547430e+06   1.9226074e+01
   3.6547840e+06   2.4230957e+01
   3.6548050e+06   1.9653320e+01
   3.6548560e+06   2.2949219e+01
   3.6549330e+06   2.0141602e+01
   3.6550160e+06   2.3132324e+01
   3.6717260e+06   2.0141602e+01
   3.7167550e+06   1.9104004e+01
   3.7168250e+06   2.4047852e+01
   3.7168680e+06   2.1179199e+01
   3.7168970e+06   2.0080566e+01
   3.7170500e+06   1.9042969e+01
   3.8381380e+06   2.0507813e+01
   3.8381770e+06   2.3986816e+01
   3.8381950e+06   2.0690918e+01
   3.8382250e+06   2.1179199e+01
   3.8383110e+06   2.1911621e+01
   4.0280840e+06   1.8615723e+01
   4.0281750e+06   1.9897461e+01
   4.0282080e+06   2.4414063e+01
   4.0282220e+06   2.1667480e+01
   4.0282670e+06   2.0568848e+01
   4.0282960e+06   2.1240234e+01
   4.0283260e+06   2.1850586e+01
   4.0283640e+06   1.9531250e+01
   4.0283850e+06   1.9226074e+01
   4.0284660e+06   1.9104004e+01
   4.0285480e+06   2.2399902e+01
   4.2054590e+06   2.1850586e+01
   4.2055490e+06   2.1850586e+01
   4.2055810e+06   2.3437500e+01
   4.2056340e+06   2.4597168e+01
   4.2056590e+06   2.2216797e+01
   4.2057520e+06   1.9836426e+01
   4.2057950e+06   2.3132324e+01
   4.2058370e+06   1.8737793e+01
   4.2058620e+06   1.8981934e+01
   4.3266630e+06   1.9042969e+01
   4.3267270e+06   1.9531250e+01
   4.3269360e+06   1.9104004e+01
   4.3269810e+06   2.0812988e+01
   4.3270330e+06   2.4414063e+01
   4.3270850e+06   2.0263672e+01
   4.3271350e+06   2.3803711e+01
   4.3272260e+06   2.1118164e+01
   4.3272710e+06   1.9958496e+01
   4.3275570e+06   2.0202637e+01
   4.4539540e+06   2.0446777e+01
   4.4539830e+06   2.5329590e+01
   4.4540090e+06   1.8859863e+01
   4.4540490e+06   2.0874023e+01
   4.4541010e+06   2.2521973e+01
   4.4541610e+06   1.8920898e+01
   4.4542340e+06   1.8737793e+01
   4.6494550e+06   1.8554688e+01
   4.6495370e+06   2.0568848e+01
   4.6495770e+06   2.0568848e+01
   4.6495900e+06   1.8615723e+01
   4.6496480e+06   2.6306152e+01
   4.6496670e+06   1.8676758e+01
   4.6498400e+06   2.2277832e+01
   4.6500330e+06   1.9470215e+01
   4.6510760e+06   1.8493652e+01
   4.7596050e+06   1.8859863e+01
   4.7597190e+06   1.8859863e+01
   4.7600630e+06   2.0629883e+01
   4.7601600e+06   2.0629883e+01
   4.7601800e+06   1.8432617e+01
   4.7602240e+06   1.9897461e+01
   4.7602470e+06   1.9653320e+01
   4.7602980e+06   1.9226074e+01
   4.7603490e+06   1.8859863e+01
   4.7611500e+06   1.8432617e+01
   4.7714480e+06   1.8920898e+01
   4.8192780e+06   1.8554688e+01
   4.8900060e+06   1.9775391e+01
   4.8900470e+06   1.9531250e+01
   4.8900940e+06   2.3986816e+01
   4.8901430e+06   2.3864746e+01
   4.8901590e+06   1.9897461e+01
   4.8902470e+06   1.8615723e+01
   4.8903310e+06   2.4902344e+01
   4.8904210e+06   1.8920898e+01
   5.0613870e+06   2.1423340e+01
   5.0615170e+06   2.8320313e+01
   5.0615400e+06   2.7160645e+01
   5.0616140e+06   1.9714355e+01
   5.0616580e+06   1.8737793e+01
   5.0617890e+06   2.0080566e+01
   5.0618120e+06   1.8493652e+01
   5.0618830e+06   1.8737793e+01
   5.0619540e+06   1.8432617e+01
   5.0626140e+06   1.8981934e+01
   5.1760120e+06   2.0935059e+01
   5.1761700e+06   2.4169922e+01
   5.1761860e+06   1.8859863e+01
   5.1762110e+06   1.8615723e+01
   5.1762230e+06   2.2705078e+01
   5.1762690e+06   2.2155762e+01
   5.1762990e+06   2.0446777e+01
   5.1763640e+06   1.9958496e+01
   5.3500460e+06   2.1606445e+01
   5.3501050e+06   2.1118164e+01
   5.3501610e+06   1.8432617e+01
   5.3502060e+06   2.3864746e+01
   5.3502320e+06   2.0385742e+01
   5.3503680e+06   2.3742676e+01
   5.3506500e+06   1.8493652e+01
   5.3512800e+06   1.8676758e+01
   5.4918850e+06   2.0812988e+01
   5.4919590e+06   2.0324707e+01
   5.4919780e+06   2.1667480e+01
   5.4920280e+06   2.0202637e+01
   5.4920900e+06   1.8432617e+01
   5.4921150e+06   1.8981934e+01
   5.4921630e+06   2.1972656e+01
   5.4921960e+06   1.8798828e+01
   5.4922810e+06   1.9958496e+01
   5.4923110e+06   2.2766113e+01
   5.6395170e+06   2.0690918e+01
   5.6467420e+06   1.9104004e+01
   5.6468520e+06   2.3132324e+01
   5.6468890e+06   2.2094727e+01
   5.6469540e+06   1.9348145e+01
   5.6470010e+06   1.9592285e+01
   5.6470330e+06   2.1362305e+01
   5.6471230e+06   1.8737793e+01
   5.6471680e+06   1.8920898e+01
   5.6473380e+06   2.2216797e+01
   5.8631410e+06   1.9165039e+01
   5.8711630e+06   1.8859863e+01
   5.8712030e+06   2.1362305e+01
   5.8712930e+06   2.6855469e+01
   5.8713110e+06   2.1545410e+01
   5.8713380e+06   1.8432617e+01
   5.8713500e+06   2.3132324e+01
   5.8713980e+06   1.8981934e+01
   5.8714890e+06   2.3010254e+01
   5.8715330e+06   1.9653320e+01
   6.0608560e+06   2.0751953e+01
   6.0609020e+06   1.9348145e+01
   6.0609300e+06   2.8320313e+01
   6.0609540e+06   2.5329590e+01
   6.0609860e+06   2.0507813e+01
   6.0609990e+06   2.0019531e+01
   6.0610480e+06   2.0568848e+01
   6.0610600e+06   2.2949219e+01
   6.0610920e+06   2.3620605e+01
   6.0611300e+06   1.9958496e+01
   6.2011510e+06   2.0507813e+01
   6.2012170e+06   2.1728516e+01
   6.2012390e+06   2.5634766e+01
   6.2013100e+06   2.3925781e+01
   6.2013340e+06   1.9958496e+01
   6.2013500e+06   2.2399902e+01
   6.2014030e+06   2.6855469e+01
   6.2026580e+06   1.9531250e+01
   6.3464940e+06   1.9897461e+01
   6.3465430e+06   2.0629883e+01
   6.3465800e+06   2.2338867e+01
   6.3465950e+06   1.9287109e+01
   6.3466460e+06   3.1066895e+01
   6.3466720e+06   2.1545410e+01
   6.3467160e+06   2.4963379e+01
   6.3467570e+06   1.9531250e+01
   6.3467760e+06   2.4291992e+01
   6.3467990e+06   2.1057129e+01
   6.3468430e+06   1.9287109e+01
   6.4910220e+06   1.8432617e+01
   6.4910640e+06   2.1301270e+01
   6.4911000e+06   2.1301270e+01
   6.4911660e+06   1.8737793e+01
   6.4912860e+06   2.0935059e+01
   6.5979140e+06   2.4169922e+01
   6.5979440e+06   1.8920898e+01
   6.5979600e+06   2.5024414e+01
   6.5979880e+06   1.9226074e+01
   6.5980080e+06   2.6000977e+01
   6.5980470e+06   2.0263672e+01
   6.5980810e+06   2.3132324e+01
   6.5981060e+06   2.1728516e+01
   6.6591190e+06   1.9714355e+01
   6.6938740e+06   1.8554688e+01
   6.8239330e+06   2.4780273e+01
   6.8239760e+06   2.0629883e+01
   6.8239990e+06   1.9470215e+01
   6.8240470e+06   1.8859863e+01
   6.8241360e+06   1.9958496e+01
   6.8241710e+06   2.2277832e+01
   6.8874530e+06   1.8859863e+01
   6.9259380e+06   1.8493652e+01
   6.9259670e+06   2.1606445e+01
   6.9260070e+06   2.0324707e+01
   6.9260360e+06   1.8859863e+01
   6.9260490e+06   2.0629883e+01
   6.9261090e+06   2.1789551e+01
   6.9262130e+06   2.5085449e+01
   6.9263810e+06   1.9653320e+01
   6.9265830e+06   2.0324707e+01
   7.0938630e+06   1.9104004e+01
   7.0939130e+06   2.0507813e+01
   7.0939580e+06   2.2338867e+01
   7.0939910e+06   2.0446777e+01
   7.0940700e+06   2.3254395e+01
   7.0956160e+06   1.9531250e+01
   7.2928770e+06   1.8615723e+01
   7.3265590e+06   1.8493652e+01
   7.3265860e+06   2.3498535e+01
   7.3266200e+06   2.6916504e+01
   7.3266490e+06   2.1911621e+01
   7.3266870e+06   2.1423340e+01
   7.3266990e+06   2.2033691e+01
   7.3267490e+06   1.8737793e+01
   7.3267870e+06   1.9592285e+01
   7.3268840e+06   1.9409180e+01
   7.4548930e+06   2.2460938e+01
   7.4549520e+06   2.0263672e+01
   7.4550630e+06   2.8198242e+01
   7.4551110e+06   2.3254395e+01
   7.4551240e+06   2.2583008e+01
   7.4551450e+06   1.8676758e+01
   7.4551910e+06   2.1057129e+01
   7.4553340e+06   1.9470215e+01
   7.6101240e+06   1.8859863e+01
   7.6101480e+06   2.6672363e+01
   7.6101880e+06   2.3315430e+01
   7.6102050e+06   2.2644043e+01
   7.6102540e+06   2.2399902e+01
   7.6102870e+06   2.2827148e+01
   7.6103570e+06   2.0629883e+01
   7.6104580e+06   1.9653320e+01
   7.6117630e+06   1.8493652e+01
   7.7605430e+06   1.9470215e+01
   7.7605700e+06   1.8493652e+01
   7.7606100e+06   2.0935059e+01
   7.7606320e+06   2.2521973e+01
   7.7606490e+06   1.9531250e+01
   7.7606920e+06   1.8981934e+01
   7.7608020e+06   1.8493652e+01
   7.7608430e+06   2.0751953e+01
   7.7609070e+06   2.3559570e+01
   7.8628540e+06   2.0385742e+01
   7.8629430e+06   2.1179199e+01
   7.8630070e+06   1.9104004e+01
   7.8630280e+06   2.1240234e+01
   7.8630490e+06   1.9165039e+01
   7.8633080e+06   1.8737793e+01
   7.8872320e+06   2.0080566e+01
   7.9180790e+06   1.8676758e+01
   8.0260850e+06   1.9531250e+01
   8.0261990e+06   1.8554688e+01
   8.0262310e+06   2.3559570e+01
   8.0262820e+06   2.9357910e+01
   8.0263230e+06   1.8493652e+01
   8.0263720e+06   2.0751953e+01
   8.0263840e+06   2.0019531e+01
   8.1194800e+06   1.8554688e+01
   8.1839450e+06   2.0629883e+01
   8.1839670e+06   2.0751953e+01
   8.1840430e+06   2.0507813e+01
   8.1841070e+06   2.0507813e+01
   8.1841550e+06   2.7893066e+01
   8.1841890e+06   2.0690918e+01
   8.1842490e+06   2.1606445e+01
   8.3125500e+06   1.9592285e+01
   8.3125880e+06   2.1728516e+01
   8.3126260e+06   1.9165039e+01
   8.3126550e+06   1.8737793e+01
   8.3127070e+06   2.1362305e+01
   8.3127710e+06   2.2216797e+01
   8.3128220e+06   1.8615723e+01
   8.3128740e+06   2.2949219e+01
   8.3129630e+06   1.9165039e+01
   8.3142120e+06   1.8676758e+01
   8.4216920e+06   2.0935059e+01
   8.4218170e+06   2.1240234e+01
   8.4218630e+06   2.5085449e+01
   8.4219200e+06   2.4902344e+01
   8.4219620e+06   2.0751953e+01
   8.4220120e+06   2.0202637e+01
   8.4220930e+06   2.4536133e+01
   8.4221430e+06   1.9592285e+01
   8.6304430e+06   1.9226074e+01
   8.6304910e+06   1.8859863e+01
   8.6305200e+06   1.8493652e+01
   8.6305450e+06   1.8798828e+01
   8.6306110e+06   2.2583008e+01
   8.6306220e+06   1.9409180e+01
   8.6306650e+06   2.6367188e+01
   8.6307490e+06   2.0507813e+01
   8.6307730e+06   2.1301270e+01
   8.7270820e+06   2.1484375e+01
   8.7815970e+06   1.9409180e+01
   8.7816190e+06   2.5878906e+01
   8.7816420e+06   2.3071289e+01
   8.7816640e+06   2.8442383e+01
   8.7816880e+06   2.1484375e+01
   8.7817170e+06   2.0385742e+01
   8.7818500e+06   2.0446777e+01
   8.7819060e+06   2.0446777e+01
   8.7825940e+06   1.8737793e+01
   8.7828750e+06   1.9042969e+01
   8.9421270e+06   2.1667480e+01
   8.9421610e+06   2.0935059e+01
   8.9422140e+06   2.5939941e+01
   8.9422600e+06   2.4108887e+01
   8.9422780e+06   2.1240234e+01
   8.9423550e+06   1.9897461e+01
   8.9435740e+06   1.9287109e+01
   9.0763840e+06   2.0629883e+01
   9.0764000e+06   2.1423340e+01
   9.0764140e+06   1.8920898e+01
   9.0764360e+06   1.9531250e+01
   9.0764510e+06   3.1982422e+01
   9.0764930e+06   2.1484375e+01
   9.0765940e+06   2.2338867e+01
   9.0766970e+06   1.9714355e+01
   9.0777000e+06   1.9531250e+01
   9.1471450e+06   1.8676758e+01
   9.1478520e+06   1.9287109e+01
   9.2106140e+06   2.0141602e+01
   9.2106330e+06   2.0263672e+01
   9.2106860e+06   2.3315430e+01
   9.2107110e+06   2.3620605e+01
   9.2107330e+06   2.2460938e+01
   9.2107690e+06   2.1545410e+01
   9.2107880e+06   1.8432617e+01
   9.2108950e+06   1.8493652e+01
   9.3441260e+06   2.0141602e+01
   9.3441450e+06   2.0019531e+01
   9.3441780e+06   2.0446777e+01
   9.3442920e+06   2.1606445e+01
   9.3443950e+06   1.8615723e+01
   9.3444330e+06   1.8920898e+01
   9.3984690e+06   2.1545410e+01
   9.3985580e+06   1.9165039e+01
   9.3985900e+06   2.2949219e+01
   9.3986250e+06   2.3437500e+01
   9.3986400e+06   1.9897461e+01
   9.3990230e+06   1.8676758e+01
   9.4192630e+06   1.8981934e+01
   9.5092760e+06   2.5146484e+01
   9.5092990e+06   2.0690918e+01
   9.5093480e+06   2.2705078e+01
   9.7259330e+06   2.5817871e+01
   9.7260060e+06   2.0812988e+01
   9.7260460e+06   2.0568848e+01
   9.7260900e+06   2.2827148e+01
   9.7261180e+06   2.1179199e+01
   9.7261400e+06   2.0141602e+01
   9.7261930e+06   1.8615723e+01
   9.7262220e+06   2.1484375e+01
   9.7262340e+06   2.0507813e+01
   9.7262580e+06   2.0751953e+01
   9.7263120e+06   2.1179199e+01
   9.8855170e+06   1.8981934e+01
   9.8855570e+06   2.1545410e+01
   9.8855920e+06   1.8981934e+01
   9.8856160e+06   2.0019531e+01
   9.8856520e+06   1.9409180e+01
   9.8856840e+06   2.1972656e+01
   9.8857370e+06   2.3986816e+01
   9.8857950e+06   1.9714355e+01
   9.8858350e+06   1.9104004e+01
   9.8860290e+06   1.9714355e+01
   1.0102309e+07   2.0080566e+01
   1.0102333e+07   2.0141602e+01
   1.0102362e+07   1.8493652e+01
   1.0102380e+07   2.8015137e+01
   1.0102419e+07   1.9592285e+01
   1.0102436e+07   2.0996094e+01
   1.0102476e+07   2.4291992e+01
   1.0102496e+07   1.9348145e+01
   1.0102559e+07   1.8859863e+01
   1.0268904e+07   1.8554688e+01
   1.0268949e+07   2.0996094e+01
   1.0269051e+07   2.4108887e+01
   1.0269065e+07   2.2644043e+01
   1.0269083e+07   2.0446777e+01
   1.0269106e+07   1.9348145e+01
   1.0269184e+07   2.0202637e+01
   1.0269444e+07   1.8493652e+01
   1.0390905e+07   1.9348145e+01
   1.0390919e+07   2.3803711e+01
   1.0390940e+07   1.9104004e+01
   1.0390968e+07   2.2277832e+01
   1.0391000e+07   2.2338867e+01
   1.0391019e+07   2.8808594e+01
   1.0391043e+07   1.8676758e+01
   1.0391058e+07   1.9897461e+01
   1.0391094e+07   2.0568848e+01
   1.0533195e+07   1.9104004e+01
   1.0533215e+07   2.0446777e+01
   1.0533257e+07   2.2583008e+01
   1.0533289e+07   1.9226074e+01
   1.0533317e+07   2.6550293e+01
   1.0533353e+07   2.1301270e+01
   1.0533375e+07   2.0202637e+01
   1.0533422e+07   2.0080566e+01
   1.0533443e+07   2.0629883e+01
   1.0533462e+07   2.1423340e+01
   1.0533479e+07   1.9531250e+01
   1.0637719e+07   2.1484375e+01
   1.0637814e+07   2.3437500e+01
   1.0637842e+07   3.0395508e+01
   1.0637877e+07   2.0996094e+01
   1.0637937e+07   2.1850586e+01
   1.0638064e+07   2.3864746e+01
   1.0725278e+07   1.8493652e+01
   1.0792529e+07   2.1911621e+01
   1.0792583e+07   2.2033691e+01
   1.0792629e+07   2.2460938e+01
   1.0792743e+07   2.3193359e+01
   1.0792758e+07   2.3010254e+01
   1.0792798e+07   2.2949219e+01
   1.0793002e+07   1.8859863e+01
   1.0894340e+07   2.0324707e+01
   1.0894365e+07   1.9104004e+01
   1.0894384e+07   2.1484375e+01
   1.0894398e+07   2.8625488e+01
   1.0894489e+07   2.2521973e+01
   1.0894518e+07   1.9836426e+01
   1.0894545e+07   1.9226074e+01
   1.0894590e+07   2.1545410e+01
   1.0894613e+07   1.8554688e+01
   1.0894633e+07   2.0812988e+01
   1.1118411e+07   2.1911621e+01
   1.1118433e+07   1.9958496e+01
   1.1118456e+07   2.1423340e+01
   1.1118488e+07   2.8564453e+01
   1.1118655e+07   2.0263672e+01
   1.1118683e+07   2.3010254e+01
   1.1118737e+07   1.9226074e+01
   1.1118767e+07   1.9287109e+01
   1.1120401e+07   1.9104004e+01
   1.1220619e+07   1.8920898e+01
   1.1260122e+07   2.4475098e+01
   1.1260234e+07   2.4963379e+01
   1.1378940e+07   2.0385742e+01
   1.1378957e+07   2.1850586e+01
   1.1379025e+07   1.9531250e+01
   1.1379112e+07   2.3315430e+01
   1.1484237e+07   2.3437500e+01
   1.1484272e+07   2.0202637e+01
   1.1484303e+07   2.3986816e+01
   1.1484319e+07   2.1057129e+01
   1.1484382e+07   1.8981934e+01
   1.1484417e+07   1.8859863e+01
   1.1484627e+07   2.0080566e+01
   1.1485265e+07   2.1118164e+01
   1.1599955e+07   1.8676758e+01
   1.1600013e+07   1.8859863e+01
   1.1600066e+07   2.2888184e+01
   1.1600091e+07   2.0874023e+01
   1.1600131e+07   2.0935059e+01
   1.1600216e+07   1.8432617e+01
   1.1600258e+07   2.0080566e+01
   1.1768810e+07   1.8676758e+01
   1.1768981e+07   2.5634766e+01
   1.1769020e+07   2.1057129e+01
   1.1769055e+07   2.6977539e+01
   1.1769101e+07   1.9531250e+01
   1.1769197e+07   1.9775391e+01
   1.1769694e+07   2.2094727e+01
   1.1964396e+07   2.9602051e+01
   1.1964419e+07   2.0568848e+01
   1.1964435e+07   2.8808594e+01
   1.1964478e+07   2.7221680e+01
   1.1964507e+07   2.4230957e+01
   1.1964610e+07   1.9348145e+01
   1.1964629e+07   1.8493652e+01
   1.1964756e+07   1.8676758e+01
   1.1966470e+07   1.8676758e+01
