   1.1996000e+07   0.0000000e+00
   6.9950000e+03   3.0517578e+01
   7.1260000e+03   9.0515137e+01
   7.1460000e+03   3.1311035e+01
   7.2800000e+03   2.9113770e+01
   7.3240000e+03   8.2641602e+01
   7.3470000e+03   3.0212402e+01
   7.4310000e+03   5.3344727e+01
   7.4900000e+03   3.7231445e+01
   7.6360000e+03   3.9123535e+01
   7.6790000e+03   3.0151367e+01
   7.7670000e+03   6.2683105e+01
   7.7850000e+03   3.1188965e+01
   7.8090000e+03   2.8808594e+01
   7.9570000e+03   4.1137695e+01
   8.0200000e+03   3.8818359e+01
   8.1690000e+03   4.4738770e+01
   8.2020000e+03   3.1250000e+01
   8.2210000e+03   2.8930664e+01
   8.3180000e+03   3.0334473e+01
   8.4670000e+03   2.8015137e+01
   8.7740000e+03   3.2226563e+01
   1.5480000e+04   3.3142090e+01
   4.6388000e+04   3.9428711e+01
   4.9025000e+04   3.0395508e+01
   6.1016000e+04   2.7893066e+01
   6.1038000e+04   7.9528809e+01
   6.1051000e+04   4.0710449e+01
   6.1107000e+04   3.4484863e+01
   6.1120000e+04   7.7758789e+01
   6.1152000e+04   6.6040039e+01
   6.1177000e+04   7.0617676e+01
   6.1187000e+04   3.5095215e+01
   6.1198000e+04   1.2402344e+02
   6.1221000e+04   5.4626465e+01
   6.1248000e+04   4.1198730e+01
   6.1265000e+04   2.8747559e+01
   6.1282000e+04   5.2246094e+01
   6.1317000e+04   5.3466797e+01
   6.1332000e+04   2.8930664e+01
   6.1367000e+04   2.8991699e+01
   6.1393000e+04   2.9907227e+01
   6.1403000e+04   3.6071777e+01
   6.1449000e+04   2.8747559e+01
   6.1827000e+04   2.8930664e+01
   6.2020000e+04   3.1921387e+01
   6.2345000e+04   2.8320313e+01
   6.2616000e+04   3.5705566e+01
   6.2711000e+04   3.1005859e+01
   6.2800000e+04   2.8747559e+01
   6.2849000e+04   3.4606934e+01
   6.2965000e+04   3.0456543e+01
   6.3086000e+04   3.5766602e+01
   6.3361000e+04   5.5786133e+01
   6.4272000e+04   3.4606934e+01
   6.4581000e+04   3.7170410e+01
   6.5708000e+04   4.0771484e+01
   1.0663500e+05   3.6376953e+01
   1.4452900e+05   3.8391113e+01
   1.5135200e+05   5.2429199e+01
   1.5160500e+05   5.6945801e+01
   1.5238600e+05   8.0139160e+01
   1.5250200e+05   6.6650391e+01
   1.5264800e+05   2.9357910e+01
   1.5277900e+05   4.4433594e+01
   1.5280100e+05   7.3425293e+01
   1.5281600e+05   2.8564453e+01
   1.5291800e+05   3.6926270e+01
   1.5304300e+05   3.0212402e+01
   1.5310500e+05   4.2480469e+01
   1.5318200e+05   7.8552246e+01
   1.5323100e+05   3.8330078e+01
   1.5329100e+05   2.9296875e+01
   1.5330400e+05   4.6386719e+01
   1.5334500e+05   4.3212891e+01
   1.5342400e+05   3.0822754e+01
   1.5345200e+05   3.5949707e+01
   1.5354500e+05   5.8715820e+01
   1.5357900e+05   3.5949707e+01
   1.5363100e+05   3.0395508e+01
   1.5392500e+05   5.8959961e+01
   1.5397200e+05   3.1799316e+01
   1.8331500e+05   3.6682129e+01
   2.2166600e+05   5.4321289e+01
   2.3686900e+05   4.0344238e+01
   2.6436300e+05   3.5583496e+01
   2.7049600e+05   5.4382324e+01
   2.7227900e+05   4.9011230e+01
   2.7232300e+05   8.4350586e+01
   2.7243800e+05   4.9194336e+01
   2.7256100e+05   3.6499023e+01
   2.7265600e+05   2.9724121e+01
   2.7268000e+05   8.2519531e+01
   2.7270400e+05   3.3508301e+01
   2.7282200e+05   2.9663086e+01
   2.7288600e+05   7.5317383e+01
   2.7299400e+05   3.1005859e+01
   2.7312000e+05   7.5927734e+01
   2.7321300e+05   2.9968262e+01
   2.7330800e+05   3.1860352e+01
   2.7343900e+05   3.0273438e+01
   2.7375100e+05   3.1738281e+01
   2.7401600e+05   3.8940430e+01
   3.3379800e+05   4.1687012e+01
   3.5807200e+05   3.1799316e+01
   3.5808500e+05   8.4533691e+01
   3.5816700e+05   5.9387207e+01
   3.5818200e+05   7.1228027e+01
   3.5831100e+05   6.6528320e+01
   3.5838800e+05   5.0476074e+01
   3.5841500e+05   2.9541016e+01
   3.5851600e+05   5.1391602e+01
   3.5863000e+05   7.0678711e+01
   3.5865700e+05   3.2226563e+01
   3.5877700e+05   2.9907227e+01
   3.5886700e+05   6.1462402e+01
   3.5903700e+05   3.0395508e+01
   3.5914400e+05   3.3447266e+01
   3.6008200e+05   4.4189453e+01
   4.4825100e+05   9.9365234e+01
   4.4827700e+05   3.8513184e+01
   4.4829600e+05   3.1433105e+01
   4.4832600e+05   8.9294434e+01
   4.4834300e+05   4.2785645e+01
   4.4836400e+05   3.5278320e+01
   4.4839100e+05   8.3862305e+01
   4.4840200e+05   1.1798096e+02
   4.4844000e+05   8.1420898e+01
   4.4847200e+05   6.4147949e+01
   4.4848700e+05   3.3264160e+01
   4.4850700e+05   6.5673828e+01
   4.4851800e+05   3.8818359e+01
   4.4853700e+05   3.1433105e+01
   4.4856500e+05   3.6682129e+01
   4.4858800e+05   3.2226563e+01
   4.4865100e+05   3.8818359e+01
   4.4871600e+05   2.9418945e+01
   4.4915100e+05   3.4606934e+01
   4.4929600e+05   3.2897949e+01
   4.4952100e+05   2.8930664e+01
   4.4957400e+05   2.8320313e+01
   4.4962200e+05   2.9724121e+01
   4.4966000e+05   3.2348633e+01
   4.4970600e+05   2.8991699e+01
   4.4975300e+05   3.6743164e+01
   4.4978100e+05   3.2287598e+01
   4.4986100e+05   2.8564453e+01
   4.4987700e+05   3.0456543e+01
   4.4996700e+05   4.4250488e+01
   4.5012100e+05   4.0161133e+01
   4.5017300e+05   2.9418945e+01
   4.5025700e+05   4.3518066e+01
   4.5027500e+05   3.2287598e+01
   4.5069000e+05   2.7893066e+01
   4.5135300e+05   3.5339355e+01
   4.5700600e+05   2.9724121e+01
   4.5893000e+05   5.3833008e+01
   4.6545500e+05   3.9184570e+01
   4.6575200e+05   5.0537109e+01
   4.6612000e+05   4.6813965e+01
   5.0753800e+05   3.4484863e+01
   5.1639700e+05   2.8320313e+01
   5.6336500e+05   3.9489746e+01
   5.7843400e+05   5.1940918e+01
   5.7882600e+05   2.7893066e+01
   5.7966000e+05   8.8439941e+01
   5.7970000e+05   6.2622070e+01
   5.7975500e+05   6.3903809e+01
   5.7979600e+05   3.1066895e+01
   5.7994700e+05   5.3466797e+01
   5.7995800e+05   7.5927734e+01
   5.8008000e+05   3.5888672e+01
   5.8011200e+05   3.7780762e+01
   5.8012300e+05   2.8137207e+01
   5.8016100e+05   2.8015137e+01
   5.8023000e+05   3.3447266e+01
   5.8030800e+05   5.7189941e+01
   5.8032200e+05   4.2297363e+01
   5.8056600e+05   2.7893066e+01
   5.8059200e+05   3.0395508e+01
   5.8065600e+05   8.8806152e+01
   5.8067000e+05   3.0517578e+01
   5.8074300e+05   7.1716309e+01
   5.8075600e+05   4.0832520e+01
   5.8077700e+05   5.8044434e+01
   5.8080000e+05   3.6437988e+01
   5.8082900e+05   7.8918457e+01
   5.8085200e+05   3.0334473e+01
   5.8086500e+05   3.7658691e+01
   5.8088200e+05   3.1616211e+01
   5.8090800e+05   3.6254883e+01
   5.8093200e+05   4.7302246e+01
   5.8096800e+05   2.9663086e+01
   5.8100000e+05   4.2236328e+01
   5.8102900e+05   2.8503418e+01
   5.8137200e+05   3.6315918e+01
   5.8170700e+05   2.9174805e+01
   5.8199600e+05   3.4973145e+01
   5.8206400e+05   2.8686523e+01
   5.8212700e+05   3.3264160e+01
   5.8216600e+05   2.8808594e+01
   5.8221100e+05   3.1860352e+01
   5.8224400e+05   3.9123535e+01
   5.8236600e+05   3.2348633e+01
   5.8247900e+05   3.2287598e+01
   5.8268300e+05   4.1992188e+01
   5.8287500e+05   2.8259277e+01
   5.8456200e+05   4.6386719e+01
   5.8518400e+05   4.0649414e+01
   5.8786600e+05   3.4973145e+01
   6.2848000e+05   2.9724121e+01
   6.5692400e+05   3.8818359e+01
   6.9063900e+05   4.0893555e+01
   6.9554100e+05   5.0720215e+01
   6.9605000e+05   3.6437988e+01
   6.9607500e+05   1.0888672e+02
   6.9608600e+05   3.7292480e+01
   6.9610900e+05   3.6682129e+01
   6.9612800e+05   2.9968262e+01
   6.9615600e+05   6.2011719e+01
   6.9616900e+05   3.3874512e+01
   6.9619400e+05   1.2896729e+02
   6.9622600e+05   1.1639404e+02
   6.9624800e+05   3.5156250e+01
   6.9626500e+05   3.9733887e+01
   6.9627500e+05   7.3974609e+01
   6.9629900e+05   3.1005859e+01
   6.9631100e+05   3.8085938e+01
   6.9634500e+05   5.4748535e+01
   6.9636100e+05   3.7109375e+01
   6.9639000e+05   2.8076172e+01
   6.9640100e+05   3.1921387e+01
   6.9662000e+05   2.7893066e+01
   6.9678100e+05   2.8442383e+01
   6.9682300e+05   2.8320312e+01
   6.9708300e+05   3.3813477e+01
   6.9729700e+05   2.8503418e+01
   6.9739600e+05   3.0883789e+01
   6.9742800e+05   3.4301758e+01
   6.9753400e+05   3.1188965e+01
   6.9769000e+05   3.8879395e+01
   6.9770000e+05   6.2988281e+01
   6.9782000e+05   3.4423828e+01
   6.9793700e+05   3.2043457e+01
   6.9805200e+05   3.2348633e+01
   6.9838000e+05   2.8137207e+01
   6.9998800e+05   4.4677734e+01
   7.8184100e+05   8.4228516e+01
   8.0117300e+05   1.0760498e+02
   8.0118700e+05   5.0903320e+01
   8.0120200e+05   3.5583496e+01
   8.0123600e+05   3.8818359e+01
   8.0125100e+05   7.8796387e+01
   8.0127600e+05   6.4880371e+01
   8.0129400e+05   3.1799316e+01
   8.0131500e+05   1.4233398e+02
   8.0132500e+05   3.3996582e+01
   8.0134700e+05   4.1809082e+01
   8.0137600e+05   1.0736084e+02
   8.0139800e+05   5.6213379e+01
   8.0142500e+05   5.6823730e+01
   8.0145500e+05   3.5278320e+01
   8.0146700e+05   5.2673340e+01
   8.0152500e+05   3.6254883e+01
   8.0195700e+05   3.0273438e+01
   8.0215800e+05   3.1982422e+01
   8.0223100e+05   3.1127930e+01
   8.0244300e+05   3.1677246e+01
   8.0255400e+05   2.8564453e+01
   8.0262700e+05   4.6997070e+01
   8.0278800e+05   2.8991699e+01
   8.0282600e+05   2.9235840e+01
   8.0298500e+05   4.9926758e+01
   8.0301900e+05   2.9296875e+01
   8.6995400e+05   2.8076172e+01
   9.1090300e+05   3.1860352e+01
   9.1106200e+05   4.3334961e+01
   9.1154600e+05   5.4870605e+01
   9.1199000e+05   4.9255371e+01
   9.1209400e+05   7.3730469e+01
   9.1218300e+05   4.7180176e+01
   9.1235100e+05   4.5593262e+01
   9.1243800e+05   6.6284180e+01
   9.1245100e+05   3.1555176e+01
   9.1254400e+05   5.5236816e+01
   9.1256000e+05   2.7954102e+01
   9.1267100e+05   3.2653809e+01
   9.1272700e+05   7.6293945e+01
   9.1274400e+05   2.8869629e+01
   9.1279400e+05   2.8381348e+01
   9.1281900e+05   3.0029297e+01
   9.1306400e+05   3.1127930e+01
   9.1312500e+05   3.2043457e+01
   9.1328400e+05   4.0832520e+01
   9.1416700e+05   4.0832520e+01
   9.7130900e+05   5.6640625e+01
   9.7169000e+05   2.8015137e+01
   9.7248100e+05   4.4189453e+01
   9.7292700e+05   5.2185059e+01
   9.7295600e+05   9.4726563e+01
   9.7317900e+05   4.5898438e+01
   9.7323600e+05   7.8063965e+01
   9.7327800e+05   3.1066895e+01
   9.7336800e+05   2.9174805e+01
   9.7345100e+05   7.5317383e+01
   9.7354100e+05   3.6254883e+01
   9.7368800e+05   4.1137695e+01
   9.7370600e+05   3.4179688e+01
   9.7388800e+05   3.4729004e+01
   9.7406300e+05   3.5705566e+01
   9.7408400e+05   3.1188965e+01
   9.7414600e+05   7.2937012e+01
   9.7417400e+05   3.1433105e+01
   9.7426900e+05   3.5583496e+01
   9.7433300e+05   3.1066895e+01
   9.7511500e+05   4.5288086e+01
   1.0357170e+06   3.2592773e+01
   1.0357380e+06   8.6120605e+01
   1.0359170e+06   5.2307129e+01
   1.0360020e+06   9.6496582e+01
   1.0360960e+06   4.7790527e+01
   1.0362460e+06   3.4606934e+01
   1.0364300e+06   3.9794922e+01
   1.0365770e+06   8.0749512e+01
   1.0366090e+06   4.7851563e+01
   1.0366690e+06   3.5461426e+01
   1.0367510e+06   2.8686523e+01
   1.0368100e+06   3.3691406e+01
   1.0368810e+06   3.3325195e+01
   1.0371280e+06   3.0639648e+01
   1.0373030e+06   3.5766602e+01
   1.0375610e+06   3.6560059e+01
   1.0379740e+06   4.2541504e+01
   1.0931070e+06   3.9367676e+01
   1.0931990e+06   8.8928223e+01
   1.0932160e+06   3.3081055e+01
   1.0932370e+06   5.1513672e+01
   1.0932530e+06   4.8339844e+01
   1.0932850e+06   8.8317871e+01
   1.0933120e+06   4.2907715e+01
   1.0933290e+06   1.4129639e+02
   1.0933490e+06   3.7536621e+01
   1.0933820e+06   6.7321777e+01
   1.0933920e+06   6.8054199e+01
   1.0934170e+06   3.5888672e+01
   1.0934270e+06   3.2836914e+01
   1.0934680e+06   3.5217285e+01
   1.0934900e+06   2.8930664e+01
   1.0935320e+06   3.2897949e+01
   1.0935590e+06   2.8930664e+01
   1.0937600e+06   2.9052734e+01
   1.0941590e+06   2.8869629e+01
   1.0946100e+06   3.0822754e+01
   1.0946530e+06   3.1616211e+01
   1.0946910e+06   3.1799316e+01
   1.0947230e+06   3.0883789e+01
   1.0948980e+06   4.7424316e+01
   1.0950570e+06   4.2358398e+01
   1.0957230e+06   3.9001465e+01
   1.2023610e+06   4.5043945e+01
   1.2024310e+06   2.8991699e+01
   1.2024490e+06   1.0461426e+02
   1.2024760e+06   5.5603027e+01
   1.2024870e+06   4.2602539e+01
   1.2025140e+06   3.1311035e+01
   1.2025250e+06   8.4289551e+01
   1.2025530e+06   2.8015137e+01
   1.2025770e+06   5.3039551e+01
   1.2025960e+06   7.6293945e+01
   1.2026120e+06   4.2907715e+01
   1.2026380e+06   9.6740723e+01
   1.2026540e+06   1.2597656e+02
   1.2026950e+06   4.9743652e+01
   1.2027120e+06   6.0668945e+01
   1.2027290e+06   4.2541504e+01
   1.2027760e+06   3.0578613e+01
   1.2028010e+06   4.4494629e+01
   1.2028590e+06   4.0832520e+01
   1.2028990e+06   2.8686523e+01
   1.2031670e+06   3.0944824e+01
   1.2032830e+06   2.9235840e+01
   1.2033370e+06   2.9052734e+01
   1.2033720e+06   3.1738281e+01
   1.2036820e+06   3.2775879e+01
   1.2037190e+06   4.3457031e+01
   1.2037770e+06   3.1311035e+01
   1.2038160e+06   3.4301758e+01
   1.2039590e+06   3.7902832e+01
   1.2066140e+06   4.0344238e+01
   1.2967220e+06   8.1237793e+01
   1.2968140e+06   4.9072266e+01
   1.2970800e+06   5.8593750e+01
   1.2972030e+06   3.5644531e+01
   1.2972840e+06   4.7546387e+01
   1.2973100e+06   2.8015137e+01
   1.2973250e+06   7.8796387e+01
   1.2974250e+06   4.7180176e+01
   1.2974610e+06   6.0180664e+01
   1.2974950e+06   2.8015137e+01
   1.2976020e+06   4.6569824e+01
   1.2977500e+06   3.1860352e+01
   1.2978280e+06   6.9519043e+01
   1.2978550e+06   2.9113770e+01
   1.2978980e+06   2.8137207e+01
   1.2979350e+06   4.1198730e+01
   1.2979960e+06   3.7475586e+01
   1.2980070e+06   3.0334473e+01
   1.2980360e+06   2.7893066e+01
   1.2981710e+06   4.2419434e+01
   1.3991220e+06   3.3508301e+01
   1.3991590e+06   5.7556152e+01
   1.3991880e+06   1.0772705e+02
   1.3992020e+06   4.8828125e+01
   1.3992330e+06   3.2043457e+01
   1.3992670e+06   1.4019775e+02
   1.3992960e+06   5.6762695e+01
   1.3993070e+06   4.7912598e+01
   1.3993330e+06   1.2182617e+02
   1.3993510e+06   4.1809082e+01
   1.3993670e+06   3.2104492e+01
   1.3993830e+06   3.4240723e+01
   1.3994010e+06   7.9895020e+01
   1.3994230e+06   6.2438965e+01
   1.3994470e+06   4.0405273e+01
   1.3994620e+06   3.9062500e+01
   1.3995090e+06   3.7109375e+01
   1.3996250e+06   2.8442383e+01
   1.3998310e+06   3.0456543e+01
   1.3999960e+06   2.8381348e+01
   1.4003500e+06   2.8381348e+01
   1.4004910e+06   3.5095215e+01
   1.4005900e+06   3.0883789e+01
   1.4006320e+06   2.7893066e+01
   1.4006640e+06   3.9367676e+01
   1.4007000e+06   3.8513184e+01
   1.4009240e+06   4.5349121e+01
   1.4016160e+06   3.7719727e+01
   1.4026180e+06   5.3222656e+01
   1.5293290e+06   6.0607910e+01
   1.5294000e+06   7.4829102e+01
   1.5295580e+06   7.7392578e+01
   1.5297750e+06   6.8847656e+01
   1.5298170e+06   5.1269531e+01
   1.5298760e+06   2.8381348e+01
   1.5299640e+06   4.7973633e+01
   1.5299820e+06   2.8625488e+01
   1.5301200e+06   4.0893555e+01
   1.5301370e+06   7.5561523e+01
   1.5301610e+06   3.1433105e+01
   1.5302570e+06   2.8015137e+01
   1.5306430e+06   2.7893066e+01
   1.5307270e+06   3.8024902e+01
   1.5308880e+06   3.4423828e+01
   1.5311260e+06   3.6499023e+01
   1.5901180e+06   4.0222168e+01
   1.5901990e+06   6.2316895e+01
   1.5902890e+06   4.7790527e+01
   1.5904050e+06   3.9855957e+01
   1.6332800e+06   9.1735840e+01
   1.6332960e+06   5.6396484e+01
   1.6333090e+06   3.7109375e+01
   1.6333340e+06   7.8674316e+01
   1.6333730e+06   5.8471680e+01
   1.6333880e+06   8.4472656e+01
   1.6334210e+06   3.2104492e+01
   1.6334320e+06   1.3574219e+02
   1.6334610e+06   4.1015625e+01
   1.6334830e+06   4.4189453e+01
   1.6335060e+06   8.8745117e+01
   1.6335200e+06   4.6752930e+01
   1.6335350e+06   3.1250000e+01
   1.6335620e+06   3.2409668e+01
   1.6335770e+06   4.4494629e+01
   1.6336500e+06   3.9916992e+01
   1.6336850e+06   3.1433105e+01
   1.6337260e+06   3.2043457e+01
   1.6337960e+06   3.8940430e+01
   1.6339110e+06   3.1799316e+01
   1.6340090e+06   2.9846191e+01
   1.6343480e+06   2.8503418e+01
   1.6346840e+06   2.7893066e+01
   1.6347600e+06   3.8940430e+01
   1.6347980e+06   4.0100098e+01
   1.6350270e+06   2.9113770e+01
   1.6350640e+06   4.9377441e+01
   1.6371550e+06   5.2673340e+01
   1.7408110e+06   2.9296875e+01
   1.7533670e+06   2.8198242e+01
   1.7533870e+06   1.0504150e+02
   1.7534120e+06   5.9753418e+01
   1.7534260e+06   5.5847168e+01
   1.7534540e+06   7.8063965e+01
   1.7534670e+06   3.5766602e+01
   1.7535100e+06   1.7388916e+02
   1.7535210e+06   1.3140869e+02
   1.7535450e+06   3.9123535e+01
   1.7535720e+06   6.9641113e+01
   1.7535920e+06   9.6435547e+01
   1.7536240e+06   5.0781250e+01
   1.7536560e+06   5.9875488e+01
   1.7536680e+06   4.3395996e+01
   1.7537120e+06   3.2897949e+01
   1.7537250e+06   3.0944824e+01
   1.7537580e+06   3.2775879e+01
   1.7537720e+06   2.8259277e+01
   1.7538340e+06   3.4790039e+01
   1.7541910e+06   3.3386230e+01
   1.7542550e+06   3.8818359e+01
   1.7543190e+06   2.9724121e+01
   1.7544680e+06   2.9541016e+01
   1.7546820e+06   3.9672852e+01
   1.7547490e+06   3.0639648e+01
   1.7550170e+06   4.3457031e+01
   1.7558260e+06   4.7180176e+01
   1.8366780e+06   4.1381836e+01
   1.8410870e+06   2.8381348e+01
   1.8992270e+06   3.9245605e+01
   1.8992620e+06   9.7351074e+01
   1.8992950e+06   5.9631348e+01
   1.8993090e+06   4.0100098e+01
   1.8993490e+06   8.1909180e+01
   1.8993750e+06   5.1635742e+01
   1.8993980e+06   6.2133789e+01
   1.8994240e+06   8.8378906e+01
   1.8994400e+06   6.4941406e+01
   1.8994610e+06   3.1188965e+01
   1.8994940e+06   4.6630859e+01
   1.8995150e+06   6.2072754e+01
   1.8995660e+06   4.0771484e+01
   1.8996040e+06   2.9968262e+01
   1.8996200e+06   4.8034668e+01
   1.8996630e+06   3.4667969e+01
   1.8996920e+06   3.1372070e+01
   1.8998370e+06   3.0883789e+01
   1.9000340e+06   2.9052734e+01
   1.9001210e+06   3.0944824e+01
   1.9002060e+06   2.9235840e+01
   1.9003570e+06   2.8686523e+01
   1.9005100e+06   3.1250000e+01
   1.9005310e+06   2.8503418e+01
   1.9006270e+06   3.0456543e+01
   1.9006590e+06   3.0090332e+01
   1.9007360e+06   3.3691406e+01
   1.9007740e+06   3.0395508e+01
   1.9008810e+06   3.7170410e+01
   1.9030580e+06   4.4982910e+01
   2.0638420e+06   3.2043457e+01
   2.0638790e+06   2.8503418e+01
   2.0638970e+06   6.7565918e+01
   2.0639150e+06   9.1369629e+01
   2.0639400e+06   4.8461914e+01
   2.0639660e+06   7.9528809e+01
   2.0639760e+06   5.7678223e+01
   2.0640020e+06   8.1604004e+01
   2.0640150e+06   9.3078613e+01
   2.0640320e+06   4.8767090e+01
   2.0640550e+06   4.9682617e+01
   2.0640710e+06   7.8308105e+01
   2.0640940e+06   4.6203613e+01
   2.0641300e+06   4.3029785e+01
   2.0641690e+06   2.9174805e+01
   2.0642270e+06   2.8991699e+01
   2.0642510e+06   2.8503418e+01
   2.0642900e+06   3.3508301e+01
   2.0643320e+06   2.9174805e+01
   2.0650000e+06   3.8208008e+01
   2.0652640e+06   3.1066895e+01
   2.0653140e+06   2.8808594e+01
   2.0653700e+06   2.8320313e+01
   2.0654080e+06   2.8869629e+01
   2.0655020e+06   3.0883789e+01
   2.0656670e+06   4.9194336e+01
   2.0679920e+06   3.6560059e+01
   2.1603440e+06   6.9885254e+01
   2.1603820e+06   4.6020508e+01
   2.1604020e+06   1.0974121e+02
   2.1604170e+06   3.1066895e+01
   2.1604430e+06   4.4738770e+01
   2.1604680e+06   6.2927246e+01
   2.1604890e+06   1.8756104e+02
   2.1605000e+06   6.2927246e+01
   2.1605180e+06   6.2133789e+01
   2.1605340e+06   3.9794922e+01
   2.1605570e+06   7.9345703e+01
   2.1605720e+06   4.5471191e+01
   2.1606070e+06   8.2580566e+01
   2.1606280e+06   3.8513184e+01
   2.1606520e+06   3.4423828e+01
   2.1606830e+06   2.9418945e+01
   2.1607050e+06   3.0700684e+01
   2.1607650e+06   3.2653809e+01
   2.1608300e+06   3.4973145e+01
   2.1611600e+06   2.8686523e+01
   2.1612600e+06   3.1188965e+01
   2.1613360e+06   2.8320312e+01
   2.1614260e+06   2.9541016e+01
   2.1616000e+06   3.4240723e+01
   2.1618300e+06   4.4677734e+01
   2.1619550e+06   3.7780762e+01
   2.1619840e+06   3.2714844e+01
   2.1631340e+06   4.4372559e+01
   2.2728710e+06   4.1625977e+01
   2.2732940e+06   5.2368164e+01
   2.2736640e+06   5.3161621e+01
   2.2736940e+06   9.0759277e+01
   2.2738030e+06   4.7668457e+01
   2.2738140e+06   7.6171875e+01
   2.2739570e+06   4.9255371e+01
   2.2739740e+06   3.5278320e+01
   2.2740930e+06   4.1442871e+01
   2.2741180e+06   3.3508301e+01
   2.2742060e+06   3.5278320e+01
   2.2742530e+06   7.5134277e+01
   2.2742660e+06   3.4118652e+01
   2.2743090e+06   2.8076172e+01
   2.2743790e+06   3.4423828e+01
   2.2743980e+06   3.0151367e+01
   2.2745270e+06   1.0449219e+02
   2.2746530e+06   3.5827637e+01
   2.2746910e+06   8.8623047e+01
   2.2747930e+06   4.4372559e+01
   2.2748600e+06   3.1127930e+01
   2.2748820e+06   3.0212402e+01
   2.2753080e+06   3.1982422e+01
   2.2755890e+06   3.0822754e+01
   2.3428230e+06   1.1602783e+02
   2.3428420e+06   3.8513184e+01
   2.3428880e+06   2.9296875e+01
   2.3428980e+06   1.0174561e+02
   2.3429150e+06   5.0048828e+01
   2.3429440e+06   3.1616211e+01
   2.3429680e+06   4.2907715e+01
   2.3429820e+06   5.1452637e+01
   2.3430040e+06   1.3671875e+02
   2.3430230e+06   1.0937500e+02
   2.3430420e+06   3.4301758e+01
   2.3430640e+06   7.7758789e+01
   2.3430890e+06   9.4238281e+01
   2.3431110e+06   5.6335449e+01
   2.3431410e+06   5.1086426e+01
   2.3431660e+06   4.7607422e+01
   2.3432210e+06   3.8024902e+01
   2.3432690e+06   3.3813477e+01
   2.3432840e+06   3.4667969e+01
   2.3434390e+06   3.1188965e+01
   2.3436280e+06   3.9123535e+01
   2.3439140e+06   2.9418945e+01
   2.3439510e+06   3.1921387e+01
   2.3440970e+06   3.6743164e+01
   2.3442190e+06   3.4301758e+01
   2.3443510e+06   3.2836914e+01
   2.3443790e+06   3.7658691e+01
   2.3445030e+06   3.3203125e+01
   2.3445380e+06   3.5156250e+01
   2.3461260e+06   4.0954590e+01
   2.4688500e+06   3.2104492e+01
   2.4691020e+06   4.7851563e+01
   2.4691140e+06   2.8198242e+01
   2.4694940e+06   4.9865723e+01
   2.4696510e+06   9.0942383e+01
   2.4697510e+06   6.4758301e+01
   2.4697710e+06   2.9602051e+01
   2.4698220e+06   8.3251953e+01
   2.4698480e+06   3.8940430e+01
   2.4699360e+06   4.8889160e+01
   2.4699880e+06   2.9602051e+01
   2.4700360e+06   3.0883789e+01
   2.4700860e+06   3.9855957e+01
   2.4700970e+06   2.9907227e+01
   2.4701680e+06   2.9113770e+01
   2.4701960e+06   3.2775879e+01
   2.4702160e+06   2.8686523e+01
   2.4703440e+06   3.4240723e+01
   2.4704100e+06   2.8320313e+01
   2.4704520e+06   8.1298828e+01
   2.4705770e+06   3.2043457e+01
   2.4707160e+06   3.0700684e+01
   2.4708590e+06   2.8320312e+01
   2.4717210e+06   3.7658691e+01
   2.5049110e+06   2.9724121e+01
   2.5330590e+06   2.8198242e+01
   2.5730240e+06   3.9001465e+01
   2.5730570e+06   9.4177246e+01
   2.5730760e+06   6.3598633e+01
   2.5730930e+06   3.1738281e+01
   2.5731170e+06   9.3200684e+01
   2.5731330e+06   4.6813965e+01
   2.5731510e+06   3.6682129e+01
   2.5731910e+06   9.6923828e+01
   2.5732110e+06   1.0449219e+02
   2.5732400e+06   3.9245605e+01
   2.5732720e+06   7.9956055e+01
   2.5732960e+06   3.1372070e+01
   2.5733180e+06   3.6743164e+01
   2.5733340e+06   4.5227051e+01
   2.5733540e+06   2.9357910e+01
   2.5733770e+06   3.5644531e+01
   2.5733990e+06   2.9479980e+01
   2.5734430e+06   4.0710449e+01
   2.5736570e+06   3.3752441e+01
   2.5740140e+06   2.9663086e+01
   2.5740450e+06   3.0334473e+01
   2.5743630e+06   3.1188965e+01
   2.5745170e+06   3.3630371e+01
   2.5771010e+06   5.5541992e+01
   2.6338900e+06   2.8503418e+01
   2.6439210e+06   2.8015137e+01
   2.6439400e+06   8.3618164e+01
   2.6439620e+06   7.7880859e+01
   2.6439740e+06   5.0598145e+01
   2.6439860e+06   2.8076172e+01
   2.6440090e+06   7.2875977e+01
   2.6440400e+06   5.8471680e+01
   2.6440510e+06   1.5588379e+02
   2.6440700e+06   3.8940430e+01
   2.6440870e+06   5.4321289e+01
   2.6441130e+06   1.3336182e+02
   2.6441310e+06   3.2409668e+01
   2.6441710e+06   7.1899414e+01
   2.6442000e+06   5.6152344e+01
   2.6442770e+06   2.9113770e+01
   2.6443200e+06   2.8198242e+01
   2.6444140e+06   3.1311035e+01
   2.6445220e+06   4.1015625e+01
   2.6449050e+06   2.8259277e+01
   2.6451420e+06   3.5644531e+01
   2.6453860e+06   3.3813477e+01
   2.6454030e+06   2.9907227e+01
   2.6455230e+06   2.9113770e+01
   2.6455480e+06   2.9846191e+01
   2.6456160e+06   3.0151367e+01
   2.6464890e+06   4.6508789e+01
   2.7078780e+06   3.2775879e+01
   2.7078900e+06   5.7434082e+01
   2.7079090e+06   3.6132813e+01
   2.7079450e+06   7.0312500e+01
   2.7079760e+06   4.7729492e+01
   2.7080050e+06   1.0266113e+02
   2.7080160e+06   1.2274170e+02
   2.7080310e+06   8.5510254e+01
   2.7080630e+06   8.4167480e+01
   2.7080800e+06   5.3466797e+01
   2.7080950e+06   7.0129395e+01
   2.7081230e+06   4.0527344e+01
   2.7081530e+06   4.3823242e+01
   2.7081710e+06   3.0883789e+01
   2.7081900e+06   3.0090332e+01
   2.7082090e+06   3.0151367e+01
   2.7084630e+06   2.9479980e+01
   2.7085200e+06   2.8564453e+01
   2.7089380e+06   3.2897949e+01
   2.7089570e+06   3.6804199e+01
   2.7092820e+06   2.9968262e+01
   2.7095240e+06   3.3264160e+01
   2.7095410e+06   3.8452148e+01
   2.7098010e+06   3.2104492e+01
   2.7109180e+06   4.2968750e+01
   2.8035360e+06   3.6193848e+01
   2.8037000e+06   3.2226563e+01
   2.8129630e+06   2.9235840e+01
   2.8131270e+06   2.8198242e+01
   2.8133280e+06   4.4189453e+01
   2.8136210e+06   4.5227051e+01
   2.8138940e+06   5.0415039e+01
   2.8142490e+06   4.3457031e+01
   2.8145190e+06   5.0048828e+01
   2.8389720e+06   3.6682129e+01
   2.8391000e+06   2.8015137e+01
   2.8976260e+06   4.6447754e+01
   2.8976620e+06   4.7241211e+01
   2.8976740e+06   1.1535645e+02
   2.8976970e+06   3.8940430e+01
   2.8977270e+06   5.7495117e+01
   2.8977480e+06   1.1596680e+02
   2.8977640e+06   6.5185547e+01
   2.8977920e+06   4.2419434e+01
   2.8978170e+06   6.8725586e+01
   2.8978330e+06   1.1181641e+02
   2.8978550e+06   7.5744629e+01
   2.8978800e+06   7.7209473e+01
   2.8979140e+06   7.2753906e+01
   2.8979320e+06   6.0302734e+01
   2.8979480e+06   4.0954590e+01
   2.8979840e+06   4.5288086e+01
   2.8979960e+06   4.0222168e+01
   2.8980380e+06   2.9907227e+01
   2.8980710e+06   2.9602051e+01
   2.8981010e+06   3.0517578e+01
   2.8983870e+06   3.1433105e+01
   2.8985360e+06   3.4057617e+01
   2.8986200e+06   3.1433105e+01
   2.8986330e+06   2.8991699e+01
   2.8988070e+06   3.0212402e+01
   2.8988810e+06   2.8442383e+01
   2.8989580e+06   2.8381348e+01
   2.8989830e+06   3.8879395e+01
   2.8990540e+06   2.8686523e+01
   2.8991270e+06   3.1555176e+01
   2.8992090e+06   2.8137207e+01
   2.8992390e+06   2.8869629e+01
   2.8992540e+06   3.0700684e+01
   2.8994630e+06   2.8198242e+01
   2.9604980e+06   3.2226563e+01
   2.9605090e+06   1.1029053e+02
   2.9605390e+06   4.1442871e+01
   2.9605640e+06   7.0251465e+01
   2.9605780e+06   2.9785156e+01
   2.9606010e+06   4.3823242e+01
   2.9606220e+06   6.1645508e+01
   2.9606550e+06   1.4776611e+02
   2.9606700e+06   3.5888672e+01
   2.9606840e+06   5.8349609e+01
   2.9607110e+06   5.1879883e+01
   2.9607320e+06   4.1259766e+01
   2.9607690e+06   5.9753418e+01
   2.9607840e+06   5.2734375e+01
   2.9608130e+06   3.7719727e+01
   2.9608270e+06   4.5410156e+01
   2.9608410e+06   2.8930664e+01
   2.9608870e+06   3.1188965e+01
   2.9609730e+06   3.4179688e+01
   2.9613000e+06   2.8442383e+01
   2.9614060e+06   2.8991699e+01
   2.9614460e+06   3.0822754e+01
   2.9616290e+06   2.8198242e+01
   2.9616450e+06   2.9113770e+01
   2.9619520e+06   2.9541016e+01
   2.9620480e+06   3.7658691e+01
   2.9626380e+06   3.1005859e+01
   2.9634340e+06   4.1992188e+01
   2.9864380e+06   2.8625488e+01
   3.0023840e+06   4.9438477e+01
   3.0025100e+06   5.7983398e+01
   3.0025820e+06   7.2448730e+01
   3.0026780e+06   5.1330566e+01
   3.0028290e+06   3.2775879e+01
   3.0028550e+06   4.8217773e+01
   3.0029470e+06   8.0749512e+01
   3.0029720e+06   3.5217285e+01
   3.0030130e+06   5.7250977e+01
   3.0030810e+06   2.8381348e+01
   3.0031030e+06   8.2275391e+01
   3.0031300e+06   3.4973145e+01
   3.0032130e+06   3.5766602e+01
   3.0032440e+06   4.1076660e+01
   3.0032740e+06   8.5876465e+01
   3.0033190e+06   2.8381348e+01
   3.0033430e+06   4.1259766e+01
   3.0033580e+06   2.8808594e+01
   3.0033920e+06   8.4411621e+01
   3.0034120e+06   4.7973633e+01
   3.0034280e+06   3.3630371e+01
   3.0034610e+06   1.1987305e+02
   3.0034720e+06   3.4790039e+01
   3.0035020e+06   4.9865723e+01
   3.0035210e+06   3.9611816e+01
   3.0035370e+06   6.0485840e+01
   3.0035590e+06   3.3996582e+01
   3.0035950e+06   4.3518066e+01
   3.0036060e+06   3.3996582e+01
   3.0036250e+06   3.1494141e+01
   3.0036580e+06   4.5043945e+01
   3.0036930e+06   3.4606934e+01
   3.0037190e+06   2.8930664e+01
   3.0037530e+06   3.2531738e+01
   3.0038380e+06   3.7597656e+01
   3.0039030e+06   2.8015137e+01
   3.0042400e+06   3.1127930e+01
   3.0048060e+06   3.0944824e+01
   3.0057950e+06   5.1513672e+01
   3.0133360e+06   4.5288086e+01
   3.0138540e+06   4.6875000e+01
   3.1169020e+06   2.9846191e+01
   3.1169180e+06   8.9172363e+01
   3.1169390e+06   6.8481445e+01
   3.1169620e+06   3.8146973e+01
   3.1169910e+06   1.1016846e+02
   3.1170070e+06   5.1940918e+01
   3.1170410e+06   9.2529297e+01
   3.1170550e+06   4.4006348e+01
   3.1170750e+06   6.9030762e+01
   3.1171020e+06   5.9143066e+01
   3.1171250e+06   5.2246094e+01
   3.1171440e+06   2.8747559e+01
   3.1171680e+06   4.2968750e+01
   3.1171800e+06   3.2653809e+01
   3.1172090e+06   3.0395508e+01
   3.1172440e+06   3.0883789e+01
   3.1172690e+06   3.6437988e+01
   3.1173650e+06   3.8940430e+01
   3.1175080e+06   2.8747559e+01
   3.1176210e+06   2.9418945e+01
   3.1178960e+06   3.4912109e+01
   3.1182940e+06   2.7954102e+01
   3.1183900e+06   2.8198242e+01
   3.1186440e+06   2.9479980e+01
   3.1193140e+06   3.4362793e+01
   3.1206660e+06   3.2653809e+01
   3.1208500e+06   3.4301758e+01
   3.1218740e+06   4.0405273e+01
   3.1225090e+06   4.0039063e+01
   3.1730500e+06   4.4189453e+01
   3.1730630e+06   1.1267090e+02
   3.1730970e+06   5.3283691e+01
   3.1731180e+06   7.8979492e+01
   3.1731470e+06   8.3312988e+01
   3.1731660e+06   1.0485840e+02
   3.1731930e+06   9.2285156e+01
   3.1732230e+06   7.2570801e+01
   3.1732460e+06   8.0078125e+01
   3.1732770e+06   3.2043457e+01
   3.1732870e+06   5.1574707e+01
   3.1733240e+06   4.4433594e+01
   3.1733540e+06   3.3325195e+01
   3.1733920e+06   4.4921875e+01
   3.1734030e+06   2.8869629e+01
   3.1734320e+06   2.8015137e+01
   3.1734860e+06   3.3630371e+01
   3.1734960e+06   2.9235840e+01
   3.1735810e+06   2.9846191e+01
   3.1736090e+06   2.9052734e+01
   3.1736510e+06   3.2653809e+01
   3.1740350e+06   4.4128418e+01
   3.1740830e+06   3.1555176e+01
   3.1744190e+06   3.7353516e+01
   3.1744530e+06   2.7893066e+01
   3.1745100e+06   3.6010742e+01
   3.1749300e+06   2.8381348e+01
   3.1772920e+06   2.9541016e+01
   3.1781410e+06   3.5339355e+01
   3.3820110e+06   5.6640625e+01
   3.3820370e+06   2.8076172e+01
   3.3820820e+06   8.8989258e+01
   3.3820980e+06   3.0578613e+01
   3.3821410e+06   7.0983887e+01
   3.3821690e+06   4.5288086e+01
   3.3821960e+06   5.5786133e+01
   3.3822180e+06   4.0222168e+01
   3.3822430e+06   1.0003662e+02
   3.3822600e+06   3.2531738e+01
   3.3822740e+06   2.9907227e+01
   3.3823000e+06   4.3945313e+01
   3.3823120e+06   1.1981201e+02
   3.3823430e+06   3.7414551e+01
   3.3823690e+06   5.0109863e+01
   3.3823790e+06   4.4921875e+01
   3.3824110e+06   2.9174805e+01
   3.3824590e+06   3.2409668e+01
   3.3824840e+06   3.0151367e+01
   3.3826300e+06   3.0273438e+01
   3.3826410e+06   2.9174805e+01
   3.3829650e+06   2.9174805e+01
   3.3836880e+06   2.9846191e+01
   3.3869950e+06   3.6376953e+01
   3.4940730e+06   6.5307617e+01
   3.4941850e+06   2.9357910e+01
   3.4941960e+06   4.9133301e+01
   3.4943100e+06   4.1442871e+01
   3.4943400e+06   2.9174805e+01
   3.4943550e+06   7.9833984e+01
   3.4943760e+06   9.4177246e+01
   3.4943910e+06   4.6569824e+01
   3.4944220e+06   6.8176270e+01
   3.4944590e+06   3.7292480e+01
   3.4944830e+06   1.1840820e+02
   3.4945100e+06   3.3203125e+01
   3.4945390e+06   3.6987305e+01
   3.4945690e+06   1.3916016e+02
   3.4945900e+06   3.4057617e+01
   3.4946140e+06   4.8278809e+01
   3.4946370e+06   7.2387695e+01
   3.4946640e+06   4.8828125e+01
   3.4946750e+06   3.3386230e+01
   3.4947230e+06   4.6447754e+01
   3.4947400e+06   3.2775879e+01
   3.4947850e+06   3.1127930e+01
   3.4948380e+06   2.9907227e+01
   3.4949380e+06   3.0273438e+01
   3.4950910e+06   3.0944824e+01
   3.4953180e+06   2.8808594e+01
   3.4957310e+06   3.3203125e+01
   3.4960060e+06   2.9663086e+01
   3.4962300e+06   2.8869629e+01
   3.4964460e+06   2.8442383e+01
   3.4973810e+06   4.2114258e+01
   3.4994240e+06   4.2663574e+01
   3.5412570e+06   4.5288086e+01
   3.6547440e+06   3.7414551e+01
   3.6547890e+06   5.5725098e+01
   3.6548250e+06   7.6904297e+01
   3.6548400e+06   3.3203125e+01
   3.6548850e+06   5.9570313e+01
   3.6549030e+06   4.2785645e+01
   3.6549140e+06   4.0283203e+01
   3.6549370e+06   3.2104492e+01
   3.6549550e+06   7.6904297e+01
   3.6549930e+06   3.0822754e+01
   3.6550110e+06   7.3547363e+01
   3.6550480e+06   5.3771973e+01
   3.6550700e+06   6.7810059e+01
   3.6551000e+06   3.4301758e+01
   3.6551470e+06   3.6376953e+01
   3.6551780e+06   3.1677246e+01
   3.6552400e+06   3.0700684e+01
   3.6555450e+06   3.0090332e+01
   3.6556760e+06   3.5339355e+01
   3.6562390e+06   3.0456543e+01
   3.6573470e+06   4.0893555e+01
   3.6574930e+06   3.8269043e+01
   3.6597830e+06   4.5227051e+01
   3.6602780e+06   4.8156738e+01
   3.7167990e+06   6.4636230e+01
   3.7168240e+06   5.5114746e+01
   3.7168340e+06   3.1616211e+01
   3.7168560e+06   5.5908203e+01
   3.7168860e+06   5.8837891e+01
   3.7168970e+06   1.0217285e+02
   3.7169200e+06   6.0791016e+01
   3.7169460e+06   1.1035156e+02
   3.7169600e+06   4.5166016e+01
   3.7169830e+06   5.1452637e+01
   3.7170160e+06   7.4584961e+01
   3.7170270e+06   7.3120117e+01
   3.7170670e+06   5.8349609e+01
   3.7170900e+06   3.0700684e+01
   3.7171080e+06   3.1127930e+01
   3.7171230e+06   3.3935547e+01
   3.7171500e+06   3.0822754e+01
   3.7171750e+06   3.5278320e+01
   3.7172660e+06   3.2348633e+01
   3.7172920e+06   2.9968262e+01
   3.7173480e+06   2.8259277e+01
   3.7175990e+06   3.1555176e+01
   3.7177080e+06   3.1005859e+01
   3.7177800e+06   2.9296875e+01
   3.7181280e+06   3.2348633e+01
   3.7189030e+06   2.8564453e+01
   3.7205240e+06   3.3264160e+01
   3.7212050e+06   3.8757324e+01
   3.7215610e+06   3.7048340e+01
   3.8380210e+06   4.9743652e+01
   3.8381220e+06   3.4057617e+01
   3.8381530e+06   9.8999023e+01
   3.8382130e+06   7.9406738e+01
   3.8382390e+06   2.9235840e+01
   3.8382680e+06   3.2592773e+01
   3.8382920e+06   5.1696777e+01
   3.8383200e+06   3.6010742e+01
   3.8383320e+06   9.5886230e+01
   3.8383530e+06   1.2835693e+02
   3.8383730e+06   3.5034180e+01
   3.8383980e+06   4.9804688e+01
   3.8384250e+06   4.6997070e+01
   3.8384380e+06   3.8513184e+01
   3.8384600e+06   3.3142090e+01
   3.8384720e+06   5.5419922e+01
   3.8384870e+06   2.9724121e+01
   3.8385300e+06   3.9062500e+01
   3.8385550e+06   2.8747559e+01
   3.8385820e+06   3.1555176e+01
   3.8389660e+06   2.9968262e+01
   3.8389800e+06   2.9174805e+01
   3.8390430e+06   2.9235840e+01
   3.8391050e+06   2.8869629e+01
   3.8392960e+06   3.1433105e+01
   3.8393720e+06   2.8137207e+01
   3.8404920e+06   3.9062500e+01
   3.8421930e+06   3.3752441e+01
   3.8427500e+06   4.5532227e+01
   3.8431990e+06   3.2897949e+01
   4.0280730e+06   3.3203125e+01
   4.0281300e+06   7.8979492e+01
   4.0281540e+06   9.5520020e+01
   4.0281750e+06   4.2419434e+01
   4.0281910e+06   5.6945801e+01
   4.0282160e+06   3.9733887e+01
   4.0282460e+06   4.0954590e+01
   4.0282620e+06   5.3283691e+01
   4.0282830e+06   4.1259766e+01
   4.0283000e+06   3.0456543e+01
   4.0283260e+06   1.4227295e+02
   4.0283380e+06   2.9785156e+01
   4.0283700e+06   4.4311523e+01
   4.0283890e+06   6.3476563e+01
   4.0284030e+06   3.0395508e+01
   4.0284210e+06   4.1198730e+01
   4.0284460e+06   3.6804199e+01
   4.0284770e+06   3.3874512e+01
   4.0287140e+06   2.8259277e+01
   4.0289410e+06   3.3386230e+01
   4.0293580e+06   3.8757324e+01
   4.0294680e+06   3.0456543e+01
   4.0297190e+06   3.2287598e+01
   4.0330080e+06   4.5593262e+01
   4.2055410e+06   8.5327148e+01
   4.2055660e+06   2.7893066e+01
   4.2055790e+06   4.1381836e+01
   4.2055960e+06   4.8828125e+01
   4.2056130e+06   3.0639648e+01
   4.2056350e+06   1.3732910e+02
   4.2056790e+06   4.4250488e+01
   4.2057070e+06   7.4279785e+01
   4.2057370e+06   7.0739746e+01
   4.2057560e+06   3.9978027e+01
   4.2057790e+06   5.8471680e+01
   4.2057910e+06   3.6743164e+01
   4.2058250e+06   2.9602051e+01
   4.2058800e+06   2.8381348e+01
   4.2058990e+06   3.3386230e+01
   4.2059420e+06   3.5339355e+01
   4.2059670e+06   4.4555664e+01
   4.2061400e+06   2.8808594e+01
   4.2062590e+06   2.9235840e+01
   4.2064170e+06   2.8259277e+01
   4.2065310e+06   3.1372070e+01
   4.2067740e+06   2.9357910e+01
   4.2068800e+06   2.8808594e+01
   4.2070190e+06   2.9907227e+01
   4.2071800e+06   2.8747559e+01
   4.2077100e+06   3.8330078e+01
   4.2079530e+06   4.0405273e+01
   4.2107120e+06   3.0639648e+01
   4.3267390e+06   3.5400391e+01
   4.3267930e+06   5.4382324e+01
   4.3268730e+06   3.1127930e+01
   4.3269430e+06   5.4382324e+01
   4.3269830e+06   1.6625977e+02
   4.3269970e+06   5.3771973e+01
   4.3270310e+06   5.0964355e+01
   4.3270440e+06   4.4128418e+01
   4.3270560e+06   3.8024902e+01
   4.3271040e+06   3.9489746e+01
   4.3271150e+06   9.9121094e+01
   4.3271430e+06   4.1015625e+01
   4.3271740e+06   7.1838379e+01
   4.3272010e+06   4.8645020e+01
   4.3272230e+06   3.0883789e+01
   4.3272330e+06   3.4973145e+01
   4.3272510e+06   4.5166016e+01
   4.3272680e+06   2.9602051e+01
   4.3272790e+06   3.1921387e+01
   4.3273110e+06   3.6132813e+01
   4.3273300e+06   3.2226563e+01
   4.3273680e+06   2.9541016e+01
   4.3273920e+06   2.8747559e+01
   4.3274590e+06   2.9541016e+01
   4.3278150e+06   2.9357910e+01
   4.3279410e+06   3.5949707e+01
   4.3287010e+06   2.9968262e+01
   4.3312220e+06   3.4729004e+01
   4.3321590e+06   3.0395508e+01
   4.3358330e+06   3.0517578e+01
   4.4539120e+06   3.2470703e+01
   4.4539640e+06   7.2509766e+01
   4.4540000e+06   4.6020508e+01
   4.4540330e+06   6.4147949e+01
   4.4540460e+06   3.0395508e+01
   4.4540760e+06   4.7729492e+01
   4.4540900e+06   6.6711426e+01
   4.4541070e+06   1.0076904e+02
   4.4541430e+06   1.0626221e+02
   4.4541610e+06   3.7170410e+01
   4.4541850e+06   7.3608398e+01
   4.4542020e+06   6.1950684e+01
   4.4542350e+06   3.0151367e+01
   4.4542640e+06   5.4687500e+01
   4.4542770e+06   3.1616211e+01
   4.4543230e+06   2.8198242e+01
   4.4543440e+06   2.8137207e+01
   4.4543890e+06   3.0822754e+01
   4.4545290e+06   3.0151367e+01
   4.4548200e+06   2.8625488e+01
   4.4563240e+06   3.2043457e+01
   4.4578820e+06   3.5644531e+01
   4.4588410e+06   3.8330078e+01
   4.6495340e+06   5.3344727e+01
   4.6495550e+06   1.0491943e+02
   4.6495790e+06   3.4240723e+01
   4.6496150e+06   4.5043945e+01
   4.6496280e+06   6.4331055e+01
   4.6496650e+06   3.8208008e+01
   4.6496940e+06   6.4636230e+01
   4.6497040e+06   9.5153809e+01
   4.6497190e+06   2.8503418e+01
   4.6497470e+06   3.2958984e+01
   4.6497610e+06   3.0029297e+01
   4.6497780e+06   8.1726074e+01
   4.6497980e+06   3.3325195e+01
   4.6498300e+06   6.0791016e+01
   4.6498570e+06   2.9418945e+01
   4.6498700e+06   3.3935547e+01
   4.6499000e+06   3.7902832e+01
   4.6499510e+06   3.4301758e+01
   4.6500020e+06   2.7893066e+01
   4.6500970e+06   2.7893066e+01
   4.6501250e+06   3.7536621e+01
   4.6501660e+06   2.9174805e+01
   4.6502860e+06   2.8991699e+01
   4.6506180e+06   3.2958984e+01
   4.6509650e+06   3.2958984e+01
   4.6510590e+06   2.9479980e+01
   4.6512010e+06   2.8808594e+01
   4.6512320e+06   2.9113770e+01
   4.6515730e+06   2.8991699e+01
   4.6530040e+06   2.9113770e+01
   4.6540030e+06   3.2958984e+01
   4.6543240e+06   3.6743164e+01
   4.7593520e+06   2.8259277e+01
   4.7595340e+06   7.3181152e+01
   4.7595450e+06   4.6997070e+01
   4.7595580e+06   4.9316406e+01
   4.7596940e+06   5.0842285e+01
   4.7597960e+06   9.9121094e+01
   4.7598180e+06   4.6752930e+01
   4.7599350e+06   5.8044434e+01
   4.7599620e+06   3.5034180e+01
   4.7600310e+06   3.1677246e+01
   4.7600610e+06   3.1677246e+01
   4.7601310e+06   7.2204590e+01
   4.7601500e+06   5.4565430e+01
   4.7601720e+06   4.1503906e+01
   4.7601990e+06   6.0119629e+01
   4.7602110e+06   3.3874512e+01
   4.7602330e+06   4.5898438e+01
   4.7602500e+06   1.3299561e+02
   4.7602690e+06   3.4973145e+01
   4.7602900e+06   3.6010742e+01
   4.7603170e+06   3.2653809e+01
   4.7603290e+06   1.1230469e+02
   4.7603510e+06   4.6691895e+01
   4.7603620e+06   3.1188965e+01
   4.7603910e+06   3.4423828e+01
   4.7604080e+06   4.4372559e+01
   4.7604180e+06   3.4790039e+01
   4.7605510e+06   2.8747559e+01
   4.7605850e+06   3.0090332e+01
   4.7606140e+06   2.9357910e+01
   4.7606880e+06   3.0029297e+01
   4.7607880e+06   3.2104492e+01
   4.7610450e+06   2.8686523e+01
   4.7613670e+06   2.9602051e+01
   4.8900400e+06   9.4665527e+01
   4.8900510e+06   1.0156250e+02
   4.8901000e+06   3.1677246e+01
   4.8901190e+06   8.1054688e+01
   4.8901480e+06   1.1492920e+02
   4.8901740e+06   7.2631836e+01
   4.8901910e+06   8.3496094e+01
   4.8902090e+06   3.5461426e+01
   4.8902200e+06   4.1320801e+01
   4.8902440e+06   9.2773438e+01
   4.8902570e+06   6.0363770e+01
   4.8902780e+06   6.0852051e+01
   4.8902990e+06   5.1025391e+01
   4.8903200e+06   4.4921875e+01
   4.8903410e+06   4.0405273e+01
   4.8903680e+06   4.4799805e+01
   4.8903910e+06   2.9052734e+01
   4.8904270e+06   3.1066895e+01
   4.8904460e+06   3.2775879e+01
   4.8905400e+06   2.8076172e+01
   4.8906030e+06   2.9541016e+01
   4.8906890e+06   2.9113770e+01
   4.8908120e+06   2.8320313e+01
   4.8909860e+06   3.1127930e+01
   4.8913250e+06   2.7954102e+01
   4.8914790e+06   3.1738281e+01
   4.8919300e+06   2.8625488e+01
   4.8943560e+06   3.3447266e+01
   4.9066650e+06   2.8625488e+01
   5.0614980e+06   5.9448242e+01
   5.0615260e+06   1.0156250e+02
   5.0615440e+06   8.8012695e+01
   5.0615740e+06   6.0302734e+01
   5.0615870e+06   7.9345703e+01
   5.0616330e+06   3.2714844e+01
   5.0616470e+06   1.0003662e+02
   5.0616950e+06   3.8146973e+01
   5.0617060e+06   1.0614014e+02
   5.0617270e+06   3.6071777e+01
   5.0617380e+06   4.7180176e+01
   5.0617530e+06   3.4973145e+01
   5.0617730e+06   7.7453613e+01
   5.0617960e+06   3.1250000e+01
   5.0618170e+06   4.3518066e+01
   5.0618340e+06   3.4790039e+01
   5.0618510e+06   4.7912598e+01
   5.0618960e+06   2.9296875e+01
   5.0619360e+06   3.0273438e+01
   5.0619630e+06   4.0527344e+01
   5.0629240e+06   3.0090332e+01
   5.0630170e+06   3.1005859e+01
   5.0635510e+06   3.2104492e+01
   5.0638380e+06   3.3264160e+01
   5.0661490e+06   4.1503906e+01
   5.0668460e+06   4.6447754e+01
   5.1760370e+06   3.3203125e+01
   5.1761500e+06   4.8339844e+01
   5.1761720e+06   9.9731445e+01
   5.1761880e+06   7.1228027e+01
   5.1762010e+06   3.3752441e+01
   5.1762340e+06   5.3833008e+01
   5.1762600e+06   3.1738281e+01
   5.1762890e+06   8.6669922e+01
   5.1763120e+06   3.4301758e+01
   5.1763270e+06   4.4921875e+01
   5.1763430e+06   3.3874512e+01
   5.1763550e+06   4.9621582e+01
   5.1763790e+06   5.8227539e+01
   5.1763930e+06   3.7902832e+01
   5.1764120e+06   5.6213379e+01
   5.1764380e+06   3.5644531e+01
   5.1764690e+06   3.6193848e+01
   5.1764790e+06   3.4484863e+01
   5.1765410e+06   3.4606934e+01
   5.1765940e+06   3.0517578e+01
   5.1766290e+06   4.2114258e+01
   5.1767150e+06   2.8137207e+01
   5.1767550e+06   3.4912109e+01
   5.1773650e+06   2.8259277e+01
   5.1774570e+06   2.8564453e+01
   5.1775650e+06   2.8564453e+01
   5.1778050e+06   3.2531738e+01
   5.1781290e+06   3.0883789e+01
   5.1807260e+06   3.2958984e+01
   5.3500300e+06   6.1096191e+01
   5.3500490e+06   8.1542969e+01
   5.3500810e+06   4.6020508e+01
   5.3500930e+06   9.2346191e+01
   5.3501090e+06   6.4880371e+01
   5.3501710e+06   6.7016602e+01
   5.3502070e+06   7.5500488e+01
   5.3502240e+06   1.0687256e+02
   5.3502350e+06   5.3710938e+01
   5.3502470e+06   2.9113770e+01
   5.3502730e+06   3.5583496e+01
   5.3502950e+06   5.7189941e+01
   5.3503120e+06   3.6804199e+01
   5.3503340e+06   3.5949707e+01
   5.3503620e+06   3.3752441e+01
   5.3503840e+06   4.5104980e+01
   5.3504160e+06   3.5339355e+01
   5.3504550e+06   3.0273438e+01
   5.3505350e+06   2.9418945e+01
   5.3505990e+06   3.0273438e+01
   5.3506320e+06   3.9733887e+01
   5.3506690e+06   2.8076172e+01
   5.3512780e+06   2.8869629e+01
   5.3519440e+06   2.8137207e+01
   5.3530270e+06   3.2836914e+01
   5.3547400e+06   4.4555664e+01
   5.3550470e+06   3.6010742e+01
   5.4919160e+06   2.9663086e+01
   5.4919640e+06   7.4157715e+01
   5.4919740e+06   4.1687012e+01
   5.4920140e+06   4.3945313e+01
   5.4920320e+06   1.5759277e+02
   5.4920470e+06   3.6010742e+01
   5.4920800e+06   4.7546387e+01
   5.4921020e+06   1.2396240e+02
   5.4921130e+06   6.8054199e+01
   5.4921260e+06   6.3720703e+01
   5.4921480e+06   3.3264160e+01
   5.4921710e+06   7.9895020e+01
   5.4921810e+06   7.7636719e+01
   5.4921980e+06   4.0161133e+01
   5.4922140e+06   3.0639648e+01
   5.4922430e+06   5.3894043e+01
   5.4922660e+06   4.3884277e+01
   5.4922800e+06   3.3386230e+01
   5.4922960e+06   3.0212402e+01
   5.4923170e+06   3.6926270e+01
   5.4923340e+06   3.1311035e+01
   5.4923750e+06   3.8818359e+01
   5.4924340e+06   3.0944824e+01
   5.4924780e+06   2.9846191e+01
   5.4925890e+06   2.9418945e+01
   5.4927840e+06   2.8137207e+01
   5.4929490e+06   3.1311035e+01
   5.4929590e+06   3.4240723e+01
   5.4932890e+06   3.2165527e+01
   5.4967450e+06   4.2236328e+01
   5.5092120e+06   2.8808594e+01
   5.6464240e+06   5.5725098e+01
   5.6464580e+06   2.8869629e+01
   5.6465810e+06   4.3090820e+01
   5.6466230e+06   7.9162598e+01
   5.6467450e+06   3.5217285e+01
   5.6467590e+06   5.0598145e+01
   5.6468380e+06   9.0881348e+01
   5.6468610e+06   4.4494629e+01
   5.6468860e+06   4.2785645e+01
   5.6469230e+06   4.2419434e+01
   5.6469570e+06   8.4960938e+01
   5.6469680e+06   3.3935547e+01
   5.6469940e+06   6.7260742e+01
   5.6470250e+06   5.7067871e+01
   5.6470360e+06   3.6926270e+01
   5.6470510e+06   4.0100098e+01
   5.6470790e+06   4.9499512e+01
   5.6470920e+06   9.8083496e+01
   5.6471340e+06   5.6823730e+01
   5.6471510e+06   3.3691406e+01
   5.6471640e+06   5.0231934e+01
   5.6471740e+06   4.4799805e+01
   5.6471980e+06   3.5888672e+01
   5.6472150e+06   4.1137695e+01
   5.6472450e+06   3.3996582e+01
   5.6472680e+06   3.4362793e+01
   5.6472900e+06   2.8503418e+01
   5.6474730e+06   3.1188965e+01
   5.6475070e+06   2.9968262e+01
   5.6476330e+06   3.0029297e+01
   5.6476800e+06   3.0395508e+01
   5.6479490e+06   2.8991699e+01
   5.6481680e+06   2.9846191e+01
   5.6487480e+06   2.8259277e+01
   5.6494440e+06   3.9123535e+01
   5.6511310e+06   3.7841797e+01
   5.8149410e+06   5.2612305e+01
   5.8151860e+06   3.2287598e+01
   5.8711920e+06   3.2043457e+01
   5.8712100e+06   1.1499023e+02
   5.8712240e+06   5.9814453e+01
   5.8712530e+06   4.9682617e+01
   5.8712700e+06   6.7749023e+01
   5.8712810e+06   1.0437012e+02
   5.8713180e+06   3.6987305e+01
   5.8713460e+06   5.1147461e+01
   5.8713650e+06   3.9978027e+01
   5.8713800e+06   4.9194336e+01
   5.8714150e+06   6.3781738e+01
   5.8714270e+06   4.3151855e+01
   5.8714440e+06   3.5034180e+01
   5.8714690e+06   3.1433105e+01
   5.8714850e+06   3.6865234e+01
   5.8715220e+06   2.9968262e+01
   5.8715370e+06   2.8015137e+01
   5.8715570e+06   4.1625977e+01
   5.8717540e+06   3.2653809e+01
   5.8726390e+06   3.1738281e+01
   5.8727150e+06   2.9174805e+01
   5.8729020e+06   2.7954102e+01
   5.8736300e+06   3.2653809e+01
   5.8756800e+06   2.8259277e+01
   5.8811780e+06   5.6518555e+01
   6.0608210e+06   3.9001465e+01
   6.0608770e+06   3.2470703e+01
   6.0609170e+06   7.4401855e+01
   6.0609290e+06   9.6130371e+01
   6.0609470e+06   3.3081055e+01
   6.0609770e+06   7.0312500e+01
   6.0610090e+06   6.6650391e+01
   6.0610270e+06   7.2753906e+01
   6.0610460e+06   4.4921875e+01
   6.0610780e+06   1.2292480e+02
   6.0611050e+06   6.5002441e+01
   6.0611370e+06   5.4565430e+01
   6.0611590e+06   3.5461426e+01
   6.0611800e+06   4.1381836e+01
   6.0611990e+06   3.0090332e+01
   6.0612240e+06   3.9733887e+01
   6.0612400e+06   3.4057617e+01
   6.0612750e+06   4.2602539e+01
   6.0613040e+06   3.0395508e+01
   6.0613190e+06   3.5766602e+01
   6.0614470e+06   2.9663086e+01
   6.0615330e+06   3.1738281e+01
   6.0622090e+06   3.1738281e+01
   6.0624700e+06   3.1066895e+01
   6.0629180e+06   3.0944824e+01
   6.0670510e+06   4.4006348e+01
   6.0740310e+06   4.6936035e+01
   6.2011810e+06   4.7607422e+01
   6.2011930e+06   2.9296875e+01
   6.2012280e+06   8.9172363e+01
   6.2012470e+06   4.8156738e+01
   6.2012750e+06   3.5644531e+01
   6.2012900e+06   7.8552246e+01
   6.2013100e+06   3.1188965e+01
   6.2013430e+06   1.0571289e+02
   6.2013570e+06   7.3791504e+01
   6.2013750e+06   6.8298340e+01
   6.2014150e+06   8.2946777e+01
   6.2014430e+06   3.9794922e+01
   6.2014550e+06   2.8747559e+01
   6.2014880e+06   3.3996582e+01
   6.2015110e+06   3.3081055e+01
   6.2015360e+06   2.8259277e+01
   6.2015710e+06   3.6193848e+01
   6.2016370e+06   3.1494141e+01
   6.2016820e+06   2.8015137e+01
   6.2020200e+06   2.8747559e+01
   6.2035540e+06   3.7963867e+01
   6.2057560e+06   3.5522461e+01
   6.2064920e+06   4.4860840e+01
   6.2130270e+06   4.2602539e+01
   6.3465090e+06   5.6945801e+01
   6.3465480e+06   4.1809082e+01
   6.3465870e+06   9.2041016e+01
   6.3466060e+06   5.4992676e+01
   6.3466180e+06   3.9184570e+01
   6.3466470e+06   3.8696289e+01
   6.3466580e+06   6.5856934e+01
   6.3466870e+06   4.9499512e+01
   6.3466990e+06   7.1777344e+01
   6.3467180e+06   7.2692871e+01
   6.3467300e+06   3.0029297e+01
   6.3467640e+06   1.2109375e+02
   6.3467850e+06   4.9499512e+01
   6.3468200e+06   7.8491211e+01
   6.3468330e+06   4.5288086e+01
   6.3468460e+06   3.0944824e+01
   6.3468680e+06   3.6193848e+01
   6.3468950e+06   2.9113770e+01
   6.3469320e+06   4.3518066e+01
   6.3469600e+06   3.3081055e+01
   6.3469850e+06   4.3090820e+01
   6.3470070e+06   3.3508301e+01
   6.3471330e+06   2.8869629e+01
   6.3472130e+06   2.8503418e+01
   6.3476240e+06   3.5705566e+01
   6.3477390e+06   2.8259277e+01
   6.3483280e+06   2.9296875e+01
   6.3521260e+06   4.0161133e+01
   6.4908980e+06   3.0456543e+01
   6.4909320e+06   4.0161133e+01
   6.4910050e+06   1.7022705e+02
   6.4910200e+06   6.5002441e+01
   6.4910410e+06   4.6081543e+01
   6.4910740e+06   6.3659668e+01
   6.4910890e+06   3.9978027e+01
   6.4911030e+06   7.7636719e+01
   6.4911350e+06   7.0556641e+01
   6.4911640e+06   4.0466309e+01
   6.4911750e+06   1.0723877e+02
   6.4911960e+06   8.9477539e+01
   6.4912300e+06   7.3974609e+01
   6.4912570e+06   3.3264160e+01
   6.4912820e+06   2.8503418e+01
   6.4913150e+06   3.4912109e+01
   6.4913380e+06   3.0334473e+01
   6.4913610e+06   4.3395996e+01
   6.4913710e+06   3.4790039e+01
   6.4913900e+06   3.6682129e+01
   6.4914160e+06   3.3874512e+01
   6.4915000e+06   3.2592773e+01
   6.4915310e+06   4.0649414e+01
   6.4915620e+06   2.8625488e+01
   6.4917660e+06   3.6560059e+01
   6.4918800e+06   2.8259277e+01
   6.4921740e+06   2.8259277e+01
   6.4922920e+06   3.1005859e+01
   6.4923650e+06   2.8198242e+01
   6.4927080e+06   3.1005859e+01
   6.4934310e+06   4.3457031e+01
   6.4955320e+06   3.3264160e+01
   6.4957700e+06   4.2663574e+01
   6.4961510e+06   3.4851074e+01
   6.5976190e+06   4.9682617e+01
   6.5977290e+06   4.4494629e+01
   6.5977890e+06   2.8259277e+01
   6.5978320e+06   7.6416016e+01
   6.5978590e+06   4.6875000e+01
   6.5978820e+06   2.8259277e+01
   6.5979320e+06   4.0466309e+01
   6.5979470e+06   5.0842285e+01
   6.5979730e+06   6.8908691e+01
   6.5980070e+06   7.3181152e+01
   6.5980400e+06   4.5593262e+01
   6.5980560e+06   1.1322021e+02
   6.5980840e+06   3.4484863e+01
   6.5981060e+06   5.9753418e+01
   6.5981250e+06   8.7158203e+01
   6.5981640e+06   4.6508789e+01
   6.5981810e+06   5.9082031e+01
   6.5982180e+06   4.0710449e+01
   6.5982850e+06   3.1188965e+01
   6.5983800e+06   2.7954102e+01
   6.5984530e+06   3.1311035e+01
   6.5985180e+06   2.8564453e+01
   6.5990540e+06   3.0273438e+01
   6.5994090e+06   3.1921387e+01
   6.5999020e+06   2.7893066e+01
   6.6030540e+06   2.9296875e+01
   6.6121020e+06   4.9499512e+01
   6.8238630e+06   3.1066895e+01
   6.8239180e+06   5.4687500e+01
   6.8239400e+06   7.8613281e+01
   6.8239520e+06   3.1860352e+01
   6.8239800e+06   4.8522949e+01
   6.8239980e+06   9.0942383e+01
   6.8240200e+06   3.9489746e+01
   6.8240540e+06   5.2795410e+01
   6.8240760e+06   1.1096191e+02
   6.8240910e+06   4.9438477e+01
   6.8241270e+06   2.7954102e+01
   6.8241440e+06   1.1230469e+02
   6.8241690e+06   3.5644531e+01
   6.8241960e+06   3.5644531e+01
   6.8242340e+06   3.8330078e+01
   6.8242700e+06   3.7231445e+01
   6.8242940e+06   2.9418945e+01
   6.8243180e+06   2.9296875e+01
   6.8243810e+06   3.1311035e+01
   6.8244360e+06   2.8198242e+01
   6.8250020e+06   2.8564453e+01
   6.8263270e+06   3.7231445e+01
   6.8292240e+06   3.4606934e+01
   6.9259650e+06   1.0290527e+02
   6.9260000e+06   5.1513672e+01
   6.9260280e+06   8.9843750e+01
   6.9260550e+06   4.9255371e+01
   6.9260820e+06   1.2860107e+02
   6.9261090e+06   1.0351563e+02
   6.9261320e+06   4.5043945e+01
   6.9261510e+06   9.1735840e+01
   6.9261730e+06   4.9682617e+01
   6.9261960e+06   3.6193848e+01
   6.9262170e+06   2.9418945e+01
   6.9262400e+06   5.5969238e+01
   6.9262620e+06   2.8747559e+01
   6.9262810e+06   3.1005859e+01
   6.9263210e+06   3.1250000e+01
   6.9263570e+06   2.9785156e+01
   6.9265340e+06   2.8076172e+01
   6.9267090e+06   2.8991699e+01
   6.9269950e+06   2.8259277e+01
   6.9270940e+06   3.2775879e+01
   6.9276210e+06   2.8076172e+01
   6.9300210e+06   2.9907227e+01
   6.9309450e+06   3.8146973e+01
   7.0937220e+06   6.3476563e+01
   7.0937320e+06   2.7954102e+01
   7.0938600e+06   3.8879395e+01
   7.0938710e+06   1.2310791e+02
   7.0939130e+06   4.4250488e+01
   7.0939260e+06   6.2988281e+01
   7.0939650e+06   7.2143555e+01
   7.0939930e+06   6.2194824e+01
   7.0940200e+06   4.4311523e+01
   7.0940310e+06   1.1730957e+02
   7.0940500e+06   5.5969238e+01
   7.0940840e+06   3.5522461e+01
   7.0941040e+06   4.5837402e+01
   7.0941180e+06   3.3325195e+01
   7.0941540e+06   2.9602051e+01
   7.0941820e+06   3.6865234e+01
   7.0942140e+06   3.7597656e+01
   7.0942660e+06   3.5705566e+01
   7.0943100e+06   3.1005859e+01
   7.0943230e+06   3.1738281e+01
   7.0943770e+06   3.2470703e+01
   7.0947730e+06   2.8991699e+01
   7.0949330e+06   2.7954102e+01
   7.0963120e+06   2.9602051e+01
   7.0982460e+06   3.8513184e+01
   7.0984570e+06   4.0832520e+01
   7.0993610e+06   3.3935547e+01
   7.1171690e+06   2.8991699e+01
   7.3265580e+06   3.3569336e+01
   7.3266060e+06   8.8195801e+01
   7.3266330e+06   3.7292480e+01
   7.3266550e+06   5.0109863e+01
   7.3266680e+06   8.5632324e+01
   7.3267130e+06   7.9956055e+01
   7.3267230e+06   8.4777832e+01
   7.3267530e+06   5.0781250e+01
   7.3267630e+06   9.8388672e+01
   7.3267880e+06   7.1594238e+01
   7.3268020e+06   7.1350098e+01
   7.3268280e+06   6.1950684e+01
   7.3268470e+06   4.1198730e+01
   7.3268740e+06   3.1372070e+01
   7.3268840e+06   5.4504395e+01
   7.3269270e+06   2.8076172e+01
   7.3269520e+06   3.2348633e+01
   7.3270140e+06   2.8808594e+01
   7.3271500e+06   2.8930664e+01
   7.3271700e+06   3.1311035e+01
   7.3272720e+06   2.7954102e+01
   7.3274960e+06   2.9357910e+01
   7.3275780e+06   2.8930664e+01
   7.3278710e+06   4.0344238e+01
   7.3283120e+06   3.0456543e+01
   7.3310920e+06   3.2714844e+01
   7.3321420e+06   4.7241211e+01
   7.4548600e+06   5.6091309e+01
   7.4550010e+06   8.8989258e+01
   7.4550230e+06   4.1625977e+01
   7.4550570e+06   5.8715820e+01
   7.4550840e+06   3.5949707e+01
   7.4551030e+06   9.1674805e+01
   7.4551170e+06   4.7241211e+01
   7.4551300e+06   3.9306641e+01
   7.4551580e+06   1.3464355e+02
   7.4551850e+06   5.4687500e+01
   7.4552010e+06   4.2175293e+01
   7.4552230e+06   7.0129395e+01
   7.4552540e+06   3.5888672e+01
   7.4552720e+06   4.4433594e+01
   7.4552910e+06   3.8574219e+01
   7.4553100e+06   2.8930664e+01
   7.4553380e+06   3.3142090e+01
   7.4553650e+06   3.0395508e+01
   7.4554120e+06   2.9785156e+01
   7.4554730e+06   3.0090332e+01
   7.4555010e+06   3.1066895e+01
   7.4555670e+06   2.9052734e+01
   7.4556390e+06   3.5278320e+01
   7.4562460e+06   2.8259277e+01
   7.4572600e+06   2.8442383e+01
   7.4589750e+06   4.0344238e+01
   7.4595040e+06   3.9306641e+01
   7.4606470e+06   4.9255371e+01
   7.6100710e+06   4.5043945e+01
   7.6101450e+06   9.2712402e+01
   7.6101550e+06   4.3457031e+01
   7.6101770e+06   3.2226563e+01
   7.6101900e+06   2.7893066e+01
   7.6102120e+06   7.7880859e+01
   7.6102490e+06   3.3508301e+01
   7.6102610e+06   6.1706543e+01
   7.6102860e+06   1.0339355e+02
   7.6103160e+06   3.6376953e+01
   7.6103440e+06   9.3383789e+01
   7.6103660e+06   6.0729980e+01
   7.6103910e+06   4.2846680e+01
   7.6104120e+06   3.5705566e+01
   7.6104310e+06   3.3508301e+01
   7.6104480e+06   3.0456543e+01
   7.6104830e+06   2.9052734e+01
   7.6104990e+06   3.1799316e+01
   7.6105920e+06   3.1799316e+01
   7.6106610e+06   2.9113770e+01
   7.6106920e+06   2.9296875e+01
   7.6107570e+06   2.8991699e+01
   7.6110350e+06   2.9663086e+01
   7.6111220e+06   3.4301758e+01
   7.6111740e+06   3.2470703e+01
   7.6141800e+06   3.3569336e+01
   7.6144030e+06   4.1809082e+01
   7.7605670e+06   5.1574707e+01
   7.7605780e+06   9.1308594e+01
   7.7606070e+06   8.2153320e+01
   7.7606300e+06   3.0578613e+01
   7.7606430e+06   7.4890137e+01
   7.7606710e+06   2.8137207e+01
   7.7606990e+06   9.5092773e+01
   7.7607260e+06   3.6132813e+01
   7.7607370e+06   8.7402344e+01
   7.7607590e+06   5.0537109e+01
   7.7607850e+06   5.9448242e+01
   7.7608030e+06   3.7841797e+01
   7.7608290e+06   3.9001465e+01
   7.7608420e+06   4.2480469e+01
   7.7608740e+06   3.0029297e+01
   7.7608940e+06   3.8391113e+01
   7.7609180e+06   3.8391113e+01
   7.7609700e+06   2.8564453e+01
   7.7610050e+06   3.0090332e+01
   7.7613090e+06   2.8503418e+01
   7.7615790e+06   2.7954102e+01
   7.7616950e+06   3.4301758e+01
   7.7618110e+06   2.9785156e+01
   7.7621580e+06   2.7954102e+01
   7.7646620e+06   3.9855957e+01
   7.7656430e+06   3.1127930e+01
   7.7659760e+06   4.3762207e+01
   7.8628120e+06   5.7495117e+01
   7.8628940e+06   8.7219238e+01
   7.8629270e+06   5.5236816e+01
   7.8630210e+06   1.1437988e+02
   7.8630430e+06   3.0639648e+01
   7.8630770e+06   1.0913086e+02
   7.8630920e+06   4.0588379e+01
   7.8631040e+06   3.9184570e+01
   7.8631290e+06   3.5156250e+01
   7.8631390e+06   4.8217773e+01
   7.8631690e+06   1.1450195e+02
   7.8631910e+06   4.0039063e+01
   7.8632050e+06   4.0710449e+01
   7.8632360e+06   1.0040283e+02
   7.8632480e+06   3.6804199e+01
   7.8632880e+06   6.3964844e+01
   7.8633000e+06   3.6743164e+01
   7.8633370e+06   4.0832520e+01
   7.8633670e+06   3.2226563e+01
   7.8634030e+06   3.4606934e+01
   7.8634940e+06   2.8503418e+01
   7.8637590e+06   2.8564453e+01
   7.8641110e+06   2.9663086e+01
   7.8645000e+06   2.9418945e+01
   7.8655720e+06   2.9113770e+01
   7.8674620e+06   3.5400391e+01
   7.8677810e+06   4.0344238e+01
   7.8681560e+06   3.4729004e+01
   8.0259930e+06   6.1035156e+01
   8.0261510e+06   3.2897949e+01
   8.0261650e+06   7.9162598e+01
   8.0261850e+06   2.8320313e+01
   8.0262310e+06   3.4179688e+01
   8.0262680e+06   3.8574219e+01
   8.0262780e+06   3.1799316e+01
   8.0262950e+06   1.2011719e+02
   8.0263160e+06   2.8686523e+01
   8.0263540e+06   4.7607422e+01
   8.0263700e+06   4.6813965e+01
   8.0263980e+06   7.3303223e+01
   8.0264140e+06   7.7270508e+01
   8.0264280e+06   5.6762695e+01
   8.0264550e+06   5.5969238e+01
   8.0264800e+06   4.9255371e+01
   8.0264970e+06   4.4067383e+01
   8.0265110e+06   3.4973145e+01
   8.0265390e+06   2.8442383e+01
   8.0265580e+06   3.3752441e+01
   8.0265840e+06   4.1259766e+01
   8.0266290e+06   3.4667969e+01
   8.0266610e+06   3.1677246e+01
   8.0277340e+06   2.8808594e+01
   8.0296490e+06   4.0527344e+01
   8.0308310e+06   3.4179688e+01
   8.0313890e+06   3.1433105e+01
   8.1839430e+06   5.7189941e+01
   8.1840080e+06   8.9904785e+01
   8.1840270e+06   9.0515137e+01
   8.1840370e+06   4.1870117e+01
   8.1840620e+06   5.2307129e+01
   8.1840780e+06   7.3791504e+01
   8.1840960e+06   4.1809082e+01
   8.1841250e+06   7.2692871e+01
   8.1841530e+06   3.3142090e+01
   8.1841700e+06   1.1529541e+02
   8.1841900e+06   7.8979492e+01
   8.1842300e+06   6.4086914e+01
   8.1842510e+06   3.7475586e+01
   8.1842650e+06   4.0649414e+01
   8.1842960e+06   3.4240723e+01
   8.1843340e+06   3.9367676e+01
   8.1843500e+06   3.2409668e+01
   8.1843820e+06   3.4667969e+01
   8.1843990e+06   2.8747559e+01
   8.1844260e+06   3.4545898e+01
   8.1847770e+06   2.9724121e+01
   8.1849830e+06   3.1372070e+01
   8.1851860e+06   2.9541016e+01
   8.1858880e+06   2.9418945e+01
   8.1884040e+06   4.3029785e+01
   8.3125410e+06   6.0913086e+01
   8.3126120e+06   1.6479492e+02
   8.3126240e+06   3.8513184e+01
   8.3126410e+06   3.5766602e+01
   8.3126690e+06   7.4035645e+01
   8.3126960e+06   9.3200684e+01
   8.3127230e+06   7.9711914e+01
   8.3127440e+06   9.1247559e+01
   8.3127650e+06   4.8095703e+01
   8.3127790e+06   8.3801270e+01
   8.3128010e+06   5.1513672e+01
   8.3128120e+06   6.6589355e+01
   8.3128240e+06   2.8076172e+01
   8.3128410e+06   5.5541992e+01
   8.3128600e+06   2.9663086e+01
   8.3128790e+06   3.8574219e+01
   8.3129050e+06   3.2531738e+01
   8.3129210e+06   3.9489746e+01
   8.3129400e+06   2.9663086e+01
   8.3129610e+06   3.4484863e+01
   8.3129890e+06   3.0395508e+01
   8.3130040e+06   2.8747559e+01
   8.3131350e+06   2.8137207e+01
   8.3131640e+06   2.8930664e+01
   8.3132910e+06   2.9479980e+01
   8.3134530e+06   3.0090332e+01
   8.3136810e+06   3.0151367e+01
   8.3138450e+06   2.8930664e+01
   8.3140260e+06   2.8625488e+01
   8.4218360e+06   4.0222168e+01
   8.4218500e+06   9.9609375e+01
   8.4218840e+06   6.5979004e+01
   8.4218940e+06   8.7768555e+01
   8.4219260e+06   3.4790039e+01
   8.4219410e+06   1.1212158e+02
   8.4219710e+06   8.3740234e+01
   8.4219810e+06   3.0822754e+01
   8.4220080e+06   7.9162598e+01
   8.4220300e+06   5.8715820e+01
   8.4220530e+06   4.6875000e+01
   8.4220780e+06   3.6499023e+01
   8.4221130e+06   3.5278320e+01
   8.4221350e+06   3.3752441e+01
   8.4221650e+06   2.9663086e+01
   8.4222010e+06   2.9418945e+01
   8.4222460e+06   3.3020020e+01
   8.4222600e+06   3.5400391e+01
   8.4223840e+06   2.8381348e+01
   8.4224580e+06   3.3081055e+01
   8.4228090e+06   2.8015137e+01
   8.4229870e+06   3.2165527e+01
   8.4234900e+06   3.3264160e+01
   8.4256600e+06   3.9001465e+01
   8.4266310e+06   3.9794922e+01
   8.4269350e+06   4.3090820e+01
   8.6304670e+06   3.7536621e+01
   8.6305120e+06   3.8513184e+01
   8.6305530e+06   5.6640625e+01
   8.6305700e+06   3.4057617e+01
   8.6305810e+06   6.0241699e+01
   8.6305910e+06   3.2531738e+01
   8.6306250e+06   3.1372070e+01
   8.6306470e+06   1.0760498e+02
   8.6306570e+06   8.2946777e+01
   8.6306880e+06   4.7912598e+01
   8.6307190e+06   7.5805664e+01
   8.6307310e+06   3.1738281e+01
   8.6307410e+06   3.9794922e+01
   8.6307830e+06   7.3913574e+01
   8.6307940e+06   3.4301758e+01
   8.6308150e+06   3.6804199e+01
   8.6308320e+06   5.0476074e+01
   8.6308820e+06   2.8991699e+01
   8.6308950e+06   2.8869629e+01
   8.6318320e+06   2.8808594e+01
   8.6319650e+06   2.9052734e+01
   8.6320250e+06   3.0456543e+01
   8.6322870e+06   2.8015137e+01
   8.6325820e+06   2.9235840e+01
   8.6346730e+06   4.0954590e+01
   8.6457000e+06   3.0517578e+01
   8.7815560e+06   3.3691406e+01
   8.7816110e+06   6.0729980e+01
   8.7816260e+06   9.0393066e+01
   8.7816500e+06   9.5947266e+01
   8.7816800e+06   4.7424316e+01
   8.7816950e+06   7.0739746e+01
   8.7817200e+06   3.3203125e+01
   8.7817500e+06   1.2463379e+02
   8.7817710e+06   3.8269043e+01
   8.7817920e+06   1.0906982e+02
   8.7818210e+06   7.1655273e+01
   8.7818400e+06   3.3386230e+01
   8.7818600e+06   4.7851563e+01
   8.7818720e+06   3.0700684e+01
   8.7818860e+06   4.9560547e+01
   8.7819130e+06   3.7414551e+01
   8.7819370e+06   3.5217285e+01
   8.7819610e+06   5.1696777e+01
   8.7820160e+06   3.8146973e+01
   8.7821810e+06   2.9357910e+01
   8.7823250e+06   2.9785156e+01
   8.7823630e+06   3.4912109e+01
   8.7826080e+06   2.8198242e+01
   8.7826680e+06   2.7954102e+01
   8.7827210e+06   2.9846191e+01
   8.7827970e+06   2.9479980e+01
   8.7828600e+06   3.2531738e+01
   8.7830540e+06   2.9602051e+01
   8.7838800e+06   3.1372070e+01
   8.7871130e+06   3.8208008e+01
   8.9420850e+06   3.2592773e+01
   8.9421240e+06   3.3996582e+01
   8.9421510e+06   9.0820313e+01
   8.9421610e+06   1.0015869e+02
   8.9421910e+06   5.3283691e+01
   8.9422300e+06   6.8847656e+01
   8.9422460e+06   4.6264648e+01
   8.9422670e+06   1.2011719e+02
   8.9422860e+06   5.5847168e+01
   8.9422970e+06   5.1330566e+01
   8.9423300e+06   1.0125732e+02
   8.9423440e+06   5.5541992e+01
   8.9423740e+06   4.0039063e+01
   8.9423880e+06   3.4606934e+01
   8.9424180e+06   6.9274902e+01
   8.9424490e+06   3.8940430e+01
   8.9424690e+06   3.5522461e+01
   8.9424880e+06   3.2714844e+01
   8.9425050e+06   3.4362793e+01
   8.9426300e+06   2.8503418e+01
   8.9426910e+06   3.0090332e+01
   8.9427590e+06   3.2348633e+01
   8.9427950e+06   3.1677246e+01
   8.9428730e+06   2.9663086e+01
   8.9434550e+06   3.0395508e+01
   8.9435820e+06   2.8198242e+01
   8.9440220e+06   2.9846191e+01
   8.9473480e+06   4.2175293e+01
   9.0763650e+06   5.0781250e+01
   9.0763810e+06   9.0087891e+01
   9.0764100e+06   3.2043457e+01
   9.0764210e+06   2.9479980e+01
   9.0764470e+06   9.6069336e+01
   9.0764880e+06   3.0273438e+01
   9.0765090e+06   7.9650879e+01
   9.0765210e+06   7.5805664e+01
   9.0765330e+06   1.0284424e+02
   9.0765660e+06   4.0100098e+01
   9.0765830e+06   3.5156250e+01
   9.0766240e+06   3.1555176e+01
   9.0766550e+06   6.0913086e+01
   9.0766890e+06   3.5705566e+01
   9.0767130e+06   3.5156250e+01
   9.0767570e+06   3.8391113e+01
   9.0767830e+06   3.0517578e+01
   9.0768070e+06   2.8259277e+01
   9.0771790e+06   3.1250000e+01
   9.0774360e+06   3.2958984e+01
   9.0775020e+06   3.0334473e+01
   9.0775580e+06   3.0639648e+01
   9.0781640e+06   3.0761719e+01
   9.0786450e+06   3.1066895e+01
   9.0788310e+06   4.0649414e+01
   9.0804680e+06   4.2907715e+01
   9.0807000e+06   4.2785645e+01
   9.0809090e+06   4.5593262e+01
   9.0884350e+06   4.4616699e+01
   9.2105300e+06   2.8381348e+01
   9.2105830e+06   3.2836914e+01
   9.2106140e+06   9.6374512e+01
   9.2106400e+06   8.5144043e+01
   9.2106700e+06   8.7463379e+01
   9.2106830e+06   4.2541504e+01
   9.2106970e+06   4.2419434e+01
   9.2107300e+06   4.4799805e+01
   9.2107500e+06   1.2451172e+02
   9.2107730e+06   3.1066895e+01
   9.2108080e+06   6.4575195e+01
   9.2108190e+06   7.8186035e+01
   9.2108590e+06   3.0517578e+01
   9.2108770e+06   6.6284180e+01
   9.2109100e+06   4.5288086e+01
   9.2109210e+06   3.3935547e+01
   9.2109530e+06   3.1616211e+01
   9.2109800e+06   2.8137207e+01
   9.2109920e+06   2.8198242e+01
   9.2110120e+06   3.0639648e+01
   9.2110420e+06   2.8930664e+01
   9.2111240e+06   2.9541016e+01
   9.2112980e+06   2.8503418e+01
   9.2113350e+06   2.7893066e+01
   9.2114800e+06   2.9113770e+01
   9.2129580e+06   3.1677246e+01
   9.2149470e+06   3.6621094e+01
   9.2151870e+06   3.2836914e+01
   9.3441590e+06   4.4128418e+01
   9.3441740e+06   7.0007324e+01
   9.3441990e+06   8.3129883e+01
   9.3442170e+06   3.0029297e+01
   9.3442290e+06   6.1096191e+01
   9.3442530e+06   3.0029297e+01
   9.3442860e+06   1.1553955e+02
   9.3443080e+06   1.0980225e+02
   9.3443190e+06   3.5461426e+01
   9.3443420e+06   5.2429199e+01
   9.3443760e+06   1.1560059e+02
   9.3443960e+06   3.0212402e+01
   9.3444180e+06   3.8452148e+01
   9.3444350e+06   6.6223145e+01
   9.3444610e+06   3.1127930e+01
   9.3444920e+06   3.2775879e+01
   9.3445100e+06   2.8381348e+01
   9.3445470e+06   4.5593262e+01
   9.3445670e+06   2.8747559e+01
   9.3456750e+06   3.2409668e+01
   9.3465040e+06   3.6376953e+01
   9.3480340e+06   3.5705566e+01
   9.3482550e+06   3.6254883e+01
   9.3525900e+06   2.8930664e+01
   9.3984850e+06   3.7109375e+01
   9.3985240e+06   5.4992676e+01
   9.3985550e+06   1.1755371e+02
   9.3985850e+06   1.3854980e+02
   9.3986050e+06   7.0800781e+01
   9.3986310e+06   6.7565918e+01
   9.3986500e+06   5.0048828e+01
   9.3986630e+06   6.7626953e+01
   9.3986960e+06   3.6071777e+01
   9.3987320e+06   4.9194336e+01
   9.3987550e+06   3.9794922e+01
   9.3987740e+06   2.9296875e+01
   9.3987860e+06   3.3630371e+01
   9.3988180e+06   3.3691406e+01
   9.3988680e+06   3.4423828e+01
   9.3988810e+06   3.0395508e+01
   9.3989020e+06   3.1372070e+01
   9.3993080e+06   2.8198242e+01
   9.3994460e+06   3.0761719e+01
   9.3997240e+06   2.8198242e+01
   9.4001240e+06   2.8198242e+01
   9.4022780e+06   2.9785156e+01
   9.4029230e+06   3.6621094e+01
   9.4037390e+06   3.7658691e+01
   9.5075290e+06   3.2043457e+01
   9.5075770e+06   4.1015625e+01
   9.5077420e+06   4.9499512e+01
   9.5079230e+06   3.5034180e+01
   9.5079370e+06   4.2663574e+01
   9.5080050e+06   8.2641602e+01
   9.5087220e+06   4.7607422e+01
   9.5089820e+06   3.7597656e+01
   9.5091610e+06   8.5815430e+01
   9.5091760e+06   7.2875977e+01
   9.5091910e+06   4.4494629e+01
   9.5092240e+06   7.4523926e+01
   9.5092500e+06   4.2175293e+01
   9.5092690e+06   3.4667969e+01
   9.5092830e+06   1.1334229e+02
   9.5093230e+06   8.7585449e+01
   9.5093530e+06   6.6467285e+01
   9.5093670e+06   3.2348633e+01
   9.5093920e+06   3.4912109e+01
   9.5094220e+06   4.9743652e+01
   9.5094550e+06   3.6376953e+01
   9.5094820e+06   2.8503418e+01
   9.5095080e+06   4.6142578e+01
   9.5095350e+06   3.1921387e+01
   9.5096980e+06   3.1616211e+01
   9.5098110e+06   2.9113770e+01
   9.5098620e+06   2.8991699e+01
   9.5108140e+06   3.2043457e+01
   9.7259030e+06   3.0090332e+01
   9.7259550e+06   5.3955078e+01
   9.7259850e+06   9.5581055e+01
   9.7260190e+06   9.4055176e+01
   9.7260420e+06   7.1533203e+01
   9.7260610e+06   5.9326172e+01
   9.7260830e+06   7.2326660e+01
   9.7260990e+06   7.9956055e+01
   9.7261120e+06   4.1503906e+01
   9.7261430e+06   6.7565918e+01
   9.7261670e+06   3.6254883e+01
   9.7261910e+06   1.1114502e+02
   9.7262190e+06   6.7138672e+01
   9.7262360e+06   3.0029297e+01
   9.7262470e+06   6.0119629e+01
   9.7262910e+06   4.3273926e+01
   9.7263160e+06   3.5339355e+01
   9.7263470e+06   4.2968750e+01
   9.7264000e+06   2.8320313e+01
   9.7264290e+06   3.4851074e+01
   9.7275100e+06   2.9113770e+01
   9.7285210e+06   3.5705566e+01
   9.7304440e+06   4.3151855e+01
   9.7306700e+06   4.5471191e+01
   9.8854910e+06   5.9143066e+01
   9.8855420e+06   8.1848145e+01
   9.8855660e+06   9.8205566e+01
   9.8855870e+06   4.9011230e+01
   9.8856330e+06   9.6130371e+01
   9.8856480e+06   6.6223145e+01
   9.8856620e+06   2.8747559e+01
   9.8856930e+06   5.2307129e+01
   9.8857150e+06   6.7016602e+01
   9.8857330e+06   1.1157227e+02
   9.8857530e+06   4.3945313e+01
   9.8857750e+06   3.6499023e+01
   9.8857930e+06   4.5166016e+01
   9.8858380e+06   3.8513184e+01
   9.8858530e+06   4.2236328e+01
   9.8858820e+06   3.9001465e+01
   9.8859170e+06   2.8015137e+01
   9.8859650e+06   2.8137207e+01
   9.8859930e+06   3.2104492e+01
   9.8860200e+06   3.7536621e+01
   9.8860990e+06   3.0151367e+01
   9.8861880e+06   3.8391113e+01
   9.8864060e+06   2.9663086e+01
   9.8868150e+06   2.9602051e+01
   9.8875460e+06   3.1494141e+01
   9.8879370e+06   3.6560059e+01
   9.8893900e+06   3.4667969e+01
   9.8895740e+06   3.7719727e+01
   1.0102215e+07   3.0578613e+01
   1.0102304e+07   3.6865234e+01
   1.0102340e+07   4.6264648e+01
   1.0102358e+07   4.5898438e+01
   1.0102380e+07   7.6477051e+01
   1.0102397e+07   6.1462402e+01
   1.0102425e+07   7.6049805e+01
   1.0102442e+07   7.7026367e+01
   1.0102476e+07   5.8166504e+01
   1.0102497e+07   4.3395996e+01
   1.0102525e+07   3.2470703e+01
   1.0102549e+07   5.9265137e+01
   1.0102568e+07   4.7058105e+01
   1.0102588e+07   4.6325684e+01
   1.0102660e+07   3.1250000e+01
   1.0102683e+07   2.8198242e+01
   1.0102713e+07   3.7536621e+01
   1.0103329e+07   2.9968262e+01
   1.0103425e+07   3.3752441e+01
   1.0156601e+07   2.8259277e+01
   1.0268880e+07   5.1086426e+01
   1.0268904e+07   1.1102295e+02
   1.0268922e+07   4.1809082e+01
   1.0268946e+07   4.1442871e+01
   1.0268964e+07   7.3791504e+01
   1.0269008e+07   5.4077148e+01
   1.0269021e+07   9.9426270e+01
   1.0269043e+07   8.9355469e+01
   1.0269055e+07   3.1860352e+01
   1.0269091e+07   1.0247803e+02
   1.0269116e+07   6.5368652e+01
   1.0269145e+07   5.8776855e+01
   1.0269155e+07   3.2348633e+01
   1.0269184e+07   3.3630371e+01
   1.0269197e+07   3.4973145e+01
   1.0269228e+07   3.1433105e+01
   1.0269275e+07   2.8137207e+01
   1.0269322e+07   2.9174805e+01
   1.0269332e+07   2.9357910e+01
   1.0269408e+07   3.1860352e+01
   1.0269461e+07   3.2165527e+01
   1.0269956e+07   2.8869629e+01
   1.0270056e+07   2.8808594e+01
   1.0271211e+07   3.3203125e+01
   1.0274239e+07   3.9978027e+01
   1.0390863e+07   3.1127930e+01
   1.0390931e+07   8.6730957e+01
   1.0390946e+07   7.9650879e+01
   1.0390965e+07   4.3090820e+01
   1.0390989e+07   6.4697266e+01
   1.0391008e+07   4.3457031e+01
   1.0391024e+07   2.8869629e+01
   1.0391043e+07   1.7706299e+02
   1.0391062e+07   3.2348633e+01
   1.0391077e+07   6.7016602e+01
   1.0391109e+07   9.5092773e+01
   1.0391125e+07   2.9052734e+01
   1.0391155e+07   3.6315918e+01
   1.0391171e+07   4.4677734e+01
   1.0391206e+07   3.3020020e+01
   1.0391223e+07   3.1250000e+01
   1.0391242e+07   3.3264160e+01
   1.0391268e+07   3.0761719e+01
   1.0391520e+07   2.8442383e+01
   1.0391675e+07   3.1372070e+01
   1.0391809e+07   3.0822754e+01
   1.0391886e+07   2.9968262e+01
   1.0392205e+07   2.9052734e+01
   1.0392671e+07   2.8442383e+01
   1.0393200e+07   2.8625488e+01
   1.0533279e+07   2.8686523e+01
   1.0533317e+07   1.0394287e+02
   1.0533344e+07   7.8491211e+01
   1.0533363e+07   9.0148926e+01
   1.0533379e+07   5.8898926e+01
   1.0533394e+07   2.7954102e+01
   1.0533434e+07   1.4910889e+02
   1.0533450e+07   8.9965820e+01
   1.0533490e+07   3.6804199e+01
   1.0533502e+07   7.5012207e+01
   1.0533523e+07   6.5856934e+01
   1.0533543e+07   3.6132813e+01
   1.0533569e+07   4.5166016e+01
   1.0533584e+07   3.0578613e+01
   1.0533597e+07   3.7658691e+01
   1.0533622e+07   3.5949707e+01
   1.0533649e+07   3.6437988e+01
   1.0533664e+07   3.1127930e+01
   1.0533697e+07   2.8442383e+01
   1.0533727e+07   2.8991699e+01
   1.0533780e+07   2.8991699e+01
   1.0533836e+07   2.9846191e+01
   1.0533935e+07   2.8808594e+01
   1.0534600e+07   2.8869629e+01
   1.0534648e+07   3.0151367e+01
   1.0535842e+07   4.1809082e+01
   1.0538023e+07   3.9062500e+01
   1.0637741e+07   3.0639648e+01
   1.0637774e+07   3.2409668e+01
   1.0637794e+07   7.6904297e+01
   1.0637817e+07   7.7270508e+01
   1.0637845e+07   6.7077637e+01
   1.0637881e+07   6.1401367e+01
   1.0637892e+07   4.3884277e+01
   1.0637916e+07   5.4748535e+01
   1.0637932e+07   8.6425781e+01
   1.0637954e+07   4.7119141e+01
   1.0637973e+07   9.1125488e+01
   1.0637989e+07   7.0861816e+01
   1.0638011e+07   3.3935547e+01
   1.0638037e+07   3.3325195e+01
   1.0638052e+07   6.4575195e+01
   1.0638070e+07   3.2043457e+01
   1.0638091e+07   3.1005859e+01
   1.0638120e+07   3.2714844e+01
   1.0638144e+07   3.4057617e+01
   1.0638174e+07   3.1799316e+01
   1.0638187e+07   3.0578613e+01
   1.0638397e+07   3.1616211e+01
   1.0639162e+07   2.9418945e+01
   1.0639376e+07   2.8686523e+01
   1.0642525e+07   3.6682129e+01
   1.0792571e+07   9.6008301e+01
   1.0792584e+07   6.0363770e+01
   1.0792621e+07   3.7963867e+01
   1.0792638e+07   6.5124512e+01
   1.0792662e+07   2.8381348e+01
   1.0792693e+07   9.4177246e+01
   1.0792719e+07   5.2429199e+01
   1.0792735e+07   1.1456299e+02
   1.0792765e+07   6.2377930e+01
   1.0792781e+07   4.2541504e+01
   1.0792798e+07   7.3791504e+01
   1.0792829e+07   5.9631348e+01
   1.0792855e+07   6.1096191e+01
   1.0792881e+07   3.4118652e+01
   1.0792909e+07   3.5034180e+01
   1.0792923e+07   4.3884277e+01
   1.0793078e+07   2.8442383e+01
   1.0793121e+07   3.1433105e+01
   1.0797044e+07   3.0883789e+01
   1.0894381e+07   9.1552734e+01
   1.0894398e+07   3.0578613e+01
   1.0894423e+07   1.1578369e+02
   1.0894436e+07   6.0241699e+01
   1.0894470e+07   6.2500000e+01
   1.0894506e+07   9.2895508e+01
   1.0894518e+07   3.8330078e+01
   1.0894546e+07   6.8298340e+01
   1.0894556e+07   3.6132813e+01
   1.0894572e+07   6.1035156e+01
   1.0894600e+07   3.2531738e+01
   1.0894649e+07   4.0344238e+01
   1.0894685e+07   2.8747559e+01
   1.0894718e+07   3.1127930e+01
   1.0894804e+07   3.5705566e+01
   1.0894833e+07   3.6132813e+01
   1.0894898e+07   3.7292480e+01
   1.0894929e+07   3.2104492e+01
   1.0894963e+07   3.0395508e+01
   1.0895626e+07   2.8930664e+01
   1.0895696e+07   3.0334473e+01
   1.0896040e+07   2.8747559e+01
   1.0896613e+07   3.4057617e+01
   1.0898640e+07   3.3447266e+01
   1.1118346e+07   2.8015137e+01
   1.1118426e+07   4.8156738e+01
   1.1118442e+07   1.5466309e+02
   1.1118461e+07   5.1940918e+01
   1.1118484e+07   2.8747559e+01
   1.1118500e+07   6.8176270e+01
   1.1118541e+07   7.8491211e+01
   1.1118567e+07   7.9101563e+01
   1.1118581e+07   2.8564453e+01
   1.1118601e+07   1.2097168e+02
   1.1118613e+07   7.9345703e+01
   1.1118637e+07   6.5795898e+01
   1.1118659e+07   5.1452637e+01
   1.1118675e+07   4.9987793e+01
   1.1118694e+07   4.4067383e+01
   1.1118708e+07   2.8991699e+01
   1.1118729e+07   2.8503418e+01
   1.1118770e+07   3.2226563e+01
   1.1118792e+07   4.7790527e+01
   1.1118818e+07   3.2104492e+01
   1.1118845e+07   3.7353516e+01
   1.1118873e+07   3.4973145e+01
   1.1118986e+07   3.5705566e+01
   1.1119088e+07   3.3813477e+01
   1.1119369e+07   2.9235840e+01
   1.1119684e+07   2.9907227e+01
   1.1121037e+07   4.3334961e+01
   1.1123036e+07   4.0771484e+01
   1.1132746e+07   4.9438477e+01
   1.1260109e+07   3.3325195e+01
   1.1260166e+07   4.9133301e+01
   1.1260187e+07   3.7719727e+01
   1.1260198e+07   9.4665527e+01
   1.1260228e+07   7.9711914e+01
   1.1260257e+07   3.8208008e+01
   1.1260284e+07   1.5222168e+02
   1.1260298e+07   1.1810303e+02
   1.1260317e+07   4.2297363e+01
   1.1260345e+07   3.4362793e+01
   1.1260355e+07   4.4982910e+01
   1.1260370e+07   5.9753418e+01
   1.1260394e+07   3.3203125e+01
   1.1260429e+07   6.5002441e+01
   1.1260449e+07   3.0944824e+01
   1.1260479e+07   4.1687012e+01
   1.1260513e+07   3.2226563e+01
   1.1260548e+07   3.3752441e+01
   1.1260564e+07   2.9113770e+01
   1.1260698e+07   2.9724121e+01
   1.1260748e+07   2.8320313e+01
   1.1260866e+07   2.9296875e+01
   1.1261267e+07   2.8808594e+01
   1.1261342e+07   2.9174805e+01
   1.1262681e+07   4.4921875e+01
   1.1378891e+07   2.8747559e+01
   1.1378969e+07   4.9377441e+01
   1.1378985e+07   9.5092773e+01
   1.1379005e+07   2.9052734e+01
   1.1379026e+07   4.2297363e+01
   1.1379041e+07   9.0026855e+01
   1.1379065e+07   8.9843750e+01
   1.1379094e+07   6.1218262e+01
   1.1379126e+07   4.8278809e+01
   1.1379138e+07   7.8063965e+01
   1.1379151e+07   8.6608887e+01
   1.1379163e+07   4.0466309e+01
   1.1379197e+07   4.3151855e+01
   1.1379212e+07   3.7475586e+01
   1.1379241e+07   4.7973633e+01
   1.1379299e+07   2.8930664e+01
   1.1379352e+07   3.2836914e+01
   1.1379375e+07   3.8635254e+01
   1.1379904e+07   3.2897949e+01
   1.1380137e+07   2.7893066e+01
   1.1381182e+07   3.4301758e+01
   1.1381387e+07   3.8452148e+01
   1.1383196e+07   3.7658691e+01
   1.1484146e+07   5.5603027e+01
   1.1484182e+07   9.1186523e+01
   1.1484193e+07   3.1188965e+01
   1.1484226e+07   9.7839355e+01
   1.1484238e+07   4.6447754e+01
   1.1484271e+07   4.7302246e+01
   1.1484295e+07   9.3627930e+01
   1.1484310e+07   8.2214355e+01
   1.1484330e+07   4.0649414e+01
   1.1484356e+07   7.9467773e+01
   1.1484378e+07   5.2001953e+01
   1.1484398e+07   7.3852539e+01
   1.1484409e+07   4.4128418e+01
   1.1484445e+07   5.3466797e+01
   1.1484457e+07   6.2316895e+01
   1.1484467e+07   6.7138672e+01
   1.1484495e+07   4.3701172e+01
   1.1484513e+07   3.2348633e+01
   1.1484528e+07   3.1372070e+01
   1.1484542e+07   2.8686523e+01
   1.1484573e+07   2.8320313e+01
   1.1485189e+07   3.1188965e+01
   1.1485403e+07   2.8503418e+01
   1.1485580e+07   2.8625488e+01
   1.1486340e+07   3.4118652e+01
   1.1599956e+07   3.5217285e+01
   1.1599988e+07   8.4716797e+01
   1.1600028e+07   6.6894531e+01
   1.1600047e+07   1.1291504e+02
   1.1600067e+07   4.1442871e+01
   1.1600091e+07   3.5095215e+01
   1.1600115e+07   1.2536621e+02
   1.1600135e+07   5.2551270e+01
   1.1600154e+07   5.2124023e+01
   1.1600186e+07   5.8471680e+01
   1.1600204e+07   4.1137695e+01
   1.1600241e+07   5.3588867e+01
   1.1600258e+07   3.5339355e+01
   1.1600311e+07   4.1381836e+01
   1.1600357e+07   2.8564453e+01
   1.1600415e+07   3.1127930e+01
   1.1600463e+07   2.8320312e+01
   1.1600598e+07   2.8930664e+01
   1.1600672e+07   3.0029297e+01
   1.1600716e+07   2.9174805e+01
   1.1601036e+07   2.8076172e+01
   1.1601132e+07   2.7954102e+01
   1.1601227e+07   3.3386230e+01
   1.1602167e+07   2.8137207e+01
   1.1604055e+07   4.4006348e+01
   1.1621467e+07   2.9296875e+01
   1.1768891e+07   2.7893066e+01
   1.1768979e+07   4.2846680e+01
   1.1768993e+07   8.7280273e+01
   1.1769004e+07   3.1433105e+01
   1.1769026e+07   8.7524414e+01
   1.1769055e+07   9.7534180e+01
   1.1769070e+07   4.2785645e+01
   1.1769096e+07   3.6560059e+01
   1.1769115e+07   9.9975586e+01
   1.1769150e+07   1.0467529e+02
   1.1769184e+07   1.1138916e+02
   1.1769229e+07   7.9895020e+01
   1.1769239e+07   5.3527832e+01
   1.1769250e+07   2.9541016e+01
   1.1769285e+07   3.1311035e+01
   1.1769313e+07   3.0761719e+01
   1.1769345e+07   2.9541016e+01
   1.1769370e+07   3.4973145e+01
   1.1769399e+07   2.9663086e+01
   1.1769433e+07   3.1921387e+01
   1.1769474e+07   3.2775879e+01
   1.1769486e+07   2.8930664e+01
   1.1769566e+07   3.1372070e+01
   1.1769709e+07   2.9357910e+01
   1.1769740e+07   2.8137207e+01
   1.1769822e+07   3.3203125e+01
   1.1770277e+07   3.5766602e+01
   1.1776978e+07   2.8564453e+01
   1.1964349e+07   3.1982422e+01
   1.1964408e+07   4.9926758e+01
   1.1964420e+07   9.4116211e+01
   1.1964434e+07   3.0517578e+01
   1.1964465e+07   1.2170410e+02
   1.1964484e+07   5.7800293e+01
   1.1964496e+07   5.0598145e+01
   1.1964537e+07   8.6730957e+01
   1.1964551e+07   3.3813477e+01
   1.1964572e+07   3.6010742e+01
   1.1964602e+07   4.9438477e+01
   1.1964612e+07   5.5908203e+01
   1.1964634e+07   3.3996582e+01
   1.1964657e+07   3.4545898e+01
   1.1964671e+07   3.4973145e+01
   1.1964682e+07   2.9907227e+01
   1.1964693e+07   3.1860352e+01
   1.1964731e+07   3.5034180e+01
   1.1964747e+07   2.8991699e+01
   1.1964771e+07   3.4729004e+01
   1.1964803e+07   4.4982910e+01
   1.1964911e+07   3.4301758e+01
   1.1964939e+07   2.9235840e+01
   1.1964971e+07   4.3884277e+01
   1.1965257e+07   2.7893066e+01
   1.1965433e+07   3.0944824e+01
   1.1965871e+07   2.8686523e+01
   1.1966283e+07   2.8564453e+01
