   1.1996000e+07   0.0000000e+00
   9.0542000e+04   5.4992676e+01
   9.0674000e+04   3.2635498e+02
   9.0782000e+04   4.8645020e+01
   9.1033000e+04   3.7109375e+01
   9.1301000e+04   2.8350830e+02
   9.1538000e+04   2.5323486e+02
   9.1685000e+04   2.0587158e+02
   9.1702000e+04   3.0212402e+01
   9.1927000e+04   2.2961426e+02
   1.5975700e+05   2.3791504e+02
   1.5976900e+05   4.0405273e+01
   1.5983100e+05   3.3630371e+01
   1.5991000e+05   3.4484863e+01
   2.7546300e+05   3.4417725e+02
   2.7547400e+05   3.1921387e+01
   2.7551800e+05   2.6354980e+02
   2.7561100e+05   2.9205322e+02
   2.7606300e+05   2.9089355e+02
   2.7629000e+05   2.8204346e+02
   2.7658800e+05   4.7973633e+01
   2.7660700e+05   3.4729004e+01
   4.0678400e+05   6.9335938e+01
   4.0680800e+05   3.0517578e+01
   4.0693200e+05   3.0902100e+02
   4.0710600e+05   5.2368164e+01
   4.0713400e+05   3.0029297e+01
   4.0739100e+05   4.8889160e+01
   4.0760100e+05   2.5714111e+02
   4.0780900e+05   2.6824951e+02
   4.0795800e+05   2.5970459e+02
   4.0815300e+05   4.3395996e+01
   4.0818000e+05   3.2165527e+01
   4.0843100e+05   3.3508301e+01
   4.0867400e+05   2.2332764e+02
   4.9086500e+05   6.2011719e+01
   5.2904800e+05   4.9011230e+01
   5.2906200e+05   3.0029297e+01
   5.9548400e+05   2.6922607e+02
   5.9549500e+05   3.1127930e+01
   6.4499100e+05   3.0291748e+02
   6.5160300e+05   3.3544922e+02
   6.5161500e+05   3.2226563e+01
   6.5184700e+05   3.6926270e+01
   6.5230900e+05   3.0950928e+02
   6.5232500e+05   3.3142090e+01
   6.5247800e+05   2.7880859e+02
   6.5269700e+05   2.6995850e+02
   6.5304200e+05   2.6397705e+02
   7.1496900e+05   5.0598145e+01
   7.2370500e+05   4.3212891e+01
   7.2371900e+05   3.6437988e+01
   7.4221800e+05   3.9916992e+01
   7.4356000e+05   2.9132080e+02
   7.4357300e+05   3.0944824e+01
   7.4391000e+05   2.8637695e+02
   7.4405100e+05   3.1353760e+02
   7.4442100e+05   1.3159180e+02
   7.4444300e+05   3.2104492e+01
   8.2179500e+05   3.7841797e+01
   8.2180700e+05   3.4912109e+01
   9.2632300e+05   4.7851563e+01
   9.3524000e+05   3.1384277e+02
   9.3525200e+05   3.6804199e+01
   9.3538400e+05   2.8973389e+02
   9.4584700e+05   3.2269287e+02
   9.4585800e+05   4.6936035e+01
   9.4955900e+05   4.9011230e+01
   9.4957300e+05   3.2409668e+01
   9.5964800e+05   2.9632568e+02
   9.5966000e+05   3.2226563e+01
   9.5983700e+05   5.5786133e+01
   9.5985600e+05   3.7475586e+01
   9.6012000e+05   3.4240723e+01
   1.0141710e+06   3.1677246e+01
   1.0331200e+06   6.1767578e+01
   1.0343620e+06   2.6544189e+02
   1.0343750e+06   3.1555176e+01
   1.0724210e+06   2.9614258e+02
   1.0724380e+06   3.2836914e+01
   1.0725320e+06   3.3996582e+01
   1.0725550e+06   5.0292969e+01
   1.0726520e+06   3.1799316e+01
   1.1481670e+06   5.0415039e+01
   1.1481840e+06   3.6865234e+01
   1.1968200e+06   2.9748535e+02
   1.1968320e+06   3.2348633e+01
   1.2153040e+06   2.5073242e+02
   1.2278150e+06   2.8894043e+02
   1.2300130e+06   3.1677246e+01
   1.2305490e+06   3.4173584e+02
   1.2306770e+06   2.9333496e+02
   1.2867540e+06   2.8149414e+02
   1.2867710e+06   3.5644531e+01
   1.3182380e+06   5.0048828e+01
   1.3182500e+06   3.3691406e+01
   1.3382500e+06   2.7874756e+02
   1.3747140e+06   3.1988525e+02
   1.3747290e+06   3.0151367e+01
   1.3808390e+06   2.9571533e+02
   1.4377540e+06   5.4809570e+01
   1.4377670e+06   3.5461426e+01
   1.4450890e+06   3.3319092e+02
   1.4451010e+06   3.6865234e+01
   1.4601150e+06   3.0987549e+02
   1.4601280e+06   3.0456543e+01
   1.4847980e+06   4.9621582e+01
   1.4848100e+06   3.4179688e+01
   1.5021510e+06   6.7993164e+01
   1.5321380e+06   3.1243896e+02
   1.5321540e+06   3.1860352e+01
   1.5340480e+06   4.4311523e+01
   1.5465750e+06   6.3354492e+01
   1.5685620e+06   5.5419922e+01
   1.5864430e+06   3.0548096e+02
   1.5864580e+06   3.0273438e+01
   1.6088000e+06   2.6672363e+02
   1.6088130e+06   3.0822754e+01
   1.6155130e+06   2.8082275e+02
   1.6204220e+06   2.6495361e+02
   1.6204350e+06   3.2958984e+01
   1.6384830e+06   6.8237305e+01
   1.6779770e+06   2.9766846e+02
   1.6859220e+06   5.7006836e+01
   1.6859340e+06   3.0578613e+01
   1.7110520e+06   3.1799316e+02
   1.7111330e+06   3.0780029e+02
   1.7112330e+06   3.2043457e+01
   1.7113130e+06   4.0771484e+01
   1.7114070e+06   2.6074219e+02
   1.7115290e+06   7.7270508e+01
   1.7116170e+06   1.7596436e+02
   1.7116340e+06   3.2653809e+01
   1.7117010e+06   1.5533447e+02
   1.7118210e+06   1.4105225e+02
   1.7119300e+06   3.0212402e+01
   1.7119730e+06   1.2097168e+02
   1.7119970e+06   3.3020020e+01
   1.7121750e+06   4.2175293e+01
   1.7125450e+06   4.6325684e+01
   1.7128150e+06   5.7861328e+01
   1.7130730e+06   2.9907227e+01
   1.7156190e+06   3.1555176e+01
   1.7188700e+06   4.4006348e+01
   1.7196460e+06   4.9133301e+01
   1.7196570e+06   3.1250000e+01
   1.7198010e+06   3.1738281e+01
   1.7202050e+06   3.0151367e+01
   1.7205170e+06   4.0588379e+01
   1.7211500e+06   5.3588867e+01
   1.7213290e+06   6.2500000e+01
   1.7215190e+06   4.6142578e+01
   1.7217120e+06   8.1298828e+01
   1.7217220e+06   3.2836914e+01
   1.7218930e+06   5.0964355e+01
   1.7220890e+06   5.8471680e+01
   1.7220990e+06   3.8024902e+01
   1.7223700e+06   6.3903809e+01
   1.7225770e+06   6.7687988e+01
   1.7227680e+06   3.1372070e+01
   1.7229430e+06   4.8156738e+01
   1.7229530e+06   3.5888672e+01
   1.7232700e+06   7.9711914e+01
   1.7232800e+06   3.4545898e+01
   1.7234390e+06   7.6965332e+01
   1.7237210e+06   8.2397461e+01
   1.7240200e+06   8.7890625e+01
   1.7240310e+06   3.2653809e+01
   1.7242970e+06   9.2529297e+01
   1.7245720e+06   1.0852051e+02
   1.7249370e+06   1.0791016e+02
   1.7253490e+06   1.2213135e+02
   1.7253840e+06   3.6315918e+01
   1.7256290e+06   1.3751221e+02
   1.7256390e+06   3.5766602e+01
   1.7259630e+06   1.4758301e+02
   1.7259730e+06   3.1005859e+01
   1.7264250e+06   1.1022949e+02
   1.7269590e+06   1.5686035e+02
   1.7278600e+06   1.5863037e+02
   1.7278850e+06   3.0273438e+01
   1.7292910e+06   1.6845703e+02
   1.7302200e+06   1.7303467e+02
   1.7312780e+06   1.7480469e+02
   1.7319840e+06   1.7810059e+02
   1.7343000e+06   3.3752441e+01
   1.7349970e+06   3.5217285e+01
   1.7351140e+06   1.4276123e+02
   1.7352460e+06   1.2585449e+02
   1.7354920e+06   1.3610840e+02
   1.7355020e+06   5.6335449e+01
   1.7356160e+06   9.6252441e+01
   1.7358280e+06   9.7839355e+01
   1.7359770e+06   8.3740234e+01
   1.7361600e+06   9.5275879e+01
   1.7363210e+06   7.9284668e+01
   1.7364820e+06   6.4453125e+01
   1.7364930e+06   2.9968262e+01
   1.7368530e+06   5.8288574e+01
   1.7371210e+06   1.0644531e+02
   1.7373790e+06   6.6162109e+01
   1.7376480e+06   7.5256348e+01
   1.7379350e+06   8.6730957e+01
   1.7379460e+06   3.0944824e+01
   1.7381840e+06   9.4726563e+01
   1.7381970e+06   3.2592773e+01
   1.7385890e+06   1.0455322e+02
   1.7388930e+06   1.1730957e+02
   1.7389160e+06   3.5461426e+01
   1.7391840e+06   1.3519287e+02
   1.7396670e+06   1.5051270e+02
   1.7414130e+06   1.7535400e+02
   1.7441700e+06   1.7626953e+02
   1.7450210e+06   4.4433594e+01
   1.7487570e+06   3.7719727e+01
   1.7531430e+06   4.1625977e+01
   1.7537150e+06   2.2644043e+02
   1.7560560e+06   2.5445557e+02
   1.7637660e+06   2.6885986e+02
   1.7637820e+06   2.9846191e+01
   1.7647060e+06   5.2001953e+01
   1.7716850e+06   5.4321289e+01
   1.7760710e+06   2.7081299e+02
   1.8026860e+06   2.8552246e+02
   1.8118030e+06   3.0822754e+02
   1.8259560e+06   2.9333496e+02
   1.8259680e+06   3.2897949e+01
   1.9288590e+06   3.1793213e+02
   2.0461620e+06   2.9907227e+01
   2.0462760e+06   3.0810547e+02
   2.0462980e+06   3.3691406e+01
   2.0463250e+06   5.0109863e+01
   2.0463800e+06   3.3752441e+01
   2.0466040e+06   4.6997070e+01
   2.0467050e+06   2.3803711e+02
   2.0468150e+06   1.9281006e+02
   2.0469490e+06   1.8817139e+02
   2.0470890e+06   1.9799805e+02
   2.0471910e+06   1.0034180e+02
   2.0472020e+06   3.0090332e+01
   2.0473290e+06   1.4068604e+02
   2.0474410e+06   7.4401855e+01
   2.0474520e+06   3.4179688e+01
   2.0475510e+06   8.1481934e+01
   2.0476600e+06   1.2457275e+02
   2.0476910e+06   3.3630371e+01
   2.0478180e+06   1.0375977e+02
   2.0479770e+06   1.2530518e+02
   2.0479880e+06   4.6203613e+01
   2.0480810e+06   7.8857422e+01
   2.0482070e+06   7.8674316e+01
   2.0483250e+06   8.4350586e+01
   2.0483350e+06   3.6926270e+01
   2.0485020e+06   1.0156250e+02
   2.0485120e+06   3.2714844e+01
   2.0486810e+06   1.4642334e+02
   2.0486930e+06   3.4606934e+01
   2.0490230e+06   1.2890625e+02
   2.0491480e+06   4.8767090e+01
   2.0493100e+06   9.1918945e+01
   2.0495580e+06   1.7205811e+02
   2.0495880e+06   3.2348633e+01
   2.0499220e+06   3.6743164e+01
   2.0499530e+06   3.1738281e+01
   2.0995750e+06   3.1860352e+01
   2.0996260e+06   3.0303955e+02
   2.0996380e+06   3.9916992e+01
   2.0997500e+06   5.1086426e+01
   2.0998150e+06   3.1066895e+01
   2.1000890e+06   2.8930664e+02
   2.1002680e+06   4.7241211e+01
   2.1005230e+06   2.5469971e+02
   2.1006890e+06   2.6995850e+02
   2.1008960e+06   2.1929932e+02
   2.1009140e+06   3.5522461e+01
   2.1011190e+06   2.4688721e+02
   2.1013480e+06   3.8208008e+01
   2.1013720e+06   4.4860840e+01
   2.1016350e+06   4.1870117e+01
   2.1016530e+06   3.4240723e+01
   2.1018620e+06   2.2009277e+02
   2.1023560e+06   2.1936035e+02
   2.1023870e+06   3.0944824e+01
   2.3103690e+06   3.7353516e+01
   2.3468720e+06   5.1147461e+01
   2.3468850e+06   3.1982422e+01
   2.3789840e+06   2.7459717e+02
   2.3789970e+06   3.2470703e+01
   2.4273150e+06   4.1687012e+01
   2.4273290e+06   3.2714844e+01
   2.4286300e+06   4.6447754e+01
   2.4286850e+06   2.4743652e+02
   2.4287580e+06   2.0263672e+02
   2.4289310e+06   2.4951172e+02
   2.4290320e+06   2.5750732e+02
   2.4291300e+06   1.6363525e+02
   2.4292520e+06   1.6247559e+02
   2.4293360e+06   9.6496582e+01
   2.4294530e+06   1.1199951e+02
   2.4295590e+06   8.8256836e+01
   2.4295710e+06   3.0700684e+01
   2.4296480e+06   5.2856445e+01
   2.4296580e+06   3.0395508e+01
   2.4297510e+06   8.2031250e+01
   2.4298390e+06   5.9448242e+01
   2.4299620e+06   4.8522949e+01
   2.4301610e+06   5.4748535e+01
   2.4302890e+06   8.4960938e+01
   2.4303200e+06   3.2470703e+01
   2.4304310e+06   9.0820313e+01
   2.4305330e+06   3.2714844e+01
   2.4306850e+06   5.6579590e+01
   2.4308500e+06   3.0822754e+01
   2.4312890e+06   7.1655273e+01
   2.4313000e+06   3.4606934e+01
   2.4314040e+06   7.2082520e+01
   2.4315600e+06   7.0678711e+01
   2.4316890e+06   3.1433105e+01
   2.4319020e+06   8.5632324e+01
   2.4319120e+06   5.3527832e+01
   2.4321010e+06   1.1163330e+02
   2.4321120e+06   3.1799316e+01
   2.4322840e+06   9.0026855e+01
   2.4325220e+06   9.9548340e+01
   2.4327020e+06   1.3037109e+02
   2.4328410e+06   7.4096680e+01
   2.4328520e+06   3.1982422e+01
   2.4330640e+06   1.4135742e+02
   2.4330750e+06   3.0517578e+01
   2.4332850e+06   1.2719727e+02
   2.4336200e+06   1.1071777e+02
   2.4339450e+06   1.6674805e+02
   2.4342150e+06   1.7089844e+02
   2.4342400e+06   3.0700684e+01
   2.4345030e+06   1.7248535e+02
   2.4707650e+06   3.1860352e+01
   2.4707930e+06   2.8796387e+02
   2.4877260e+06   6.0607910e+01
   2.4878280e+06   2.8308105e+02
   2.4879940e+06   2.7636719e+02
   2.4881470e+06   3.2775879e+01
   2.4881810e+06   5.0842285e+01
   2.4883220e+06   2.3748779e+02
   2.4884480e+06   2.5415039e+02
   2.4886020e+06   2.3596191e+02
   2.4887210e+06   1.9012451e+02
   2.4887410e+06   3.1250000e+01
   2.4888330e+06   3.6010742e+01
   2.4889110e+06   2.2375488e+02
   2.4890220e+06   3.1677246e+01
   2.4891140e+06   2.1936035e+02
   2.4892410e+06   1.5087891e+02
   2.4893930e+06   1.7858887e+02
   2.4894130e+06   3.0822754e+01
   2.4895590e+06   3.6071777e+01
   2.4897550e+06   1.7468262e+02
   2.4899200e+06   1.6888428e+02
   2.4901060e+06   1.7785645e+02
   2.4901160e+06   3.7597656e+01
   2.4903760e+06   2.0239258e+02
   2.4906280e+06   1.6650391e+02
   2.4909950e+06   2.2509766e+02
   2.4910210e+06   3.1738281e+01
   2.4915140e+06   2.1759033e+02
   2.5348100e+06   3.1671143e+02
   2.5349300e+06   4.9194336e+01
   2.5356620e+06   2.7423096e+02
   2.5359910e+06   2.7642822e+02
   2.5365370e+06   2.3626709e+02
   2.5705110e+06   6.9519043e+01
   2.5706780e+06   2.9553223e+02
   2.7637250e+06   2.9663086e+02
   2.7637390e+06   3.0761719e+01
   2.7638480e+06   2.9205322e+02
   2.7639270e+06   2.1405029e+02
   2.7640540e+06   2.5122070e+02
   2.7643140e+06   2.6055908e+02
   2.7646210e+06   2.5329590e+02
   2.7646390e+06   3.3325195e+01
   2.8908370e+06   2.9772949e+02
   2.8908490e+06   3.1372070e+01
   2.8909120e+06   3.3142090e+01
   2.8909710e+06   2.9351807e+02
   2.8909920e+06   3.2104492e+01
   2.9480680e+06   5.9265137e+01
   2.9480820e+06   3.2287598e+01
   2.9482180e+06   4.1503906e+01
   3.2093900e+06   4.1748047e+01
   3.2094690e+06   2.8533936e+02
   3.2097390e+06   3.1195068e+02
   3.2099330e+06   6.1340332e+01
   3.2100980e+06   2.7264404e+02
   3.2102410e+06   2.3461914e+02
   3.2104060e+06   9.7900391e+01
   3.2106690e+06   2.2772217e+02
   3.2108890e+06   3.3935547e+01
   3.2109190e+06   3.7597656e+01
   3.2112490e+06   2.4902344e+02
   3.3071710e+06   5.2612305e+01
   3.3073780e+06   3.4179688e+01
   3.3808110e+06   3.1298828e+02
   3.3808240e+06   4.0100098e+01
   3.5157000e+06   3.0273438e+01
   3.6938720e+06   3.1530762e+02
   3.7257770e+06   3.2733154e+02
   3.7694790e+06   3.0145264e+02
   3.7694910e+06   3.2104492e+01
   3.7697070e+06   3.1433105e+02
   3.7698630e+06   2.9528809e+02
   3.7700780e+06   3.0102539e+02
   3.7702200e+06   2.6385498e+02
   3.7703420e+06   1.9421387e+02
   3.7704430e+06   1.5734863e+02
   3.7705770e+06   1.2585449e+02
   3.7707160e+06   1.6455078e+02
   3.7708490e+06   1.9140625e+02
   3.7709600e+06   1.5515137e+02
   3.7709710e+06   3.0822754e+01
   3.7711000e+06   1.1511230e+02
   3.7711240e+06   3.0334473e+01
   3.7712020e+06   1.3500977e+02
   3.7713030e+06   6.2805176e+01
   3.7714650e+06   4.0100098e+01
   3.7715750e+06   3.8085938e+01
   3.7717630e+06   3.1372070e+01
   3.7717970e+06   1.0101318e+02
   3.7718920e+06   5.6945801e+01
   3.7719930e+06   5.3710938e+01
   3.7720910e+06   8.6181641e+01
   3.7721010e+06   3.4240723e+01
   3.7722300e+06   9.1003418e+01
   3.7722420e+06   3.8879395e+01
   3.7723420e+06   8.4960938e+01
   3.7724730e+06   7.0434570e+01
   3.7726050e+06   8.9477539e+01
   3.7729070e+06   8.6975098e+01
   3.7730880e+06   6.4697266e+01
   3.7733060e+06   6.6650391e+01
   3.7734410e+06   5.8593750e+01
   3.7735750e+06   8.4411621e+01
   3.7737730e+06   9.3688965e+01
   3.7739380e+06   5.7006836e+01
   3.7741630e+06   1.1676025e+02
   3.7743740e+06   1.3378906e+02
   3.7746010e+06   1.1639404e+02
   3.7747940e+06   1.5325928e+02
   3.7753090e+06   1.5582275e+02
   3.7756120e+06   1.5795898e+02
   3.7759030e+06   1.8164063e+02
   3.7762430e+06   1.6308594e+02
   3.7770370e+06   3.0151367e+01
   3.7783210e+06   3.3325195e+01
   3.7798350e+06   3.0456543e+01
   3.9096940e+06   3.2409668e+02
   3.9097840e+06   2.9394531e+02
   4.2779800e+06   3.2604980e+02
   4.2780720e+06   6.2438965e+01
   4.2780820e+06   3.6987305e+01
   4.2781870e+06   4.0588379e+01
   4.2783680e+06   2.8417969e+02
   4.2784830e+06   2.6007080e+02
   4.2786180e+06   2.5531006e+02
   4.2787470e+06   2.1881104e+02
   4.2788560e+06   1.9555664e+02
   4.2788850e+06   3.3447266e+01
   4.2789460e+06   1.3262939e+02
   4.2791250e+06   2.0166016e+02
   4.2792240e+06   1.4105225e+02
   4.2792530e+06   3.1127930e+01
   4.2793620e+06   1.1871338e+02
   4.2795020e+06   1.1328125e+02
   4.2796160e+06   4.9438477e+01
   4.2797420e+06   9.8022461e+01
   4.2799300e+06   1.2908936e+02
   4.2799410e+06   3.4179688e+01
   4.2801490e+06   3.4240723e+01
   4.2803140e+06   1.4025879e+02
   4.2806070e+06   3.3203125e+01
   4.2808590e+06   1.7095947e+02
   4.2812390e+06   3.5278320e+01
   4.2812490e+06   3.5644531e+01
   4.4084630e+06   3.0609131e+02
   4.4084760e+06   3.4423828e+01
   4.4796410e+06   3.8024902e+01
   4.4796530e+06   3.0578613e+01
   4.4797840e+06   2.9205322e+02
   4.6991480e+06   3.4606934e+01
   4.6991610e+06   4.0283203e+01
   4.8615700e+06   6.1767578e+01
   4.8615820e+06   3.4606934e+01
   4.8616670e+06   2.6861572e+02
   4.8617360e+06   2.7429199e+02
   4.8618270e+06   2.5878906e+02
   4.8619810e+06   2.4316406e+02
   4.8620840e+06   1.9824219e+02
   4.8621730e+06   1.8035889e+02
   4.8623050e+06   2.1264648e+02
   4.8624620e+06   1.7474365e+02
   4.8625940e+06   1.3153076e+02
   4.8626050e+06   3.7292480e+01
   4.8626790e+06   8.2763672e+01
   4.8628290e+06   5.0048828e+01
   4.8629910e+06   1.7004395e+02
   4.8630020e+06   3.2348633e+01
   4.8631470e+06   1.0223389e+02
   4.8635620e+06   3.7414551e+01
   4.8637500e+06   7.0495605e+01
   4.8637610e+06   3.1188965e+01
   4.8641600e+06   3.1250000e+01
   4.8647640e+06   3.4667969e+01
   4.8663100e+06   5.1574707e+01
   4.8673190e+06   3.1799316e+01
   4.8675040e+06   3.4973145e+01
   4.8675150e+06   2.9785156e+01
   4.8677390e+06   6.7749023e+01
   4.8679230e+06   5.9326172e+01
   4.8681520e+06   4.5959473e+01
   4.8682780e+06   3.2348633e+01
   4.8684410e+06   6.3659668e+01
   4.8686210e+06   5.4016113e+01
   4.8689310e+06   6.7626953e+01
   4.8692660e+06   5.1574707e+01
   4.8694370e+06   7.9284668e+01
   4.8697340e+06   1.0882568e+02
   4.8699940e+06   8.2763672e+01
   4.8703110e+06   1.3549805e+02
   4.8705800e+06   1.3671875e+02
   4.8708630e+06   1.4489746e+02
   4.8711640e+06   1.3305664e+02
   4.8715070e+06   1.6711426e+02
   4.8715190e+06   3.7719727e+01
   4.8721230e+06   1.7205811e+02
   4.8725810e+06   1.8182373e+02
   4.8737010e+06   3.6254883e+01
   4.8737210e+06   1.8981934e+02
   4.8788470e+06   1.9622803e+02
   4.8788620e+06   3.5766602e+01
   5.1687970e+06   2.7709961e+02
   5.1688550e+06   2.6257324e+02
   5.1688940e+06   3.3691406e+01
   5.1690000e+06   2.6995850e+02
   5.1691690e+06   2.9284668e+02
   5.1692720e+06   2.7807617e+02
   5.1694080e+06   2.1276855e+02
   5.1695240e+06   2.2326660e+02
   5.1697070e+06   2.5274658e+02
   5.1698520e+06   1.9152832e+02
   5.1700370e+06   2.1221924e+02
   5.1702740e+06   2.4261475e+02
   5.1704950e+06   2.2607422e+02
   5.1706600e+06   1.6680908e+02
   5.1709190e+06   3.5705566e+01
   5.1711840e+06   3.2958984e+01
   5.1714480e+06   4.0100098e+01
   5.1957460e+06   3.0700684e+01
   5.1982840e+06   3.6682129e+01
   5.1982970e+06   4.0344238e+01
   5.1986120e+06   2.8808594e+02
   5.1988790e+06   2.1154785e+02
   5.1991130e+06   2.5805664e+02
   5.1992080e+06   2.4652100e+02
   5.1993690e+06   2.4310303e+02
   5.1993860e+06   3.0761719e+01
   5.1997080e+06   2.4694824e+02
   5.1998830e+06   2.5390625e+02
   5.2000460e+06   2.2460937e+02
   5.2002180e+06   2.1130371e+02
   5.2004730e+06   3.6071777e+01
   5.2004970e+06   3.8330078e+01
   5.2006770e+06   1.9451904e+02
   5.2006880e+06   3.1860352e+01
   5.2008750e+06   1.9592285e+02
   5.2010620e+06   1.7736816e+02
   5.2013320e+06   2.2521973e+02
   5.2013510e+06   3.5461426e+01
   5.2015520e+06   2.0208740e+02
   5.2017340e+06   2.0941162e+02
   5.2019950e+06   1.9580078e+02
   5.2022840e+06   3.1738281e+01
   5.2023090e+06   3.3813477e+01
   5.3519830e+06   6.2377930e+01
   5.3519950e+06   3.0761719e+01
   5.3521560e+06   2.8753662e+02
   5.3522690e+06   2.9400635e+02
   5.3524150e+06   2.7758789e+02
   5.3526830e+06   2.6873779e+02
   5.3528730e+06   2.5268555e+02
   5.3531350e+06   2.5695801e+02
   5.3534140e+06   2.4975586e+02
   5.3534350e+06   3.6865234e+01
   5.3535840e+06   2.4035645e+02
   5.3538640e+06   2.1832275e+02
   5.3541150e+06   2.6025391e+02
   5.7779910e+06   2.5933838e+02
   5.7780030e+06   3.3203125e+01
   5.7781040e+06   2.6153564e+02
   5.7782210e+06   3.8513184e+01
   5.7782310e+06   4.7851563e+01
   5.7784160e+06   2.8692627e+02
   5.7785720e+06   2.7844238e+02
   5.7787190e+06   2.2595215e+02
   5.7787300e+06   3.0578613e+01
   5.7788600e+06   2.1539307e+02
   5.7789940e+06   1.8688965e+02
   5.7790040e+06   4.0466309e+01
   5.7790890e+06   1.1846924e+02
   5.7791590e+06   6.2683105e+01
   5.7792680e+06   1.0821533e+02
   5.7793010e+06   3.1005859e+01
   5.7793720e+06   8.3862305e+01
   5.7793990e+06   3.5705566e+01
   5.7795340e+06   1.2249756e+02
   5.7795440e+06   3.6499023e+01
   5.7796410e+06   3.9001465e+01
   5.7796510e+06   3.3325195e+01
   5.7797440e+06   3.0334473e+01
   5.7799640e+06   5.9326172e+01
   5.7799760e+06   3.1372070e+01
   5.7800570e+06   3.1677246e+01
   5.7802650e+06   8.6914063e+01
   5.7802750e+06   3.1494141e+01
   5.7803640e+06   2.9846191e+01
   5.7805260e+06   9.8510742e+01
   5.7805380e+06   3.8146973e+01
   5.7806770e+06   8.5998535e+01
   5.7813880e+06   3.2653809e+01
   5.7815280e+06   5.6457520e+01
   5.7816670e+06   6.4941406e+01
   5.7818400e+06   1.0546875e+02
   5.7820970e+06   3.6926270e+01
   5.7822340e+06   4.0710449e+01
   5.7822480e+06   3.5400391e+01
   5.7824070e+06   8.4777832e+01
   5.7826180e+06   1.5100098e+02
   5.7828720e+06   1.1645508e+02
   5.7828820e+06   3.4545898e+01
   5.7832510e+06   1.5039063e+02
   5.7835000e+06   1.5576172e+02
   5.7837100e+06   1.4495850e+02
   5.7837210e+06   3.4179688e+01
   5.7839460e+06   1.7687988e+02
   5.7842580e+06   1.6387939e+02
   5.7842810e+06   3.1188965e+01
   5.7845390e+06   1.6827393e+02
   5.7849770e+06   3.2958984e+01
   5.7856120e+06   1.9042969e+02
   5.7856370e+06   3.0212402e+01
   5.7958100e+06   3.0639648e+01
   5.9540320e+06   4.6875000e+01
   5.9540460e+06   3.0700684e+01
   6.0135170e+06   5.2551270e+01
   6.0135320e+06   3.1677246e+01
   6.1017420e+06   5.9082031e+01
   6.1018320e+06   2.6580811e+02
   6.1019000e+06   2.1832275e+02
   6.1019120e+06   3.4423828e+01
   6.1019870e+06   2.2735596e+02
   6.1021040e+06   2.5567627e+02
   6.1022630e+06   2.4053955e+02
   6.1023990e+06   2.4920654e+02
   6.1025210e+06   2.1502686e+02
   6.1026000e+06   1.2719727e+02
   6.1027420e+06   2.3004150e+02
   6.1028380e+06   1.1273193e+02
   6.1029840e+06   1.1956787e+02
   6.1031210e+06   1.8035889e+02
   6.1031310e+06   4.5776367e+01
   6.1032630e+06   1.3177490e+02
   6.1032740e+06   3.6621094e+01
   6.1034040e+06   1.4984131e+02
   6.1035410e+06   1.5557861e+02
   6.1035510e+06   3.1555176e+01
   6.1037820e+06   1.6082764e+02
   6.1039160e+06   1.1303711e+02
   6.1041090e+06   1.2811279e+02
   6.1042870e+06   1.6467285e+02
   6.1044300e+06   1.2097168e+02
   6.1044400e+06   3.9672852e+01
   6.1045810e+06   9.6008301e+01
   6.1045910e+06   3.1433105e+01
   6.1048710e+06   1.7755127e+02
   6.1050090e+06   1.0095215e+02
   6.1050200e+06   3.1372070e+01
   6.1053400e+06   1.4331055e+02
   6.1053510e+06   3.1738281e+01
   6.1055220e+06   1.3153076e+02
   6.1055320e+06   3.0517578e+01
   6.1058230e+06   2.0111084e+02
   6.1061500e+06   2.1002197e+02
   6.1866450e+06   4.9377441e+01
   6.1866580e+06   3.1616211e+01
   6.1868080e+06   2.6562500e+02
   6.3111080e+06   5.9997559e+01
   6.3111220e+06   3.5766602e+01
   6.3113040e+06   5.4199219e+01
   6.3116510e+06   2.9821777e+02
   6.4657830e+06   3.2446289e+02
   6.4657950e+06   3.2714844e+01
   6.4658680e+06   2.1923828e+02
   6.4658880e+06   3.7048340e+01
   6.4659450e+06   2.5170898e+02
   6.4659650e+06   3.0761719e+01
   6.4661630e+06   2.9785156e+01
   6.4663290e+06   2.6788330e+02
   6.4664910e+06   2.5982666e+02
   6.4666220e+06   2.0800781e+02
   6.4666420e+06   3.5095215e+01
   6.4667310e+06   1.5893555e+02
   6.4668670e+06   2.0739746e+02
   6.4668770e+06   3.5095215e+01
   6.4670320e+06   2.2705078e+02
   6.4672120e+06   2.0349121e+02
   6.4673380e+06   1.5649414e+02
   6.4673490e+06   3.2104492e+01
   6.4675280e+06   1.6748047e+02
   6.4676770e+06   1.4514160e+02
   6.4678950e+06   1.9897461e+02
   6.4681330e+06   1.8011475e+02
   6.4683280e+06   1.9793701e+02
   6.4685490e+06   2.0812988e+02
   6.4685670e+06   3.9001465e+01
   6.4688020e+06   2.0281982e+02
   6.4690650e+06   2.3382568e+02
   6.4695060e+06   2.0776367e+02
   6.4700710e+06   2.2106934e+02
   6.6068780e+06   2.8381348e+02
   6.6068890e+06   3.5827637e+01
   6.6071640e+06   2.5732422e+02
   6.6071760e+06   3.2897949e+01
   6.6072700e+06   5.6884766e+01
   6.6074370e+06   3.2104492e+01
   6.6077290e+06   4.9499512e+01
   6.6077500e+06   2.9785156e+01
   6.6080100e+06   2.9785156e+01
   6.6082730e+06   2.6257324e+02
   6.6084600e+06   2.4493408e+02
   6.6086960e+06   3.8574219e+01
   6.6089050e+06   3.0456543e+01
   6.6092030e+06   2.3468018e+02
   6.6095830e+06   2.3266602e+02
   6.6100550e+06   2.4517822e+02
   6.7124330e+06   5.6762695e+01
   6.7126010e+06   3.6987305e+01
   6.7126400e+06   3.8574219e+01
   6.7130730e+06   4.8034668e+01
   6.7133860e+06   2.6226807e+02
   6.7136090e+06   2.7197266e+02
   6.7140360e+06   3.1311035e+01
   6.7143550e+06   2.6080322e+02
   6.9293420e+06   2.7667236e+02
   6.9293530e+06   3.0456543e+01
   7.1539490e+06   3.0853271e+02
   7.1539610e+06   3.3813477e+01
   7.1540240e+06   3.1005859e+01
   7.1540940e+06   6.4514160e+01
   7.1541060e+06   3.0822754e+01
   7.1542110e+06   2.8326416e+02
   7.1543260e+06   2.5073242e+02
   7.1545660e+06   2.1685791e+02
   7.1546950e+06   2.3791504e+02
   7.1547050e+06   4.2846680e+01
   7.1548190e+06   2.3364258e+02
   7.1550050e+06   2.3693848e+02
   7.1550220e+06   3.2104492e+01
   7.1551460e+06   2.2979736e+02
   7.1553570e+06   2.3339844e+02
   7.1554770e+06   2.0629883e+02
   7.1556700e+06   3.9428711e+01
   7.1558270e+06   3.0456543e+01
   7.1558460e+06   3.0029297e+01
   7.1560840e+06   2.4011230e+02
   7.1560940e+06   3.7109375e+01
   7.1563020e+06   3.8635254e+01
   7.1564850e+06   2.0819092e+02
   7.1564950e+06   3.2104492e+01
   7.1567060e+06   1.9256592e+02
   7.1570480e+06   2.3236084e+02
   7.4428930e+06   3.2312012e+02
   7.4429580e+06   6.5124512e+01
   7.4431340e+06   6.2622070e+01
   7.4437290e+06   2.9125977e+02
   7.4442290e+06   2.7404785e+02
   7.4442450e+06   3.1494141e+01
   8.0330700e+06   5.6579590e+01
   8.0330820e+06   3.2104492e+01
   8.0331480e+06   2.6568604e+02
   8.0331610e+06   3.0944824e+01
   8.0332330e+06   3.5217285e+01
   8.0332640e+06   2.7508545e+02
   8.0334850e+06   2.7758789e+02
   8.0336000e+06   2.5000000e+02
   8.0337330e+06   3.9489746e+01
   8.0338670e+06   2.0904541e+02
   8.0338770e+06   3.9672852e+01
   8.0339600e+06   1.3299561e+02
   8.0340550e+06   1.2481689e+02
   8.0341940e+06   1.4819336e+02
   8.0342130e+06   3.0151367e+01
   8.0344150e+06   1.1566162e+02
   8.0344250e+06   3.5400391e+01
   8.0345220e+06   8.9904785e+01
   8.0347070e+06   4.0039063e+01
   8.0348560e+06   1.0369873e+02
   8.0349390e+06   4.7973633e+01
   8.0351190e+06   1.2664795e+02
   8.0352250e+06   7.7636719e+01
   8.0353460e+06   6.6284180e+01
   8.0353570e+06   3.1127930e+01
   8.0355150e+06   6.0607910e+01
   8.0356860e+06   5.1513672e+01
   8.0359050e+06   6.5124512e+01
   8.0360250e+06   8.0322266e+01
   8.0361310e+06   4.1870117e+01
   8.0364020e+06   3.8085938e+01
   8.0365990e+06   3.0456543e+01
   8.0367300e+06   4.1870117e+01
   8.0368570e+06   5.3222656e+01
   8.0370360e+06   3.1066895e+01
   8.0373790e+06   3.5949707e+01
   8.0374850e+06   3.0822754e+01
   8.0376090e+06   3.5766602e+01
   8.0380750e+06   6.5551758e+01
   8.0382470e+06   3.0212402e+01
   8.0383950e+06   4.5043945e+01
   8.0385840e+06   8.4411621e+01
   8.0388120e+06   7.3120117e+01
   8.0389490e+06   1.0162354e+02
   8.0390940e+06   4.5959473e+01
   8.0392590e+06   9.0087891e+01
   8.0392700e+06   3.3874512e+01
   8.0394060e+06   5.6457520e+01
   8.0396800e+06   1.1218262e+02
   8.0398660e+06   5.1940918e+01
   8.0398770e+06   4.2480469e+01
   8.0401530e+06   1.3635254e+02
   8.0404380e+06   1.5234375e+02
   8.0407540e+06   1.3122559e+02
   8.0410960e+06   1.5960693e+02
   8.0414550e+06   1.8072510e+02
   8.0414780e+06   3.1433105e+01
   8.0419760e+06   1.7211914e+02
   8.0425880e+06   1.8914795e+02
   8.0426110e+06   3.0151367e+01
   8.0451710e+06   2.2296143e+02
   8.0451870e+06   3.4118652e+01
   8.4567960e+06   2.5958252e+02
   8.4568080e+06   3.5766602e+01
   8.4568730e+06   3.6437988e+01
   8.4569630e+06   2.4792480e+02
   8.4571420e+06   2.5488281e+02
   8.4573710e+06   2.7380371e+02
   8.4575070e+06   2.4688721e+02
   8.4576150e+06   1.9909668e+02
   8.4577910e+06   2.2393799e+02
   8.4579220e+06   1.6345215e+02
   8.4580540e+06   1.8066406e+02
   8.4582380e+06   2.0928955e+02
   8.4583160e+06   5.9143066e+01
   8.4584710e+06   1.8865967e+02
   8.4586540e+06   1.4776611e+02
   8.4587540e+06   1.1645508e+02
   8.4588620e+06   6.3537598e+01
   8.4588720e+06   3.0578613e+01
   8.4590110e+06   9.6496582e+01
   8.4590210e+06   3.0029297e+01
   8.4593220e+06   1.0485840e+02
   8.4594910e+06   9.1247559e+01
   8.4596040e+06   6.3354492e+01
   8.4598000e+06   9.0637207e+01
   8.4599270e+06   9.2651367e+01
   8.4601190e+06   8.5876465e+01
   8.4601300e+06   3.4362793e+01
   8.4603050e+06   1.5380859e+02
   8.4605050e+06   1.4886475e+02
   8.4607110e+06   1.5997314e+02
   8.4610290e+06   1.7944336e+02
   8.4610390e+06   3.1677246e+01
   8.4612340e+06   1.5490723e+02
   8.4616020e+06   1.8487549e+02
   8.4619240e+06   1.9238281e+02
   8.4619340e+06   3.5217285e+01
   8.7234800e+06   5.6579590e+01
   8.7236110e+06   7.0434570e+01
   8.7239130e+06   5.5847168e+01
   8.7243400e+06   2.6538086e+02
   8.7248330e+06   2.6159668e+02
   8.7679340e+06   2.7606201e+02
   8.7679450e+06   4.1137695e+01
   8.7681860e+06   3.0517578e+01
   8.7687910e+06   2.8070068e+02
   8.7688040e+06   3.3020020e+01
   8.7691990e+06   2.7996826e+02
   8.7694110e+06   5.5908203e+01
   8.7695990e+06   2.5146484e+02
   8.7698640e+06   2.5488281e+02
   8.7698820e+06   3.1372070e+01
   8.7700900e+06   2.5463867e+02
   8.7703830e+06   2.3577881e+02
   8.7707480e+06   3.0517578e+01
   8.7707670e+06   2.4688721e+02
   8.7710810e+06   2.4530029e+02
   8.7714140e+06   2.2698975e+02
   8.7985250e+06   3.0578613e+01
   8.8110610e+06   3.3740234e+02
   8.8113080e+06   5.0170898e+01
   8.8114010e+06   3.0639648e+01
   8.8116010e+06   4.4128418e+01
   8.8120120e+06   2.4462891e+02
   8.8120250e+06   3.3203125e+01
   8.8121660e+06   2.5805664e+02
   8.8123880e+06   2.4774170e+02
   8.8125890e+06   2.4621582e+02
   8.8127330e+06   2.3748779e+02
   8.8127520e+06   3.3325195e+01
   8.8129020e+06   2.4157715e+02
   8.8131260e+06   2.2766113e+02
   8.8133750e+06   2.1893311e+02
   8.8135870e+06   2.1441650e+02
   8.8141740e+06   4.3212891e+01
   9.1099800e+06   6.6894531e+01
   9.1099930e+06   3.5644531e+01
   9.1101190e+06   4.9560547e+01
   9.1101930e+06   4.0283203e+01
   9.1102030e+06   4.5715332e+01
   9.1103520e+06   2.6098633e+02
   9.1105690e+06   2.7386475e+02
   9.1107690e+06   2.4438477e+02
   9.1108710e+06   2.4066162e+02
   9.1110300e+06   2.1972656e+02
   9.1112190e+06   2.2161865e+02
   9.1113870e+06   2.1789551e+02
   9.1115790e+06   2.1801758e+02
   9.1116050e+06   3.3081055e+01
   9.1118170e+06   2.0874023e+02
   9.1121360e+06   2.4652100e+02
   9.1126280e+06   3.6315918e+01
   9.1130810e+06   2.4456787e+02
   9.4747710e+06   6.3415527e+01
   9.4748540e+06   5.6701660e+01
   9.4748640e+06   3.4423828e+01
   9.4749440e+06   4.5532227e+01
   9.4749680e+06   3.0090332e+01
   9.4751210e+06   2.2448730e+02
   9.4753070e+06   2.5634766e+02
   9.4754900e+06   2.3266602e+02
   9.4756270e+06   2.0257568e+02
   9.4758060e+06   5.9387207e+01
   9.4758160e+06   3.4729004e+01
   9.4760030e+06   2.0526123e+02
   9.4762960e+06   2.1990967e+02
   9.4766920e+06   2.2564697e+02
   9.4770270e+06   3.6804199e+01
   9.7501870e+06   2.6354980e+02
   9.7502850e+06   5.4809570e+01
   9.7503020e+06   3.0456543e+01
   9.7503370e+06   3.0456543e+01
   9.7503650e+06   3.5217285e+01
   9.7503910e+06   2.9846191e+01
   9.7505360e+06   2.7111816e+02
   9.7505710e+06   2.9907227e+01
   9.7507250e+06   1.5197754e+02
   9.7508350e+06   2.4749756e+02
   9.7509800e+06   1.2176514e+02
   9.7510090e+06   2.9785156e+01
   9.7511100e+06   2.1722412e+02
   9.7513020e+06   2.2619629e+02
   9.7514940e+06   2.1331787e+02
   9.7515050e+06   3.2165527e+01
   9.7516050e+06   1.4666748e+02
   9.7516150e+06   3.5095215e+01
   9.7517400e+06   1.5478516e+02
   9.7518780e+06   1.3647461e+02
   9.7518880e+06   4.1625977e+01
   9.7519940e+06   1.1322021e+02
   9.7520200e+06   3.1738281e+01
   9.7521170e+06   8.3251953e+01
   9.7522410e+06   3.4240723e+01
   9.7522510e+06   1.4276123e+02
   9.7524160e+06   1.1102295e+02
   9.7525440e+06   7.4584961e+01
   9.7526650e+06   8.1909180e+01
   9.7526770e+06   3.9428711e+01
   9.7529510e+06   7.8613281e+01
   9.7530820e+06   1.1126709e+02
   9.7532400e+06   1.1804199e+02
   9.7532500e+06   3.7353516e+01
   9.7533890e+06   3.5766602e+01
   9.7535300e+06   4.4128418e+01
   9.7538550e+06   8.3251953e+01
   9.7542140e+06   1.6558838e+02
   9.7542360e+06   3.0639648e+01
   9.7543820e+06   1.5832520e+02
   9.7546430e+06   1.8652344e+02
   9.7548910e+06   2.0556641e+02
   9.7555630e+06   1.8957520e+02
   1.0496208e+07   2.5476074e+02
   1.0496283e+07   2.4157715e+02
   1.0496354e+07   2.3547363e+02
   1.0496473e+07   2.3516846e+02
   1.0496614e+07   2.4639893e+02
   1.0496801e+07   2.2924805e+02
   1.0496913e+07   2.0532227e+02
   1.0497070e+07   2.1136475e+02
   1.0497164e+07   1.5289307e+02
   1.0497269e+07   3.0090332e+01
   1.0497319e+07   2.0568848e+02
   1.0497449e+07   1.8029785e+02
   1.0497616e+07   1.7541504e+02
   1.0497785e+07   1.5533447e+02
   1.0497897e+07   1.4160156e+02
   1.0498082e+07   1.6027832e+02
   1.0498202e+07   9.4177246e+01
   1.0498527e+07   1.4709473e+02
   1.0498633e+07   8.6303711e+01
   1.0498812e+07   1.6033936e+02
   1.0498866e+07   3.0944824e+01
   1.0498990e+07   1.5240479e+02
   1.0499119e+07   1.0345459e+02
   1.0499133e+07   3.0151367e+01
   1.0499297e+07   1.1669922e+02
   1.0499446e+07   1.1486816e+02
   1.0499666e+07   1.1236572e+02
   1.0499677e+07   3.3020020e+01
   1.0499839e+07   1.3623047e+02
   1.0500016e+07   1.2677002e+02
   1.0500026e+07   3.6315918e+01
   1.0500179e+07   1.4550781e+02
   1.0500384e+07   1.6510010e+02
   1.0500610e+07   1.5820313e+02
   1.0500848e+07   1.7260742e+02
   1.0500860e+07   3.8330078e+01
   1.0501067e+07   1.7736816e+02
   1.0501326e+07   1.6174316e+02
   1.0501575e+07   1.8133545e+02
   1.0501801e+07   1.6149902e+02
   1.0501822e+07   3.0029297e+01
   1.0502328e+07   2.0996094e+02
   1.0927766e+07   2.5085449e+02
   1.0927846e+07   2.6904297e+02
   1.0927948e+07   2.6696777e+02
   1.0927958e+07   3.5705566e+01
   1.0928094e+07   2.4932861e+02
   1.0928253e+07   2.3895264e+02
   1.0928381e+07   2.5640869e+02
   1.0928499e+07   2.3565674e+02
   1.0928666e+07   2.2839355e+02
   1.0928687e+07   3.3447266e+01
   1.0928794e+07   2.1728516e+02
   1.0928966e+07   2.0635986e+02
   1.0929117e+07   4.1137695e+01
   1.0929280e+07   2.0501709e+02
   1.0929303e+07   3.6865234e+01
   1.0929412e+07   1.6961670e+02
   1.0929661e+07   1.9519043e+02
   1.0929872e+07   2.0135498e+02
   1.0930027e+07   1.4703369e+02
   1.0930037e+07   3.2897949e+01
   1.0930225e+07   1.3964844e+02
   1.0930385e+07   1.6613770e+02
   1.0930396e+07   3.3569336e+01
   1.0930742e+07   1.9281006e+02
   1.0930762e+07   3.1860352e+01
   1.0931031e+07   1.9946289e+02
   1.0931240e+07   1.6186523e+02
   1.0931442e+07   1.7700195e+02
   1.0931845e+07   1.8884277e+02
   1.0931867e+07   2.9785156e+01
   1.1872694e+07   6.2133789e+01
   1.1872705e+07   3.3386230e+01
   1.1872794e+07   5.6579590e+01
   1.1872885e+07   5.6396484e+01
   1.1873024e+07   2.4792480e+02
   1.1873123e+07   2.2320557e+02
   1.1873235e+07   1.0821533e+02
   1.1873398e+07   2.4261475e+02
   1.1873509e+07   1.8432617e+02
   1.1873538e+07   3.9123535e+01
   1.1873674e+07   2.0581055e+02
   1.1873780e+07   1.5185547e+02
   1.1873920e+07   1.8170166e+02
   1.1874061e+07   1.7797852e+02
   1.1874224e+07   1.9677734e+02
   1.1874250e+07   3.2104492e+01
   1.1874375e+07   1.7901611e+02
   1.1874385e+07   3.5583496e+01
   1.1874520e+07   1.3519287e+02
   1.1874530e+07   3.9916992e+01
   1.1874657e+07   1.7620850e+02
   1.1874787e+07   1.6900635e+02
   1.1874938e+07   1.2744141e+02
   1.1875141e+07   1.6656494e+02
   1.1875151e+07   3.8085938e+01
   1.1875269e+07   7.7880859e+01
   1.1875280e+07   3.3569336e+01
   1.1875432e+07   1.1859131e+02
   1.1875442e+07   4.1809082e+01
   1.1875577e+07   1.1633301e+02
   1.1875734e+07   1.3781738e+02
   1.1875862e+07   9.6984863e+01
   1.1876064e+07   1.4123535e+02
   1.1876074e+07   3.3813477e+01
   1.1876235e+07   1.4758301e+02
   1.1876375e+07   8.4106445e+01
   1.1876692e+07   1.5472412e+02
   1.1876862e+07   1.6320801e+02
   1.1877058e+07   1.5509033e+02
   1.1877245e+07   1.6363525e+02
   1.1877417e+07   1.2451172e+02
   1.1877642e+07   1.5362549e+02
   1.1877897e+07   1.4282227e+02
   1.1877921e+07   3.3020020e+01
   1.1878127e+07   1.6882324e+02
   1.1878372e+07   1.6430664e+02
   1.1878671e+07   1.6589355e+02
   1.1878955e+07   1.7907715e+02
   1.1879417e+07   1.9384766e+02
