   1.1996000e+07   0.0000000e+00
   7.4201900e+05   3.0822754e+01
   1.1398030e+06   3.2958984e+01
   1.2094860e+06   3.6437988e+01
   2.5812010e+06   3.2287598e+01
   2.5812340e+06   2.9907227e+01
   2.6410070e+06   2.9724121e+01
   2.6739460e+06   3.0639648e+01
   2.6797900e+06   2.9724121e+01
   2.7462300e+06   3.2775879e+01
   3.3943400e+06   2.9663086e+01
   3.5794260e+06   2.9663086e+01
   4.2455400e+06   3.0151367e+01
   4.5829230e+06   3.5095215e+01
   4.6342030e+06   3.2836914e+01
   4.8272540e+06   3.4362793e+01
   4.8580210e+06   3.9672852e+01
   4.8590140e+06   3.2958984e+01
   5.1396930e+06   3.0212402e+01
   5.1397480e+06   3.1372070e+01
   5.9340390e+06   3.3386230e+01
   6.2047830e+06   3.2836914e+01
   6.2396400e+06   3.5949707e+01
   6.3107590e+06   4.0344238e+01
   6.4022140e+06   3.0456543e+01
   6.6372400e+06   2.9846191e+01
