   1.1996000e+07   0.0000000e+00
   2.0660000e+03   3.0761719e+01
   9.0450000e+04   3.5644531e+01
   9.0678000e+04   3.0517578e+01
   9.1301000e+04   3.3447266e+01
   9.1653000e+04   3.0334473e+01
   1.6009100e+05   3.0639648e+01
   2.1206300e+05   4.3640137e+01
   2.1211700e+05   3.1127930e+01
   2.1243500e+05   3.7353516e+01
   2.7507500e+05   4.1625977e+01
   2.7531600e+05   3.6804199e+01
   2.7570300e+05   4.0466309e+01
   2.7588000e+05   3.3996582e+01
   3.4419400e+05   3.9916992e+01
   3.4429400e+05   3.5095215e+01
   4.0645000e+05   3.8391113e+01
   4.0667500e+05   3.5034180e+01
   4.0682900e+05   3.8696289e+01
   4.0692900e+05   3.4667969e+01
   6.5155400e+05   4.9682617e+01
   6.5185300e+05   3.6010742e+01
   6.7876000e+05   3.5827637e+01
   7.2308700e+05   3.7658691e+01
   7.4409300e+05   3.0456543e+01
   8.3172500e+05   3.7231445e+01
   9.5930100e+05   3.8269043e+01
   9.5933900e+05   3.0090332e+01
   9.5941500e+05   4.0100098e+01
   9.5950600e+05   3.8879395e+01
   9.5960000e+05   3.1250000e+01
   9.5984100e+05   3.4484863e+01
   9.5996400e+05   3.7658691e+01
   1.0138060e+06   3.3325195e+01
   1.0138910e+06   3.1494141e+01
   1.0140200e+06   3.5644531e+01
   1.0722680e+06   4.6264648e+01
   1.1191930e+06   4.9560547e+01
   1.1510310e+06   3.6560059e+01
   1.1870410e+06   4.5654297e+01
   1.7109490e+06   3.2043457e+01
   1.7118030e+06   3.0151367e+01
   1.7173120e+06   3.0151367e+01
   1.7179930e+06   3.1616211e+01
   1.7449300e+06   3.3020020e+01
   1.7636880e+06   3.9245605e+01
   1.7646110e+06   3.3447266e+01
   1.7716090e+06   4.0039063e+01
   1.8015760e+06   4.1320801e+01
   1.8026010e+06   3.0639648e+01
   1.8117320e+06   4.6020508e+01
   1.8119800e+06   3.3325195e+01
   1.8259070e+06   3.6804199e+01
   1.8267360e+06   3.7109375e+01
   2.0460550e+06   3.4851074e+01
   2.0461160e+06   3.2836914e+01
   2.0461970e+06   3.0517578e+01
   2.0479930e+06   3.1494141e+01
   2.0483530e+06   3.2653809e+01
   2.0486830e+06   3.3752441e+01
   2.0491930e+06   3.5034180e+01
   2.0997170e+06   4.5166016e+01
   2.4284930e+06   3.3020020e+01
   2.4311000e+06   3.1677246e+01
   2.4315870e+06   3.0883789e+01
   2.4319020e+06   3.0761719e+01
   2.4327160e+06   3.1433105e+01
   2.4330690e+06   3.0395508e+01
   2.4703760e+06   3.2470703e+01
   2.4705030e+06   3.5705566e+01
   2.4705690e+06   3.2653809e+01
   2.4708790e+06   3.3142090e+01
   2.4709960e+06   3.6926270e+01
   2.4874370e+06   3.3874512e+01
   2.5219640e+06   3.4606934e+01
   2.5220950e+06   3.1127930e+01
   2.5223170e+06   3.4301758e+01
   2.7636130e+06   3.1372070e+01
   2.7636510e+06   3.3569336e+01
   2.7637760e+06   3.1433105e+01
   2.7639390e+06   3.1372070e+01
   2.7640620e+06   3.4179688e+01
   2.8905820e+06   4.0832520e+01
   2.8909340e+06   3.3508301e+01
   2.9475470e+06   3.5644531e+01
   2.9481150e+06   3.1494141e+01
   2.9481940e+06   3.3142090e+01
   3.2090930e+06   3.6315918e+01
   3.2091860e+06   3.1433105e+01
   3.2093590e+06   3.2043457e+01
   3.2093990e+06   3.2531738e+01
   3.2105230e+06   3.0944824e+01
   3.3069810e+06   4.0588379e+01
   3.3071300e+06   3.0639648e+01
   3.3803620e+06   3.4973145e+01
   3.3804070e+06   3.1616211e+01
   3.3804780e+06   3.1677246e+01
   3.3805280e+06   3.1005859e+01
   3.3806330e+06   3.0395508e+01
   3.3808400e+06   3.5949707e+01
   3.4219910e+06   3.5522461e+01
   3.4220970e+06   3.4912109e+01
   3.4842050e+06   3.9489746e+01
   3.6483900e+06   3.9489746e+01
   3.7258730e+06   4.4982910e+01
   3.7484420e+06   3.1250000e+01
   3.7692160e+06   3.8635254e+01
   3.7692800e+06   3.4973145e+01
   3.7693580e+06   3.4606934e+01
   3.7694440e+06   4.3090820e+01
   4.0364820e+06   3.1982422e+01
   4.2781010e+06   3.4545898e+01
   4.2782660e+06   3.6926270e+01
   4.2783700e+06   3.0151367e+01
   4.2785000e+06   3.4301758e+01
   4.2796430e+06   3.0517578e+01
   4.2798910e+06   3.0395508e+01
   4.4797520e+06   3.4362793e+01
   4.8614530e+06   3.1860352e+01
   4.8615580e+06   3.5278320e+01
   4.8664770e+06   3.0883789e+01
   4.8954300e+06   3.5705566e+01
   4.8999550e+06   3.2592773e+01
   4.9068590e+06   4.1198730e+01
   4.9172680e+06   3.6621094e+01
   4.9310490e+06   3.5644531e+01
   4.9373250e+06   4.2419434e+01
   4.9374150e+06   3.4118652e+01
   4.9631220e+06   3.9062500e+01
   4.9634030e+06   3.5949707e+01
   5.1688930e+06   4.1870117e+01
   5.1689930e+06   3.2592773e+01
   5.1692050e+06   3.3447266e+01
   5.1702530e+06   3.2409668e+01
   5.3517730e+06   3.4790039e+01
   5.3518140e+06   3.1982422e+01
   5.3524120e+06   3.4301758e+01
   5.7775960e+06   3.6010742e+01
   5.7779030e+06   3.3020020e+01
   5.7779150e+06   3.0212402e+01
   5.7782040e+06   3.1311035e+01
   5.7789870e+06   3.0639648e+01
   5.7823090e+06   3.0700684e+01
   5.8178980e+06   3.1982422e+01
   5.8181880e+06   3.7719727e+01
   6.1015810e+06   3.2714844e+01
   6.1864210e+06   3.0944824e+01
   6.1864630e+06   3.0334473e+01
   6.1865310e+06   3.0334473e+01
   6.2750730e+06   3.1860352e+01
   6.3109400e+06   4.2663574e+01
   6.3109980e+06   4.1259766e+01
   6.3111790e+06   3.1982422e+01
   6.3114960e+06   3.4606934e+01
   6.3118050e+06   3.6743164e+01
   6.4655670e+06   3.8146973e+01
   6.4657080e+06   3.2165527e+01
   6.5353230e+06   3.0212402e+01
   6.6066480e+06   3.5583496e+01
   6.6067620e+06   3.2348633e+01
   6.6068150e+06   3.0822754e+01
   6.6068800e+06   3.6437988e+01
   6.6069490e+06   3.1127930e+01
   6.7121710e+06   3.7963867e+01
   6.7122600e+06   3.2165527e+01
   6.7125100e+06   3.4912109e+01
   6.7126360e+06   3.3203125e+01
   6.7128660e+06   3.7719727e+01
   6.7707860e+06   3.0334473e+01
   6.7961090e+06   3.2470703e+01
   6.7961740e+06   3.1250000e+01
   6.7962930e+06   3.2104492e+01
   6.9335610e+06   3.8879395e+01
   6.9336210e+06   3.1311035e+01
   6.9336760e+06   3.0090332e+01
   6.9339730e+06   3.7963867e+01
   6.9342340e+06   3.0334473e+01
   7.1537330e+06   3.9123535e+01
   7.1537980e+06   3.8208008e+01
   7.1539130e+06   4.0832520e+01
   7.1539850e+06   3.0151367e+01
   7.1540670e+06   3.3447266e+01
   7.1542100e+06   3.3325195e+01
   7.1552910e+06   3.3264160e+01
   7.2350000e+06   3.4545898e+01
   7.2350510e+06   3.4301758e+01
   7.2351820e+06   3.1738281e+01
   7.2353010e+06   3.0944824e+01
   7.3532940e+06   3.8085938e+01
   7.4429860e+06   3.3813477e+01
   7.6361190e+06   3.0273438e+01
   7.7582470e+06   3.7658691e+01
   8.0328550e+06   3.5766602e+01
   8.0329010e+06   3.4057617e+01
   8.0329550e+06   3.5461426e+01
   8.0753660e+06   3.5644531e+01
   8.0854780e+06   4.0405273e+01
   8.4565410e+06   3.1860352e+01
   8.4566240e+06   3.5034180e+01
   8.4567650e+06   3.4301758e+01
   8.4588080e+06   3.4851074e+01
   8.7235700e+06   3.2531738e+01
   8.7237540e+06   3.5461426e+01
   8.7681890e+06   4.0405273e+01
   8.8108210e+06   3.4118652e+01
   8.8114790e+06   3.1738281e+01
   8.8127650e+06   3.2958984e+01
   9.1097480e+06   3.5522461e+01
   9.1097960e+06   3.1494141e+01
   9.1112320e+06   3.2165527e+01
   9.2620100e+06   3.9978027e+01
   9.3545870e+06   3.0639648e+01
   9.4477340e+06   3.1127930e+01
   9.4749060e+06   3.7048340e+01
   9.4749740e+06   3.1555176e+01
   9.7524460e+06   3.0578613e+01
   1.0204460e+07   3.2592773e+01
   1.0496009e+07   3.7170410e+01
   1.0496049e+07   3.0883789e+01
   1.0496092e+07   3.1494141e+01
   1.0927613e+07   3.3508301e+01
   1.0928174e+07   3.1066895e+01
   1.0929671e+07   3.1433105e+01
   1.1872502e+07   3.6437988e+01
   1.1872539e+07   3.6621094e+01
   1.1872619e+07   3.0273438e+01
   1.1905231e+07   4.0649414e+01
   1.1905287e+07   3.1494141e+01
   1.1905456e+07   3.5095215e+01
   1.1905594e+07   3.0883789e+01
