   1.1996000e+07   0.0000000e+00
   9.0407000e+04   3.3813477e+01
   9.0438000e+04   2.8991699e+01
   9.0577000e+04   3.1127930e+01
   9.0628000e+04   3.4118652e+01
   9.1148000e+04   2.9907227e+01
   9.1314000e+04   3.1433105e+01
   9.1487000e+04   2.9052734e+01
   9.1958000e+04   3.0822754e+01
   1.5946100e+05   3.1250000e+01
   2.1210700e+05   3.3325195e+01
   2.2058700e+05   2.9785156e+01
   2.2261400e+05   3.1005859e+01
   2.7509700e+05   3.0883789e+01
   2.7567300e+05   2.8808594e+01
   2.7593200e+05   2.9174805e+01
   3.4400800e+05   3.2104492e+01
   3.4406700e+05   3.3142090e+01
   3.5468100e+05   3.1127930e+01
   4.0641700e+05   3.3935547e+01
   4.0647800e+05   3.0334473e+01
   5.5202500e+05   3.1555176e+01
   6.0082000e+05   2.9235840e+01
   6.1055100e+05   2.9296875e+01
   6.2135200e+05   3.0395508e+01
   6.5144800e+05   2.8991699e+01
   6.5152800e+05   2.9357910e+01
   6.7880900e+05   2.8930664e+01
   7.1991600e+05   2.9846191e+01
   7.4332500e+05   2.9113770e+01
   7.4356700e+05   3.0578613e+01
   7.8133100e+05   3.7414551e+01
   7.8198400e+05   3.0395508e+01
   8.3156200e+05   3.0761719e+01
   8.3169300e+05   3.5400391e+01
   8.8071700e+05   2.9785156e+01
   9.0367400e+05   3.3752441e+01
   9.0821700e+05   2.8869629e+01
   9.5352600e+05   3.3935547e+01
   9.5935400e+05   3.1372070e+01
   9.5975900e+05   3.0090332e+01
   1.0033190e+06   2.9113770e+01
   1.0137970e+06   2.8747559e+01
   1.0719280e+06   2.9235840e+01
   1.0719870e+06   2.9418945e+01
   1.1509910e+06   3.1311035e+01
   1.1560030e+06   3.2104492e+01
   1.1870070e+06   2.9602051e+01
   1.2095750e+06   2.9296875e+01
   1.2238240e+06   3.0944824e+01
   1.2241150e+06   2.9113770e+01
   1.2527600e+06   2.8747559e+01
   1.2539290e+06   2.9785156e+01
   1.2542730e+06   2.9174805e+01
   1.2701360e+06   3.8696289e+01
   1.2928420e+06   3.2348633e+01
   1.3434500e+06   2.8747559e+01
   1.4170800e+06   3.0456543e+01
   1.4428310e+06   3.1494141e+01
   1.4541630e+06   3.2531738e+01
   1.4598570e+06   2.9602051e+01
   1.5562940e+06   2.8991699e+01
   1.6302310e+06   3.0578613e+01
   1.7112540e+06   3.1921387e+01
   1.7117360e+06   3.2470703e+01
   1.7125230e+06   2.9907227e+01
   1.7128700e+06   2.9418945e+01
   1.7131440e+06   3.0334473e+01
   1.7136840e+06   2.8869629e+01
   1.7156690e+06   3.0700684e+01
   1.7179550e+06   2.9052734e+01
   1.7449190e+06   3.0639648e+01
   1.7713090e+06   3.0456543e+01
   1.7716280e+06   3.3325195e+01
   1.9097870e+06   2.9541016e+01
   1.9377000e+06   3.0700684e+01
   2.0039930e+06   3.2775879e+01
   2.0860250e+06   2.9418945e+01
   2.4284700e+06   3.2226563e+01
   2.4285680e+06   3.0151367e+01
   2.4288620e+06   2.9785156e+01
   2.4290140e+06   3.0578613e+01
   2.4293540e+06   2.9541016e+01
   2.4304360e+06   2.8747559e+01
   2.4314860e+06   3.0029297e+01
   2.4349560e+06   3.2775879e+01
   2.4562620e+06   3.1372070e+01
   2.4723970e+06   2.8747559e+01
   2.4872170e+06   2.9479980e+01
   2.5214070e+06   2.9785156e+01
   2.6220530e+06   2.9113770e+01
   2.6230780e+06   2.8808594e+01
   2.6456720e+06   3.0090332e+01
   2.6963510e+06   2.9968262e+01
   2.7329800e+06   2.9724121e+01
   2.7640170e+06   2.8808594e+01
   2.8911940e+06   3.0151367e+01
   2.9480300e+06   3.5827637e+01
   3.2091640e+06   3.0517578e+01
   3.2092370e+06   2.8930664e+01
   3.2097250e+06   3.1921387e+01
   3.2099080e+06   2.9418945e+01
   3.2137160e+06   3.1555176e+01
   3.2887480e+06   2.9418945e+01
   3.3070630e+06   3.1555176e+01
   3.3071280e+06   3.5888672e+01
   3.4727870e+06   2.9235840e+01
   3.5795380e+06   3.0700684e+01
   3.6064170e+06   2.8991699e+01
   3.6482490e+06   3.2287598e+01
   3.6482770e+06   3.2409668e+01
   3.7132670e+06   3.0822754e+01
   3.7489740e+06   2.9235840e+01
   3.7691990e+06   3.0883789e+01
   3.7692710e+06   2.9785156e+01
   3.7698110e+06   3.0639648e+01
   3.7706790e+06   3.1555176e+01
   3.7714500e+06   2.9907227e+01
   3.7955960e+06   2.8869629e+01
   3.7956170e+06   3.0883789e+01
   3.8136400e+06   3.0578613e+01
   3.9114350e+06   2.8930664e+01
   4.0079080e+06   2.8686523e+01
   4.0757400e+06   2.8808594e+01
   4.1306110e+06   2.9418945e+01
   4.1617090e+06   2.9663086e+01
   4.2782500e+06   3.0761719e+01
   4.2792630e+06   2.8686523e+01
   4.2802040e+06   2.9907227e+01
   4.5077080e+06   2.9846191e+01
   4.8610610e+06   2.9724121e+01
   4.8620370e+06   3.2043457e+01
   4.8621500e+06   2.8747559e+01
   4.8631950e+06   3.0639648e+01
   4.8661300e+06   2.8808594e+01
   4.8747860e+06   3.0578613e+01
   4.9634410e+06   3.0761719e+01
   4.9929510e+06   3.0578613e+01
   5.1692510e+06   3.3203125e+01
   5.1694810e+06   2.9113770e+01
   6.1047580e+06   2.9235840e+01
   6.1863370e+06   2.9602051e+01
   6.1864100e+06   3.0029297e+01
   6.1865230e+06   3.0090332e+01
   6.3122530e+06   2.9113770e+01
   6.4656010e+06   2.8747559e+01
   6.4656290e+06   3.0273438e+01
   6.5352280e+06   2.9479980e+01
   7.0378970e+06   2.9357910e+01
   7.1541670e+06   3.1311035e+01
   8.0329660e+06   3.0700684e+01
   8.0331430e+06   3.1799316e+01
   8.0344230e+06   2.8686523e+01
   8.0347900e+06   2.9724121e+01
   8.0752590e+06   2.9052734e+01
   8.1326010e+06   3.4851074e+01
   8.4635520e+06   3.0029297e+01
   8.8110100e+06   3.2409668e+01
   9.1159120e+06   3.0273438e+01
   9.2619390e+06   3.0273438e+01
   9.4474050e+06   2.8747559e+01
   9.6069790e+06   2.9113770e+01
   9.7506130e+06   3.0151367e+01
   9.7514080e+06   3.0151367e+01
   1.0204414e+07   2.9541016e+01
   1.0928472e+07   2.9785156e+01
   1.1872491e+07   2.9479980e+01
   1.1873351e+07   2.9724121e+01
