   1.1996000e+07   0.0000000e+00
   9.0965000e+04   4.5471191e+01
   4.0686100e+05   4.0710449e+01
   9.5964700e+05   3.8085938e+01
   1.7109920e+06   4.0222168e+01
   1.7110980e+06   3.5766602e+01
   1.7112530e+06   3.8208008e+01
   1.7114780e+06   4.1137695e+01
   1.7115910e+06   3.3447266e+01
   1.7117030e+06   3.5705566e+01
   1.7119280e+06   3.5522461e+01
   1.7120410e+06   3.1372070e+01
   1.7121690e+06   4.1564941e+01
   1.7123170e+06   3.8269043e+01
   1.7124160e+06   3.6132813e+01
   1.7128920e+06   3.7231445e+01
   1.7132920e+06   3.1860352e+01
   1.7135460e+06   3.4057617e+01
   1.7138020e+06   2.9785156e+01
   1.7139660e+06   3.4301758e+01
   1.7141490e+06   3.3447266e+01
   1.7143870e+06   3.0090332e+01
   1.7149160e+06   3.3020020e+01
   1.7156630e+06   3.1433105e+01
   1.7166600e+06   3.3447266e+01
   1.7179930e+06   3.4667969e+01
   1.7449220e+06   3.7963867e+01
   1.7560360e+06   4.4860840e+01
   1.7637010e+06   3.0761719e+01
   2.0462500e+06   4.5959473e+01
   2.0464440e+06   3.5888672e+01
   2.0466400e+06   3.8635254e+01
   2.0468020e+06   3.4912109e+01
   2.0471080e+06   4.0588379e+01
   2.0472790e+06   4.0344238e+01
   2.0475680e+06   3.2958984e+01
   2.0480070e+06   3.6010742e+01
   2.0485540e+06   3.7475586e+01
   2.4285940e+06   4.1809082e+01
   2.4287280e+06   3.7841797e+01
   2.4288690e+06   3.6071777e+01
   2.4291060e+06   3.4179688e+01
   2.4292490e+06   3.1860352e+01
   2.4294540e+06   3.1677246e+01
   2.4295720e+06   4.0649414e+01
   2.4297230e+06   3.2775879e+01
   2.4299460e+06   3.4606934e+01
   2.4300900e+06   3.7536621e+01
   2.4303230e+06   3.4545898e+01
   2.4306590e+06   3.1860352e+01
   2.4308650e+06   4.1259766e+01
   2.4312760e+06   3.0822754e+01
   2.4316030e+06   3.7658691e+01
   2.4317980e+06   3.1799316e+01
   2.4327370e+06   3.9489746e+01
   2.4707480e+06   4.5288086e+01
   2.7638230e+06   4.4311523e+01
   2.8908760e+06   3.5949707e+01
   3.2095490e+06   3.9123535e+01
   3.2097430e+06   3.7963867e+01
   3.2100980e+06   3.3752441e+01
   3.2105470e+06   4.4555664e+01
   3.2107870e+06   3.5705566e+01
   3.2112190e+06   3.3874512e+01
   3.3073830e+06   4.2053223e+01
   3.7696050e+06   4.4921875e+01
   3.7698650e+06   3.5278320e+01
   3.7700110e+06   4.0588379e+01
   3.7702330e+06   3.1127930e+01
   3.7704270e+06   3.9184570e+01
   3.7707110e+06   3.5888672e+01
   3.7709410e+06   3.4851074e+01
   3.7712220e+06   3.2287598e+01
   3.7722810e+06   4.6447754e+01
   4.2784480e+06   3.6315918e+01
   4.2785390e+06   4.4494629e+01
   4.2789600e+06   3.6926270e+01
   4.2800450e+06   4.2907715e+01
   4.8615670e+06   4.5288086e+01
   4.8617080e+06   3.2836914e+01
   4.8618230e+06   3.7414551e+01
   4.8619590e+06   3.9855957e+01
   4.8620850e+06   3.6926270e+01
   4.8623070e+06   3.4362793e+01
   4.8624140e+06   4.3151855e+01
   4.8625550e+06   4.3212891e+01
   4.8627130e+06   3.5156250e+01
   4.8629450e+06   3.7109375e+01
   4.8631010e+06   3.2165527e+01
   4.8632300e+06   3.5400391e+01
   4.8636080e+06   3.0151367e+01
   4.8637940e+06   3.6987305e+01
   4.8640620e+06   3.5888672e+01
   4.8643280e+06   3.3325195e+01
   4.8645610e+06   3.1494141e+01
   4.8651140e+06   3.4423828e+01
   4.8664550e+06   4.5410156e+01
   5.1693700e+06   4.8706055e+01
   5.1695130e+06   3.4484863e+01
   5.1703200e+06   4.6264648e+01
   5.3519930e+06   3.6560059e+01
   5.3521110e+06   4.3823242e+01
   5.3527430e+06   3.2775879e+01
   5.3531020e+06   3.6987305e+01
   5.7779770e+06   4.8583984e+01
   5.7782770e+06   3.6193848e+01
   5.7783750e+06   3.7292480e+01
   5.7785850e+06   3.7963867e+01
   5.7787310e+06   3.0822754e+01
   5.7789340e+06   3.7597656e+01
   5.7791740e+06   4.3090820e+01
   5.7792780e+06   3.9428711e+01
   5.7795870e+06   3.3447266e+01
   5.7797180e+06   4.0527344e+01
   5.7798520e+06   3.0639648e+01
   5.7801540e+06   3.5095215e+01
   5.7805140e+06   3.0212402e+01
   5.7809050e+06   3.3081055e+01
   6.1016790e+06   3.9794922e+01
   6.1018980e+06   3.5156250e+01
   6.1022120e+06   3.5522461e+01
   6.1027150e+06   3.5827637e+01
   6.1029240e+06   3.3569336e+01
   6.1034280e+06   3.8635254e+01
   6.1038120e+06   3.0395508e+01
   6.4665710e+06   4.1320801e+01
   7.1542420e+06   4.3762207e+01
   7.1545290e+06   3.0578613e+01
   8.0330980e+06   4.0344238e+01
   8.0332060e+06   4.6020508e+01
   8.0333490e+06   3.7475586e+01
   8.0334650e+06   3.2592773e+01
   8.0338440e+06   3.7475586e+01
   8.0341820e+06   4.2663574e+01
   8.0344510e+06   3.1555176e+01
   8.0345860e+06   3.8879395e+01
   8.0348260e+06   3.1738281e+01
   8.0349620e+06   3.1921387e+01
   8.0351170e+06   3.4057617e+01
   8.0354090e+06   3.2775879e+01
   8.0356160e+06   3.4790039e+01
   8.0358090e+06   3.0700684e+01
   8.0361820e+06   3.5400391e+01
   8.0371260e+06   3.0090332e+01
   8.4566910e+06   4.7912598e+01
   8.4569370e+06   4.0344238e+01
   8.4570710e+06   4.1687012e+01
   8.4574960e+06   3.3386230e+01
   8.4576140e+06   3.7170410e+01
   8.4577860e+06   3.5339355e+01
   8.4582300e+06   3.4240723e+01
   8.4586840e+06   3.3935547e+01
   8.4589970e+06   3.6926270e+01
   8.4592350e+06   3.3569336e+01
   8.4593860e+06   3.8513184e+01
   8.8109500e+06   4.7790527e+01
   8.8124450e+06   4.2968750e+01
   9.1099390e+06   3.0151367e+01
   9.1104890e+06   4.2968750e+01
   9.6625070e+06   3.2409668e+01
   9.7501410e+06   3.9672852e+01
   9.7502560e+06   3.3630371e+01
   9.7506430e+06   3.9123535e+01
   9.7513940e+06   3.7597656e+01
   9.7515310e+06   3.3752441e+01
   9.7516990e+06   3.5705566e+01
   9.7520100e+06   3.3142090e+01
   9.7524020e+06   3.7536621e+01
   9.7528550e+06   3.7292480e+01
   1.0496104e+07   3.8513184e+01
   1.0496239e+07   3.2653809e+01
   1.0496466e+07   3.5522461e+01
   1.0496648e+07   4.1198730e+01
   1.0497094e+07   3.5217285e+01
   1.0497283e+07   3.7963867e+01
   1.0497470e+07   3.9916992e+01
   1.0497760e+07   3.1433105e+01
   1.0498678e+07   3.2287598e+01
   1.0927755e+07   3.6987305e+01
   1.0927990e+07   3.7292480e+01
   1.0928414e+07   3.7597656e+01
   1.0928860e+07   3.8146973e+01
   1.1872623e+07   3.9916992e+01
   1.1872790e+07   3.7658691e+01
   1.1872958e+07   4.3945313e+01
   1.1873117e+07   3.3569336e+01
   1.1873372e+07   3.7963867e+01
   1.1873632e+07   3.1921387e+01
   1.1873850e+07   3.0639648e+01
   1.1874074e+07   4.1931152e+01
   1.1874299e+07   3.5522461e+01
   1.1874481e+07   3.0578613e+01
   1.1874710e+07   3.5400391e+01
   1.1875258e+07   2.9968262e+01
   1.1970212e+07   2.9785156e+01
