   1.1996000e+07   0.0000000e+00
   4.1410000e+03   4.3334961e+01
   4.2200000e+03   4.9926758e+01
   4.2760000e+03   4.2175293e+01
   4.3120000e+03   4.1687012e+01
   4.4160000e+03   4.1748047e+01
   4.4500000e+03   1.0229492e+02
   4.4810000e+03   5.7250977e+01
   4.5020000e+03   5.0537109e+01
   4.5330000e+03   4.1931152e+01
   4.5490000e+03   4.5410156e+01
   4.5740000e+03   4.6875000e+01
   4.5940000e+03   4.5104980e+01
   4.6160000e+03   5.8654785e+01
   1.1246000e+04   4.2297363e+01
   3.7271000e+04   4.1442871e+01
   4.9730000e+04   4.1259766e+01
   9.4812000e+04   4.8950195e+01
   9.4916000e+04   4.9194336e+01
   9.5482000e+04   4.3212891e+01
   1.1164600e+05   4.7363281e+01
   1.5580600e+05   4.6447754e+01
   1.5617500e+05   4.4860840e+01
   1.5629300e+05   5.0170898e+01
   1.5639300e+05   1.0876465e+02
   1.5640900e+05   5.4565430e+01
   1.5648900e+05   4.3884277e+01
   1.5651700e+05   6.0668945e+01
   1.5656800e+05   4.6386719e+01
   1.5663000e+05   4.9926758e+01
   1.8982400e+05   4.1870117e+01
   2.2197400e+05   4.2663574e+01
   2.7415000e+05   4.7058105e+01
   2.7842600e+05   4.1870117e+01
   2.8996500e+05   4.9377441e+01
   2.9015700e+05   4.2602539e+01
   2.9022900e+05   4.2541504e+01
   2.9076300e+05   4.1992188e+01
   2.9108800e+05   5.0109863e+01
   3.0808000e+05   4.2602539e+01
   3.0809600e+05   4.1564941e+01
   3.0822600e+05   9.1186523e+01
   3.0825400e+05   4.3518066e+01
   3.0833000e+05   4.4677734e+01
   3.0838400e+05   4.9255371e+01
   3.0840600e+05   5.4687500e+01
   3.0866800e+05   4.3029785e+01
   3.3508600e+05   4.1687012e+01
   3.5448600e+05   4.7546387e+01
   3.6229100e+05   4.8522949e+01
   3.7765200e+05   4.1931152e+01
   3.7794800e+05   4.1503906e+01
   3.7819500e+05   4.6264648e+01
   4.2363800e+05   4.6020508e+01
   4.2432800e+05   4.6142578e+01
   4.2449600e+05   4.5593262e+01
   4.2462600e+05   4.2358398e+01
   4.2469400e+05   1.1102295e+02
   4.2478100e+05   4.8950195e+01
   4.2479900e+05   4.9194336e+01
   4.2481500e+05   5.1391602e+01
   4.2485500e+05   4.8034668e+01
   4.2488700e+05   4.1931152e+01
   4.2669000e+05   4.1381836e+01
   4.4104000e+05   4.5898438e+01
   4.9620300e+05   4.3212891e+01
   4.9634500e+05   4.5898438e+01
   4.9637700e+05   4.2358398e+01
   4.9651100e+05   4.3762207e+01
   4.9676500e+05   5.1025391e+01
   4.9684300e+05   4.9316406e+01
   4.9688000e+05   4.8828125e+01
   4.9754400e+05   4.3884277e+01
   5.9630900e+05   4.4189453e+01
   6.0310200e+05   4.2724609e+01
   6.0318000e+05   4.5593262e+01
   6.0326500e+05   4.5043945e+01
   6.0329500e+05   5.6335449e+01
   6.0336100e+05   4.3884277e+01
   6.0339800e+05   4.2297363e+01
   6.0342900e+05   4.9377441e+01
   6.0346000e+05   4.7790527e+01
   6.0348600e+05   4.8034668e+01
   6.0350900e+05   4.5288086e+01
   6.0353500e+05   4.2297363e+01
   6.0355700e+05   4.2114258e+01
   6.1714200e+05   4.2785645e+01
   6.4740800e+05   4.2785645e+01
   6.7382900e+05   4.1259766e+01
   6.8261000e+05   4.2907715e+01
   6.8265600e+05   5.1574707e+01
   6.8328100e+05   4.3823242e+01
   7.3271300e+05   5.3833008e+01
   7.3280200e+05   4.2846680e+01
   7.3281400e+05   1.0644531e+02
   7.3292600e+05   4.9255371e+01
   7.3296700e+05   6.1035156e+01
   7.3298400e+05   4.2419434e+01
   7.3301000e+05   6.3232422e+01
   7.3305700e+05   4.1625977e+01
   7.3311900e+05   4.4982910e+01
   7.8443400e+05   4.5166016e+01
   9.0574500e+05   4.3395996e+01
   9.0999500e+05   4.3640137e+01
   9.1941500e+05   4.2236328e+01
   9.2338700e+05   4.6936035e+01
   9.2340700e+05   4.9499512e+01
   9.2348900e+05   4.6203613e+01
   9.2352100e+05   7.8796387e+01
   9.2353200e+05   6.1950684e+01
   9.2356200e+05   4.9194336e+01
   9.2358900e+05   5.9997559e+01
   9.2363100e+05   4.4006348e+01
   9.2364900e+05   4.7607422e+01
   9.2366800e+05   4.4067383e+01
   9.2381400e+05   4.4433594e+01
   9.3374900e+05   4.2297363e+01
   9.3776500e+05   4.1381836e+01
   9.4756300e+05   4.1198730e+01
   9.6811700e+05   4.1320801e+01
   1.0252370e+06   4.1564941e+01
   1.0252770e+06   4.9438477e+01
   1.0253530e+06   1.1694336e+02
   1.0254160e+06   4.4860840e+01
   1.0254430e+06   5.0781250e+01
   1.0254740e+06   4.4006348e+01
   1.0255060e+06   4.4738770e+01
   1.0255360e+06   5.9692383e+01
   1.0255510e+06   4.2114258e+01
   1.0256050e+06   5.0781250e+01
   1.0256210e+06   4.4860840e+01
   1.0308020e+06   4.4494629e+01
   1.0559070e+06   4.3518066e+01
   1.0763010e+06   4.1625977e+01
   1.1017660e+06   4.4189453e+01
   1.1845300e+06   4.3884277e+01
   1.1846350e+06   4.1748047e+01
   1.1848850e+06   4.5471191e+01
   1.1848970e+06   4.6691895e+01
   1.1849570e+06   1.0375977e+02
   1.1849670e+06   6.7321777e+01
   1.1849920e+06   5.4077148e+01
   1.1850200e+06   4.2114258e+01
   1.1850490e+06   5.0415039e+01
   1.1850830e+06   5.6091309e+01
   1.1851460e+06   5.4199219e+01
   1.1852310e+06   4.2541504e+01
   1.1877400e+06   4.2297363e+01
   1.1942750e+06   4.5959473e+01
   1.1944480e+06   5.1696777e+01
   1.1945980e+06   4.1198730e+01
   1.1946560e+06   5.1208496e+01
   1.1948200e+06   4.4250488e+01
   1.1949420e+06   4.8583984e+01
   1.2145500e+06   4.1992188e+01
   1.2468660e+06   4.1198730e+01
   1.2601180e+06   4.3762207e+01
   1.2993260e+06   4.4921875e+01
   1.2996570e+06   4.2663574e+01
   1.2996740e+06   4.5837402e+01
   1.2997060e+06   1.1340332e+02
   1.2997360e+06   5.3039551e+01
   1.2998030e+06   4.9133301e+01
   1.2998620e+06   5.2490234e+01
   1.3027270e+06   4.3212891e+01
   1.3100570e+06   4.1809082e+01
   1.4163610e+06   5.0659180e+01
   1.4163890e+06   4.3945313e+01
   1.4164120e+06   4.2785645e+01
   1.4164380e+06   4.1687012e+01
   1.4165000e+06   5.1269531e+01
   1.4166000e+06   1.0339355e+02
   1.4166110e+06   4.3762207e+01
   1.4166480e+06   4.2480469e+01
   1.4166760e+06   6.3171387e+01
   1.4167200e+06   5.2429199e+01
   1.4167380e+06   5.4626465e+01
   1.4168570e+06   4.2663574e+01
   1.4294910e+06   4.8156738e+01
   1.4360500e+06   4.1748047e+01
   1.4987910e+06   4.3457031e+01
   1.4991660e+06   4.4494629e+01
   1.4992560e+06   5.0537109e+01
   1.4998380e+06   4.3212891e+01
   1.5668760e+06   4.6081543e+01
   1.5671810e+06   4.2297363e+01
   1.5674230e+06   4.3518066e+01
   1.5674580e+06   4.7180176e+01
   1.5675190e+06   5.4382324e+01
   1.5675380e+06   8.8684082e+01
   1.5675710e+06   4.3823242e+01
   1.5677320e+06   5.0231934e+01
   1.5684240e+06   4.2175293e+01
   1.5796570e+06   4.6020508e+01
   1.6237300e+06   5.7617188e+01
   1.6237610e+06   4.6447754e+01
   1.6238010e+06   5.2185059e+01
   1.6238330e+06   4.1625977e+01
   1.6239330e+06   4.3945313e+01
   1.6239860e+06   1.0302734e+02
   1.6240430e+06   4.6325684e+01
   1.6240670e+06   4.1992188e+01
   1.6240910e+06   4.6691895e+01
   1.6241590e+06   5.1330566e+01
   1.6242510e+06   4.2358398e+01
   1.6242830e+06   4.7607422e+01
   1.6243300e+06   4.2053223e+01
   1.6244610e+06   4.2175293e+01
   1.6256890e+06   4.4616699e+01
   1.6366390e+06   4.3212891e+01
   1.6469700e+06   4.2724609e+01
   1.6496950e+06   4.3640137e+01
   1.6648970e+06   4.3457031e+01
   1.6679930e+06   5.3894043e+01
   1.6680800e+06   5.5175781e+01
   1.6681110e+06   4.2114258e+01
   1.6681750e+06   4.2297363e+01
   1.6683600e+06   4.3273926e+01
   1.6684350e+06   4.5166016e+01
   1.6684710e+06   5.0903320e+01
   1.6686120e+06   4.8034668e+01
   1.6850720e+06   4.2724609e+01
   1.7043460e+06   4.1625977e+01
   1.7267570e+06   4.8095703e+01
   1.7461080e+06   4.1381836e+01
   1.8247780e+06   5.0842285e+01
   1.8249130e+06   4.2114258e+01
   1.8249750e+06   4.6752930e+01
   1.8250230e+06   4.4311523e+01
   1.8250530e+06   9.7229004e+01
   1.8250940e+06   5.1208496e+01
   1.8251340e+06   4.4067383e+01
   1.8251690e+06   4.4555664e+01
   1.8251810e+06   6.3415527e+01
   1.8252330e+06   4.1198730e+01
   1.8252790e+06   4.2419434e+01
   1.8385910e+06   4.3029785e+01
   1.8390270e+06   4.2358398e+01
   1.8415180e+06   4.8706055e+01
   1.8417130e+06   4.3395996e+01
   1.8417360e+06   4.6508789e+01
   1.8418480e+06   4.4433594e+01
   1.8424180e+06   4.5410156e+01
   1.8447040e+06   4.1259766e+01
   1.8718290e+06   4.1198730e+01
   1.8975630e+06   4.9926758e+01
   1.8976000e+06   4.1259766e+01
   1.9048660e+06   5.0109863e+01
   1.9427840e+06   4.2968750e+01
   1.9827270e+06   4.7607422e+01
   1.9828160e+06   4.1625977e+01
   1.9829320e+06   4.2541504e+01
   1.9829620e+06   4.4738770e+01
   1.9829750e+06   1.0388184e+02
   1.9829960e+06   5.7067871e+01
   1.9830190e+06   4.4372559e+01
   1.9830590e+06   5.0415039e+01
   1.9830720e+06   6.0180664e+01
   1.9831040e+06   4.3273926e+01
   1.9831200e+06   4.5837402e+01
   1.9831560e+06   4.8583984e+01
   1.9832160e+06   4.1198730e+01
   1.9833370e+06   4.2175293e+01
   1.9921600e+06   4.4067383e+01
   2.0013070e+06   4.3640137e+01
   2.0716410e+06   4.4982910e+01
   2.0717760e+06   4.1931152e+01
   2.0718670e+06   4.3579102e+01
   2.0719080e+06   4.6325684e+01
   2.0719660e+06   4.8583984e+01
   2.0720140e+06   4.6203613e+01
   2.0720890e+06   5.3100586e+01
   2.0721990e+06   4.3151855e+01
   2.0722570e+06   4.1442871e+01
   2.0855710e+06   4.1259766e+01
   2.0912780e+06   4.1503906e+01
   2.1152050e+06   4.7119141e+01
   2.1153630e+06   4.4494629e+01
   2.1155300e+06   4.1625977e+01
   2.1156430e+06   4.6569824e+01
   2.1156740e+06   4.6508789e+01
   2.1157410e+06   4.3640137e+01
   2.1157730e+06   8.7585449e+01
   2.1158290e+06   4.2785645e+01
   2.1193540e+06   4.1625977e+01
   2.1385740e+06   4.1931152e+01
   2.1547380e+06   4.7973633e+01
   2.1549310e+06   8.8439941e+01
   2.1549740e+06   4.2053223e+01
   2.1550380e+06   5.3955078e+01
   2.1550550e+06   4.9011230e+01
   2.1550850e+06   5.7617188e+01
   2.1551210e+06   5.9814453e+01
   2.1551670e+06   4.3151855e+01
   2.1551890e+06   4.9743652e+01
   2.1552160e+06   5.0109863e+01
   2.1552430e+06   4.9987793e+01
   2.1553180e+06   4.1381836e+01
   2.1616760e+06   4.3151855e+01
   2.1899380e+06   4.1503906e+01
   2.2294040e+06   5.0476074e+01
   2.2296920e+06   4.5410156e+01
   2.2297380e+06   4.4250488e+01
   2.2297610e+06   4.4372559e+01
   2.2298230e+06   7.8796387e+01
   2.2298360e+06   5.2673340e+01
   2.2298700e+06   4.1503906e+01
   2.2299140e+06   4.5837402e+01
   2.2299630e+06   4.7119141e+01
   2.2299950e+06   4.2358398e+01
   2.2308040e+06   4.4921875e+01
   2.2389500e+06   4.6081543e+01
   2.2615390e+06   4.3395996e+01
   2.2856050e+06   4.3518066e+01
   2.2906130e+06   4.5898438e+01
   2.3091610e+06   4.2846680e+01
   2.3462330e+06   5.3344727e+01
   2.3463500e+06   4.3945313e+01
   2.3464080e+06   9.7229004e+01
   2.3464990e+06   4.9865723e+01
   2.3465120e+06   5.0354004e+01
   2.3465480e+06   4.6020508e+01
   2.3465600e+06   4.9316406e+01
   2.3466000e+06   4.9011230e+01
   2.3466140e+06   6.3659668e+01
   2.3466450e+06   4.3273926e+01
   2.3467400e+06   4.4067383e+01
   2.4007700e+06   4.3762207e+01
   2.4021720e+06   4.7973633e+01
   2.4472290e+06   4.1748047e+01
   2.4619460e+06   4.3823242e+01
   2.4620410e+06   4.7180176e+01
   2.4621770e+06   4.1564941e+01
   2.4621920e+06   4.3457031e+01
   2.4622500e+06   4.7607422e+01
   2.4622740e+06   9.4909668e+01
   2.4623060e+06   4.3273926e+01
   2.4623450e+06   4.5104980e+01
   2.4623900e+06   4.3151855e+01
   2.4624200e+06   7.0190430e+01
   2.4625620e+06   4.2175293e+01
   2.4625950e+06   4.4494629e+01
   2.4774380e+06   4.3090820e+01
   2.4917780e+06   4.3029785e+01
   2.5079310e+06   4.2907715e+01
   2.5116850e+06   4.8156738e+01
   2.5118700e+06   4.7851563e+01
   2.5119710e+06   4.8889160e+01
   2.5122230e+06   4.1992188e+01
   2.5123360e+06   4.4494629e+01
   2.5124080e+06   4.9865723e+01
   2.5361470e+06   4.2053223e+01
   2.5616180e+06   4.1931152e+01
   2.5889650e+06   5.0292969e+01
   2.5890310e+06   5.1086426e+01
   2.5891610e+06   4.4799805e+01
   2.5891910e+06   5.4504395e+01
   2.5892400e+06   5.0292969e+01
   2.5892710e+06   5.3710938e+01
   2.5892920e+06   4.6386719e+01
   2.5893190e+06   4.8034668e+01
   2.5893350e+06   5.8288574e+01
   2.5894920e+06   4.2663574e+01
   2.6261170e+06   4.4982910e+01
   2.6423420e+06   4.1687012e+01
   2.6791390e+06   4.2114258e+01
   2.6792100e+06   4.4189453e+01
   2.6792450e+06   4.9865723e+01
   2.6794060e+06   6.6467285e+01
   2.6794660e+06   9.8999023e+01
   2.6794820e+06   4.5471191e+01
   2.6794960e+06   4.7546387e+01
   2.6795300e+06   4.7668457e+01
   2.6795430e+06   4.9377441e+01
   2.6795800e+06   5.2185059e+01
   2.6795940e+06   4.7424316e+01
   2.6796190e+06   5.6091309e+01
   2.6796630e+06   4.4067383e+01
   2.6796970e+06   4.6447754e+01
   2.6797350e+06   4.2297363e+01
   2.6813050e+06   4.2175293e+01
   2.6953410e+06   4.2053223e+01
   2.7121460e+06   4.1870117e+01
   2.7651110e+06   5.2673340e+01
   2.7651520e+06   4.9682617e+01
   2.7652760e+06   4.4067383e+01
   2.7653570e+06   4.5898438e+01
   2.7653740e+06   8.9355469e+01
   2.7653880e+06   4.1870117e+01
   2.7654330e+06   5.7983398e+01
   2.7655140e+06   4.9072266e+01
   2.7655450e+06   4.1442871e+01
   2.7655930e+06   4.8950195e+01
   2.7656960e+06   4.1564941e+01
   2.7667310e+06   4.2968750e+01
   2.7955190e+06   4.1320801e+01
   2.8071520e+06   4.3212891e+01
   2.8171510e+06   4.2846680e+01
   2.8172880e+06   4.3090820e+01
   2.8174100e+06   4.1320801e+01
   2.8588550e+06   4.2114258e+01
   2.8695560e+06   4.7363281e+01
   2.8696820e+06   4.2053223e+01
   2.8697250e+06   4.4250488e+01
   2.8699350e+06   8.4411621e+01
   2.8699590e+06   5.5541992e+01
   2.8699930e+06   5.2062988e+01
   2.8700220e+06   4.3090820e+01
   2.8700330e+06   6.0363770e+01
   2.8700630e+06   5.4748535e+01
   2.8700880e+06   8.0444336e+01
   2.8701710e+06   4.1992188e+01
   2.8702270e+06   4.5898438e+01
   2.8702380e+06   5.7128906e+01
   2.8710380e+06   4.2785645e+01
   2.8718060e+06   4.1381836e+01
   2.8850140e+06   4.1320801e+01
   2.9292770e+06   4.3457031e+01
   2.9649840e+06   4.4921875e+01
   2.9652280e+06   4.7851563e+01
   2.9654320e+06   4.1198730e+01
   2.9655010e+06   4.2541504e+01
   2.9655150e+06   1.2139893e+02
   2.9655380e+06   4.7485352e+01
   2.9655990e+06   6.0791016e+01
   2.9656270e+06   4.8645020e+01
   2.9656700e+06   5.4504395e+01
   2.9657620e+06   4.5410156e+01
   3.0470870e+06   4.7729492e+01
   3.0471200e+06   4.9377441e+01
   3.0472450e+06   4.1259766e+01
   3.0473210e+06   4.4799805e+01
   3.0473850e+06   5.7495117e+01
   3.0474200e+06   7.4035645e+01
   3.0474450e+06   4.9011230e+01
   3.0474580e+06   4.3762207e+01
   3.0475030e+06   4.6081543e+01
   3.0475170e+06   5.1574707e+01
   3.0475460e+06   6.8786621e+01
   3.0476060e+06   4.2846680e+01
   3.0477060e+06   4.6325684e+01
   3.0564560e+06   4.1992188e+01
   3.0666320e+06   4.1748047e+01
   3.0694860e+06   4.1809082e+01
   3.0980130e+06   4.1442871e+01
   3.0982340e+06   5.0781250e+01
   3.0984060e+06   4.6508789e+01
   3.0985760e+06   8.2214355e+01
   3.0985990e+06   4.4250488e+01
   3.0986970e+06   4.4616699e+01
   3.0988170e+06   4.7424316e+01
   3.0997200e+06   4.3640137e+01
   3.1075800e+06   4.3334961e+01
   3.1528270e+06   4.3640137e+01
   3.1528830e+06   5.2185059e+01
   3.1570310e+06   4.1748047e+01
   3.1633600e+06   4.1198730e+01
   3.1635180e+06   4.8339844e+01
   3.1637010e+06   4.3334961e+01
   3.1637460e+06   4.9865723e+01
   3.1639300e+06   4.7729492e+01
   3.1640120e+06   1.0900879e+02
   3.1640380e+06   6.5551758e+01
   3.1641230e+06   4.4616699e+01
   3.1641480e+06   5.2307129e+01
   3.1642360e+06   4.3334961e+01
   3.1643770e+06   4.6630859e+01
   3.1855490e+06   4.1625977e+01
   3.2258460e+06   4.3029785e+01
   3.2311190e+06   4.9316406e+01
   3.2311740e+06   4.3151855e+01
   3.2312720e+06   4.3762207e+01
   3.2312830e+06   4.7241211e+01
   3.2313070e+06   8.7890625e+01
   3.2313400e+06   4.4189453e+01
   3.2313970e+06   4.3029785e+01
   3.2314170e+06   4.1931152e+01
   3.2314630e+06   4.4799805e+01
   3.2314880e+06   7.7087402e+01
   3.2315630e+06   4.1503906e+01
   3.2420080e+06   4.5776367e+01
   3.3025800e+06   5.2917480e+01
   3.3026350e+06   5.1147461e+01
   3.3026920e+06   4.7363281e+01
   3.3027400e+06   4.3273926e+01
   3.3027670e+06   7.5927734e+01
   3.3028060e+06   4.1503906e+01
   3.3028800e+06   5.4870605e+01
   3.3029100e+06   5.2368164e+01
   3.3029280e+06   5.9020996e+01
   3.3029600e+06   4.4677734e+01
   3.3030160e+06   4.2541504e+01
   3.3547780e+06   5.3649902e+01
   3.3548600e+06   4.6569824e+01
   3.3550000e+06   4.1442871e+01
   3.3550480e+06   5.1574707e+01
   3.3550730e+06   4.7607422e+01
   3.3551320e+06   6.6284180e+01
   3.3552300e+06   4.5288086e+01
   3.3553500e+06   4.5166016e+01
   3.3978760e+06   4.3579102e+01
   3.4296410e+06   4.5837402e+01
   3.4452010e+06   4.4799805e+01
   3.4452640e+06   4.3945313e+01
   3.4702780e+06   4.2358398e+01
   3.4703440e+06   4.6264648e+01
   3.4777840e+06   4.4494629e+01
   3.4782560e+06   4.7790527e+01
   3.4783590e+06   4.6203613e+01
   3.4784780e+06   4.8400879e+01
   3.4785180e+06   5.2124023e+01
   3.4785680e+06   5.2124023e+01
   3.4786020e+06   4.2175293e+01
   3.4786390e+06   8.9233398e+01
   3.4786490e+06   4.8095703e+01
   3.4787480e+06   6.2561035e+01
   3.4787730e+06   5.2307129e+01
   3.4986110e+06   4.4860840e+01
   3.5065750e+06   4.2480469e+01
   3.5131620e+06   4.4311523e+01
   3.5452700e+06   4.2236328e+01
   3.5459430e+06   4.2297363e+01
   3.5461600e+06   4.2968750e+01
   3.5464200e+06   4.4677734e+01
   3.5914540e+06   4.4982910e+01
   3.5940210e+06   4.4128418e+01
   3.5946280e+06   5.5603027e+01
   3.5947020e+06   5.1330566e+01
   3.5947830e+06   8.0871582e+01
   3.5950230e+06   4.1503906e+01
   3.6328240e+06   5.0659180e+01
   3.6328820e+06   4.3457031e+01
   3.6329640e+06   4.3457031e+01
   3.6330290e+06   5.0598145e+01
   3.6330710e+06   7.5988770e+01
   3.6331330e+06   5.2734375e+01
   3.6331700e+06   5.8471680e+01
   3.6332000e+06   4.3579102e+01
   3.6332360e+06   5.6457520e+01
   3.6332810e+06   4.2297363e+01
   3.6333210e+06   4.2541504e+01
   3.6333440e+06   4.1748047e+01
   3.6557410e+06   4.6936035e+01
   3.6557680e+06   4.8950195e+01
   3.6558890e+06   4.1198730e+01
   3.6793450e+06   4.2602539e+01
   3.6795990e+06   4.4799805e+01
   3.6798230e+06   4.6875000e+01
   3.6798910e+06   4.2480469e+01
   3.6799480e+06   4.5776367e+01
   3.6952150e+06   4.4860840e+01
   3.7389230e+06   4.1625977e+01
   3.7389720e+06   4.4616699e+01
   3.7389900e+06   4.2846680e+01
   3.7391080e+06   5.0415039e+01
   3.7391270e+06   4.1992188e+01
   3.7393130e+06   4.1198730e+01
   3.7393420e+06   4.2419434e+01
   3.7393880e+06   4.5959473e+01
   3.7394340e+06   4.9011230e+01
   3.7394720e+06   5.2429199e+01
   3.7395150e+06   5.2734375e+01
   3.7396140e+06   4.3457031e+01
   3.7532720e+06   4.1381836e+01
   3.7616920e+06   4.1564941e+01
   3.8329990e+06   4.3701172e+01
   3.8330510e+06   4.2724609e+01
   3.8331460e+06   4.9621582e+01
   3.8331620e+06   4.1320801e+01
   3.8332530e+06   4.2846680e+01
   3.8332630e+06   6.3049316e+01
   3.8332740e+06   1.0272217e+02
   3.8332980e+06   5.5297852e+01
   3.8333720e+06   4.3029785e+01
   3.8333840e+06   4.7729492e+01
   3.8334160e+06   4.3090820e+01
   3.8334390e+06   5.5480957e+01
   3.8334640e+06   5.8044434e+01
   3.8503550e+06   4.1564941e+01
   3.8845000e+06   4.2663574e+01
   3.9133310e+06   4.1992188e+01
   3.9332070e+06   4.5410156e+01
   3.9332720e+06   5.4687500e+01
   3.9332840e+06   5.8105469e+01
   3.9333960e+06   4.8217773e+01
   3.9334930e+06   4.7302246e+01
   3.9335190e+06   5.3222656e+01
   3.9335590e+06   8.4655762e+01
   3.9335700e+06   4.9560547e+01
   3.9336320e+06   4.2724609e+01
   3.9336930e+06   5.8044434e+01
   3.9337260e+06   4.2724609e+01
   3.9337460e+06   4.2114258e+01
   3.9426800e+06   4.1687012e+01
   3.9581910e+06   4.2419434e+01
   3.9619130e+06   4.1687012e+01
   3.9667760e+06   4.7058105e+01
   3.9774260e+06   4.7119141e+01
   4.0042160e+06   4.5104980e+01
   4.0388750e+06   5.8349609e+01
   4.0390180e+06   4.1320801e+01
   4.0390420e+06   4.8522949e+01
   4.0391230e+06   4.7363281e+01
   4.0391530e+06   4.5532227e+01
   4.0391920e+06   4.5776367e+01
   4.0392160e+06   9.8937988e+01
   4.0392560e+06   5.3527832e+01
   4.0392670e+06   6.7932129e+01
   4.0393340e+06   4.3884277e+01
   4.0393490e+06   5.3405762e+01
   4.0393800e+06   4.1931152e+01
   4.0394670e+06   4.1809082e+01
   4.0396740e+06   4.8034668e+01
   4.0590870e+06   4.2114258e+01
   4.0606650e+06   4.1320801e+01
   4.0797670e+06   4.5104980e+01
   4.1012400e+06   4.2968750e+01
   4.1013780e+06   4.1931152e+01
   4.1015030e+06   4.4738770e+01
   4.1015600e+06   4.3457031e+01
   4.1016080e+06   4.3395996e+01
   4.1016400e+06   1.0418701e+02
   4.1017050e+06   6.7077637e+01
   4.1017530e+06   5.2368164e+01
   4.1018140e+06   4.1870117e+01
   4.1018440e+06   7.5134277e+01
   4.1021640e+06   4.3334961e+01
   4.1231220e+06   4.9743652e+01
   4.1234490e+06   4.2297363e+01
   4.1236360e+06   4.6813965e+01
   4.1243700e+06   4.2053223e+01
   4.1358600e+06   4.2541504e+01
   4.1377440e+06   4.1381836e+01
   4.1378740e+06   4.3945313e+01
   4.1381830e+06   4.5043945e+01
   4.1387620e+06   4.4372559e+01
   4.1632490e+06   4.7363281e+01
   4.1633000e+06   4.3151855e+01
   4.1634700e+06   4.3457031e+01
   4.1636610e+06   4.7851563e+01
   4.1637320e+06   4.4311523e+01
   4.1637910e+06   4.2968750e+01
   4.1638380e+06   4.8278809e+01
   4.1638530e+06   5.6579590e+01
   4.1638860e+06   7.8613281e+01
   4.1639930e+06   4.1381836e+01
   4.1641380e+06   4.1809082e+01
   4.1685430e+06   4.3151855e+01
   4.1931310e+06   4.1748047e+01
   4.2011370e+06   4.2236328e+01
   4.2033490e+06   4.5349121e+01
   4.2213730e+06   4.3395996e+01
   4.2635070e+06   4.4250488e+01
   4.2638280e+06   4.7424316e+01
   4.2638960e+06   4.1809082e+01
   4.2639090e+06   8.3129883e+01
   4.2639240e+06   4.8583984e+01
   4.2640120e+06   7.2631836e+01
   4.2641430e+06   4.4006348e+01
   4.2684060e+06   4.1381836e+01
   4.3010180e+06   4.3212891e+01
   4.3131750e+06   4.5104980e+01
   4.3132790e+06   4.3823242e+01
   4.3461750e+06   4.5532227e+01
   4.3461990e+06   4.5715332e+01
   4.3462430e+06   4.1259766e+01
   4.3463260e+06   4.1381836e+01
   4.3465400e+06   4.8583984e+01
   4.3465640e+06   4.9499512e+01
   4.3466000e+06   7.6965332e+01
   4.3466930e+06   5.8898926e+01
   4.3467290e+06   4.6508789e+01
   4.3468570e+06   4.5471191e+01
   4.3469120e+06   4.5288086e+01
   4.4096000e+06   4.6630859e+01
   4.4193320e+06   4.5898438e+01
   4.4195140e+06   4.1442871e+01
   4.4200450e+06   4.5776367e+01
   4.4203350e+06   4.7119141e+01
   4.4204520e+06   5.2673340e+01
   4.4286170e+06   4.3701172e+01
   4.4481450e+06   4.8583984e+01
   4.4482250e+06   4.5166016e+01
   4.4483200e+06   4.1198730e+01
   4.4486070e+06   5.2978516e+01
   4.4486420e+06   4.4433594e+01
   4.4486870e+06   9.1613770e+01
   4.4486970e+06   4.3640137e+01
   4.4487080e+06   4.2175293e+01
   4.4487860e+06   4.2602539e+01
   4.4488640e+06   7.5988770e+01
   4.4627240e+06   4.2297363e+01
   4.4644830e+06   4.2297363e+01
   4.5477720e+06   4.3518066e+01
   4.5478680e+06   5.1147461e+01
   4.5479270e+06   4.3090820e+01
   4.5479510e+06   6.9519043e+01
   4.5479620e+06   7.8613281e+01
   4.5480080e+06   4.3029785e+01
   4.5480410e+06   5.7189941e+01
   4.5480610e+06   4.1198730e+01
   4.5481110e+06   6.6345215e+01
   4.5481370e+06   4.2602539e+01
   4.5482150e+06   4.3457031e+01
   4.5605970e+06   4.1748047e+01
   4.5619060e+06   4.1809082e+01
   4.5619190e+06   5.1208496e+01
   4.5621620e+06   4.9011230e+01
   4.5622050e+06   4.2846680e+01
   4.5622310e+06   5.4016113e+01
   4.5623360e+06   4.1809082e+01
   4.5655740e+06   4.2480469e+01
   4.5763080e+06   4.4738770e+01
   4.6336900e+06   4.1809082e+01
   4.6455770e+06   4.3762207e+01
   4.6457200e+06   4.1381836e+01
   4.6457850e+06   4.1870117e+01
   4.6458020e+06   4.6936035e+01
   4.6459010e+06   4.3701172e+01
   4.6459540e+06   5.1391602e+01
   4.6459720e+06   4.5043945e+01
   4.6460280e+06   4.8034668e+01
   4.6460550e+06   4.2968750e+01
   4.6460670e+06   4.7424316e+01
   4.6460890e+06   4.4921875e+01
   4.6461790e+06   4.1687012e+01
   4.6462050e+06   4.1320801e+01
   4.6462630e+06   4.1809082e+01
   4.6567250e+06   4.3273926e+01
   4.6617640e+06   4.6691895e+01
   4.6618800e+06   4.1320801e+01
   4.6619160e+06   4.2785645e+01
   4.6622710e+06   4.4616699e+01
   4.6633180e+06   4.2114258e+01
   4.6666670e+06   4.2724609e+01
   4.7313470e+06   4.1198730e+01
   4.7313640e+06   4.1442871e+01
   4.7315430e+06   4.3640137e+01
   4.7315960e+06   4.1503906e+01
   4.7317340e+06   4.9438477e+01
   4.7317540e+06   4.4616699e+01
   4.7317940e+06   4.6997070e+01
   4.7318210e+06   4.2846680e+01
   4.7318410e+06   4.5593262e+01
   4.7319060e+06   5.5114746e+01
   4.7320160e+06   4.2724609e+01
   4.7424330e+06   4.2114258e+01
   4.7851930e+06   4.2541504e+01
   4.8475800e+06   4.9743652e+01
   4.8476030e+06   4.7912598e+01
   4.8476770e+06   4.1564941e+01
   4.8478380e+06   4.9987793e+01
   4.8478490e+06   1.2097168e+02
   4.8478960e+06   4.6020508e+01
   4.8479230e+06   4.4555664e+01
   4.8479690e+06   4.5043945e+01
   4.8479930e+06   6.3964844e+01
   4.8480610e+06   4.3579102e+01
   4.8528880e+06   4.1564941e+01
   4.8534940e+06   4.8461914e+01
   4.8553430e+06   4.1442871e+01
   4.8559430e+06   4.1809082e+01
   4.8581860e+06   4.4067383e+01
   4.8661120e+06   4.1625977e+01
   4.8709840e+06   4.2114258e+01
   4.8932490e+06   4.3395996e+01
   4.8933710e+06   4.4006348e+01
   4.9220250e+06   4.1442871e+01
   4.9243940e+06   4.4494629e+01
   4.9245180e+06   4.4067383e+01
   4.9246110e+06   5.1757813e+01
   4.9246340e+06   8.8317871e+01
   4.9247240e+06   4.1809082e+01
   4.9247870e+06   4.3945313e+01
   4.9248090e+06   4.6630859e+01
   4.9753970e+06   4.9072266e+01
   4.9754590e+06   4.3518066e+01
   4.9755870e+06   4.5043945e+01
   4.9756600e+06   5.3405762e+01
   4.9756850e+06   4.7546387e+01
   4.9757440e+06   6.7199707e+01
   4.9757760e+06   5.6274414e+01
   4.9757990e+06   4.1687012e+01
   4.9758350e+06   4.2053223e+01
   4.9758900e+06   5.0292969e+01
   4.9759000e+06   5.8532715e+01
   4.9760210e+06   5.3894043e+01
   4.9760640e+06   5.0903320e+01
   4.9798450e+06   4.4555664e+01
   5.0124620e+06   4.2297363e+01
   5.0126420e+06   4.2175293e+01
   5.0129330e+06   4.1748047e+01
   5.0184610e+06   4.2297363e+01
   5.0634810e+06   4.3884277e+01
   5.0637210e+06   5.5969238e+01
   5.0637570e+06   4.1870117e+01
   5.0637750e+06   7.9650879e+01
   5.0638130e+06   5.1635742e+01
   5.0638410e+06   6.5673828e+01
   5.0639220e+06   4.4433594e+01
   5.0639520e+06   5.7800293e+01
   5.1161140e+06   4.2114258e+01
   5.1161780e+06   4.8339844e+01
   5.1162720e+06   4.4738770e+01
   5.1164140e+06   4.7180176e+01
   5.1164400e+06   9.1979980e+01
   5.1165000e+06   4.7607422e+01
   5.1165210e+06   4.1320801e+01
   5.1165660e+06   4.8522949e+01
   5.1166350e+06   4.8828125e+01
   5.1166500e+06   5.8288574e+01
   5.1166730e+06   5.1025391e+01
   5.1166960e+06   4.1748047e+01
   5.2043100e+06   4.5837402e+01
   5.2043870e+06   4.4250488e+01
   5.2045770e+06   4.5898438e+01
   5.2046730e+06   4.1320801e+01
   5.2047160e+06   1.1529541e+02
   5.2047340e+06   5.1086426e+01
   5.2047780e+06   4.7668457e+01
   5.2048060e+06   4.8461914e+01
   5.2048340e+06   5.8044434e+01
   5.2048480e+06   4.4067383e+01
   5.2048970e+06   4.4006348e+01
   5.2049120e+06   4.3640137e+01
   5.2049340e+06   4.8706055e+01
   5.2049940e+06   4.6691895e+01
   5.2195300e+06   4.6691895e+01
   5.2197160e+06   4.2785645e+01
   5.2197290e+06   4.1564941e+01
   5.2197910e+06   4.4128418e+01
   5.2198140e+06   4.3151855e+01
   5.2198360e+06   5.5541992e+01
   5.2198500e+06   4.7546387e+01
   5.2199400e+06   4.1503906e+01
   5.2202560e+06   4.3395996e+01
   5.2358650e+06   5.6091309e+01
   5.2359090e+06   4.5959473e+01
   5.2361680e+06   4.6813965e+01
   5.2389000e+06   4.3762207e+01
   5.2524060e+06   4.1503906e+01
   5.2740970e+06   4.1381836e+01
   5.3016310e+06   4.2541504e+01
   5.3016760e+06   4.5471191e+01
   5.3020130e+06   4.1687012e+01
   5.3075050e+06   4.2846680e+01
   5.3912140e+06   4.4128418e+01
   5.3914880e+06   4.3701172e+01
   5.3915330e+06   4.7546387e+01
   5.3915790e+06   4.8156738e+01
   5.3916070e+06   9.2224121e+01
   5.3916350e+06   6.2500000e+01
   5.3916650e+06   5.0903320e+01
   5.3916970e+06   5.5664062e+01
   5.3917400e+06   4.7241211e+01
   5.3917840e+06   4.9255371e+01
   5.3917970e+06   5.4077148e+01
   5.3918270e+06   4.2175293e+01
   5.3976800e+06   4.1259766e+01
   5.4088020e+06   4.2724609e+01
   5.4616950e+06   4.1687012e+01
   5.4686840e+06   4.2114258e+01
   5.4731320e+06   4.1931152e+01
   5.5004770e+06   4.4311523e+01
   5.5005890e+06   5.1086426e+01
   5.5006020e+06   1.0070801e+02
   5.5006660e+06   4.4311523e+01
   5.5007120e+06   4.4860840e+01
   5.5007220e+06   4.7851563e+01
   5.5007730e+06   4.4311523e+01
   5.5007880e+06   5.5664063e+01
   5.5008370e+06   4.2480469e+01
   5.5139600e+06   4.3884277e+01
   5.5167750e+06   4.1381836e+01
   5.5797420e+06   5.0415039e+01
   5.5798360e+06   4.4372559e+01
   5.5798710e+06   5.3100586e+01
   5.5799090e+06   9.9670410e+01
   5.5799300e+06   5.7006836e+01
   5.5799480e+06   4.5532227e+01
   5.5799910e+06   5.2307129e+01
   5.5800100e+06   4.8400879e+01
   5.5800430e+06   5.0170898e+01
   5.5800990e+06   4.4372559e+01
   5.5801330e+06   4.5043945e+01
   5.6268150e+06   4.3151855e+01
   5.6675610e+06   4.3762207e+01
   5.6677290e+06   4.6447754e+01
   5.6677520e+06   4.2846680e+01
   5.6677940e+06   1.1535645e+02
   5.6678170e+06   5.4260254e+01
   5.6678490e+06   5.1086426e+01
   5.6679170e+06   4.6813965e+01
   5.6792430e+06   4.1259766e+01
   5.6848610e+06   4.3518066e+01
   5.6850510e+06   4.5349121e+01
   5.6851690e+06   4.1259766e+01
   5.6887910e+06   4.7485352e+01
   5.6917960e+06   4.1809082e+01
   5.7011030e+06   4.2785645e+01
   5.7013640e+06   4.9621582e+01
   5.7013870e+06   5.2673340e+01
   5.7112640e+06   4.4311523e+01
   5.7162680e+06   4.1320801e+01
   5.7253380e+06   4.1931152e+01
   5.7320650e+06   4.1198730e+01
   5.7429010e+06   4.6386719e+01
   5.7647010e+06   4.1503906e+01
   5.7647840e+06   4.5104980e+01
   5.7649360e+06   4.2846680e+01
   5.7649570e+06   4.9133301e+01
   5.7650060e+06   4.2358398e+01
   5.7650320e+06   1.0675049e+02
   5.7650430e+06   5.5541992e+01
   5.7650640e+06   4.8706055e+01
   5.7650800e+06   4.1259766e+01
   5.7651590e+06   5.1696777e+01
   5.7651790e+06   4.4433594e+01
   5.8151500e+06   4.2846680e+01
   5.8246660e+06   4.1748047e+01
   5.8311630e+06   4.1625977e+01
   5.8506450e+06   4.4921875e+01
   5.8537670e+06   4.3090820e+01
   5.8729610e+06   4.3090820e+01
   5.8731450e+06   5.3649902e+01
   5.8731790e+06   4.4860840e+01
   5.8732220e+06   6.3049316e+01
   5.8732490e+06   9.9365234e+01
   5.8732720e+06   5.0170898e+01
   5.8733370e+06   5.5786133e+01
   5.8733720e+06   5.8288574e+01
   5.8733830e+06   5.8654785e+01
   5.8734160e+06   4.4128418e+01
   5.8734490e+06   4.1564941e+01
   5.8735320e+06   4.2724609e+01
   5.8836660e+06   4.5959473e+01
   5.8846200e+06   4.3212891e+01
   5.9373200e+06   4.3579102e+01
   5.9890920e+06   4.2602539e+01
   5.9892390e+06   4.3457031e+01
   5.9892840e+06   4.2297363e+01
   5.9893170e+06   4.2358398e+01
   5.9893410e+06   1.0516357e+02
   5.9893710e+06   4.7302246e+01
   5.9894780e+06   5.4382324e+01
   5.9895340e+06   4.3640137e+01
   5.9896080e+06   5.7678223e+01
   5.9896340e+06   5.0659180e+01
   5.9991030e+06   4.4616699e+01
   6.0029410e+06   4.2785645e+01
   6.0574360e+06   4.8400879e+01
   6.0575450e+06   4.9133301e+01
   6.0576770e+06   4.3823242e+01
   6.0577210e+06   4.9133301e+01
   6.0578050e+06   9.4848633e+01
   6.0578260e+06   4.3640137e+01
   6.0578640e+06   4.6813965e+01
   6.0579320e+06   4.7912598e+01
   6.0580830e+06   4.1931152e+01
   6.0581490e+06   4.4189453e+01
   6.0930690e+06   4.1198730e+01
   6.1273280e+06   4.3823242e+01
   6.1277020e+06   4.2175293e+01
   6.1277260e+06   4.4677734e+01
   6.1277890e+06   4.6081543e+01
   6.1278330e+06   9.5825195e+01
   6.1278440e+06   5.3771973e+01
   6.1278860e+06   6.2744141e+01
   6.1279050e+06   4.5471191e+01
   6.1279270e+06   4.1198730e+01
   6.1279530e+06   4.2907715e+01
   6.1279790e+06   4.2114258e+01
   6.1280050e+06   4.2297363e+01
   6.1317540e+06   4.2480469e+01
   6.1665040e+06   4.2846680e+01
   6.1738890e+06   4.1442871e+01
   6.2133490e+06   4.9987793e+01
   6.2135050e+06   9.7900391e+01
   6.2136110e+06   4.9438477e+01
   6.2136370e+06   5.2978516e+01
   6.2136550e+06   5.1940918e+01
   6.2136860e+06   6.7016602e+01
   6.2137000e+06   4.5166016e+01
   6.2162310e+06   4.2846680e+01
   6.2191770e+06   4.2236328e+01
   6.2244140e+06   4.1687012e+01
   6.2624290e+06   4.9987793e+01
   6.2626920e+06   4.2968750e+01
   6.2806760e+06   4.2968750e+01
   6.2809270e+06   4.2785645e+01
   6.2929600e+06   4.2480469e+01
   6.3014890e+06   4.2907715e+01
   6.3030340e+06   4.3762207e+01
   6.3261120e+06   4.1198730e+01
   6.3263230e+06   4.1320801e+01
   6.3264170e+06   4.2358398e+01
   6.3264430e+06   5.4077148e+01
   6.3264850e+06   4.4433594e+01
   6.3265280e+06   1.0028076e+02
   6.3265840e+06   4.3579102e+01
   6.3266050e+06   6.6284180e+01
   6.3266380e+06   4.1320801e+01
   6.3266710e+06   5.0109863e+01
   6.3266880e+06   7.0617676e+01
   6.3267170e+06   4.7424316e+01
   6.3267750e+06   4.1259766e+01
   6.3367660e+06   4.1503906e+01
   6.3405820e+06   4.2053223e+01
   6.3951500e+06   4.1442871e+01
   6.4125910e+06   4.4982910e+01
   6.4127940e+06   4.1442871e+01
   6.4146830e+06   4.3640137e+01
   6.4629530e+06   4.1992188e+01
   6.5140440e+06   5.1452637e+01
   6.5143400e+06   5.6213379e+01
   6.5144030e+06   4.4128418e+01
   6.5144330e+06   1.2963867e+02
   6.5144630e+06   5.4260254e+01
   6.5144760e+06   6.3110352e+01
   6.5145190e+06   4.2724609e+01
   6.5145290e+06   4.8400879e+01
   6.5146350e+06   5.1818848e+01
   6.5240490e+06   4.2358398e+01
   6.5603920e+06   4.6020508e+01
   6.5839490e+06   4.2358398e+01
   6.5968560e+06   4.2480469e+01
   6.7062160e+06   4.5959473e+01
   6.7067630e+06   4.4189453e+01
   6.7096260e+06   4.2480469e+01
   6.7109070e+06   4.2846680e+01
   6.7149170e+06   4.4067383e+01
   6.7486100e+06   4.7119141e+01
   6.7486720e+06   4.1992188e+01
   6.7487660e+06   5.4870605e+01
   6.7487860e+06   5.6030273e+01
   6.7488090e+06   5.2978516e+01
   6.7488440e+06   8.9233398e+01
   6.7488600e+06   4.3762207e+01
   6.7488950e+06   5.2429199e+01
   6.7489300e+06   4.6936035e+01
   6.7489420e+06   6.0424805e+01
   6.7490910e+06   4.7302246e+01
   6.7522150e+06   4.1931152e+01
   6.7595670e+06   4.1625977e+01
   6.7637710e+06   4.5227051e+01
   6.7780460e+06   4.3090820e+01
   6.7830090e+06   4.2724609e+01
   6.8575090e+06   4.2053223e+01
   6.8576760e+06   4.4616699e+01
   6.8577000e+06   5.4992676e+01
   6.8577240e+06   4.2480469e+01
   6.8577410e+06   8.9660645e+01
   6.8577770e+06   5.0964355e+01
   6.8577970e+06   4.1442871e+01
   6.8578150e+06   5.1513672e+01
   6.8578480e+06   5.5847168e+01
   6.8579030e+06   4.3640137e+01
   6.8579170e+06   4.1931152e+01
   6.8579610e+06   4.3212891e+01
   6.8716030e+06   4.1992188e+01
   6.8746690e+06   4.5532227e+01
   6.8752150e+06   4.1503906e+01
   6.8754130e+06   4.8706055e+01
   6.8754550e+06   4.7729492e+01
   6.8754950e+06   4.7241211e+01
   6.8755110e+06   4.3395996e+01
   6.8756020e+06   4.2236328e+01
   6.8756450e+06   6.8359375e+01
   6.8756610e+06   4.5104980e+01
   6.8756990e+06   4.4799805e+01
   6.8757540e+06   4.5959473e+01
   6.8767990e+06   5.2368164e+01
   6.8945840e+06   4.1381836e+01
   6.8964950e+06   4.3151855e+01
   6.9100110e+06   4.3579102e+01
   6.9101670e+06   4.5410156e+01
   6.9103440e+06   4.6447754e+01
   6.9103890e+06   4.6203613e+01
   6.9105970e+06   5.1269531e+01
   6.9188730e+06   4.5959473e+01
   6.9188880e+06   4.8828125e+01
   6.9191590e+06   4.1259766e+01
   6.9192140e+06   4.6142578e+01
   6.9192490e+06   4.2846680e+01
   6.9341200e+06   4.2541504e+01
   6.9469340e+06   4.1503906e+01
   6.9619590e+06   4.1198730e+01
   6.9695190e+06   4.7119141e+01
   6.9697520e+06   4.7058105e+01
   6.9697630e+06   4.2846680e+01
   6.9698070e+06   8.7829590e+01
   6.9698370e+06   4.3518066e+01
   6.9698840e+06   4.2907715e+01
   6.9699090e+06   4.4799805e+01
   6.9699430e+06   4.6386719e+01
   6.9699940e+06   5.0476074e+01
   6.9700220e+06   4.3884277e+01
   6.9700900e+06   4.7851563e+01
   6.9701110e+06   4.3823242e+01
   6.9725250e+06   4.2602539e+01
   6.9736310e+06   4.2297363e+01
   6.9785160e+06   4.5410156e+01
   6.9875540e+06   4.5532227e+01
   6.9953290e+06   4.8156738e+01
   7.0273920e+06   4.1870117e+01
   7.0278370e+06   4.9072266e+01
   7.0278540e+06   1.1016846e+02
   7.0278830e+06   6.7993164e+01
   7.0279130e+06   5.9387207e+01
   7.0279440e+06   4.1748047e+01
   7.0280270e+06   4.2541504e+01
   7.0313020e+06   4.1503906e+01
   7.0367440e+06   4.2297363e+01
   7.1351960e+06   4.1809082e+01
   7.1399840e+06   4.2114258e+01
   7.1554370e+06   4.1503906e+01
   7.1710300e+06   4.3518066e+01
   7.1710590e+06   4.5227051e+01
   7.1715240e+06   4.6386719e+01
   7.1715620e+06   4.2297363e+01
   7.1716250e+06   4.7546387e+01
   7.1716490e+06   1.0620117e+02
   7.1716910e+06   5.5236816e+01
   7.1717060e+06   4.1748047e+01
   7.1717540e+06   7.0800781e+01
   7.1717850e+06   5.3405762e+01
   7.1718080e+06   4.3090820e+01
   7.1718480e+06   4.2602539e+01
   7.1719390e+06   4.1625977e+01
   7.1846890e+06   4.1259766e+01
   7.1847730e+06   4.1931152e+01
   7.1848970e+06   5.0964355e+01
   7.1851040e+06   5.2062988e+01
   7.1852020e+06   7.5317383e+01
   7.1852210e+06   4.8767090e+01
   7.1853420e+06   5.5297852e+01
   7.1895920e+06   4.3090820e+01
   7.1913060e+06   4.1931152e+01
   7.1983950e+06   4.3640137e+01
   7.1984400e+06   4.1381836e+01
   7.1986420e+06   4.5532227e+01
   7.1987260e+06   4.2053223e+01
   7.1988190e+06   4.2785645e+01
   7.2018090e+06   4.1259766e+01
   7.2119980e+06   4.2480469e+01
   7.2131880e+06   4.7607422e+01
   7.2132830e+06   4.2541504e+01
   7.2135250e+06   5.3344727e+01
   7.2143080e+06   4.2236328e+01
   7.2279940e+06   5.1330566e+01
   7.2287520e+06   4.3457031e+01
   7.2401990e+06   4.1198730e+01
   7.3134870e+06   4.1259766e+01
   7.3137430e+06   4.9377441e+01
   7.3137870e+06   1.2213135e+02
   7.3138330e+06   4.6081543e+01
   7.3138660e+06   5.1513672e+01
   7.3138760e+06   4.3823242e+01
   7.3139060e+06   6.3842773e+01
   7.3139300e+06   5.5419922e+01
   7.3139760e+06   4.3029785e+01
   7.3140190e+06   4.1931152e+01
   7.3140660e+06   4.4189453e+01
   7.3184080e+06   4.1320801e+01
   7.3523630e+06   4.9133301e+01
   7.3837030e+06   4.4616699e+01
   7.5693380e+06   4.3640137e+01
   7.5695290e+06   4.3273926e+01
   7.5695900e+06   4.3457031e+01
   7.5696470e+06   5.1757813e+01
   7.5696640e+06   9.3078613e+01
   7.5696970e+06   6.2377930e+01
   7.5697370e+06   4.9499512e+01
   7.5697680e+06   7.0190430e+01
   7.5698520e+06   4.5227051e+01
   7.5698660e+06   4.2297363e+01
   7.5822940e+06   4.4128418e+01
   7.5833610e+06   4.3212891e+01
   7.5880870e+06   4.4799805e+01
   7.5943150e+06   4.2358398e+01
   7.5998730e+06   4.1992188e+01
   7.6009180e+06   4.2541504e+01
   7.6162100e+06   4.7485352e+01
   7.6180260e+06   4.3395996e+01
   7.7076130e+06   4.5898438e+01
   7.7076670e+06   4.2724609e+01
   7.7077540e+06   5.0292969e+01
   7.7078000e+06   1.0491943e+02
   7.7078320e+06   5.0903320e+01
   7.7078600e+06   4.9682617e+01
   7.7078750e+06   4.7180176e+01
   7.7079150e+06   4.4555664e+01
   7.7079590e+06   4.8645020e+01
   7.7080170e+06   4.5043945e+01
   7.7301250e+06   4.1320801e+01
   7.7301920e+06   5.1696777e+01
   7.7302240e+06   4.1625977e+01
   7.7359430e+06   4.1931152e+01
   7.7369550e+06   4.2541504e+01
   7.8019270e+06   4.1931152e+01
   7.8186570e+06   5.0720215e+01
   7.8187320e+06   5.1696777e+01
   7.8188260e+06   4.8889160e+01
   7.8188670e+06   1.0760498e+02
   7.8188820e+06   5.0659180e+01
   7.8189670e+06   5.0170898e+01
   7.8190060e+06   5.5053711e+01
   7.8190480e+06   4.1381836e+01
   7.8266430e+06   4.1381836e+01
   7.8289480e+06   4.1809082e+01
   7.8320060e+06   4.7790527e+01
   7.8493130e+06   4.4799805e+01
   7.8612340e+06   4.4250488e+01
   7.8613940e+06   4.6936035e+01
   7.8614610e+06   4.1442871e+01
   7.8617810e+06   5.0231934e+01
   7.8618340e+06   4.6875000e+01
   7.8621130e+06   4.5043945e+01
   7.8660740e+06   4.2541504e+01
   7.9463250e+06   4.4128418e+01
   7.9463500e+06   4.2053223e+01
   7.9463770e+06   4.9499512e+01
   7.9464450e+06   4.5043945e+01
   7.9464910e+06   4.6997070e+01
   7.9465170e+06   6.1645508e+01
   7.9465610e+06   6.5673828e+01
   7.9465980e+06   1.1212158e+02
   7.9466110e+06   4.1381836e+01
   7.9466330e+06   4.5471191e+01
   7.9466620e+06   4.5776367e+01
   7.9466990e+06   6.8908691e+01
   7.9482990e+06   4.3090820e+01
   7.9588390e+06   4.4189453e+01
   7.9614840e+06   4.1992188e+01
   7.9674900e+06   4.2053223e+01
   7.9714570e+06   4.5532227e+01
   7.9734650e+06   4.6020508e+01
   7.9916560e+06   4.3884277e+01
   7.9978800e+06   4.1870117e+01
   8.0203920e+06   4.8278809e+01
   8.0215850e+06   4.2663574e+01
   8.0349570e+06   4.1809082e+01
   8.0350810e+06   4.1931152e+01
   8.0352050e+06   4.8217773e+01
   8.0352480e+06   6.8481445e+01
   8.0352880e+06   4.1442871e+01
   8.0353240e+06   4.9560547e+01
   8.0353500e+06   1.2304688e+02
   8.0354020e+06   5.8166504e+01
   8.0354350e+06   4.2541504e+01
   8.0354630e+06   5.3527832e+01
   8.0503620e+06   4.1687012e+01
   8.0507240e+06   4.6203613e+01
   8.0507960e+06   4.3884277e+01
   8.0508180e+06   4.6936035e+01
   8.0508440e+06   4.7058105e+01
   8.0510460e+06   4.5043945e+01
   8.0513450e+06   4.1931152e+01
   8.0605530e+06   4.1442871e+01
   8.0698110e+06   4.2236328e+01
   8.0846740e+06   4.3212891e+01
   8.0899970e+06   4.3273926e+01
   8.2611370e+06   4.3640137e+01
   8.2669820e+06   4.8828125e+01
   8.2670790e+06   5.0842285e+01
   8.2670980e+06   9.3200684e+01
   8.2671120e+06   5.1574707e+01
   8.2671530e+06   7.3242188e+01
   8.2671970e+06   5.4626465e+01
   8.2672190e+06   6.0607910e+01
   8.2672340e+06   4.4067383e+01
   8.2728940e+06   4.6386719e+01
   8.2743120e+06   4.9072266e+01
   8.2913150e+06   4.2907715e+01
   8.2929970e+06   4.3762207e+01
   8.3026590e+06   4.3334961e+01
   8.3045570e+06   4.2602539e+01
   8.5441530e+06   4.2480469e+01
   8.5564310e+06   4.8156738e+01
   8.5565850e+06   4.3273926e+01
   8.5570010e+06   4.5837402e+01
   8.5570310e+06   4.9865723e+01
   8.5570610e+06   1.2780762e+02
   8.5571020e+06   7.1838379e+01
   8.5571300e+06   5.1818848e+01
   8.5571540e+06   4.5471191e+01
   8.5572020e+06   5.2978516e+01
   8.5598190e+06   4.1687012e+01
   8.5881700e+06   4.2358398e+01
   8.6685610e+06   4.1809082e+01
   8.6799660e+06   4.3579102e+01
   8.6829300e+06   4.5410156e+01
   8.7620900e+06   4.2663574e+01
   8.7621060e+06   4.5104980e+01
   8.7621520e+06   4.4738770e+01
   8.7621710e+06   4.4799805e+01
   8.7621880e+06   5.5786133e+01
   8.7622440e+06   1.1871338e+02
   8.7622680e+06   4.6325684e+01
   8.7623180e+06   5.2001953e+01
   8.7623290e+06   6.4880371e+01
   8.7623460e+06   5.5969238e+01
   8.7624010e+06   5.3527832e+01
   8.7624170e+06   4.1198730e+01
   8.7624420e+06   5.0659180e+01
   8.7624680e+06   4.4372559e+01
   8.7754440e+06   4.5532227e+01
   8.7857650e+06   4.7119141e+01
   8.7859360e+06   4.1870117e+01
   8.7860680e+06   4.5349121e+01
   8.7860950e+06   4.7302246e+01
   8.7861340e+06   4.9011230e+01
   8.7861480e+06   4.1870117e+01
   8.7862520e+06   4.2785645e+01
   8.7862620e+06   8.3801270e+01
   8.7869110e+06   4.8156738e+01
   8.7887180e+06   4.3029785e+01
   8.7891270e+06   4.2175293e+01
   8.8003890e+06   4.5898438e+01
   8.8103190e+06   4.1625977e+01
   8.8172630e+06   4.1809082e+01
   8.8411600e+06   4.2907715e+01
   8.8413390e+06   4.2724609e+01
   8.8413810e+06   5.2795410e+01
   8.8418640e+06   5.1208496e+01
   8.8419330e+06   9.0637207e+01
   8.8420020e+06   4.7485352e+01
   8.8420760e+06   5.0170898e+01
   8.8485790e+06   4.5349121e+01
   8.8705950e+06   4.2602539e+01
   8.8907680e+06   4.2480469e+01
   8.9002700e+06   4.1320801e+01
   8.9003410e+06   4.1931152e+01
   8.9004060e+06   4.5715332e+01
   8.9004790e+06   1.2384033e+02
   8.9005360e+06   5.1940918e+01
   8.9005930e+06   5.9326172e+01
   8.9006030e+06   6.5307617e+01
   8.9006200e+06   8.1970215e+01
   8.9006470e+06   4.1381836e+01
   8.9006810e+06   4.1748047e+01
   8.9020320e+06   4.3579102e+01
   8.9056160e+06   4.4738770e+01
   8.9080690e+06   4.5349121e+01
   8.9209420e+06   4.9804688e+01
   8.9230020e+06   4.3090820e+01
   8.9490640e+06   4.2846680e+01
   8.9645820e+06   4.5104980e+01
   8.9648400e+06   4.7485352e+01
   8.9648630e+06   5.3894043e+01
   8.9648780e+06   4.2114258e+01
   8.9649140e+06   4.9682617e+01
   8.9649300e+06   8.2580566e+01
   8.9649540e+06   4.9621582e+01
   8.9649790e+06   4.4128418e+01
   8.9650290e+06   6.0180664e+01
   8.9651890e+06   4.2907715e+01
   9.0096680e+06   4.2297363e+01
   9.0180930e+06   4.3334961e+01
   9.0250300e+06   4.4555664e+01
   9.0305240e+06   4.4677734e+01
   9.0305610e+06   4.2907715e+01
   9.0306330e+06   4.9316406e+01
   9.0307060e+06   4.4616699e+01
   9.0307740e+06   4.1625977e+01
   9.0308010e+06   8.0932617e+01
   9.0308170e+06   6.0668945e+01
   9.0308500e+06   5.2795410e+01
   9.0308760e+06   4.4921875e+01
   9.0308930e+06   5.5603027e+01
   9.0309340e+06   4.7851563e+01
   9.0309550e+06   4.7729492e+01
   9.0365850e+06   4.3090820e+01
   9.0405160e+06   4.3518066e+01
   9.0597060e+06   4.1870117e+01
   9.0723910e+06   4.2297363e+01
   9.0836450e+06   4.4494629e+01
   9.0837320e+06   5.6945801e+01
   9.0837900e+06   4.2785645e+01
   9.0839390e+06   4.7668457e+01
   9.0839830e+06   5.3283691e+01
   9.0839980e+06   5.0964355e+01
   9.0840310e+06   1.0009766e+02
   9.0840700e+06   4.6325684e+01
   9.0840890e+06   5.8410645e+01
   9.0841060e+06   4.8583984e+01
   9.0841220e+06   6.0119629e+01
   9.0842220e+06   4.3579102e+01
   9.0842440e+06   4.2968750e+01
   9.0854360e+06   4.7851563e+01
   9.0987870e+06   4.3273926e+01
   9.1089820e+06   4.2419434e+01
   9.1090420e+06   4.4738770e+01
   9.1091630e+06   4.4372559e+01
   9.1092850e+06   4.2541504e+01
   9.1093150e+06   9.1064453e+01
   9.1094220e+06   4.2358398e+01
   9.1094410e+06   4.8828125e+01
   9.1095590e+06   4.9560547e+01
   9.1353190e+06   4.2053223e+01
   9.1642690e+06   4.7973633e+01
   9.1645540e+06   5.2368164e+01
   9.1646320e+06   4.2541504e+01
   9.1646560e+06   7.9650879e+01
   9.1646880e+06   5.0903320e+01
   9.1647280e+06   5.7128906e+01
   9.1647550e+06   4.4555664e+01
   9.1647910e+06   4.9865723e+01
   9.1648480e+06   4.9743652e+01
   9.1649480e+06   4.2785645e+01
   9.1711020e+06   4.1748047e+01
   9.1745880e+06   4.2480469e+01
   9.1774280e+06   4.2175293e+01
   9.1831750e+06   4.2907715e+01
   9.1865600e+06   4.2236328e+01
   9.1890870e+06   4.1503906e+01
   9.2261740e+06   4.2663574e+01
   9.2437950e+06   4.5593262e+01
   9.2439440e+06   7.9528809e+01
   9.2440270e+06   4.2053223e+01
   9.2440500e+06   4.8706055e+01
   9.2440730e+06   5.2246094e+01
   9.2440880e+06   7.4951172e+01
   9.2441200e+06   4.1442871e+01
   9.2441560e+06   4.4128418e+01
   9.2442040e+06   4.6813965e+01
   9.2442290e+06   4.4738770e+01
   9.2443510e+06   4.5593262e+01
   9.2470060e+06   4.1198730e+01
   9.2548350e+06   4.1198730e+01
   9.2569760e+06   4.3151855e+01
   9.2684910e+06   4.1503906e+01
   9.2715160e+06   4.3457031e+01
   9.3301190e+06   4.2297363e+01
   9.3304670e+06   5.6884766e+01
   9.3304970e+06   4.8950195e+01
   9.3305270e+06   4.3762207e+01
   9.3305600e+06   8.7158203e+01
   9.3306080e+06   4.3823242e+01
   9.3306270e+06   4.2846680e+01
   9.3306410e+06   4.8156738e+01
   9.3306840e+06   5.1757813e+01
   9.3306990e+06   4.2419434e+01
   9.3307440e+06   4.8522949e+01
   9.3400180e+06   4.5776367e+01
   9.3472220e+06   4.2785645e+01
   9.3473760e+06   4.9621582e+01
   9.3476810e+06   9.1918945e+01
   9.3477120e+06   4.3334961e+01
   9.3477280e+06   6.9335938e+01
   9.3477650e+06   4.2236328e+01
   9.3478800e+06   4.7119141e+01
   9.3481240e+06   4.7424316e+01
   9.3726880e+06   4.1381836e+01
   9.3933480e+06   4.3823242e+01
   9.3933990e+06   4.3884277e+01
   9.3936420e+06   5.9387207e+01
   9.3936670e+06   6.5185547e+01
   9.3936990e+06   4.9133301e+01
   9.3937730e+06   8.7829590e+01
   9.3938750e+06   4.5715332e+01
   9.3939920e+06   4.4433594e+01
   9.3940720e+06   4.5104980e+01
   9.4329550e+06   4.3579102e+01
   9.4330600e+06   5.0415039e+01
   9.4332910e+06   4.7180176e+01
   9.4333560e+06   4.2907715e+01
   9.4334030e+06   8.8195801e+01
   9.4334880e+06   4.8278809e+01
   9.4335570e+06   4.2907715e+01
   9.4336100e+06   4.6752930e+01
   9.4475520e+06   4.1198730e+01
   9.4660260e+06   5.2734375e+01
   9.4661790e+06   4.5959473e+01
   9.4663120e+06   4.4006348e+01
   9.4663770e+06   9.3505859e+01
   9.4664740e+06   4.3518066e+01
   9.4665890e+06   4.7180176e+01
   9.5003730e+06   4.5532227e+01
   9.5118380e+06   4.5654297e+01
   9.5120340e+06   4.8522949e+01
   9.5122640e+06   4.3701172e+01
   9.5123020e+06   4.1259766e+01
   9.5124830e+06   9.2712402e+01
   9.5125720e+06   4.6630859e+01
   9.5183600e+06   4.3518066e+01
   9.5190960e+06   4.2541504e+01
   9.5254050e+06   5.0354004e+01
   9.5255860e+06   4.8034668e+01
   9.5256450e+06   4.2419434e+01
   9.5257050e+06   5.7373047e+01
   9.5259270e+06   4.1870117e+01
   9.5303700e+06   5.3771973e+01
   9.5450630e+06   4.5288086e+01
   9.5989380e+06   4.4189453e+01
   9.6774980e+06   4.7058105e+01
   9.7346680e+06   5.2001953e+01
   9.8434910e+06   4.7241211e+01
   9.8435570e+06   4.8706055e+01
   9.8436090e+06   6.1828613e+01
   9.8436570e+06   4.4372559e+01
   9.8437200e+06   5.9631348e+01
   9.8437330e+06   9.3811035e+01
   9.8437750e+06   4.4189453e+01
   9.8437980e+06   4.6691895e+01
   9.8438270e+06   5.7983398e+01
   9.8438460e+06   4.5715332e+01
   9.8439140e+06   4.1442871e+01
   9.8487430e+06   4.5043945e+01
   9.8597520e+06   4.7668457e+01
   9.8651810e+06   4.4921875e+01
   9.9025910e+06   4.2297363e+01
   9.9312130e+06   4.3212891e+01
   9.9954560e+06   5.0354004e+01
   1.0039005e+07   4.6508789e+01
   1.0039089e+07   4.4372559e+01
   1.0039163e+07   4.1198730e+01
   1.0039220e+07   4.3457031e+01
   1.0039272e+07   4.1992188e+01
   1.0039302e+07   1.0375977e+02
   1.0039323e+07   4.1748047e+01
   1.0039340e+07   4.4311523e+01
   1.0039390e+07   6.4636230e+01
   1.0039414e+07   5.1879883e+01
   1.0039438e+07   4.1564941e+01
   1.0039466e+07   5.3527832e+01
   1.0039512e+07   5.4260254e+01
   1.0050138e+07   4.3151855e+01
   1.0058986e+07   4.2602539e+01
   1.0059577e+07   4.1381836e+01
   1.0061620e+07   4.5776367e+01
   1.0061730e+07   4.3151855e+01
   1.0062150e+07   5.1452637e+01
   1.0062208e+07   4.3457031e+01
   1.0062256e+07   8.4899902e+01
   1.0071649e+07   4.2114258e+01
   1.0093562e+07   4.3457031e+01
   1.0106950e+07   4.4128418e+01
   1.0217496e+07   4.3762207e+01
   1.0234946e+07   4.3151855e+01
   1.0235004e+07   4.5654297e+01
   1.0235104e+07   4.5776367e+01
   1.0235133e+07   4.6691895e+01
   1.0235163e+07   4.2053223e+01
   1.0235199e+07   1.2432861e+02
   1.0235235e+07   4.6569824e+01
   1.0235254e+07   5.5480957e+01
   1.0235288e+07   5.9143066e+01
   1.0235300e+07   5.9448242e+01
   1.0235327e+07   4.6325684e+01
   1.0235364e+07   4.2480469e+01
   1.0242291e+07   4.1564941e+01
   1.0245563e+07   4.1625977e+01
   1.0258625e+07   4.6203613e+01
   1.0271895e+07   4.3151855e+01
   1.0284302e+07   4.2358398e+01
   1.0313561e+07   4.1748047e+01
   1.0314047e+07   4.1748047e+01
   1.0353088e+07   4.3762207e+01
   1.0372549e+07   4.4006348e+01
   1.0372735e+07   4.1931152e+01
   1.0372809e+07   9.2834473e+01
   1.0372822e+07   4.3273926e+01
   1.0372863e+07   5.6884766e+01
   1.0372890e+07   4.7363281e+01
   1.0372908e+07   5.9448242e+01
   1.0372927e+07   4.6691895e+01
   1.0372969e+07   4.3640137e+01
   1.0373049e+07   4.1198730e+01
   1.0373067e+07   4.2419434e+01
   1.0379549e+07   4.1381836e+01
   1.0384405e+07   4.3151855e+01
   1.0386469e+07   4.1503906e+01
   1.0387436e+07   4.3823242e+01
   1.0411791e+07   4.2236328e+01
   1.0424176e+07   4.9621582e+01
   1.0449185e+07   5.0170898e+01
   1.0449282e+07   4.1931152e+01
   1.0449364e+07   4.8339844e+01
   1.0449387e+07   5.1696777e+01
   1.0449402e+07   4.7241211e+01
   1.0449457e+07   1.1523438e+02
   1.0449480e+07   4.2541504e+01
   1.0449495e+07   5.2062988e+01
   1.0449559e+07   5.6030273e+01
   1.0452812e+07   4.3334961e+01
   1.0453586e+07   4.2236328e+01
   1.0459813e+07   4.1320801e+01
   1.0465495e+07   4.4067383e+01
   1.0472268e+07   4.6630859e+01
   1.0508845e+07   4.2663574e+01
   1.0508891e+07   4.9072266e+01
   1.0508922e+07   4.3090820e+01
   1.0509022e+07   4.1442871e+01
   1.0509067e+07   5.0476074e+01
   1.0509090e+07   8.7768555e+01
   1.0509104e+07   4.7546387e+01
   1.0509140e+07   5.7922363e+01
   1.0509186e+07   4.1992188e+01
   1.0509224e+07   6.3903809e+01
   1.0521608e+07   4.1381836e+01
   1.0535817e+07   4.1564941e+01
   1.0537386e+07   4.5043945e+01
   1.0547080e+07   4.6936035e+01
   1.0547108e+07   5.1330566e+01
   1.0547120e+07   4.3090820e+01
   1.0547226e+07   5.6579590e+01
   1.0547361e+07   6.4025879e+01
   1.0547401e+07   4.9804688e+01
   1.0547498e+07   4.3334961e+01
   1.0547524e+07   8.1054688e+01
   1.0547617e+07   4.5776367e+01
   1.0547694e+07   4.3273926e+01
   1.0552372e+07   4.1320801e+01
   1.0555633e+07   4.8889160e+01
   1.0559563e+07   4.1809082e+01
   1.0571456e+07   4.1564941e+01
   1.0609636e+07   4.1381836e+01
   1.0609863e+07   4.4921875e+01
   1.0609943e+07   4.3762207e+01
   1.0610050e+07   5.2856445e+01
   1.0610093e+07   4.3762207e+01
   1.0610114e+07   4.1320801e+01
   1.0610131e+07   4.7058105e+01
   1.0610155e+07   4.5898438e+01
   1.0610173e+07   1.0449219e+02
   1.0610268e+07   4.4921875e+01
   1.0610282e+07   4.9499512e+01
   1.0610380e+07   4.7119141e+01
   1.0619713e+07   4.2053223e+01
   1.0634966e+07   4.4250488e+01
   1.0635021e+07   4.3029785e+01
   1.0635214e+07   4.9438477e+01
   1.0635291e+07   4.1320801e+01
   1.0635349e+07   5.0659180e+01
   1.0635450e+07   6.4331055e+01
   1.0635566e+07   4.2846680e+01
   1.0635715e+07   5.1452637e+01
   1.0636290e+07   4.1259766e+01
   1.0638739e+07   4.1687012e+01
   1.0645132e+07   4.3823242e+01
   1.0650622e+07   4.3029785e+01
   1.0689492e+07   4.9621582e+01
   1.0689671e+07   5.2124023e+01
   1.0689694e+07   8.9233398e+01
   1.0689744e+07   4.6508789e+01
   1.0689769e+07   5.1879883e+01
   1.0689780e+07   5.2062988e+01
   1.0689809e+07   4.4799805e+01
   1.0689823e+07   4.4738770e+01
   1.0689848e+07   7.1777344e+01
   1.0689858e+07   4.7546387e+01
   1.0689921e+07   4.1992188e+01
   1.0690012e+07   4.2419434e+01
   1.0697606e+07   4.3640137e+01
   1.0702741e+07   4.5654297e+01
   1.0709036e+07   4.4616699e+01
   1.0709904e+07   4.4494629e+01
   1.0761611e+07   4.5654297e+01
   1.0830496e+07   4.1320801e+01
   1.0830529e+07   4.2114258e+01
   1.0830649e+07   5.1513672e+01
   1.0830674e+07   5.6091309e+01
   1.0830710e+07   4.4738770e+01
   1.0830727e+07   5.2368164e+01
   1.0830747e+07   4.8278809e+01
   1.0830785e+07   5.2062988e+01
   1.0830795e+07   4.9499512e+01
   1.0830830e+07   5.2551270e+01
   1.0833276e+07   4.1809082e+01
   1.0857288e+07   4.2785645e+01
   1.0907564e+07   4.4555664e+01
   1.0958274e+07   4.2175293e+01
   1.1019690e+07   4.2114258e+01
   1.1020990e+07   4.1503906e+01
   1.1025011e+07   4.4189453e+01
   1.1027612e+07   4.7729492e+01
   1.1054526e+07   4.2907715e+01
   1.1091636e+07   5.1025391e+01
   1.1091653e+07   4.1503906e+01
   1.1091668e+07   4.3579102e+01
   1.1091685e+07   1.0473633e+02
   1.1091701e+07   4.5349121e+01
   1.1091731e+07   4.7241211e+01
   1.1091753e+07   4.6142578e+01
   1.1091773e+07   4.4982910e+01
   1.1091791e+07   5.2551270e+01
   1.1091834e+07   4.5288086e+01
   1.1091871e+07   4.2602539e+01
   1.1103440e+07   4.1992188e+01
   1.1106477e+07   4.2785645e+01
   1.1106547e+07   5.0048828e+01
   1.1106604e+07   4.1320801e+01
   1.1106656e+07   4.4006348e+01
   1.1106705e+07   5.0048828e+01
   1.1106760e+07   5.3894043e+01
   1.1106780e+07   8.6425781e+01
   1.1106815e+07   5.3894043e+01
   1.1106883e+07   4.3701172e+01
   1.1106908e+07   5.2062988e+01
   1.1106971e+07   5.9875488e+01
   1.1107002e+07   4.1931152e+01
   1.1107094e+07   4.3273926e+01
   1.1107510e+07   4.6203613e+01
   1.1119199e+07   4.4372559e+01
   1.1120784e+07   4.3029785e+01
   1.1139282e+07   4.1564941e+01
   1.1170526e+07   4.1625977e+01
   1.1227353e+07   6.1584473e+01
   1.1227406e+07   4.4250488e+01
   1.1227422e+07   4.5593262e+01
   1.1227443e+07   4.9438477e+01
   1.1227484e+07   1.0223389e+02
   1.1227496e+07   4.5654297e+01
   1.1227557e+07   5.2978516e+01
   1.1227590e+07   7.1411133e+01
   1.1227633e+07   5.4199219e+01
   1.1227708e+07   4.1687012e+01
   1.1237679e+07   4.3212891e+01
   1.1241074e+07   4.5837402e+01
   1.1244016e+07   4.2480469e+01
   1.1244491e+07   4.9621582e+01
   1.1245741e+07   4.2358398e+01
   1.1252769e+07   4.1748047e+01
   1.1253452e+07   4.1259766e+01
   1.1256986e+07   4.2236328e+01
   1.1328573e+07   4.3518066e+01
   1.1328871e+07   4.1320801e+01
   1.1329012e+07   4.4616699e+01
   1.1329040e+07   4.7973633e+01
   1.1329065e+07   4.3151855e+01
   1.1329117e+07   4.9621582e+01
   1.1329154e+07   4.2968750e+01
   1.1329204e+07   1.1254883e+02
   1.1329219e+07   4.9682617e+01
   1.1329243e+07   5.0842285e+01
   1.1329272e+07   4.4311523e+01
   1.1329332e+07   5.9387207e+01
   1.1329359e+07   5.0781250e+01
   1.1329394e+07   4.2846680e+01
   1.1331634e+07   4.3395996e+01
   1.1333004e+07   4.4799805e+01
   1.1349950e+07   4.6264648e+01
   1.1350121e+07   5.6396484e+01
   1.1350134e+07   4.8156738e+01
   1.1350276e+07   4.5349121e+01
   1.1350318e+07   4.8034668e+01
   1.1350344e+07   4.2358398e+01
   1.1350376e+07   4.9743652e+01
   1.1350417e+07   5.1147461e+01
   1.1350636e+07   4.5715332e+01
   1.1350653e+07   6.4270020e+01
   1.1357733e+07   4.9987793e+01
   1.1358297e+07   4.3090820e+01
   1.1359581e+07   4.1259766e+01
   1.1360703e+07   4.1870117e+01
   1.1367902e+07   4.2968750e+01
   1.1394220e+07   4.2297363e+01
   1.1414711e+07   4.5715332e+01
   1.1414746e+07   4.2053223e+01
   1.1414829e+07   5.0537109e+01
   1.1414952e+07   4.6020508e+01
   1.1415010e+07   4.2419434e+01
   1.1415034e+07   5.7434082e+01
   1.1415080e+07   5.8593750e+01
   1.1415117e+07   1.0418701e+02
   1.1415177e+07   4.3395996e+01
   1.1415253e+07   4.5715332e+01
   1.1415403e+07   4.7363281e+01
   1.1418430e+07   4.3884277e+01
   1.1419059e+07   4.2663574e+01
   1.1423111e+07   4.2358398e+01
   1.1432075e+07   4.1442871e+01
   1.1508062e+07   4.3457031e+01
   1.1510915e+07   4.2480469e+01
   1.1569524e+07   4.1870117e+01
   1.1596930e+07   4.4799805e+01
   1.1596950e+07   4.2053223e+01
   1.1597030e+07   4.6447754e+01
   1.1597098e+07   4.3945313e+01
   1.1597147e+07   4.3518066e+01
   1.1597164e+07   8.0261230e+01
   1.1597186e+07   5.0964355e+01
   1.1597199e+07   5.0598145e+01
   1.1597226e+07   4.6752930e+01
   1.1597241e+07   5.0659180e+01
   1.1597263e+07   4.8034668e+01
   1.1597284e+07   5.6762695e+01
   1.1597363e+07   5.8227539e+01
   1.1602815e+07   4.6447754e+01
   1.1662284e+07   4.4067383e+01
   1.1674398e+07   4.2480469e+01
   1.1679502e+07   4.2419434e+01
   1.1723987e+07   4.3090820e+01
   1.1724120e+07   4.6081543e+01
   1.1724197e+07   4.2907715e+01
   1.1724249e+07   4.3640137e+01
   1.1724267e+07   9.0759277e+01
   1.1724287e+07   4.1259766e+01
   1.1724301e+07   4.4799805e+01
   1.1724341e+07   5.1513672e+01
   1.1724371e+07   4.7485352e+01
   1.1724389e+07   6.4147949e+01
   1.1724464e+07   5.8044434e+01
   1.1726900e+07   4.5349121e+01
   1.1731946e+07   4.3212891e+01
   1.1735255e+07   4.7851563e+01
   1.1742012e+07   4.1870117e+01
   1.1743451e+07   4.4372559e+01
   1.1756074e+07   4.1931152e+01
   1.1762313e+07   4.8400879e+01
   1.1762373e+07   4.1503906e+01
   1.1762406e+07   4.2846680e+01
   1.1762429e+07   4.4006348e+01
   1.1762453e+07   5.6823730e+01
   1.1762500e+07   5.2490234e+01
   1.1762551e+07   9.3261719e+01
   1.1762661e+07   4.1931152e+01
   1.1770333e+07   4.1259766e+01
   1.1783371e+07   4.1809082e+01
   1.1828235e+07   4.4311523e+01
   1.1828326e+07   4.6569824e+01
   1.1828397e+07   4.7241211e+01
   1.1828408e+07   9.4055176e+01
   1.1828473e+07   5.2429199e+01
   1.1828512e+07   4.4555664e+01
   1.1828532e+07   4.5776367e+01
   1.1828564e+07   4.5532227e+01
   1.1881263e+07   4.6813965e+01
   1.1926011e+07   4.3273926e+01
   1.1926067e+07   5.2368164e+01
   1.1926137e+07   4.2907715e+01
   1.1926168e+07   4.6325684e+01
   1.1926220e+07   4.7302246e+01
   1.1926444e+07   8.6181641e+01
   1.1926483e+07   5.3039551e+01
   1.1926502e+07   4.3701172e+01
   1.1926520e+07   5.5908203e+01
   1.1926547e+07   4.1992188e+01
   1.1926571e+07   6.5368652e+01
   1.1926679e+07   4.5349121e+01
   1.1934106e+07   4.3701172e+01
   1.1942041e+07   4.6569824e+01
   1.1945891e+07   4.1870117e+01
   1.1947854e+07   4.4372559e+01
   1.1947922e+07   4.5104980e+01
   1.1947964e+07   4.6081543e+01
   1.1948032e+07   4.8461914e+01
   1.1948083e+07   4.6813965e+01
   1.1948256e+07   4.3334961e+01
   1.1948318e+07   4.1748047e+01
   1.1948363e+07   7.4645996e+01
   1.1948434e+07   4.6752930e+01
   1.1948494e+07   4.1748047e+01
   1.1959821e+07   4.4311523e+01
   1.1991082e+07   4.3640137e+01
