   1.1996000e+07   0.0000000e+00
   4.0840000e+03   5.7739258e+01
   4.1470000e+03   4.1076660e+01
   4.1680000e+03   3.9306641e+01
   4.4000000e+03   4.4433594e+01
   4.4540000e+03   5.5114746e+01
   4.5140000e+03   3.5827637e+01
   4.6050000e+03   3.5461426e+01
   4.6760000e+03   3.7048340e+01
   4.7240000e+03   3.7780762e+01
   4.7830000e+03   4.0527344e+01
   3.8659000e+04   4.2236328e+01
   5.0564000e+04   4.7485352e+01
   7.0726000e+04   3.6621094e+01
   7.0759000e+04   3.6499023e+01
   8.7866000e+04   5.3283691e+01
   9.4747000e+04   4.2724609e+01
   9.5224000e+04   4.0893555e+01
   9.5448000e+04   4.1076660e+01
   9.5935000e+04   3.6865234e+01
   1.1021800e+05   4.6813965e+01
   1.1033400e+05   3.6804199e+01
   1.1038500e+05   4.1687012e+01
   1.1044000e+05   3.5644531e+01
   1.1046800e+05   3.6743164e+01
   1.1160000e+05   3.7902832e+01
   1.1174200e+05   3.6315918e+01
   1.1207000e+05   4.4067383e+01
   1.1209500e+05   4.1870117e+01
   1.2142800e+05   4.9865723e+01
   1.2156500e+05   3.9794922e+01
   1.3676400e+05   4.0588379e+01
   1.5570000e+05   3.5705566e+01
   1.5573700e+05   3.6071777e+01
   1.5584200e+05   3.9062500e+01
   1.5594300e+05   5.3527832e+01
   1.5611500e+05   4.4311523e+01
   1.5631300e+05   4.8522949e+01
   1.5633300e+05   3.8208008e+01
   1.5639500e+05   3.5949707e+01
   1.5676900e+05   4.5532227e+01
   1.5680300e+05   3.8146973e+01
   1.8969800e+05   4.5104980e+01
   2.1445100e+05   4.8339844e+01
   2.1600200e+05   3.5522461e+01
   2.2176600e+05   4.3334961e+01
   2.2202600e+05   4.2968750e+01
   2.2210000e+05   4.1625977e+01
   2.2224400e+05   4.3395996e+01
   2.2228200e+05   3.8757324e+01
   2.2275500e+05   4.5410156e+01
   2.2284800e+05   3.6437988e+01
   2.2291700e+05   3.6437988e+01
   2.2355600e+05   4.3090820e+01
   2.4427500e+05   4.5837402e+01
   2.4500900e+05   3.6315918e+01
   2.4744000e+05   3.7719727e+01
   2.7396000e+05   4.1564941e+01
   2.7559200e+05   3.5644531e+01
   2.8954900e+05   3.9794922e+01
   2.8961600e+05   3.8879395e+01
   2.8988800e+05   4.6020508e+01
   2.9010600e+05   4.9560547e+01
   2.9016300e+05   4.3884277e+01
   2.9062100e+05   5.0842285e+01
   2.9077100e+05   3.9550781e+01
   2.9106700e+05   3.8146973e+01
   2.9172100e+05   4.1198730e+01
   3.0761000e+05   4.4921875e+01
   3.0763800e+05   3.7048340e+01
   3.0766900e+05   4.3884277e+01
   3.0808200e+05   3.6560059e+01
   3.0811300e+05   3.9489746e+01
   3.0830300e+05   3.9855957e+01
   3.0846500e+05   3.7414551e+01
   3.0873900e+05   3.6560059e+01
   3.0930900e+05   3.6499023e+01
   3.5425500e+05   4.1748047e+01
   3.7753400e+05   3.7963867e+01
   3.7766500e+05   3.6743164e+01
   3.7797600e+05   3.7231445e+01
   3.7815000e+05   3.6193848e+01
   3.7822500e+05   3.6743164e+01
   3.7842100e+05   3.5644531e+01
   3.7846000e+05   3.6010742e+01
   3.7972200e+05   3.5949707e+01
   3.9548800e+05   4.2541504e+01
   4.2419100e+05   4.9011230e+01
   4.2425000e+05   3.8879395e+01
   4.2427400e+05   5.2795410e+01
   4.2437600e+05   4.7485352e+01
   4.2441400e+05   4.0771484e+01
   4.2446700e+05   3.9367676e+01
   4.2451900e+05   3.5888672e+01
   4.2459000e+05   3.7048340e+01
   4.2465000e+05   3.6254883e+01
   4.2471400e+05   3.7841797e+01
   4.2477500e+05   4.4128418e+01
   4.2480500e+05   3.6254883e+01
   4.2492800e+05   3.8513184e+01
   4.2497200e+05   3.6010742e+01
   4.2498600e+05   3.6193848e+01
   4.2504600e+05   3.7536621e+01
   4.9602500e+05   4.3884277e+01
   4.9607900e+05   3.6132813e+01
   4.9610800e+05   3.9062500e+01
   4.9618600e+05   4.0832520e+01
   4.9622000e+05   4.7485352e+01
   4.9643400e+05   3.6071777e+01
   4.9645000e+05   3.8818359e+01
   4.9657100e+05   4.2846680e+01
   4.9661700e+05   3.8208008e+01
   4.9683300e+05   3.7841797e+01
   4.9705700e+05   4.2175293e+01
   4.9714700e+05   3.5644531e+01
   4.9746700e+05   4.5166016e+01
   5.4718600e+05   4.0039062e+01
   5.4756400e+05   4.5104980e+01
   5.4799100e+05   3.5644531e+01
   5.4817300e+05   3.6926270e+01
   5.4853900e+05   3.5827637e+01
   5.4907200e+05   4.5776367e+01
   5.4962800e+05   3.8635254e+01
   5.5024000e+05   3.7902832e+01
   5.5980000e+05   4.2968750e+01
   5.6040500e+05   3.7353516e+01
   6.0296000e+05   4.4616699e+01
   6.0299200e+05   5.5053711e+01
   6.0302900e+05   5.1391602e+01
   6.0313100e+05   5.5053711e+01
   6.0324500e+05   4.6936035e+01
   6.0331500e+05   3.5888672e+01
   6.0336300e+05   4.6142578e+01
   6.0342600e+05   4.3090820e+01
   6.0345600e+05   3.7292480e+01
   6.0357700e+05   4.2236328e+01
   6.0367300e+05   4.1503906e+01
   6.0394000e+05   4.1137695e+01
   6.6738300e+05   4.2053223e+01
   6.6848300e+05   4.8645020e+01
   6.6889300e+05   3.8940430e+01
   6.8236400e+05   4.6630859e+01
   6.8240600e+05   3.6987305e+01
   6.8242000e+05   3.9672852e+01
   6.8246200e+05   4.3090820e+01
   6.8262700e+05   4.5715332e+01
   6.8266600e+05   4.6142578e+01
   6.8286600e+05   3.8391113e+01
   6.8288800e+05   4.4128418e+01
   6.8307300e+05   4.1870117e+01
   6.8380500e+05   4.0344238e+01
   7.0433200e+05   4.4677734e+01
   7.3236800e+05   3.9978027e+01
   7.3240800e+05   3.8635254e+01
   7.3253900e+05   3.6926270e+01
   7.3262700e+05   3.8757324e+01
   7.3263800e+05   3.8513184e+01
   7.3275500e+05   4.3090820e+01
   7.3282100e+05   4.6813965e+01
   7.3285500e+05   3.7048340e+01
   7.3300100e+05   3.7414551e+01
   7.3308400e+05   4.7302246e+01
   7.3317700e+05   3.7902832e+01
   7.3319200e+05   3.5461426e+01
   7.3326200e+05   3.8269043e+01
   7.7884500e+05   4.2907715e+01
   7.8384100e+05   5.6579590e+01
   7.8390000e+05   4.2541504e+01
   7.8402200e+05   4.4372559e+01
   7.8410800e+05   4.0954590e+01
   7.8419300e+05   4.3273926e+01
   7.8440900e+05   4.1381836e+01
   7.8446100e+05   3.6132813e+01
   7.8477900e+05   4.4799805e+01
   7.8490500e+05   3.5644531e+01
   7.8522200e+05   4.4494629e+01
   7.8565200e+05   3.8574219e+01
   7.8580600e+05   3.6376953e+01
   8.2190200e+05   3.5583496e+01
   8.2240300e+05   4.3823242e+01
   8.5347500e+05   3.9428711e+01
   8.5648200e+05   3.9611816e+01
   8.5654500e+05   4.5959473e+01
   8.5686200e+05   3.5705566e+01
   8.5810800e+05   4.2114258e+01
   8.9349300e+05   3.7475586e+01
   9.1833600e+05   3.6804199e+01
   9.2017200e+05   3.6621094e+01
   9.2289400e+05   4.1625977e+01
   9.2344900e+05   4.2541504e+01
   9.2347000e+05   7.7575684e+01
   9.2349400e+05   3.8818359e+01
   9.2351100e+05   4.2053223e+01
   9.2357200e+05   3.6499023e+01
   9.2360100e+05   3.7841797e+01
   9.2367600e+05   3.7170410e+01
   9.2369700e+05   4.6691895e+01
   9.2373100e+05   3.6193848e+01
   9.2437000e+05   4.0039063e+01
   9.6316900e+05   4.0405273e+01
   9.8654700e+05   5.0292969e+01
   9.8781900e+05   4.1748047e+01
   9.8815400e+05   3.8696289e+01
   1.0175200e+06   5.2856445e+01
   1.0186970e+06   3.8818359e+01
   1.0249390e+06   5.5175781e+01
   1.0250030e+06   4.7912598e+01
   1.0251370e+06   3.9184570e+01
   1.0252720e+06   3.5522461e+01
   1.0253660e+06   4.3212891e+01
   1.0254540e+06   3.8330078e+01
   1.0257170e+06   4.2724609e+01
   1.0257380e+06   3.7658691e+01
   1.0258170e+06   3.5827637e+01
   1.0262710e+06   3.8391113e+01
   1.0556020e+06   4.7363281e+01
   1.0556480e+06   3.8452148e+01
   1.0557030e+06   3.6560059e+01
   1.0557690e+06   3.8452148e+01
   1.0558870e+06   6.2377930e+01
   1.0559360e+06   3.9916992e+01
   1.0560070e+06   3.6865234e+01
   1.0561730e+06   3.7597656e+01
   1.0562450e+06   3.6071777e+01
   1.0563460e+06   3.5583496e+01
   1.0571430e+06   4.1198730e+01
   1.0791000e+06   4.1442871e+01
   1.0938400e+06   4.3823242e+01
   1.0944270e+06   4.4006348e+01
   1.0948810e+06   3.6376953e+01
   1.0965340e+06   4.4189453e+01
   1.0968520e+06   3.6987305e+01
   1.0969420e+06   4.7302246e+01
   1.1001020e+06   4.2541504e+01
   1.1302810e+06   4.7302246e+01
   1.1377400e+06   4.3212891e+01
   1.1555050e+06   4.5898437e+01
   1.1581810e+06   4.1625977e+01
   1.1844280e+06   4.3518066e+01
   1.1848470e+06   3.6071777e+01
   1.1848810e+06   3.6682129e+01
   1.1849070e+06   3.6743164e+01
   1.1849280e+06   3.6987305e+01
   1.1849950e+06   3.5461426e+01
   1.1850270e+06   4.0588379e+01
   1.1851070e+06   4.3029785e+01
   1.1942190e+06   3.9550781e+01
   1.1943190e+06   3.7963867e+01
   1.1943900e+06   4.9865723e+01
   1.1945690e+06   4.0466309e+01
   1.1946470e+06   3.5949707e+01
   1.1948340e+06   3.5522461e+01
   1.1949900e+06   4.0344238e+01
   1.1952530e+06   4.2297363e+01
   1.1959800e+06   3.6743164e+01
   1.2471660e+06   3.6743164e+01
   1.2473730e+06   4.0344238e+01
   1.2474450e+06   4.4738770e+01
   1.2477200e+06   3.9001465e+01
   1.2485980e+06   4.1564941e+01
   1.2486100e+06   3.7841797e+01
   1.2489330e+06   3.6193848e+01
   1.2493920e+06   3.5766602e+01
   1.2494440e+06   3.6193848e+01
   1.2757110e+06   4.1870117e+01
   1.2992170e+06   4.1809082e+01
   1.2992860e+06   3.5766602e+01
   1.2994190e+06   5.7739258e+01
   1.2995760e+06   4.6264648e+01
   1.2997030e+06   4.9804688e+01
   1.2997980e+06   4.6325684e+01
   1.2999300e+06   4.1381836e+01
   1.3000440e+06   3.6865234e+01
   1.3002080e+06   4.8461914e+01
   1.3642750e+06   4.3029785e+01
   1.3648890e+06   4.7607422e+01
   1.3660100e+06   4.1870117e+01
   1.3666270e+06   4.5593262e+01
   1.3671170e+06   3.8146973e+01
   1.3680240e+06   3.9245605e+01
   1.3973010e+06   4.2724609e+01
   1.4162530e+06   5.1818848e+01
   1.4163160e+06   5.2673340e+01
   1.4163780e+06   4.8278809e+01
   1.4164320e+06   5.3039551e+01
   1.4165080e+06   3.8879395e+01
   1.4165290e+06   5.0598145e+01
   1.4166360e+06   5.2856445e+01
   1.4166490e+06   4.9255371e+01
   1.4167130e+06   3.8330078e+01
   1.4167620e+06   4.9743652e+01
   1.4168500e+06   4.4494629e+01
   1.4168720e+06   3.5461426e+01
   1.4175050e+06   3.7658691e+01
   1.4826730e+06   4.4311523e+01
   1.4827950e+06   4.2175293e+01
   1.4985730e+06   5.2368164e+01
   1.4986490e+06   4.6447754e+01
   1.4987110e+06   4.6630859e+01
   1.4988020e+06   3.9733887e+01
   1.4989640e+06   3.9489746e+01
   1.4994630e+06   5.0598145e+01
   1.4997270e+06   3.6071777e+01
   1.5653060e+06   4.6203613e+01
   1.5659990e+06   4.4738770e+01
   1.5661670e+06   3.5705566e+01
   1.5663690e+06   3.6865234e+01
   1.5671220e+06   4.7302246e+01
   1.5673030e+06   4.0649414e+01
   1.5673870e+06   3.6560059e+01
   1.5681510e+06   4.0405273e+01
   1.5684110e+06   3.9550781e+01
   1.6167640e+06   4.1137695e+01
   1.6234940e+06   3.8024902e+01
   1.6236500e+06   4.9987793e+01
   1.6237210e+06   4.8889160e+01
   1.6238130e+06   4.0283203e+01
   1.6238280e+06   6.6833496e+01
   1.6239960e+06   4.6997070e+01
   1.6240190e+06   3.8330078e+01
   1.6241430e+06   4.3395996e+01
   1.6241850e+06   3.5522461e+01
   1.6242250e+06   4.1137695e+01
   1.6242660e+06   3.6315918e+01
   1.6243130e+06   3.9489746e+01
   1.6243310e+06   3.9184570e+01
   1.6572290e+06   4.5837402e+01
   1.6678910e+06   5.0720215e+01
   1.6679210e+06   3.5461426e+01
   1.6679920e+06   5.6884766e+01
   1.6680590e+06   3.6132813e+01
   1.6680760e+06   3.6437988e+01
   1.6681520e+06   3.5644531e+01
   1.6682320e+06   5.6640625e+01
   1.6688310e+06   3.6132813e+01
   1.6690690e+06   3.6682129e+01
   1.6694360e+06   3.5644531e+01
   1.7255710e+06   4.0771484e+01
   1.7261340e+06   4.6386719e+01
   1.7265210e+06   3.7963867e+01
   1.7269880e+06   3.7292480e+01
   1.7280220e+06   3.8696289e+01
   1.7293290e+06   4.4067383e+01
   1.7460470e+06   3.9550781e+01
   1.7703480e+06   4.0161133e+01
   1.7980700e+06   4.1687012e+01
   1.8189760e+06   5.0109863e+01
   1.8191660e+06   3.6071777e+01
   1.8199520e+06   4.4982910e+01
   1.8245610e+06   4.2785645e+01
   1.8246540e+06   3.9001465e+01
   1.8248060e+06   3.8757324e+01
   1.8248700e+06   4.6997070e+01
   1.8248950e+06   3.5461426e+01
   1.8250070e+06   4.8950195e+01
   1.8250240e+06   3.8208008e+01
   1.8250660e+06   4.0222168e+01
   1.8251310e+06   3.7292480e+01
   1.8251450e+06   6.3232422e+01
   1.8251870e+06   4.0649414e+01
   1.8252720e+06   4.0954590e+01
   1.8253680e+06   3.6071777e+01
   1.8413220e+06   4.2236328e+01
   1.8413570e+06   3.6926270e+01
   1.8414910e+06   5.6701660e+01
   1.8415180e+06   3.7780762e+01
   1.8416760e+06   6.4636230e+01
   1.8416890e+06   4.5593262e+01
   1.8417120e+06   4.4555664e+01
   1.8417930e+06   3.6560059e+01
   1.8418250e+06   3.7475586e+01
   1.8418430e+06   4.5776367e+01
   1.8419060e+06   3.6376953e+01
   1.8420170e+06   4.2907715e+01
   1.8421290e+06   4.1137695e+01
   1.8423320e+06   4.1503906e+01
   1.8439430e+06   3.5522461e+01
   1.8948710e+06   4.1137695e+01
   1.8957360e+06   4.0222168e+01
   1.8970340e+06   5.3710938e+01
   1.8971450e+06   4.1564941e+01
   1.8971840e+06   5.8166504e+01
   1.8971940e+06   3.9855957e+01
   1.8973060e+06   4.3579102e+01
   1.8975480e+06   4.2297363e+01
   1.8979220e+06   3.8330078e+01
   1.8981320e+06   3.9123535e+01
   1.8988860e+06   3.5644531e+01
   1.9007430e+06   3.9489746e+01
   1.9014830e+06   3.9733887e+01
   1.9310760e+06   4.0161133e+01
   1.9451280e+06   4.3701172e+01
   1.9566530e+06   3.5583496e+01
   1.9582090e+06   3.9733887e+01
   1.9787930e+06   4.2663574e+01
   1.9825930e+06   4.2053223e+01
   1.9826120e+06   4.1320801e+01
   1.9826750e+06   4.0161133e+01
   1.9826920e+06   4.3945313e+01
   1.9828280e+06   3.6560059e+01
   1.9828790e+06   3.9611816e+01
   1.9829650e+06   3.7841797e+01
   1.9830150e+06   3.7780762e+01
   1.9830510e+06   5.0476074e+01
   1.9831150e+06   3.9306641e+01
   1.9832390e+06   4.6752930e+01
   1.9833080e+06   4.1870117e+01
   1.9833620e+06   3.6865234e+01
   1.9937060e+06   3.9916992e+01
   2.0693000e+06   3.6926270e+01
   2.0714390e+06   3.8208008e+01
   2.0714810e+06   3.6193848e+01
   2.0715070e+06   4.5593262e+01
   2.0715580e+06   4.0222168e+01
   2.0716440e+06   3.7780762e+01
   2.0718850e+06   3.5705566e+01
   2.0719540e+06   3.5644531e+01
   2.0720050e+06   5.0964355e+01
   2.0725420e+06   4.8522949e+01
   2.1150860e+06   4.2419434e+01
   2.1151920e+06   4.2114258e+01
   2.1152870e+06   4.1015625e+01
   2.1153900e+06   4.6325684e+01
   2.1154180e+06   3.7048340e+01
   2.1155340e+06   3.9489746e+01
   2.1155990e+06   3.8818359e+01
   2.1157090e+06   3.7048340e+01
   2.1157750e+06   4.1259766e+01
   2.1168100e+06   3.6499023e+01
   2.1493610e+06   4.0100098e+01
   2.1495340e+06   3.9428711e+01
   2.1495710e+06   4.5166016e+01
   2.1498440e+06   4.1564941e+01
   2.1506260e+06   4.1015625e+01
   2.1511650e+06   4.3457031e+01
   2.1545260e+06   4.2358398e+01
   2.1545790e+06   4.4372559e+01
   2.1546040e+06   4.7058105e+01
   2.1546990e+06   3.7841797e+01
   2.1549190e+06   3.5949707e+01
   2.1549730e+06   4.3273926e+01
   2.1551610e+06   3.6804199e+01
   2.1553890e+06   3.6376953e+01
   2.1566680e+06   3.7963867e+01
   2.2293170e+06   4.5715332e+01
   2.2294600e+06   3.9794922e+01
   2.2295540e+06   3.5583496e+01
   2.2297190e+06   5.8471680e+01
   2.2301500e+06   3.6254883e+01
   2.2727970e+06   3.9001465e+01
   2.2855810e+06   4.6325684e+01
   2.2856400e+06   4.6447754e+01
   2.2859060e+06   4.3518066e+01
   2.2862690e+06   4.0222168e+01
   2.2921810e+06   4.0283203e+01
   2.3086240e+06   4.4250488e+01
   2.3087090e+06   5.0842285e+01
   2.3088290e+06   3.8513184e+01
   2.3088750e+06   3.5522461e+01
   2.3092820e+06   3.7170410e+01
   2.3101480e+06   4.1442871e+01
   2.3232260e+06   4.7973633e+01
   2.3430050e+06   4.3945313e+01
   2.3460690e+06   3.6499023e+01
   2.3461590e+06   4.8828125e+01
   2.3461910e+06   4.9133301e+01
   2.3462510e+06   3.9611816e+01
   2.3462960e+06   4.1748047e+01
   2.3463520e+06   4.7180176e+01
   2.3464170e+06   4.7302246e+01
   2.3465570e+06   3.8696289e+01
   2.3465790e+06   4.0283203e+01
   2.3466020e+06   3.7902832e+01
   2.3466710e+06   4.6142578e+01
   2.3467340e+06   3.5705566e+01
   2.3495690e+06   4.5227051e+01
   2.3900400e+06   4.5410156e+01
   2.4017050e+06   4.2175293e+01
   2.4017980e+06   5.1391602e+01
   2.4018700e+06   3.7597656e+01
   2.4019650e+06   4.1137695e+01
   2.4020610e+06   3.5522461e+01
   2.4025730e+06   4.1870117e+01
   2.4029800e+06   3.9306641e+01
   2.4032190e+06   3.6010742e+01
   2.4037750e+06   3.7841797e+01
   2.4038140e+06   4.1748047e+01
   2.4470830e+06   4.6020508e+01
   2.4618520e+06   4.4250488e+01
   2.4618660e+06   4.7424316e+01
   2.4619140e+06   4.0954590e+01
   2.4619680e+06   4.7729492e+01
   2.4620340e+06   3.9184570e+01
   2.4621990e+06   4.1442871e+01
   2.4622210e+06   5.3710938e+01
   2.4623340e+06   4.9560547e+01
   2.4623610e+06   4.0344238e+01
   2.4623790e+06   3.7170410e+01
   2.4624400e+06   3.5949707e+01
   2.4624990e+06   3.8330078e+01
   2.4625550e+06   4.2175293e+01
   2.4626160e+06   4.1076660e+01
   2.4626480e+06   3.5827637e+01
   2.4627740e+06   3.8146973e+01
   2.5086060e+06   3.8574219e+01
   2.5115500e+06   4.4921875e+01
   2.5115610e+06   3.9855957e+01
   2.5116230e+06   3.8085938e+01
   2.5117350e+06   3.9672852e+01
   2.5118730e+06   3.6071777e+01
   2.5122170e+06   3.7353516e+01
   2.5123020e+06   3.7536621e+01
   2.5136280e+06   3.7292480e+01
   2.5359100e+06   4.0893555e+01
   2.5385220e+06   4.7973633e+01
   2.5390240e+06   4.3273926e+01
   2.5393150e+06   4.3945313e+01
   2.5397530e+06   4.0344238e+01
   2.5406510e+06   3.7963867e+01
   2.5796640e+06   4.2175293e+01
   2.5813530e+06   3.6621094e+01
   2.5888280e+06   5.2124023e+01
   2.5888630e+06   4.0222168e+01
   2.5888930e+06   3.6682129e+01
   2.5889980e+06   6.0852051e+01
   2.5891270e+06   3.6682129e+01
   2.5892740e+06   3.6010742e+01
   2.5892880e+06   3.8269043e+01
   2.5893130e+06   3.8024902e+01
   2.5893530e+06   4.0222168e+01
   2.5893660e+06   3.8757324e+01
   2.5894370e+06   3.7048340e+01
   2.5895290e+06   3.5705566e+01
   2.5895650e+06   3.5644531e+01
   2.6395090e+06   4.6508789e+01
   2.6420380e+06   4.5410156e+01
   2.6423890e+06   4.2480469e+01
   2.6424200e+06   4.4738770e+01
   2.6427270e+06   4.6386719e+01
   2.6546540e+06   4.1992188e+01
   2.6790210e+06   4.6813965e+01
   2.6791080e+06   3.9978027e+01
   2.6791250e+06   3.8574219e+01
   2.6792340e+06   3.7719727e+01
   2.6793850e+06   3.6682129e+01
   2.6795190e+06   3.6132813e+01
   2.6796260e+06   3.9184570e+01
   2.6796900e+06   4.3884277e+01
   2.6797300e+06   4.1748047e+01
   2.6803640e+06   3.8696289e+01
   2.7318330e+06   5.4321289e+01
   2.7319580e+06   3.6254883e+01
   2.7324040e+06   3.8513184e+01
   2.7328690e+06   3.7170410e+01
   2.7335570e+06   4.2053223e+01
   2.7470900e+06   4.1931152e+01
   2.7627680e+06   3.9306641e+01
   2.7647010e+06   4.6630859e+01
   2.7649250e+06   6.0974121e+01
   2.7650220e+06   4.3884277e+01
   2.7650610e+06   3.8330078e+01
   2.7651200e+06   3.6193848e+01
   2.7653140e+06   3.9184570e+01
   2.7653940e+06   3.6499023e+01
   2.7654060e+06   3.5644531e+01
   2.7654680e+06   3.7231445e+01
   2.7654990e+06   3.6804199e+01
   2.7655810e+06   3.5888672e+01
   2.7656150e+06   3.6926270e+01
   2.8170010e+06   4.3090820e+01
   2.8171920e+06   4.1259766e+01
   2.8172920e+06   3.7780762e+01
   2.8177940e+06   3.7170410e+01
   2.8186250e+06   5.0537109e+01
   2.8488880e+06   4.0039063e+01
   2.8491470e+06   3.7231445e+01
   2.8496230e+06   4.3273926e+01
   2.8516690e+06   3.5461426e+01
   2.8694720e+06   5.1574707e+01
   2.8695290e+06   4.2968750e+01
   2.8695510e+06   3.6254883e+01
   2.8697150e+06   3.8940430e+01
   2.8698740e+06   3.9550781e+01
   2.8699600e+06   3.9428711e+01
   2.8700460e+06   3.9855957e+01
   2.8702300e+06   3.8513184e+01
   2.8702460e+06   3.9245605e+01
   2.9278300e+06   3.9855957e+01
   2.9285400e+06   3.8879395e+01
   2.9299340e+06   4.5410156e+01
   2.9302630e+06   3.5827637e+01
   2.9305150e+06   3.6865234e+01
   2.9309030e+06   4.6997070e+01
   2.9430530e+06   4.1381836e+01
   2.9432980e+06   3.9428711e+01
   2.9433250e+06   3.7231445e+01
   2.9442540e+06   4.2541504e+01
   2.9446140e+06   3.5949707e+01
   2.9462170e+06   4.0405273e+01
   2.9583890e+06   4.4860840e+01
   2.9646960e+06   5.0842285e+01
   2.9648010e+06   4.4616699e+01
   2.9650900e+06   3.8146973e+01
   2.9651400e+06   3.5888672e+01
   2.9652130e+06   3.9245605e+01
   2.9653300e+06   3.7902832e+01
   2.9653670e+06   3.8391113e+01
   2.9654010e+06   4.6081543e+01
   2.9655250e+06   3.5644531e+01
   2.9655900e+06   4.9804688e+01
   2.9656780e+06   4.2297363e+01
   2.9657990e+06   3.9978027e+01
   2.9658570e+06   3.6560059e+01
   3.0064890e+06   5.4504395e+01
   3.0254400e+06   4.4433594e+01
   3.0293660e+06   4.3762207e+01
   3.0470090e+06   5.8593750e+01
   3.0470550e+06   3.9123535e+01
   3.0471120e+06   3.8146973e+01
   3.0471990e+06   3.7475586e+01
   3.0472120e+06   4.6264648e+01
   3.0473380e+06   3.6132813e+01
   3.0473740e+06   5.5725098e+01
   3.0474480e+06   3.6254883e+01
   3.0474600e+06   3.7292480e+01
   3.0475000e+06   4.0649414e+01
   3.0475380e+06   4.0954590e+01
   3.0943040e+06   4.4006348e+01
   3.0943940e+06   3.5583496e+01
   3.0949720e+06   3.7841797e+01
   3.0953520e+06   3.9001465e+01
   3.0964940e+06   5.0964355e+01
   3.0978000e+06   4.0771484e+01
   3.0978890e+06   3.5766602e+01
   3.0979250e+06   6.7138672e+01
   3.0979720e+06   3.6743164e+01
   3.0980430e+06   3.5522461e+01
   3.0983180e+06   3.9855957e+01
   3.0983450e+06   3.6926270e+01
   3.0984400e+06   5.0659180e+01
   3.0985620e+06   4.1931152e+01
   3.0988870e+06   3.8940430e+01
   3.1185240e+06   4.1320801e+01
   3.1533970e+06   3.6071777e+01
   3.1549440e+06   4.2175293e+01
   3.1636330e+06   4.6997070e+01
   3.1638870e+06   3.9550781e+01
   3.1639030e+06   4.3945313e+01
   3.1640030e+06   3.6926270e+01
   3.1641640e+06   3.7902832e+01
   3.1642800e+06   3.6437988e+01
   3.1643270e+06   4.6020508e+01
   3.1644590e+06   3.8269043e+01
   3.2021340e+06   3.9916992e+01
   3.2022430e+06   3.5583496e+01
   3.2023980e+06   4.3334961e+01
   3.2024240e+06   4.0405273e+01
   3.2028470e+06   3.9611816e+01
   3.2031110e+06   3.6926270e+01
   3.2036170e+06   4.9865723e+01
   3.2309380e+06   5.4748535e+01
   3.2309530e+06   4.0832520e+01
   3.2309790e+06   5.0415039e+01
   3.2310510e+06   3.7109375e+01
   3.2310930e+06   3.7292480e+01
   3.2312250e+06   4.0832520e+01
   3.2312430e+06   4.0893555e+01
   3.2313320e+06   6.0424805e+01
   3.2314390e+06   3.5949707e+01
   3.2314870e+06   5.2429199e+01
   3.2315780e+06   3.9367676e+01
   3.2317620e+06   3.7109375e+01
   3.2730570e+06   3.9001465e+01
   3.2735180e+06   4.0893555e+01
   3.2742360e+06   4.0222168e+01
   3.2742760e+06   3.9794922e+01
   3.2748180e+06   4.3762207e+01
   3.2753450e+06   3.7719727e+01
   3.2874940e+06   4.2846680e+01
   3.2991860e+06   3.7353516e+01
   3.3006700e+06   4.3334961e+01
   3.3023760e+06   3.7109375e+01
   3.3024140e+06   3.7719727e+01
   3.3024870e+06   3.6499023e+01
   3.3025270e+06   3.6621094e+01
   3.3025670e+06   3.5949707e+01
   3.3026040e+06   4.0649414e+01
   3.3026920e+06   3.6499023e+01
   3.3027550e+06   4.8156738e+01
   3.3028300e+06   3.6987305e+01
   3.3028760e+06   4.1381836e+01
   3.3029670e+06   3.9001465e+01
   3.3030200e+06   4.8583984e+01
   3.3031150e+06   4.3090820e+01
   3.3483980e+06   3.7109375e+01
   3.3545830e+06   4.2785645e+01
   3.3546380e+06   4.4982910e+01
   3.3546660e+06   3.8818359e+01
   3.3547270e+06   3.9489746e+01
   3.3548590e+06   3.8330078e+01
   3.3550090e+06   3.5888672e+01
   3.3550570e+06   3.6621094e+01
   3.3551440e+06   3.6376953e+01
   3.3552010e+06   4.2785645e+01
   3.3976710e+06   3.8757324e+01
   3.3979640e+06   4.4067383e+01
   3.3981970e+06   3.9611816e+01
   3.3990890e+06   3.9733887e+01
   3.3994530e+06   3.7841797e+01
   3.4073490e+06   3.8513184e+01
   3.4270110e+06   4.2968750e+01
   3.4281950e+06   3.5705566e+01
   3.4312170e+06   3.7780762e+01
   3.4448190e+06   3.8940430e+01
   3.4451810e+06   5.0109863e+01
   3.4453240e+06   3.5522461e+01
   3.4457180e+06   4.0893555e+01
   3.4465290e+06   3.9550781e+01
   3.4702570e+06   3.8513184e+01
   3.4774900e+06   4.1809082e+01
   3.4775030e+06   3.8452148e+01
   3.4777490e+06   4.0283203e+01
   3.4781280e+06   4.0832520e+01
   3.4783420e+06   3.9428711e+01
   3.4783620e+06   3.6376953e+01
   3.4785100e+06   4.2480469e+01
   3.4786220e+06   3.6804199e+01
   3.4787220e+06   4.3151855e+01
   3.4788060e+06   4.1076660e+01
   3.4789070e+06   4.8706055e+01
   3.4790310e+06   4.8400879e+01
   3.4795410e+06   3.9794922e+01
   3.4934770e+06   4.5593262e+01
   3.5130060e+06   4.7241211e+01
   3.5131740e+06   3.9184570e+01
   3.5135230e+06   4.0222168e+01
   3.5140190e+06   4.1320801e+01
   3.5140740e+06   3.7475586e+01
   3.5142170e+06   3.9611816e+01
   3.5145350e+06   4.2907715e+01
   3.5157660e+06   4.3884277e+01
   3.5339110e+06   4.4433594e+01
   3.5340620e+06   4.2724609e+01
   3.5356790e+06   3.5766602e+01
   3.5452480e+06   6.8420410e+01
   3.5453550e+06   3.7475586e+01
   3.5454810e+06   3.8391113e+01
   3.5455690e+06   4.1320801e+01
   3.5456570e+06   4.1259766e+01
   3.5459120e+06   3.8146973e+01
   3.5473160e+06   3.7963867e+01
   3.5612270e+06   3.6499023e+01
   3.5729830e+06   3.7902832e+01
   3.5731410e+06   4.0283203e+01
   3.5918840e+06   3.9428711e+01
   3.5926790e+06   4.1809082e+01
   3.5930950e+06   3.7231445e+01
   3.5933660e+06   3.6437988e+01
   3.5939020e+06   3.9367676e+01
   3.5942000e+06   3.5461426e+01
   3.5943830e+06   3.6926270e+01
   3.5945770e+06   3.9733887e+01
   3.5950250e+06   3.7414551e+01
   3.6223440e+06   3.6682129e+01
   3.6326680e+06   4.2175293e+01
   3.6327230e+06   5.5358887e+01
   3.6328250e+06   3.5461426e+01
   3.6329160e+06   3.9733887e+01
   3.6330280e+06   5.1269531e+01
   3.6330600e+06   3.8818359e+01
   3.6331700e+06   3.7353516e+01
   3.6331820e+06   4.2724609e+01
   3.6332190e+06   4.4616699e+01
   3.6333140e+06   3.7109375e+01
   3.6333470e+06   3.5949707e+01
   3.6461840e+06   4.0588379e+01
   3.6557150e+06   4.8095703e+01
   3.6562310e+06   4.9011230e+01
   3.6570740e+06   3.9245605e+01
   3.6573890e+06   3.6193848e+01
   3.6574090e+06   3.8879395e+01
   3.6577040e+06   3.7414551e+01
   3.6727700e+06   5.2612305e+01
   3.6792360e+06   4.4921875e+01
   3.6793250e+06   5.4321289e+01
   3.6793470e+06   3.9611816e+01
   3.6794990e+06   4.1503906e+01
   3.6795280e+06   5.3222656e+01
   3.6796780e+06   4.7302246e+01
   3.6797550e+06   3.7353516e+01
   3.6801820e+06   3.8940430e+01
   3.6813810e+06   3.6254883e+01
   3.7293210e+06   3.7109375e+01
   3.7388630e+06   4.3945313e+01
   3.7389220e+06   5.1086426e+01
   3.7389500e+06   3.9550781e+01
   3.7389960e+06   3.7536621e+01
   3.7391320e+06   4.1381836e+01
   3.7392310e+06   3.7231445e+01
   3.7393370e+06   4.2602539e+01
   3.7394570e+06   3.7780762e+01
   3.7394830e+06   3.8940430e+01
   3.7395710e+06   3.5827637e+01
   3.7840510e+06   4.3457031e+01
   3.7842690e+06   3.6621094e+01
   3.7846090e+06   3.7231445e+01
   3.7851060e+06   3.5949707e+01
   3.7868550e+06   3.9978027e+01
   3.7984170e+06   4.5166016e+01
   3.8106120e+06   4.0100098e+01
   3.8329360e+06   7.0434570e+01
   3.8329620e+06   3.6010742e+01
   3.8330750e+06   4.0283203e+01
   3.8330890e+06   3.9672852e+01
   3.8332440e+06   3.5583496e+01
   3.8333710e+06   3.6560059e+01
   3.8333930e+06   3.8085938e+01
   3.8334260e+06   3.6010742e+01
   3.8334400e+06   5.0476074e+01
   3.8335370e+06   3.6804199e+01
   3.8335620e+06   3.6010742e+01
   3.8335750e+06   4.0344238e+01
   3.8342510e+06   3.5583496e+01
   3.8744950e+06   4.0222168e+01
   3.8816170e+06   4.4799805e+01
   3.8824910e+06   4.3823242e+01
   3.8828270e+06   3.9245605e+01
   3.8828510e+06   3.5522461e+01
   3.8841330e+06   3.8879395e+01
   3.8997420e+06   4.7180176e+01
   3.9332090e+06   4.0771484e+01
   3.9334140e+06   3.7780762e+01
   3.9334890e+06   4.9316406e+01
   3.9335260e+06   3.6315918e+01
   3.9335630e+06   4.8828125e+01
   3.9336290e+06   4.1870117e+01
   3.9336500e+06   3.7963867e+01
   3.9337820e+06   3.6193848e+01
   3.9340510e+06   3.6376953e+01
   3.9356930e+06   3.6437988e+01
   3.9763650e+06   4.1992188e+01
   3.9764430e+06   5.1452637e+01
   3.9765520e+06   3.8696289e+01
   3.9766780e+06   4.0649414e+01
   3.9767110e+06   3.8024902e+01
   3.9768730e+06   3.6071777e+01
   3.9772720e+06   4.5837402e+01
   3.9775490e+06   3.6560059e+01
   3.9781610e+06   4.2663574e+01
   4.0029300e+06   3.5949707e+01
   4.0036720e+06   3.8635254e+01
   4.0045060e+06   4.4189453e+01
   4.0050510e+06   3.9123535e+01
   4.0387500e+06   4.8583984e+01
   4.0388020e+06   4.2053223e+01
   4.0390440e+06   4.5227051e+01
   4.0391280e+06   4.3518066e+01
   4.0391660e+06   4.5288086e+01
   4.0392660e+06   3.9306641e+01
   4.0392890e+06   4.6569824e+01
   4.0393560e+06   4.3762207e+01
   4.0395660e+06   3.6193848e+01
   4.0397900e+06   4.3273926e+01
   4.0409980e+06   3.7048340e+01
   4.0589210e+06   4.3212891e+01
   4.0798230e+06   4.0344238e+01
   4.0806330e+06   3.8757324e+01
   4.0990780e+06   4.2175293e+01
   4.1011200e+06   4.8217773e+01
   4.1011900e+06   4.2419434e+01
   4.1012340e+06   4.1687012e+01
   4.1012460e+06   4.4555664e+01
   4.1013040e+06   4.1137695e+01
   4.1013830e+06   3.9245605e+01
   4.1015120e+06   3.9062500e+01
   4.1016140e+06   3.8757324e+01
   4.1016290e+06   4.9255371e+01
   4.1017300e+06   4.8583984e+01
   4.1018730e+06   3.9306641e+01
   4.1228520e+06   3.6682129e+01
   4.1229680e+06   4.5532227e+01
   4.1230560e+06   3.7597656e+01
   4.1230690e+06   3.5766602e+01
   4.1233500e+06   4.9743652e+01
   4.1235890e+06   4.0466309e+01
   4.1238810e+06   3.6437988e+01
   4.1241430e+06   4.4433594e+01
   4.1251160e+06   3.8452148e+01
   4.1374750e+06   4.3395996e+01
   4.1376070e+06   4.6081543e+01
   4.1376280e+06   3.9001465e+01
   4.1376900e+06   4.1076660e+01
   4.1377610e+06   4.9865723e+01
   4.1378880e+06   3.6315918e+01
   4.1380760e+06   3.6926270e+01
   4.1381700e+06   3.6621094e+01
   4.1382540e+06   3.5461426e+01
   4.1385090e+06   3.8757324e+01
   4.1386620e+06   3.7536621e+01
   4.1521040e+06   3.6560059e+01
   4.1632360e+06   3.9428711e+01
   4.1632460e+06   3.5705566e+01
   4.1634290e+06   3.5827637e+01
   4.1634750e+06   3.9001465e+01
   4.1635510e+06   3.5522461e+01
   4.1635970e+06   3.9184570e+01
   4.1636700e+06   3.5888672e+01
   4.1637310e+06   4.3823242e+01
   4.1638570e+06   3.8269043e+01
   4.1644100e+06   3.6437988e+01
   4.1997680e+06   4.0344238e+01
   4.2000150e+06   3.7231445e+01
   4.2002440e+06   3.8330078e+01
   4.2009470e+06   3.6132813e+01
   4.2012850e+06   3.9367676e+01
   4.2018720e+06   4.5715332e+01
   4.2026280e+06   3.9611816e+01
   4.2223480e+06   4.3212891e+01
   4.2404360e+06   4.7912598e+01
   4.2434270e+06   4.4189453e+01
   4.2451550e+06   3.7902832e+01
   4.2629070e+06   3.8940430e+01
   4.2629230e+06   3.5644531e+01
   4.2631740e+06   4.4128418e+01
   4.2633590e+06   4.4616699e+01
   4.2634060e+06   4.0039063e+01
   4.2634520e+06   3.8696289e+01
   4.2636510e+06   5.3527832e+01
   4.2637030e+06   3.8208008e+01
   4.2638360e+06   3.6071777e+01
   4.2640130e+06   3.6865234e+01
   4.2641060e+06   4.4921875e+01
   4.2641560e+06   5.2062988e+01
   4.2642350e+06   3.9794922e+01
   4.2802110e+06   4.1015625e+01
   4.2803480e+06   3.9672852e+01
   4.2806960e+06   3.9794922e+01
   4.2901640e+06   3.7048340e+01
   4.3008750e+06   4.4189453e+01
   4.3009040e+06   3.8757324e+01
   4.3010170e+06   3.9855957e+01
   4.3014600e+06   3.5583496e+01
   4.3130460e+06   3.7292480e+01
   4.3131430e+06   3.9245605e+01
   4.3136910e+06   3.8024902e+01
   4.3252430e+06   4.2236328e+01
   4.3339240e+06   3.6682129e+01
   4.3340500e+06   3.9794922e+01
   4.3460760e+06   5.9814453e+01
   4.3461980e+06   3.9184570e+01
   4.3464620e+06   4.4250488e+01
   4.3466020e+06   3.6437988e+01
   4.3466470e+06   4.3945313e+01
   4.3468560e+06   5.1818848e+01
   4.3468920e+06   3.5583496e+01
   4.3469840e+06   3.8574219e+01
   4.3973060e+06   4.0710449e+01
   4.3975100e+06   3.6071777e+01
   4.3980290e+06   3.6010742e+01
   4.3986460e+06   3.7658691e+01
   4.4122460e+06   4.1564941e+01
   4.4192240e+06   5.1879883e+01
   4.4194600e+06   3.8818359e+01
   4.4196400e+06   3.6621094e+01
   4.4199990e+06   3.5583496e+01
   4.4201760e+06   3.7231445e+01
   4.4212790e+06   3.9245605e+01
   4.4392840e+06   5.1452637e+01
   4.4481060e+06   4.0283203e+01
   4.4481480e+06   3.8757324e+01
   4.4481810e+06   4.0100098e+01
   4.4482870e+06   4.5043945e+01
   4.4483290e+06   4.8339844e+01
   4.4484210e+06   3.8330078e+01
   4.4486170e+06   3.9367676e+01
   4.4487070e+06   3.8146973e+01
   4.4487740e+06   3.6621094e+01
   4.4488450e+06   4.2236328e+01
   4.4492810e+06   3.8452148e+01
   4.4574780e+06   4.6691895e+01
   4.4639350e+06   3.6499023e+01
   4.4640970e+06   3.9306641e+01
   4.4643300e+06   4.4128418e+01
   4.4657190e+06   4.4006348e+01
   4.5040780e+06   4.3823242e+01
   4.5245250e+06   3.8146973e+01
   4.5375760e+06   3.7841797e+01
   4.5474060e+06   5.1330566e+01
   4.5474920e+06   3.8513184e+01
   4.5475480e+06   3.7414551e+01
   4.5476070e+06   4.8034668e+01
   4.5477050e+06   3.8085938e+01
   4.5477850e+06   4.5593262e+01
   4.5478310e+06   4.0771484e+01
   4.5479660e+06   3.6376953e+01
   4.5480030e+06   5.2734375e+01
   4.5481470e+06   3.6254883e+01
   4.5481760e+06   3.6010742e+01
   4.5483230e+06   4.0527344e+01
   4.5618060e+06   3.6132813e+01
   4.5618530e+06   3.6743164e+01
   4.5619080e+06   4.1992188e+01
   4.5620390e+06   3.6499023e+01
   4.5620890e+06   4.6325684e+01
   4.5622040e+06   4.6752930e+01
   4.5622440e+06   3.5705566e+01
   4.5820850e+06   3.9489746e+01
   4.5987120e+06   4.4189453e+01
   4.6102420e+06   3.7292480e+01
   4.6171750e+06   4.9133301e+01
   4.6174730e+06   4.5593262e+01
   4.6190850e+06   3.8879395e+01
   4.6201650e+06   4.0283203e+01
   4.6226950e+06   4.3640137e+01
   4.6228860e+06   3.5583496e+01
   4.6338890e+06   3.9672852e+01
   4.6340200e+06   3.9062500e+01
   4.6344960e+06   3.5766602e+01
   4.6454650e+06   3.7658691e+01
   4.6455770e+06   3.6315918e+01
   4.6456530e+06   4.1137695e+01
   4.6458890e+06   3.6743164e+01
   4.6459250e+06   4.0100098e+01
   4.6459910e+06   3.9184570e+01
   4.6460100e+06   4.0710449e+01
   4.6460290e+06   3.6804199e+01
   4.6460610e+06   3.9184570e+01
   4.6461710e+06   4.5104980e+01
   4.6462930e+06   3.5583496e+01
   4.6616750e+06   3.6071777e+01
   4.6617770e+06   3.7170410e+01
   4.6618190e+06   4.5349121e+01
   4.6618420e+06   4.0344238e+01
   4.6619620e+06   3.9611816e+01
   4.6620920e+06   4.5349121e+01
   4.6621060e+06   4.1625977e+01
   4.6621330e+06   4.4799805e+01
   4.6624620e+06   3.8513184e+01
   4.6635310e+06   3.8879395e+01
   4.7306870e+06   3.8757324e+01
   4.7313050e+06   4.0405273e+01
   4.7313360e+06   3.5522461e+01
   4.7315590e+06   4.5654297e+01
   4.7315890e+06   3.8940430e+01
   4.7316030e+06   3.7658691e+01
   4.7317330e+06   3.8146973e+01
   4.7318040e+06   3.6193848e+01
   4.7319380e+06   3.7963867e+01
   4.7320220e+06   4.5104980e+01
   4.7914400e+06   3.8452148e+01
   4.7924350e+06   4.3029785e+01
   4.7927610e+06   3.9550781e+01
   4.7927730e+06   4.3151855e+01
   4.7936220e+06   4.0832520e+01
   4.8020540e+06   4.5227051e+01
   4.8021440e+06   3.6437988e+01
   4.8021940e+06   3.8696289e+01
   4.8023010e+06   3.8208008e+01
   4.8024350e+06   4.1320801e+01
   4.8239360e+06   4.4067383e+01
   4.8242500e+06   3.6682129e+01
   4.8243830e+06   5.6518555e+01
   4.8246520e+06   3.9855957e+01
   4.8247550e+06   3.6987305e+01
   4.8252100e+06   3.7597656e+01
   4.8376590e+06   4.1625977e+01
   4.8474220e+06   3.9672852e+01
   4.8474690e+06   4.1992188e+01
   4.8474980e+06   4.0283203e+01
   4.8475750e+06   3.8085938e+01
   4.8476070e+06   3.6071777e+01
   4.8477190e+06   4.6386719e+01
   4.8477440e+06   3.7109375e+01
   4.8478090e+06   4.0405273e+01
   4.8480150e+06   5.4870605e+01
   4.8480380e+06   3.7475586e+01
   4.8734190e+06   3.5461426e+01
   4.8931900e+06   3.7353516e+01
   4.9146480e+06   4.3334961e+01
   4.9158760e+06   3.6437988e+01
   4.9164070e+06   4.0283203e+01
   4.9165860e+06   4.3701172e+01
   4.9238710e+06   4.5410156e+01
   4.9239510e+06   3.6926270e+01
   4.9241750e+06   3.8513184e+01
   4.9242770e+06   5.2185059e+01
   4.9243940e+06   3.8757324e+01
   4.9246010e+06   3.5522461e+01
   4.9246500e+06   3.7353516e+01
   4.9247980e+06   3.7292480e+01
   4.9250050e+06   3.9794922e+01
   4.9671110e+06   4.2175293e+01
   4.9675960e+06   4.1320801e+01
   4.9751870e+06   5.1086426e+01
   4.9752340e+06   4.4555664e+01
   4.9754910e+06   4.0405273e+01
   4.9755730e+06   4.0466309e+01
   4.9757300e+06   3.6865234e+01
   4.9757410e+06   3.8635254e+01
   4.9757800e+06   3.8208008e+01
   4.9757940e+06   3.6499023e+01
   4.9759480e+06   4.0100098e+01
   4.9759780e+06   3.6865234e+01
   4.9760320e+06   3.6926270e+01
   4.9761450e+06   3.9306641e+01
   5.0122860e+06   4.0649414e+01
   5.0123430e+06   4.5288086e+01
   5.0123940e+06   3.6071777e+01
   5.0125620e+06   3.9245605e+01
   5.0126600e+06   3.6926270e+01
   5.0128570e+06   3.7231445e+01
   5.0130100e+06   4.0466309e+01
   5.0132410e+06   3.9916992e+01
   5.0138070e+06   3.5949707e+01
   5.0383400e+06   4.7546387e+01
   5.0498610e+06   4.1992188e+01
   5.0502450e+06   3.6682129e+01
   5.0632590e+06   4.8706055e+01
   5.0633390e+06   4.0283203e+01
   5.0634280e+06   4.4616699e+01
   5.0634730e+06   3.9794922e+01
   5.0635470e+06   4.3457031e+01
   5.0637200e+06   3.9489746e+01
   5.0639370e+06   4.1320801e+01
   5.0639560e+06   4.1992188e+01
   5.0639800e+06   3.9123535e+01
   5.0640690e+06   5.0537109e+01
   5.0642460e+06   3.6865234e+01
   5.0737910e+06   3.8146973e+01
   5.0786600e+06   3.5461426e+01
   5.0941420e+06   3.9916992e+01
   5.1087650e+06   4.9804688e+01
   5.1089090e+06   3.6743164e+01
   5.1090860e+06   3.8940430e+01
   5.1091670e+06   3.7780762e+01
   5.1099830e+06   3.9001465e+01
   5.1108010e+06   4.1809082e+01
   5.1159570e+06   4.3518066e+01
   5.1160770e+06   3.6193848e+01
   5.1161360e+06   3.9062500e+01
   5.1162380e+06   3.7292480e+01
   5.1165030e+06   3.7719727e+01
   5.1166150e+06   5.5175781e+01
   5.1166790e+06   3.5705566e+01
   5.1167510e+06   4.1198730e+01
   5.1175880e+06   3.9306641e+01
   5.1940970e+06   4.6691895e+01
   5.1942160e+06   4.0466309e+01
   5.1949900e+06   4.4311523e+01
   5.2042180e+06   3.6804199e+01
   5.2042350e+06   4.0832520e+01
   5.2046070e+06   3.6926270e+01
   5.2046790e+06   3.9550781e+01
   5.2048600e+06   4.1137695e+01
   5.2048800e+06   3.5949707e+01
   5.2049640e+06   5.8593750e+01
   5.2050250e+06   3.6865234e+01
   5.2050470e+06   4.1748047e+01
   5.2193330e+06   3.9978027e+01
   5.2193450e+06   3.9245605e+01
   5.2193900e+06   4.0283203e+01
   5.2194300e+06   4.0832520e+01
   5.2195950e+06   3.9428711e+01
   5.2197240e+06   3.8085938e+01
   5.2197730e+06   4.0222168e+01
   5.2197980e+06   3.7902832e+01
   5.2199370e+06   4.8889160e+01
   5.2204320e+06   3.7048340e+01
   5.2356910e+06   4.1809082e+01
   5.2358980e+06   3.9855957e+01
   5.2359900e+06   3.7414551e+01
   5.2360180e+06   3.8024902e+01
   5.2361900e+06   4.2175293e+01
   5.2363460e+06   3.8208008e+01
   5.2365030e+06   4.1503906e+01
   5.2366610e+06   3.7048340e+01
   5.2369210e+06   3.7597656e+01
   5.3015430e+06   4.9316406e+01
   5.3016130e+06   3.6865234e+01
   5.3019910e+06   3.5583496e+01
   5.3025860e+06   3.9855957e+01
   5.3029600e+06   3.6010742e+01
   5.3187810e+06   3.7414551e+01
   5.3282250e+06   4.3945313e+01
   5.3287560e+06   5.2978516e+01
   5.3292160e+06   3.8818359e+01
   5.3301270e+06   3.5705566e+01
   5.3772500e+06   4.2724609e+01
   5.3911380e+06   4.8278809e+01
   5.3912210e+06   3.9184570e+01
   5.3912900e+06   3.9367676e+01
   5.3914240e+06   4.2602539e+01
   5.3915330e+06   4.3701172e+01
   5.3915520e+06   3.7048340e+01
   5.3916760e+06   3.5766602e+01
   5.3916950e+06   3.5583496e+01
   5.3918210e+06   3.7536621e+01
   5.3919050e+06   3.7597656e+01
   5.4616360e+06   4.7790527e+01
   5.4617780e+06   3.7902832e+01
   5.4634670e+06   4.6203613e+01
   5.4635020e+06   4.9438477e+01
   5.4637920e+06   3.8208008e+01
   5.4641210e+06   3.9306641e+01
   5.4895220e+06   4.2236328e+01
   5.4997830e+06   4.2663574e+01
   5.5002640e+06   4.2053223e+01
   5.5004510e+06   4.7180176e+01
   5.5009700e+06   3.7963867e+01
   5.5010210e+06   4.4189453e+01
   5.5011350e+06   3.6376953e+01
   5.5014890e+06   4.1931152e+01
   5.5668970e+06   4.7424316e+01
   5.5793730e+06   3.8940430e+01
   5.5794060e+06   4.8645020e+01
   5.5795080e+06   4.2968750e+01
   5.5796090e+06   4.4738770e+01
   5.5797140e+06   4.0527344e+01
   5.5797870e+06   4.8889160e+01
   5.5799200e+06   3.5522461e+01
   5.5799850e+06   3.6315918e+01
   5.5800640e+06   4.2724609e+01
   5.5800990e+06   3.7414551e+01
   5.5801640e+06   3.9855957e+01
   5.5802910e+06   3.6071777e+01
   5.6033220e+06   3.5644531e+01
   5.6097590e+06   4.1442871e+01
   5.6098000e+06   3.6926270e+01
   5.6103050e+06   3.6865234e+01
   5.6112590e+06   3.8940430e+01
   5.6252880e+06   3.5888672e+01
   5.6254070e+06   4.4250488e+01
   5.6280050e+06   3.7597656e+01
   5.6283520e+06   4.0710449e+01
   5.6302930e+06   4.1320801e+01
   5.6551650e+06   4.3151855e+01
   5.6669260e+06   3.7780762e+01
   5.6670120e+06   4.3823242e+01
   5.6670400e+06   3.9367676e+01
   5.6672160e+06   4.1076660e+01
   5.6676250e+06   3.8024902e+01
   5.6677260e+06   3.5522461e+01
   5.6677370e+06   3.5644531e+01
   5.6681280e+06   3.7353516e+01
   5.6683430e+06   3.6621094e+01
   5.6844580e+06   4.1564941e+01
   5.6845110e+06   4.2114258e+01
   5.6847120e+06   3.9428711e+01
   5.6848850e+06   3.7719727e+01
   5.6849690e+06   4.7729492e+01
   5.6852660e+06   3.8208008e+01
   5.6854650e+06   3.8024902e+01
   5.6855000e+06   3.7719727e+01
   5.6861490e+06   3.6926270e+01
   5.7006350e+06   4.9865723e+01
   5.7007300e+06   4.7363281e+01
   5.7008410e+06   4.4128418e+01
   5.7008740e+06   4.3640137e+01
   5.7010180e+06   3.6254883e+01
   5.7012510e+06   4.7851563e+01
   5.7013320e+06   3.9733887e+01
   5.7016190e+06   4.1503906e+01
   5.7022220e+06   4.1687012e+01
   5.7023190e+06   4.3273926e+01
   5.7026190e+06   4.0466309e+01
   5.7029110e+06   3.5522461e+01
   5.7034890e+06   4.2602539e+01
   5.7189560e+06   4.4799805e+01
   5.7191070e+06   4.1870117e+01
   5.7318510e+06   4.8278809e+01
   5.7319630e+06   4.5593262e+01
   5.7334930e+06   4.0771484e+01
   5.7338920e+06   3.5461426e+01
   5.7341930e+06   3.7048340e+01
   5.7342260e+06   4.1748047e+01
   5.7348400e+06   3.8024902e+01
   5.7644840e+06   3.9245605e+01
   5.7645770e+06   4.0283203e+01
   5.7648020e+06   3.8024902e+01
   5.7648930e+06   4.4250488e+01
   5.7649540e+06   4.1687012e+01
   5.7650970e+06   3.7963867e+01
   5.7651130e+06   4.7058105e+01
   5.7652130e+06   4.0466309e+01
   5.7652790e+06   3.6804199e+01
   5.7655360e+06   3.7109375e+01
   5.8150340e+06   4.7241211e+01
   5.8154470e+06   3.7780762e+01
   5.8185490e+06   4.4067383e+01
   5.8187350e+06   3.8024902e+01
   5.8188190e+06   3.6193848e+01
   5.8335760e+06   4.9499512e+01
   5.8505700e+06   4.2663574e+01
   5.8535120e+06   4.6691895e+01
   5.8537770e+06   3.6071777e+01
   5.8540410e+06   3.9611816e+01
   5.8540510e+06   4.6203613e+01
   5.8728520e+06   5.2001953e+01
   5.8729040e+06   3.6621094e+01
   5.8729640e+06   4.0405273e+01
   5.8730930e+06   4.6936035e+01
   5.8731750e+06   3.5888672e+01
   5.8731970e+06   3.9489746e+01
   5.8732800e+06   4.1809082e+01
   5.8733840e+06   4.4738770e+01
   5.8734710e+06   4.1198730e+01
   5.8755730e+06   3.8330078e+01
   5.8834760e+06   3.6132813e+01
   5.9245960e+06   4.4372559e+01
   5.9362530e+06   3.6499023e+01
   5.9363150e+06   3.6743164e+01
   5.9364260e+06   4.4128418e+01
   5.9365070e+06   3.7109375e+01
   5.9365930e+06   4.1625977e+01
   5.9852110e+06   3.6743164e+01
   5.9853460e+06   3.7597656e+01
   5.9856550e+06   4.2114258e+01
   5.9865870e+06   4.3334961e+01
   5.9883760e+06   4.3212891e+01
   5.9888400e+06   4.3945313e+01
   5.9888620e+06   3.9001465e+01
   5.9889090e+06   4.1320801e+01
   5.9889350e+06   4.1625977e+01
   5.9889650e+06   4.2419434e+01
   5.9890640e+06   5.1513672e+01
   5.9892230e+06   3.6315918e+01
   5.9893380e+06   4.0344238e+01
   5.9893490e+06   3.5949707e+01
   5.9893780e+06   3.8940430e+01
   5.9895010e+06   3.6071777e+01
   5.9895240e+06   4.0893555e+01
   5.9896300e+06   3.9001465e+01
   6.0265230e+06   4.1259766e+01
   6.0272080e+06   4.7119141e+01
   6.0572120e+06   4.9133301e+01
   6.0574280e+06   3.6071777e+01
   6.0574770e+06   3.7109375e+01
   6.0575360e+06   3.6437988e+01
   6.0576820e+06   5.0170898e+01
   6.0577770e+06   4.3029785e+01
   6.0578060e+06   4.4006348e+01
   6.0578440e+06   3.9184570e+01
   6.0579430e+06   3.7109375e+01
   6.0861200e+06   3.8452148e+01
   6.1150250e+06   3.9794922e+01
   6.1184390e+06   3.7109375e+01
   6.1187970e+06   3.9855957e+01
   6.1189620e+06   3.6682129e+01
   6.1194850e+06   4.0222168e+01
   6.1272960e+06   4.7424316e+01
   6.1273300e+06   3.6010742e+01
   6.1274420e+06   3.8452148e+01
   6.1274790e+06   4.5837402e+01
   6.1275290e+06   4.7973633e+01
   6.1276390e+06   3.7414551e+01
   6.1277540e+06   3.6743164e+01
   6.1278070e+06   3.7963867e+01
   6.1278570e+06   3.9978027e+01
   6.1278990e+06   4.0649414e+01
   6.1279100e+06   5.0415039e+01
   6.1279550e+06   3.6376953e+01
   6.1464530e+06   3.5644531e+01
   6.1468430e+06   3.8574219e+01
   6.1628290e+06   4.1870117e+01
   6.1854670e+06   3.5522461e+01
   6.1945240e+06   4.2114258e+01
   6.1946350e+06   3.6804199e+01
   6.2089350e+06   3.7475586e+01
   6.2096540e+06   4.3273926e+01
   6.2099530e+06   4.0649414e+01
   6.2105010e+06   4.1442871e+01
   6.2131100e+06   4.5349121e+01
   6.2132200e+06   4.0283203e+01
   6.2132690e+06   3.6926270e+01
   6.2133590e+06   4.4067383e+01
   6.2136180e+06   4.7119141e+01
   6.2136380e+06   4.8095703e+01
   6.2136780e+06   3.7231445e+01
   6.2137600e+06   4.2968750e+01
   6.2138390e+06   3.6926270e+01
   6.2138700e+06   3.6437988e+01
   6.2467530e+06   4.3701172e+01
   6.2622070e+06   4.3273926e+01
   6.2623120e+06   3.8757324e+01
   6.2623580e+06   3.6254883e+01
   6.2624930e+06   4.1198730e+01
   6.2627350e+06   3.9489746e+01
   6.2632520e+06   3.6010742e+01
   6.2801200e+06   4.0588379e+01
   6.2802700e+06   3.6499023e+01
   6.2803080e+06   4.1748047e+01
   6.2803580e+06   3.8024902e+01
   6.2805350e+06   3.6376953e+01
   6.2805720e+06   4.5471191e+01
   6.2807160e+06   5.9448242e+01
   6.2809360e+06   4.9926758e+01
   6.2812660e+06   4.1687012e+01
   6.2813090e+06   4.6325684e+01
   6.2815060e+06   3.5766602e+01
   6.3236070e+06   4.5471191e+01
   6.3241470e+06   3.7963867e+01
   6.3247180e+06   3.6743164e+01
   6.3249830e+06   4.8156738e+01
   6.3252740e+06   3.9550781e+01
   6.3260570e+06   3.8818359e+01
   6.3261870e+06   4.4006348e+01
   6.3263450e+06   3.7353516e+01
   6.3264410e+06   4.0527344e+01
   6.3265420e+06   3.5949707e+01
   6.3265790e+06   4.0771484e+01
   6.3266200e+06   3.6682129e+01
   6.3266790e+06   4.2785645e+01
   6.3267540e+06   3.9611816e+01
   6.3267820e+06   3.6132813e+01
   6.3268110e+06   4.2480469e+01
   6.3269340e+06   3.6437988e+01
   6.3285800e+06   3.7780762e+01
   6.3777030e+06   3.5705566e+01
   6.3941410e+06   4.0527344e+01
   6.3948810e+06   4.0832520e+01
   6.3951430e+06   4.4799805e+01
   6.3953790e+06   5.0659180e+01
   6.3966090e+06   4.0954590e+01
   6.4011300e+06   3.8146973e+01
   6.4063130e+06   4.1870117e+01
   6.4123590e+06   4.5532227e+01
   6.4124380e+06   3.8574219e+01
   6.4503100e+06   4.8767090e+01
   6.4548270e+06   4.4006348e+01
   6.4580580e+06   4.0588379e+01
   6.4773570e+06   4.2053223e+01
   6.4774460e+06   4.3579102e+01
   6.5014750e+06   3.9001465e+01
   6.5138380e+06   4.1625977e+01
   6.5139140e+06   3.8085938e+01
   6.5141000e+06   5.6213379e+01
   6.5143830e+06   3.5644531e+01
   6.5144230e+06   4.5776367e+01
   6.5144630e+06   3.8146973e+01
   6.5145010e+06   3.6621094e+01
   6.5145250e+06   3.6132813e+01
   6.5145500e+06   3.5644531e+01
   6.5145640e+06   4.1381836e+01
   6.5146320e+06   3.6376953e+01
   6.5146610e+06   3.6560059e+01
   6.5342880e+06   4.4494629e+01
   6.5347070e+06   3.6560059e+01
   6.5492150e+06   3.9794922e+01
   6.5652430e+06   3.9184570e+01
   6.5656210e+06   3.9306641e+01
   6.5657230e+06   3.6743164e+01
   6.5666000e+06   3.7292480e+01
   6.5669560e+06   3.6621094e+01
   6.5673170e+06   3.6071777e+01
   6.5835080e+06   4.7119141e+01
   6.5835470e+06   3.9611816e+01
   6.5835820e+06   3.7658691e+01
   6.5836540e+06   3.7536621e+01
   6.5836790e+06   4.7668457e+01
   6.5838380e+06   3.9733887e+01
   6.5839990e+06   3.9367676e+01
   6.5841030e+06   4.3945313e+01
   6.5843660e+06   3.8024902e+01
   6.6087610e+06   3.6804199e+01
   6.6434080e+06   3.9123535e+01
   6.6595610e+06   4.5043945e+01
   6.7039850e+06   4.4860840e+01
   6.7043430e+06   3.9123535e+01
   6.7046660e+06   4.9743652e+01
   6.7048780e+06   3.6132813e+01
   6.7059280e+06   4.6997070e+01
   6.7087180e+06   3.9611816e+01
   6.7481990e+06   3.7841797e+01
   6.7482630e+06   4.7729492e+01
   6.7483260e+06   3.9794922e+01
   6.7484880e+06   3.7536621e+01
   6.7486090e+06   4.4128418e+01
   6.7486730e+06   3.6437988e+01
   6.7487820e+06   3.7902832e+01
   6.7488450e+06   3.7475586e+01
   6.7488600e+06   3.9489746e+01
   6.7489210e+06   3.8085938e+01
   6.7489810e+06   3.5644531e+01
   6.7490010e+06   3.8574219e+01
   6.7490950e+06   4.1259766e+01
   6.7495730e+06   3.6315918e+01
   6.7497380e+06   3.9978027e+01
   6.7500910e+06   3.8208008e+01
   6.7685730e+06   3.9184570e+01
   6.7926090e+06   3.9672852e+01
   6.8113880e+06   4.4128418e+01
   6.8466010e+06   4.6020508e+01
   6.8468970e+06   3.8635254e+01
   6.8470860e+06   3.8818359e+01
   6.8472450e+06   3.8757324e+01
   6.8474980e+06   3.8452148e+01
   6.8486730e+06   4.0283203e+01
   6.8571120e+06   3.8269043e+01
   6.8571810e+06   3.6071777e+01
   6.8572980e+06   4.0161133e+01
   6.8574220e+06   4.9560547e+01
   6.8574390e+06   3.5461426e+01
   6.8576530e+06   4.5471191e+01
   6.8577160e+06   3.6376953e+01
   6.8577940e+06   3.7719727e+01
   6.8578790e+06   4.7180176e+01
   6.8579880e+06   4.3029785e+01
   6.8750050e+06   4.6630859e+01
   6.8750710e+06   3.8208008e+01
   6.8751040e+06   3.5766602e+01
   6.8753180e+06   3.9489746e+01
   6.8753440e+06   4.1503906e+01
   6.8753690e+06   3.6499023e+01
   6.8754330e+06   3.5827637e+01
   6.8754550e+06   4.6447754e+01
   6.8755660e+06   4.8217773e+01
   6.8756060e+06   3.8879395e+01
   6.8756890e+06   4.9804688e+01
   6.9097800e+06   5.5175781e+01
   6.9098430e+06   3.7597656e+01
   6.9099700e+06   4.0344238e+01
   6.9100800e+06   4.2785645e+01
   6.9101690e+06   4.4738770e+01
   6.9101870e+06   4.8522949e+01
   6.9103850e+06   3.5644531e+01
   6.9105680e+06   4.0466309e+01
   6.9106800e+06   3.6193848e+01
   6.9107820e+06   3.8452148e+01
   6.9108510e+06   3.5827637e+01
   6.9111070e+06   3.6804199e+01
   6.9186150e+06   4.8278809e+01
   6.9186490e+06   4.0344238e+01
   6.9186790e+06   4.0832520e+01
   6.9187090e+06   4.5166016e+01
   6.9187480e+06   3.7536621e+01
   6.9187700e+06   5.5541992e+01
   6.9188000e+06   5.1086426e+01
   6.9188930e+06   3.7231445e+01
   6.9191080e+06   3.9428711e+01
   6.9191340e+06   3.9245605e+01
   6.9192480e+06   4.2480469e+01
   6.9194080e+06   3.7414551e+01
   6.9194250e+06   4.1564941e+01
   6.9197340e+06   3.7780762e+01
   6.9210890e+06   4.2724609e+01
   6.9218340e+06   4.5166016e+01
   6.9562650e+06   3.8940430e+01
   6.9691700e+06   3.9428711e+01
   6.9692720e+06   5.9265137e+01
   6.9694420e+06   3.5827637e+01
   6.9697000e+06   4.3518066e+01
   6.9697280e+06   3.6743164e+01
   6.9698010e+06   3.6193848e+01
   6.9698320e+06   3.7902832e+01
   6.9700490e+06   4.1625977e+01
   7.0241550e+06   4.0222168e+01
   7.0249950e+06   4.2663574e+01
   7.0271710e+06   4.2724609e+01
   7.0273510e+06   3.7353516e+01
   7.0277900e+06   4.2419434e+01
   7.0278590e+06   3.7536621e+01
   7.0278750e+06   4.4616699e+01
   7.0280140e+06   3.6010742e+01
   7.0280240e+06   4.1687012e+01
   7.0732870e+06   4.3884277e+01
   7.0734240e+06   3.9672852e+01
   7.1089850e+06   4.3823242e+01
   7.1124070e+06   4.6203613e+01
   7.1347180e+06   4.4067383e+01
   7.1381690e+06   4.6875000e+01
   7.1400890e+06   3.8024902e+01
   7.1401780e+06   4.2236328e+01
   7.1402490e+06   4.0893555e+01
   7.1404910e+06   4.0344238e+01
   7.1409030e+06   3.9611816e+01
   7.1412480e+06   4.1870117e+01
   7.1429640e+06   4.3457031e+01
   7.1709370e+06   3.6315918e+01
   7.1709660e+06   4.2968750e+01
   7.1710510e+06   3.7780762e+01
   7.1712190e+06   4.6447754e+01
   7.1715170e+06   4.0588379e+01
   7.1716300e+06   4.4372559e+01
   7.1716970e+06   3.7414551e+01
   7.1717650e+06   3.5583496e+01
   7.1717830e+06   4.2602539e+01
   7.1718190e+06   3.7475586e+01
   7.1718570e+06   4.8217773e+01
   7.1718790e+06   3.8391113e+01
   7.1719440e+06   3.9184570e+01
   7.1845160e+06   4.3762207e+01
   7.1846630e+06   4.2236328e+01
   7.1849290e+06   3.6254883e+01
   7.1850480e+06   4.0100098e+01
   7.1852030e+06   3.9794922e+01
   7.1852460e+06   3.6865234e+01
   7.1852830e+06   3.5827637e+01
   7.1853710e+06   3.6132813e+01
   7.1982430e+06   3.8696289e+01
   7.1983150e+06   4.3518066e+01
   7.1983320e+06   4.7973633e+01
   7.1985000e+06   4.7241211e+01
   7.1988150e+06   4.1687012e+01
   7.1989320e+06   3.5644531e+01
   7.1991670e+06   3.7902832e+01
   7.1993970e+06   3.9855957e+01
   7.2130060e+06   3.8513184e+01
   7.2131080e+06   3.9794922e+01
   7.2131440e+06   3.7048340e+01
   7.2132120e+06   3.7109375e+01
   7.2132830e+06   3.6926270e+01
   7.2135960e+06   3.5827637e+01
   7.2141940e+06   3.5949707e+01
   7.2278480e+06   4.9743652e+01
   7.2279060e+06   4.0161133e+01
   7.2279560e+06   4.2968750e+01
   7.2280890e+06   5.2001953e+01
   7.2281630e+06   3.7231445e+01
   7.2282260e+06   3.7719727e+01
   7.2286940e+06   3.5461426e+01
   7.2292950e+06   3.5522461e+01
   7.2303830e+06   3.7963867e+01
   7.2312040e+06   4.2785645e+01
   7.2317100e+06   3.9184570e+01
   7.2721060e+06   3.5888672e+01
   7.2723470e+06   3.7048340e+01
   7.2725410e+06   3.9916992e+01
   7.2728640e+06   4.2846680e+01
   7.3131740e+06   5.1635742e+01
   7.3133180e+06   5.0109863e+01
   7.3136470e+06   3.8085938e+01
   7.3137450e+06   3.6132813e+01
   7.3137720e+06   3.8391113e+01
   7.3138770e+06   4.1687012e+01
   7.3139370e+06   4.0527344e+01
   7.3139990e+06   3.6071777e+01
   7.3144750e+06   3.8574219e+01
   7.3282300e+06   3.8818359e+01
   7.3393970e+06   3.8513184e+01
   7.3398430e+06   3.6560059e+01
   7.3765970e+06   4.4921875e+01
   7.3794260e+06   3.8024902e+01
   7.4132990e+06   4.6569824e+01
   7.4134400e+06   3.5705566e+01
   7.4134840e+06   4.0161133e+01
   7.4137800e+06   3.7414551e+01
   7.4141130e+06   4.3090820e+01
   7.4145080e+06   3.5888672e+01
   7.4342790e+06   3.8269043e+01
   7.4470230e+06   4.0344238e+01
   7.4470580e+06   5.3100586e+01
   7.4473760e+06   4.0222168e+01
   7.4478530e+06   4.8339844e+01
   7.4482990e+06   4.4189453e+01
   7.4501680e+06   4.0100098e+01
   7.4749510e+06   4.5410156e+01
   7.4982120e+06   3.9550781e+01
   7.4989110e+06   4.5837402e+01
   7.4992900e+06   3.8513184e+01
   7.5005080e+06   4.2724609e+01
   7.5149880e+06   3.7902832e+01
   7.5674430e+06   3.8208008e+01
   7.5675820e+06   4.6386719e+01
   7.5683280e+06   4.3395996e+01
   7.5683530e+06   4.5593262e+01
   7.5684820e+06   4.5227051e+01
   7.5686400e+06   3.6743164e+01
   7.5686790e+06   3.6071777e+01
   7.5689090e+06   4.7424316e+01
   7.5690570e+06   4.4677734e+01
   7.5691530e+06   3.6254883e+01
   7.5693770e+06   4.3823242e+01
   7.5695400e+06   3.6987305e+01
   7.5696630e+06   4.3884277e+01
   7.5697120e+06   3.7719727e+01
   7.5697350e+06   4.0405273e+01
   7.5697510e+06   4.2053223e+01
   7.5698340e+06   3.9245605e+01
   7.5698820e+06   3.6071777e+01
   7.5832140e+06   4.0161133e+01
   7.6081690e+06   4.6142578e+01
   7.6231850e+06   4.0710449e+01
   7.6451320e+06   5.0292969e+01
   7.6452160e+06   3.6132813e+01
   7.6469090e+06   4.1442871e+01
   7.6472150e+06   4.1137695e+01
   7.6478790e+06   3.9123535e+01
   7.6482400e+06   3.7353516e+01
   7.6485710e+06   3.6499023e+01
   7.6758880e+06   5.0170898e+01
   7.7069530e+06   4.7973633e+01
   7.7070290e+06   6.1584473e+01
   7.7071370e+06   3.7170410e+01
   7.7073690e+06   3.6376953e+01
   7.7076310e+06   3.8696289e+01
   7.7077770e+06   3.6010742e+01
   7.7078050e+06   3.6193848e+01
   7.7078320e+06   3.6254883e+01
   7.7078760e+06   4.1687012e+01
   7.7079290e+06   4.6813965e+01
   7.7079670e+06   4.4311523e+01
   7.7294960e+06   4.0527344e+01
   7.7295660e+06   3.5522461e+01
   7.7296390e+06   5.0537109e+01
   7.7297980e+06   4.8706055e+01
   7.7298120e+06   5.3588867e+01
   7.7300470e+06   3.9367676e+01
   7.7303710e+06   3.7780762e+01
   7.7305150e+06   3.7780762e+01
   7.7308040e+06   3.8146973e+01
   7.7313230e+06   3.9611816e+01
   7.7315650e+06   5.7678223e+01
   7.7526370e+06   4.4494629e+01
   7.7662090e+06   4.8583984e+01
   7.7685460e+06   4.5104980e+01
   7.7687410e+06   4.3640137e+01
   7.7688430e+06   3.8574219e+01
   7.7693270e+06   4.0466309e+01
   7.8119560e+06   4.0161133e+01
   7.8119990e+06   4.4799805e+01
   7.8122560e+06   3.5766602e+01
   7.8125360e+06   4.5043945e+01
   7.8125490e+06   3.6132813e+01
   7.8138310e+06   3.5827637e+01
   7.8143210e+06   3.7048340e+01
   7.8157440e+06   4.0039063e+01
   7.8184020e+06   3.6987305e+01
   7.8184460e+06   3.7048340e+01
   7.8184610e+06   4.2358398e+01
   7.8185540e+06   4.3701172e+01
   7.8185750e+06   3.6315918e+01
   7.8186300e+06   4.2480469e+01
   7.8186510e+06   4.1625977e+01
   7.8187560e+06   3.6621094e+01
   7.8188710e+06   3.7536621e+01
   7.8189330e+06   3.9245605e+01
   7.8189870e+06   4.0100098e+01
   7.8190280e+06   3.7536621e+01
   7.8206760e+06   3.5522461e+01
   7.8611020e+06   4.3090820e+01
   7.8611670e+06   4.5959473e+01
   7.8612490e+06   5.8349609e+01
   7.8613910e+06   4.5288086e+01
   7.8614900e+06   3.8574219e+01
   7.8616300e+06   3.9489746e+01
   7.8616710e+06   3.7109375e+01
   7.8617520e+06   3.9489746e+01
   7.8620570e+06   3.6254883e+01
   7.9113130e+06   4.3518066e+01
   7.9308310e+06   3.9978027e+01
   7.9315590e+06   4.3823242e+01
   7.9319220e+06   4.6997070e+01
   7.9334760e+06   4.4738770e+01
   7.9338550e+06   5.1330566e+01
   7.9462020e+06   5.3771973e+01
   7.9462770e+06   3.6132813e+01
   7.9463020e+06   5.9326172e+01
   7.9465100e+06   3.6193848e+01
   7.9466040e+06   3.7841797e+01
   7.9466700e+06   3.5766602e+01
   7.9469500e+06   3.6926270e+01
   7.9500210e+06   4.5593262e+01
   7.9728300e+06   4.6875000e+01
   7.9729710e+06   3.8269043e+01
   7.9730750e+06   3.7902832e+01
   7.9732110e+06   3.7536621e+01
   7.9738440e+06   3.6682129e+01
   7.9741190e+06   5.0415039e+01
   8.0074410e+06   5.5541992e+01
   8.0199110e+06   4.0771484e+01
   8.0199850e+06   3.6071777e+01
   8.0200330e+06   4.9621582e+01
   8.0202120e+06   4.2236328e+01
   8.0203510e+06   3.8696289e+01
   8.0205060e+06   3.7902832e+01
   8.0206640e+06   5.7434082e+01
   8.0208050e+06   3.6071777e+01
   8.0211940e+06   4.1931152e+01
   8.0212090e+06   4.6142578e+01
   8.0212960e+06   3.7902832e+01
   8.0218290e+06   4.2297363e+01
   8.0346060e+06   4.3273926e+01
   8.0346650e+06   3.9916992e+01
   8.0347140e+06   3.8024902e+01
   8.0347840e+06   3.7048340e+01
   8.0348580e+06   4.4189453e+01
   8.0351990e+06   4.6264648e+01
   8.0353060e+06   3.6376953e+01
   8.0353540e+06   4.2968750e+01
   8.0353760e+06   3.7048340e+01
   8.0354580e+06   4.4616699e+01
   8.0354760e+06   3.8574219e+01
   8.0355060e+06   4.4860840e+01
   8.0355970e+06   4.0954590e+01
   8.0356110e+06   3.6132813e+01
   8.0357740e+06   3.8330078e+01
   8.0502640e+06   3.7658691e+01
   8.0503460e+06   3.8269043e+01
   8.0504090e+06   5.2551270e+01
   8.0504340e+06   3.8574219e+01
   8.0505140e+06   3.6804199e+01
   8.0505400e+06   4.6691895e+01
   8.0505630e+06   3.7048340e+01
   8.0506460e+06   3.7963867e+01
   8.0506720e+06   4.2419434e+01
   8.0507800e+06   5.7128906e+01
   8.0508650e+06   4.7241211e+01
   8.0509800e+06   4.3640137e+01
   8.0512330e+06   3.7963867e+01
   8.0512940e+06   3.6804199e+01
   8.1123830e+06   3.9062500e+01
   8.1234270e+06   3.7963867e+01
   8.1236020e+06   4.9072266e+01
   8.1236980e+06   4.7241211e+01
   8.1238870e+06   4.5043945e+01
   8.1244900e+06   3.7353516e+01
   8.1283420e+06   4.1320801e+01
   8.1335820e+06   5.0048828e+01
   8.1481670e+06   3.9123535e+01
   8.1980260e+06   4.2053223e+01
   8.1987870e+06   4.2053223e+01
   8.2525930e+06   3.7719727e+01
   8.2531170e+06   3.7292480e+01
   8.2532610e+06   4.6264648e+01
   8.2534220e+06   3.5583496e+01
   8.2566270e+06   4.2968750e+01
   8.2568310e+06   3.5888672e+01
   8.2575660e+06   3.7414551e+01
   8.2661030e+06   4.7363281e+01
   8.2666000e+06   3.7231445e+01
   8.2666620e+06   4.5593262e+01
   8.2667710e+06   4.1625977e+01
   8.2668020e+06   3.7841797e+01
   8.2668990e+06   3.7902832e+01
   8.2669360e+06   3.9367676e+01
   8.2670980e+06   3.8879395e+01
   8.2671400e+06   4.1503906e+01
   8.2671510e+06   4.0466309e+01
   8.2671690e+06   3.6926270e+01
   8.2671960e+06   4.0283203e+01
   8.2672160e+06   4.4616699e+01
   8.2684300e+06   3.6071777e+01
   8.3329650e+06   4.7851563e+01
   8.3510430e+06   4.1198730e+01
   8.3510630e+06   3.9123535e+01
   8.3516700e+06   3.6743164e+01
   8.3517940e+06   4.1870117e+01
   8.3520390e+06   3.7597656e+01
   8.3529300e+06   4.2907715e+01
   8.3533260e+06   4.2419434e+01
   8.3781170e+06   3.9306641e+01
   8.3952820e+06   3.6804199e+01
   8.3953700e+06   4.5410156e+01
   8.3957400e+06   4.7790527e+01
   8.3961270e+06   3.8879395e+01
   8.3966960e+06   3.9978027e+01
   8.3970490e+06   4.4189453e+01
   8.4123090e+06   4.6447754e+01
   8.4516040e+06   4.1870117e+01
   8.4517730e+06   3.8818359e+01
   8.4520550e+06   3.5705566e+01
   8.4552100e+06   4.3090820e+01
   8.4827870e+06   4.2236328e+01
   8.5002050e+06   4.4799805e+01
   8.5025950e+06   5.2551270e+01
   8.5088460e+06   3.8574219e+01
   8.5098580e+06   4.2663574e+01
   8.5141590e+06   4.1625977e+01
   8.5406210e+06   4.8828125e+01
   8.5427860e+06   3.5644531e+01
   8.5438630e+06   3.5766602e+01
   8.5440120e+06   3.7719727e+01
   8.5442110e+06   4.0649414e+01
   8.5442880e+06   4.3151855e+01
   8.5444670e+06   4.2541504e+01
   8.5448230e+06   4.2907715e+01
   8.5454250e+06   3.9978027e+01
   8.5523550e+06   4.1870117e+01
   8.5561730e+06   3.6132813e+01
   8.5562390e+06   3.6193848e+01
   8.5563260e+06   4.0893555e+01
   8.5570060e+06   3.8635254e+01
   8.5570330e+06   4.8706055e+01
   8.5570520e+06   3.5705566e+01
   8.5571700e+06   3.5827637e+01
   8.5571910e+06   3.6499023e+01
   8.5572090e+06   3.6804199e+01
   8.5572500e+06   4.7241211e+01
   8.5574000e+06   3.5827637e+01
   8.5579830e+06   3.6010742e+01
   8.5901930e+06   4.5532227e+01
   8.6048280e+06   3.6865234e+01
   8.6131440e+06   4.9682617e+01
   8.6253650e+06   4.9316406e+01
   8.6254530e+06   4.2846680e+01
   8.6493140e+06   4.2297363e+01
   8.6673490e+06   4.7058105e+01
   8.6674740e+06   3.7841797e+01
   8.6799650e+06   3.9367676e+01
   8.7010480e+06   4.2968750e+01
   8.7015810e+06   4.1809082e+01
   8.7020580e+06   3.6682129e+01
   8.7025040e+06   4.5715332e+01
   8.7027700e+06   4.1809082e+01
   8.7619490e+06   4.3518066e+01
   8.7619960e+06   3.8391113e+01
   8.7620290e+06   3.9794922e+01
   8.7620680e+06   3.6010742e+01
   8.7621160e+06   3.8208008e+01
   8.7621330e+06   4.1015625e+01
   8.7621710e+06   4.9072266e+01
   8.7622100e+06   4.0039063e+01
   8.7622320e+06   4.1625977e+01
   8.7622560e+06   3.9428711e+01
   8.7622730e+06   4.2236328e+01
   8.7623610e+06   3.7170410e+01
   8.7623900e+06   4.0771484e+01
   8.7624240e+06   3.9062500e+01
   8.7624750e+06   4.1198730e+01
   8.7625000e+06   3.8269043e+01
   8.7856180e+06   3.5827637e+01
   8.7856320e+06   3.6132813e+01
   8.7856640e+06   3.8940430e+01
   8.7857220e+06   4.0954590e+01
   8.7858260e+06   4.4860840e+01
   8.7858540e+06   5.1574707e+01
   8.7859150e+06   4.5532227e+01
   8.7859710e+06   4.3884277e+01
   8.7861050e+06   3.9367676e+01
   8.7862170e+06   3.6926270e+01
   8.7862480e+06   4.5104980e+01
   8.7862810e+06   4.1137695e+01
   8.7863340e+06   4.3029785e+01
   8.7865320e+06   3.9367676e+01
   8.7867680e+06   4.1748047e+01
   8.7867930e+06   3.8696289e+01
   8.8405750e+06   4.2785645e+01
   8.8408060e+06   4.4494629e+01
   8.8410650e+06   4.3823242e+01
   8.8412850e+06   4.6203613e+01
   8.8414470e+06   4.0344238e+01
   8.8414610e+06   4.5593262e+01
   8.8416970e+06   4.2785645e+01
   8.8417140e+06   4.0649414e+01
   8.8418060e+06   3.8757324e+01
   8.8419230e+06   4.0466309e+01
   8.8861830e+06   4.2663574e+01
   8.8868020e+06   3.9062500e+01
   8.8871580e+06   3.6804199e+01
   8.8877390e+06   4.5715332e+01
   8.8898470e+06   4.4433594e+01
   8.9001060e+06   4.7302246e+01
   8.9001200e+06   3.7475586e+01
   8.9001900e+06   3.6254883e+01
   8.9002220e+06   5.0659180e+01
   8.9002900e+06   3.6193848e+01
   8.9003820e+06   3.9123535e+01
   8.9004110e+06   3.8879395e+01
   8.9004860e+06   3.6132813e+01
   8.9005310e+06   3.6254883e+01
   8.9005490e+06   3.7170410e+01
   8.9014620e+06   4.3640137e+01
   8.9644200e+06   3.6560059e+01
   8.9644380e+06   3.9245605e+01
   8.9644730e+06   3.7414551e+01
   8.9645060e+06   3.7719727e+01
   8.9645300e+06   3.7170410e+01
   8.9645830e+06   4.4677734e+01
   8.9647070e+06   3.8208008e+01
   8.9649120e+06   3.9611816e+01
   8.9649350e+06   3.6254883e+01
   8.9649560e+06   4.7607422e+01
   8.9650770e+06   3.7170410e+01
   8.9652300e+06   3.7231445e+01
   8.9653270e+06   3.5827637e+01
   8.9983490e+06   3.9978027e+01
   8.9987540e+06   3.9123535e+01
   9.0135950e+06   4.7241211e+01
   9.0259270e+06   4.6630859e+01
   9.0263320e+06   3.6682129e+01
   9.0267550e+06   4.5654297e+01
   9.0274340e+06   4.0222168e+01
   9.0289280e+06   3.8696289e+01
   9.0302460e+06   5.5419922e+01
   9.0302590e+06   3.6682129e+01
   9.0302990e+06   3.7353516e+01
   9.0303910e+06   6.3720703e+01
   9.0304890e+06   4.8522949e+01
   9.0305340e+06   3.7170410e+01
   9.0305970e+06   3.8940430e+01
   9.0306970e+06   3.6071777e+01
   9.0307260e+06   3.7048340e+01
   9.0309040e+06   3.7353516e+01
   9.0309450e+06   3.8635254e+01
   9.0411860e+06   3.6743164e+01
   9.0556830e+06   4.5166016e+01
   9.0719490e+06   5.1818848e+01
   9.0835330e+06   4.6081543e+01
   9.0836190e+06   4.3579102e+01
   9.0836610e+06   3.8818359e+01
   9.0836820e+06   3.6315918e+01
   9.0837070e+06   4.2907715e+01
   9.0838070e+06   3.7048340e+01
   9.0838910e+06   4.8767090e+01
   9.0839160e+06   3.7536621e+01
   9.0840310e+06   4.0771484e+01
   9.0840480e+06   3.9245605e+01
   9.0841290e+06   3.6804199e+01
   9.0841730e+06   3.7536621e+01
   9.0842020e+06   3.6804199e+01
   9.0842160e+06   3.7414551e+01
   9.0843360e+06   3.8940430e+01
   9.0850140e+06   3.8940430e+01
   9.1087590e+06   4.3579102e+01
   9.1088050e+06   3.9733887e+01
   9.1089180e+06   4.4799805e+01
   9.1089360e+06   3.5827637e+01
   9.1089930e+06   4.3334961e+01
   9.1090220e+06   3.8757324e+01
   9.1092000e+06   3.5766602e+01
   9.1092950e+06   4.3395996e+01
   9.1093360e+06   4.3884277e+01
   9.1093680e+06   3.5522461e+01
   9.1095240e+06   3.6376953e+01
   9.1101570e+06   4.1076660e+01
   9.1118070e+06   3.5705566e+01
   9.1467770e+06   3.8513184e+01
   9.1477000e+06   3.7902832e+01
   9.1480550e+06   4.5471191e+01
   9.1487630e+06   4.6569824e+01
   9.1640930e+06   4.5898438e+01
   9.1641510e+06   3.7475586e+01
   9.1643230e+06   4.4128418e+01
   9.1643590e+06   4.1992188e+01
   9.1645510e+06   4.2419434e+01
   9.1646630e+06   4.5715332e+01
   9.1647590e+06   3.6743164e+01
   9.1648340e+06   3.6254883e+01
   9.1648580e+06   3.6376953e+01
   9.1649560e+06   5.0598145e+01
   9.2239560e+06   4.2602539e+01
   9.2435470e+06   4.5959473e+01
   9.2435590e+06   5.6579590e+01
   9.2436560e+06   3.6499023e+01
   9.2437370e+06   4.5776367e+01
   9.2438500e+06   3.6621094e+01
   9.2438650e+06   4.1503906e+01
   9.2439370e+06   3.9489746e+01
   9.2439670e+06   3.8879395e+01
   9.2440820e+06   3.8574219e+01
   9.2441760e+06   4.3273926e+01
   9.2442210e+06   3.7292480e+01
   9.2442470e+06   3.7353516e+01
   9.2967290e+06   4.3029785e+01
   9.2972190e+06   3.9001465e+01
   9.2978360e+06   3.5461426e+01
   9.3298940e+06   5.0964355e+01
   9.3299630e+06   4.0039063e+01
   9.3300990e+06   5.4687500e+01
   9.3301110e+06   3.6987305e+01
   9.3302970e+06   3.5644531e+01
   9.3304590e+06   4.1198730e+01
   9.3305680e+06   3.6071777e+01
   9.3306540e+06   3.6376953e+01
   9.3307380e+06   3.9428711e+01
   9.3308310e+06   4.1687012e+01
   9.3471180e+06   4.0161133e+01
   9.3472120e+06   3.7414551e+01
   9.3472870e+06   4.0344238e+01
   9.3473850e+06   4.9804688e+01
   9.3475100e+06   3.7963867e+01
   9.3476750e+06   3.7536621e+01
   9.3476920e+06   4.6203613e+01
   9.3477090e+06   3.6071777e+01
   9.3477210e+06   4.4311523e+01
   9.3477690e+06   4.2907715e+01
   9.3479120e+06   3.8513184e+01
   9.3480560e+06   3.6315918e+01
   9.3930500e+06   4.6752930e+01
   9.3930880e+06   3.5522461e+01
   9.3931410e+06   3.6437988e+01
   9.3931860e+06   3.6499023e+01
   9.3932220e+06   3.8024902e+01
   9.3934000e+06   3.5583496e+01
   9.3937090e+06   3.5949707e+01
   9.3938160e+06   4.6691895e+01
   9.3938600e+06   4.2419434e+01
   9.4327400e+06   4.2053223e+01
   9.4328280e+06   3.8330078e+01
   9.4330120e+06   4.5288086e+01
   9.4330710e+06   4.2846680e+01
   9.4332560e+06   3.8085938e+01
   9.4332710e+06   4.2602539e+01
   9.4334900e+06   4.4921875e+01
   9.4650740e+06   3.5583496e+01
   9.4656580e+06   3.8635254e+01
   9.4657910e+06   4.2663574e+01
   9.4658710e+06   4.2968750e+01
   9.4659240e+06   3.5766602e+01
   9.4663140e+06   3.9306641e+01
   9.4663820e+06   5.2368164e+01
   9.4663980e+06   4.4189453e+01
   9.4665790e+06   3.9794922e+01
   9.4975870e+06   3.8818359e+01
   9.5116010e+06   4.3884277e+01
   9.5116530e+06   4.2968750e+01
   9.5118280e+06   4.2175293e+01
   9.5119740e+06   4.1381836e+01
   9.5120310e+06   4.2175293e+01
   9.5122320e+06   3.8574219e+01
   9.5123670e+06   4.0649414e+01
   9.5249770e+06   4.0832520e+01
   9.5250320e+06   3.7475586e+01
   9.5250760e+06   3.5461426e+01
   9.5251510e+06   4.8767090e+01
   9.5252790e+06   4.1564941e+01
   9.5254300e+06   5.6030273e+01
   9.5257650e+06   4.0161133e+01
   9.5259490e+06   4.0710449e+01
   9.5276870e+06   3.7292480e+01
   9.5535360e+06   4.5837402e+01
   9.5690060e+06   4.0466309e+01
   9.5695730e+06   4.0710449e+01
   9.5696350e+06   3.5827637e+01
   9.5708120e+06   3.8391113e+01
   9.5984190e+06   4.6813965e+01
   9.6406360e+06   4.5715332e+01
   9.6488260e+06   4.3029785e+01
   9.6584590e+06   4.3884277e+01
   9.6773770e+06   3.9550781e+01
   9.6774210e+06   4.0283203e+01
   9.7275020e+06   3.8085938e+01
   9.7276670e+06   3.9672852e+01
   9.7283840e+06   3.6132813e+01
   9.7287000e+06   4.2175293e+01
   9.7293590e+06   4.1015625e+01
   9.7557930e+06   4.6936035e+01
   9.7558790e+06   4.0222168e+01
   9.8297120e+06   4.1625977e+01
   9.8426210e+06   3.9550781e+01
   9.8428700e+06   4.8583984e+01
   9.8430360e+06   3.8696289e+01
   9.8433420e+06   3.5949707e+01
   9.8435680e+06   3.7780762e+01
   9.8436310e+06   3.9733887e+01
   9.8437210e+06   3.6621094e+01
   9.8437410e+06   4.1625977e+01
   9.8437960e+06   4.7119141e+01
   9.8438290e+06   5.8532715e+01
   9.8438580e+06   3.5766602e+01
   9.8439300e+06   4.2602539e+01
   9.8439510e+06   3.8513184e+01
   9.8439990e+06   3.5949707e+01
   9.8445710e+06   3.7597656e+01
   9.8587130e+06   4.2480469e+01
   9.8849240e+06   4.5959473e+01
   9.8988870e+06   3.7048340e+01
   9.9232270e+06   4.6875000e+01
   9.9236020e+06   4.3823242e+01
   9.9238770e+06   4.4189453e+01
   9.9239980e+06   3.6376953e+01
   9.9242240e+06   3.5888672e+01
   9.9250420e+06   4.2663574e+01
   9.9360680e+06   4.6325684e+01
   9.9488850e+06   3.8818359e+01
   9.9733510e+06   4.1625977e+01
   9.9953140e+06   4.7851563e+01
   1.0017784e+07   4.0466309e+01
   1.0028773e+07   4.1870117e+01
   1.0038813e+07   4.4738770e+01
   1.0038870e+07   4.4372559e+01
   1.0038892e+07   3.5644531e+01
   1.0038908e+07   4.0588379e+01
   1.0039210e+07   3.5827637e+01
   1.0039316e+07   4.1442871e+01
   1.0039361e+07   3.8024902e+01
   1.0039404e+07   3.8879395e+01
   1.0039448e+07   3.7109375e+01
   1.0039472e+07   4.5043945e+01
   1.0039579e+07   3.7902832e+01
   1.0050793e+07   4.1687012e+01
   1.0061586e+07   3.9001465e+01
   1.0061662e+07   4.5471191e+01
   1.0061733e+07   4.0344238e+01
   1.0061767e+07   5.3161621e+01
   1.0061822e+07   3.6560059e+01
   1.0061848e+07   4.7119141e+01
   1.0061872e+07   3.8146973e+01
   1.0061969e+07   3.8757324e+01
   1.0062006e+07   3.7597656e+01
   1.0062042e+07   5.2001953e+01
   1.0062106e+07   3.8879395e+01
   1.0062170e+07   4.3823242e+01
   1.0062203e+07   3.9184570e+01
   1.0062244e+07   4.1198730e+01
   1.0062317e+07   4.1259766e+01
   1.0089460e+07   5.0598145e+01
   1.0089556e+07   3.9306641e+01
   1.0089716e+07   4.1137695e+01
   1.0089839e+07   3.8635254e+01
   1.0090443e+07   4.5104980e+01
   1.0091264e+07   3.9489746e+01
   1.0092676e+07   4.3640137e+01
   1.0123864e+07   4.9072266e+01
   1.0138251e+07   4.4555664e+01
   1.0149789e+07   3.7902832e+01
   1.0160993e+07   4.3395996e+01
   1.0184774e+07   4.4738770e+01
   1.0199851e+07   5.1940918e+01
   1.0217450e+07   4.7668457e+01
   1.0234764e+07   5.2368164e+01
   1.0234864e+07   4.0161133e+01
   1.0234919e+07   5.4626465e+01
   1.0234997e+07   3.6376953e+01
   1.0235011e+07   5.5603027e+01
   1.0235090e+07   4.1809082e+01
   1.0235149e+07   3.9428711e+01
   1.0235186e+07   4.8095703e+01
   1.0235230e+07   3.7170410e+01
   1.0235306e+07   3.5888672e+01
   1.0235316e+07   3.8513184e+01
   1.0235328e+07   5.0781250e+01
   1.0260002e+07   4.2419434e+01
   1.0260415e+07   3.8696289e+01
   1.0260711e+07   3.7414551e+01
   1.0260780e+07   3.7414551e+01
   1.0261063e+07   4.9621582e+01
   1.0261414e+07   3.8146973e+01
   1.0262034e+07   3.7658691e+01
   1.0313194e+07   4.4006348e+01
   1.0313276e+07   4.4128418e+01
   1.0313762e+07   4.3579102e+01
   1.0313937e+07   4.1931152e+01
   1.0313956e+07   4.5654297e+01
   1.0314089e+07   3.7658691e+01
   1.0314275e+07   3.6132813e+01
   1.0314436e+07   5.3405762e+01
   1.0314687e+07   3.7780762e+01
   1.0314760e+07   3.9184570e+01
   1.0314973e+07   3.5522461e+01
   1.0315090e+07   3.8635254e+01
   1.0315963e+07   3.6926270e+01
   1.0329789e+07   4.6691895e+01
   1.0342238e+07   4.8095703e+01
   1.0372392e+07   3.7902832e+01
   1.0372414e+07   4.0283203e+01
   1.0372498e+07   5.7495117e+01
   1.0372537e+07   4.1931152e+01
   1.0372646e+07   4.2724609e+01
   1.0372693e+07   3.9794922e+01
   1.0372724e+07   3.6193848e+01
   1.0372821e+07   4.4189453e+01
   1.0372847e+07   3.5888672e+01
   1.0372885e+07   4.9560547e+01
   1.0372911e+07   4.5166016e+01
   1.0372944e+07   3.8879395e+01
   1.0372990e+07   3.5827637e+01
   1.0373044e+07   3.7170410e+01
   1.0373137e+07   3.6071777e+01
   1.0373235e+07   4.2907715e+01
   1.0425357e+07   3.6804199e+01
   1.0425418e+07   5.1086426e+01
   1.0425792e+07   4.6142578e+01
   1.0426672e+07   4.3273926e+01
   1.0428045e+07   3.7536621e+01
   1.0448923e+07   5.2001953e+01
   1.0448952e+07   3.9001465e+01
   1.0448985e+07   5.0415039e+01
   1.0449008e+07   3.5461426e+01
   1.0449042e+07   4.7973633e+01
   1.0449106e+07   3.9550781e+01
   1.0449210e+07   4.5166016e+01
   1.0449226e+07   3.7475586e+01
   1.0449266e+07   3.5888672e+01
   1.0449383e+07   4.8339844e+01
   1.0449416e+07   4.9682617e+01
   1.0449431e+07   4.5471191e+01
   1.0449456e+07   3.8574219e+01
   1.0449521e+07   3.8818359e+01
   1.0449563e+07   3.9001465e+01
   1.0449684e+07   3.7902832e+01
   1.0449721e+07   3.6315918e+01
   1.0508482e+07   5.6091309e+01
   1.0508533e+07   3.7170410e+01
   1.0508555e+07   4.2907715e+01
   1.0508625e+07   4.8461914e+01
   1.0508746e+07   4.9682617e+01
   1.0508777e+07   3.7719727e+01
   1.0508873e+07   3.9489746e+01
   1.0508925e+07   4.4738770e+01
   1.0509008e+07   3.7231445e+01
   1.0509085e+07   4.0100098e+01
   1.0509119e+07   3.8024902e+01
   1.0509248e+07   3.8879395e+01
   1.0509289e+07   3.6132813e+01
   1.0546817e+07   4.7302246e+01
   1.0546894e+07   3.5644531e+01
   1.0546969e+07   5.1574707e+01
   1.0547129e+07   3.9428711e+01
   1.0547199e+07   5.0842285e+01
   1.0547309e+07   3.9916992e+01
   1.0547354e+07   5.0048828e+01
   1.0547398e+07   3.7963867e+01
   1.0547424e+07   4.4677734e+01
   1.0547603e+07   3.9489746e+01
   1.0576935e+07   4.2541504e+01
   1.0577331e+07   3.5644531e+01
   1.0577343e+07   4.6142578e+01
   1.0577680e+07   4.9011230e+01
   1.0578270e+07   3.5461426e+01
   1.0578954e+07   3.5766602e+01
   1.0609588e+07   4.8400879e+01
   1.0609630e+07   3.6193848e+01
   1.0609770e+07   3.9733887e+01
   1.0609881e+07   3.5522461e+01
   1.0609898e+07   4.1625977e+01
   1.0610047e+07   4.0161133e+01
   1.0610069e+07   3.7475586e+01
   1.0610143e+07   4.8034668e+01
   1.0610227e+07   3.8940430e+01
   1.0610281e+07   3.9978027e+01
   1.0610306e+07   3.6315918e+01
   1.0610333e+07   4.1870117e+01
   1.0610371e+07   4.9621582e+01
   1.0610426e+07   4.0161133e+01
   1.0610461e+07   3.5644531e+01
   1.0610664e+07   3.9855957e+01
   1.0634856e+07   4.4433594e+01
   1.0634949e+07   3.9062500e+01
   1.0635022e+07   3.8574219e+01
   1.0635034e+07   5.0903320e+01
   1.0635106e+07   3.7231445e+01
   1.0635223e+07   3.9733887e+01
   1.0635305e+07   3.7353516e+01
   1.0635353e+07   3.9184570e+01
   1.0635373e+07   4.3029785e+01
   1.0635438e+07   3.9489746e+01
   1.0635718e+07   3.6193848e+01
   1.0636073e+07   3.5888672e+01
   1.0657301e+07   4.2297363e+01
   1.0681225e+07   3.9184570e+01
   1.0684432e+07   3.6743164e+01
   1.0689300e+07   4.6203613e+01
   1.0689329e+07   3.9550781e+01
   1.0689352e+07   3.7658691e+01
   1.0689426e+07   3.6315918e+01
   1.0689473e+07   3.7414551e+01
   1.0689509e+07   3.6804199e+01
   1.0689679e+07   3.5644531e+01
   1.0689758e+07   4.3090820e+01
   1.0689855e+07   4.3457031e+01
   1.0689882e+07   4.0893555e+01
   1.0689944e+07   4.2602539e+01
   1.0690064e+07   4.1076660e+01
   1.0692941e+07   3.6193848e+01
   1.0736182e+07   4.4616699e+01
   1.0755494e+07   4.9438477e+01
   1.0755868e+07   3.8391113e+01
   1.0770549e+07   4.7302246e+01
   1.0770823e+07   3.7902832e+01
   1.0787459e+07   4.2480469e+01
   1.0806123e+07   4.3090820e+01
   1.0827698e+07   3.6987305e+01
   1.0830296e+07   4.7729492e+01
   1.0830446e+07   4.2846680e+01
   1.0830511e+07   3.8024902e+01
   1.0830636e+07   4.6508789e+01
   1.0830724e+07   3.9794922e+01
   1.0830754e+07   3.7780762e+01
   1.0830779e+07   4.1809082e+01
   1.0830858e+07   3.9367676e+01
   1.0830871e+07   4.4128418e+01
   1.0831068e+07   4.2541504e+01
   1.0831354e+07   3.8574219e+01
   1.0877401e+07   5.0354004e+01
   1.0878233e+07   4.4677734e+01
   1.0878820e+07   4.0954590e+01
   1.0882424e+07   3.7780762e+01
   1.0882804e+07   4.4555664e+01
   1.0883015e+07   4.0283203e+01
   1.0883094e+07   4.9316406e+01
   1.0883729e+07   3.7780762e+01
   1.0884623e+07   3.8940430e+01
   1.0927598e+07   4.6264648e+01
   1.0953262e+07   3.9428711e+01
   1.0960502e+07   4.8400879e+01
   1.0983846e+07   3.8696289e+01
   1.0983936e+07   5.3833008e+01
   1.0984180e+07   3.5949707e+01
   1.1005142e+07   4.9865723e+01
   1.1018694e+07   3.6804199e+01
   1.1019561e+07   4.1687012e+01
   1.1019811e+07   4.3212891e+01
   1.1020245e+07   3.8452148e+01
   1.1027597e+07   4.5715332e+01
   1.1054646e+07   5.2124023e+01
   1.1091212e+07   5.3344727e+01
   1.1091316e+07   3.7048340e+01
   1.1091416e+07   3.8940430e+01
   1.1091453e+07   5.4382324e+01
   1.1091600e+07   3.9367676e+01
   1.1091614e+07   3.9550781e+01
   1.1091668e+07   4.1137695e+01
   1.1091712e+07   4.2541504e+01
   1.1091722e+07   3.8757324e+01
   1.1091778e+07   4.4799805e+01
   1.1091917e+07   4.2602539e+01
   1.1092576e+07   3.5827637e+01
   1.1106183e+07   5.2612305e+01
   1.1106307e+07   4.1442871e+01
   1.1106349e+07   4.5715332e+01
   1.1106444e+07   4.2175293e+01
   1.1106461e+07   4.6630859e+01
   1.1106541e+07   3.8146973e+01
   1.1106574e+07   4.7241211e+01
   1.1106770e+07   3.5888672e+01
   1.1106838e+07   4.3334961e+01
   1.1106882e+07   4.4677734e+01
   1.1106894e+07   5.2124023e+01
   1.1107034e+07   5.3894043e+01
   1.1107634e+07   3.6865234e+01
   1.1136614e+07   4.0161133e+01
   1.1136696e+07   4.7790527e+01
   1.1136788e+07   3.5522461e+01
   1.1136849e+07   3.7597656e+01
   1.1136868e+07   3.9672852e+01
   1.1137011e+07   5.5175781e+01
   1.1137361e+07   4.0832520e+01
   1.1137693e+07   3.7658691e+01
   1.1137831e+07   3.7292480e+01
   1.1153485e+07   4.7119141e+01
   1.1154356e+07   5.2490234e+01
   1.1154870e+07   4.7058105e+01
   1.1226892e+07   4.7973633e+01
   1.1226936e+07   3.8635254e+01
   1.1227015e+07   3.6315918e+01
   1.1227175e+07   4.8645020e+01
   1.1227341e+07   3.5827637e+01
   1.1227436e+07   4.3212891e+01
   1.1227509e+07   4.2907715e+01
   1.1227535e+07   3.6987305e+01
   1.1227691e+07   4.0100098e+01
   1.1227747e+07   4.0588379e+01
   1.1227918e+07   4.1320801e+01
   1.1276731e+07   3.9001465e+01
   1.1277049e+07   4.7424316e+01
   1.1277553e+07   4.5471191e+01
   1.1300044e+07   4.9682617e+01
   1.1300141e+07   6.2133789e+01
   1.1300303e+07   4.1381836e+01
   1.1328410e+07   3.7475586e+01
   1.1328486e+07   3.9611816e+01
   1.1328513e+07   3.8818359e+01
   1.1328652e+07   4.4494629e+01
   1.1328960e+07   5.1330566e+01
   1.1329120e+07   3.5888672e+01
   1.1329155e+07   5.3771973e+01
   1.1329177e+07   3.7109375e+01
   1.1329227e+07   3.7414551e+01
   1.1329314e+07   4.3640137e+01
   1.1329375e+07   3.9245605e+01
   1.1329408e+07   3.7658691e+01
   1.1329486e+07   3.7963867e+01
   1.1329513e+07   4.0405273e+01
   1.1329654e+07   4.8767090e+01
   1.1349768e+07   4.8156738e+01
   1.1349785e+07   3.9367676e+01
   1.1349938e+07   4.3823242e+01
   1.1350078e+07   4.4860840e+01
   1.1350127e+07   3.6743164e+01
   1.1350208e+07   4.1503906e+01
   1.1350324e+07   3.6987305e+01
   1.1350347e+07   3.8269043e+01
   1.1350414e+07   4.2419434e+01
   1.1393785e+07   4.1931152e+01
   1.1394357e+07   3.9672852e+01
   1.1394439e+07   4.1137695e+01
   1.1394775e+07   3.9306641e+01
   1.1395208e+07   4.7912598e+01
   1.1395289e+07   3.7048340e+01
   1.1395300e+07   5.1452637e+01
   1.1395513e+07   3.7353516e+01
   1.1395524e+07   4.3518066e+01
   1.1395671e+07   4.0588379e+01
   1.1396068e+07   4.1076660e+01
   1.1396522e+07   3.8940430e+01
   1.1414545e+07   5.0354004e+01
   1.1414577e+07   3.7292480e+01
   1.1414598e+07   4.2663574e+01
   1.1414721e+07   4.2602539e+01
   1.1414875e+07   3.5766602e+01
   1.1415028e+07   3.6254883e+01
   1.1415060e+07   3.5705566e+01
   1.1415074e+07   4.0100098e+01
   1.1415100e+07   3.5461426e+01
   1.1415258e+07   4.1992188e+01
   1.1415295e+07   3.7536621e+01
   1.1415320e+07   4.4616699e+01
   1.1415345e+07   3.8696289e+01
   1.1415439e+07   3.9978027e+01
   1.1416758e+07   4.3090820e+01
   1.1507362e+07   3.6499023e+01
   1.1510749e+07   4.9072266e+01
   1.1511077e+07   3.8879395e+01
   1.1512071e+07   4.3762207e+01
   1.1513374e+07   4.5349121e+01
   1.1536046e+07   4.4799805e+01
   1.1536349e+07   3.6315918e+01
   1.1536726e+07   3.6804199e+01
   1.1537778e+07   3.8269043e+01
   1.1538587e+07   3.9306641e+01
   1.1596786e+07   3.6376953e+01
   1.1596804e+07   5.3039551e+01
   1.1596825e+07   3.6010742e+01
   1.1596859e+07   3.6071777e+01
   1.1596961e+07   4.1320801e+01
   1.1597019e+07   3.9001465e+01
   1.1597034e+07   4.6386719e+01
   1.1597093e+07   3.6987305e+01
   1.1597116e+07   5.2490234e+01
   1.1597128e+07   4.0832520e+01
   1.1597151e+07   3.6682129e+01
   1.1597180e+07   4.0283203e+01
   1.1597215e+07   4.0710449e+01
   1.1597257e+07   5.0170898e+01
   1.1597287e+07   3.9855957e+01
   1.1597318e+07   3.8269043e+01
   1.1597370e+07   3.6560059e+01
   1.1597397e+07   3.7231445e+01
   1.1637858e+07   4.8278809e+01
   1.1659005e+07   6.2561035e+01
   1.1659094e+07   4.6508789e+01
   1.1659108e+07   3.6071777e+01
   1.1659936e+07   3.9611816e+01
   1.1660777e+07   3.5461426e+01
   1.1662373e+07   4.2907715e+01
   1.1663384e+07   3.8757324e+01
   1.1674184e+07   4.2175293e+01
   1.1674246e+07   4.1625977e+01
   1.1674370e+07   3.9794922e+01
   1.1674487e+07   4.1992188e+01
   1.1674693e+07   4.2236328e+01
   1.1674950e+07   3.9001465e+01
   1.1675040e+07   4.1931152e+01
   1.1676066e+07   6.0546875e+01
   1.1676528e+07   4.1259766e+01
   1.1676899e+07   3.8330078e+01
   1.1676921e+07   3.9794922e+01
   1.1723805e+07   4.4433594e+01
   1.1723935e+07   3.6865234e+01
   1.1723972e+07   4.2785645e+01
   1.1724054e+07   4.9133301e+01
   1.1724121e+07   3.8635254e+01
   1.1724315e+07   3.7170410e+01
   1.1724332e+07   3.8330078e+01
   1.1724440e+07   3.9245605e+01
   1.1724507e+07   3.6315918e+01
   1.1724587e+07   4.9438477e+01
   1.1724881e+07   3.8208008e+01
   1.1757342e+07   3.7841797e+01
   1.1757923e+07   4.4311523e+01
   1.1758156e+07   4.3029785e+01
   1.1758248e+07   3.6743164e+01
   1.1758484e+07   4.1198730e+01
   1.1759318e+07   4.3884277e+01
   1.1761725e+07   4.0771484e+01
   1.1761797e+07   3.8269043e+01
   1.1761839e+07   5.0659180e+01
   1.1761950e+07   3.9855957e+01
   1.1762098e+07   4.1931152e+01
   1.1762144e+07   3.8696289e+01
   1.1762256e+07   4.3029785e+01
   1.1762377e+07   3.6071777e+01
   1.1762405e+07   3.9367676e+01
   1.1762501e+07   3.8513184e+01
   1.1762597e+07   4.3334961e+01
   1.1762802e+07   3.7719727e+01
   1.1763085e+07   4.0283203e+01
   1.1763957e+07   3.7231445e+01
   1.1783192e+07   3.6560059e+01
   1.1783552e+07   4.1992188e+01
   1.1814969e+07   4.1137695e+01
   1.1827917e+07   5.5786133e+01
   1.1827933e+07   3.7170410e+01
   1.1828018e+07   3.8818359e+01
   1.1828040e+07   4.0893555e+01
   1.1828150e+07   4.4372559e+01
   1.1828196e+07   3.8696289e+01
   1.1828319e+07   3.7719727e+01
   1.1828374e+07   3.6010742e+01
   1.1828438e+07   3.6621094e+01
   1.1828449e+07   4.0405273e+01
   1.1828524e+07   4.8767090e+01
   1.1828558e+07   3.6560059e+01
   1.1828570e+07   4.0222168e+01
   1.1828761e+07   3.7353516e+01
   1.1829049e+07   3.9367676e+01
   1.1877555e+07   4.2907715e+01
   1.1878177e+07   3.6743164e+01
   1.1878475e+07   4.0954590e+01
   1.1879010e+07   3.6071777e+01
   1.1880655e+07   4.2236328e+01
   1.1880728e+07   3.5888672e+01
   1.1880880e+07   4.2358398e+01
   1.1880955e+07   4.6997070e+01
   1.1880996e+07   3.9794922e+01
   1.1881106e+07   3.8391113e+01
   1.1914805e+07   5.3039551e+01
   1.1925797e+07   4.2724609e+01
   1.1925892e+07   3.6437988e+01
   1.1926033e+07   4.7912598e+01
   1.1926069e+07   4.8095703e+01
   1.1926338e+07   3.8330078e+01
   1.1926464e+07   4.5410156e+01
   1.1926560e+07   3.6804199e+01
   1.1926664e+07   4.8950195e+01
   1.1926836e+07   3.8085938e+01
   1.1926898e+07   3.7536621e+01
   1.1941861e+07   4.2419434e+01
   1.1942003e+07   3.9733887e+01
   1.1942014e+07   3.9733887e+01
   1.1942646e+07   3.9184570e+01
   1.1947467e+07   4.3884277e+01
   1.1947645e+07   4.8400879e+01
   1.1947739e+07   4.4006348e+01
   1.1947798e+07   3.8940430e+01
   1.1947881e+07   3.5827637e+01
   1.1948001e+07   4.4189453e+01
   1.1948171e+07   3.9184570e+01
   1.1948260e+07   4.4311523e+01
   1.1948395e+07   4.1442871e+01
   1.1948515e+07   3.8391113e+01
   1.1980585e+07   3.9794922e+01
   1.1986478e+07   3.7963867e+01
   1.1987037e+07   3.7231445e+01
