   1.1996000e+07   0.0000000e+00
   4.0920000e+03   4.0405273e+01
   4.1830000e+03   3.9611816e+01
   4.2870000e+03   3.9062500e+01
   4.3460000e+03   3.3386230e+01
   4.4070000e+03   3.3325195e+01
   4.4370000e+03   1.2353516e+02
   4.4530000e+03   4.0283203e+01
   4.4700000e+03   3.5095215e+01
   4.4990000e+03   4.5776367e+01
   4.5300000e+03   3.3874512e+01
   4.5600000e+03   3.6193848e+01
   4.5970000e+03   3.4301758e+01
   4.6070000e+03   5.5664063e+01
   4.6430000e+03   3.2470703e+01
   4.6550000e+03   6.2011719e+01
   4.6940000e+03   8.7036133e+01
   4.7300000e+03   3.2348633e+01
   4.7580000e+03   3.8818359e+01
   4.7860000e+03   4.5227051e+01
   4.8980000e+03   3.5766602e+01
   7.0699000e+04   3.3020020e+01
   9.5041000e+04   3.5278320e+01
   9.5393000e+04   3.9245605e+01
   9.5419000e+04   3.4301758e+01
   1.1035900e+05   4.0649414e+01
   1.1272700e+05   3.3752441e+01
   1.5605000e+05   4.6630859e+01
   1.5628200e+05   3.2653809e+01
   1.5634300e+05   3.4423828e+01
   1.5641900e+05   1.0925293e+02
   1.5648500e+05   4.0527344e+01
   1.5652400e+05   4.1870117e+01
   1.5655400e+05   9.4238281e+01
   1.5660200e+05   4.3151855e+01
   1.5663300e+05   3.8391113e+01
   1.5668400e+05   7.3181152e+01
   1.5676100e+05   3.5522461e+01
   1.5677300e+05   3.3142090e+01
   1.5693000e+05   3.6499023e+01
   1.5817400e+05   3.2470703e+01
   2.2186700e+05   4.4494629e+01
   2.2201500e+05   3.6193848e+01
   2.2226100e+05   3.6926270e+01
   2.2254400e+05   3.9978027e+01
   2.2341900e+05   3.2470703e+01
   2.9025900e+05   3.5583496e+01
   2.9059900e+05   3.2470703e+01
   2.9074400e+05   4.3334961e+01
   2.9077500e+05   3.4606934e+01
   2.9082000e+05   3.2836914e+01
   2.9136700e+05   1.1700439e+02
   2.9167900e+05   1.1682129e+02
   3.0765900e+05   4.4982910e+01
   3.0786400e+05   3.4179688e+01
   3.0796200e+05   3.8574219e+01
   3.0811600e+05   3.5400391e+01
   3.0815000e+05   4.5593262e+01
   3.0834100e+05   1.2133789e+02
   3.0843800e+05   4.9499512e+01
   3.0847500e+05   1.0168457e+02
   3.0857300e+05   7.3730469e+01
   3.0861400e+05   3.6010742e+01
   3.0868300e+05   5.7800293e+01
   3.0871100e+05   3.3081055e+01
   3.0876800e+05   3.8024902e+01
   3.0880300e+05   3.8330078e+01
   3.0906100e+05   3.2592773e+01
   3.0978600e+05   3.4240723e+01
   3.1034700e+05   4.8522949e+01
   3.7808100e+05   3.7170410e+01
   3.7819400e+05   3.2897949e+01
   3.7872900e+05   3.3386230e+01
   4.2425700e+05   3.4912109e+01
   4.2439100e+05   4.1381836e+01
   4.2444200e+05   3.5705566e+01
   4.2449800e+05   3.5156250e+01
   4.2456700e+05   3.3569336e+01
   4.2464900e+05   3.8940430e+01
   4.2481000e+05   1.4648438e+02
   4.2484700e+05   4.2358398e+01
   4.2489400e+05   3.3325195e+01
   4.2490600e+05   3.3386230e+01
   4.2492100e+05   1.3079834e+02
   4.2493800e+05   4.2053223e+01
   4.2498700e+05   4.5104980e+01
   4.2500200e+05   4.9194336e+01
   4.2503000e+05   3.5583496e+01
   4.2506400e+05   3.2287598e+01
   4.9612100e+05   3.2470703e+01
   4.9626100e+05   3.5522461e+01
   4.9660100e+05   3.5034180e+01
   4.9662400e+05   3.7536621e+01
   4.9672200e+05   3.3447266e+01
   4.9697800e+05   3.2714844e+01
   4.9715100e+05   9.6679688e+01
   4.9720100e+05   3.7536621e+01
   4.9745900e+05   1.0833740e+02
   6.0315900e+05   4.5776367e+01
   6.0319100e+05   4.1992188e+01
   6.0329200e+05   3.3569336e+01
   6.0331200e+05   4.1870117e+01
   6.0334600e+05   1.5197754e+02
   6.0335900e+05   3.2348633e+01
   6.0338900e+05   3.2531738e+01
   6.0342500e+05   3.2653809e+01
   6.0348000e+05   4.5715332e+01
   6.0350000e+05   1.2091064e+02
   6.0358700e+05   3.9367676e+01
   6.0361100e+05   7.0861816e+01
   6.0363100e+05   3.6071777e+01
   6.0365500e+05   4.8828125e+01
   6.0368600e+05   4.2419434e+01
   6.0373800e+05   3.3752441e+01
   6.0389900e+05   3.4851074e+01
   6.0506300e+05   3.5095215e+01
   6.0544800e+05   5.7189941e+01
   6.8248000e+05   4.2053223e+01
   6.8305900e+05   3.5766602e+01
   7.3241700e+05   3.3386230e+01
   7.3253300e+05   4.6386719e+01
   7.3264000e+05   3.8879395e+01
   7.3278500e+05   3.2775879e+01
   7.3282400e+05   3.5583496e+01
   7.3293000e+05   3.7109375e+01
   7.3294800e+05   3.3142090e+01
   7.3297500e+05   1.0913086e+02
   7.3299200e+05   3.3508301e+01
   7.3307000e+05   9.5153809e+01
   7.3308400e+05   3.4362793e+01
   7.3311400e+05   3.7475586e+01
   7.3316300e+05   7.0068359e+01
   7.3318900e+05   5.3588867e+01
   7.3324800e+05   4.5471191e+01
   7.3332200e+05   3.3752441e+01
   7.3335800e+05   3.2897949e+01
   7.3342100e+05   3.5949707e+01
   7.3348300e+05   3.4362793e+01
   7.3515000e+05   3.5888672e+01
   7.8394000e+05   3.3691406e+01
   7.8415500e+05   4.3518066e+01
   7.8445700e+05   3.2897949e+01
   7.8496600e+05   3.2653809e+01
   7.8517800e+05   3.5156250e+01
   7.8520000e+05   3.6682129e+01
   9.2343300e+05   3.4484863e+01
   9.2346400e+05   4.1625977e+01
   9.2350100e+05   3.9367676e+01
   9.2355300e+05   3.6376953e+01
   9.2358400e+05   1.3745117e+02
   9.2361500e+05   3.2531738e+01
   9.2363400e+05   3.7536621e+01
   9.2367600e+05   8.7707520e+01
   9.2372000e+05   3.2409668e+01
   9.2375200e+05   6.4331055e+01
   9.2376200e+05   6.3110352e+01
   9.2382200e+05   3.4729004e+01
   9.2389700e+05   3.4606934e+01
   1.0249710e+06   4.5227051e+01
   1.0251150e+06   4.3518066e+01
   1.0251940e+06   3.2836914e+01
   1.0252500e+06   3.2409668e+01
   1.0253140e+06   3.2592773e+01
   1.0253500e+06   3.4545898e+01
   1.0253870e+06   1.3128662e+02
   1.0253990e+06   3.4729004e+01
   1.0254240e+06   3.6376953e+01
   1.0254410e+06   3.2592773e+01
   1.0255180e+06   3.4301758e+01
   1.0255330e+06   4.9194336e+01
   1.0255630e+06   1.1163330e+02
   1.0256040e+06   3.6254883e+01
   1.0256300e+06   5.6213379e+01
   1.0256780e+06   7.1228027e+01
   1.0257010e+06   4.0710449e+01
   1.0257640e+06   3.2714844e+01
   1.0257820e+06   3.3935547e+01
   1.0258120e+06   4.6142578e+01
   1.0258320e+06   3.5583496e+01
   1.0991210e+06   3.4851074e+01
   1.1581090e+06   3.2836914e+01
   1.1846750e+06   3.7231445e+01
   1.1848750e+06   3.7414551e+01
   1.1849350e+06   4.1198730e+01
   1.1849810e+06   3.5949707e+01
   1.1850130e+06   3.5034180e+01
   1.1850470e+06   3.3996582e+01
   1.1850690e+06   3.3325195e+01
   1.1851040e+06   3.5278320e+01
   1.1851200e+06   1.1010742e+02
   1.1851480e+06   5.8837891e+01
   1.1851800e+06   4.8339844e+01
   1.1852130e+06   7.8735352e+01
   1.1852250e+06   3.3935547e+01
   1.1852750e+06   3.8635254e+01
   1.1853290e+06   3.3020020e+01
   1.1942460e+06   4.4311523e+01
   1.1943010e+06   3.6010742e+01
   1.1943740e+06   3.7780762e+01
   1.1944400e+06   3.2897949e+01
   1.1946180e+06   3.7658691e+01
   1.1946550e+06   1.3922119e+02
   1.1946680e+06   3.5766602e+01
   1.1946960e+06   3.2409668e+01
   1.1947420e+06   3.8391113e+01
   1.1947790e+06   3.7292480e+01
   1.1948090e+06   1.2628174e+02
   1.1948780e+06   3.5827637e+01
   1.1949220e+06   3.6071777e+01
   1.1949690e+06   8.3312988e+01
   1.1950130e+06   3.6987305e+01
   1.1951390e+06   6.3659668e+01
   1.1952750e+06   5.4016113e+01
   1.1957960e+06   3.4851074e+01
   1.1960020e+06   3.8085938e+01
   1.1964040e+06   5.1330566e+01
   1.2471350e+06   3.5522461e+01
   1.2471730e+06   3.7719727e+01
   1.2472610e+06   3.6132813e+01
   1.2992540e+06   4.6569824e+01
   1.2993120e+06   3.4118652e+01
   1.2993620e+06   4.0771484e+01
   1.2994220e+06   3.5095215e+01
   1.2994920e+06   3.3081055e+01
   1.2995790e+06   4.5532227e+01
   1.2996800e+06   3.4362793e+01
   1.2997320e+06   3.4790039e+01
   1.2997540e+06   3.4851074e+01
   1.2997750e+06   4.1870117e+01
   1.2997960e+06   1.1883545e+02
   1.2998340e+06   3.6987305e+01
   1.2998490e+06   3.2470703e+01
   1.2998700e+06   3.3569336e+01
   1.2999160e+06   8.4960938e+01
   1.2999460e+06   3.8879395e+01
   1.3000090e+06   3.5278320e+01
   1.3000220e+06   4.8828125e+01
   1.3000680e+06   3.8940430e+01
   1.3001120e+06   4.1503906e+01
   1.3001340e+06   3.8330078e+01
   1.3002860e+06   3.6499023e+01
   1.3012770e+06   3.3020020e+01
   1.3664850e+06   3.5644531e+01
   1.4163020e+06   4.2419434e+01
   1.4163690e+06   3.3447266e+01
   1.4164940e+06   4.0771484e+01
   1.4165330e+06   3.3569336e+01
   1.4165790e+06   3.2287598e+01
   1.4166240e+06   4.9438477e+01
   1.4166670e+06   3.7109375e+01
   1.4166840e+06   3.5095215e+01
   1.4167100e+06   1.3287354e+02
   1.4167220e+06   3.5705566e+01
   1.4167380e+06   4.1259766e+01
   1.4167920e+06   3.4851074e+01
   1.4168040e+06   1.1114502e+02
   1.4168250e+06   3.3752441e+01
   1.4168780e+06   3.5217285e+01
   1.4168920e+06   5.7373047e+01
   1.4169750e+06   3.6071777e+01
   1.4171560e+06   3.4667969e+01
   1.4187880e+06   4.6142578e+01
   1.4828840e+06   3.2287598e+01
   1.4986340e+06   3.3386230e+01
   1.4987040e+06   3.5156250e+01
   1.4988180e+06   1.4801025e+02
   1.4988330e+06   3.8146973e+01
   1.4995590e+06   3.4667969e+01
   1.4997090e+06   1.0589600e+02
   1.4997580e+06   3.3020020e+01
   1.5658910e+06   3.3508301e+01
   1.5664770e+06   3.4667969e+01
   1.5669950e+06   3.4790039e+01
   1.5673020e+06   4.4616699e+01
   1.5673550e+06   3.5949707e+01
   1.5674120e+06   3.3264160e+01
   1.5674510e+06   3.5156250e+01
   1.5674610e+06   3.9489746e+01
   1.5676200e+06   3.4790039e+01
   1.5676540e+06   1.2042236e+02
   1.5677370e+06   3.2531738e+01
   1.5678280e+06   9.5764160e+01
   1.5680000e+06   9.4787598e+01
   1.5680400e+06   3.2409668e+01
   1.5681660e+06   3.5888672e+01
   1.5681930e+06   7.8430176e+01
   1.5683900e+06   7.3242188e+01
   1.5686100e+06   6.5185547e+01
   1.6236370e+06   3.2653809e+01
   1.6237460e+06   3.5461426e+01
   1.6238270e+06   4.1259766e+01
   1.6239320e+06   3.7597656e+01
   1.6239760e+06   3.7048340e+01
   1.6240100e+06   4.7180176e+01
   1.6240460e+06   3.3813477e+01
   1.6240670e+06   3.6437988e+01
   1.6240920e+06   3.9916992e+01
   1.6241220e+06   1.1828613e+02
   1.6241710e+06   3.3447266e+01
   1.6242370e+06   3.6071777e+01
   1.6242800e+06   7.1228027e+01
   1.6243520e+06   3.3935547e+01
   1.6243620e+06   4.6447754e+01
   1.6243790e+06   5.5908203e+01
   1.6244260e+06   4.0405273e+01
   1.6244530e+06   4.1381836e+01
   1.6257430e+06   4.6264648e+01
   1.6680940e+06   3.5095215e+01
   1.6682330e+06   3.3752441e+01
   1.6684690e+06   4.1992188e+01
   1.6700490e+06   3.5583496e+01
   1.7265730e+06   3.3264160e+01
   1.8119000e+06   3.7841797e+01
   1.8214420e+06   3.2775879e+01
   1.8248900e+06   3.2348633e+01
   1.8249530e+06   4.0466309e+01
   1.8250490e+06   3.9123535e+01
   1.8250750e+06   3.2714844e+01
   1.8251070e+06   3.7536621e+01
   1.8251230e+06   1.5759277e+02
   1.8251740e+06   3.4606934e+01
   1.8252120e+06   9.7961426e+01
   1.8252290e+06   3.8208008e+01
   1.8252470e+06   3.6987305e+01
   1.8252680e+06   4.8095703e+01
   1.8252820e+06   3.6499023e+01
   1.8253010e+06   6.4331055e+01
   1.8253230e+06   4.0832520e+01
   1.8253830e+06   3.6621094e+01
   1.8413660e+06   3.3020020e+01
   1.8414690e+06   4.0893555e+01
   1.8416100e+06   3.7719727e+01
   1.8416580e+06   3.6987305e+01
   1.8417760e+06   3.7414551e+01
   1.8418030e+06   3.8330078e+01
   1.8418190e+06   3.9794922e+01
   1.8418890e+06   1.2725830e+02
   1.8419560e+06   4.4738770e+01
   1.8420870e+06   3.3630371e+01
   1.8421100e+06   3.3142090e+01
   1.8421670e+06   3.3874512e+01
   1.8422960e+06   7.9650879e+01
   1.8424710e+06   7.4462891e+01
   1.8427120e+06   6.3598633e+01
   1.8429110e+06   6.2561035e+01
   1.8431020e+06   4.9133301e+01
   1.8434680e+06   7.9711914e+01
   1.9826290e+06   3.5766602e+01
   1.9827310e+06   4.0832520e+01
   1.9828620e+06   3.8574219e+01
   1.9829750e+06   3.2470703e+01
   1.9830270e+06   1.5100098e+02
   1.9830520e+06   3.6132813e+01
   1.9830880e+06   3.8146973e+01
   1.9831180e+06   3.2897949e+01
   1.9831500e+06   3.7902832e+01
   1.9831850e+06   4.4799805e+01
   1.9832150e+06   3.4790039e+01
   1.9832340e+06   3.5583496e+01
   1.9832560e+06   9.0270996e+01
   1.9832790e+06   5.0048828e+01
   1.9833100e+06   3.5522461e+01
   1.9833290e+06   3.6010742e+01
   1.9853590e+06   3.3691406e+01
   2.0714830e+06   3.4118652e+01
   2.0715870e+06   4.1259766e+01
   2.0716720e+06   3.3630371e+01
   2.0717600e+06   3.4118652e+01
   2.0718790e+06   4.1076660e+01
   2.0719640e+06   3.6376953e+01
   2.0719860e+06   1.2542725e+02
   2.0720190e+06   4.2175293e+01
   2.0720590e+06   3.2958984e+01
   2.0720960e+06   3.4545898e+01
   2.0721400e+06   8.7890625e+01
   2.0721730e+06   3.2287598e+01
   2.0722030e+06   5.2001953e+01
   2.0722720e+06   5.8349609e+01
   2.0723650e+06   4.0893555e+01
   2.0724050e+06   4.9926758e+01
   2.0724150e+06   4.3334961e+01
   2.0725060e+06   3.5644531e+01
   2.0734450e+06   3.4667969e+01
   2.1154690e+06   3.8208008e+01
   2.1156290e+06   3.4973145e+01
   2.1156660e+06   3.6254883e+01
   2.1157100e+06   3.5095215e+01
   2.1157790e+06   3.3142090e+01
   2.1159050e+06   1.0906982e+02
   2.1159850e+06   3.5278320e+01
   2.1161620e+06   3.7109375e+01
   2.1162190e+06   9.8083496e+01
   2.1164530e+06   9.5520020e+01
   2.1495670e+06   3.4240723e+01
   2.1546000e+06   3.8696289e+01
   2.1548290e+06   3.3569336e+01
   2.1548990e+06   4.7424316e+01
   2.1550030e+06   3.5156250e+01
   2.1550670e+06   1.3751221e+02
   2.1551320e+06   3.6621094e+01
   2.1551730e+06   3.4423828e+01
   2.1551900e+06   1.0418701e+02
   2.1552070e+06   4.8645020e+01
   2.1552370e+06   3.4118652e+01
   2.1552640e+06   4.1748047e+01
   2.1552960e+06   7.3974609e+01
   2.1553670e+06   3.2348633e+01
   2.1553880e+06   4.3884277e+01
   2.1564490e+06   3.3020020e+01
   2.1566760e+06   4.3029785e+01
   2.2293350e+06   3.2531738e+01
   2.2295410e+06   3.8696289e+01
   2.2295640e+06   3.7902832e+01
   2.2297370e+06   4.0039063e+01
   2.2297510e+06   3.7353516e+01
   2.2297730e+06   3.4790039e+01
   2.2298090e+06   4.2297363e+01
   2.2298850e+06   1.4825439e+02
   2.2299080e+06   3.8635254e+01
   2.2299350e+06   4.5043945e+01
   2.2299960e+06   8.8012695e+01
   2.2300580e+06   3.3386230e+01
   2.2301370e+06   5.1757813e+01
   2.2301940e+06   4.2846680e+01
   2.2302320e+06   4.3395996e+01
   2.2303210e+06   3.6132813e+01
   2.2312700e+06   3.4240723e+01
   2.3087250e+06   3.8024902e+01
   2.3101420e+06   4.2724609e+01
   2.3461270e+06   3.8330078e+01
   2.3461940e+06   3.2653809e+01
   2.3463540e+06   3.5583496e+01
   2.3463690e+06   3.4667969e+01
   2.3464680e+06   4.8828125e+01
   2.3464850e+06   3.6743164e+01
   2.3465830e+06   1.0217285e+02
   2.3466280e+06   5.2673340e+01
   2.3466530e+06   3.3386230e+01
   2.3466900e+06   6.2561035e+01
   2.3467240e+06   4.6752930e+01
   2.3467390e+06   3.3813477e+01
   2.3467610e+06   5.4870605e+01
   2.3468230e+06   3.2653809e+01
   2.3468650e+06   3.3020020e+01
   2.3482120e+06   3.2775879e+01
   2.4019860e+06   4.9255371e+01
   2.4619050e+06   3.9489746e+01
   2.4619540e+06   4.4799805e+01
   2.4620860e+06   3.4606934e+01
   2.4621080e+06   3.2531738e+01
   2.4621420e+06   3.2897949e+01
   2.4621950e+06   3.4790039e+01
   2.4622800e+06   3.4790039e+01
   2.4622920e+06   3.7658691e+01
   2.4623190e+06   3.7902832e+01
   2.4623360e+06   3.9611816e+01
   2.4623620e+06   1.4367676e+02
   2.4623750e+06   6.2255859e+01
   2.4624110e+06   3.3630371e+01
   2.4624330e+06   4.0466309e+01
   2.4624520e+06   9.6618652e+01
   2.4625350e+06   4.0222168e+01
   2.4625460e+06   5.7922363e+01
   2.4625630e+06   4.3640137e+01
   2.4626240e+06   4.0954590e+01
   2.4626470e+06   3.5156250e+01
   2.4626940e+06   3.2531738e+01
   2.5116380e+06   3.2714844e+01
   2.5117170e+06   4.3945313e+01
   2.5120130e+06   4.0710449e+01
   2.5123820e+06   3.3142090e+01
   2.5389850e+06   3.3569336e+01
   2.5888560e+06   3.8024902e+01
   2.5889270e+06   4.2114258e+01
   2.5890100e+06   3.8085938e+01
   2.5890820e+06   3.5461426e+01
   2.5891340e+06   3.5705566e+01
   2.5891610e+06   3.8513184e+01
   2.5892390e+06   3.2958984e+01
   2.5892600e+06   1.2689209e+02
   2.5892790e+06   4.0466309e+01
   2.5893410e+06   4.6325684e+01
   2.5893550e+06   4.3334961e+01
   2.5893730e+06   4.4921875e+01
   2.5894330e+06   8.1176758e+01
   2.5894760e+06   4.0588379e+01
   2.5895070e+06   5.8532715e+01
   2.5895210e+06   3.4851074e+01
   2.5895710e+06   3.2836914e+01
   2.5911580e+06   3.4790039e+01
   2.6791160e+06   3.4179688e+01
   2.6791550e+06   3.5461426e+01
   2.6792090e+06   3.5949707e+01
   2.6792460e+06   3.9733887e+01
   2.6792850e+06   4.1870117e+01
   2.6793080e+06   4.1992188e+01
   2.6794300e+06   3.6865234e+01
   2.6794890e+06   3.2287598e+01
   2.6795200e+06   4.0405273e+01
   2.6795700e+06   1.3751221e+02
   2.6795880e+06   4.1381836e+01
   2.6796230e+06   5.4626465e+01
   2.6796640e+06   8.6120605e+01
   2.6796790e+06   3.2653809e+01
   2.6797020e+06   3.5644531e+01
   2.6797500e+06   4.9499512e+01
   2.6797610e+06   4.2175293e+01
   2.6798240e+06   3.9916992e+01
   2.6798550e+06   3.3569336e+01
   2.6799030e+06   3.7109375e+01
   2.6810540e+06   3.2775879e+01
   2.7650530e+06   4.1076660e+01
   2.7650740e+06   3.6865234e+01
   2.7652110e+06   3.5095215e+01
   2.7652640e+06   3.9794922e+01
   2.7653250e+06   4.3823242e+01
   2.7653540e+06   1.4019775e+02
   2.7653690e+06   3.8940430e+01
   2.7654640e+06   1.2554932e+02
   2.7655100e+06   3.4973145e+01
   2.7655400e+06   5.6396484e+01
   2.7655760e+06   3.5583496e+01
   2.7656400e+06   4.0893555e+01
   2.7656570e+06   3.2287598e+01
   2.7657010e+06   3.8818359e+01
   2.7657230e+06   3.8085938e+01
   2.7657830e+06   3.4118652e+01
   2.8172010e+06   3.9978027e+01
   2.8173400e+06   4.1564941e+01
   2.8175260e+06   3.3020020e+01
   2.8494330e+06   3.9306641e+01
   2.8695750e+06   3.6071777e+01
   2.8698250e+06   3.5766602e+01
   2.8699510e+06   3.3508301e+01
   2.8699660e+06   4.0283203e+01
   2.8699980e+06   1.4672852e+02
   2.8700180e+06   4.0161133e+01
   2.8700370e+06   5.0537109e+01
   2.8700730e+06   3.6621094e+01
   2.8700960e+06   4.3457031e+01
   2.8701240e+06   1.1376953e+02
   2.8701550e+06   3.2958984e+01
   2.8702120e+06   5.1757813e+01
   2.8702270e+06   6.2683105e+01
   2.8702940e+06   4.5776367e+01
   2.9651470e+06   3.3569336e+01
   2.9651750e+06   3.5095215e+01
   2.9653100e+06   3.3996582e+01
   2.9654640e+06   1.3549805e+02
   2.9654890e+06   3.7719727e+01
   2.9655490e+06   3.2897949e+01
   2.9655790e+06   4.3395996e+01
   2.9656100e+06   1.0662842e+02
   2.9656420e+06   5.6640625e+01
   2.9657170e+06   3.8818359e+01
   2.9657300e+06   8.7158203e+01
   2.9657720e+06   3.9672852e+01
   2.9657850e+06   3.8879395e+01
   2.9658080e+06   3.5705566e+01
   2.9658370e+06   4.5593262e+01
   2.9659340e+06   3.2897949e+01
   2.9672320e+06   4.4921875e+01
   2.9791910e+06   3.2287598e+01
   3.0470270e+06   3.3630371e+01
   3.0470660e+06   4.5776367e+01
   3.0472820e+06   4.1259766e+01
   3.0473650e+06   1.2451172e+02
   3.0474760e+06   3.8879395e+01
   3.0475060e+06   4.4494629e+01
   3.0475380e+06   9.0270996e+01
   3.0475630e+06   3.4851074e+01
   3.0476050e+06   4.5532227e+01
   3.0476290e+06   6.2500000e+01
   3.0476720e+06   3.6987305e+01
   3.0476850e+06   3.7963867e+01
   3.0477010e+06   4.0283203e+01
   3.0477170e+06   6.2255859e+01
   3.0477860e+06   3.3264160e+01
   3.0478600e+06   3.7109375e+01
   3.0978790e+06   3.3752441e+01
   3.0979810e+06   3.5095215e+01
   3.0980480e+06   3.2775879e+01
   3.0980960e+06   3.3386230e+01
   3.0981250e+06   3.5278320e+01
   3.0984310e+06   3.7414551e+01
   3.0984910e+06   3.4118652e+01
   3.0985050e+06   3.4423828e+01
   3.0985590e+06   3.8208008e+01
   3.0985890e+06   3.2714844e+01
   3.0986310e+06   3.2531738e+01
   3.0986520e+06   1.2988281e+02
   3.0986660e+06   5.1513672e+01
   3.0987250e+06   3.4362793e+01
   3.0987980e+06   8.8378906e+01
   3.0988160e+06   3.3447266e+01
   3.0989460e+06   7.7514648e+01
   3.0990900e+06   6.4331055e+01
   3.0992630e+06   6.8298340e+01
   3.0994290e+06   6.4270020e+01
   3.0996330e+06   6.3537598e+01
   3.1638590e+06   4.0466309e+01
   3.1639350e+06   3.9245605e+01
   3.1639670e+06   4.1259766e+01
   3.1639890e+06   3.4484863e+01
   3.1640110e+06   3.4179688e+01
   3.1640380e+06   3.5156250e+01
   3.1640610e+06   1.2579346e+02
   3.1640940e+06   3.5949707e+01
   3.1641470e+06   3.4667969e+01
   3.1641730e+06   9.0576172e+01
   3.1642650e+06   7.7697754e+01
   3.1642750e+06   3.4545898e+01
   3.1643010e+06   3.4912109e+01
   3.1643610e+06   3.8574219e+01
   3.1660090e+06   6.8115234e+01
   3.2040350e+06   3.4118652e+01
   3.2309830e+06   3.6621094e+01
   3.2309970e+06   3.6499023e+01
   3.2310860e+06   4.0344238e+01
   3.2312040e+06   3.2836914e+01
   3.2312940e+06   3.7780762e+01
   3.2313060e+06   3.2958984e+01
   3.2313750e+06   3.8818359e+01
   3.2313940e+06   1.2408447e+02
   3.2314490e+06   3.5644531e+01
   3.2314820e+06   3.4729004e+01
   3.2315080e+06   1.2756348e+02
   3.2315340e+06   3.5827637e+01
   3.2315860e+06   3.2897949e+01
   3.2316080e+06   6.1828613e+01
   3.2316330e+06   3.7475586e+01
   3.2316880e+06   3.6987305e+01
   3.2317190e+06   3.7170410e+01
   3.3023790e+06   4.5959473e+01
   3.3024180e+06   3.9184570e+01
   3.3025560e+06   3.6437988e+01
   3.3025960e+06   3.2775879e+01
   3.3027160e+06   3.4362793e+01
   3.3027580e+06   3.5400391e+01
   3.3027810e+06   3.4667969e+01
   3.3028280e+06   3.8024902e+01
   3.3028730e+06   1.1853027e+02
   3.3028840e+06   3.8146973e+01
   3.3029070e+06   3.3020020e+01
   3.3029810e+06   9.5092773e+01
   3.3030450e+06   4.1931152e+01
   3.3030720e+06   5.6091309e+01
   3.3031040e+06   5.7128906e+01
   3.3031520e+06   4.8217773e+01
   3.3032000e+06   3.9184570e+01
   3.3045450e+06   3.7048340e+01
   3.3546270e+06   3.6071777e+01
   3.3547070e+06   5.0170898e+01
   3.3549300e+06   4.2297363e+01
   3.3549810e+06   3.6560059e+01
   3.3550070e+06   3.8024902e+01
   3.3550360e+06   3.8635254e+01
   3.3550930e+06   1.3458252e+02
   3.3551080e+06   3.3996582e+01
   3.3551620e+06   4.1870117e+01
   3.3552290e+06   5.0659180e+01
   3.3552440e+06   1.1334229e+02
   3.3552680e+06   3.3081055e+01
   3.3553790e+06   6.9274902e+01
   3.3553980e+06   3.9794922e+01
   3.3554740e+06   5.0781250e+01
   3.3554950e+06   3.6254883e+01
   3.3556010e+06   4.1137695e+01
   3.3557200e+06   3.4790039e+01
   3.3558610e+06   3.3203125e+01
   3.3559990e+06   3.3142090e+01
   3.3562030e+06   3.7414551e+01
   3.3564000e+06   5.1025391e+01
   3.3565930e+06   4.0771484e+01
   3.3982330e+06   3.3081055e+01
   3.4463890e+06   3.5827637e+01
   3.4784020e+06   3.4790039e+01
   3.4785420e+06   3.3874512e+01
   3.4785650e+06   3.3325195e+01
   3.4785910e+06   3.2897949e+01
   3.4786360e+06   1.2963867e+02
   3.4786510e+06   4.1198730e+01
   3.4786710e+06   3.5034180e+01
   3.4787470e+06   5.0415039e+01
   3.4787600e+06   8.0871582e+01
   3.4787940e+06   3.3142090e+01
   3.4788100e+06   3.5217285e+01
   3.4788370e+06   3.3813477e+01
   3.4788580e+06   6.8420410e+01
   3.4789030e+06   3.9855957e+01
   3.4789340e+06   4.5104980e+01
   3.5140870e+06   3.4423828e+01
   3.5141280e+06   3.4545898e+01
   3.5142940e+06   3.3508301e+01
   3.5145940e+06   3.3264160e+01
   3.5754780e+06   4.3518066e+01
   3.5930510e+06   3.5217285e+01
   3.5945330e+06   3.4423828e+01
   3.5947090e+06   3.6926270e+01
   3.5948250e+06   3.4851074e+01
   3.5950180e+06   1.1419678e+02
   3.5951600e+06   9.8754883e+01
   3.5952040e+06   3.5034180e+01
   3.5952490e+06   3.4362793e+01
   3.5955000e+06   9.5825195e+01
   3.6327180e+06   4.2358398e+01
   3.6327860e+06   3.5705566e+01
   3.6329820e+06   3.6560059e+01
   3.6330440e+06   3.2531738e+01
   3.6330590e+06   3.2775879e+01
   3.6330840e+06   3.4484863e+01
   3.6330980e+06   1.4562988e+02
   3.6331480e+06   3.3752441e+01
   3.6332280e+06   1.2017822e+02
   3.6332470e+06   4.0649414e+01
   3.6332950e+06   5.1391602e+01
   3.6333110e+06   6.3659668e+01
   3.6333310e+06   3.5461426e+01
   3.6333580e+06   4.4250488e+01
   3.6334010e+06   5.7312012e+01
   3.6334710e+06   3.5034180e+01
   3.6570260e+06   3.4301758e+01
   3.6793690e+06   3.4301758e+01
   3.6795390e+06   3.2775879e+01
   3.6795770e+06   3.8085938e+01
   3.6796150e+06   3.3020020e+01
   3.6797690e+06   3.6254883e+01
   3.6798350e+06   3.2775879e+01
   3.6798660e+06   3.7048340e+01
   3.6799140e+06   3.7597656e+01
   3.6799940e+06   4.2968750e+01
   3.6800330e+06   1.3861084e+02
   3.6803120e+06   3.3508301e+01
   3.6804620e+06   1.0528564e+02
   3.6808310e+06   9.6557617e+01
   3.7389320e+06   3.3996582e+01
   3.7389600e+06   3.3508301e+01
   3.7391460e+06   3.3325195e+01
   3.7391950e+06   3.5705566e+01
   3.7392130e+06   4.5227051e+01
   3.7392380e+06   4.5776367e+01
   3.7393560e+06   3.3935547e+01
   3.7393690e+06   3.5217285e+01
   3.7394330e+06   1.3751221e+02
   3.7394460e+06   3.8574219e+01
   3.7394870e+06   3.7597656e+01
   3.7395130e+06   8.0017090e+01
   3.7395620e+06   3.5766602e+01
   3.7395850e+06   3.4729004e+01
   3.7396090e+06   6.2011719e+01
   3.7396850e+06   3.3691406e+01
   3.7396960e+06   5.6152344e+01
   3.7397420e+06   3.6254883e+01
   3.7397710e+06   3.5400391e+01
   3.7844060e+06   3.4973145e+01
   3.7847520e+06   3.3996582e+01
   3.8329570e+06   5.0048828e+01
   3.8330300e+06   3.3020020e+01
   3.8330600e+06   3.7048340e+01
   3.8332020e+06   3.8269043e+01
   3.8332220e+06   3.3508301e+01
   3.8332640e+06   3.3264160e+01
   3.8333270e+06   3.5156250e+01
   3.8333440e+06   3.4729004e+01
   3.8333590e+06   4.2968750e+01
   3.8333970e+06   4.8339844e+01
   3.8334220e+06   3.5583496e+01
   3.8334460e+06   1.0449219e+02
   3.8334620e+06   3.5888672e+01
   3.8334870e+06   3.8513184e+01
   3.8335140e+06   4.3579102e+01
   3.8335320e+06   4.7241211e+01
   3.8335820e+06   4.0832520e+01
   3.8336010e+06   3.3874512e+01
   3.8349800e+06   3.3935547e+01
   3.8353390e+06   5.7617188e+01
   3.9332170e+06   4.7729492e+01
   3.9332720e+06   4.4189453e+01
   3.9333080e+06   3.5827637e+01
   3.9333750e+06   3.9367676e+01
   3.9334230e+06   3.4851074e+01
   3.9335380e+06   4.0527344e+01
   3.9335540e+06   3.4484863e+01
   3.9335790e+06   1.6491699e+02
   3.9336360e+06   4.2724609e+01
   3.9336490e+06   4.0405273e+01
   3.9336870e+06   1.2658691e+02
   3.9337070e+06   4.7424316e+01
   3.9337790e+06   5.5664063e+01
   3.9338010e+06   3.6682129e+01
   3.9338560e+06   3.6376953e+01
   3.9339110e+06   3.4362793e+01
   3.9354790e+06   5.2856445e+01
   3.9749090e+06   3.3142090e+01
   3.9764780e+06   3.6743164e+01
   3.9765700e+06   4.1198730e+01
   3.9768050e+06   3.3325195e+01
   3.9768370e+06   3.4301758e+01
   3.9768640e+06   1.3293457e+02
   3.9774140e+06   3.3874512e+01
   3.9774690e+06   1.1688232e+02
   4.0058420e+06   3.2653809e+01
   4.0388080e+06   3.6010742e+01
   4.0388280e+06   5.0354004e+01
   4.0388380e+06   3.6132813e+01
   4.0388570e+06   3.9733887e+01
   4.0389900e+06   3.4606934e+01
   4.0390350e+06   3.6804199e+01
   4.0390720e+06   3.2592773e+01
   4.0391320e+06   3.2287598e+01
   4.0391640e+06   1.4410400e+02
   4.0391960e+06   3.2714844e+01
   4.0392410e+06   4.4006348e+01
   4.0392640e+06   3.5034180e+01
   4.0392950e+06   1.0382080e+02
   4.0393060e+06   3.6621094e+01
   4.0393350e+06   3.5644531e+01
   4.0393650e+06   3.4240723e+01
   4.0393760e+06   3.3020020e+01
   4.0394050e+06   6.8908691e+01
   4.0394190e+06   4.3212891e+01
   4.0394480e+06   3.9306641e+01
   4.0394920e+06   5.3344727e+01
   4.0395380e+06   3.3447266e+01
   4.0408580e+06   3.3264160e+01
   4.1013360e+06   3.3935547e+01
   4.1013710e+06   3.9001465e+01
   4.1013990e+06   4.3945313e+01
   4.1015500e+06   3.4057617e+01
   4.1015740e+06   3.9184570e+01
   4.1016100e+06   3.9245605e+01
   4.1016240e+06   3.5705566e+01
   4.1016580e+06   3.9733887e+01
   4.1016760e+06   1.2292480e+02
   4.1017000e+06   3.6132813e+01
   4.1017660e+06   3.3630371e+01
   4.1017920e+06   1.0382080e+02
   4.1018270e+06   3.4484863e+01
   4.1019150e+06   7.4279785e+01
   4.1020180e+06   6.1706543e+01
   4.1021160e+06   4.1870117e+01
   4.1022070e+06   3.3020020e+01
   4.1024260e+06   3.4179688e+01
   4.1028110e+06   3.7597656e+01
   4.1029770e+06   3.8879395e+01
   4.1230710e+06   3.9794922e+01
   4.1236060e+06   3.3874512e+01
   4.1236350e+06   3.9611816e+01
   4.1241930e+06   3.6865234e+01
   4.1378040e+06   3.5400391e+01
   4.1378300e+06   3.4851074e+01
   4.1636600e+06   4.0161133e+01
   4.1637070e+06   3.2531738e+01
   4.1637250e+06   3.2592773e+01
   4.1638990e+06   5.3039551e+01
   4.1639260e+06   1.2384033e+02
   4.1639470e+06   5.7128906e+01
   4.1640750e+06   1.0058594e+02
   4.1640960e+06   4.3334961e+01
   4.1641130e+06   3.7414551e+01
   4.1641440e+06   3.2775879e+01
   4.1642100e+06   6.9458008e+01
   4.1642250e+06   3.4790039e+01
   4.1643550e+06   7.6477051e+01
   4.1644810e+06   4.1870117e+01
   4.1645950e+06   3.5461426e+01
   4.1647750e+06   4.5043945e+01
   4.1649670e+06   4.7729492e+01
   4.2636520e+06   3.2775879e+01
   4.2637930e+06   3.6682129e+01
   4.2638310e+06   3.3935547e+01
   4.2639060e+06   1.1010742e+02
   4.2639210e+06   4.0283203e+01
   4.2639590e+06   3.3813477e+01
   4.2639730e+06   3.4667969e+01
   4.2640060e+06   1.0253906e+02
   4.2640350e+06   3.2592773e+01
   4.2640700e+06   3.7048340e+01
   4.2641120e+06   6.5185547e+01
   4.2641330e+06   3.7048340e+01
   4.2641640e+06   3.2592773e+01
   4.2641750e+06   4.0283203e+01
   4.2641980e+06   6.3049316e+01
   4.2642260e+06   3.8940430e+01
   4.2642490e+06   3.4790039e+01
   4.2642700e+06   3.4240723e+01
   4.3152110e+06   3.9916992e+01
   4.3462310e+06   4.0710449e+01
   4.3464170e+06   4.5593262e+01
   4.3464860e+06   6.8359375e+01
   4.3465120e+06   3.4057617e+01
   4.3465240e+06   4.2907715e+01
   4.3465490e+06   3.5217285e+01
   4.3465790e+06   4.1198730e+01
   4.3465930e+06   1.0906982e+02
   4.3466330e+06   3.6926270e+01
   4.3466840e+06   3.5095215e+01
   4.3467400e+06   8.2580566e+01
   4.3467690e+06   3.4240723e+01
   4.3468410e+06   6.7138672e+01
   4.3468540e+06   5.2429199e+01
   4.3469290e+06   4.1992188e+01
   4.3469570e+06   3.6926270e+01
   4.3482030e+06   4.3273926e+01
   4.4193940e+06   3.4423828e+01
   4.4203220e+06   4.6691895e+01
   4.4482800e+06   3.3264160e+01
   4.4483210e+06   3.2531738e+01
   4.4484460e+06   3.3874512e+01
   4.4485070e+06   3.6437988e+01
   4.4485480e+06   3.2348633e+01
   4.4485990e+06   3.4484863e+01
   4.4486670e+06   3.4118652e+01
   4.4486800e+06   3.3142090e+01
   4.4488020e+06   4.4677734e+01
   4.4488280e+06   1.3244629e+02
   4.4489290e+06   4.2480469e+01
   4.4489540e+06   9.4543457e+01
   4.4489840e+06   3.6071777e+01
   4.4490780e+06   7.6843262e+01
   4.4491070e+06   4.8583984e+01
   4.4491780e+06   3.9184570e+01
   4.4491900e+06   3.4362793e+01
   4.4492320e+06   3.2348633e+01
   4.4493070e+06   4.1870117e+01
   4.4502970e+06   5.5541992e+01
   4.5475620e+06   3.5522461e+01
   4.5478050e+06   4.0283203e+01
   4.5479470e+06   4.1809082e+01
   4.5479800e+06   1.1749268e+02
   4.5479950e+06   3.5888672e+01
   4.5480220e+06   4.8583984e+01
   4.5480630e+06   3.4240723e+01
   4.5481130e+06   4.8278809e+01
   4.5481380e+06   3.6987305e+01
   4.5481570e+06   6.4697266e+01
   4.5481880e+06   3.5095215e+01
   4.5482060e+06   5.6762695e+01
   4.5482340e+06   4.4982910e+01
   4.5482860e+06   3.7109375e+01
   4.5483030e+06   3.2409668e+01
   4.5617810e+06   3.4729004e+01
   4.5619190e+06   3.6315918e+01
   4.5619750e+06   3.4057617e+01
   4.5621870e+06   1.3873291e+02
   4.5622040e+06   4.7973633e+01
   4.5622440e+06   3.3508301e+01
   4.5623850e+06   4.0161133e+01
   4.5624170e+06   1.1291504e+02
   4.5624350e+06   4.2602539e+01
   4.5625590e+06   3.9733887e+01
   4.5626100e+06   3.5644531e+01
   4.5626340e+06   8.6242676e+01
   4.5628040e+06   7.1228027e+01
   4.5630240e+06   6.1767578e+01
   4.5632390e+06   8.1665039e+01
   4.5634930e+06   8.4899902e+01
   4.6169020e+06   3.3569336e+01
   4.6455520e+06   3.5766602e+01
   4.6456400e+06   3.4362793e+01
   4.6457710e+06   4.1076660e+01
   4.6458760e+06   3.8696289e+01
   4.6458870e+06   4.0527344e+01
   4.6459730e+06   3.6132813e+01
   4.6459930e+06   4.4128418e+01
   4.6460190e+06   1.1767578e+02
   4.6460660e+06   3.6315918e+01
   4.6461050e+06   3.3630371e+01
   4.6461420e+06   1.0571289e+02
   4.6461580e+06   3.7292480e+01
   4.6461930e+06   4.6081543e+01
   4.6462200e+06   3.2531738e+01
   4.6462460e+06   6.4697266e+01
   4.6463470e+06   6.5856934e+01
   4.6463600e+06   3.5156250e+01
   4.6464300e+06   3.8635254e+01
   4.6618340e+06   3.4362793e+01
   4.6618650e+06   4.3395996e+01
   4.6622810e+06   1.3641357e+02
   4.6623670e+06   3.4301758e+01
   4.6624400e+06   4.4799805e+01
   4.6625900e+06   1.0754395e+02
   4.6628240e+06   8.7158203e+01
   4.6630930e+06   9.2346191e+01
   4.6634810e+06   1.0473633e+02
   4.7312980e+06   3.2409668e+01
   4.7313900e+06   3.9550781e+01
   4.7314440e+06   3.6437988e+01
   4.7316310e+06   3.3813477e+01
   4.7316550e+06   3.9184570e+01
   4.7317670e+06   3.2409668e+01
   4.7317860e+06   3.7780762e+01
   4.7318240e+06   3.3630371e+01
   4.7318510e+06   1.2762451e+02
   4.7319360e+06   3.3813477e+01
   4.7319640e+06   1.0064697e+02
   4.7319770e+06   3.3996582e+01
   4.7319920e+06   3.3752441e+01
   4.7320210e+06   3.4423828e+01
   4.7320690e+06   4.8461914e+01
   4.7320840e+06   3.9794922e+01
   4.7321210e+06   3.2531738e+01
   4.7321420e+06   3.4362793e+01
   4.7321730e+06   3.2897949e+01
   4.8022380e+06   4.1687012e+01
   4.8262450e+06   3.3508301e+01
   4.8475410e+06   3.6499023e+01
   4.8477420e+06   5.5297852e+01
   4.8478030e+06   3.6926270e+01
   4.8478590e+06   3.3996582e+01
   4.8478950e+06   1.3330078e+02
   4.8479090e+06   3.2775879e+01
   4.8479190e+06   3.5461426e+01
   4.8479750e+06   3.7231445e+01
   4.8480080e+06   9.7229004e+01
   4.8480200e+06   4.7180176e+01
   4.8480440e+06   4.2358398e+01
   4.8480710e+06   5.6884766e+01
   4.8480980e+06   3.4362793e+01
   4.8481140e+06   7.8002930e+01
   4.8481360e+06   4.9377441e+01
   4.8481560e+06   3.5278320e+01
   4.8482020e+06   5.4809570e+01
   4.8482190e+06   3.9855957e+01
   4.8482460e+06   3.3752441e+01
   4.8482770e+06   4.1198730e+01
   4.8482960e+06   3.3325195e+01
   4.8483410e+06   3.2775879e+01
   4.9240590e+06   3.3264160e+01
   4.9245280e+06   3.3081055e+01
   4.9245400e+06   3.5217285e+01
   4.9246060e+06   1.4111328e+02
   4.9246570e+06   3.3447266e+01
   4.9246870e+06   3.5949707e+01
   4.9247460e+06   1.1816406e+02
   4.9247640e+06   3.9428711e+01
   4.9248450e+06   3.4851074e+01
   4.9248770e+06   8.6242676e+01
   4.9249390e+06   5.9509277e+01
   4.9249850e+06   4.6203613e+01
   4.9250860e+06   4.9743652e+01
   4.9252090e+06   3.4790039e+01
   4.9253150e+06   3.6010742e+01
   4.9257450e+06   3.3935547e+01
   4.9259150e+06   3.2287598e+01
   4.9752410e+06   3.7658691e+01
   4.9753340e+06   3.9855957e+01
   4.9754710e+06   3.2714844e+01
   4.9755120e+06   3.2836914e+01
   4.9755260e+06   3.9611816e+01
   4.9756270e+06   3.6499023e+01
   4.9757240e+06   3.5461426e+01
   4.9757440e+06   1.3366699e+02
   4.9757640e+06   4.8522949e+01
   4.9758000e+06   4.1931152e+01
   4.9758160e+06   3.7231445e+01
   4.9758440e+06   4.6691895e+01
   4.9759010e+06   9.1613770e+01
   4.9759510e+06   3.5339355e+01
   4.9760530e+06   6.5856934e+01
   4.9760810e+06   3.2775879e+01
   4.9761570e+06   5.5358887e+01
   5.0124900e+06   3.3874512e+01
   5.0125890e+06   4.3395996e+01
   5.0127360e+06   3.2775879e+01
   5.0128980e+06   1.3214111e+02
   5.0131760e+06   3.8757324e+01
   5.0132350e+06   8.8256836e+01
   5.0136690e+06   1.1322021e+02
   5.0137070e+06   3.2470703e+01
   5.0634480e+06   3.5278320e+01
   5.0636380e+06   3.3996582e+01
   5.0636680e+06   3.4118652e+01
   5.0638300e+06   3.5095215e+01
   5.0638440e+06   3.6437988e+01
   5.0638950e+06   9.9487305e+01
   5.0639090e+06   3.8146973e+01
   5.0639710e+06   3.3386230e+01
   5.0640170e+06   7.6416016e+01
   5.0640270e+06   3.8818359e+01
   5.0640910e+06   4.7119141e+01
   5.0641110e+06   7.6293945e+01
   5.0641960e+06   4.7485352e+01
   5.0650950e+06   3.5278320e+01
   5.0652510e+06   3.5827637e+01
   5.1161300e+06   3.4423828e+01
   5.1162760e+06   3.2775879e+01
   5.1164490e+06   3.8818359e+01
   5.1165080e+06   3.6682129e+01
   5.1165280e+06   1.3806152e+02
   5.1166080e+06   3.6987305e+01
   5.1166330e+06   4.9499512e+01
   5.1166670e+06   1.0626221e+02
   5.1166970e+06   3.4667969e+01
   5.1167200e+06   3.8635254e+01
   5.1167340e+06   3.3813477e+01
   5.1167600e+06   4.2175293e+01
   5.1167860e+06   7.7514648e+01
   5.1168390e+06   4.4250488e+01
   5.1168900e+06   3.8879395e+01
   5.1169020e+06   5.2917480e+01
   5.1170310e+06   3.4912109e+01
   5.1171330e+06   3.3874512e+01
   5.1178350e+06   4.2724609e+01
   5.1180680e+06   3.9062500e+01
   5.2042650e+06   3.5705566e+01
   5.2042820e+06   3.5156250e+01
   5.2043840e+06   3.5278320e+01
   5.2044230e+06   3.7902832e+01
   5.2045410e+06   4.1931152e+01
   5.2045690e+06   3.5644531e+01
   5.2047450e+06   4.5471191e+01
   5.2047610e+06   1.3555908e+02
   5.2047810e+06   3.4057617e+01
   5.2048830e+06   3.5522461e+01
   5.2049190e+06   3.4667969e+01
   5.2049310e+06   1.3909912e+02
   5.2049630e+06   3.9855957e+01
   5.2050280e+06   4.7241211e+01
   5.2050530e+06   3.9672852e+01
   5.2050860e+06   3.2409668e+01
   5.2051200e+06   4.3395996e+01
   5.2196250e+06   3.4790039e+01
   5.2197240e+06   3.3142090e+01
   5.2197600e+06   4.2846680e+01
   5.2198630e+06   3.3447266e+01
   5.2198900e+06   1.2609863e+02
   5.2199080e+06   3.3691406e+01
   5.2200440e+06   4.6264648e+01
   5.2200830e+06   8.3007813e+01
   5.2201830e+06   4.2053223e+01
   5.2202280e+06   3.4179688e+01
   5.2204430e+06   6.5551758e+01
   5.2206020e+06   8.7951660e+01
   5.2207790e+06   6.2255859e+01
   5.2211650e+06   7.7209473e+01
   5.2359720e+06   4.0405273e+01
   5.2361560e+06   3.4912109e+01
   5.2368790e+06   4.1198730e+01
   5.3016060e+06   3.2714844e+01
   5.3016890e+06   3.5705566e+01
   5.3021880e+06   3.3813477e+01
   5.3912620e+06   3.3508301e+01
   5.3914150e+06   4.8950195e+01
   5.3915380e+06   3.3691406e+01
   5.3915480e+06   3.7841797e+01
   5.3915820e+06   1.2799072e+02
   5.3917160e+06   1.0272217e+02
   5.3917470e+06   4.0283203e+01
   5.3917790e+06   3.6560059e+01
   5.3918000e+06   6.4941406e+01
   5.3918550e+06   3.4729004e+01
   5.3919410e+06   3.2836914e+01
   5.3930170e+06   3.4545898e+01
   5.3932570e+06   3.2531738e+01
   5.4998580e+06   3.6621094e+01
   5.4999410e+06   3.2409668e+01
   5.5000280e+06   3.4057617e+01
   5.5004040e+06   3.9184570e+01
   5.5004970e+06   3.7963867e+01
   5.5006020e+06   3.4973145e+01
   5.5006330e+06   4.1992188e+01
   5.5006530e+06   3.2897949e+01
   5.5006630e+06   1.4617920e+02
   5.5008160e+06   9.8815918e+01
   5.5008330e+06   3.4484863e+01
   5.5009380e+06   6.3049316e+01
   5.5009630e+06   3.3142090e+01
   5.5009940e+06   3.4484863e+01
   5.5010390e+06   5.0842285e+01
   5.5010510e+06   3.2531738e+01
   5.5011510e+06   4.4372559e+01
   5.5012540e+06   3.8146973e+01
   5.5013870e+06   3.3264160e+01
   5.5015100e+06   3.2348633e+01
   5.5017130e+06   3.5949707e+01
   5.5019080e+06   3.3996582e+01
   5.5796670e+06   3.4606934e+01
   5.5797180e+06   4.2053223e+01
   5.5797970e+06   3.9306641e+01
   5.5798620e+06   3.3020020e+01
   5.5798960e+06   3.5034180e+01
   5.5799270e+06   1.2084961e+02
   5.5799590e+06   3.6010742e+01
   5.5799770e+06   4.2236328e+01
   5.5800070e+06   3.7658691e+01
   5.5800500e+06   3.3874512e+01
   5.5800610e+06   1.0546875e+02
   5.5800920e+06   3.5827637e+01
   5.5801220e+06   3.2836914e+01
   5.5801450e+06   5.8349609e+01
   5.5802110e+06   4.6081543e+01
   5.5802620e+06   3.2714844e+01
   5.5803030e+06   3.3325195e+01
   5.6673420e+06   3.3142090e+01
   5.6676880e+06   4.0344238e+01
   5.6677100e+06   3.6926270e+01
   5.6677510e+06   4.4555664e+01
   5.6677900e+06   3.5583496e+01
   5.6678070e+06   1.2860107e+02
   5.6678570e+06   3.3447266e+01
   5.6679530e+06   1.0778809e+02
   5.6679780e+06   3.4790039e+01
   5.6680200e+06   4.3884277e+01
   5.6680530e+06   4.8278809e+01
   5.6680720e+06   6.3476563e+01
   5.6680960e+06   3.4118652e+01
   5.6681520e+06   3.9184570e+01
   5.6681740e+06   3.7170410e+01
   5.6682800e+06   3.8146973e+01
   5.6683340e+06   3.5705566e+01
   5.6690060e+06   3.5461426e+01
   5.6845430e+06   3.5034180e+01
   5.6847200e+06   3.5522461e+01
   5.6850880e+06   3.2836914e+01
   5.6851330e+06   3.6315918e+01
   5.6852980e+06   3.5217285e+01
   5.6854720e+06   3.3935547e+01
   5.7009960e+06   3.4912109e+01
   5.7011260e+06   3.6193848e+01
   5.7017150e+06   3.5522461e+01
   5.7341470e+06   3.2775879e+01
   5.7645750e+06   3.9062500e+01
   5.7646940e+06   3.9489746e+01
   5.7648230e+06   3.3447266e+01
   5.7649010e+06   4.6325684e+01
   5.7649660e+06   3.3020020e+01
   5.7649850e+06   4.0161133e+01
   5.7650100e+06   3.8208008e+01
   5.7650420e+06   1.4636230e+02
   5.7650760e+06   3.5522461e+01
   5.7650870e+06   3.7414551e+01
   5.7651580e+06   3.2409668e+01
   5.7651690e+06   1.1114502e+02
   5.7652230e+06   3.4729004e+01
   5.7652460e+06   4.2419434e+01
   5.7652610e+06   5.9082031e+01
   5.7652900e+06   3.2592773e+01
   5.7653330e+06   4.4189453e+01
   5.7653440e+06   4.0771484e+01
   5.7654270e+06   3.7902832e+01
   5.7666580e+06   4.5776367e+01
   5.8188110e+06   3.2958984e+01
   5.8728960e+06   3.8574219e+01
   5.8730100e+06   3.3264160e+01
   5.8730670e+06   3.6926270e+01
   5.8731080e+06   3.7170410e+01
   5.8731250e+06   3.8146973e+01
   5.8732710e+06   4.0527344e+01
   5.8732890e+06   3.7414551e+01
   5.8732990e+06   1.6125488e+02
   5.8733850e+06   4.6142578e+01
   5.8734010e+06   4.2785645e+01
   5.8734340e+06   4.2358398e+01
   5.8734750e+06   3.7902832e+01
   5.8735030e+06   5.9204102e+01
   5.8735680e+06   3.9428711e+01
   5.8735850e+06   4.7851563e+01
   5.8736600e+06   3.3874512e+01
   5.8737360e+06   3.2653809e+01
   5.8746160e+06   5.0781250e+01
   5.8747830e+06   3.2470703e+01
   5.9363450e+06   3.3203125e+01
   5.9363660e+06   3.3203125e+01
   5.9364640e+06   3.2348633e+01
   5.9876120e+06   3.3081055e+01
   5.9889340e+06   3.5461426e+01
   5.9890090e+06   3.6437988e+01
   5.9891840e+06   3.2470703e+01
   5.9893250e+06   3.3447266e+01
   5.9893770e+06   1.4288330e+02
   5.9893910e+06   3.9245605e+01
   5.9894310e+06   3.6376953e+01
   5.9894410e+06   4.5959473e+01
   5.9894720e+06   9.8632813e+01
   5.9895150e+06   4.1564941e+01
   5.9895250e+06   4.8400879e+01
   5.9895470e+06   4.1259766e+01
   5.9895800e+06   5.8898926e+01
   5.9895900e+06   3.4240723e+01
   5.9896350e+06   3.3935547e+01
   5.9896590e+06   5.1086426e+01
   5.9896820e+06   3.3081055e+01
   5.9897170e+06   3.3630371e+01
   6.0573640e+06   4.8706055e+01
   6.0575280e+06   3.5583496e+01
   6.0575710e+06   3.3020020e+01
   6.0576540e+06   3.4912109e+01
   6.0577640e+06   3.4790039e+01
   6.0578030e+06   1.3037109e+02
   6.0578170e+06   4.4860840e+01
   6.0578560e+06   3.4179688e+01
   6.0578760e+06   3.2653809e+01
   6.0579350e+06   9.7106934e+01
   6.0580120e+06   4.4006348e+01
   6.0580500e+06   5.1818848e+01
   6.0580810e+06   3.8513184e+01
   6.0581320e+06   3.4545898e+01
   6.0582260e+06   3.5888672e+01
   6.0584070e+06   3.3142090e+01
   6.0591860e+06   4.1809082e+01
   6.1273980e+06   3.3935547e+01
   6.1274540e+06   3.9123535e+01
   6.1275270e+06   4.1809082e+01
   6.1276570e+06   3.5034180e+01
   6.1277870e+06   4.0161133e+01
   6.1278020e+06   3.5583496e+01
   6.1278380e+06   1.1383057e+02
   6.1278740e+06   3.7109375e+01
   6.1278970e+06   4.9194336e+01
   6.1279270e+06   3.9428711e+01
   6.1279500e+06   7.3059082e+01
   6.1279610e+06   4.8400879e+01
   6.1279950e+06   3.8085938e+01
   6.1280550e+06   9.7778320e+01
   6.1280770e+06   4.0710449e+01
   6.1281090e+06   3.2897949e+01
   6.1281360e+06   3.2348633e+01
   6.1292690e+06   7.5134277e+01
   6.2131980e+06   3.6071777e+01
   6.2133300e+06   3.3813477e+01
   6.2135300e+06   3.8330078e+01
   6.2135600e+06   3.5034180e+01
   6.2136160e+06   4.6691895e+01
   6.2136350e+06   1.2677002e+02
   6.2136620e+06   3.7048340e+01
   6.2136950e+06   3.7414551e+01
   6.2137180e+06   3.7048340e+01
   6.2137520e+06   1.1352539e+02
   6.2137650e+06   3.4423828e+01
   6.2138170e+06   3.2836914e+01
   6.2138390e+06   3.2958984e+01
   6.2138670e+06   6.7749023e+01
   6.2138920e+06   3.3142090e+01
   6.2139070e+06   3.2653809e+01
   6.2139570e+06   3.6437988e+01
   6.2140650e+06   3.9489746e+01
   6.2154100e+06   7.3669434e+01
   6.2623510e+06   4.9316406e+01
   6.2625360e+06   3.3386230e+01
   6.2625570e+06   3.7536621e+01
   6.2630910e+06   3.9306641e+01
   6.2636200e+06   3.2348633e+01
   6.2805720e+06   3.2653809e+01
   6.2807730e+06   4.1748047e+01
   6.2808020e+06   3.3264160e+01
   6.2809120e+06   3.3569336e+01
   6.2809270e+06   3.2897949e+01
   6.2810410e+06   3.6865234e+01
   6.2810630e+06   1.1181641e+02
   6.2811210e+06   3.5156250e+01
   6.2812900e+06   8.3801270e+01
   6.3261190e+06   3.3996582e+01
   6.3261940e+06   3.3081055e+01
   6.3262470e+06   3.8146973e+01
   6.3263380e+06   3.5644531e+01
   6.3263940e+06   3.9672852e+01
   6.3264150e+06   3.9062500e+01
   6.3264950e+06   3.2470703e+01
   6.3265140e+06   3.5156250e+01
   6.3265390e+06   3.4973145e+01
   6.3265570e+06   3.2531738e+01
   6.3266150e+06   3.8391113e+01
   6.3266390e+06   1.3513184e+02
   6.3266790e+06   3.9916992e+01
   6.3267090e+06   3.4301758e+01
   6.3267590e+06   9.6252441e+01
   6.3267720e+06   4.8645020e+01
   6.3267990e+06   3.7719727e+01
   6.3268550e+06   7.6965332e+01
   6.3269460e+06   5.4931641e+01
   6.3270440e+06   3.4545898e+01
   6.3277250e+06   3.6987305e+01
   6.3279380e+06   3.2897949e+01
   6.3285450e+06   7.2204590e+01
   6.4126250e+06   3.7231445e+01
   6.4126980e+06   4.3029785e+01
   6.4574910e+06   3.6865234e+01
   6.5140380e+06   3.8085938e+01
   6.5143280e+06   3.3203125e+01
   6.5143640e+06   3.2775879e+01
   6.5143750e+06   3.5156250e+01
   6.5144260e+06   3.2348633e+01
   6.5144610e+06   1.5100098e+02
   6.5144730e+06   4.9133301e+01
   6.5144900e+06   3.7902832e+01
   6.5145020e+06   4.4921875e+01
   6.5145280e+06   4.6997070e+01
   6.5145550e+06   8.5632324e+01
   6.5145770e+06   4.8278809e+01
   6.5146100e+06   3.6621094e+01
   6.5146410e+06   5.4809570e+01
   6.5146780e+06   3.9062500e+01
   6.5147080e+06   4.5227051e+01
   6.5147770e+06   4.4738770e+01
   6.5836190e+06   3.3203125e+01
   6.5836900e+06   3.3020020e+01
   6.5838310e+06   3.9123535e+01
   6.7045910e+06   3.3752441e+01
   6.7487020e+06   4.4982910e+01
   6.7487900e+06   3.2409668e+01
   6.7488440e+06   4.5104980e+01
   6.7488590e+06   3.3630371e+01
   6.7488760e+06   1.4617920e+02
   6.7489040e+06   3.3203125e+01
   6.7489240e+06   5.6396484e+01
   6.7489790e+06   9.2651367e+01
   6.7489900e+06   4.3457031e+01
   6.7490230e+06   3.3569336e+01
   6.7490550e+06   7.6904297e+01
   6.7490860e+06   5.3710938e+01
   6.7505210e+06   3.8146973e+01
   6.8572600e+06   4.4555664e+01
   6.8574670e+06   4.1259766e+01
   6.8576510e+06   3.2470703e+01
   6.8576730e+06   4.1259766e+01
   6.8576970e+06   3.3508301e+01
   6.8577270e+06   1.3995361e+02
   6.8577600e+06   4.6630859e+01
   6.8577880e+06   3.9855957e+01
   6.8578120e+06   9.1796875e+01
   6.8578320e+06   4.1992188e+01
   6.8578470e+06   4.1625977e+01
   6.8578910e+06   3.3630371e+01
   6.8579170e+06   4.1137695e+01
   6.8579620e+06   3.2470703e+01
   6.8579720e+06   6.2316895e+01
   6.8594350e+06   5.2185059e+01
   6.8750750e+06   3.8452148e+01
   6.8751190e+06   4.7119141e+01
   6.8753190e+06   4.2053223e+01
   6.8754160e+06   3.5400391e+01
   6.8754960e+06   3.2775879e+01
   6.8755750e+06   1.1206055e+02
   6.8755900e+06   3.4667969e+01
   6.8756350e+06   3.7414551e+01
   6.8756610e+06   4.1198730e+01
   6.8756910e+06   3.6560059e+01
   6.8757160e+06   9.8632813e+01
   6.8757500e+06   3.6987305e+01
   6.8758340e+06   8.1298828e+01
   6.8760190e+06   7.7819824e+01
   6.8761500e+06   4.6936035e+01
   6.8762800e+06   3.5949707e+01
   6.8764200e+06   4.2785645e+01
   6.8765650e+06   3.3325195e+01
   6.8767530e+06   5.2673340e+01
   6.8772540e+06   6.0852051e+01
   6.9099300e+06   3.5705566e+01
   6.9101690e+06   3.5949707e+01
   6.9103760e+06   3.3874512e+01
   6.9104360e+06   3.5461426e+01
   6.9104810e+06   3.3386230e+01
   6.9105660e+06   3.6193848e+01
   6.9106030e+06   3.5949707e+01
   6.9187960e+06   3.6254883e+01
   6.9188420e+06   3.4362793e+01
   6.9188630e+06   3.4301758e+01
   6.9190850e+06   3.3935547e+01
   6.9191540e+06   3.2958984e+01
   6.9192500e+06   3.3996582e+01
   6.9194040e+06   1.2591553e+02
   6.9697580e+06   3.5217285e+01
   6.9698170e+06   3.5278320e+01
   6.9698270e+06   4.3640137e+01
   6.9698660e+06   3.2836914e+01
   6.9698800e+06   1.4532471e+02
   6.9698970e+06   3.5461426e+01
   6.9699090e+06   4.3151855e+01
   6.9699710e+06   3.3020020e+01
   6.9700040e+06   1.0058594e+02
   6.9701400e+06   6.3354492e+01
   6.9701830e+06   3.9672852e+01
   6.9702210e+06   3.9794922e+01
   6.9703140e+06   3.8208008e+01
   6.9710150e+06   3.2470703e+01
   7.0272050e+06   3.4179688e+01
   7.0273190e+06   3.3325195e+01
   7.0275810e+06   3.5705566e+01
   7.0278170e+06   3.2409668e+01
   7.0278460e+06   3.9611816e+01
   7.0278580e+06   3.9123535e+01
   7.0278720e+06   1.4642334e+02
   7.0279360e+06   3.3508301e+01
   7.0279620e+06   3.4362793e+01
   7.0279910e+06   9.3322754e+01
   7.0280100e+06   4.3090820e+01
   7.0280470e+06   4.4738770e+01
   7.0280760e+06   4.1503906e+01
   7.0281130e+06   6.0302734e+01
   7.0281990e+06   4.0283203e+01
   7.0282550e+06   3.2470703e+01
   7.0285330e+06   3.2653809e+01
   7.0291650e+06   4.8828125e+01
   7.1350450e+06   3.2775879e+01
   7.1428680e+06   3.4484863e+01
   7.1710910e+06   3.2958984e+01
   7.1712100e+06   3.9855957e+01
   7.1715130e+06   3.6560059e+01
   7.1715690e+06   4.4067383e+01
   7.1716050e+06   3.7292480e+01
   7.1716360e+06   4.3945313e+01
   7.1716500e+06   3.2897949e+01
   7.1716630e+06   1.3049316e+02
   7.1717480e+06   4.3945313e+01
   7.1717630e+06   5.4443359e+01
   7.1717830e+06   1.0174561e+02
   7.1718150e+06   3.5217285e+01
   7.1718540e+06   4.4921875e+01
   7.1718740e+06   8.3251953e+01
   7.1719490e+06   4.7424316e+01
   7.1720260e+06   3.7780762e+01
   7.1846360e+06   3.5583496e+01
   7.1846790e+06   3.9733887e+01
   7.1847440e+06   3.3691406e+01
   7.1850720e+06   3.6071777e+01
   7.1850970e+06   3.5034180e+01
   7.1851840e+06   1.4202881e+02
   7.1852250e+06   3.2348633e+01
   7.1852550e+06   3.9855957e+01
   7.1853170e+06   9.3811035e+01
   7.1853450e+06   3.2775879e+01
   7.1854660e+06   8.5693359e+01
   7.1855990e+06   7.9833984e+01
   7.1856130e+06   3.2592773e+01
   7.1857500e+06   5.8044434e+01
   7.1857650e+06   3.3813477e+01
   7.1859400e+06   5.0720215e+01
   7.1860860e+06   4.0344238e+01
   7.1984370e+06   3.6315918e+01
   7.1984490e+06   3.3813477e+01
   7.1987850e+06   3.2775879e+01
   7.1988960e+06   1.2554932e+02
   7.1993880e+06   3.3386230e+01
   7.1995090e+06   3.3569336e+01
   7.2132250e+06   3.8818359e+01
   7.2134590e+06   3.2592773e+01
   7.2141650e+06   3.5583496e+01
   7.2280200e+06   3.8146973e+01
   7.2280340e+06   3.4057617e+01
   7.2281390e+06   3.5766602e+01
   7.2283160e+06   3.2714844e+01
   7.2284330e+06   3.4667969e+01
   7.2738360e+06   3.7719727e+01
   7.3133770e+06   3.5949707e+01
   7.3136100e+06   4.1076660e+01
   7.3137300e+06   3.3386230e+01
   7.3137790e+06   1.5350342e+02
   7.3137900e+06   3.7902832e+01
   7.3138920e+06   4.4799805e+01
   7.3139150e+06   3.4606934e+01
   7.3139330e+06   9.3383789e+01
   7.3139620e+06   5.0598145e+01
   7.3140070e+06   4.8767090e+01
   7.3140360e+06   3.2775879e+01
   7.3140470e+06   6.5429688e+01
   7.3141260e+06   3.9062500e+01
   7.3141970e+06   3.2714844e+01
   7.4133940e+06   3.2775879e+01
   7.4135900e+06   3.2470703e+01
   7.4144260e+06   3.4973145e+01
   7.5693330e+06   3.2836914e+01
   7.5695660e+06   3.2775879e+01
   7.5696630e+06   3.5034180e+01
   7.5696810e+06   1.4318848e+02
   7.5697250e+06   3.9245605e+01
   7.5697470e+06   4.2785645e+01
   7.5697680e+06   8.7341309e+01
   7.5697820e+06   4.6203613e+01
   7.5698030e+06   3.7597656e+01
   7.5698220e+06   4.8706055e+01
   7.5698440e+06   5.1147461e+01
   7.5698560e+06   3.2836914e+01
   7.5699130e+06   3.2897949e+01
   7.5699600e+06   3.3081055e+01
   7.5710770e+06   4.5471191e+01
   7.6760360e+06   3.7475586e+01
   7.7071240e+06   3.3081055e+01
   7.7075300e+06   4.2236328e+01
   7.7077230e+06   3.2714844e+01
   7.7077490e+06   3.3752441e+01
   7.7077840e+06   3.4362793e+01
   7.7078030e+06   1.1273193e+02
   7.7078400e+06   4.1320801e+01
   7.7078730e+06   3.9306641e+01
   7.7078990e+06   4.0954590e+01
   7.7079160e+06   8.4106445e+01
   7.7079380e+06   4.5104980e+01
   7.7079650e+06   4.0466309e+01
   7.7079900e+06   5.5725098e+01
   7.7080020e+06   3.8757324e+01
   7.7080490e+06   4.2541504e+01
   7.7080690e+06   3.9794922e+01
   7.7081040e+06   3.7841797e+01
   7.7081550e+06   3.4790039e+01
   7.7082020e+06   3.5034180e+01
   7.7296110e+06   3.2897949e+01
   7.7297120e+06   3.4179688e+01
   7.7298350e+06   4.1992188e+01
   7.7300380e+06   3.4240723e+01
   7.7301620e+06   3.3569336e+01
   7.7302400e+06   3.9306641e+01
   7.7302670e+06   3.2653809e+01
   7.7304380e+06   1.2707520e+02
   7.7311530e+06   1.1175537e+02
   7.7686970e+06   4.2785645e+01
   7.8125530e+06   3.2714844e+01
   7.8184950e+06   3.6010742e+01
   7.8185440e+06   4.2297363e+01
   7.8186980e+06   3.3020020e+01
   7.8187410e+06   3.5644531e+01
   7.8187730e+06   3.4179688e+01
   7.8188080e+06   3.2958984e+01
   7.8188560e+06   3.6926270e+01
   7.8188770e+06   1.4318848e+02
   7.8189170e+06   3.2531738e+01
   7.8189410e+06   3.7414551e+01
   7.8189710e+06   1.0064697e+02
   7.8189860e+06   4.2541504e+01
   7.8190100e+06   4.5166016e+01
   7.8190310e+06   3.3935547e+01
   7.8190530e+06   3.7048340e+01
   7.8190940e+06   4.9926758e+01
   7.8191040e+06   7.4951172e+01
   7.8191540e+06   3.8208008e+01
   7.8191970e+06   4.3701172e+01
   7.8611740e+06   4.7424316e+01
   7.8616590e+06   3.6743164e+01
   7.8617570e+06   4.9865723e+01
   7.8618240e+06   3.2592773e+01
   7.8620260e+06   1.2884521e+02
   7.8621070e+06   3.6865234e+01
   7.8622140e+06   9.7900391e+01
   7.8623620e+06   3.2470703e+01
   7.8625730e+06   7.1411133e+01
   7.9462600e+06   4.5227051e+01
   7.9462920e+06   3.2531738e+01
   7.9464410e+06   3.2836914e+01
   7.9464660e+06   4.5227051e+01
   7.9465340e+06   4.5104980e+01
   7.9465510e+06   4.2541504e+01
   7.9465960e+06   1.5148926e+02
   7.9466100e+06   4.0832520e+01
   7.9466410e+06   4.0832520e+01
   7.9466740e+06   8.3618164e+01
   7.9466880e+06   4.1809082e+01
   7.9467080e+06   6.0913086e+01
   7.9467310e+06   4.7241211e+01
   7.9467490e+06   3.7475586e+01
   7.9467700e+06   6.0302734e+01
   7.9467920e+06   3.6193848e+01
   7.9468030e+06   3.6499023e+01
   7.9468680e+06   3.4912109e+01
   7.9469540e+06   3.7048340e+01
   7.9481980e+06   5.0109863e+01
   7.9732250e+06   3.9672852e+01
   7.9734590e+06   3.5095215e+01
   8.0203640e+06   3.2531738e+01
   8.0210370e+06   3.2958984e+01
   8.0347380e+06   3.3996582e+01
   8.0347770e+06   3.6376953e+01
   8.0347910e+06   3.5095215e+01
   8.0348780e+06   3.3325195e+01
   8.0350390e+06   3.3508301e+01
   8.0352610e+06   4.4799805e+01
   8.0352840e+06   3.2836914e+01
   8.0352980e+06   3.5400391e+01
   8.0353280e+06   1.4575195e+02
   8.0353380e+06   3.7658691e+01
   8.0353560e+06   3.4118652e+01
   8.0354300e+06   8.8134766e+01
   8.0354420e+06   4.6325684e+01
   8.0354720e+06   5.1757813e+01
   8.0355060e+06   4.1870117e+01
   8.0355200e+06   6.5185547e+01
   8.0355700e+06   5.5053711e+01
   8.0355850e+06   4.9743652e+01
   8.0356150e+06   4.3701172e+01
   8.0356550e+06   3.6254883e+01
   8.0504770e+06   3.4362793e+01
   8.0505440e+06   4.3029785e+01
   8.0506500e+06   3.2592773e+01
   8.0507760e+06   3.9672852e+01
   8.0507940e+06   3.7170410e+01
   8.0508400e+06   3.5156250e+01
   8.0509500e+06   3.7475586e+01
   8.0511430e+06   6.6345215e+01
   8.0511600e+06   4.2602539e+01
   8.0512780e+06   5.1147461e+01
   8.0514340e+06   5.8776855e+01
   8.0515670e+06   3.8146973e+01
   8.0515830e+06   3.2348633e+01
   8.0517410e+06   4.9316406e+01
   8.0519760e+06   5.1757813e+01
   8.2669210e+06   4.4311523e+01
   8.2670310e+06   3.3081055e+01
   8.2670840e+06   4.7546387e+01
   8.2671020e+06   3.7292480e+01
   8.2671180e+06   1.1566162e+02
   8.2671400e+06   3.6743164e+01
   8.2671560e+06   3.4545898e+01
   8.2671850e+06   4.4799805e+01
   8.2671960e+06   1.2371826e+02
   8.2672320e+06   6.1096191e+01
   8.2672540e+06   4.5104980e+01
   8.2672870e+06   6.5856934e+01
   8.2673650e+06   4.5959473e+01
   8.2674430e+06   3.7109375e+01
   8.2684590e+06   5.2062988e+01
   8.2689360e+06   5.9204102e+01
   8.5446950e+06   3.3386230e+01
   8.5563720e+06   3.4179688e+01
   8.5569950e+06   4.4677734e+01
   8.5570200e+06   3.4606934e+01
   8.5570630e+06   4.9560547e+01
   8.5570890e+06   3.5095215e+01
   8.5571160e+06   9.9243164e+01
   8.5571490e+06   3.5095215e+01
   8.5571670e+06   3.6743164e+01
   8.5571800e+06   5.8593750e+01
   8.5572100e+06   4.9865723e+01
   8.5572340e+06   3.9550781e+01
   8.5572810e+06   4.3273926e+01
   8.5574220e+06   3.3752441e+01
   8.5574400e+06   3.5095215e+01
   8.5575110e+06   3.2592773e+01
   8.5583290e+06   4.9743652e+01
   8.5586200e+06   4.9987793e+01
   8.7029150e+06   3.4606934e+01
   8.7619980e+06   5.4199219e+01
   8.7621140e+06   3.2409668e+01
   8.7621540e+06   5.0537109e+01
   8.7621770e+06   4.0161133e+01
   8.7622120e+06   3.2714844e+01
   8.7622600e+06   3.2287598e+01
   8.7622920e+06   1.5850830e+02
   8.7623220e+06   3.8452148e+01
   8.7623530e+06   3.6254883e+01
   8.7623700e+06   1.0754395e+02
   8.7624030e+06   5.4016113e+01
   8.7624170e+06   4.6325684e+01
   8.7624440e+06   4.5043945e+01
   8.7624620e+06   5.9509277e+01
   8.7624940e+06   5.1452637e+01
   8.7625290e+06   3.3874512e+01
   8.7625520e+06   4.2724609e+01
   8.7857110e+06   3.2531738e+01
   8.7857440e+06   5.2185059e+01
   8.7861210e+06   3.6804199e+01
   8.7861510e+06   4.1992188e+01
   8.7862020e+06   3.3569336e+01
   8.7862660e+06   9.0209961e+01
   8.7862870e+06   3.2958984e+01
   8.7863340e+06   5.4260254e+01
   8.7864160e+06   7.6477051e+01
   8.7864300e+06   3.5888672e+01
   8.7865330e+06   5.3039551e+01
   8.7867410e+06   5.6030273e+01
   8.7868760e+06   4.2602539e+01
   8.7870220e+06   3.4545898e+01
   8.7872030e+06   3.6743164e+01
   8.8412050e+06   3.2348633e+01
   8.8412480e+06   3.9855957e+01
   8.8413060e+06   3.6865234e+01
   8.8414610e+06   4.3579102e+01
   8.8416580e+06   3.8940430e+01
   8.8417270e+06   1.4343262e+02
   8.8418060e+06   3.3813477e+01
   8.8418430e+06   3.5156250e+01
   8.8418900e+06   4.1931152e+01
   8.8419960e+06   3.4057617e+01
   8.8420150e+06   8.3740234e+01
   8.8421080e+06   3.3996582e+01
   8.8421430e+06   6.4270020e+01
   8.8422640e+06   5.8654785e+01
   8.8424280e+06   6.1462402e+01
   8.8425950e+06   6.0852051e+01
   8.8427440e+06   3.8208008e+01
   8.8431030e+06   5.5297852e+01
   8.9001740e+06   3.5827637e+01
   8.9002110e+06   3.9794922e+01
   8.9002660e+06   3.4362793e+01
   8.9003450e+06   3.8696289e+01
   8.9004290e+06   3.2531738e+01
   8.9004470e+06   3.3569336e+01
   8.9004660e+06   3.2470703e+01
   8.9005220e+06   3.2836914e+01
   8.9005470e+06   4.7607422e+01
   8.9005730e+06   1.3391113e+02
   8.9006080e+06   3.3325195e+01
   8.9006490e+06   4.0893555e+01
   8.9006720e+06   1.1224365e+02
   8.9007030e+06   5.8166504e+01
   8.9007160e+06   3.6560059e+01
   8.9007390e+06   3.9489746e+01
   8.9007540e+06   4.4616699e+01
   8.9007850e+06   3.8757324e+01
   8.9007970e+06   3.2714844e+01
   8.9008220e+06   3.7719727e+01
   8.9008380e+06   4.1809082e+01
   8.9008970e+06   3.2409668e+01
   8.9020000e+06   3.3630371e+01
   8.9021400e+06   5.0598145e+01
   8.9645390e+06   4.9133301e+01
   8.9647160e+06   3.9672852e+01
   8.9647530e+06   3.2958984e+01
   8.9647950e+06   4.7119141e+01
   8.9648140e+06   3.2714844e+01
   8.9648570e+06   3.2470703e+01
   8.9648840e+06   1.4141846e+02
   8.9649040e+06   3.6804199e+01
   8.9649460e+06   4.0832520e+01
   8.9649920e+06   9.0637207e+01
   8.9650070e+06   4.6081543e+01
   8.9650560e+06   5.5603027e+01
   8.9650790e+06   8.0993652e+01
   8.9651120e+06   3.5034180e+01
   8.9651650e+06   3.7475586e+01
   8.9652450e+06   4.1687012e+01
   8.9653250e+06   3.2531738e+01
   9.0303050e+06   3.8085938e+01
   9.0304270e+06   3.5522461e+01
   9.0305960e+06   3.3752441e+01
   9.0306100e+06   3.2409668e+01
   9.0306810e+06   3.2592773e+01
   9.0307470e+06   1.3342285e+02
   9.0307830e+06   3.4423828e+01
   9.0308170e+06   4.7363281e+01
   9.0308530e+06   8.5266113e+01
   9.0308760e+06   3.5644531e+01
   9.0309150e+06   5.3710938e+01
   9.0309320e+06   4.6691895e+01
   9.0309760e+06   8.1237793e+01
   9.0310170e+06   3.6682129e+01
   9.0310350e+06   3.5400391e+01
   9.0310600e+06   4.2724609e+01
   9.0310760e+06   3.8757324e+01
   9.0311660e+06   3.3325195e+01
   9.0837130e+06   3.2897949e+01
   9.0838460e+06   4.7546387e+01
   9.0838810e+06   3.9489746e+01
   9.0839520e+06   3.2592773e+01
   9.0839810e+06   4.0527344e+01
   9.0840290e+06   3.4667969e+01
   9.0840530e+06   3.8757324e+01
   9.0840700e+06   1.2017822e+02
   9.0840850e+06   3.4790039e+01
   9.0841090e+06   3.4545898e+01
   9.0841450e+06   3.8818359e+01
   9.0841610e+06   9.9060059e+01
   9.0842060e+06   3.9611816e+01
   9.0842320e+06   3.3142090e+01
   9.0842740e+06   7.8186035e+01
   9.0843560e+06   4.3395996e+01
   9.0844290e+06   3.4179688e+01
   9.0844430e+06   3.9978027e+01
   9.0852410e+06   3.7780762e+01
   9.1088210e+06   3.8635254e+01
   9.1089000e+06   3.3752441e+01
   9.1090700e+06   3.2287598e+01
   9.1091670e+06   3.7170410e+01
   9.1092590e+06   3.9428711e+01
   9.1092970e+06   9.8510742e+01
   9.1093830e+06   3.4667969e+01
   9.1094100e+06   3.5827637e+01
   9.1094290e+06   3.6437988e+01
   9.1094470e+06   1.1853027e+02
   9.1095650e+06   4.9804688e+01
   9.1095980e+06   3.5278320e+01
   9.1096930e+06   4.3457031e+01
   9.1097130e+06   3.4667969e+01
   9.1098330e+06   3.7170410e+01
   9.1098460e+06   4.9743652e+01
   9.1099840e+06   4.6936035e+01
   9.1101280e+06   3.5400391e+01
   9.1641320e+06   3.6376953e+01
   9.1642570e+06   4.2602539e+01
   9.1643890e+06   3.4301758e+01
   9.1644680e+06   3.2409668e+01
   9.1645560e+06   3.6132813e+01
   9.1645940e+06   3.7109375e+01
   9.1646470e+06   3.8696289e+01
   9.1646790e+06   1.1596680e+02
   9.1647030e+06   3.6743164e+01
   9.1647640e+06   3.5827637e+01
   9.1647810e+06   9.6984863e+01
   9.1648200e+06   3.7719727e+01
   9.1648490e+06   3.9367676e+01
   9.1648590e+06   3.4240723e+01
   9.1648870e+06   6.7749023e+01
   9.1649030e+06   4.8034668e+01
   9.1649310e+06   3.6010742e+01
   9.1649800e+06   3.6376953e+01
   9.1650710e+06   3.7414551e+01
   9.1651790e+06   3.4057617e+01
   9.2436240e+06   3.6499023e+01
   9.2436670e+06   3.3569336e+01
   9.2437160e+06   3.2958984e+01
   9.2438600e+06   3.2531738e+01
   9.2439330e+06   3.5705566e+01
   9.2439750e+06   3.2775879e+01
   9.2439980e+06   4.0466309e+01
   9.2440260e+06   3.3508301e+01
   9.2440550e+06   3.8146973e+01
   9.2440700e+06   1.4093018e+02
   9.2441020e+06   5.9814453e+01
   9.2441250e+06   3.5583496e+01
   9.2441420e+06   3.9184570e+01
   9.2441620e+06   4.3640137e+01
   9.2441750e+06   8.6669922e+01
   9.2441900e+06   3.6804199e+01
   9.2442610e+06   4.1381836e+01
   9.2443380e+06   4.1503906e+01
   9.2444070e+06   3.4118652e+01
   9.2444270e+06   3.6743164e+01
   9.2444970e+06   3.2592773e+01
   9.3299810e+06   3.4057617e+01
   9.3300070e+06   3.2592773e+01
   9.3300810e+06   3.3508301e+01
   9.3304830e+06   3.4301758e+01
   9.3305060e+06   3.5644531e+01
   9.3305490e+06   1.4099121e+02
   9.3305790e+06   5.2978516e+01
   9.3305980e+06   3.4606934e+01
   9.3306230e+06   3.3020020e+01
   9.3306330e+06   3.2653809e+01
   9.3306650e+06   4.0710449e+01
   9.3306980e+06   1.1804199e+02
   9.3307260e+06   3.8574219e+01
   9.3307370e+06   4.9621582e+01
   9.3307760e+06   3.6987305e+01
   9.3308520e+06   4.7851563e+01
   9.3308680e+06   4.1748047e+01
   9.3308900e+06   4.1748047e+01
   9.3309310e+06   3.7902832e+01
   9.3310320e+06   3.4118652e+01
   9.3320480e+06   4.8828125e+01
   9.3471930e+06   3.4545898e+01
   9.3474140e+06   3.2287598e+01
   9.3476210e+06   3.7536621e+01
   9.3476860e+06   3.2287598e+01
   9.3477180e+06   4.0344238e+01
   9.3477450e+06   3.6865234e+01
   9.3477710e+06   3.3264160e+01
   9.3478270e+06   3.4606934e+01
   9.3478710e+06   6.5246582e+01
   9.3479800e+06   4.2724609e+01
   9.3480620e+06   7.4707031e+01
   9.3480970e+06   3.4973145e+01
   9.3482290e+06   5.6884766e+01
   9.3483760e+06   4.4982910e+01
   9.3485090e+06   3.4057617e+01
   9.3487370e+06   3.9550781e+01
   9.3491780e+06   6.2377930e+01
   9.3931450e+06   3.3630371e+01
   9.3932980e+06   4.3334961e+01
   9.3933860e+06   3.3813477e+01
   9.3936780e+06   3.7048340e+01
   9.3937470e+06   3.3020020e+01
   9.3937790e+06   3.5949707e+01
   9.3938490e+06   3.5339355e+01
   9.3940700e+06   8.9416504e+01
   9.3940880e+06   3.3081055e+01
   9.3942860e+06   8.5388184e+01
   9.3946580e+06   6.9396973e+01
   9.4328170e+06   3.9123535e+01
   9.4329210e+06   3.8146973e+01
   9.4329680e+06   3.4118652e+01
   9.4330820e+06   4.9560547e+01
   9.4332890e+06   4.9682617e+01
   9.4333790e+06   3.5217285e+01
   9.4334380e+06   1.3201904e+02
   9.4336180e+06   9.5642090e+01
   9.4337230e+06   3.4484863e+01
   9.4337650e+06   7.7575684e+01
   9.4339230e+06   3.3447266e+01
   9.4340400e+06   3.3325195e+01
   9.4340590e+06   5.6396484e+01
   9.4342370e+06   5.7373047e+01
   9.4345990e+06   7.2204590e+01
   9.4658360e+06   3.8818359e+01
   9.4658710e+06   4.3212891e+01
   9.4661060e+06   3.8879395e+01
   9.4661950e+06   3.2531738e+01
   9.4662710e+06   3.6376953e+01
   9.4662940e+06   4.2785645e+01
   9.4663380e+06   1.4532471e+02
   9.4663500e+06   3.3752441e+01
   9.4664600e+06   3.2836914e+01
   9.4664700e+06   9.8815918e+01
   9.4664820e+06   3.3935547e+01
   9.4665970e+06   3.7109375e+01
   9.4666380e+06   8.9355469e+01
   9.4666570e+06   3.2653809e+01
   9.4666770e+06   3.3874512e+01
   9.4667590e+06   5.1696777e+01
   9.4667780e+06   3.4240723e+01
   9.4669000e+06   5.2429199e+01
   9.4670990e+06   6.3903809e+01
   9.4672970e+06   5.6396484e+01
   9.4676900e+06   6.9091797e+01
   9.5120480e+06   3.8024902e+01
   9.5122690e+06   3.8452148e+01
   9.5123160e+06   3.6010742e+01
   9.5125230e+06   1.2054443e+02
   9.5126000e+06   3.2409668e+01
   9.5126990e+06   1.0290527e+02
   9.5128040e+06   3.5583496e+01
   9.5128590e+06   7.4707031e+01
   9.5130900e+06   6.0363770e+01
   9.5134050e+06   8.0383301e+01
   9.5250800e+06   3.9245605e+01
   9.5252430e+06   3.3569336e+01
   9.5253840e+06   3.6743164e+01
   9.5257190e+06   3.3508301e+01
   9.5257860e+06   3.3264160e+01
   9.5258830e+06   1.0644531e+02
   9.5260080e+06   3.3020020e+01
   9.5260570e+06   3.4057617e+01
   9.5261790e+06   1.0363770e+02
   9.5266180e+06   3.2897949e+01
   9.5266530e+06   8.5449219e+01
   9.5985940e+06   4.2602539e+01
   9.7277960e+06   3.3935547e+01
   9.8435950e+06   3.4423828e+01
   9.8436120e+06   4.1748047e+01
   9.8436730e+06   3.5888672e+01
   9.8437060e+06   3.9245605e+01
   9.8437290e+06   1.6992187e+02
   9.8437630e+06   5.6274414e+01
   9.8437740e+06   3.7658691e+01
   9.8438100e+06   1.1065674e+02
   9.8438400e+06   4.3029785e+01
   9.8438670e+06   5.9692383e+01
   9.8438780e+06   3.8513184e+01
   9.8438940e+06   9.8388672e+01
   9.8439100e+06   4.5593262e+01
   9.8439400e+06   3.5888672e+01
   9.8439660e+06   5.8349609e+01
   9.8440380e+06   3.5400391e+01
   9.9242300e+06   3.4179688e+01
   1.0019441e+07   3.5888672e+01
   1.0038951e+07   3.7353516e+01
   1.0039015e+07   3.3386230e+01
   1.0039153e+07   3.8269043e+01
   1.0039285e+07   4.4067383e+01
   1.0039332e+07   1.2908936e+02
   1.0039370e+07   3.6682129e+01
   1.0039384e+07   4.8400879e+01
   1.0039405e+07   6.8542480e+01
   1.0039434e+07   3.3874512e+01
   1.0039459e+07   3.4790039e+01
   1.0039478e+07   5.7250977e+01
   1.0039498e+07   4.9560547e+01
   1.0039561e+07   4.7241211e+01
   1.0040597e+07   4.1259766e+01
   1.0051073e+07   4.5410156e+01
   1.0061736e+07   3.4729004e+01
   1.0061874e+07   3.2348633e+01
   1.0061948e+07   4.1381836e+01
   1.0062035e+07   3.3935547e+01
   1.0062049e+07   3.3813477e+01
   1.0062082e+07   1.4086914e+02
   1.0062162e+07   3.5705566e+01
   1.0062184e+07   4.1503906e+01
   1.0062211e+07   1.0913086e+02
   1.0062233e+07   3.7109375e+01
   1.0062289e+07   3.2592773e+01
   1.0062352e+07   3.4851074e+01
   1.0062379e+07   6.9458008e+01
   1.0062450e+07   3.3142090e+01
   1.0062506e+07   5.2185059e+01
   1.0062627e+07   4.4311523e+01
   1.0062651e+07   3.6743164e+01
   1.0062803e+07   3.9184570e+01
   1.0062985e+07   4.0710449e+01
   1.0063190e+07   5.0231934e+01
   1.0063417e+07   4.9316406e+01
   1.0089527e+07   3.3386230e+01
   1.0089653e+07   4.7546387e+01
   1.0234937e+07   3.7475586e+01
   1.0235035e+07   3.8513184e+01
   1.0235096e+07   3.8818359e+01
   1.0235133e+07   3.2348633e+01
   1.0235168e+07   4.2175293e+01
   1.0235185e+07   1.2097168e+02
   1.0235197e+07   3.5156250e+01
   1.0235225e+07   5.0842285e+01
   1.0235245e+07   3.3020020e+01
   1.0235271e+07   4.0466309e+01
   1.0235284e+07   7.6599121e+01
   1.0235316e+07   5.3344727e+01
   1.0235334e+07   3.5095215e+01
   1.0235371e+07   6.8786621e+01
   1.0235442e+07   4.3395996e+01
   1.0236875e+07   4.5532227e+01
   1.0372446e+07   3.7658691e+01
   1.0372535e+07   5.1147461e+01
   1.0372617e+07   3.3447266e+01
   1.0372693e+07   3.3996582e+01
   1.0372712e+07   4.1809082e+01
   1.0372733e+07   3.7658691e+01
   1.0372796e+07   4.2236328e+01
   1.0372824e+07   1.1553955e+02
   1.0372838e+07   4.2236328e+01
   1.0372859e+07   3.5278320e+01
   1.0372871e+07   4.2236328e+01
   1.0372890e+07   4.1564941e+01
   1.0372906e+07   9.8449707e+01
   1.0372937e+07   5.9265137e+01
   1.0372962e+07   3.6193848e+01
   1.0372972e+07   4.0710449e+01
   1.0373005e+07   7.3303223e+01
   1.0373034e+07   3.2958984e+01
   1.0373044e+07   4.3457031e+01
   1.0373065e+07   3.4729004e+01
   1.0373087e+07   4.6386719e+01
   1.0374140e+07   3.3996582e+01
   1.0449007e+07   3.6499023e+01
   1.0449075e+07   3.5888672e+01
   1.0449357e+07   1.1859131e+02
   1.0449374e+07   3.9794922e+01
   1.0449429e+07   3.7109375e+01
   1.0449450e+07   1.0601807e+02
   1.0449487e+07   3.3630371e+01
   1.0449518e+07   3.3874512e+01
   1.0449540e+07   3.4790039e+01
   1.0449558e+07   8.5876465e+01
   1.0449585e+07   4.9926758e+01
   1.0449647e+07   3.4057617e+01
   1.0449657e+07   3.7902832e+01
   1.0449697e+07   3.2714844e+01
   1.0449728e+07   4.1503906e+01
   1.0508572e+07   3.8818359e+01
   1.0508867e+07   3.2348633e+01
   1.0509002e+07   3.3935547e+01
   1.0509034e+07   3.4240723e+01
   1.0509051e+07   1.3354492e+02
   1.0509097e+07   4.4982910e+01
   1.0509129e+07   3.6743164e+01
   1.0509142e+07   3.5827637e+01
   1.0509163e+07   4.0588379e+01
   1.0509199e+07   8.7829590e+01
   1.0509216e+07   3.9855957e+01
   1.0509238e+07   3.2897949e+01
   1.0509274e+07   3.9184570e+01
   1.0509310e+07   5.3161621e+01
   1.0509326e+07   4.0100098e+01
   1.0509381e+07   4.1931152e+01
   1.0509395e+07   5.6457520e+01
   1.0509487e+07   3.6682129e+01
   1.0546894e+07   3.2348633e+01
   1.0546940e+07   3.4912109e+01
   1.0547001e+07   3.8513184e+01
   1.0547137e+07   3.5949707e+01
   1.0547149e+07   3.3203125e+01
   1.0547274e+07   1.3525391e+02
   1.0547319e+07   3.2531738e+01
   1.0547404e+07   3.3325195e+01
   1.0547431e+07   3.7414551e+01
   1.0547488e+07   3.3508301e+01
   1.0547517e+07   4.1015625e+01
   1.0547547e+07   8.8256836e+01
   1.0547600e+07   3.4606934e+01
   1.0547634e+07   3.3569336e+01
   1.0547671e+07   7.1228027e+01
   1.0547736e+07   4.0161133e+01
   1.0547781e+07   3.9672852e+01
   1.0547881e+07   4.0527344e+01
   1.0548121e+07   3.3081055e+01
   1.0548715e+07   3.9001465e+01
   1.0578628e+07   3.2714844e+01
   1.0609703e+07   3.9428711e+01
   1.0609767e+07   3.2470703e+01
   1.0609986e+07   3.6926270e+01
   1.0610109e+07   4.5959473e+01
   1.0610141e+07   1.4184570e+02
   1.0610151e+07   3.6193848e+01
   1.0610175e+07   5.7556152e+01
   1.0610223e+07   3.8879395e+01
   1.0610250e+07   1.0864258e+02
   1.0610274e+07   3.9978027e+01
   1.0610300e+07   4.1381836e+01
   1.0610332e+07   4.3151855e+01
   1.0610353e+07   6.6101074e+01
   1.0610370e+07   4.8950195e+01
   1.0610422e+07   3.3569336e+01
   1.0610458e+07   3.2470703e+01
   1.0610543e+07   3.2958984e+01
   1.0611385e+07   4.3334961e+01
   1.0634902e+07   3.3081055e+01
   1.0634937e+07   3.9855957e+01
   1.0635118e+07   3.5461426e+01
   1.0635199e+07   3.7109375e+01
   1.0635316e+07   3.8757324e+01
   1.0635426e+07   1.2963867e+02
   1.0635437e+07   3.5278320e+01
   1.0635456e+07   3.6193848e+01
   1.0635607e+07   9.4360352e+01
   1.0635694e+07   3.5034180e+01
   1.0635755e+07   3.5705566e+01
   1.0635789e+07   8.5693359e+01
   1.0635946e+07   6.6711426e+01
   1.0636166e+07   7.2387695e+01
   1.0636447e+07   6.5612793e+01
   1.0636872e+07   7.2021484e+01
   1.0689393e+07   3.3935547e+01
   1.0689452e+07   4.4250488e+01
   1.0689593e+07   4.1687012e+01
   1.0689650e+07   3.5949707e+01
   1.0689706e+07   4.1931152e+01
   1.0689740e+07   3.6193848e+01
   1.0689763e+07   1.3488770e+02
   1.0689805e+07   3.3691406e+01
   1.0689832e+07   4.5837402e+01
   1.0689875e+07   1.0345459e+02
   1.0689922e+07   3.3203125e+01
   1.0689953e+07   5.5053711e+01
   1.0689981e+07   5.7800293e+01
   1.0690034e+07   3.4423828e+01
   1.0690063e+07   5.2917480e+01
   1.0690165e+07   3.4729004e+01
   1.0830347e+07   3.4118652e+01
   1.0830365e+07   3.4057617e+01
   1.0830452e+07   3.4240723e+01
   1.0830559e+07   3.5339355e+01
   1.0830607e+07   5.2001953e+01
   1.0830651e+07   3.5583496e+01
   1.0830694e+07   4.0039063e+01
   1.0830708e+07   5.7739258e+01
   1.0830754e+07   4.1992188e+01
   1.0830796e+07   4.9377441e+01
   1.0830812e+07   3.5278320e+01
   1.0830831e+07   1.1114502e+02
   1.0830872e+07   6.0974121e+01
   1.0830904e+07   3.5766602e+01
   1.0830921e+07   6.5490723e+01
   1.0830931e+07   3.7597656e+01
   1.0830965e+07   3.9611816e+01
   1.0830989e+07   3.9978027e+01
   1.0831000e+07   6.1035156e+01
   1.0882380e+07   3.3081055e+01
   1.1019871e+07   3.3081055e+01
   1.1091327e+07   3.6254883e+01
   1.1091406e+07   4.0710449e+01
   1.1091600e+07   3.4545898e+01
   1.1091658e+07   3.3569336e+01
   1.1091691e+07   1.1889648e+02
   1.1091706e+07   4.5959473e+01
   1.1091733e+07   3.5644531e+01
   1.1091779e+07   9.8266602e+01
   1.1091805e+07   5.0964355e+01
   1.1091833e+07   4.8339844e+01
   1.1091856e+07   6.5429688e+01
   1.1091903e+07   3.7536621e+01
   1.1091924e+07   4.2480469e+01
   1.1092020e+07   3.5644531e+01
   1.1106260e+07   4.1564941e+01
   1.1106295e+07   3.4240723e+01
   1.1106512e+07   3.2531738e+01
   1.1106581e+07   3.3020020e+01
   1.1106671e+07   3.5034180e+01
   1.1106692e+07   1.3824463e+02
   1.1106742e+07   3.7658691e+01
   1.1106760e+07   3.2775879e+01
   1.1106822e+07   9.6801758e+01
   1.1106834e+07   3.9611816e+01
   1.1106883e+07   3.7414551e+01
   1.1106926e+07   5.1818848e+01
   1.1106940e+07   3.4484863e+01
   1.1107017e+07   3.3203125e+01
   1.1107031e+07   4.9499512e+01
   1.1107142e+07   3.9123535e+01
   1.1107872e+07   3.4912109e+01
   1.1108153e+07   4.4555664e+01
   1.1136746e+07   3.6071777e+01
   1.1137166e+07   3.2653809e+01
   1.1227039e+07   4.2053223e+01
   1.1227247e+07   3.7963867e+01
   1.1227362e+07   3.5095215e+01
   1.1227421e+07   3.2836914e+01
   1.1227460e+07   1.4501953e+02
   1.1227554e+07   4.5532227e+01
   1.1227572e+07   4.5837402e+01
   1.1227594e+07   1.0284424e+02
   1.1227635e+07   3.5461426e+01
   1.1227662e+07   4.2724609e+01
   1.1227684e+07   5.6823730e+01
   1.1227765e+07   4.8339844e+01
   1.1227787e+07   3.2958984e+01
   1.1227857e+07   3.9123535e+01
   1.1227886e+07   3.2836914e+01
   1.1300168e+07   4.4128418e+01
   1.1300305e+07   3.4057617e+01
   1.1328633e+07   3.4912109e+01
   1.1329089e+07   3.9611816e+01
   1.1329132e+07   3.6804199e+01
   1.1329183e+07   3.5217285e+01
   1.1329196e+07   1.4050293e+02
   1.1329247e+07   3.4790039e+01
   1.1329272e+07   3.3813477e+01
   1.1329291e+07   8.7829590e+01
   1.1329306e+07   4.5166016e+01
   1.1329335e+07   3.8696289e+01
   1.1329360e+07   4.3945313e+01
   1.1329392e+07   4.4372559e+01
   1.1329408e+07   4.1625977e+01
   1.1329478e+07   3.9489746e+01
   1.1329503e+07   3.4545898e+01
   1.1329536e+07   4.1931152e+01
   1.1329774e+07   3.4179688e+01
   1.1330021e+07   3.3447266e+01
   1.1349849e+07   3.2897949e+01
   1.1350050e+07   3.7902832e+01
   1.1350231e+07   3.3752441e+01
   1.1350284e+07   3.2714844e+01
   1.1350341e+07   3.9855957e+01
   1.1350363e+07   4.6325684e+01
   1.1350382e+07   1.4111328e+02
   1.1350421e+07   3.4362793e+01
   1.1350455e+07   4.2785645e+01
   1.1350531e+07   1.0461426e+02
   1.1350583e+07   3.3813477e+01
   1.1350626e+07   3.3325195e+01
   1.1350650e+07   8.0993652e+01
   1.1350697e+07   4.0649414e+01
   1.1350719e+07   3.7658691e+01
   1.1350765e+07   5.0048828e+01
   1.1350815e+07   3.2592773e+01
   1.1350885e+07   4.9072266e+01
   1.1351029e+07   4.5898438e+01
   1.1351079e+07   3.3264160e+01
   1.1351231e+07   3.5583496e+01
   1.1351467e+07   3.8879395e+01
   1.1351897e+07   8.7585449e+01
   1.1393747e+07   3.3203125e+01
   1.1395277e+07   5.2429199e+01
   1.1396204e+07   3.4240723e+01
   1.1414647e+07   3.9123535e+01
   1.1414668e+07   3.2897949e+01
   1.1414746e+07   3.4545898e+01
   1.1414909e+07   3.8024902e+01
   1.1414968e+07   3.9855957e+01
   1.1415027e+07   3.5278320e+01
   1.1415055e+07   4.6875000e+01
   1.1415085e+07   1.0949707e+02
   1.1415151e+07   3.2348633e+01
   1.1415206e+07   1.0302734e+02
   1.1415258e+07   3.3691406e+01
   1.1415275e+07   4.4860840e+01
   1.1415312e+07   8.0078125e+01
   1.1415351e+07   4.4128418e+01
   1.1415390e+07   4.6447754e+01
   1.1415439e+07   3.3691406e+01
   1.1416165e+07   3.6010742e+01
   1.1416337e+07   3.4606934e+01
   1.1596906e+07   3.5034180e+01
   1.1597038e+07   3.6315918e+01
   1.1597061e+07   3.7658691e+01
   1.1597104e+07   3.7109375e+01
   1.1597139e+07   3.2714844e+01
   1.1597168e+07   3.7963867e+01
   1.1597188e+07   1.2518311e+02
   1.1597213e+07   4.1137695e+01
   1.1597242e+07   3.7170410e+01
   1.1597279e+07   9.8266602e+01
   1.1597309e+07   3.9550781e+01
   1.1597324e+07   5.4199219e+01
   1.1597350e+07   4.7607422e+01
   1.1597367e+07   7.5317383e+01
   1.1597405e+07   3.4301758e+01
   1.1597448e+07   4.2175293e+01
   1.1597515e+07   3.2714844e+01
   1.1598535e+07   3.9245605e+01
   1.1598901e+07   4.9072266e+01
   1.1659202e+07   3.8818359e+01
   1.1674250e+07   3.5461426e+01
   1.1674274e+07   3.6010742e+01
   1.1723941e+07   4.3273926e+01
   1.1724265e+07   4.2785645e+01
   1.1724302e+07   3.5156250e+01
   1.1724324e+07   3.4118652e+01
   1.1724349e+07   3.5034180e+01
   1.1724372e+07   4.4982910e+01
   1.1724405e+07   5.3771973e+01
   1.1724422e+07   3.9978027e+01
   1.1724435e+07   1.4068604e+02
   1.1724486e+07   3.3691406e+01
   1.1724541e+07   7.7331543e+01
   1.1724590e+07   4.0710449e+01
   1.1724620e+07   4.2236328e+01
   1.1724688e+07   3.4667969e+01
   1.1761957e+07   4.3273926e+01
   1.1761988e+07   3.9855957e+01
   1.1762076e+07   4.2602539e+01
   1.1762359e+07   3.2958984e+01
   1.1762393e+07   3.4790039e+01
   1.1762410e+07   3.3691406e+01
   1.1762449e+07   3.6560059e+01
   1.1762498e+07   1.1035156e+02
   1.1762565e+07   3.8452148e+01
   1.1762607e+07   3.4423828e+01
   1.1762630e+07   3.7231445e+01
   1.1762689e+07   9.8632812e+01
   1.1762716e+07   5.2978516e+01
   1.1762832e+07   9.9426270e+01
   1.1762923e+07   3.7475586e+01
   1.1762988e+07   7.0495605e+01
   1.1763034e+07   3.4057617e+01
   1.1763226e+07   7.0983887e+01
   1.1763407e+07   5.7006836e+01
   1.1828010e+07   3.6865234e+01
   1.1828063e+07   3.4423828e+01
   1.1828140e+07   4.8889160e+01
   1.1828232e+07   3.3508301e+01
   1.1828344e+07   3.5095215e+01
   1.1828380e+07   3.6560059e+01
   1.1828409e+07   4.7668457e+01
   1.1828443e+07   3.3630371e+01
   1.1828471e+07   4.1625977e+01
   1.1828481e+07   4.2663574e+01
   1.1828502e+07   3.9001465e+01
   1.1828542e+07   3.6987305e+01
   1.1828554e+07   4.0283203e+01
   1.1828570e+07   3.4423828e+01
   1.1828585e+07   7.6599121e+01
   1.1828628e+07   4.3273926e+01
   1.1828672e+07   4.7546387e+01
   1.1828687e+07   5.2490234e+01
   1.1828759e+07   4.2236328e+01
   1.1829832e+07   3.8269043e+01
   1.1926081e+07   4.2419434e+01
   1.1926377e+07   3.6132813e+01
   1.1926402e+07   3.3752441e+01
   1.1926454e+07   1.4453125e+02
   1.1926501e+07   3.3630371e+01
   1.1926521e+07   3.7292480e+01
   1.1926537e+07   3.4240723e+01
   1.1926564e+07   3.5400391e+01
   1.1926587e+07   9.6557617e+01
   1.1926620e+07   5.4809570e+01
   1.1926682e+07   6.8176270e+01
   1.1926766e+07   3.8513184e+01
   1.1926840e+07   3.4484863e+01
   1.1927776e+07   4.0649414e+01
   1.1948009e+07   3.4484863e+01
   1.1948133e+07   3.3447266e+01
   1.1948164e+07   3.2775879e+01
   1.1948219e+07   3.2348633e+01
   1.1948235e+07   3.5034180e+01
   1.1948271e+07   3.6560059e+01
   1.1948305e+07   4.9255371e+01
   1.1948384e+07   1.2579346e+02
   1.1948546e+07   9.1857910e+01
   1.1948603e+07   4.7119141e+01
   1.1948704e+07   8.2824707e+01
   1.1948797e+07   3.6437988e+01
   1.1948867e+07   6.7443848e+01
   1.1949101e+07   6.7443848e+01
   1.1949315e+07   6.9091797e+01
