   1.1996000e+07   0.0000000e+00
   1.0208100e+05   3.9733887e+01
   1.0214900e+05   3.8024902e+01
   1.0221600e+05   9.2224121e+01
   1.0236500e+05   6.9641113e+01
   1.0240000e+05   3.8330078e+01
   1.0250600e+05   5.4382324e+01
   1.0270400e+05   6.1523438e+01
   1.0287200e+05   5.4626465e+01
   1.0313800e+05   4.4982910e+01
   1.0370200e+05   6.3842773e+01
   1.0392300e+05   6.7565918e+01
   1.0412300e+05   6.3903809e+01
   1.0440900e+05   3.8085938e+01
   2.3768600e+05   4.0405273e+01
   2.3787800e+05   8.5327148e+01
   2.3802000e+05   9.2224121e+01
   2.3804400e+05   4.2236328e+01
   2.3816300e+05   6.1401367e+01
   2.3831900e+05   4.6020508e+01
   2.3851700e+05   4.9133301e+01
   2.3869600e+05   4.1198730e+01
   2.3887900e+05   4.0222168e+01
   2.3904600e+05   4.8889160e+01
   2.3920800e+05   4.0100098e+01
   2.3936300e+05   4.3701172e+01
   2.3937400e+05   4.2358398e+01
   2.3951400e+05   3.8391113e+01
   2.3965300e+05   4.0832520e+01
   2.3979400e+05   3.7658691e+01
   2.3994900e+05   4.3762207e+01
   2.4017500e+05   3.8879395e+01
   2.4068700e+05   4.7851563e+01
   3.6870600e+05   3.7353516e+01
   4.2736700e+05   1.1364746e+02
   4.2751600e+05   8.1787109e+01
   4.2766400e+05   8.2824707e+01
   4.2783200e+05   7.1228027e+01
   4.2801000e+05   6.6101074e+01
   4.2815100e+05   4.7912598e+01
   4.2839800e+05   5.5847168e+01
   4.2855200e+05   4.7668457e+01
   4.2870000e+05   4.9316406e+01
   4.2882600e+05   3.7658691e+01
   4.2885800e+05   5.4260254e+01
   4.2910900e+05   4.0710449e+01
   4.2925800e+05   3.9184570e+01
   4.2959500e+05   4.2358398e+01
   4.2998000e+05   3.6865234e+01
   5.9152000e+05   9.1979980e+01
   5.9167100e+05   8.1054688e+01
   5.9181600e+05   7.5256348e+01
   5.9193500e+05   5.1086426e+01
   5.9211200e+05   5.5236816e+01
   5.9236400e+05   6.0058594e+01
   5.9257600e+05   5.9204102e+01
   5.9273300e+05   3.6560059e+01
   5.9284100e+05   6.6223145e+01
   5.9308900e+05   5.7373047e+01
   5.9329000e+05   6.2438965e+01
   5.9346400e+05   4.2968750e+01
   5.9367000e+05   4.1381836e+01
   5.9398200e+05   3.5949707e+01
   5.9437700e+05   3.9184570e+01
   7.6822900e+05   1.0638428e+02
   7.6844300e+05   7.8735352e+01
   7.6857700e+05   7.8186035e+01
   7.6882900e+05   6.0424805e+01
   7.6906100e+05   6.7687988e+01
   7.6926800e+05   5.5114746e+01
   7.6943900e+05   5.3955078e+01
   7.6963000e+05   4.5288086e+01
   7.6980200e+05   5.5786133e+01
   7.6994600e+05   3.6376953e+01
   7.7010000e+05   4.4250488e+01
   7.7025900e+05   3.9001465e+01
   7.7120800e+05   4.2846680e+01
   9.4192500e+05   1.0412598e+02
   9.4196900e+05   3.7597656e+01
   9.4204900e+05   8.3618164e+01
   9.4217000e+05   8.4838867e+01
   9.4230100e+05   6.4514160e+01
   9.4246800e+05   4.7546387e+01
   9.4260200e+05   4.5898438e+01
   9.4275600e+05   3.8696289e+01
   9.4291700e+05   4.5898438e+01
   9.4368200e+05   3.6621094e+01
   9.4414200e+05   3.9184570e+01
   9.4458800e+05   3.6376953e+01
   9.4502800e+05   3.8696289e+01
   1.0786850e+06   3.7231445e+01
   1.0787780e+06   1.0681152e+02
   1.0788790e+06   4.2114258e+01
   1.0789560e+06   9.6923828e+01
   1.0791090e+06   9.1857910e+01
   1.0792620e+06   6.2866211e+01
   1.0794270e+06   5.8654785e+01
   1.0796900e+06   6.6528320e+01
   1.0798620e+06   5.8105469e+01
   1.0801480e+06   5.5541992e+01
   1.0803260e+06   4.6386719e+01
   1.0805020e+06   4.6630859e+01
   1.0806760e+06   3.7841797e+01
   1.0808730e+06   4.3640137e+01
   1.0810730e+06   4.7302246e+01
   1.0812870e+06   3.6743164e+01
   1.0815990e+06   3.9611816e+01
   1.2440860e+06   3.7292480e+01
   1.2441150e+06   3.7963867e+01
   1.2441680e+06   1.1071777e+02
   1.2442870e+06   1.1480713e+02
   1.2443520e+06   3.7597656e+01
   1.2444040e+06   6.4636230e+01
   1.2444260e+06   3.8940430e+01
   1.2445430e+06   4.8339844e+01
   1.2447440e+06   5.9448242e+01
   1.2448690e+06   4.0710449e+01
   1.2450150e+06   6.0974121e+01
   1.2452340e+06   3.9733887e+01
   1.2454240e+06   5.7067871e+01
   1.2456030e+06   4.7241211e+01
   1.2458740e+06   5.3405762e+01
   1.2460640e+06   4.9926758e+01
   1.2463420e+06   3.8635254e+01
   1.2465520e+06   4.4311523e+01
   1.3926570e+06   3.6071777e+01
   1.3926900e+06   8.1359863e+01
   1.3928190e+06   8.1848145e+01
   1.3928390e+06   4.0832520e+01
   1.3928920e+06   3.9855957e+01
   1.3929490e+06   7.0129395e+01
   1.3930950e+06   7.9772949e+01
   1.3933220e+06   6.2927246e+01
   1.3934880e+06   5.1635742e+01
   1.3938100e+06   5.4626465e+01
   1.3940070e+06   6.3964844e+01
   1.3942580e+06   4.3823242e+01
   1.3944070e+06   3.9550781e+01
   1.3946220e+06   4.9438477e+01
   1.3947910e+06   3.6499023e+01
   1.3951860e+06   3.6682129e+01
   1.5517240e+06   1.1749268e+02
   1.5517980e+06   3.7048340e+01
   1.5518720e+06   1.0388184e+02
   1.5519900e+06   6.7687988e+01
   1.5522650e+06   7.5317383e+01
   1.5524970e+06   6.8237305e+01
   1.5528960e+06   4.0344238e+01
   1.5529150e+06   5.3833008e+01
   1.5532450e+06   7.7453613e+01
   1.5535030e+06   5.8959961e+01
   1.5537510e+06   4.8034668e+01
   1.5540120e+06   4.6020508e+01
   1.7791100e+06   1.0638428e+02
   1.7792210e+06   7.7087402e+01
   1.7793230e+06   7.3120117e+01
   1.7793970e+06   3.9001465e+01
   1.7794610e+06   6.7932129e+01
   1.7796150e+06   4.9987793e+01
   1.7797430e+06   5.7312012e+01
   1.7798970e+06   4.5776367e+01
   1.7800970e+06   4.0222168e+01
   1.7802550e+06   3.9489746e+01
   1.7804310e+06   4.6752930e+01
   1.7807250e+06   4.1992188e+01
   1.7808890e+06   5.5969238e+01
   1.7810350e+06   3.7658691e+01
   1.7814170e+06   3.8574219e+01
   1.7816330e+06   4.0222168e+01
   1.9448700e+06   3.7841797e+01
   1.9448870e+06   4.0039063e+01
   1.9449830e+06   3.5949707e+01
   1.9450020e+06   9.0881348e+01
   1.9451590e+06   8.8317871e+01
   1.9451820e+06   4.5288086e+01
   1.9453050e+06   5.9631348e+01
   1.9454370e+06   6.4575195e+01
   1.9455880e+06   4.7790527e+01
   1.9458110e+06   5.2307129e+01
   1.9459990e+06   3.6865234e+01
   1.9461600e+06   4.6752930e+01
   1.9463840e+06   5.7189941e+01
   1.9465560e+06   3.6071777e+01
   1.9469400e+06   4.0832520e+01
   1.9473050e+06   4.0893555e+01
   1.9474980e+06   3.6926270e+01
   2.1020360e+06   3.7353516e+01
   2.1020950e+06   1.0345459e+02
   2.1022140e+06   7.6293945e+01
   2.1022280e+06   4.7851563e+01
   2.1023270e+06   5.8471680e+01
   2.1024520e+06   5.9204102e+01
   2.1026240e+06   6.5124512e+01
   2.1027760e+06   5.8410645e+01
   2.1029360e+06   5.1818848e+01
   2.1031370e+06   3.6315918e+01
   2.1033810e+06   4.2236328e+01
   2.1036570e+06   5.2917480e+01
   2.1036870e+06   3.6987305e+01
   2.1038150e+06   3.8879395e+01
   2.1039820e+06   3.6071777e+01
   2.1045970e+06   3.9062500e+01
   2.1047860e+06   3.6560059e+01
   2.1050370e+06   4.0283203e+01
   2.2146090e+06   4.1076660e+01
   2.2146760e+06   4.1259766e+01
   2.2147240e+06   8.8928223e+01
   2.2148640e+06   7.7636719e+01
   2.2149440e+06   4.5593262e+01
   2.2149870e+06   7.5866699e+01
   2.2150490e+06   4.8461914e+01
   2.2151270e+06   6.2683105e+01
   2.2152220e+06   3.6499023e+01
   2.2152700e+06   5.3283691e+01
   2.2154670e+06   4.6142578e+01
   2.2156420e+06   5.7739258e+01
   2.2158300e+06   4.5898438e+01
   2.2159990e+06   4.9133301e+01
   2.2162710e+06   3.8269043e+01
   2.2164430e+06   5.2673340e+01
   2.2166110e+06   3.6682129e+01
   2.2168200e+06   3.7841797e+01
   2.2170730e+06   3.6254883e+01
   2.2172550e+06   4.2175293e+01
   2.2175470e+06   3.7719727e+01
   2.3327910e+06   3.6315918e+01
   2.3328210e+06   1.0705566e+02
   2.3329530e+06   9.6618652e+01
   2.3331090e+06   8.0749512e+01
   2.3332370e+06   5.7067871e+01
   2.3333810e+06   4.3701172e+01
   2.3335620e+06   4.4677734e+01
   2.3336810e+06   3.6071777e+01
   2.3337070e+06   4.8645020e+01
   2.3339160e+06   5.0170898e+01
   2.3340720e+06   4.0405273e+01
   2.3342710e+06   3.8085938e+01
   2.3346370e+06   5.5297852e+01
   2.3347040e+06   4.0771484e+01
   2.3348080e+06   4.5532227e+01
   2.3349760e+06   4.0100098e+01
   2.3351600e+06   3.8391113e+01
   2.4926420e+06   4.0649414e+01
   2.4926520e+06   1.0485840e+02
   2.4926850e+06   3.8452148e+01
   2.4927060e+06   3.6254883e+01
   2.4927730e+06   4.1687012e+01
   2.4928070e+06   9.8266602e+01
   2.4929140e+06   7.4707031e+01
   2.4930240e+06   5.9326172e+01
   2.4931600e+06   4.4006348e+01
   2.4933200e+06   4.2602539e+01
   2.4935930e+06   4.4006348e+01
   2.4938910e+06   3.9855957e+01
   2.4941210e+06   4.4738770e+01
   2.4942970e+06   4.5593262e+01
   2.6496470e+06   3.8330078e+01
   2.6496760e+06   8.9233398e+01
   2.6496990e+06   3.7658691e+01
   2.6498250e+06   7.9772949e+01
   2.6499960e+06   6.3171387e+01
   2.6501480e+06   6.0791016e+01
   2.6502750e+06   5.1635742e+01
   2.6504340e+06   4.0893555e+01
   2.6506300e+06   4.8095703e+01
   2.6508000e+06   5.0598145e+01
   2.6509850e+06   4.0161133e+01
   2.6511710e+06   4.2297363e+01
   2.6519080e+06   3.9550781e+01
   2.6521100e+06   3.9245605e+01
   2.6523610e+06   4.1931152e+01
   2.8291600e+06   3.6071777e+01
   2.8291900e+06   3.7963867e+01
   2.8292050e+06   3.6376953e+01
   2.8293110e+06   3.7597656e+01
   2.8293560e+06   7.4890137e+01
   2.8294180e+06   3.6010742e+01
   2.8294540e+06   6.7565918e+01
   2.8296180e+06   6.0913086e+01
   2.8297500e+06   3.8085938e+01
   2.8299260e+06   5.1086426e+01
   2.8300640e+06   3.8940430e+01
   2.8302150e+06   3.8818359e+01
   2.8303730e+06   4.1442871e+01
   2.8305280e+06   4.7058105e+01
   2.8306860e+06   5.2490234e+01
   2.8309390e+06   5.4626465e+01
   2.8310970e+06   3.8208008e+01
   2.8313230e+06   3.8085938e+01
   2.8318620e+06   4.0344238e+01
   3.0324200e+06   3.6437988e+01
   3.0324380e+06   8.4533691e+01
   3.0324770e+06   3.6193848e+01
   3.0325570e+06   7.8796387e+01
   3.0326890e+06   6.6955566e+01
   3.0328090e+06   6.7382813e+01
   3.0328400e+06   4.0344238e+01
   3.0328990e+06   3.6987305e+01
   3.0334110e+06   4.5471191e+01
   3.0337980e+06   4.2297363e+01
   3.0345300e+06   3.7963867e+01
   3.0351620e+06   4.0893555e+01
   3.1791680e+06   8.7463379e+01
   3.1793010e+06   8.3801270e+01
   3.1793690e+06   4.1687012e+01
   3.1794090e+06   6.7443848e+01
   3.1795430e+06   7.1899414e+01
   3.1796450e+06   3.8635254e+01
   3.1797720e+06   4.3395996e+01
   3.1798870e+06   4.1870117e+01
   3.1804320e+06   3.7719727e+01
   3.1806940e+06   3.9428711e+01
   3.1809270e+06   3.8818359e+01
   3.1810740e+06   3.6254883e+01
   3.1811850e+06   4.2602539e+01
   3.1813310e+06   3.6132813e+01
   3.1814370e+06   3.8330078e+01
   3.1816300e+06   4.5349121e+01
   3.1821510e+06   4.6691895e+01
   3.3190430e+06   4.0161133e+01
   3.3190620e+06   3.5949707e+01
   3.3190960e+06   3.6376953e+01
   3.3191060e+06   1.0461426e+02
   3.3191370e+06   3.7353516e+01
   3.3191590e+06   3.7536621e+01
   3.3191980e+06   4.2968750e+01
   3.3192340e+06   7.9956055e+01
   3.3193200e+06   4.3457031e+01
   3.3193360e+06   8.2092285e+01
   3.3194580e+06   5.9631348e+01
   3.3195800e+06   4.3090820e+01
   3.3205510e+06   3.8208008e+01
   3.3206980e+06   4.3640137e+01
   3.3210080e+06   4.3151855e+01
   3.3215980e+06   4.5471191e+01
   3.3219630e+06   5.7434082e+01
   3.4525750e+06   1.0113525e+02
   3.4525970e+06   3.9123535e+01
   3.4527020e+06   7.6965332e+01
   3.4528350e+06   5.7312012e+01
   3.4529470e+06   4.5532227e+01
   3.4530800e+06   4.7424316e+01
   3.4540730e+06   3.5949707e+01
   3.4542240e+06   3.8452148e+01
   3.4551840e+06   4.0161133e+01
   3.5692470e+06   3.8818359e+01
   3.5692770e+06   3.8940430e+01
   3.5693420e+06   1.0681152e+02
   3.5694780e+06   8.3740234e+01
   3.5695020e+06   3.9611816e+01
   3.5695700e+06   5.6274414e+01
   3.5696870e+06   4.1992188e+01
   3.5698270e+06   3.7109375e+01
   3.5706450e+06   4.4738770e+01
   3.5707950e+06   3.7048340e+01
   3.5709400e+06   3.8452148e+01
   3.5711380e+06   4.4494629e+01
   3.5713200e+06   3.6926270e+01
   3.5714980e+06   3.8452148e+01
   3.5723390e+06   3.7414551e+01
   3.7388510e+06   4.1931152e+01
   3.7388890e+06   1.0156250e+02
   3.7390090e+06   7.3425293e+01
   3.7391580e+06   5.9753418e+01
   3.7392430e+06   3.7353516e+01
   3.7392800e+06   4.1076660e+01
   3.7394270e+06   3.6254883e+01
   3.7395960e+06   4.5471191e+01
   3.7399490e+06   3.8208008e+01
   3.7404500e+06   3.7292480e+01
   3.7406250e+06   4.2358398e+01
   3.7408110e+06   3.6376953e+01
   3.7410130e+06   4.2297363e+01
   3.7411890e+06   4.1992188e+01
   3.7413930e+06   4.0649414e+01
   3.7418400e+06   3.6865234e+01
   3.9369400e+06   4.3579102e+01
   3.9369810e+06   4.0527344e+01
   3.9369990e+06   8.4655762e+01
   3.9370180e+06   3.7719727e+01
   3.9371160e+06   9.1369629e+01
   3.9372400e+06   7.2021484e+01
   3.9374030e+06   6.5124512e+01
   3.9375380e+06   5.3100586e+01
   3.9376370e+06   3.6499023e+01
   3.9381690e+06   5.1147461e+01
   3.9383350e+06   4.8278809e+01
   3.9386670e+06   5.1147461e+01
   3.9389010e+06   4.5104980e+01
   3.9391180e+06   5.3405762e+01
   3.9396340e+06   3.9062500e+01
   4.0716100e+06   3.6254883e+01
   4.0716320e+06   8.7219238e+01
   4.0716750e+06   3.7048340e+01
   4.0717440e+06   7.8979492e+01
   4.0717780e+06   4.5959473e+01
   4.0718310e+06   4.1137695e+01
   4.0718560e+06   6.4758301e+01
   4.0719640e+06   5.4321289e+01
   4.0720930e+06   3.7170410e+01
   4.0727110e+06   4.1015625e+01
   4.0728470e+06   3.7414551e+01
   4.0729890e+06   3.9184570e+01
   4.0731420e+06   4.1503906e+01
   4.0734170e+06   4.1992188e+01
   4.0735950e+06   3.6193848e+01
   4.0737430e+06   3.8085938e+01
   4.0739250e+06   4.1564941e+01
   4.0741540e+06   3.7597656e+01
   4.0743870e+06   4.0832520e+01
   4.2278310e+06   3.7231445e+01
   4.2278690e+06   1.0119629e+02
   4.2279240e+06   3.8635254e+01
   4.2279930e+06   9.1918945e+01
   4.2281280e+06   6.6284180e+01
   4.2282780e+06   5.8593750e+01
   4.2284340e+06   3.6254883e+01
   4.2288610e+06   3.9184570e+01
   4.2289910e+06   3.8696289e+01
   4.2291950e+06   4.3823242e+01
   4.2295510e+06   4.1259766e+01
   4.2297450e+06   3.9062500e+01
   4.4130080e+06   3.7719727e+01
   4.4130880e+06   1.0278320e+02
   4.4131730e+06   3.9245605e+01
   4.4132090e+06   7.2021484e+01
   4.4132450e+06   3.9672852e+01
   4.4133530e+06   6.9152832e+01
   4.4134730e+06   4.0954590e+01
   4.4135780e+06   4.4311523e+01
   4.4149860e+06   3.7353516e+01
   4.4155680e+06   3.9550781e+01
   4.4158500e+06   4.6630859e+01
   4.4162620e+06   4.0039063e+01
   4.6274030e+06   8.7463379e+01
   4.6275000e+06   3.6132813e+01
   4.6275670e+06   7.3547363e+01
   4.6277060e+06   5.5236816e+01
   4.6278130e+06   4.4372559e+01
   4.6279300e+06   4.4311523e+01
   4.6280910e+06   4.1687012e+01
   4.6288570e+06   4.2724609e+01
   4.6290090e+06   3.6560059e+01
   4.6291670e+06   4.4128418e+01
   4.6293280e+06   3.7353516e+01
   4.6294790e+06   4.1503906e+01
   4.6296290e+06   4.2663574e+01
   4.7356500e+06   9.4116211e+01
   4.7357190e+06   4.0832520e+01
   4.7358040e+06   7.9833984e+01
   4.7359200e+06   5.8227539e+01
   4.7360420e+06   6.4636230e+01
   4.7362140e+06   5.4687500e+01
   4.7362470e+06   3.6010742e+01
   4.7363290e+06   4.9377441e+01
   4.7364830e+06   4.4067383e+01
   4.7366190e+06   3.7780762e+01
   4.7368190e+06   3.6132813e+01
   4.7369660e+06   4.2358398e+01
   4.7372280e+06   4.6203613e+01
   4.7375470e+06   4.6447754e+01
   4.7377100e+06   3.7780762e+01
   4.7380530e+06   4.5410156e+01
   4.7385050e+06   4.1809082e+01
   4.8854450e+06   8.0627441e+01
   4.8855000e+06   3.8024902e+01
   4.8855470e+06   3.8452148e+01
   4.8855850e+06   7.6904297e+01
   4.8857060e+06   7.9711914e+01
   4.8858200e+06   5.7189941e+01
   4.8859390e+06   3.8085938e+01
   4.8860600e+06   3.7170410e+01
   4.8868070e+06   4.0954590e+01
   4.8869490e+06   3.8146973e+01
   4.8872720e+06   3.6376953e+01
   4.8875830e+06   3.9001465e+01
   4.8877520e+06   3.9245605e+01
   4.8879660e+06   3.9123535e+01
   4.8881690e+06   3.8208008e+01
   4.8884150e+06   3.7841797e+01
   5.0757430e+06   4.1564941e+01
   5.0757630e+06   3.6071777e+01
   5.0758140e+06   8.8073730e+01
   5.0758530e+06   3.6071777e+01
   5.0759550e+06   7.3547363e+01
   5.0760600e+06   6.4086914e+01
   5.0761750e+06   5.0903320e+01
   5.0762800e+06   4.7546387e+01
   5.0764970e+06   3.6193848e+01
   5.0769320e+06   4.3701172e+01
   5.0770260e+06   3.8391113e+01
   5.0772800e+06   3.9978027e+01
   5.0774380e+06   3.9550781e+01
   5.0776140e+06   4.5471191e+01
   5.0779310e+06   4.0222168e+01
   5.0782400e+06   4.6447754e+01
   5.0785330e+06   5.0292969e+01
   5.2335320e+06   9.0881348e+01
   5.2336390e+06   9.1674805e+01
   5.2336900e+06   3.7780762e+01
   5.2337560e+06   7.0739746e+01
   5.2338670e+06   6.6711426e+01
   5.2340070e+06   4.9621582e+01
   5.2349420e+06   3.7597656e+01
   5.2350970e+06   4.0893555e+01
   5.2352880e+06   3.8757324e+01
   5.3850670e+06   8.5693359e+01
   5.3851800e+06   7.7209473e+01
   5.3853010e+06   6.5612793e+01
   5.3853950e+06   5.4199219e+01
   5.3865290e+06   3.6071777e+01
   5.3866860e+06   4.1198730e+01
   5.3875550e+06   4.0771484e+01
   5.6228070e+06   3.7841797e+01
   5.6228600e+06   1.0736084e+02
   5.6229430e+06   3.7170410e+01
   5.6229970e+06   8.9660645e+01
   5.6230740e+06   3.8940430e+01
   5.6230950e+06   5.7128906e+01
   5.6231220e+06   3.6804199e+01
   5.6232020e+06   5.5969238e+01
   5.6234300e+06   3.9978027e+01
   5.6243690e+06   3.8574219e+01
   5.6246680e+06   3.7963867e+01
   5.6250000e+06   3.6560059e+01
   5.7577650e+06   9.4360352e+01
   5.7578550e+06   3.8574219e+01
   5.7578840e+06   7.0434570e+01
   5.7579940e+06   7.7880859e+01
   5.7580360e+06   3.6804199e+01
   5.7581060e+06   6.3537598e+01
   5.7582250e+06   4.3151855e+01
   5.7592090e+06   3.7902832e+01
   5.7593620e+06   5.0476074e+01
   5.7598890e+06   4.5593262e+01
   5.7600970e+06   3.9245605e+01
   5.7603690e+06   3.7109375e+01
   5.9792440e+06   3.8818359e+01
   5.9792840e+06   1.0296631e+02
   5.9793400e+06   3.7231445e+01
   5.9793810e+06   8.0017090e+01
   5.9794850e+06   7.0190430e+01
   5.9794970e+06   4.0649414e+01
   5.9795750e+06   3.6437988e+01
   5.9795960e+06   5.5480957e+01
   5.9797210e+06   4.1320801e+01
   5.9807280e+06   3.6132813e+01
   5.9808820e+06   4.0588379e+01
   5.9810480e+06   5.7250977e+01
   5.9812090e+06   3.9184570e+01
   5.9813670e+06   3.7414551e+01
   5.9817640e+06   3.6376953e+01
   6.1067320e+06   4.4860840e+01
   6.1067630e+06   1.0125732e+02
   6.1068680e+06   7.9467773e+01
   6.1069890e+06   4.8828125e+01
   6.1070890e+06   4.6081543e+01
   6.1074580e+06   3.8024902e+01
   6.1083660e+06   4.0649414e+01
   6.1085200e+06   3.8635254e+01
   6.1087750e+06   3.5949707e+01
   6.1089600e+06   4.5654297e+01
   6.1093790e+06   4.6875000e+01
   6.3424820e+06   3.8391113e+01
   6.3425550e+06   8.3435059e+01
   6.3426750e+06   8.0383301e+01
   6.3427550e+06   3.9428711e+01
   6.3427850e+06   7.9223633e+01
   6.3428830e+06   4.2419434e+01
   6.3441010e+06   3.6071777e+01
   6.3444170e+06   3.6499023e+01
   6.3447150e+06   3.7536621e+01
   6.3449460e+06   3.6499023e+01
   6.3452380e+06   4.5959473e+01
   6.3455760e+06   3.6621094e+01
   6.4756770e+06   8.3190918e+01
   6.4757700e+06   7.5622559e+01
   6.4758830e+06   6.2316895e+01
   6.4759000e+06   3.6437988e+01
   6.4759760e+06   5.4199219e+01
   6.4761030e+06   4.9926758e+01
   6.4766510e+06   3.9245605e+01
   6.4770640e+06   4.0832520e+01
   6.4772130e+06   4.1198730e+01
   6.4774870e+06   5.5664063e+01
   6.4776930e+06   4.0527344e+01
   6.4778580e+06   3.6499023e+01
   6.4780420e+06   3.8024902e+01
   6.4784700e+06   4.0832520e+01
   6.6844300e+06   3.8085938e+01
   6.6844710e+06   1.0485840e+02
   6.6845720e+06   7.4035645e+01
   6.6845930e+06   3.8208008e+01
   6.6846920e+06   6.6223145e+01
   6.6847720e+06   6.0974121e+01
   6.6848820e+06   3.7048340e+01
   6.6858910e+06   3.6010742e+01
   6.6861990e+06   4.2907715e+01
   6.6863470e+06   3.8208008e+01
   6.6871930e+06   3.7719727e+01
   6.8686510e+06   9.6801758e+01
   6.8686620e+06   4.1442871e+01
   6.8687460e+06   8.3557129e+01
   6.8688380e+06   3.6926270e+01
   6.8688760e+06   5.8715820e+01
   6.8689750e+06   4.6081543e+01
   6.8690690e+06   3.8452148e+01
   6.8703560e+06   3.8635254e+01
   6.8706620e+06   4.1259766e+01
   6.8708350e+06   3.8452148e+01
   6.8714090e+06   3.6071777e+01
   6.8717090e+06   4.2663574e+01
   7.0625510e+06   4.0771484e+01
   7.0625920e+06   9.1613770e+01
   7.0626620e+06   4.2907715e+01
   7.0627010e+06   7.7514648e+01
   7.0628150e+06   6.2255859e+01
   7.0629270e+06   5.1940918e+01
   7.0630750e+06   3.6315918e+01
   7.0636090e+06   3.9672852e+01
   7.0640320e+06   3.9001465e+01
   7.0641770e+06   3.7475586e+01
   7.0646760e+06   4.2907715e+01
   7.0653910e+06   3.9428711e+01
   7.2311980e+06   8.8317871e+01
   7.2312150e+06   3.8391113e+01
   7.2312690e+06   3.8879395e+01
   7.2313000e+06   7.2692871e+01
   7.2313940e+06   5.8715820e+01
   7.2314920e+06   5.3161621e+01
   7.2315930e+06   3.8330078e+01
   7.2326760e+06   3.9489746e+01
   7.2328300e+06   3.9062500e+01
   7.2329770e+06   3.5949707e+01
   7.2337180e+06   4.0283203e+01
   7.2339440e+06   3.8330078e+01
   7.2853090e+06   3.6254883e+01
   7.3553410e+06   9.2041016e+01
   7.3554420e+06   7.7270508e+01
   7.3555390e+06   5.6640625e+01
   7.3556350e+06   5.2978516e+01
   7.3568150e+06   3.8513184e+01
   7.3571410e+06   3.7902832e+01
   7.3573080e+06   3.8574219e+01
   7.6798200e+06   3.9062500e+01
   7.6798740e+06   9.2041016e+01
   7.6799990e+06   6.4941406e+01
   7.6800950e+06   5.6579590e+01
   7.6801090e+06   3.6376953e+01
   7.6801850e+06   4.4738770e+01
   7.6814900e+06   3.6926270e+01
   7.6816400e+06   3.6315918e+01
   7.6818080e+06   3.8024902e+01
   7.6819650e+06   4.0649414e+01
   7.6823320e+06   4.3029785e+01
   7.6825420e+06   3.9367676e+01
   7.6827630e+06   4.1687012e+01
   7.6830570e+06   3.7841797e+01
   7.8459140e+06   9.8388672e+01
   7.8459870e+06   3.6254883e+01
   7.8460210e+06   8.4472656e+01
   7.8461200e+06   5.0415039e+01
   7.8462170e+06   3.9184570e+01
   7.8462290e+06   3.8513184e+01
   7.8472800e+06   3.8269043e+01
   7.8474140e+06   3.7536621e+01
   7.8475820e+06   4.1381836e+01
   7.8478360e+06   3.6560059e+01
   7.8479210e+06   4.1137695e+01
   7.8480940e+06   3.7414551e+01
   7.8483970e+06   3.6987305e+01
   7.8487070e+06   3.6682129e+01
   8.0693450e+06   3.7353516e+01
   8.0693760e+06   1.0778809e+02
   8.0694740e+06   9.0820313e+01
   8.0695770e+06   6.4880371e+01
   8.0696030e+06   3.8024902e+01
   8.0696720e+06   5.1330566e+01
   8.0697730e+06   3.9550781e+01
   8.0707630e+06   3.7719727e+01
   8.0710640e+06   4.3151855e+01
   8.0715070e+06   3.7780762e+01
   8.0717050e+06   3.6987305e+01
   8.0718870e+06   4.0100098e+01
   8.1974280e+06   9.8632813e+01
   8.1974460e+06   4.0954590e+01
   8.1975380e+06   6.8847656e+01
   8.1976200e+06   5.3161621e+01
   8.1977100e+06   4.6325684e+01
   8.1978100e+06   4.0832520e+01
   8.1991350e+06   3.8024902e+01
   8.1993040e+06   4.3029785e+01
   8.1994950e+06   4.4982910e+01
   8.2002500e+06   4.6203613e+01
   8.4049760e+06   1.1206055e+02
   8.4050740e+06   6.9763184e+01
   8.4051740e+06   6.2744141e+01
   8.4052650e+06   5.0781250e+01
   8.4053940e+06   3.8085938e+01
   8.4054350e+06   4.1320801e+01
   8.4062940e+06   4.0710449e+01
   8.4064790e+06   3.6193848e+01
   8.4066400e+06   4.4616699e+01
   8.4068610e+06   3.6071777e+01
   8.4071360e+06   4.3395996e+01
   8.4073190e+06   5.3283691e+01
   8.4075290e+06   3.7658691e+01
   8.6200490e+06   3.9245605e+01
   8.6200720e+06   1.0565186e+02
   8.6201840e+06   9.2529297e+01
   8.6202920e+06   6.5307617e+01
   8.6203030e+06   4.3029785e+01
   8.6203860e+06   3.9733887e+01
   8.6217070e+06   3.9489746e+01
   8.6218590e+06   3.6682129e+01
   8.6222130e+06   4.0222168e+01
   8.6227060e+06   3.6254883e+01
   8.6228740e+06   3.6254883e+01
   8.7578650e+06   3.6437988e+01
   8.7579400e+06   1.1267090e+02
   8.7580410e+06   8.0505371e+01
   8.7581450e+06   5.9997559e+01
   8.7581910e+06   3.5949707e+01
   8.7582420e+06   5.4138184e+01
   8.7583490e+06   3.6193848e+01
   8.7594040e+06   4.2297363e+01
   8.7599900e+06   5.0354004e+01
   8.7601890e+06   4.8706055e+01
   8.7604230e+06   4.0161133e+01
   8.9770100e+06   8.1726074e+01
   8.9771210e+06   8.2763672e+01
   8.9772100e+06   6.0852051e+01
   8.9772960e+06   4.9682617e+01
   8.9774920e+06   3.7109375e+01
   8.9781190e+06   4.0649414e+01
   8.9785830e+06   3.9672852e+01
   8.9787310e+06   4.1931152e+01
   8.9789100e+06   4.8095703e+01
   8.9790710e+06   3.8757324e+01
   8.9792270e+06   4.0344238e+01
   8.9794010e+06   3.7292480e+01
   8.9796130e+06   4.1259766e+01
   8.9796290e+06   3.6743164e+01
   8.9798210e+06   4.7851563e+01
   9.1715190e+06   4.4067383e+01
   9.1715520e+06   1.0736084e+02
   9.1715620e+06   3.7475586e+01
   9.1716520e+06   7.3730469e+01
   9.1717360e+06   6.4758301e+01
   9.1718260e+06   4.7790527e+01
   9.1728180e+06   3.7841797e+01
   9.1730000e+06   4.1992188e+01
   9.1733670e+06   4.1564941e+01
   9.1735480e+06   3.6987305e+01
   9.1737530e+06   5.1086426e+01
   9.1739820e+06   4.1137695e+01
   9.1742610e+06   4.1687012e+01
   9.4463550e+06   9.6862793e+01
   9.4464480e+06   7.7514648e+01
   9.4465270e+06   6.5368652e+01
   9.4466070e+06   5.3894043e+01
   9.4466770e+06   4.3518066e+01
   9.4467110e+06   4.3823242e+01
   9.4467220e+06   3.7902832e+01
   9.4479670e+06   4.7241211e+01
   9.4481400e+06   3.7719727e+01
   9.4483170e+06   3.9306641e+01
   9.4484890e+06   4.4128418e+01
   9.4486330e+06   3.9733887e+01
   9.5552630e+06   9.8632813e+01
   9.5553510e+06   4.1015625e+01
   9.5554440e+06   4.3640137e+01
   9.5555480e+06   4.5349121e+01
   9.5556020e+06   3.7475586e+01
   9.5556570e+06   3.6437988e+01
   9.5564690e+06   3.7902832e+01
   9.5566170e+06   3.6193848e+01
   9.5569190e+06   3.7597656e+01
   9.5572810e+06   5.3894043e+01
   9.5575470e+06   3.6071777e+01
   9.5577850e+06   3.9184570e+01
   9.5580810e+06   3.8330078e+01
   9.7720660e+06   9.1430664e+01
   9.7720790e+06   3.7536621e+01
   9.7721860e+06   8.0810547e+01
   9.7722050e+06   3.6071777e+01
   9.7722750e+06   6.9519043e+01
   9.7723840e+06   4.2480469e+01
   9.7737770e+06   4.1320801e+01
   9.7739450e+06   3.9428711e+01
   9.7741320e+06   4.9865723e+01
   9.7743450e+06   4.8522949e+01
   9.7746390e+06   4.7912598e+01
   9.9176340e+06   4.1442871e+01
   9.9176850e+06   9.0515137e+01
   9.9178010e+06   6.7687988e+01
   9.9178910e+06   4.0893555e+01
   9.9179120e+06   5.6335449e+01
   9.9179820e+06   3.6315918e+01
   9.9180000e+06   4.4982910e+01
   9.9190100e+06   4.1931152e+01
   9.9191660e+06   3.7963867e+01
   9.9193460e+06   3.7353516e+01
   9.9196990e+06   3.9184570e+01
   9.9199290e+06   3.7719727e+01
   9.9201280e+06   4.9255371e+01
   9.9206120e+06   5.1940918e+01
   1.0196766e+07   1.0314941e+02
   1.0196892e+07   7.2021484e+01
   1.0196985e+07   4.7851563e+01
   1.0197069e+07   4.0954590e+01
   1.0198158e+07   3.6865234e+01
   1.0198318e+07   3.9916992e+01
   1.0198472e+07   3.9672852e+01
   1.0198631e+07   3.9794922e+01
   1.0199040e+07   3.6010742e+01
   1.0199275e+07   4.1320801e+01
   1.0266503e+07   4.1503906e+01
   1.0480647e+07   9.3872070e+01
   1.0480673e+07   3.7658691e+01
   1.0480700e+07   3.9184570e+01
   1.0480770e+07   6.2683105e+01
   1.0480870e+07   4.7851563e+01
   1.0480962e+07   5.7922363e+01
   1.0481058e+07   4.1748047e+01
   1.0482110e+07   3.6010742e+01
   1.0482236e+07   3.8940430e+01
   1.0482397e+07   4.0527344e+01
   1.0482427e+07   4.2968750e+01
   1.0482549e+07   3.6193848e+01
   1.0482755e+07   4.0954590e+01
   1.0482983e+07   4.0527344e+01
   1.0483268e+07   4.0161133e+01
   1.0663395e+07   3.7536621e+01
   1.0663408e+07   1.0394287e+02
   1.0663522e+07   8.7219238e+01
   1.0663632e+07   5.7617188e+01
   1.0663722e+07   3.9916992e+01
   1.0663818e+07   3.8696289e+01
   1.0664940e+07   4.2724609e+01
   1.0665175e+07   4.0466309e+01
   1.0665358e+07   4.0771484e+01
   1.0665510e+07   4.0771484e+01
   1.0665701e+07   3.9306641e+01
   1.0665900e+07   3.9733887e+01
   1.0666145e+07   3.8330078e+01
   1.0883980e+07   8.5754395e+01
   1.0884002e+07   3.6376953e+01
   1.0884079e+07   6.9396973e+01
   1.0884179e+07   6.1584473e+01
   1.0884259e+07   3.7048340e+01
   1.0884355e+07   3.6010742e+01
   1.0885722e+07   4.3701172e+01
   1.0885888e+07   3.7658691e+01
   1.0886037e+07   3.7475586e+01
   1.0886634e+07   3.8024902e+01
   1.1173109e+07   8.1604004e+01
   1.1173135e+07   3.7658691e+01
   1.1173201e+07   6.8908691e+01
   1.1173266e+07   3.6071777e+01
   1.1173302e+07   6.0424805e+01
   1.1173385e+07   4.1748047e+01
   1.1174875e+07   3.7353516e+01
   1.1175408e+07   3.6071777e+01
   1.1175663e+07   3.9489746e+01
   1.1175900e+07   3.9916992e+01
   1.1176248e+07   4.4433594e+01
   1.1419088e+07   9.1308594e+01
   1.1419177e+07   8.0261230e+01
   1.1419281e+07   5.5847168e+01
   1.1419369e+07   4.0344238e+01
   1.1421013e+07   3.7109375e+01
   1.1421220e+07   4.1931152e+01
   1.1421432e+07   3.8818359e+01
   1.1421605e+07   3.9367676e+01
   1.1421856e+07   3.7963867e+01
   1.1616991e+07   1.0931396e+02
   1.1617108e+07   7.4645996e+01
   1.1617214e+07   6.4331055e+01
   1.1617336e+07   4.0039063e+01
   1.1618694e+07   3.6865234e+01
   1.1618870e+07   4.7363281e+01
   1.1619046e+07   3.8574219e+01
   1.1619398e+07   4.9194336e+01
   1.1619640e+07   4.1137695e+01
   1.1907936e+07   3.6071777e+01
   1.1907975e+07   3.6804199e+01
   1.1907990e+07   8.6791992e+01
   1.1908073e+07   8.8012695e+01
   1.1908156e+07   6.1096191e+01
   1.1908246e+07   3.7902832e+01
   1.1909510e+07   3.6682129e+01
   1.1909656e+07   4.3823242e+01
   1.1909915e+07   3.7414551e+01
   1.1910136e+07   3.7353516e+01
   1.1910408e+07   4.0893555e+01
   1.1910694e+07   4.4677734e+01
