   1.1996000e+07   0.0000000e+00
   1.0213300e+05   4.9682617e+01
   1.0224900e+05   3.6743164e+01
   1.0234700e+05   3.4790039e+01
   1.0253600e+05   3.8024902e+01
   1.0332700e+05   4.3518066e+01
   1.0405700e+05   4.4372559e+01
   1.0442000e+05   4.4738770e+01
   2.3778400e+05   3.3508301e+01
   2.3785100e+05   5.2490234e+01
   2.3798100e+05   4.7973633e+01
   2.3811200e+05   4.0771484e+01
   2.3920200e+05   3.3813477e+01
   2.3924700e+05   3.5888672e+01
   2.3938200e+05   3.7597656e+01
   2.3953900e+05   4.2114258e+01
   2.3970800e+05   3.5095215e+01
   4.2739200e+05   5.6335449e+01
   4.2753700e+05   3.4362793e+01
   4.2762300e+05   4.1625977e+01
   4.2788400e+05   3.5034180e+01
   4.2815300e+05   3.8085938e+01
   4.2899600e+05   3.5644531e+01
   4.2998800e+05   4.2663574e+01
   5.9149900e+05   6.9763184e+01
   5.9159800e+05   6.4514160e+01
   5.9187200e+05   4.3090820e+01
   5.9261000e+05   3.5217285e+01
   5.9293500e+05   4.1198730e+01
   5.9322400e+05   4.4250488e+01
   5.9362300e+05   4.1259766e+01
   7.6826400e+05   5.5664063e+01
   7.6837300e+05   5.0354004e+01
   7.6849400e+05   4.0710449e+01
   7.6870700e+05   4.3518066e+01
   7.6912400e+05   4.2358398e+01
   7.6940100e+05   3.3508301e+01
   7.6998500e+05   3.7780762e+01
   7.7029000e+05   4.0893555e+01
   7.7075500e+05   3.5400391e+01
   9.4194200e+05   3.4851074e+01
   9.4196300e+05   4.7607422e+01
   9.4211300e+05   4.8400879e+01
   9.4221600e+05   3.6499023e+01
   9.4231900e+05   3.4545898e+01
   9.4240300e+05   3.8696289e+01
   9.4279300e+05   4.0039063e+01
   9.4383900e+05   3.3386230e+01
   1.0788320e+06   6.4575195e+01
   1.0790450e+06   4.4128418e+01
   1.0791680e+06   3.3325195e+01
   1.0798810e+06   3.7719727e+01
   1.0801490e+06   3.4851074e+01
   1.0812050e+06   3.3386230e+01
   1.0814830e+06   3.6804199e+01
   1.2441990e+06   4.6936035e+01
   1.2443300e+06   4.7607422e+01
   1.2443980e+06   3.5217285e+01
   1.2444290e+06   5.3405762e+01
   1.2449950e+06   3.3325195e+01
   1.2453490e+06   3.3264160e+01
   1.2454740e+06   3.3325195e+01
   1.2458730e+06   4.0832520e+01
   1.2463800e+06   3.8146973e+01
   1.3926860e+06   5.7556152e+01
   1.3931510e+06   4.0649414e+01
   1.3935080e+06   4.8828125e+01
   1.3941920e+06   5.0415039e+01
   1.3948160e+06   4.4860840e+01
   1.5517530e+06   3.5095215e+01
   1.5518000e+06   3.3386230e+01
   1.5518530e+06   3.5095215e+01
   1.5519970e+06   4.5837402e+01
   1.5523390e+06   3.3447266e+01
   1.7791410e+06   5.7739258e+01
   1.7792540e+06   3.4484863e+01
   1.7794640e+06   5.0598145e+01
   1.7796410e+06   4.0466309e+01
   1.7800740e+06   4.7790527e+01
   1.7808330e+06   3.9611816e+01
   1.7812500e+06   3.6376953e+01
   1.7815460e+06   3.5949707e+01
   1.9449850e+06   3.5095215e+01
   1.9450840e+06   3.9001465e+01
   1.9452000e+06   4.0161133e+01
   1.9453100e+06   3.4240723e+01
   1.9453270e+06   3.4179688e+01
   1.9454440e+06   3.4729004e+01
   1.9456430e+06   3.5949707e+01
   1.9477880e+06   3.3386230e+01
   2.1021260e+06   5.4016113e+01
   2.1021760e+06   3.4790039e+01
   2.1022630e+06   4.8828125e+01
   2.1023710e+06   3.6682129e+01
   2.1026490e+06   3.7841797e+01
   2.1029090e+06   3.3630371e+01
   2.1032820e+06   4.0161133e+01
   2.1039890e+06   3.5766602e+01
   2.1048470e+06   3.3935547e+01
   2.2147360e+06   4.2114258e+01
   2.2147860e+06   3.5034180e+01
   2.2148290e+06   3.3691406e+01
   2.2149610e+06   3.7170410e+01
   2.2157340e+06   3.6132813e+01
   2.2160030e+06   3.4729004e+01
   2.2168950e+06   3.3386230e+01
   2.2171240e+06   3.7902832e+01
   2.3328510e+06   4.9682617e+01
   2.3330310e+06   3.3325195e+01
   2.3330790e+06   4.2907715e+01
   2.3332160e+06   3.7841797e+01
   2.4926610e+06   4.7668457e+01
   2.4927780e+06   4.0588379e+01
   2.4928790e+06   3.5156250e+01
   2.4928960e+06   3.3935547e+01
   2.4929230e+06   3.7048340e+01
   2.4930300e+06   3.3264160e+01
   2.4936000e+06   3.3203125e+01
   2.4940350e+06   3.8146973e+01
   2.4941900e+06   3.6682129e+01
   2.4945220e+06   3.5156250e+01
   2.6497360e+06   6.5612793e+01
   2.6499150e+06   3.4057617e+01
   2.6501690e+06   4.5959473e+01
   2.6503030e+06   3.4973145e+01
   2.6509880e+06   3.5400391e+01
   2.6512970e+06   3.8757324e+01
   2.6514950e+06   3.3325195e+01
   2.6517770e+06   3.7841797e+01
   2.8292600e+06   3.7231445e+01
   2.8293450e+06   3.4790039e+01
   2.8294250e+06   5.0842285e+01
   2.8295630e+06   3.8391113e+01
   2.8301390e+06   3.4667969e+01
   2.8303510e+06   3.3508301e+01
   2.8306720e+06   3.7475586e+01
   2.8308700e+06   3.6743164e+01
   3.0324530e+06   3.3691406e+01
   3.0324680e+06   6.1584473e+01
   3.0325950e+06   4.4494629e+01
   3.0333210e+06   3.8513184e+01
   3.0348820e+06   3.5034180e+01
   3.1792100e+06   4.8034668e+01
   3.1792470e+06   3.3508301e+01
   3.1793450e+06   3.7109375e+01
   3.1794870e+06   3.9611816e+01
   3.1795320e+06   3.4301758e+01
   3.3191470e+06   7.2387695e+01
   3.3191710e+06   3.4118652e+01
   3.3192740e+06   4.0161133e+01
   3.3194430e+06   3.8635254e+01
   3.3210940e+06   3.3752441e+01
   3.3213490e+06   3.5156250e+01
   3.3216730e+06   3.5949707e+01
   3.4525700e+06   5.7189941e+01
   3.4526640e+06   4.8278809e+01
   3.4527480e+06   3.6132813e+01
   3.4528280e+06   4.2175293e+01
   3.4530220e+06   3.5583496e+01
   3.4539410e+06   3.5766602e+01
   3.4540950e+06   3.3752441e+01
   3.5693620e+06   3.5278320e+01
   3.5693720e+06   4.2968750e+01
   3.5694640e+06   3.9428711e+01
   3.5695960e+06   3.4484863e+01
   3.5698110e+06   3.4362793e+01
   3.5702420e+06   3.3325195e+01
   3.5706930e+06   3.4545898e+01
   3.7389480e+06   4.3273926e+01
   3.7389930e+06   3.4545898e+01
   3.7390360e+06   3.9489746e+01
   3.7391930e+06   4.2846680e+01
   3.7392770e+06   3.4912109e+01
   3.7394190e+06   3.5644531e+01
   3.9370320e+06   4.1809082e+01
   3.9372120e+06   3.5766602e+01
   3.9373380e+06   3.9672852e+01
   3.9376380e+06   3.5644531e+01
   3.9390150e+06   3.3630371e+01
   3.9393530e+06   3.8879395e+01
   4.0716690e+06   4.5227051e+01
   4.0717970e+06   5.1025391e+01
   4.0719280e+06   4.7119141e+01
   4.0721120e+06   3.3935547e+01
   4.0723120e+06   3.7048340e+01
   4.0736290e+06   3.6621094e+01
   4.2279170e+06   5.6396484e+01
   4.2280530e+06   3.6010742e+01
   4.2281160e+06   3.3935547e+01
   4.2282040e+06   3.5156250e+01
   4.2282940e+06   3.4362793e+01
   4.2284010e+06   4.0771484e+01
   4.4131290e+06   3.5217285e+01
   4.4131520e+06   4.9743652e+01
   4.4132270e+06   3.7902832e+01
   4.4135540e+06   3.7414551e+01
   4.4139580e+06   3.6010742e+01
   4.4145480e+06   3.4545898e+01
   4.4147510e+06   3.4606934e+01
   4.6274380e+06   4.8217773e+01
   4.6276760e+06   4.2419434e+01
   4.6278990e+06   3.9855957e+01
   4.6292420e+06   3.4851074e+01
   4.6296020e+06   3.6254883e+01
   4.7357000e+06   5.7983398e+01
   4.7357200e+06   3.3508301e+01
   4.7357860e+06   3.4851074e+01
   4.7359080e+06   3.3264160e+01
   4.7369790e+06   3.3508301e+01
   4.7374850e+06   3.3630371e+01
   4.8854200e+06   4.8950195e+01
   4.8854680e+06   4.0893555e+01
   4.8855350e+06   6.0241699e+01
   4.8855450e+06   3.4057617e+01
   4.8856790e+06   4.3884277e+01
   4.8857910e+06   3.3569336e+01
   4.8861210e+06   3.6437988e+01
   4.8872630e+06   3.3508301e+01
   5.0758440e+06   5.2612305e+01
   5.0759340e+06   4.2602539e+01
   5.0761070e+06   3.3935547e+01
   5.0762110e+06   3.8330078e+01
   5.2335810e+06   6.2927246e+01
   5.2337090e+06   3.6193848e+01
   5.2338360e+06   3.3752441e+01
   5.2338470e+06   3.4118652e+01
   5.2363300e+06   3.3813477e+01
   5.3851140e+06   4.5471191e+01
   5.3852970e+06   3.8391113e+01
   5.3862470e+06   3.3386230e+01
   5.3864220e+06   3.7719727e+01
   5.3866710e+06   3.9489746e+01
   5.3869370e+06   3.5156250e+01
   5.3872580e+06   3.3874512e+01
   5.6229060e+06   4.3029785e+01
   5.6230550e+06   4.4372559e+01
   5.6233240e+06   3.4790039e+01
   5.6236870e+06   3.6560059e+01
   5.6239630e+06   4.4311523e+01
   5.6250590e+06   3.8879395e+01
   5.7578150e+06   4.7668457e+01
   5.7579170e+06   3.8818359e+01
   5.7581310e+06   3.3508301e+01
   5.7591450e+06   3.3996582e+01
   5.7594120e+06   3.3264160e+01
   5.7599560e+06   3.5949707e+01
   5.9793240e+06   4.8339844e+01
   5.9793440e+06   3.3813477e+01
   5.9794340e+06   3.4362793e+01
   5.9794720e+06   3.3813477e+01
   5.9796050e+06   3.6254883e+01
   5.9797890e+06   3.4240723e+01
   5.9803440e+06   3.4851074e+01
   5.9804850e+06   3.9611816e+01
   5.9809110e+06   3.4057617e+01
   5.9812240e+06   3.5949707e+01
   6.1068000e+06   3.4118652e+01
   6.1068220e+06   3.7170410e+01
   6.1068780e+06   3.5461426e+01
   6.1070760e+06   3.5827637e+01
   6.1071650e+06   3.3569336e+01
   6.1080560e+06   3.4729004e+01
   6.3425680e+06   3.8330078e+01
   6.3426220e+06   3.4484863e+01
   6.3426790e+06   3.3996582e+01
   6.3427710e+06   4.7119141e+01
   6.3428280e+06   3.3569336e+01
   6.3429670e+06   3.3935547e+01
   6.3444650e+06   3.5705566e+01
   6.4757270e+06   5.6457520e+01
   6.4757910e+06   3.9062500e+01
   6.4760190e+06   3.4545898e+01
   6.4765130e+06   3.5705566e+01
   6.4777000e+06   3.5034180e+01
   6.6845250e+06   4.5837402e+01
   6.6845450e+06   3.3264160e+01
   6.6846040e+06   3.3386230e+01
   6.6861970e+06   3.5156250e+01
   6.8687030e+06   5.7312012e+01
   6.8687850e+06   3.6743164e+01
   6.8689080e+06   3.9184570e+01
   6.8704290e+06   3.6499023e+01
   6.8710220e+06   3.8879395e+01
   7.0626410e+06   4.5715332e+01
   7.0627110e+06   3.8024902e+01
   7.0640680e+06   3.6804199e+01
   7.2312530e+06   4.8156738e+01
   7.2312910e+06   3.6621094e+01
   7.2313470e+06   4.6997070e+01
   7.2315930e+06   3.3630371e+01
   7.2337020e+06   3.3874512e+01
   7.3553950e+06   6.2072754e+01
   7.3555020e+06   4.0405273e+01
   7.3561500e+06   3.4240723e+01
   7.3566110e+06   3.3386230e+01
   7.3572200e+06   3.4484863e+01
   7.6799030e+06   5.6213379e+01
   7.6799980e+06   3.8635254e+01
   7.6801470e+06   4.1015625e+01
   7.6805570e+06   3.4057617e+01
   7.6808910e+06   3.3569336e+01
   7.6812100e+06   3.8513184e+01
   7.6814430e+06   3.8696289e+01
   7.6817070e+06   3.4179688e+01
   7.6828180e+06   3.4362793e+01
   7.8459610e+06   5.6640625e+01
   7.8459750e+06   3.7780762e+01
   7.8460300e+06   4.0649414e+01
   7.8462090e+06   3.6010742e+01
   7.8469290e+06   3.7414551e+01
   7.8480950e+06   3.4362793e+01
   8.0694220e+06   5.8410645e+01
   8.0695020e+06   3.4484863e+01
   8.0695320e+06   3.3325195e+01
   8.0712640e+06   3.6621094e+01
   8.1974810e+06   5.1330566e+01
   8.1975020e+06   3.8085938e+01
   8.1975950e+06   3.4851074e+01
   8.1976610e+06   3.3325195e+01
   8.1976910e+06   3.6499023e+01
   8.1978310e+06   3.4118652e+01
   8.1993790e+06   3.4729004e+01
   8.4050230e+06   6.0302734e+01
   8.4051040e+06   4.1076660e+01
   8.4052090e+06   3.4057617e+01
   8.4055270e+06   3.3508301e+01
   8.4078480e+06   3.3935547e+01
   8.6200690e+06   3.3203125e+01
   8.6201210e+06   3.9001465e+01
   8.6201350e+06   5.5114746e+01
   8.6202260e+06   3.5949707e+01
   8.6202770e+06   3.6560059e+01
   8.6203180e+06   3.7841797e+01
   8.6227930e+06   3.3508301e+01
   8.7579780e+06   4.8767090e+01
   8.7579920e+06   3.7475586e+01
   8.7580570e+06   3.9916992e+01
   8.7581280e+06   3.5034180e+01
   8.7583480e+06   3.3386230e+01
   8.9770470e+06   3.8513184e+01
   8.9770600e+06   4.9926758e+01
   8.9771620e+06   3.3264160e+01
   8.9771790e+06   3.3691406e+01
   8.9775140e+06   3.4851074e+01
   8.9784510e+06   3.4179688e+01
   8.9787860e+06   3.5461426e+01
   9.1715990e+06   4.7424316e+01
   9.1716150e+06   3.4057617e+01
   9.1716730e+06   3.7414551e+01
   9.1717500e+06   4.6020508e+01
   9.4464040e+06   4.9499512e+01
   9.4465330e+06   4.4128418e+01
   9.4480360e+06   3.3935547e+01
   9.4491270e+06   3.3935547e+01
   9.5553190e+06   4.9133301e+01
   9.5553800e+06   3.3386230e+01
   9.5554350e+06   3.3325195e+01
   9.5581520e+06   3.4240723e+01
   9.7721060e+06   4.2968750e+01
   9.7722250e+06   3.8452148e+01
   9.9176870e+06   5.0292969e+01
   9.9177400e+06   3.7658691e+01
   9.9178350e+06   3.5034180e+01
   9.9180950e+06   4.0649414e+01
   9.9183850e+06   3.4057617e+01
   1.0196801e+07   4.7241211e+01
   1.0197154e+07   3.5522461e+01
   1.0480696e+07   5.8471680e+01
   1.0480757e+07   4.1015625e+01
   1.0481096e+07   3.3386230e+01
   1.0663466e+07   4.7729492e+01
   1.0663531e+07   3.4484863e+01
   1.0663599e+07   3.3874512e+01
   1.0663610e+07   3.6621094e+01
   1.0663652e+07   3.9428711e+01
   1.0663669e+07   3.5888672e+01
   1.0884031e+07   6.2622070e+01
   1.0884107e+07   4.0100098e+01
   1.0884173e+07   3.3569336e+01
   1.1173154e+07   5.9570313e+01
   1.1173215e+07   3.5766602e+01
   1.1173272e+07   3.3264160e+01
   1.1173423e+07   3.4301758e+01
   1.1173480e+07   3.9916992e+01
   1.1419138e+07   4.8400879e+01
   1.1419199e+07   4.0344238e+01
   1.1616927e+07   5.0476074e+01
   1.1617092e+07   3.3752441e+01
   1.1619031e+07   3.3508301e+01
   1.1908039e+07   5.2978516e+01
   1.1908058e+07   3.3447266e+01
   1.1908108e+07   3.4484863e+01
