   1.1996000e+07   0.0000000e+00
   3.5040000e+03   2.9437256e+02
   1.3346000e+04   3.4545898e+01
   1.3381000e+04   2.3150635e+02
   1.3393000e+04   4.0405273e+01
   1.3431000e+04   3.3996582e+01
   1.3459000e+04   6.6650391e+01
   1.3486000e+04   2.6696777e+02
   1.3500000e+04   4.1625977e+01
   1.3536000e+04   1.5228271e+02
   1.3567000e+04   4.3884277e+01
   1.3583000e+04   4.4982910e+01
   1.3625000e+04   4.3395996e+01
   1.3677000e+04   4.5288086e+01
   1.3730000e+04   4.5227051e+01
   1.3758000e+04   3.4790039e+01
   1.3784000e+04   4.7119141e+01
   1.3902000e+04   3.7414551e+01
   1.4015000e+04   3.6315918e+01
   2.3913000e+04   3.5766602e+01
   3.3086000e+04   3.8940430e+01
   4.5093000e+04   3.3508301e+01
   5.5565000e+04   3.3020020e+01
   5.9975000e+04   3.3508301e+01
   7.2636000e+04   3.0590820e+02
   7.3181000e+04   2.7374268e+02
   8.8446000e+04   2.6641846e+02
   8.8551000e+04   2.5872803e+02
   8.8663000e+04   2.2021484e+02
   8.8736000e+04   1.7962646e+02
   8.8749000e+04   4.1320801e+01
   8.8773000e+04   3.4362793e+01
   8.8807000e+04   1.2292480e+02
   8.8872000e+04   4.7851563e+01
   8.8985000e+04   3.4912109e+01
   1.1202100e+05   4.2724609e+01
   1.1203700e+05   5.1025391e+01
   1.1212300e+05   3.6865234e+01
   1.1214100e+05   4.2175293e+01
   1.1219100e+05   2.6367188e+02
   1.1221700e+05   3.8452148e+01
   1.1230100e+05   2.6110840e+02
   1.1231200e+05   3.7170410e+01
   1.1238400e+05   1.7291260e+02
   1.1251800e+05   1.8218994e+02
   1.1255400e+05   3.3691406e+01
   1.3220500e+05   3.4179688e+01
   1.7040000e+05   3.3142090e+01
   1.7376000e+05   3.6437988e+01
   1.7856400e+05   3.7536621e+01
   1.7894900e+05   3.4729004e+01
   1.7971900e+05   3.7170410e+01
   1.7973500e+05   4.3762207e+01
   1.7978600e+05   3.4790039e+01
   1.7980200e+05   2.3413086e+02
   1.7986500e+05   1.8249512e+02
   1.7988000e+05   3.6254883e+01
   1.7991700e+05   7.2875977e+01
   1.7994000e+05   3.7597656e+01
   1.7995900e+05   4.8034668e+01
   1.7999700e+05   3.7719727e+01
   1.8002900e+05   3.3142090e+01
   1.8006000e+05   3.7353516e+01
   1.8008100e+05   3.3630371e+01
   1.8013200e+05   3.3386230e+01
   1.8017200e+05   3.4362793e+01
   1.8018600e+05   3.4790039e+01
   1.8023100e+05   3.7475586e+01
   1.8027100e+05   3.5034180e+01
   1.8045100e+05   3.3203125e+01
   1.8057700e+05   4.2480469e+01
   1.8082300e+05   3.9672852e+01
   1.8093600e+05   3.3203125e+01
   1.8096700e+05   3.8452148e+01
   1.9041600e+05   3.6254883e+01
   2.0200500e+05   3.4057617e+01
   2.1499700e+05   3.3752441e+01
   2.3226100e+05   3.4240723e+01
   2.4255000e+05   3.3264160e+01
   2.4369400e+05   3.4179688e+01
   2.4398800e+05   3.9978027e+01
   2.4406500e+05   2.8643799e+02
   2.4407800e+05   4.1503906e+01
   2.4413600e+05   3.5217285e+01
   2.4419300e+05   1.5936279e+02
   2.4420800e+05   4.3823242e+01
   2.4425300e+05   6.2805176e+01
   2.4427700e+05   3.5705566e+01
   2.4430900e+05   3.6071777e+01
   2.4436100e+05   4.1015625e+01
   2.4438500e+05   3.7597656e+01
   2.4443800e+05   3.5278320e+01
   2.4445600e+05   3.5095215e+01
   2.4452600e+05   3.7353516e+01
   2.4458000e+05   4.5715332e+01
   2.4460000e+05   3.4606934e+01
   2.4463400e+05   3.4851074e+01
   2.4465300e+05   3.3996582e+01
   2.4479600e+05   3.5339355e+01
   2.4500000e+05   3.5278320e+01
   2.4512900e+05   3.8757324e+01
   2.4550300e+05   1.8438721e+02
   2.7862800e+05   3.4729004e+01
   2.8524700e+05   3.7109375e+01
   2.8532100e+05   3.2843018e+02
   2.8533400e+05   4.2297363e+01
   2.8536200e+05   4.1198730e+01
   2.8538300e+05   4.5104980e+01
   2.8540600e+05   4.1625977e+01
   2.8544000e+05   1.0693359e+02
   2.8546700e+05   4.9499512e+01
   2.8548600e+05   5.1269531e+01
   2.8554800e+05   3.8208008e+01
   2.8557800e+05   3.7597656e+01
   2.8559600e+05   3.6743164e+01
   2.8561400e+05   3.3020020e+01
   2.8563800e+05   4.0710449e+01
   2.8566900e+05   3.4423828e+01
   2.8571900e+05   3.7353516e+01
   2.8574300e+05   3.4545898e+01
   2.8581400e+05   3.4729004e+01
   2.8584000e+05   4.0527344e+01
   2.8585600e+05   4.8522949e+01
   2.8599400e+05   3.5766602e+01
   2.8602800e+05   4.2785645e+01
   2.8608600e+05   3.3447266e+01
   2.8610400e+05   4.1137695e+01
   2.8627300e+05   3.7292480e+01
   2.8629500e+05   3.3691406e+01
   2.8685600e+05   3.6315918e+01
   2.8696400e+05   3.5461426e+01
   2.8709300e+05   1.0235596e+02
   2.8747400e+05   1.5325928e+02
   2.8772900e+05   3.3569336e+01
   3.2684200e+05   4.5593262e+01
   3.2689100e+05   4.5166016e+01
   3.2691100e+05   2.1514893e+02
   3.2693800e+05   3.4240723e+01
   3.2698200e+05   1.8286133e+02
   3.2705300e+05   1.2707520e+02
   3.2707000e+05   3.5461426e+01
   3.2710200e+05   3.5034180e+01
   3.2713000e+05   4.0283203e+01
   3.2715200e+05   3.6315918e+01
   3.2719200e+05   3.7902832e+01
   3.2721700e+05   4.3212891e+01
   3.2729200e+05   4.3884277e+01
   3.2734400e+05   4.3090820e+01
   3.2773400e+05   1.5155029e+02
   3.2787300e+05   1.6668701e+02
   3.4259400e+05   3.3691406e+01
   3.5849400e+05   3.4729004e+01
   3.7451500e+05   3.3142090e+01
   3.7664800e+05   5.0109863e+01
   3.8031600e+05   3.5949707e+01
   3.8037000e+05   3.4179688e+01
   3.8043700e+05   4.0405273e+01
   3.8045000e+05   4.1320801e+01
   3.8048400e+05   1.9555664e+02
   3.8050100e+05   3.3203125e+01
   3.8053100e+05   1.0186768e+02
   3.8055300e+05   4.1809082e+01
   3.8058800e+05   3.6682129e+01
   3.8060100e+05   5.2795410e+01
   3.8065500e+05   4.5471191e+01
   3.8068400e+05   4.4128418e+01
   3.8070200e+05   3.9489746e+01
   3.8071600e+05   4.9133301e+01
   3.8077100e+05   3.6071777e+01
   3.8087900e+05   3.3508301e+01
   3.8093100e+05   4.5776367e+01
   3.8095100e+05   3.3935547e+01
   3.8110500e+05   3.7048340e+01
   3.8139300e+05   3.4484863e+01
   3.8142100e+05   3.6010742e+01
   3.8172000e+05   3.5339355e+01
   3.8206200e+05   3.3386230e+01
   3.8271400e+05   3.6926270e+01
   4.2355300e+05   3.4240723e+01
   4.2360800e+05   4.6508789e+01
   4.2363800e+05   5.1452637e+01
   4.2366700e+05   2.1411133e+02
   4.2367700e+05   3.8635254e+01
   4.2373900e+05   2.1392822e+02
   4.2375800e+05   3.8269043e+01
   4.2380000e+05   1.1450195e+02
   4.2383500e+05   3.3020020e+01
   4.2386300e+05   1.0742188e+02
   4.2394000e+05   4.7363281e+01
   4.2399800e+05   4.3395996e+01
   4.2406900e+05   4.1442871e+01
   4.2421700e+05   3.3691406e+01
   4.2424700e+05   3.3630371e+01
   4.2432700e+05   3.3874512e+01
   4.2434800e+05   8.0505371e+01
   4.2439400e+05   3.3203125e+01
   4.2444900e+05   3.4973145e+01
   4.6375200e+05   4.9621582e+01
   4.6377400e+05   2.4499512e+02
   4.6378600e+05   3.9306641e+01
   4.6382400e+05   4.6630859e+01
   4.6384200e+05   3.7231445e+01
   4.6387700e+05   1.6406250e+02
   4.6389000e+05   3.9184570e+01
   4.6391700e+05   6.6101074e+01
   4.6393500e+05   5.1696777e+01
   4.6395300e+05   3.5766602e+01
   4.6397600e+05   4.6264648e+01
   4.6398800e+05   4.2968750e+01
   4.6404500e+05   3.7658691e+01
   4.6410800e+05   3.7292480e+01
   4.6415900e+05   4.6997070e+01
   4.6416900e+05   3.6132813e+01
   4.6440500e+05   3.6926270e+01
   4.6442700e+05   3.7902832e+01
   4.6449800e+05   3.5644531e+01
   4.6451600e+05   3.7475586e+01
   4.6457300e+05   3.3874512e+01
   4.6486800e+05   3.5339355e+01
   4.6514500e+05   3.8452148e+01
   4.6533300e+05   1.1822510e+02
   4.6536100e+05   4.3762207e+01
   4.6553700e+05   1.4825439e+02
   4.6584800e+05   1.6967773e+02
   5.0847300e+05   2.7984619e+02
   5.0862500e+05   4.0954590e+01
   5.0870800e+05   3.6987305e+01
   5.0873500e+05   3.3020020e+01
   5.0879000e+05   1.8865967e+02
   5.0885900e+05   1.1932373e+02
   5.0887600e+05   4.9621582e+01
   5.0890000e+05   3.3752441e+01
   5.0893900e+05   7.7026367e+01
   5.0900900e+05   3.3630371e+01
   5.0903800e+05   5.5603027e+01
   5.0905300e+05   4.2846680e+01
   5.0909400e+05   3.5461426e+01
   5.0919400e+05   4.2968750e+01
   5.0960700e+05   2.0300293e+02
   5.5524700e+05   3.8696289e+01
   5.5532300e+05   3.0053711e+02
   5.5541300e+05   3.4606934e+01
   5.5543500e+05   3.7963867e+01
   5.5551900e+05   1.8670654e+02
   5.5554900e+05   4.9865723e+01
   5.5557300e+05   3.8940430e+01
   5.5560400e+05   1.4117432e+02
   5.5562300e+05   3.6315918e+01
   5.5564500e+05   4.0222168e+01
   5.5567900e+05   5.2307129e+01
   5.5571000e+05   3.5278320e+01
   5.5573400e+05   3.5278320e+01
   5.5576400e+05   3.6926270e+01
   5.5578700e+05   4.0344238e+01
   5.5581600e+05   4.1198730e+01
   5.5582600e+05   3.7109375e+01
   5.5586500e+05   3.6437988e+01
   5.5588600e+05   4.6447754e+01
   5.5591500e+05   4.0710449e+01
   5.5593800e+05   3.5705566e+01
   5.5600900e+05   3.4545898e+01
   5.5602600e+05   3.5705566e+01
   5.5609200e+05   3.7231445e+01
   5.9257100e+05   3.7048340e+01
   6.0012900e+05   3.4179688e+01
   6.0014300e+05   3.6193848e+01
   6.0026000e+05   2.6715088e+02
   6.0036400e+05   2.0452881e+02
   6.0038100e+05   3.4851074e+01
   6.0044400e+05   1.6333008e+02
   6.0048200e+05   3.7231445e+01
   6.0053700e+05   1.8261719e+02
   6.0056500e+05   3.6437988e+01
   6.0061900e+05   3.3630371e+01
   6.0062900e+05   1.1834717e+02
   6.0066200e+05   3.5888672e+01
   6.0070300e+05   4.2602539e+01
   6.0072900e+05   4.9926758e+01
   6.0075600e+05   3.6499023e+01
   6.0080600e+05   4.0710449e+01
   6.0084400e+05   3.6315918e+01
   6.0090600e+05   4.7912598e+01
   6.0095200e+05   4.2175293e+01
   6.0101700e+05   3.8879395e+01
   6.3080000e+05   3.3569336e+01
   6.3949400e+05   3.5034180e+01
   6.4170500e+05   4.3945313e+01
   6.4172400e+05   3.3447266e+01
   6.4174700e+05   3.3386230e+01
   6.4184200e+05   2.7929688e+02
   6.4194900e+05   3.6132813e+01
   6.4201700e+05   3.6132813e+01
   6.4205700e+05   2.0373535e+02
   6.4207200e+05   3.5888672e+01
   6.4209900e+05   3.4179688e+01
   6.4213200e+05   1.3269043e+02
   6.4215700e+05   4.2358398e+01
   6.4217600e+05   3.8757324e+01
   6.4221400e+05   3.8024902e+01
   6.4227200e+05   3.5339355e+01
   6.4230900e+05   3.3020020e+01
   6.4235300e+05   3.3386230e+01
   6.4240500e+05   3.7048340e+01
   6.4250500e+05   3.3447266e+01
   6.6353400e+05   3.4851074e+01
   6.7009800e+05   3.7902832e+01
   6.9234900e+05   2.2601318e+02
   6.9236000e+05   3.4179688e+01
   6.9248100e+05   2.5781250e+02
   6.9253200e+05   3.6437988e+01
   6.9255700e+05   3.4240723e+01
   6.9259000e+05   2.4761963e+02
   6.9268400e+05   2.1289063e+02
   6.9274300e+05   3.5461426e+01
   6.9275500e+05   1.4886475e+02
   6.9277600e+05   3.5522461e+01
   6.9280400e+05   4.0466309e+01
   6.9282100e+05   1.1810303e+02
   6.9285300e+05   4.2663574e+01
   6.9287400e+05   3.3813477e+01
   6.9290700e+05   7.5988770e+01
   6.9298300e+05   3.8330078e+01
   6.9301500e+05   3.6010742e+01
   6.9313900e+05   3.7658691e+01
   6.9323900e+05   4.0527344e+01
   6.9325000e+05   3.9306641e+01
   7.4330300e+05   3.4851074e+01
   7.4461300e+05   3.4545898e+01
   7.4466200e+05   2.4328613e+02
   7.4467400e+05   4.4433594e+01
   7.4477000e+05   3.3752441e+01
   7.4480300e+05   2.7404785e+02
   7.4488400e+05   3.8085938e+01
   7.4497400e+05   3.7780762e+01
   7.4499600e+05   2.5634766e+02
   7.4510400e+05   3.5949707e+01
   7.4513000e+05   2.5634766e+02
   7.4516600e+05   3.8146973e+01
   7.4525600e+05   2.4859619e+02
   7.4527800e+05   3.5156250e+01
   7.4537600e+05   2.1862793e+02
   7.4539500e+05   3.6743164e+01
   7.4556400e+05   2.2412109e+02
   7.6534800e+05   3.3508301e+01
   7.9205200e+05   2.2875977e+02
   7.9211000e+05   3.5949707e+01
   7.9242000e+05   3.4606934e+01
   7.9254600e+05   3.8635254e+01
   7.9275600e+05   2.8259277e+02
   7.9277100e+05   4.1137695e+01
   7.9279200e+05   3.7170410e+01
   7.9295100e+05   3.3142090e+01
   7.9318800e+05   2.1972656e+02
   8.2893200e+05   3.5583496e+01
   8.3689200e+05   3.3935547e+01
   8.4216800e+05   3.4912109e+01
   8.4222200e+05   2.3309326e+02
   8.4223500e+05   3.7719727e+01
   8.4243500e+05   3.5583496e+01
   8.4248500e+05   2.3852539e+02
   8.4268300e+05   2.8167725e+02
   8.4329600e+05   2.1472168e+02
   8.8457200e+05   3.6987305e+01
   8.8981100e+05   2.9101562e+02
   9.4760600e+05   3.4606934e+01
   9.5668200e+05   3.3874512e+01
   9.8478100e+05   3.4606934e+01
   9.9637200e+05   3.7475586e+01
   1.0549290e+06   3.4362793e+01
   1.0676050e+06   2.8894043e+02
   1.0677430e+06   2.7288818e+02
   1.0677840e+06   3.3386230e+01
   1.0678550e+06   2.6391602e+02
   1.0678880e+06   3.4912109e+01
   1.0679790e+06   2.0031738e+02
   1.0679990e+06   3.7719727e+01
   1.0681210e+06   2.3339844e+02
   1.0904100e+06   3.4057617e+01
   1.0955590e+06   3.6010742e+01
   1.1080570e+06   3.4301758e+01
   1.1111850e+06   3.4790039e+01
   1.1125310e+06   3.7292480e+01
   1.1259540e+06   3.3020020e+01
   1.1453710e+06   3.4362793e+01
   1.1460800e+06   3.3874512e+01
   1.1615910e+06   3.4240723e+01
   1.1954460e+06   3.4118652e+01
   1.2247050e+06   3.4423828e+01
   1.2414030e+06   3.5522461e+01
   1.2442080e+06   4.2480469e+01
   1.2694060e+06   4.2053223e+01
   1.2784720e+06   2.3828125e+02
   1.3149880e+06   3.3996582e+01
   1.3390390e+06   3.7231445e+01
   1.3495150e+06   3.8391113e+01
   1.3580840e+06   3.9916992e+01
   1.3679580e+06   3.5217285e+01
   1.4041480e+06   2.6953125e+02
   1.4258350e+06   3.0981445e+02
   1.4407440e+06   3.4606934e+01
   1.4702600e+06   3.3752441e+01
   1.4914340e+06   2.9589844e+02
   1.5054880e+06   3.6865234e+01
   1.5129910e+06   4.2968750e+01
   1.5233930e+06   5.0415039e+01
   1.5235730e+06   4.0039063e+01
   1.5537970e+06   2.5219727e+02
   1.5912170e+06   3.5400391e+01
   1.6244420e+06   3.6682129e+01
   1.6249580e+06   3.3203125e+01
   1.6351710e+06   3.5278320e+01
   1.6357280e+06   3.0804443e+02
   1.6534520e+06   3.6804199e+01
   1.6738030e+06   3.7353516e+01
   1.6798420e+06   3.3203125e+01
   1.7316940e+06   4.0771484e+01
   1.7324190e+06   3.3447266e+01
   1.7354450e+06   3.3142090e+01
   1.7735860e+06   3.3569336e+01
   1.7784140e+06   3.4362793e+01
   1.8125610e+06   3.4606934e+01
   1.8169840e+06   3.3752441e+01
   1.8204850e+06   3.6132813e+01
   1.8344220e+06   3.5034180e+01
   1.8468830e+06   3.3874512e+01
   1.8618090e+06   3.4118652e+01
   1.8756340e+06   3.3264160e+01
   1.8809140e+06   3.6193848e+01
   1.8976020e+06   3.6254883e+01
   1.8977450e+06   3.6071777e+01
   1.9046460e+06   3.3020020e+01
   1.9057550e+06   3.4912109e+01
   1.9073410e+06   4.1137695e+01
   1.9184790e+06   3.9428711e+01
   1.9361730e+06   3.3874512e+01
   1.9573060e+06   5.1513672e+01
   1.9935500e+06   3.6560059e+01
   2.0235930e+06   3.4851074e+01
   2.0382510e+06   3.5827637e+01
   2.0619960e+06   3.5461426e+01
   2.0798390e+06   3.3691406e+01
   2.1408100e+06   3.3142090e+01
   2.1606680e+06   2.8350830e+02
   2.1611810e+06   3.3630371e+01
   2.1710720e+06   3.4301758e+01
   2.1984990e+06   3.7841797e+01
   2.2520980e+06   3.3874512e+01
   2.2920500e+06   3.0078125e+02
   2.2920640e+06   3.7231445e+01
   2.3131050e+06   3.7780762e+01
   2.3230100e+06   3.4301758e+01
   2.3232320e+06   4.6630859e+01
   2.3418480e+06   3.6926270e+01
   2.3427050e+06   3.3813477e+01
   2.3455720e+06   3.8269043e+01
   2.3605660e+06   3.3142090e+01
   2.3675680e+06   3.3264160e+01
   2.4046250e+06   2.4957275e+02
   2.4136160e+06   3.5461426e+01
   2.4409470e+06   3.3264160e+01
   2.4470140e+06   3.9428711e+01
   2.4634320e+06   3.7841797e+01
   2.4703460e+06   3.3752441e+01
   2.4804260e+06   2.8076172e+02
   2.4805020e+06   3.5217285e+01
   2.4859180e+06   3.8085938e+01
   2.5091810e+06   3.3630371e+01
   2.5127840e+06   3.4057617e+01
   2.5188970e+06   3.4423828e+01
   2.5295690e+06   3.5156250e+01
   2.5502070e+06   3.5522461e+01
   2.5596660e+06   3.3081055e+01
   2.6032790e+06   3.5766602e+01
   2.6032950e+06   3.4118652e+01
   2.6335150e+06   3.3081055e+01
   2.6352350e+06   2.9138184e+02
   2.6992930e+06   2.3358154e+02
   2.6993060e+06   4.3823242e+01
   2.6997350e+06   4.4372559e+01
   2.7020130e+06   3.3569336e+01
   2.7189410e+06   3.4729004e+01
   2.7523700e+06   3.5217285e+01
   2.7737740e+06   3.4912109e+01
   2.7743330e+06   3.4851074e+01
   2.7751580e+06   3.5217285e+01
   2.7754540e+06   2.8948975e+02
   2.8759170e+06   3.4179688e+01
   2.8986780e+06   3.3813477e+01
   2.9046560e+06   3.4118652e+01
   2.9107130e+06   3.4484863e+01
   2.9116010e+06   2.8540039e+02
   2.9119250e+06   2.7984619e+02
   2.9321710e+06   3.4423828e+01
   2.9655480e+06   3.5217285e+01
   2.9719540e+06   3.4057617e+01
   3.0029900e+06   3.3203125e+01
   3.0035240e+06   3.6254883e+01
   3.0087020e+06   3.3447266e+01
   3.0230060e+06   4.5898438e+01
   3.0334580e+06   3.4729004e+01
   3.0337230e+06   2.7954102e+02
   3.0446630e+06   3.6926270e+01
   3.0447770e+06   3.8391113e+01
   3.0447920e+06   3.4118652e+01
   3.0450730e+06   2.3114014e+02
   3.1324090e+06   3.5583496e+01
   3.1324370e+06   3.4118652e+01
   3.1396700e+06   2.4884033e+02
   3.1880740e+06   4.1015625e+01
   3.1887120e+06   3.3630371e+01
   3.1894150e+06   2.6910400e+02
   3.1896360e+06   3.3142090e+01
   3.2139540e+06   3.4545898e+01
   3.2193710e+06   3.5095215e+01
   3.2343710e+06   9.8999023e+01
   3.2463360e+06   3.0627441e+02
   3.2606260e+06   3.3203125e+01
   3.2772970e+06   3.3996582e+01
   3.3215440e+06   3.3142090e+01
   3.3420650e+06   2.5769043e+02
   3.3534650e+06   3.7963867e+01
   3.4119300e+06   3.7231445e+01
   3.4386790e+06   3.3508301e+01
   3.4832300e+06   3.9733887e+01
   3.5048510e+06   3.6865234e+01
   3.5678390e+06   3.3081055e+01
   3.6082580e+06   3.3081055e+01
   3.6532440e+06   3.3081055e+01
   3.6693270e+06   3.5461426e+01
   3.6742600e+06   3.4729004e+01
   3.6839910e+06   3.3874512e+01
   3.6850040e+06   2.7459717e+02
   3.6850210e+06   3.5766602e+01
   3.6853520e+06   3.6193848e+01
   3.7139680e+06   3.3630371e+01
   3.7252100e+06   2.8393555e+02
   3.7626570e+06   2.4792480e+02
   3.7629860e+06   3.5278320e+01
   3.7689700e+06   3.3020020e+01
   3.7741280e+06   3.3386230e+01
   3.8121160e+06   2.4127197e+02
   3.8125210e+06   3.7475586e+01
   3.8271140e+06   3.6621094e+01
   3.8537520e+06   2.8063965e+02
   3.8643840e+06   3.6376953e+01
   3.8691860e+06   3.3996582e+01
   3.9007480e+06   3.4423828e+01
   3.9015850e+06   3.3447266e+01
   3.9258670e+06   2.7697754e+02
   3.9358010e+06   3.3386230e+01
   3.9659540e+06   3.3142090e+01
   3.9745040e+06   3.4484863e+01
   3.9815480e+06   3.6804199e+01
   3.9819850e+06   3.7719727e+01
   4.0028670e+06   3.6193848e+01
   4.0172380e+06   3.3142090e+01
   4.0218660e+06   3.5461426e+01
   4.0219620e+06   2.2741699e+02
   4.0220690e+06   3.8269043e+01
   4.0220900e+06   2.5701904e+02
   4.0222310e+06   1.9506836e+02
   4.0222480e+06   3.3752441e+01
   4.0223450e+06   3.3386230e+01
   4.0223730e+06   1.9940186e+02
   4.0224300e+06   3.7536621e+01
   4.0225930e+06   2.2863770e+02
   4.0524520e+06   3.3264160e+01
   4.0714640e+06   3.3081055e+01
   4.0888130e+06   3.6560059e+01
   4.1030860e+06   3.5400391e+01
   4.1074810e+06   2.4133301e+02
   4.1074930e+06   3.3020020e+01
   4.1075430e+06   3.3020020e+01
   4.1076420e+06   2.6049805e+02
   4.1077550e+06   3.6193848e+01
   4.1078240e+06   1.4453125e+02
   4.1079090e+06   1.4538574e+02
   4.1079690e+06   4.3395996e+01
   4.1080470e+06   7.8186035e+01
   4.1081150e+06   3.7841797e+01
   4.1081830e+06   7.0617676e+01
   4.1083850e+06   1.6577148e+02
   4.1406850e+06   3.4606934e+01
   4.1593700e+06   2.6062012e+02
   4.1593890e+06   3.6987305e+01
   4.1594070e+06   3.6743164e+01
   4.1594720e+06   2.7783203e+02
   4.1595000e+06   3.9611816e+01
   4.1595470e+06   1.4550781e+02
   4.1596210e+06   1.1260986e+02
   4.1596690e+06   3.3264160e+01
   4.1597290e+06   3.5034180e+01
   4.1597590e+06   3.8879395e+01
   4.1601360e+06   3.6987305e+01
   4.1604210e+06   4.3701172e+01
   4.1685660e+06   2.7447510e+02
   4.1935260e+06   2.7587891e+02
   4.1935410e+06   3.3508301e+01
   4.2287060e+06   3.3020020e+01
   4.2472050e+06   3.3935547e+01
   4.2533480e+06   3.7780762e+01
   4.2603580e+06   3.4545898e+01
   4.2605500e+06   2.8240967e+02
   4.2605610e+06   3.6071777e+01
   4.2947650e+06   3.8574219e+01
   4.3324670e+06   3.9367676e+01
   4.3812790e+06   3.3386230e+01
   4.4132040e+06   2.2790527e+02
   4.4132150e+06   3.3630371e+01
   4.4133650e+06   2.6464844e+02
   4.4134220e+06   3.7841797e+01
   4.4135070e+06   2.4456787e+02
   4.4135570e+06   3.6499023e+01
   4.4139710e+06   2.1124268e+02
   4.4139910e+06   4.0710449e+01
   4.4140080e+06   3.3752441e+01
   4.4141010e+06   4.3945312e+01
   4.4141230e+06   4.8156738e+01
   4.4142350e+06   1.9860840e+02
   4.4143850e+06   2.1228027e+02
   4.4247340e+06   3.4790039e+01
   4.4648830e+06   2.8509521e+02
   4.4649200e+06   3.9733887e+01
   4.4655140e+06   2.4902344e+02
   4.4758680e+06   3.4301758e+01
   4.5338330e+06   3.3142090e+01
   4.5356910e+06   3.6132813e+01
   4.5505410e+06   3.8940430e+01
   4.5506830e+06   2.9730225e+02
   4.5507380e+06   4.3945313e+01
   4.5508540e+06   2.6940918e+02
   4.5510150e+06   2.5329590e+02
   4.5510370e+06   3.4790039e+01
   4.5511460e+06   3.4057617e+01
   4.5512360e+06   2.5738525e+02
   4.5746960e+06   3.7841797e+01
   4.5911030e+06   2.2436523e+02
   4.6013180e+06   3.3142090e+01
   4.6590680e+06   3.6987305e+01
   4.6784440e+06   3.4118652e+01
   4.6992730e+06   2.4127197e+02
   4.6992980e+06   3.8085938e+01
   4.6993680e+06   2.6763916e+02
   4.6994310e+06   2.0587158e+02
   4.6995210e+06   2.2363281e+02
   4.6996120e+06   1.7346191e+02
   4.6996590e+06   4.0039063e+01
   4.6997000e+06   1.3586426e+02
   4.6997290e+06   3.7719727e+01
   4.6997940e+06   8.8623047e+01
   4.6999400e+06   3.3020020e+01
   4.7002220e+06   3.5156250e+01
   4.7007550e+06   3.3813477e+01
   4.7094200e+06   3.3325195e+01
   4.7158980e+06   3.4362793e+01
   4.7469080e+06   2.6879883e+02
   4.7469200e+06   4.2541504e+01
   4.7469950e+06   2.2528076e+02
   4.7470750e+06   2.0141602e+02
   4.7471230e+06   3.5095215e+01
   4.7471340e+06   3.3142090e+01
   4.7471690e+06   1.4385986e+02
   4.7472000e+06   3.6071777e+01
   4.7472390e+06   7.6782227e+01
   4.7472500e+06   3.4912109e+01
   4.7473020e+06   5.7495117e+01
   4.7473750e+06   3.4790039e+01
   4.7474200e+06   3.3691406e+01
   4.7474350e+06   4.4067383e+01
   4.7474540e+06   3.5827637e+01
   4.7475430e+06   3.4729004e+01
   4.7475870e+06   3.4484863e+01
   4.7477700e+06   3.5339355e+01
   4.7483740e+06   3.3569336e+01
   4.7681070e+06   2.7386475e+02
   4.7681180e+06   3.7048340e+01
   4.7681850e+06   2.1942139e+02
   4.7682030e+06   4.3884277e+01
   4.7682600e+06   1.8585205e+02
   4.7683430e+06   1.8701172e+02
   4.7683740e+06   3.4118652e+01
   4.7684240e+06   1.3543701e+02
   4.7684490e+06   3.5461426e+01
   4.7684950e+06   7.8186035e+01
   4.7685700e+06   8.1604004e+01
   4.7685800e+06   5.0170898e+01
   4.7686120e+06   3.9916992e+01
   4.7686570e+06   5.5969238e+01
   4.7687250e+06   4.4494629e+01
   4.7687490e+06   4.0893555e+01
   4.7687740e+06   3.7048340e+01
   4.7689510e+06   3.3020020e+01
   4.7689700e+06   4.0832520e+01
   4.7693260e+06   3.6926270e+01
   4.7912260e+06   2.5598145e+02
   4.7913190e+06   3.3813477e+01
   4.7913470e+06   3.5278320e+01
   4.7913920e+06   1.7871094e+02
   4.7914130e+06   3.4362793e+01
   4.7914600e+06   1.3024902e+02
   4.7914770e+06   4.1503906e+01
   4.7915240e+06   4.0832520e+01
   4.7915750e+06   4.8034668e+01
   4.7916020e+06   3.3935547e+01
   4.7916160e+06   3.5949707e+01
   4.7916480e+06   3.4484863e+01
   4.7916610e+06   3.4912109e+01
   4.7916870e+06   3.8879395e+01
   4.7917720e+06   5.1452637e+01
   4.7918040e+06   3.7841797e+01
   4.7918230e+06   4.6508789e+01
   4.7918950e+06   3.6682129e+01
   4.7919140e+06   3.4851074e+01
   4.7922550e+06   3.4301758e+01
   4.7929250e+06   1.0113525e+02
   4.7930910e+06   1.2158203e+02
   4.7932590e+06   1.1987305e+02
   4.7934450e+06   1.3433838e+02
   4.7936680e+06   1.2170410e+02
   4.8006210e+06   2.4981689e+02
   4.8006360e+06   3.9916992e+01
   4.8006910e+06   3.7231445e+01
   4.8007260e+06   1.9940186e+02
   4.8007410e+06   3.4484863e+01
   4.8008010e+06   1.6534424e+02
   4.8008800e+06   1.4074707e+02
   4.8009570e+06   9.0515137e+01
   4.8010870e+06   1.0412598e+02
   4.8011600e+06   4.0893555e+01
   4.8012290e+06   1.1022949e+02
   4.8013580e+06   7.2326660e+01
   4.8014550e+06   3.9306641e+01
   4.8014760e+06   6.8176270e+01
   4.8015750e+06   4.8095703e+01
   4.8016040e+06   3.4179688e+01
   4.8016770e+06   4.0893555e+01
   4.8016940e+06   3.8818359e+01
   4.8107640e+06   2.3602295e+02
   4.8107780e+06   3.3020020e+01
   4.8109120e+06   3.3264160e+01
   4.8109380e+06   3.4912109e+01
   4.8164190e+06   2.7435303e+02
   4.8165250e+06   2.5769043e+02
   4.8166110e+06   3.7292480e+01
   4.8166610e+06   3.4973145e+01
   4.8167120e+06   2.1453857e+02
   4.8170340e+06   2.2412109e+02
   4.8228370e+06   2.5817871e+02
   4.8228480e+06   4.2785645e+01
   4.8229460e+06   2.4298096e+02
   4.8230940e+06   2.3217773e+02
   4.8231850e+06   1.6363525e+02
   4.8232190e+06   4.0161133e+01
   4.8232980e+06   1.7724609e+02
   4.8234010e+06   3.3874512e+01
   4.8234630e+06   1.6693115e+02
   4.8235730e+06   3.7353516e+01
   4.8236140e+06   1.6656494e+02
   4.8237120e+06   1.0150146e+02
   4.8237880e+06   3.4118652e+01
   4.8238290e+06   3.3935547e+01
   4.8285570e+06   2.5592041e+02
   4.8287180e+06   2.3199463e+02
   4.8338180e+06   2.4505615e+02
   4.8339240e+06   2.3712158e+02
   4.8339500e+06   4.2907715e+01
   4.8340390e+06   1.9750977e+02
   4.8342180e+06   2.0080566e+02
   4.8344470e+06   2.1850586e+02
   4.8346130e+06   3.3447266e+01
   4.8346540e+06   1.8731689e+02
   4.8348490e+06   1.5710449e+02
   4.8349990e+06   1.6241455e+02
   4.8351580e+06   1.6448975e+02
   4.8352700e+06   3.6010742e+01
   4.8353340e+06   1.4654541e+02
   4.8438740e+06   2.1838379e+02
   4.8438880e+06   3.7475586e+01
   4.8439560e+06   2.0422363e+02
   4.8440400e+06   1.8737793e+02
   4.8441390e+06   1.6540527e+02
   4.8442230e+06   1.1883545e+02
   4.8443200e+06   1.1926270e+02
   4.8443940e+06   3.9001465e+01
   4.8444870e+06   3.3325195e+01
   4.8445000e+06   5.7617187e+01
   4.8445520e+06   3.4973145e+01
   4.8446380e+06   3.5461426e+01
   4.8453280e+06   1.1547852e+02
   4.8501770e+06   2.3040771e+02
   4.8502860e+06   2.4127197e+02
   4.8503220e+06   3.5766602e+01
   4.8505080e+06   2.3736572e+02
   4.8583780e+06   2.1594238e+02
   4.8583950e+06   3.4301758e+01
   4.8584610e+06   2.3474121e+02
   4.8585400e+06   1.7962646e+02
   4.8586170e+06   1.3598633e+02
   4.8586630e+06   3.3020020e+01
   4.8586980e+06   1.0394287e+02
   4.8587090e+06   4.0100098e+01
   4.8587720e+06   6.8725586e+01
   4.8587820e+06   3.8452148e+01
   4.8588200e+06   3.4362793e+01
   4.8588660e+06   7.6232910e+01
   4.8588960e+06   3.5583496e+01
   4.8589420e+06   4.2053223e+01
   4.8590690e+06   3.9550781e+01
   4.8592720e+06   3.4667969e+01
   4.8770620e+06   3.4851074e+01
   4.8925750e+06   2.6873779e+02
   4.8927960e+06   2.6855469e+02
   4.8928880e+06   2.2009277e+02
   4.8929010e+06   3.5766602e+01
   4.8929440e+06   1.0766602e+02
   4.8930020e+06   3.5583496e+01
   4.8930120e+06   5.1635742e+01
   4.8930340e+06   3.5644531e+01
   4.8930640e+06   3.4606934e+01
   4.8931040e+06   4.2785645e+01
   4.8931210e+06   3.7170410e+01
   4.8931930e+06   3.6315918e+01
   4.8933150e+06   3.3691406e+01
   4.9107710e+06   3.5583496e+01
   4.9156460e+06   2.1807861e+02
   4.9159650e+06   2.5689697e+02
   4.9160820e+06   2.3968506e+02
   4.9161530e+06   1.6851807e+02
   4.9162090e+06   4.4799805e+01
   4.9162220e+06   9.2712402e+01
   4.9162820e+06   3.5339355e+01
   4.9162960e+06   3.3325195e+01
   4.9163120e+06   3.4118652e+01
   4.9163600e+06   4.8278809e+01
   4.9163970e+06   3.4545898e+01
   4.9164350e+06   3.9855957e+01
   4.9166080e+06   5.3466797e+01
   4.9167250e+06   5.5847168e+01
   4.9452310e+06   2.2198486e+02
   4.9452440e+06   3.6560059e+01
   4.9452860e+06   3.3813477e+01
   4.9454150e+06   2.5421143e+02
   4.9454560e+06   4.0588379e+01
   4.9455070e+06   2.2515869e+02
   4.9455190e+06   3.6926270e+01
   4.9455800e+06   1.5075684e+02
   4.9456280e+06   4.1931152e+01
   4.9456390e+06   6.1645508e+01
   4.9456830e+06   4.0161133e+01
   4.9457360e+06   4.1259766e+01
   4.9457530e+06   3.5034180e+01
   4.9457900e+06   3.4729004e+01
   4.9459410e+06   3.4790039e+01
   4.9460130e+06   4.6203613e+01
   4.9460810e+06   4.0222168e+01
   4.9461740e+06   3.3081055e+01
   4.9467450e+06   1.2011719e+02
   4.9471000e+06   1.6680908e+02
   4.9581560e+06   2.4145508e+02
   4.9585950e+06   3.4362793e+01
   4.9586570e+06   2.4279785e+02
   4.9586740e+06   3.9306641e+01
   4.9588290e+06   2.4554443e+02
   4.9588600e+06   4.5837402e+01
   4.9590000e+06   2.3413086e+02
   4.9598510e+06   2.4084473e+02
   4.9599770e+06   2.2467041e+02
   4.9599910e+06   3.4484863e+01
   4.9601560e+06   1.9140625e+02
   4.9603220e+06   1.8701172e+02
   4.9802150e+06   3.6254883e+01
   5.0104460e+06   3.8635254e+01
   5.0165590e+06   3.5827637e+01
   5.0235650e+06   3.5949707e+01
   5.0390160e+06   3.4179688e+01
   5.0430140e+06   4.1015625e+01
   5.0431000e+06   2.2454834e+02
   5.0431210e+06   3.9184570e+01
   5.0431620e+06   3.6804199e+01
   5.0432060e+06   3.3264160e+01
   5.0433310e+06   1.8225098e+02
   5.0433660e+06   4.0771484e+01
   5.0434300e+06   1.6571045e+02
   5.0434510e+06   3.4667969e+01
   5.0434940e+06   3.3630371e+01
   5.0435160e+06   3.3996582e+01
   5.0435560e+06   3.7048340e+01
   5.0435670e+06   5.2673340e+01
   5.0436460e+06   4.2968750e+01
   5.0440720e+06   3.5644531e+01
   5.0898780e+06   3.4240723e+01
   5.1379500e+06   2.3120117e+02
   5.1379730e+06   3.7414551e+01
   5.1380070e+06   3.3447266e+01
   5.1380470e+06   2.2326660e+02
   5.1380620e+06   3.4912109e+01
   5.1381210e+06   3.7597656e+01
   5.1381360e+06   2.0068359e+02
   5.1382190e+06   1.8200684e+02
   5.1383050e+06   3.9306641e+01
   5.1383150e+06   1.7504883e+02
   5.1383900e+06   1.0595703e+02
   5.1384510e+06   3.9245605e+01
   5.1384610e+06   3.7841797e+01
   5.1384990e+06   4.0832520e+01
   5.1385910e+06   4.6813965e+01
   5.1387490e+06   3.4973145e+01
   5.1388490e+06   3.6132813e+01
   5.1388830e+06   4.0283203e+01
   5.1511950e+06   3.4240723e+01
   5.1868300e+06   3.7048340e+01
   5.1871560e+06   3.4423828e+01
   5.1977950e+06   3.4606934e+01
   5.2353650e+06   3.3996582e+01
   5.2435930e+06   3.8818359e+01
   5.2762580e+06   3.6376953e+01
   5.2809420e+06   3.3386230e+01
   5.2994950e+06   2.7917480e+02
   5.2997770e+06   2.7258301e+02
   5.2998570e+06   2.3425293e+02
   5.2999070e+06   3.4362793e+01
   5.2999970e+06   3.3569336e+01
   5.3000260e+06   3.3020020e+01
   5.3000820e+06   3.5217285e+01
   5.3002780e+06   2.1826172e+02
   5.3004580e+06   2.3138428e+02
   5.3006200e+06   3.6743164e+01
   5.3344490e+06   3.5339355e+01
   5.3643310e+06   3.4973145e+01
   5.3747860e+06   3.3203125e+01
   5.4060450e+06   3.4362793e+01
   5.4339640e+06   3.3813477e+01
   5.4451720e+06   3.3691406e+01
   5.5730190e+06   3.3264160e+01
   5.6396020e+06   2.6354980e+02
   5.6532300e+06   2.7056885e+02
   5.6705650e+06   3.4301758e+01
   5.6829380e+06   3.3996582e+01
   5.6879420e+06   3.3447266e+01
   5.6976760e+06   3.8146973e+01
   5.7128280e+06   3.9489746e+01
   5.7368950e+06   3.3020020e+01
   5.7904360e+06   3.3813477e+01
   5.7904600e+06   2.7258301e+02
   5.8051690e+06   2.5457764e+02
   5.8051830e+06   4.3151855e+01
   5.8055410e+06   3.5766602e+01
   5.8074340e+06   2.4005127e+02
   5.8074500e+06   3.6621094e+01
   5.8075690e+06   3.3447266e+01
   5.8725230e+06   4.2175293e+01
   5.8999380e+06   3.3447266e+01
   5.9418210e+06   3.8208008e+01
   5.9584930e+06   3.3142090e+01
   5.9637660e+06   3.5034180e+01
   5.9644360e+06   2.5671387e+02
   6.0106220e+06   3.5644531e+01
   6.0281260e+06   2.6708984e+02
   6.0558580e+06   2.5726318e+02
   6.0558720e+06   3.5461426e+01
   6.0559300e+06   3.4973145e+01
   6.0559540e+06   2.5402832e+02
   6.0559860e+06   3.5034180e+01
   6.0560100e+06   1.3500977e+02
   6.0560470e+06   3.9123535e+01
   6.0560600e+06   3.8513184e+01
   6.0801850e+06   3.4484863e+01
   6.1129960e+06   3.5278320e+01
   6.1195930e+06   2.6470947e+02
   6.1198060e+06   2.6452637e+02
   6.1198850e+06   2.2363281e+02
   6.1199560e+06   1.5643311e+02
   6.1199870e+06   3.4606934e+01
   6.1200250e+06   3.3020020e+01
   6.1200370e+06   7.0800781e+01
   6.1200790e+06   3.3752441e+01
   6.1201170e+06   3.8452148e+01
   6.1201560e+06   4.8950195e+01
   6.1202200e+06   3.4179688e+01
   6.1202720e+06   6.3476562e+01
   6.1203820e+06   3.5644531e+01
   6.1352800e+06   3.4240723e+01
   6.1510340e+06   2.3193359e+02
   6.1510570e+06   3.3203125e+01
   6.1511170e+06   3.6865234e+01
   6.1511460e+06   2.1215820e+02
   6.1512000e+06   3.6804199e+01
   6.1512270e+06   2.1820068e+02
   6.1512850e+06   1.1553955e+02
   6.1513040e+06   3.5217285e+01
   6.1513440e+06   4.1259766e+01
   6.1514060e+06   4.2785645e+01
   6.1515150e+06   3.8391113e+01
   6.1516270e+06   4.1992188e+01
   6.2065610e+06   3.3264160e+01
   6.2422480e+06   3.4545898e+01
   6.2432840e+06   3.3081055e+01
   6.2607530e+06   3.3569336e+01
   6.2798280e+06   3.4362793e+01
   6.3303610e+06   3.3142090e+01
   6.3494790e+06   3.8024902e+01
   6.4012740e+06   3.4729004e+01
   6.4237490e+06   2.6385498e+02
   6.4860830e+06   3.3508301e+01
   6.5110470e+06   2.5177002e+02
   6.5343000e+06   2.2766113e+02
   6.5419220e+06   3.3813477e+01
   6.5634960e+06   3.3752441e+01
   6.5900130e+06   3.7841797e+01
   6.6068020e+06   2.4609375e+02
   6.6069530e+06   3.4851074e+01
   6.6071770e+06   2.1740723e+02
   6.6468850e+06   3.3813477e+01
   6.6760270e+06   3.3935547e+01
   6.7236220e+06   2.2106934e+02
   6.7545110e+06   3.4667969e+01
   6.7758060e+06   3.3569336e+01
   6.7844480e+06   3.7597656e+01
   6.8174340e+06   3.3264160e+01
   6.8241790e+06   2.8570557e+02
   6.8971400e+06   3.3630371e+01
   6.9131200e+06   3.3142090e+01
   6.9483400e+06   4.0161133e+01
   6.9704030e+06   3.3996582e+01
   6.9722370e+06   3.3874512e+01
   7.0181980e+06   3.3325195e+01
   7.0300750e+06   2.3474121e+02
   7.0567900e+06   2.7313232e+02
   7.0571480e+06   2.4908447e+02
   7.0786480e+06   3.6193848e+01
   7.0848140e+06   3.3142090e+01
   7.0927790e+06   3.3874512e+01
   7.2547250e+06   3.3081055e+01
   7.2594760e+06   3.3569336e+01
   7.2683440e+06   2.6739502e+02
   7.2744640e+06   3.3142090e+01
   7.3436770e+06   2.7612305e+02
   7.4012620e+06   2.7221680e+02
   7.4014750e+06   2.5909424e+02
   7.4016120e+06   2.1868896e+02
   7.4259680e+06   3.6376953e+01
   7.4549430e+06   2.1112061e+02
   7.4614650e+06   3.6132813e+01
   7.5217780e+06   3.6560059e+01
   7.5790420e+06   3.3569336e+01
   7.5915800e+06   3.3813477e+01
   7.5925550e+06   2.4096680e+02
   7.6028610e+06   3.5156250e+01
   7.6629710e+06   3.3386230e+01
   7.7025790e+06   2.2314453e+02
   7.7062610e+06   3.3325195e+01
   7.7102610e+06   3.4362793e+01
   7.7192260e+06   2.1838379e+02
   7.7617930e+06   3.3447266e+01
   7.7633600e+06   2.5152588e+02
   7.7633730e+06   3.6743164e+01
   7.7635030e+06   3.3874512e+01
   7.7635240e+06   2.3718262e+02
   7.7637150e+06   3.3447266e+01
   7.7637250e+06   2.2961426e+02
   7.7639060e+06   1.9738770e+02
   7.8498150e+06   2.4597168e+02
   7.8498360e+06   3.6499023e+01
   7.9063500e+06   2.5659180e+02
   7.9300820e+06   3.3081055e+01
   8.0008080e+06   2.6403809e+02
   8.0008580e+06   3.9306641e+01
   8.0010550e+06   2.2344971e+02
   8.0276850e+06   3.4667969e+01
   8.0563880e+06   3.8513184e+01
   8.0564860e+06   2.5103760e+02
   8.0565050e+06   4.1137695e+01
   8.0565800e+06   2.1466064e+02
   8.0566540e+06   1.8408203e+02
   8.0567200e+06   9.8754883e+01
   8.0567950e+06   3.4484863e+01
   8.0568650e+06   4.1015625e+01
   8.0570940e+06   3.4179688e+01
   8.0731670e+06   3.4240723e+01
   8.1224680e+06   3.5095215e+01
   8.1297130e+06   2.6531982e+02
   8.1297270e+06   4.4311523e+01
   8.1809090e+06   3.4667969e+01
   8.1976270e+06   2.1771240e+02
   8.2034400e+06   3.6132813e+01
   8.2238170e+06   3.8757324e+01
   8.2349350e+06   3.8879395e+01
   8.2632650e+06   3.4912109e+01
   8.2667790e+06   2.5177002e+02
   8.2784580e+06   3.3020020e+01
   8.2785130e+06   3.3874512e+01
   8.2785430e+06   2.4383545e+02
   8.2786850e+06   2.0648193e+02
   8.2788900e+06   2.6428223e+02
   8.2789750e+06   3.3020020e+01
   8.2791190e+06   2.4090576e+02
   8.3013560e+06   3.8085938e+01
   8.3064740e+06   3.5156250e+01
   8.3373000e+06   3.3569336e+01
   8.3581240e+06   2.2589111e+02
   8.3762860e+06   3.5888672e+01
   8.3764380e+06   3.7719727e+01
   8.3764540e+06   3.3874512e+01
   8.3765070e+06   3.5217285e+01
   8.3765470e+06   2.2521973e+02
   8.3765720e+06   3.3142090e+01
   8.3766020e+06   3.6010742e+01
   8.3766120e+06   1.6491699e+02
   8.3766840e+06   1.2677002e+02
   8.3767320e+06   3.3752441e+01
   8.3767900e+06   4.3334961e+01
   8.3768320e+06   3.4362793e+01
   8.3769650e+06   3.6132813e+01
   8.3770730e+06   9.0026855e+01
   8.4121530e+06   2.6153564e+02
   8.4197450e+06   2.6165771e+02
   8.4199310e+06   2.1398926e+02
   8.4199560e+06   3.8208008e+01
   8.4200220e+06   3.4423828e+01
   8.4200860e+06   1.2738037e+02
   8.4201110e+06   3.3325195e+01
   8.4201460e+06   8.7585449e+01
   8.4201930e+06   3.9611816e+01
   8.4202040e+06   4.5349121e+01
   8.4202870e+06   3.9672852e+01
   8.4204040e+06   4.2907715e+01
   8.4205160e+06   4.3762207e+01
   8.4205410e+06   3.3386230e+01
   8.4207080e+06   1.6961670e+02
   8.4504160e+06   3.3996582e+01
   8.4578890e+06   2.4346924e+02
   8.4580540e+06   2.5537109e+02
   8.4580710e+06   3.3203125e+01
   8.4581350e+06   2.2430420e+02
   8.4581970e+06   1.5356445e+02
   8.4582170e+06   3.8696289e+01
   8.4582540e+06   3.6010742e+01
   8.4582650e+06   7.4462891e+01
   8.4582880e+06   3.8635254e+01
   8.4584610e+06   3.3813477e+01
   8.5146650e+06   3.3264160e+01
   8.5213460e+06   2.2314453e+02
   8.5213910e+06   3.5644531e+01
   8.5328520e+06   2.1612549e+02
   8.5334880e+06   2.4890137e+02
   8.5335010e+06   3.3874512e+01
   8.5336600e+06   3.5339355e+01
   8.5338780e+06   2.5958252e+02
   8.5572260e+06   3.5644531e+01
   8.5790510e+06   2.2943115e+02
   8.5790640e+06   3.3935547e+01
   8.5791500e+06   3.4912109e+01
   8.5792330e+06   2.7868652e+02
   8.5792470e+06   4.1381836e+01
   8.5793210e+06   6.9824219e+01
   8.5793830e+06   4.0649414e+01
   8.5794020e+06   1.3800049e+02
   8.5794760e+06   1.1370850e+02
   8.5794890e+06   3.4606934e+01
   8.5795270e+06   3.8757324e+01
   8.5795390e+06   4.2114258e+01
   8.5795750e+06   3.8635254e+01
   8.5797320e+06   3.3630371e+01
   8.5800240e+06   4.1076660e+01
   8.6119500e+06   2.3504639e+02
   8.6970060e+06   2.2814941e+02
   8.6971080e+06   1.8505859e+02
   8.6971250e+06   3.5278320e+01
   8.6971440e+06   4.0161133e+01
   8.6972000e+06   1.8566895e+02
   8.6972600e+06   6.0546875e+01
   8.6972810e+06   3.8269043e+01
   8.6973240e+06   1.0681152e+02
   8.6973800e+06   3.3752441e+01
   8.6974000e+06   3.5400391e+01
   8.6974390e+06   4.3334961e+01
   8.6974680e+06   3.4912109e+01
   8.6974950e+06   3.5888672e+01
   8.6975120e+06   3.9855957e+01
   8.6975330e+06   4.5471191e+01
   8.6975720e+06   4.0283203e+01
   8.6975820e+06   3.6926270e+01
   8.6981780e+06   3.4729004e+01
   8.6982610e+06   3.3752441e+01
   8.6983420e+06   3.4362793e+01
   8.6991270e+06   5.2368164e+01
   8.6994420e+06   7.3059082e+01
   8.6998900e+06   3.4545898e+01
   8.7291030e+06   2.5311279e+02
   8.7292170e+06   3.3752441e+01
   8.7293000e+06   2.1160889e+02
   8.7294180e+06   2.3468018e+02
   8.7294320e+06   3.6804199e+01
   8.7295400e+06   2.0513916e+02
   8.7295610e+06   3.5766602e+01
   8.7297390e+06   2.0874023e+02
   8.7359440e+06   3.4912109e+01
   8.7360550e+06   2.4786377e+02
   8.7360680e+06   3.3752441e+01
   8.7361810e+06   2.4914551e+02
   8.7363100e+06   2.2924805e+02
   8.7364110e+06   1.8243408e+02
   8.7364780e+06   4.0954590e+01
   8.7365270e+06   1.3244629e+02
   8.7366190e+06   1.1804199e+02
   8.7366450e+06   3.6926270e+01
   8.7367090e+06   8.6791992e+01
   8.7367980e+06   4.1137695e+01
   8.7369210e+06   3.9001465e+01
   8.7371470e+06   1.1004639e+02
   8.7589170e+06   2.7294922e+02
   8.7589360e+06   4.1625977e+01
   8.7589980e+06   2.0562744e+02
   8.7590110e+06   3.6254883e+01
   8.7590680e+06   1.4611816e+02
   8.7591180e+06   4.8156738e+01
   8.7591340e+06   3.9123535e+01
   8.7591670e+06   3.5766602e+01
   8.7592100e+06   3.3386230e+01
   8.7592420e+06   3.6621094e+01
   8.7592540e+06   3.5217285e+01
   8.7592860e+06   3.4545898e+01
   8.7595240e+06   3.3752441e+01
   8.7595450e+06   3.7048340e+01
   8.7596240e+06   3.5034180e+01
   8.7598130e+06   3.3508301e+01
   8.7600950e+06   3.4790039e+01
   8.7602730e+06   7.6110840e+01
   8.7604350e+06   1.1505127e+02
   8.7606100e+06   1.2109375e+02
   8.7608580e+06   7.7453613e+01
   8.7773720e+06   2.2418213e+02
   8.7773860e+06   3.4912109e+01
   8.7774560e+06   2.4243164e+02
   8.7774830e+06   3.9123535e+01
   8.7775110e+06   1.2860107e+02
   8.7775560e+06   5.1818848e+01
   8.7775670e+06   9.6984863e+01
   8.7776070e+06   5.5480957e+01
   8.7776420e+06   3.4240723e+01
   8.7776650e+06   4.2419434e+01
   8.7777280e+06   4.1015625e+01
   8.7777540e+06   3.3447266e+01
   8.7777710e+06   3.7963867e+01
   8.7778350e+06   4.6630859e+01
   8.7778610e+06   3.4729004e+01
   8.7781270e+06   3.6315918e+01
   8.7783190e+06   4.3395996e+01
   8.7784080e+06   3.7597656e+01
   8.7787720e+06   9.8388672e+01
   8.7789540e+06   1.2194824e+02
   8.7789760e+06   3.3508301e+01
   8.7791400e+06   1.3836670e+02
   8.7793130e+06   1.3208008e+02
   8.7795150e+06   1.4300537e+02
   8.7797590e+06   1.3305664e+02
   8.7800400e+06   1.4343262e+02
   8.7802870e+06   1.3793945e+02
   8.7877680e+06   2.0947266e+02
   8.7878360e+06   3.3630371e+01
   8.7878670e+06   2.1850586e+02
   8.7879440e+06   1.4172363e+02
   8.7879770e+06   3.7353516e+01
   8.7880100e+06   6.4025879e+01
   8.7880530e+06   3.8330078e+01
   8.7880860e+06   3.5522461e+01
   8.7881760e+06   3.4667969e+01
   8.7882120e+06   3.5827637e+01
   8.7891460e+06   8.0322266e+01
   8.7893050e+06   1.0162354e+02
   8.7894680e+06   1.0021973e+02
   8.7896410e+06   1.0845947e+02
   8.7898040e+06   5.8593750e+01
   8.7899670e+06   9.2224121e+01
   8.7901560e+06   9.2651367e+01
   8.7903610e+06   7.9284668e+01
   8.7905340e+06   6.7932129e+01
   8.7907290e+06   8.3374023e+01
   8.7909240e+06   8.0688477e+01
   8.7911340e+06   8.5266113e+01
   8.7913440e+06   6.7626953e+01
   8.7915520e+06   7.0556641e+01
   8.7977060e+06   2.2521973e+02
   8.7977860e+06   2.1429443e+02
   8.7978580e+06   1.0687256e+02
   8.7978770e+06   3.5339355e+01
   8.7979140e+06   3.5949707e+01
   8.7979240e+06   4.5349121e+01
   8.7980470e+06   3.4301758e+01
   8.7981070e+06   3.6254883e+01
   8.7981470e+06   4.1564941e+01
   8.7983360e+06   3.3813477e+01
   8.8089650e+06   2.6159668e+02
   8.8090040e+06   3.4179688e+01
   8.8090450e+06   2.3950195e+02
   8.8091080e+06   1.2634277e+02
   8.8091250e+06   3.6193848e+01
   8.8091610e+06   3.6254883e+01
   8.8091770e+06   6.7749023e+01
   8.8091940e+06   3.7780762e+01
   8.8092350e+06   3.4729004e+01
   8.8093270e+06   3.8085938e+01
   8.8093770e+06   3.3508301e+01
   8.8094080e+06   3.8269043e+01
   8.8094290e+06   3.7353516e+01
   8.8095560e+06   3.3691406e+01
   8.8101300e+06   8.9843750e+01
   8.8180900e+06   1.9488525e+02
   8.8181240e+06   3.9611816e+01
   8.8181560e+06   1.7987061e+02
   8.8181820e+06   3.6315918e+01
   8.8182160e+06   9.0820313e+01
   8.8182310e+06   3.7292480e+01
   8.8182790e+06   3.6804199e+01
   8.8182900e+06   3.5522461e+01
   8.8183240e+06   4.4921875e+01
   8.8184900e+06   4.3945313e+01
   8.8185010e+06   3.7414551e+01
   8.8186820e+06   3.4179688e+01
   8.8190100e+06   4.8645020e+01
   8.8192040e+06   1.0253906e+02
   8.8193910e+06   1.3104248e+02
   8.8259570e+06   2.1008301e+02
   8.8259740e+06   3.7780762e+01
   8.8260280e+06   1.8176270e+02
   8.8260560e+06   4.2968750e+01
   8.8260910e+06   5.1696777e+01
   8.8261120e+06   3.8879395e+01
   8.8261610e+06   4.0649414e+01
   8.8262160e+06   3.7902832e+01
   8.8263490e+06   3.3874512e+01
   8.8263590e+06   3.5339355e+01
   8.8267250e+06   5.2307129e+01
   8.8269040e+06   9.8876953e+01
   8.8328730e+06   2.5988770e+02
   8.8328920e+06   3.7902832e+01
   8.8329210e+06   3.4912109e+01
   8.8329360e+06   1.8011475e+02
   8.8329950e+06   7.5012207e+01
   8.8330330e+06   3.6132813e+01
   8.8330570e+06   4.0039063e+01
   8.8330810e+06   4.9926758e+01
   8.8331310e+06   3.8024902e+01
   8.8331700e+06   3.6254883e+01
   8.8335400e+06   4.0832520e+01
   8.8397200e+06   2.2039795e+02
   8.8398880e+06   2.4291992e+02
   8.8399470e+06   4.9255371e+01
   8.8399900e+06   2.1032715e+02
   8.8400200e+06   3.6560059e+01
   8.8400580e+06   1.0668945e+02
   8.8400850e+06   3.3081055e+01
   8.8401290e+06   6.9213867e+01
   8.8401550e+06   3.5156250e+01
   8.8402340e+06   3.4057617e+01
   8.8402610e+06   3.6804199e+01
   8.8483560e+06   2.1893311e+02
   8.8483700e+06   3.3996582e+01
   8.8484310e+06   2.1154785e+02
   8.8484590e+06   3.6193848e+01
   8.8484900e+06   1.1145020e+02
   8.8485210e+06   4.9499512e+01
   8.8485470e+06   5.5541992e+01
   8.8485850e+06   4.1564941e+01
   8.8486320e+06   3.8940430e+01
   8.8486480e+06   3.3142090e+01
   8.8486810e+06   3.4667969e+01
   8.8487410e+06   3.5461426e+01
   8.8493720e+06   9.1186523e+01
   8.8559870e+06   3.9978027e+01
   8.8560060e+06   2.6867676e+02
   8.8560780e+06   3.4912109e+01
   8.8560890e+06   2.1276855e+02
   8.8561360e+06   3.4545898e+01
   8.8561610e+06   1.1694336e+02
   8.8561970e+06   3.7353516e+01
   8.8562270e+06   4.4860840e+01
   8.8562770e+06   3.9245605e+01
   8.8563270e+06   3.3081055e+01
   8.8564120e+06   3.6682129e+01
   8.8623720e+06   2.1405029e+02
   8.8623830e+06   3.4179688e+01
   8.8624040e+06   3.4484863e+01
   8.8624410e+06   2.0123291e+02
   8.8624730e+06   3.7841797e+01
   8.8625010e+06   6.9335938e+01
   8.8625380e+06   3.6193848e+01
   8.8625480e+06   3.4179688e+01
   8.8626400e+06   3.3691406e+01
   8.8688230e+06   2.2918701e+02
   8.8689170e+06   1.9750977e+02
   8.8689340e+06   3.6010742e+01
   8.8690020e+06   1.5490723e+02
   8.8690800e+06   1.0070801e+02
   8.8691020e+06   3.8574219e+01
   8.8691320e+06   3.4729004e+01
   8.8692610e+06   3.3874512e+01
   8.8766950e+06   2.3101807e+02
   8.8767190e+06   3.6621094e+01
   8.8767590e+06   1.7535400e+02
   8.8767730e+06   3.4973145e+01
   8.8768030e+06   4.2175293e+01
   8.8768270e+06   3.9672852e+01
   8.8768670e+06   3.4362793e+01
   8.8769170e+06   3.5705566e+01
   8.8769280e+06   3.9855957e+01
   8.8769790e+06   3.3142090e+01
   8.8774660e+06   3.3996582e+01
   8.8840530e+06   2.3461914e+02
   8.8841240e+06   1.9708252e+02
   8.8841830e+06   1.0821533e+02
   8.8842580e+06   4.3701172e+01
   8.8843460e+06   3.5278320e+01
   8.8844480e+06   3.3630371e+01
   8.8916320e+06   3.5400391e+01
   8.8916730e+06   2.1423340e+02
   8.8917270e+06   1.6870117e+02
   8.8917780e+06   7.4462891e+01
   8.8918100e+06   4.0588379e+01
   8.8918330e+06   3.5095215e+01
   8.8918630e+06   4.0710449e+01
   8.8918790e+06   3.4484863e+01
   8.8920740e+06   3.9367676e+01
   8.8990580e+06   2.3565674e+02
   8.8990710e+06   4.7363281e+01
   8.8991200e+06   1.5069580e+02
   8.8991780e+06   7.1594238e+01
   8.8991940e+06   3.8330078e+01
   8.8993290e+06   3.4973145e+01
   8.8993630e+06   3.3996582e+01
   8.9074430e+06   2.4719238e+02
   8.9075060e+06   1.8719482e+02
   8.9075490e+06   4.8278809e+01
   8.9075740e+06   5.5358887e+01
   8.9075910e+06   4.0954590e+01
   8.9076630e+06   3.5644531e+01
   8.9076890e+06   4.1870117e+01
   8.9077090e+06   3.3325195e+01
   8.9078210e+06   3.5400391e+01
   8.9157930e+06   4.0832520e+01
   8.9158520e+06   1.5051270e+02
   8.9159020e+06   4.0283203e+01
   8.9159150e+06   3.3813477e+01
   8.9159810e+06   3.3874512e+01
   8.9160200e+06   3.6804199e+01
   8.9161050e+06   3.4851074e+01
   8.9241170e+06   3.3996582e+01
   8.9241550e+06   2.5561523e+02
   8.9241750e+06   3.3203125e+01
   8.9242140e+06   1.8023682e+02
   8.9242310e+06   3.8513184e+01
   8.9242620e+06   4.2846680e+01
   8.9242820e+06   7.5073242e+01
   8.9243090e+06   3.4057617e+01
   8.9244040e+06   3.9184570e+01
   8.9244660e+06   3.4973145e+01
   8.9341130e+06   1.9525146e+02
   8.9341560e+06   3.6560059e+01
   8.9341780e+06   2.0709229e+02
   8.9342030e+06   3.4912109e+01
   8.9342320e+06   5.6640625e+01
   8.9342730e+06   3.4606934e+01
   8.9342890e+06   3.7719727e+01
   8.9343150e+06   4.4311523e+01
   8.9343820e+06   4.4921875e+01
   8.9344230e+06   3.8574219e+01
   8.9430140e+06   2.0941162e+02
   8.9430620e+06   3.4484863e+01
   8.9430800e+06   1.9842529e+02
   8.9431390e+06   6.0913086e+01
   8.9432010e+06   3.5400391e+01
   8.9432340e+06   4.5104980e+01
   8.9432700e+06   3.5461426e+01
   8.9440480e+06   1.5447998e+02
   8.9442690e+06   3.3325195e+01
   8.9539310e+06   2.4725342e+02
   8.9539730e+06   3.5522461e+01
   8.9539920e+06   2.0349121e+02
   8.9540310e+06   3.4851074e+01
   8.9540480e+06   1.1114502e+02
   8.9540800e+06   4.6691895e+01
   8.9541120e+06   3.7780762e+01
   8.9641340e+06   2.2424316e+02
   8.9641940e+06   1.7382813e+02
   8.9642240e+06   3.4301758e+01
   8.9642550e+06   8.3740234e+01
   8.9642920e+06   4.1503906e+01
   8.9644900e+06   3.7658691e+01
   8.9755510e+06   2.5933838e+02
   8.9756130e+06   2.0935059e+02
   8.9756590e+06   3.6132813e+01
   8.9756780e+06   1.1962891e+02
   8.9757410e+06   3.9367676e+01
   8.9757980e+06   3.3325195e+01
   8.9758330e+06   3.5034180e+01
   8.9760210e+06   3.4057617e+01
   8.9761370e+06   4.0710449e+01
   8.9770360e+06   1.3977051e+02
   8.9772460e+06   1.4068604e+02
   8.9776250e+06   1.4184570e+02
   8.9876320e+06   2.5671387e+02
   8.9876460e+06   4.7851563e+01
   8.9877060e+06   1.9189453e+02
   8.9877160e+06   3.7109375e+01
   8.9877650e+06   7.2143555e+01
   8.9878180e+06   4.1381836e+01
   8.9878690e+06   3.5583496e+01
   8.9879170e+06   3.3569336e+01
   8.9879910e+06   3.9245605e+01
   8.9881080e+06   3.4851074e+01
   9.0001750e+06   2.3992920e+02
   9.0002040e+06   3.3447266e+01
   9.0002210e+06   3.3569336e+01
   9.0002440e+06   1.8353271e+02
   9.0003080e+06   1.0577393e+02
   9.0003860e+06   3.7780762e+01
   9.0004260e+06   3.4057617e+01
   9.0004640e+06   3.3874512e+01
   9.0004760e+06   3.7719727e+01
   9.0005210e+06   3.3203125e+01
   9.0005330e+06   3.5156250e+01
   9.0006290e+06   3.3691406e+01
   9.0133330e+06   2.3345947e+02
   9.0134100e+06   2.1289063e+02
   9.0134500e+06   3.4545898e+01
   9.0134720e+06   1.0729980e+02
   9.0135160e+06   4.0710449e+01
   9.0135380e+06   3.3752441e+01
   9.0135650e+06   4.5898438e+01
   9.0136150e+06   3.5583496e+01
   9.0137380e+06   3.6376953e+01
   9.0137630e+06   3.3813477e+01
   9.0138130e+06   3.3752441e+01
   9.0145270e+06   1.2731934e+02
   9.0504210e+06   2.0953369e+02
   9.0504900e+06   2.2167969e+02
   9.0505120e+06   3.3874512e+01
   9.0505480e+06   1.4709473e+02
   9.0505640e+06   3.8330078e+01
   9.0506110e+06   5.5847168e+01
   9.0506330e+06   3.5705566e+01
   9.0506630e+06   3.3447266e+01
   9.0507480e+06   3.3691406e+01
   9.0508380e+06   3.4240723e+01
   9.0509040e+06   3.3325195e+01
   9.0509630e+06   3.6499023e+01
   9.0519310e+06   1.5557861e+02
   9.0522590e+06   1.6644287e+02
   9.0527000e+06   1.6577148e+02
   9.0640690e+06   2.5067139e+02
   9.0640810e+06   3.3935547e+01
   9.0641850e+06   2.2418213e+02
   9.0642560e+06   3.6743164e+01
   9.0642840e+06   1.7285156e+02
   9.0642980e+06   3.9672852e+01
   9.0643730e+06   7.8369141e+01
   9.0644280e+06   3.4179688e+01
   9.0644610e+06   7.2692871e+01
   9.0645290e+06   3.6926270e+01
   9.0645900e+06   9.2346191e+01
   9.0647270e+06   1.3983154e+02
   9.0901670e+06   3.6804199e+01
   9.0901830e+06   3.5888672e+01
   9.0902700e+06   2.5329590e+02
   9.0903460e+06   1.9116211e+02
   9.0904080e+06   7.8674316e+01
   9.0904380e+06   3.4973145e+01
   9.0904650e+06   4.2053223e+01
   9.0906120e+06   3.4423828e+01
   9.0907010e+06   3.3081055e+01
   9.1303740e+06   2.1710205e+02
   9.1304890e+06   2.3266602e+02
   9.1305140e+06   3.9978027e+01
   9.1305500e+06   3.6865234e+01
   9.1305640e+06   1.8872070e+02
   9.1305950e+06   3.5461426e+01
   9.1306360e+06   1.1462402e+02
   9.1306690e+06   3.7719727e+01
   9.1307080e+06   3.9184570e+01
   9.1307440e+06   3.5644531e+01
   9.1307930e+06   3.4423828e+01
   9.1308070e+06   3.6071777e+01
   9.3447060e+06   3.4973145e+01
   9.7572520e+06   3.6865234e+01
   9.8068000e+06   3.3630371e+01
   9.8600820e+06   2.6000977e+02
   1.0385941e+07   3.6804199e+01
   1.0448900e+07   2.7520752e+02
   1.0449558e+07   2.2863770e+02
   1.0612509e+07   2.5891113e+02
   1.0695623e+07   2.1466064e+02
   1.0797574e+07   3.4423828e+01
   1.0893077e+07   3.5827637e+01
   1.0894553e+07   2.1142578e+02
   1.0897818e+07   4.0222168e+01
   1.0930811e+07   2.0294189e+02
   1.0937736e+07   3.4179688e+01
   1.1021294e+07   4.9377441e+01
   1.1130736e+07   2.5866699e+02
   1.1279149e+07   3.4240723e+01
   1.1458171e+07   2.1685791e+02
   1.1458186e+07   3.6621094e+01
   1.1819954e+07   2.7258301e+02
