   5.9980000e+06   0.0000000e+00
   3.6967000e+04   4.9255371e+01
   1.0448600e+05   4.4128418e+01
   1.4442000e+05   3.7902832e+01
   1.5831800e+05   3.7292480e+01
   1.7593800e+05   3.6865234e+01
   1.9573200e+05   3.7048340e+01
   2.1675800e+05   3.6376953e+01
   2.3850900e+05   3.8635254e+01
   2.3939400e+05   3.7475586e+01
   3.1103100e+05   4.0100098e+01
   3.6264400e+05   3.6560059e+01
   4.1756700e+05   4.2846680e+01
   4.2619100e+05   4.0161133e+01
   4.5347200e+05   4.5654297e+01
   4.9063300e+05   3.6071777e+01
   6.1515900e+05   3.6376953e+01
   6.9042300e+05   4.4494629e+01
   7.1100700e+05   3.9367676e+01
   7.1137100e+05   3.6682129e+01
   7.7988900e+05   3.7170410e+01
   8.1122100e+05   4.1076660e+01
   8.1148800e+05   3.5644531e+01
   8.1178800e+05   3.5522461e+01
   8.1210300e+05   3.4729004e+01
   9.0077100e+05   3.9855957e+01
   1.0053340e+06   4.2602539e+01
   1.0056010e+06   4.3151855e+01
   1.0056440e+06   4.4067383e+01
   1.0058140e+06   3.9428711e+01
   1.0256470e+06   3.9123535e+01
   1.0712050e+06   3.9489746e+01
   1.0717460e+06   4.0222168e+01
   1.1414520e+06   3.6132813e+01
   1.1595260e+06   4.2419434e+01
   1.1608360e+06   3.9550781e+01
   1.2870640e+06   4.3212891e+01
   1.3415670e+06   4.5471191e+01
   1.4524740e+06   3.5705566e+01
   1.4990780e+06   3.6682129e+01
   1.6080860e+06   5.2795410e+01
   1.6139550e+06   4.0588379e+01
   1.6346760e+06   3.6865234e+01
   1.6500370e+06   3.9428711e+01
   1.7397930e+06   4.6752930e+01
   1.8323320e+06   3.6987305e+01
   1.8381450e+06   3.8330078e+01
   1.8563180e+06   4.5471191e+01
   1.8776960e+06   3.9489746e+01
   1.9273260e+06   4.1870117e+01
   2.1831860e+06   4.5104980e+01
   2.2287300e+06   3.7963867e+01
   2.6049260e+06   3.7109375e+01
   2.7029420e+06   4.0588379e+01
   2.9127090e+06   4.3884277e+01
   2.9127860e+06   3.5278320e+01
   2.9136570e+06   4.2663574e+01
   2.9323500e+06   4.1259766e+01
   2.9766330e+06   4.0710449e+01
   2.9783690e+06   3.6071777e+01
   3.1063020e+06   3.8818359e+01
   3.4191460e+06   3.9733887e+01
   3.4516860e+06   4.1015625e+01
   3.5629790e+06   4.2480469e+01
   3.6081550e+06   3.6254883e+01
   3.6085280e+06   4.2419434e+01
   3.6418860e+06   4.2724609e+01
   3.6583390e+06   3.9733887e+01
   3.6586450e+06   3.9428711e+01
   3.6587980e+06   3.8024902e+01
   3.6875460e+06   3.8696289e+01
   3.7507790e+06   4.4921875e+01
   3.7724360e+06   4.6081543e+01
   3.8475320e+06   3.5827637e+01
   3.8478310e+06   3.7231445e+01
   3.8481110e+06   3.6621094e+01
   3.8835950e+06   4.0405273e+01
   3.9042420e+06   4.4494629e+01
   3.9418540e+06   3.8269043e+01
   4.0289890e+06   4.1809082e+01
   4.0984950e+06   4.4311523e+01
   4.5606170e+06   4.0588379e+01
   4.5621320e+06   4.4128418e+01
   4.5621660e+06   4.0405273e+01
   4.5659330e+06   4.1809082e+01
   4.5866790e+06   4.6020508e+01
   4.6012990e+06   4.2968750e+01
   4.6269890e+06   3.4729004e+01
   4.6275590e+06   3.7048340e+01
   4.7706960e+06   3.9794922e+01
   4.8037550e+06   3.8635254e+01
   4.8392600e+06   4.3701172e+01
   5.0027830e+06   4.0344238e+01
   5.0806970e+06   4.0039063e+01
   5.1424210e+06   4.4982910e+01
   5.1538340e+06   3.9306641e+01
   5.1841110e+06   3.5644531e+01
   5.1997970e+06   3.9062500e+01
   5.2011440e+06   3.4973145e+01
   5.2189030e+06   3.9184570e+01
   5.2192460e+06   3.5034180e+01
   5.2199050e+06   3.6682129e+01
   5.2405580e+06   3.7719727e+01
   5.2542740e+06   3.8513184e+01
   5.2772510e+06   3.7780762e+01
   5.3057380e+06   3.4912109e+01
   5.3184000e+06   3.7841797e+01
   5.3334460e+06   3.8940430e+01
   5.3880720e+06   3.8146973e+01
   5.4347640e+06   3.6010742e+01
   5.4491410e+06   3.7780762e+01
   5.5211360e+06   3.9855957e+01
   5.5519770e+06   3.9611816e+01
   5.5525880e+06   4.1625977e+01
   5.5806860e+06   3.4973145e+01
   5.5815470e+06   3.9428711e+01
   5.6035200e+06   4.3029785e+01
   5.6324010e+06   4.1137695e+01
   5.6628110e+06   3.7719727e+01
   5.6886240e+06   3.5278320e+01
   5.6987560e+06   3.5888672e+01
   5.7097500e+06   3.4790039e+01
   5.7589700e+06   3.7414551e+01
   5.7774450e+06   3.4606934e+01
   5.7956100e+06   3.6926270e+01
   5.8202900e+06   3.9489746e+01
   5.8456660e+06   4.7546387e+01
   5.8613880e+06   3.5034180e+01
   5.8617490e+06   3.8146973e+01
   5.8843190e+06   4.5166016e+01
   5.9157300e+06   3.6193848e+01
   5.9168650e+06   3.6254883e+01
   5.9173020e+06   3.9306641e+01
   5.9693380e+06   3.6193848e+01
   5.9697990e+06   3.7902832e+01
