   5.9980000e+06   0.0000000e+00
   4.0460900e+05   2.9846191e+01
   4.0523000e+05   3.0029297e+01
   4.9130300e+05   3.1188965e+01
   8.3979300e+05   3.1738281e+01
   1.0095260e+06   3.1799316e+01
   1.6004180e+06   3.2165527e+01
   2.7676740e+06   3.3020020e+01
   2.9170510e+06   3.1921387e+01
   2.9391210e+06   3.0334473e+01
   2.9548280e+06   3.3508301e+01
   3.6021100e+06   2.9296875e+01
   3.6844590e+06   3.0517578e+01
   3.7381730e+06   2.9663086e+01
   5.2277130e+06   3.5339355e+01
   5.8426460e+06   3.1188965e+01
