   5.9980000e+06   0.0000000e+00
   4.9239000e+04   4.3151855e+01
   1.2223300e+05   4.5837402e+01
   1.6726900e+05   4.2053223e+01
   4.4255500e+05   4.1809082e+01
   6.2552000e+05   4.1809082e+01
   1.6052710e+06   5.4870605e+01
   2.2044880e+06   4.4189453e+01
   4.2391200e+06   4.2724609e+01
   4.2625390e+06   1.1791992e+02
   4.2704440e+06   4.5959473e+01
   4.2709300e+06   5.6884766e+01
   4.3676600e+06   4.1076660e+01
   4.3676890e+06   4.1137695e+01
   4.3687350e+06   4.2541504e+01
   4.5099220e+06   4.5227051e+01
   4.5193870e+06   6.4086914e+01
   4.5194470e+06   4.3762207e+01
   4.5194970e+06   4.9560547e+01
   4.5195240e+06   4.3823242e+01
   4.5681520e+06   5.5053711e+01
   4.5948030e+06   1.6033936e+02
   4.5948150e+06   5.1086426e+01
   4.5965360e+06   1.8762207e+02
   4.5965500e+06   4.1687012e+01
   4.5965750e+06   4.1564941e+01
   4.5966040e+06   4.1137695e+01
   4.6074800e+06   5.2612305e+01
   4.6074960e+06   1.0302734e+02
   4.6075220e+06   8.2275391e+01
   4.6075490e+06   4.4616699e+01
   4.6075680e+06   4.1931152e+01
   4.6075880e+06   4.5654297e+01
   4.6334450e+06   4.6148682e+02
   4.6334800e+06   9.3505859e+01
   4.6335100e+06   6.7016602e+01
   4.6335360e+06   4.2358398e+01
   4.8805480e+06   8.2641602e+01
