   8.9970000e+06   0.0000000e+00
   1.8320400e+05   3.5095215e+01
   3.3879200e+05   3.4545898e+01
   3.3890800e+05   3.7780762e+01
   3.8133200e+05   3.6682129e+01
   3.8152800e+05   3.3813477e+01
   7.4021800e+05   3.5827637e+01
   8.3845700e+05   3.3935547e+01
   8.3857400e+05   3.8208008e+01
   9.3496800e+05   3.6010742e+01
   1.2017200e+06   3.6437988e+01
   1.2018360e+06   3.4729004e+01
   1.4151570e+06   3.5400391e+01
   1.4152340e+06   3.3996582e+01
   1.7189600e+06   3.5888672e+01
   1.7732610e+06   3.4362793e+01
   1.8618190e+06   3.5217285e+01
   1.9227260e+06   3.7902832e+01
   1.9829980e+06   3.3935547e+01
   2.3677450e+06   3.6315918e+01
   2.7486740e+06   3.4545898e+01
   2.9233770e+06   3.3874512e+01
   2.9886600e+06   3.4729004e+01
   2.9887160e+06   3.4912109e+01
   3.3352620e+06   3.4118652e+01
   3.5773130e+06   3.5461426e+01
   3.6725430e+06   3.5522461e+01
   3.6732230e+06   3.6560059e+01
   3.7487530e+06   3.4973145e+01
   4.1531380e+06   3.5095215e+01
   4.5444260e+06   3.4545898e+01
   4.6317430e+06   3.3996582e+01
   4.7910770e+06   4.1320801e+01
   4.9857930e+06   3.6071777e+01
   5.0790640e+06   3.8208008e+01
   5.0793950e+06   3.3996582e+01
   5.2614200e+06   3.6743164e+01
   5.3833430e+06   3.8635254e+01
   5.3833680e+06   3.4118652e+01
   5.6305820e+06   3.4912109e+01
   5.6307120e+06   3.7231445e+01
   5.6444550e+06   3.4545898e+01
   5.6591290e+06   3.4240723e+01
   5.6920250e+06   3.4301758e+01
   5.9652000e+06   3.4729004e+01
   6.2822920e+06   3.6743164e+01
   7.4630460e+06   3.5278320e+01
   8.1195450e+06   3.8513184e+01
   8.1196000e+06   3.7719727e+01
   8.1914450e+06   3.6682129e+01
   8.4463340e+06   3.5034180e+01
   8.9767210e+06   3.4729004e+01
