   1.1996000e+07   0.0000000e+00
   1.0119000e+04   5.7922363e+01
   1.0182000e+04   5.8044434e+01
   4.3639000e+04   6.5734863e+01
   4.3691000e+04   5.9204102e+01
   5.5599000e+04   6.3171387e+01
   2.9605300e+05   6.8603516e+01
   3.3113300e+05   6.3354492e+01
   3.7441700e+05   6.8908691e+01
   3.8316600e+05   6.0852051e+01
   5.2260400e+05   5.9448242e+01
   5.7058200e+05   6.2622070e+01
   5.7142700e+05   5.9326172e+01
   6.2766500e+05   5.7434082e+01
   6.2792400e+05   5.7250977e+01
   6.8242100e+05   6.5612793e+01
   6.8250800e+05   6.6284180e+01
   6.8254100e+05   5.9509277e+01
   6.8262200e+05   6.7626953e+01
   7.2754700e+05   6.8054199e+01
   7.8100700e+05   6.3293457e+01
   8.2265400e+05   5.7800293e+01
   8.7324000e+05   5.8410645e+01
   9.2278100e+05   6.1645508e+01
   9.2293100e+05   5.8166504e+01
   9.6319500e+05   5.9448242e+01
   1.0122160e+06   6.3049316e+01
   1.0567530e+06   6.0913086e+01
   1.0989170e+06   5.8288574e+01
   1.0990360e+06   5.8166504e+01
   1.0991480e+06   6.0302734e+01
   1.2329010e+06   5.8776855e+01
   1.2684020e+06   6.4880371e+01
   1.3099720e+06   5.7373047e+01
   1.4012910e+06   7.1289063e+01
   1.4417820e+06   5.8410645e+01
   1.4418570e+06   5.8166504e+01
   1.4838200e+06   5.7312012e+01
   1.5344110e+06   6.4453125e+01
   1.5692600e+06   7.0800781e+01
   1.5693060e+06   6.6772461e+01
   1.5976650e+06   6.5246582e+01
   1.5997620e+06   6.1401367e+01
   1.6209570e+06   6.5734863e+01
   1.6210180e+06   6.5979004e+01
   1.8648670e+06   5.8593750e+01
   1.9604280e+06   7.1350098e+01
   2.3504240e+06   5.8654785e+01
   2.3508020e+06   5.9082031e+01
   2.5351400e+06   5.7434082e+01
   2.5792590e+06   5.7495117e+01
   2.6631400e+06   5.9326172e+01
   2.7180470e+06   6.1340332e+01
   3.0371950e+06   6.1279297e+01
   3.0372960e+06   6.2866211e+01
   3.1921090e+06   5.8166504e+01
   3.6228240e+06   6.1889648e+01
   3.7186120e+06   6.5734863e+01
   4.0523920e+06   6.3354492e+01
   4.0992560e+06   6.0913086e+01
   4.0992710e+06   6.6894531e+01
   4.3983100e+06   7.1228027e+01
   5.9519040e+06   6.4758301e+01
   7.8762430e+06   6.1279297e+01
   7.8762920e+06   6.3293457e+01
   8.1650440e+06   5.7250977e+01
   8.1651030e+06   5.7250977e+01
   8.5766530e+06   6.6162109e+01
   1.0493485e+07   5.7800293e+01
