   1.1996000e+07   0.0000000e+00
   1.9789000e+04   5.2551270e+01
   1.9925000e+04   4.2480469e+01
   1.9970000e+04   4.2968750e+01
   2.0072000e+04   4.5898438e+01
   2.0084000e+04   1.1083984e+02
   2.0160000e+04   5.8227539e+01
   2.0217000e+04   4.7180176e+01
   2.0256000e+04   5.5358887e+01
   1.4735600e+05   4.4921875e+01
   1.4745300e+05   5.8532715e+01
   1.4751400e+05   1.3067627e+02
   1.4759600e+05   7.9467773e+01
   1.4761400e+05   4.2297363e+01
   1.4768600e+05   4.9499512e+01
   2.6805700e+05   4.7424316e+01
   2.6815700e+05   5.7128906e+01
   2.6822300e+05   4.2602539e+01
   2.6829700e+05   8.1176758e+01
   2.6834600e+05   4.4311523e+01
   3.6753000e+05   5.7800293e+01
   3.6761200e+05   4.6264648e+01
   3.6765700e+05   4.5776367e+01
   3.6774300e+05   9.0576172e+01
   3.6781300e+05   8.0932617e+01
   3.6786700e+05   4.9194336e+01
   3.6788400e+05   5.3955078e+01
   3.8423200e+05   4.2602539e+01
   4.4372200e+05   5.0048828e+01
   4.4386600e+05   4.7180176e+01
   4.4393500e+05   4.8889160e+01
   4.4396200e+05   1.0247803e+02
   4.4404100e+05   5.6579590e+01
   5.9057000e+05   4.3090820e+01
   5.9072600e+05   8.9294434e+01
   5.9075000e+05   4.7302246e+01
   5.9078700e+05   7.0129395e+01
   5.9087700e+05   4.2907715e+01
   6.8298600e+05   4.3884277e+01
   6.8305500e+05   5.0842285e+01
   6.8318800e+05   5.7189941e+01
   6.8323200e+05   7.6477051e+01
   6.8326300e+05   4.8461914e+01
   6.8331900e+05   7.0617676e+01
   6.8340100e+05   4.2297363e+01
   6.9921100e+05   4.2602539e+01
   6.9936400e+05   5.6945801e+01
   6.9938100e+05   8.1054688e+01
   6.9952600e+05   6.9763184e+01
   6.9962300e+05   4.3457031e+01
   6.9965700e+05   6.0974121e+01
   6.9976000e+05   6.2377930e+01
   8.1024700e+05   4.3762207e+01
   8.1029200e+05   4.8156738e+01
   8.1042900e+05   9.8876953e+01
   8.1044600e+05   6.4941406e+01
   8.1045900e+05   4.3334961e+01
   8.1051600e+05   5.0231934e+01
   8.1058700e+05   4.5715332e+01
   8.1060500e+05   4.8889160e+01
   8.3040600e+05   4.2663574e+01
   8.3053400e+05   4.4128418e+01
   8.3058000e+05   9.2468262e+01
   8.3059100e+05   5.1574707e+01
   8.3067000e+05   5.0720215e+01
   8.3072900e+05   8.2092285e+01
   8.3084700e+05   4.4250488e+01
   8.3094800e+05   4.3762207e+01
   8.4743600e+05   4.6447754e+01
   8.4758000e+05   9.8083496e+01
   8.4760500e+05   4.5471191e+01
   8.4765000e+05   5.2612305e+01
   8.4769000e+05   9.3566895e+01
   8.4776400e+05   4.2968750e+01
   8.4780600e+05   7.1838379e+01
   8.4781900e+05   4.4616699e+01
   8.4791200e+05   4.2846680e+01
   8.4792300e+05   4.7180176e+01
   8.4858500e+05   4.6142578e+01
   8.4884900e+05   4.8522949e+01
   8.6356400e+05   5.5664063e+01
   8.6365100e+05   7.5622559e+01
   8.6377800e+05   7.6293945e+01
   8.6388600e+05   7.7758789e+01
   8.6401500e+05   5.9204102e+01
   8.6416800e+05   4.6691895e+01
   8.6450900e+05   4.9560547e+01
   9.8660700e+05   4.6386719e+01
   9.8672800e+05   6.2744141e+01
   9.8679000e+05   1.0101318e+02
   9.8682700e+05   5.2062988e+01
   9.8686800e+05   6.0668945e+01
   9.8691900e+05   5.2001953e+01
   1.1678820e+06   4.4921875e+01
   1.1679790e+06   6.6772461e+01
   1.1680480e+06   1.1193848e+02
   1.1680800e+06   5.5603027e+01
   1.1681270e+06   7.1472168e+01
   1.3385280e+06   4.7180176e+01
   1.3386310e+06   5.6640625e+01
   1.3387450e+06   8.3740234e+01
   1.3388010e+06   4.4189453e+01
   1.3388190e+06   5.9265137e+01
   1.3388910e+06   4.9255371e+01
   1.4672990e+06   5.4748535e+01
   1.4674750e+06   5.2124023e+01
   1.4674980e+06   7.3669434e+01
   1.4675280e+06   4.6447754e+01
   1.4675800e+06   6.8908691e+01
   1.4675930e+06   4.3212891e+01
   1.4676610e+06   6.1523438e+01
   1.4805340e+06   4.6875000e+01
   1.6126530e+06   5.2062988e+01
   1.6127540e+06   4.4128418e+01
   1.6127670e+06   1.0943604e+02
   1.6127930e+06   5.0292969e+01
   1.6128560e+06   7.0434570e+01
   1.6129040e+06   4.4616699e+01
   1.6534860e+06   5.2124023e+01
   1.7416950e+06   5.8105469e+01
   1.7418070e+06   4.2297363e+01
   1.7419100e+06   8.9660645e+01
   1.7419920e+06   6.5734863e+01
   1.7420520e+06   4.2297363e+01
   1.7437140e+06   4.3212891e+01
   1.8819110e+06   5.2001953e+01
   1.8820350e+06   5.0903320e+01
   1.8821190e+06   4.5959473e+01
   1.8821500e+06   9.0393066e+01
   1.8822220e+06   6.8908691e+01
   1.8974300e+06   4.8950195e+01
   1.8974580e+06   7.8491211e+01
   1.8975760e+06   7.8247070e+01
   1.8976010e+06   4.5227051e+01
   1.8976830e+06   4.7424316e+01
   1.8977990e+06   6.6467285e+01
   2.0716820e+06   4.5349121e+01
   2.0717740e+06   4.3090820e+01
   2.0718680e+06   1.1920166e+02
   2.0719460e+06   5.9265137e+01
   2.0720050e+06   5.1147461e+01
   2.1248930e+06   4.2846680e+01
   2.2732460e+06   4.4799805e+01
   2.2733160e+06   4.4189453e+01
   2.2733670e+06   9.5031738e+01
   2.2734030e+06   4.3823242e+01
   2.2734390e+06   5.9020996e+01
   2.2735000e+06   4.9682617e+01
   2.3065730e+06   4.3090820e+01
   2.3756140e+06   4.7973633e+01
   2.3757600e+06   4.5104980e+01
   2.3758720e+06   7.4707031e+01
   2.3759580e+06   6.6955566e+01
   2.3760370e+06   4.7424316e+01
   2.4833830e+06   4.5776367e+01
   2.4834170e+06   4.4555664e+01
   2.4835410e+06   9.5214844e+01
   2.4836150e+06   4.9926758e+01
   2.4837480e+06   4.2663574e+01
   2.4852700e+06   4.4982910e+01
   2.5903300e+06   4.6081543e+01
   2.5904400e+06   5.4565430e+01
   2.5905590e+06   4.3273926e+01
   2.5905850e+06   8.7585449e+01
   2.5906680e+06   6.5124512e+01
   2.5907520e+06   6.5002441e+01
   2.6504860e+06   4.8034668e+01
   2.6506100e+06   5.3649902e+01
   2.6506780e+06   9.3078613e+01
   2.6507520e+06   4.2846680e+01
   2.6507790e+06   5.1879883e+01
   2.6508780e+06   4.6447754e+01
   2.7289890e+06   4.8950195e+01
   2.7291430e+06   4.2602539e+01
   2.7291530e+06   5.2368164e+01
   2.7292780e+06   4.5593262e+01
   2.7292960e+06   9.0454102e+01
   2.7293750e+06   7.1777344e+01
   2.7294530e+06   5.4565430e+01
   2.8837380e+06   5.7678223e+01
   2.8838300e+06   8.1970215e+01
   2.8839100e+06   4.8217773e+01
   2.8839460e+06   4.3090820e+01
   2.8844070e+06   4.3701172e+01
   3.0636440e+06   4.9621582e+01
   3.0637470e+06   4.3701172e+01
   3.0638250e+06   9.5520020e+01
   3.0639060e+06   5.9204102e+01
   3.0639410e+06   4.7485352e+01
   3.2234590e+06   4.6325684e+01
   3.2235060e+06   4.4921875e+01
   3.2235530e+06   7.5012207e+01
   3.2236370e+06   4.7363281e+01
   3.2396470e+06   4.7241211e+01
   3.2465310e+06   4.4128418e+01
   3.2606910e+06   4.5532227e+01
   3.3461310e+06   5.2856445e+01
   3.3461990e+06   9.9243164e+01
   3.3462900e+06   5.2917480e+01
   3.3463670e+06   7.1655273e+01
   3.4635470e+06   4.6508789e+01
   3.4636450e+06   5.2307129e+01
   3.4637330e+06   8.7097168e+01
   3.4638100e+06   6.2316895e+01
   3.4639000e+06   4.7729492e+01
   3.4639350e+06   4.2663574e+01
   3.4654550e+06   4.9987793e+01
   3.5821160e+06   5.1696777e+01
   3.5823220e+06   9.5336914e+01
   3.5823940e+06   5.3466797e+01
   3.5824750e+06   4.6142578e+01
   3.7208780e+06   4.4006348e+01
   3.7210280e+06   1.0681152e+02
   3.7210460e+06   4.6813965e+01
   3.7210840e+06   4.3823242e+01
   3.7211130e+06   5.8044434e+01
   3.8309430e+06   4.5043945e+01
   3.8310310e+06   8.6059570e+01
   3.8311220e+06   6.6833496e+01
   3.8312250e+06   4.2968750e+01
   3.9396710e+06   5.4321289e+01
   3.9398030e+06   9.6252441e+01
   3.9398850e+06   5.2978516e+01
   3.9399500e+06   4.2480469e+01
   3.9400720e+06   4.7729492e+01
   3.9783880e+06   4.7485352e+01
   4.0320360e+06   4.3395996e+01
   4.0321190e+06   4.9011230e+01
   4.0321810e+06   1.0107422e+02
   4.0322440e+06   5.0170898e+01
   4.0322640e+06   5.2734375e+01
   4.0323390e+06   4.8217773e+01
   4.0323560e+06   4.2785645e+01
   4.1481110e+06   4.7119141e+01
   4.1482740e+06   4.3029785e+01
   4.1483220e+06   8.7463379e+01
   4.1484070e+06   5.8593750e+01
   4.1484670e+06   4.7302246e+01
   4.1485220e+06   4.9682617e+01
   4.2580980e+06   4.4738770e+01
   4.2582810e+06   5.4382324e+01
   4.2583550e+06   5.3955078e+01
   4.2583670e+06   9.9670410e+01
   4.2584420e+06   6.6894531e+01
   4.2585310e+06   4.7424316e+01
   4.2585630e+06   4.5715332e+01
   4.3616920e+06   5.3466797e+01
   4.3618110e+06   1.2133789e+02
   4.3618540e+06   5.0537109e+01
   4.3618880e+06   4.9072266e+01
   4.4382390e+06   4.8400879e+01
   4.4383610e+06   4.6020508e+01
   4.4383960e+06   5.0354004e+01
   4.4384390e+06   4.4860840e+01
   4.4384490e+06   8.1359863e+01
   4.4384980e+06   4.8706055e+01
   4.4385340e+06   5.6762695e+01
   4.4385660e+06   4.2602539e+01
   4.4386240e+06   5.0292969e+01
   4.5280240e+06   9.2041016e+01
   4.5281230e+06   6.0302734e+01
   4.5282040e+06   4.9316406e+01
   4.6024200e+06   4.4311523e+01
   4.6024790e+06   5.2734375e+01
   4.6025760e+06   4.3945313e+01
   4.6026390e+06   4.7607422e+01
   4.6027400e+06   8.4777832e+01
   4.6028250e+06   6.4270020e+01
   4.6029040e+06   5.0048828e+01
   4.6029860e+06   4.3457031e+01
   4.7339440e+06   4.9438477e+01
   4.7339700e+06   8.9294434e+01
   4.7340550e+06   6.9274902e+01
   4.7341140e+06   4.4860840e+01
   4.7341410e+06   4.5166016e+01
   4.7342310e+06   4.8034668e+01
   4.7356370e+06   4.4067383e+01
   4.7456110e+06   4.2785645e+01
   4.7889330e+06   5.1330566e+01
   4.7890050e+06   4.3273926e+01
   4.7894490e+06   4.3457031e+01
   4.7895020e+06   9.1247559e+01
   4.7895740e+06   4.9438477e+01
   4.7895900e+06   6.8542480e+01
   4.7896880e+06   5.2734375e+01
   4.9126100e+06   4.8461914e+01
   4.9127140e+06   4.5104980e+01
   4.9127610e+06   4.3273926e+01
   4.9127790e+06   1.1462402e+02
   4.9128600e+06   6.9213867e+01
   4.9129190e+06   5.1879883e+01
   5.0470270e+06   5.1208496e+01
   5.0472870e+06   8.4472656e+01
   5.0473470e+06   4.5410156e+01
   5.0473680e+06   4.8217773e+01
   5.0474510e+06   4.3762207e+01
   5.1974780e+06   4.3579102e+01
   5.1975770e+06   7.8735352e+01
   5.1976310e+06   4.9255371e+01
   5.1976630e+06   5.4870605e+01
   5.1977890e+06   4.3701172e+01
   5.1994060e+06   5.9875488e+01
   5.3162420e+06   4.4860840e+01
   5.3163020e+06   4.5654297e+01
   5.3163690e+06   9.4848633e+01
   5.3164030e+06   4.3701172e+01
   5.3164260e+06   4.5898438e+01
   5.3164490e+06   7.2082520e+01
   5.3165330e+06   5.6762695e+01
   5.3165610e+06   4.6875000e+01
   5.3419740e+06   4.2846680e+01
   5.4318040e+06   4.6569824e+01
   5.4319160e+06   4.5959473e+01
   5.4320190e+06   9.3627930e+01
   5.4320590e+06   4.9438477e+01
   5.4321060e+06   6.4697266e+01
   5.4321870e+06   5.6213379e+01
   5.4322560e+06   4.9316406e+01
   5.4328660e+06   4.3762207e+01
   5.4337430e+06   4.8461914e+01
   5.5397390e+06   4.6386719e+01
   5.5398080e+06   4.7790527e+01
   5.5398330e+06   8.5510254e+01
   5.5399210e+06   7.2265625e+01
   5.5399780e+06   5.4443359e+01
   5.5400200e+06   4.4982910e+01
   5.7034120e+06   5.1147461e+01
   5.7034550e+06   4.5532227e+01
   5.7034780e+06   8.9843750e+01
   5.7035660e+06   6.0852051e+01
   5.7036510e+06   6.6711426e+01
   5.8064420e+06   5.4321289e+01
   5.8064690e+06   8.3862305e+01
   5.8065620e+06   7.5073242e+01
   5.8066440e+06   5.0231934e+01
   5.8067220e+06   4.9865723e+01
   5.8082880e+06   4.6875000e+01
   5.8593380e+06   4.4189453e+01
   5.8979670e+06   4.9072266e+01
   5.8981150e+06   4.5043945e+01
   5.8981640e+06   8.2763672e+01
   5.8982500e+06   5.3833008e+01
   5.8983230e+06   5.8776855e+01
   5.8984020e+06   4.4982910e+01
   6.0050240e+06   4.8034668e+01
   6.0051340e+06   9.5458984e+01
   6.0051810e+06   5.1086426e+01
   6.0052160e+06   7.9223633e+01
   6.0052810e+06   4.2785645e+01
   6.1234360e+06   5.1757813e+01
   6.1234740e+06   4.3701172e+01
   6.1235140e+06   1.0137939e+02
   6.1236040e+06   6.3598633e+01
   6.1236850e+06   4.2663574e+01
   6.1237640e+06   4.3090820e+01
   6.2754990e+06   4.4067383e+01
   6.2755680e+06   4.3395996e+01
   6.2756320e+06   9.1613770e+01
   6.2757240e+06   6.3720703e+01
   6.3772710e+06   4.2785645e+01
   6.3774130e+06   4.4433594e+01
   6.3774800e+06   9.4238281e+01
   6.3775740e+06   7.1716309e+01
   6.4667400e+06   4.5898438e+01
   6.4668110e+06   8.5754395e+01
   6.4668220e+06   4.6264648e+01
   6.4669040e+06   7.9528809e+01
   6.4669790e+06   4.7363281e+01
   6.5839030e+06   4.3212891e+01
   6.5839950e+06   8.8012695e+01
   6.5840800e+06   6.5734863e+01
   6.5841640e+06   4.9133301e+01
   6.5843180e+06   4.2419434e+01
   6.5859970e+06   5.3955078e+01
   6.7125520e+06   5.3039551e+01
   6.7125950e+06   4.2785645e+01
   6.7126670e+06   4.4860840e+01
   6.7127140e+06   8.5205078e+01
   6.7127980e+06   5.8349609e+01
   6.7128720e+06   5.7983398e+01
   6.8329520e+06   4.8767090e+01
   6.8330460e+06   4.3884277e+01
   6.8330840e+06   8.3618164e+01
   6.8331790e+06   7.0129395e+01
   6.8332550e+06   4.9011230e+01
   6.9125410e+06   4.5837402e+01
   6.9879650e+06   4.6691895e+01
   6.9880290e+06   4.6875000e+01
   6.9881170e+06   7.7880859e+01
   6.9881750e+06   4.2724609e+01
   6.9882010e+06   4.9316406e+01
   6.9882590e+06   4.3701172e+01
   6.9882910e+06   4.6997070e+01
   7.1251850e+06   4.8400879e+01
   7.1252990e+06   5.9387207e+01
   7.1253510e+06   9.1430664e+01
   7.1253920e+06   4.3762207e+01
   7.1254350e+06   4.6936035e+01
   7.1257550e+06   4.3762207e+01
   7.2416230e+06   4.5227051e+01
   7.2418100e+06   9.5886230e+01
   7.2418920e+06   7.6538086e+01
   7.2419760e+06   4.6508789e+01
   7.3048760e+06   4.2846680e+01
   7.4121760e+06   4.3762207e+01
   7.4122730e+06   6.4758301e+01
   7.4123130e+06   9.9243164e+01
   7.4123940e+06   5.3466797e+01
   7.4124660e+06   5.3771973e+01
   7.5921220e+06   5.8410645e+01
   7.5921620e+06   7.2387695e+01
   7.5921860e+06   4.3701172e+01
   7.5922120e+06   4.4250488e+01
   7.5922590e+06   5.9204102e+01
   7.5923390e+06   4.9987793e+01
   7.7366630e+06   4.5898438e+01
   7.7367190e+06   4.7546387e+01
   7.7367340e+06   6.9274902e+01
   7.7368190e+06   6.5368652e+01
   7.7368810e+06   5.7922363e+01
   7.8521800e+06   4.9438477e+01
   7.8522310e+06   4.3334961e+01
   7.8523800e+06   7.8002930e+01
   7.8523970e+06   4.2907715e+01
   7.8524680e+06   6.0729980e+01
   7.8525550e+06   5.9814453e+01
   7.8545140e+06   4.4860840e+01
   8.0217200e+06   4.6936035e+01
   8.0218330e+06   6.4819336e+01
   8.0219130e+06   7.2692871e+01
   8.0219950e+06   5.4077148e+01
   8.0220490e+06   5.0354004e+01
   8.0221390e+06   4.3640137e+01
   8.1390390e+06   4.2602539e+01
   8.1801830e+06   4.4311523e+01
   8.1802000e+06   7.7880859e+01
   8.1802970e+06   5.8959961e+01
   8.1804690e+06   4.3273926e+01
   8.3626940e+06   9.2224121e+01
   8.3627190e+06   4.3334961e+01
   8.3627830e+06   5.4504395e+01
   8.3628200e+06   4.6936035e+01
   8.3628450e+06   4.3884277e+01
   8.5036410e+06   4.7058105e+01
   8.5036910e+06   9.2895508e+01
   8.5037040e+06   5.6884766e+01
   8.5037840e+06   4.4250488e+01
   8.5038260e+06   4.7119141e+01
   8.5038550e+06   4.4799805e+01
   8.6626180e+06   8.5632324e+01
   8.6627030e+06   4.8889160e+01
   8.6627410e+06   4.2663574e+01
   8.6627640e+06   5.7678223e+01
   8.6642280e+06   4.6386719e+01
   8.8442490e+06   4.4067383e+01
   8.8442960e+06   9.1796875e+01
   8.8443110e+06   5.5847168e+01
   8.8443950e+06   7.3059082e+01
   8.8444550e+06   4.5166016e+01
   8.8446440e+06   4.2663574e+01
   8.9871060e+06   1.0595703e+02
   8.9871900e+06   7.4890137e+01
   8.9872660e+06   6.1035156e+01
   9.1630650e+06   5.0537109e+01
   9.1631390e+06   5.0720215e+01
   9.1631660e+06   6.9641113e+01
   9.1632020e+06   4.4494629e+01
   9.1632430e+06   5.0659180e+01
   9.2646890e+06   4.3457031e+01
   9.2886740e+06   4.6997070e+01
   9.2887710e+06   4.6081543e+01
   9.2888480e+06   8.5998535e+01
   9.2889380e+06   5.4626465e+01
   9.2890290e+06   4.4738770e+01
   9.2958110e+06   4.2663574e+01
   9.4220930e+06   8.1298828e+01
   9.4221300e+06   4.3151855e+01
   9.4221860e+06   7.8308105e+01
   9.4222630e+06   4.5227051e+01
   9.4611160e+06   4.4372559e+01
   9.6041680e+06   4.4616699e+01
   9.6042010e+06   4.3579102e+01
   9.6042910e+06   7.3120117e+01
   9.6043530e+06   4.5288086e+01
   9.6043790e+06   5.4931641e+01
   9.8546070e+06   4.4921875e+01
   9.8547350e+06   6.9396973e+01
   9.8548230e+06   5.8288574e+01
   9.8548960e+06   4.4677734e+01
   1.0043522e+07   4.4555664e+01
   1.0043540e+07   9.6618652e+01
   1.0043630e+07   6.9458008e+01
   1.0043676e+07   4.3640137e+01
   1.0043714e+07   4.5593262e+01
   1.0244432e+07   4.8645020e+01
   1.0244494e+07   5.8288574e+01
   1.0244533e+07   6.2133789e+01
   1.0289717e+07   4.3151855e+01
   1.0430922e+07   1.0955811e+02
   1.0430989e+07   6.1401367e+01
   1.0431007e+07   5.0048828e+01
   1.0433181e+07   4.4921875e+01
   1.0570466e+07   7.0129395e+01
   1.0570508e+07   5.0354004e+01
   1.0570552e+07   4.6752930e+01
   1.0802538e+07   4.3457031e+01
   1.0832581e+07   4.3273926e+01
   1.0832601e+07   8.0627441e+01
   1.0832670e+07   4.2846680e+01
   1.0832685e+07   5.4443359e+01
   1.0832756e+07   6.4270020e+01
   1.1063345e+07   7.9040527e+01
   1.1063431e+07   5.5236816e+01
   1.1063507e+07   5.2917480e+01
   1.1223427e+07   7.0678711e+01
   1.1223511e+07   7.4584961e+01
   1.1223591e+07   5.0354004e+01
   1.1368724e+07   4.3640137e+01
   1.1368798e+07   7.7331543e+01
   1.1368873e+07   4.8034668e+01
   1.1368963e+07   5.1940918e+01
   1.1645626e+07   4.6630859e+01
   1.1659722e+07   4.3151855e+01
   1.1659769e+07   8.0322266e+01
   1.1659800e+07   4.4372559e+01
   1.1659852e+07   6.7504883e+01
   1.1907819e+07   4.6569824e+01
   1.1907829e+07   7.4157715e+01
   1.1907899e+07   4.5532227e+01
   1.1907913e+07   5.6091309e+01
   1.1907984e+07   4.7790527e+01
   1.1908012e+07   4.6081543e+01
   1.1908062e+07   5.1757813e+01
