   1.1996000e+07   0.0000000e+00
   1.9311000e+04   5.0598145e+01
   1.9501000e+04   3.3691406e+01
   1.9922000e+04   3.2348633e+01
   1.9987000e+04   5.4260254e+01
   2.0081000e+04   3.8879395e+01
   2.0108000e+04   5.7495117e+01
   2.0139000e+04   4.0283203e+01
   2.0167000e+04   6.7260742e+01
   2.0203000e+04   3.0090332e+01
   2.0219000e+04   2.9968262e+01
   2.0229000e+04   4.4372559e+01
   2.0242000e+04   4.3579102e+01
   2.0291000e+04   3.8879395e+01
   2.0309000e+04   5.2856445e+01
   2.0335000e+04   3.3386230e+01
   2.0354000e+04   3.7109375e+01
   2.0366000e+04   4.0344238e+01
   2.0406000e+04   3.2226562e+01
   2.0451000e+04   3.9245605e+01
   2.0505000e+04   3.0883789e+01
   3.0859000e+04   3.7780762e+01
   4.0832000e+04   2.9907227e+01
   1.0109900e+05   3.4667969e+01
   1.0931200e+05   3.1433105e+01
   1.2763800e+05   2.9907227e+01
   1.3648100e+05   2.9724121e+01
   1.4712400e+05   5.0231934e+01
   1.4713600e+05   4.1076660e+01
   1.4730500e+05   4.4982910e+01
   1.4735700e+05   3.6193848e+01
   1.4746200e+05   3.8208008e+01
   1.4748800e+05   4.3762207e+01
   1.4751000e+05   4.6691895e+01
   1.4754100e+05   5.9020996e+01
   1.4756500e+05   4.6020508e+01
   1.4758100e+05   6.2316895e+01
   1.4760500e+05   5.2124023e+01
   1.4762400e+05   2.9602051e+01
   1.4764500e+05   3.4057617e+01
   1.4765900e+05   4.1503906e+01
   1.4770400e+05   3.6865234e+01
   1.4774300e+05   4.2785645e+01
   1.4776000e+05   3.8391113e+01
   1.4784200e+05   3.5705566e+01
   1.4787300e+05   3.0639648e+01
   1.4789500e+05   3.5095215e+01
   1.4794500e+05   3.1982422e+01
   2.6783100e+05   5.4992676e+01
   2.6784800e+05   3.8574219e+01
   2.6804000e+05   5.2490234e+01
   2.6805500e+05   3.0273438e+01
   2.6806800e+05   2.9663086e+01
   2.6808900e+05   5.2429199e+01
   2.6816000e+05   4.8583984e+01
   2.6818300e+05   4.3212891e+01
   2.6821100e+05   4.6630859e+01
   2.6822400e+05   4.2480469e+01
   2.6825700e+05   4.7241211e+01
   2.6826800e+05   3.9001465e+01
   2.6829200e+05   4.6264648e+01
   2.6831400e+05   5.4016113e+01
   2.6832500e+05   3.1372070e+01
   2.6834000e+05   4.3395996e+01
   2.6835400e+05   3.8818359e+01
   2.6836600e+05   3.6743164e+01
   2.6838200e+05   5.0598145e+01
   2.6841200e+05   4.3029785e+01
   2.6843700e+05   4.1809082e+01
   2.6847300e+05   4.3945313e+01
   2.6862300e+05   3.4851074e+01
   2.6864900e+05   3.3203125e+01
   2.6889900e+05   3.0212402e+01
   3.4950200e+05   3.4851074e+01
   3.6720600e+05   4.7607422e+01
   3.6724200e+05   3.3386230e+01
   3.6736300e+05   4.5410156e+01
   3.6748600e+05   3.8940430e+01
   3.6762300e+05   4.8706055e+01
   3.6769200e+05   4.1503906e+01
   3.6771200e+05   8.4899902e+01
   3.6772500e+05   4.6569824e+01
   3.6774700e+05   5.2612305e+01
   3.6775900e+05   3.8208008e+01
   3.6777600e+05   5.1513672e+01
   3.6778900e+05   5.8044434e+01
   3.6780400e+05   5.0720215e+01
   3.6781800e+05   4.2785645e+01
   3.6785600e+05   5.2124023e+01
   3.6787200e+05   7.0922852e+01
   3.6788700e+05   3.7597656e+01
   3.6791100e+05   4.4555664e+01
   3.6794000e+05   3.3142090e+01
   3.6798000e+05   4.1381836e+01
   3.6800900e+05   3.1250000e+01
   3.6804800e+05   3.0456543e+01
   3.6810600e+05   2.9785156e+01
   3.7857600e+05   2.9785156e+01
   4.4349100e+05   3.1738281e+01
   4.4350300e+05   5.0598145e+01
   4.4368200e+05   4.0710449e+01
   4.4372700e+05   3.5034180e+01
   4.4376300e+05   3.0151367e+01
   4.4379200e+05   3.1311035e+01
   4.4383200e+05   3.4240723e+01
   4.4384400e+05   3.7048340e+01
   4.4389400e+05   3.6926270e+01
   4.4392600e+05   4.9865723e+01
   4.4393700e+05   6.0119629e+01
   4.4397100e+05   3.9550781e+01
   4.4398500e+05   5.1147461e+01
   4.4400100e+05   4.1870117e+01
   4.4401600e+05   5.7617188e+01
   4.4404600e+05   4.2785645e+01
   4.4405700e+05   3.8879395e+01
   4.4408300e+05   4.5898438e+01
   4.4409400e+05   4.0466309e+01
   4.4411300e+05   3.2470703e+01
   4.4415900e+05   4.6081543e+01
   4.4418400e+05   5.0903320e+01
   4.4421600e+05   3.3142090e+01
   4.4425300e+05   3.2653809e+01
   4.6977100e+05   2.9968262e+01
   5.4164300e+05   3.0090332e+01
   5.5804500e+05   3.0761719e+01
   5.9035300e+05   6.7565918e+01
   5.9036900e+05   2.9907227e+01
   5.9051700e+05   4.8889160e+01
   5.9054700e+05   3.3691406e+01
   5.9057800e+05   3.1616211e+01
   5.9064100e+05   4.5227051e+01
   5.9067400e+05   3.2104492e+01
   5.9069200e+05   5.1879883e+01
   5.9071700e+05   4.9194336e+01
   5.9073400e+05   6.6650391e+01
   5.9076100e+05   3.8452148e+01
   5.9077100e+05   4.9743652e+01
   5.9078400e+05   4.2358398e+01
   5.9081600e+05   5.4504395e+01
   5.9082800e+05   3.2104492e+01
   5.9083800e+05   3.3935547e+01
   5.9085200e+05   4.6508789e+01
   5.9086200e+05   3.0090332e+01
   5.9089500e+05   3.7231445e+01
   5.9091500e+05   3.3203125e+01
   5.9092800e+05   3.2592773e+01
   5.9095400e+05   3.9367676e+01
   5.9108100e+05   3.2348633e+01
   5.9121800e+05   3.3447266e+01
   6.8273600e+05   4.7973633e+01
   6.8294700e+05   3.2592773e+01
   6.8301200e+05   5.4077148e+01
   6.8307300e+05   3.2836914e+01
   6.8311000e+05   3.1372070e+01
   6.8316600e+05   3.3447266e+01
   6.8320900e+05   5.2246094e+01
   6.8323900e+05   3.5583496e+01
   6.8325100e+05   4.0649414e+01
   6.8327900e+05   5.3100586e+01
   6.8329100e+05   4.7729492e+01
   6.8331000e+05   4.2114258e+01
   6.8334700e+05   3.6926270e+01
   6.8336500e+05   5.0537109e+01
   6.8338400e+05   3.8635254e+01
   6.8341400e+05   3.4729004e+01
   6.8343400e+05   3.2348633e+01
   6.8347100e+05   3.6437988e+01
   6.8350700e+05   4.3273926e+01
   6.8356900e+05   3.1921387e+01
   6.8361400e+05   2.9846191e+01
   6.9943600e+05   5.7678223e+01
   6.9950000e+05   4.5898438e+01
   6.9952500e+05   5.1147461e+01
   6.9953700e+05   4.3334961e+01
   6.9956300e+05   4.5104980e+01
   6.9957400e+05   4.7973633e+01
   6.9960100e+05   7.6599121e+01
   6.9961600e+05   3.4179688e+01
   6.9964900e+05   3.6315918e+01
   6.9968500e+05   4.3029785e+01
   6.9971400e+05   4.0222168e+01
   6.9974600e+05   3.3813477e+01
   6.9982400e+05   3.4606934e+01
   6.9984500e+05   4.8156738e+01
   6.9988800e+05   3.9489746e+01
   6.9992200e+05   3.4912109e+01
   6.9997700e+05   3.3020020e+01
   7.0013700e+05   3.1494141e+01
   7.4086500e+05   3.5644531e+01
   8.1041600e+05   3.1494141e+01
   8.1045900e+05   4.6020508e+01
   8.1050200e+05   3.3996582e+01
   8.1052100e+05   3.5278320e+01
   8.1053800e+05   5.3588867e+01
   8.1055700e+05   4.0649414e+01
   8.1059500e+05   3.3691406e+01
   8.1060800e+05   3.8818359e+01
   8.1062900e+05   7.3547363e+01
   8.1066800e+05   4.9011230e+01
   8.1068500e+05   3.1250000e+01
   8.1070000e+05   3.1982422e+01
   8.1073400e+05   5.7495117e+01
   8.1082700e+05   3.6437988e+01
   8.1085400e+05   3.7353516e+01
   8.1088200e+05   3.0334473e+01
   8.1092700e+05   3.3996582e+01
   8.1115400e+05   3.3264160e+01
   8.3047200e+05   3.0883789e+01
   8.3057000e+05   4.6142578e+01
   8.3066200e+05   3.4851074e+01
   8.3071000e+05   4.3151855e+01
   8.3073100e+05   5.7250977e+01
   8.3077700e+05   3.2348633e+01
   8.3078700e+05   5.5786133e+01
   8.3080800e+05   5.7189941e+01
   8.3082300e+05   3.6010742e+01
   8.3085700e+05   4.3579102e+01
   8.3087500e+05   3.1921387e+01
   8.3090600e+05   4.9072266e+01
   8.3091800e+05   4.0100098e+01
   8.3095900e+05   4.9377441e+01
   8.3098300e+05   3.1005859e+01
   8.3101000e+05   3.6621094e+01
   8.3103300e+05   4.2724609e+01
   8.3104500e+05   5.0292969e+01
   8.3105800e+05   4.3579102e+01
   8.3108800e+05   4.5227051e+01
   8.3114900e+05   4.4921875e+01
   8.3119700e+05   3.0578613e+01
   8.3137900e+05   2.9602051e+01
   8.3147100e+05   3.0639648e+01
   8.4701300e+05   3.0029297e+01
   8.4702900e+05   4.9133301e+01
   8.4726400e+05   3.3203125e+01
   8.4732000e+05   3.8208008e+01
   8.4738100e+05   3.0151367e+01
   8.4745900e+05   3.2897949e+01
   8.4748500e+05   4.9743652e+01
   8.4750200e+05   3.9001465e+01
   8.4756700e+05   3.1555176e+01
   8.4760600e+05   3.4851074e+01
   8.4762600e+05   3.4179688e+01
   8.4763800e+05   3.8452148e+01
   8.4766300e+05   3.2226563e+01
   8.4769700e+05   3.0517578e+01
   8.4770900e+05   5.2673340e+01
   8.4779700e+05   3.6865234e+01
   8.4781100e+05   5.3405762e+01
   8.4783100e+05   3.5217285e+01
   8.4785800e+05   3.4179688e+01
   8.4787800e+05   3.4667969e+01
   8.4795700e+05   3.8574219e+01
   8.4829400e+05   3.0456543e+01
   8.6314900e+05   3.4179688e+01
   8.6324500e+05   4.5776367e+01
   8.6326000e+05   2.9907227e+01
   8.6334200e+05   3.2531738e+01
   8.6340100e+05   3.4423828e+01
   8.6342000e+05   3.6437988e+01
   8.6343600e+05   3.0883789e+01
   8.6345500e+05   4.8889160e+01
   8.6355600e+05   3.6621094e+01
   8.6357700e+05   3.2592773e+01
   8.6359100e+05   3.7658691e+01
   8.6363600e+05   3.7048340e+01
   8.6364700e+05   4.0527344e+01
   8.6367200e+05   3.6071777e+01
   8.6369500e+05   4.8156738e+01
   8.6374000e+05   5.3039551e+01
   8.6375000e+05   3.1250000e+01
   8.6378400e+05   3.8818359e+01
   8.6380100e+05   3.8330078e+01
   8.6382400e+05   3.5156250e+01
   8.6386000e+05   4.0222168e+01
   8.6387200e+05   4.3334961e+01
   8.6394600e+05   3.8635254e+01
   8.6397500e+05   2.9724121e+01
   8.6398600e+05   4.0527344e+01
   8.6404800e+05   3.0029297e+01
   8.6412200e+05   4.4494629e+01
   8.7745100e+05   3.5095215e+01
   8.7809600e+05   3.1372070e+01
   8.8558700e+05   3.2775879e+01
   9.8627400e+05   5.3466797e+01
   9.8643600e+05   3.0212402e+01
   9.8654200e+05   4.4616699e+01
   9.8659400e+05   3.1982422e+01
   9.8662700e+05   3.2470703e+01
   9.8665000e+05   3.1066895e+01
   9.8669500e+05   3.8085938e+01
   9.8673000e+05   4.6264648e+01
   9.8674800e+05   4.6813965e+01
   9.8676900e+05   4.8645020e+01
   9.8679500e+05   3.9916992e+01
   9.8680600e+05   4.6325684e+01
   9.8683600e+05   4.2419434e+01
   9.8685200e+05   3.7780762e+01
   9.8687800e+05   5.1025391e+01
   9.8689800e+05   6.0668945e+01
   9.8695000e+05   3.9001465e+01
   9.8697300e+05   4.6386719e+01
   9.8699700e+05   3.1127930e+01
   1.0576060e+06   3.0334473e+01
   1.0618690e+06   3.0090332e+01
   1.1162040e+06   2.9968262e+01
   1.1677470e+06   3.3569336e+01
   1.1679580e+06   3.6254883e+01
   1.1679920e+06   5.5175781e+01
   1.1680330e+06   4.1259766e+01
   1.1680610e+06   3.8452148e+01
   1.1680840e+06   6.4270020e+01
   1.1681040e+06   3.8208008e+01
   1.1681230e+06   4.7546387e+01
   1.1681380e+06   4.3029785e+01
   1.1681530e+06   3.0334473e+01
   1.1681660e+06   4.1687012e+01
   1.1681930e+06   4.8706055e+01
   1.1682210e+06   3.5034180e+01
   1.1682530e+06   3.5949707e+01
   1.1682760e+06   3.7292480e+01
   1.1683010e+06   3.2409668e+01
   1.1683220e+06   4.6875000e+01
   1.1683320e+06   3.1188965e+01
   1.1683600e+06   3.1860352e+01
   1.1684580e+06   3.0334473e+01
   1.2231360e+06   3.1677246e+01
   1.2784220e+06   3.0944824e+01
   1.3382170e+06   4.9377441e+01
   1.3382950e+06   3.4057617e+01
   1.3384750e+06   7.0617676e+01
   1.3385360e+06   3.2287598e+01
   1.3385750e+06   4.4372559e+01
   1.3386260e+06   5.6518555e+01
   1.3386420e+06   4.4250488e+01
   1.3387280e+06   3.6071777e+01
   1.3387420e+06   4.9926758e+01
   1.3387700e+06   3.2287598e+01
   1.3387930e+06   5.3588867e+01
   1.3388100e+06   3.6743164e+01
   1.3388230e+06   3.1005859e+01
   1.3388530e+06   3.8391113e+01
   1.3388660e+06   3.0212402e+01
   1.3388880e+06   5.3100586e+01
   1.3389100e+06   4.1809082e+01
   1.3389400e+06   3.8208008e+01
   1.3389740e+06   3.7536621e+01
   1.3390690e+06   3.0151367e+01
   1.3390980e+06   3.1738281e+01
   1.3391370e+06   2.9968262e+01
   1.3391650e+06   2.9602051e+01
   1.3391920e+06   3.6437988e+01
   1.3392950e+06   3.2226563e+01
   1.4311720e+06   3.1188965e+01
   1.4354570e+06   3.2836914e+01
   1.4668760e+06   5.3344727e+01
   1.4669100e+06   3.9672852e+01
   1.4673700e+06   3.1616211e+01
   1.4674400e+06   3.3508301e+01
   1.4674620e+06   4.2663574e+01
   1.4674910e+06   2.9968262e+01
   1.4675210e+06   4.6020508e+01
   1.4675530e+06   4.1198730e+01
   1.4675630e+06   4.2358398e+01
   1.4675770e+06   4.6997070e+01
   1.4675950e+06   3.9367676e+01
   1.4676450e+06   3.9367676e+01
   1.4676600e+06   3.2470703e+01
   1.4676730e+06   3.2836914e+01
   1.4676900e+06   3.3874512e+01
   1.4677040e+06   4.1748047e+01
   1.4677730e+06   3.8330078e+01
   1.4678060e+06   3.5644531e+01
   1.4678520e+06   3.6315918e+01
   1.4679090e+06   3.9062500e+01
   1.4680100e+06   3.2592773e+01
   1.5481070e+06   3.2104492e+01
   1.6115300e+06   5.2673340e+01
   1.6125030e+06   7.0800781e+01
   1.6126110e+06   3.5156250e+01
   1.6126330e+06   3.0517578e+01
   1.6127230e+06   3.5217285e+01
   1.6127400e+06   3.1738281e+01
   1.6127530e+06   3.2043457e+01
   1.6127690e+06   4.0283203e+01
   1.6127800e+06   3.2104492e+01
   1.6128140e+06   3.4240723e+01
   1.6128310e+06   5.5358887e+01
   1.6128680e+06   6.1096191e+01
   1.6128820e+06   3.4057617e+01
   1.6128990e+06   3.3569336e+01
   1.6129160e+06   7.6416016e+01
   1.6129280e+06   4.3029785e+01
   1.6129390e+06   4.0771484e+01
   1.6129620e+06   2.9724121e+01
   1.6129960e+06   3.1372070e+01
   1.6130310e+06   4.5837402e+01
   1.6130870e+06   4.6813965e+01
   1.6131290e+06   3.3325195e+01
   1.6133200e+06   2.9907227e+01
   1.6850870e+06   3.1555176e+01
   1.7409560e+06   3.4057617e+01
   1.7414920e+06   3.3447266e+01
   1.7415510e+06   4.0100098e+01
   1.7417710e+06   3.5461426e+01
   1.7418050e+06   3.3264160e+01
   1.7418470e+06   4.2419434e+01
   1.7418630e+06   4.3884277e+01
   1.7418900e+06   3.4545898e+01
   1.7419090e+06   4.0344238e+01
   1.7419340e+06   4.3884277e+01
   1.7419630e+06   6.2011719e+01
   1.7419940e+06   7.8796387e+01
   1.7420220e+06   6.2133789e+01
   1.7420430e+06   5.8166504e+01
   1.7420600e+06   4.5166016e+01
   1.7420780e+06   3.1982422e+01
   1.7421040e+06   6.2500000e+01
   1.7421260e+06   3.1921387e+01
   1.7421550e+06   4.2297363e+01
   1.7421820e+06   3.9489746e+01
   1.7422110e+06   2.9846191e+01
   1.7422640e+06   3.5766602e+01
   1.7423840e+06   3.8330078e+01
   1.8477460e+06   3.0395508e+01
   1.8815040e+06   4.9621582e+01
   1.8815430e+06   3.8024902e+01
   1.8818420e+06   6.2927246e+01
   1.8819370e+06   3.3203125e+01
   1.8819520e+06   3.2653809e+01
   1.8820940e+06   4.4921875e+01
   1.8821140e+06   3.1799316e+01
   1.8821310e+06   8.7707520e+01
   1.8821590e+06   3.4545898e+01
   1.8821710e+06   4.9011230e+01
   1.8821930e+06   4.1381836e+01
   1.8822180e+06   5.8715820e+01
   1.8822410e+06   6.7077637e+01
   1.8822660e+06   3.6376953e+01
   1.8822780e+06   5.2429199e+01
   1.8822890e+06   4.9743652e+01
   1.8823320e+06   3.5034180e+01
   1.8823480e+06   3.9245605e+01
   1.8823620e+06   3.6132813e+01
   1.8823920e+06   4.4738770e+01
   1.8824100e+06   3.2714844e+01
   1.8824260e+06   5.3283691e+01
   1.8827870e+06   3.1372070e+01
   1.8970040e+06   3.7963867e+01
   1.8974190e+06   3.6437988e+01
   1.8974590e+06   3.2531738e+01
   1.8974700e+06   5.5053711e+01
   1.8975100e+06   4.4738770e+01
   1.8975300e+06   5.2978516e+01
   1.8975600e+06   3.0456543e+01
   1.8975780e+06   3.8818359e+01
   1.8975890e+06   5.1879883e+01
   1.8976160e+06   4.7302246e+01
   1.8976370e+06   5.0720215e+01
   1.8976670e+06   3.2165527e+01
   1.8976770e+06   3.1250000e+01
   1.8977200e+06   3.1860352e+01
   1.8977520e+06   3.7109375e+01
   1.8977840e+06   3.1250000e+01
   1.8979240e+06   3.3874512e+01
   1.8979390e+06   2.9602051e+01
   1.8980160e+06   3.2226563e+01
   1.9367260e+06   3.2104492e+01
   1.9399550e+06   3.4851074e+01
   1.9613540e+06   3.1188965e+01
   1.9688380e+06   3.0212402e+01
   1.9953130e+06   3.0883789e+01
   2.0040170e+06   2.9785156e+01
   2.0265780e+06   3.1616211e+01
   2.0714470e+06   4.2602539e+01
   2.0716740e+06   3.7536621e+01
   2.0718040e+06   3.4240723e+01
   2.0718180e+06   3.4362793e+01
   2.0718480e+06   4.7790527e+01
   2.0718610e+06   3.8085938e+01
   2.0718780e+06   6.3232422e+01
   2.0718910e+06   4.5898438e+01
   2.0719140e+06   6.6101074e+01
   2.0719260e+06   5.7800293e+01
   2.0719490e+06   3.2653809e+01
   2.0719950e+06   4.2297363e+01
   2.0720140e+06   3.1066895e+01
   2.0720290e+06   3.9062500e+01
   2.0720860e+06   4.1076660e+01
   2.0721750e+06   3.3752441e+01
   2.0721920e+06   3.3081055e+01
   2.0722420e+06   3.5583496e+01
   2.0725240e+06   3.3996582e+01
   2.1702010e+06   3.0578613e+01
   2.2018370e+06   3.4118652e+01
   2.2067640e+06   3.1311035e+01
   2.2132340e+06   3.3020020e+01
   2.2605800e+06   3.1860352e+01
   2.2730600e+06   5.7617188e+01
   2.2730830e+06   3.9733887e+01
   2.2732740e+06   3.0639648e+01
   2.2733270e+06   3.3386230e+01
   2.2733540e+06   4.0893555e+01
   2.2733730e+06   7.0434570e+01
   2.2734010e+06   4.5715332e+01
   2.2734160e+06   4.4189453e+01
   2.2734420e+06   3.4606934e+01
   2.2734640e+06   4.7973633e+01
   2.2735190e+06   3.7902832e+01
   2.2735300e+06   3.8208008e+01
   2.2735710e+06   4.3884277e+01
   2.2735870e+06   3.6254883e+01
   2.2736110e+06   4.3395996e+01
   2.2736590e+06   3.7414551e+01
   2.2736760e+06   3.9916992e+01
   2.2737580e+06   3.5644531e+01
   2.2738450e+06   2.9724121e+01
   2.2738880e+06   3.2836914e+01
   2.2896130e+06   3.0761719e+01
   2.3752150e+06   3.8818359e+01
   2.3752880e+06   4.4982910e+01
   2.3757570e+06   2.9846191e+01
   2.3758060e+06   4.4616699e+01
   2.3758440e+06   4.3518066e+01
   2.3758750e+06   3.0395508e+01
   2.3759000e+06   5.4077148e+01
   2.3759210e+06   3.9184570e+01
   2.3759350e+06   4.4067383e+01
   2.3759650e+06   4.3884277e+01
   2.3759750e+06   7.3364258e+01
   2.3759970e+06   4.3334961e+01
   2.3760310e+06   5.3833008e+01
   2.3760630e+06   6.6284180e+01
   2.3760940e+06   4.1503906e+01
   2.3761130e+06   3.1311035e+01
   2.3761340e+06   3.7719727e+01
   2.3761440e+06   5.8227539e+01
   2.3761770e+06   3.0578613e+01
   2.3762280e+06   3.1799316e+01
   2.3764510e+06   2.9968262e+01
   2.3873990e+06   3.1555176e+01
   2.3879480e+06   3.1555176e+01
   2.4832120e+06   7.3547363e+01
   2.4832870e+06   3.4973145e+01
   2.4833530e+06   3.1311035e+01
   2.4833890e+06   4.6630859e+01
   2.4834450e+06   3.2592773e+01
   2.4834680e+06   3.3142090e+01
   2.4835170e+06   5.8654785e+01
   2.4835380e+06   7.4462891e+01
   2.4835680e+06   3.8513184e+01
   2.4835800e+06   4.0954590e+01
   2.4835920e+06   8.2824707e+01
   2.4836200e+06   5.5419922e+01
   2.4836480e+06   4.5898438e+01
   2.4836620e+06   6.4453125e+01
   2.4836760e+06   4.1320801e+01
   2.4836940e+06   3.8513184e+01
   2.4837150e+06   3.4729004e+01
   2.4837460e+06   4.3884277e+01
   2.4837720e+06   3.3508301e+01
   2.4837830e+06   3.2653809e+01
   2.4838790e+06   2.9968262e+01
   2.4839070e+06   3.8452148e+01
   2.4839410e+06   3.1372070e+01
   2.4957660e+06   3.2043457e+01
   2.5771680e+06   3.5888672e+01
   2.5893450e+06   3.1494141e+01
   2.5900530e+06   5.6030273e+01
   2.5901070e+06   3.7414551e+01
   2.5903660e+06   2.9724121e+01
   2.5903880e+06   2.9907227e+01
   2.5904240e+06   6.2072754e+01
   2.5905410e+06   3.4118652e+01
   2.5905580e+06   5.9997559e+01
   2.5905770e+06   4.8583984e+01
   2.5905990e+06   6.8176270e+01
   2.5906140e+06   3.6132813e+01
   2.5906250e+06   6.5551758e+01
   2.5906520e+06   6.1523438e+01
   2.5906660e+06   3.6987305e+01
   2.5907130e+06   6.0424805e+01
   2.5907360e+06   4.0222168e+01
   2.5907570e+06   6.1096191e+01
   2.5907920e+06   3.2592773e+01
   2.5908180e+06   3.0639648e+01
   2.5908420e+06   3.0395508e+01
   2.5908740e+06   3.0578613e+01
   2.5908890e+06   3.0944824e+01
   2.5909080e+06   3.5156250e+01
   2.5909230e+06   3.3447266e+01
   2.5910520e+06   3.0395508e+01
   2.5911120e+06   3.3935547e+01
   2.5911810e+06   3.2043457e+01
   2.5929200e+06   3.1127930e+01
   2.6507630e+06   3.5949707e+01
   2.6508170e+06   3.6010742e+01
   2.6508370e+06   3.6499023e+01
   2.6508560e+06   5.1818848e+01
   2.6508750e+06   5.9509277e+01
   2.6508980e+06   3.2531738e+01
   2.6509130e+06   4.8217773e+01
   2.6509330e+06   4.2846680e+01
   2.6509550e+06   3.1677246e+01
   2.6509710e+06   4.9987793e+01
   2.6509870e+06   4.8889160e+01
   2.6510080e+06   4.0405273e+01
   2.6510510e+06   5.9997559e+01
   2.6511000e+06   4.8767090e+01
   2.6511180e+06   3.2592773e+01
   2.6511360e+06   4.1442871e+01
   2.6514180e+06   4.0527344e+01
   2.6515850e+06   3.9184570e+01
   2.7117510e+06   3.3020020e+01
   2.7285820e+06   5.2429199e+01
   2.7286220e+06   3.0334473e+01
   2.7291260e+06   3.7841797e+01
   2.7291610e+06   5.0781250e+01
   2.7292490e+06   3.1494141e+01
   2.7292740e+06   5.2673340e+01
   2.7292910e+06   8.2397461e+01
   2.7293130e+06   4.8095703e+01
   2.7293540e+06   3.3691406e+01
   2.7293770e+06   4.9987793e+01
   2.7293940e+06   3.3081055e+01
   2.7294210e+06   4.9804688e+01
   2.7294310e+06   3.9489746e+01
   2.7294550e+06   4.4128418e+01
   2.7294950e+06   5.8288574e+01
   2.7295080e+06   4.5654297e+01
   2.7295300e+06   4.5837402e+01
   2.7295520e+06   4.4738770e+01
   2.7295710e+06   3.3874512e+01
   2.7296740e+06   3.6621094e+01
   2.7297190e+06   4.7058105e+01
   2.7797780e+06   3.2470703e+01
   2.7935320e+06   3.5949707e+01
   2.8659570e+06   3.2226563e+01
   2.8837360e+06   3.7658691e+01
   2.8837530e+06   4.1748047e+01
   2.8837710e+06   3.2836914e+01
   2.8837890e+06   2.9907227e+01
   2.8838210e+06   6.1828613e+01
   2.8838450e+06   5.1818848e+01
   2.8838570e+06   4.1442871e+01
   2.8838710e+06   4.3029785e+01
   2.8838870e+06   3.7597656e+01
   2.8839080e+06   6.6772461e+01
   2.8839260e+06   4.6264648e+01
   2.8839470e+06   4.9621582e+01
   2.8839780e+06   3.2714844e+01
   2.8840050e+06   3.1127930e+01
   2.8840270e+06   5.1940918e+01
   2.8840420e+06   3.1005859e+01
   2.8840580e+06   3.3752441e+01
   2.8840820e+06   3.3813477e+01
   2.8841220e+06   3.8574219e+01
   2.8841410e+06   3.6132813e+01
   2.8841600e+06   4.2358398e+01
   2.9790990e+06   3.1677246e+01
   3.0071780e+06   3.1311035e+01
   3.0453580e+06   3.0212402e+01
   3.0475540e+06   3.1066895e+01
   3.0634410e+06   3.2653809e+01
   3.0634560e+06   3.8940430e+01
   3.0635490e+06   3.2592773e+01
   3.0636810e+06   3.9306641e+01
   3.0637310e+06   3.0944824e+01
   3.0637640e+06   3.2531738e+01
   3.0637940e+06   6.2072754e+01
   3.0638160e+06   5.5358887e+01
   3.0638440e+06   7.6110840e+01
   3.0638560e+06   5.1391602e+01
   3.0638700e+06   5.3039551e+01
   3.0639070e+06   3.4606934e+01
   3.0639300e+06   4.4799805e+01
   3.0639510e+06   3.6254883e+01
   3.0640040e+06   3.2043457e+01
   3.0640490e+06   4.4372559e+01
   3.0643860e+06   3.1127930e+01
   3.1395230e+06   3.3020020e+01
   3.2007470e+06   3.0578613e+01
   3.2232440e+06   5.0720215e+01
   3.2233000e+06   4.0588379e+01
   3.2234240e+06   3.2714844e+01
   3.2234480e+06   4.6386719e+01
   3.2234770e+06   2.9602051e+01
   3.2234890e+06   4.6447754e+01
   3.2235090e+06   4.4982910e+01
   3.2235540e+06   4.1076660e+01
   3.2235760e+06   7.9101563e+01
   3.2236070e+06   4.4860840e+01
   3.2236180e+06   3.4118652e+01
   3.2236380e+06   4.5227051e+01
   3.2236680e+06   5.0903320e+01
   3.2236920e+06   3.4851074e+01
   3.2237080e+06   5.2185059e+01
   3.2237330e+06   3.2287598e+01
   3.2237610e+06   4.7851563e+01
   3.2238060e+06   3.1005859e+01
   3.2238450e+06   4.1687012e+01
   3.2238900e+06   4.2785645e+01
   3.3454580e+06   3.6193848e+01
   3.3455720e+06   3.1921387e+01
   3.3461580e+06   3.4301758e+01
   3.3461860e+06   5.5114746e+01
   3.3462060e+06   2.9846191e+01
   3.3462210e+06   5.4077148e+01
   3.3462380e+06   4.6691895e+01
   3.3462550e+06   5.7312012e+01
   3.3462840e+06   3.1860352e+01
   3.3462950e+06   5.6396484e+01
   3.3463260e+06   5.0170898e+01
   3.3463460e+06   5.0781250e+01
   3.3463560e+06   3.3386230e+01
   3.3464080e+06   3.5339355e+01
   3.3464550e+06   4.4250488e+01
   3.3464780e+06   4.4799805e+01
   3.3464920e+06   4.0283203e+01
   3.3465820e+06   3.6315918e+01
   3.3466070e+06   3.3203125e+01
   3.3466510e+06   3.7963867e+01
   3.3467310e+06   3.0090332e+01
   3.3467920e+06   4.0039063e+01
   3.3933360e+06   3.0151367e+01
   3.4337330e+06   3.4423828e+01
   3.4633930e+06   4.2419434e+01
   3.4634370e+06   5.9082031e+01
   3.4635720e+06   3.1982422e+01
   3.4636690e+06   6.1462402e+01
   3.4637070e+06   3.1250000e+01
   3.4637170e+06   4.5654297e+01
   3.4637290e+06   5.5664063e+01
   3.4637700e+06   5.0048828e+01
   3.4637940e+06   5.1818848e+01
   3.4638130e+06   4.6203613e+01
   3.4638240e+06   3.6804199e+01
   3.4638490e+06   4.4372559e+01
   3.4638800e+06   5.2246094e+01
   3.4639260e+06   2.9602051e+01
   3.4639400e+06   3.3508301e+01
   3.4639740e+06   4.2480469e+01
   3.4640250e+06   4.5471191e+01
   3.4642270e+06   3.7597656e+01
   3.4643530e+06   2.9724121e+01
   3.4811840e+06   3.2714844e+01
   3.5397720e+06   2.9663086e+01
   3.5667480e+06   3.1433105e+01
   3.5816420e+06   5.6152344e+01
   3.5816590e+06   3.3081055e+01
   3.5820580e+06   3.9916992e+01
   3.5821040e+06   3.1677246e+01
   3.5821530e+06   3.0090332e+01
   3.5821640e+06   3.0090332e+01
   3.5822380e+06   3.0700684e+01
   3.5822700e+06   3.0456543e+01
   3.5823000e+06   5.4443359e+01
   3.5823150e+06   5.5236816e+01
   3.5823510e+06   4.1870117e+01
   3.5823630e+06   3.5156250e+01
   3.5823890e+06   3.5583496e+01
   3.5824000e+06   4.1076660e+01
   3.5824280e+06   3.7536621e+01
   3.5824460e+06   3.6987305e+01
   3.5824700e+06   4.0832520e+01
   3.5825580e+06   3.2592773e+01
   3.5826040e+06   3.6010742e+01
   3.5826600e+06   3.1982422e+01
   3.5826950e+06   3.0395508e+01
   3.5827280e+06   3.2775879e+01
   3.6650730e+06   3.3203125e+01
   3.6748500e+06   3.1860352e+01
   3.7194120e+06   3.0761719e+01
   3.7199580e+06   4.6569824e+01
   3.7207540e+06   3.1799316e+01
   3.7209370e+06   5.2490234e+01
   3.7209690e+06   3.0090332e+01
   3.7210100e+06   3.1555176e+01
   3.7210380e+06   4.6386719e+01
   3.7210550e+06   3.6071777e+01
   3.7210830e+06   3.3996582e+01
   3.7210940e+06   7.2082520e+01
   3.7211180e+06   5.0781250e+01
   3.7211300e+06   3.9611816e+01
   3.7211500e+06   3.3874512e+01
   3.7211610e+06   4.2968750e+01
   3.7211860e+06   3.6499023e+01
   3.7212070e+06   5.0476074e+01
   3.7212200e+06   4.5166016e+01
   3.7212300e+06   3.0517578e+01
   3.7212480e+06   4.8583984e+01
   3.7212840e+06   5.3161621e+01
   3.7213060e+06   4.1259766e+01
   3.7213270e+06   4.2541504e+01
   3.7213450e+06   3.0029297e+01
   3.7213860e+06   3.4362793e+01
   3.7213960e+06   4.0222168e+01
   3.7214350e+06   2.9602051e+01
   3.7215150e+06   3.2653809e+01
   3.7215630e+06   3.9489746e+01
   3.7216690e+06   4.1748047e+01
   3.8303780e+06   3.3081055e+01
   3.8308850e+06   4.7973633e+01
   3.8309090e+06   4.1015625e+01
   3.8310070e+06   5.5297852e+01
   3.8310380e+06   3.0761719e+01
   3.8310700e+06   5.6823730e+01
   3.8310890e+06   4.2297363e+01
   3.8311080e+06   3.7841797e+01
   3.8311180e+06   4.6081543e+01
   3.8311340e+06   4.0588379e+01
   3.8311670e+06   3.3691406e+01
   3.8312280e+06   7.4462891e+01
   3.8312390e+06   4.7607422e+01
   3.8312570e+06   5.0903320e+01
   3.8313170e+06   3.7353516e+01
   3.8313420e+06   4.3273926e+01
   3.8313680e+06   3.3203125e+01
   3.8314490e+06   3.0395508e+01
   3.8314950e+06   3.0395508e+01
   3.8315780e+06   3.0151367e+01
   3.8316840e+06   3.1066895e+01
   3.8774280e+06   2.9663086e+01
   3.8888360e+06   3.3325195e+01
   3.9194230e+06   3.5339355e+01
   3.9391940e+06   4.2785645e+01
   3.9397910e+06   3.3264160e+01
   3.9398180e+06   3.2409668e+01
   3.9398510e+06   3.8330078e+01
   3.9398650e+06   3.1982422e+01
   3.9398960e+06   3.4729004e+01
   3.9399180e+06   3.5095215e+01
   3.9399360e+06   5.7556152e+01
   3.9399560e+06   6.7565918e+01
   3.9399660e+06   4.0832520e+01
   3.9399890e+06   3.0761719e+01
   3.9400100e+06   5.3100586e+01
   3.9400200e+06   6.7626953e+01
   3.9400580e+06   3.2958984e+01
   3.9400680e+06   3.2165527e+01
   3.9400910e+06   3.3447266e+01
   3.9401110e+06   3.3142090e+01
   3.9401320e+06   5.0720215e+01
   3.9401570e+06   3.1677246e+01
   3.9401940e+06   3.9733887e+01
   3.9402440e+06   3.7658691e+01
   3.9402550e+06   3.4606934e+01
   3.9403320e+06   3.1738281e+01
   3.9404280e+06   3.4240723e+01
   3.9901170e+06   3.1738281e+01
   4.0321700e+06   3.2165527e+01
   4.0322180e+06   8.6181641e+01
   4.0322680e+06   3.1188965e+01
   4.0322860e+06   2.9663086e+01
   4.0323050e+06   3.1311035e+01
   4.0323220e+06   9.5092773e+01
   4.0323570e+06   4.7729492e+01
   4.0323760e+06   6.8237305e+01
   4.0324180e+06   5.0659180e+01
   4.0324470e+06   3.7536621e+01
   4.0324810e+06   3.4057617e+01
   4.0325090e+06   4.3395996e+01
   4.0325280e+06   3.3630371e+01
   4.0326020e+06   3.8696289e+01
   4.0326290e+06   3.5339355e+01
   4.0326760e+06   4.3884277e+01
   4.0326890e+06   3.0517578e+01
   4.0327360e+06   3.4545898e+01
   4.0661310e+06   3.0883789e+01
   4.0730970e+06   3.2470703e+01
   4.1284080e+06   3.0334473e+01
   4.1477750e+06   3.9794922e+01
   4.1477880e+06   5.2856445e+01
   4.1481860e+06   3.5705566e+01
   4.1482940e+06   3.7414551e+01
   4.1483080e+06   4.4921875e+01
   4.1483350e+06   4.6691895e+01
   4.1483530e+06   2.9724121e+01
   4.1483960e+06   6.7993164e+01
   4.1484240e+06   5.7189941e+01
   4.1484590e+06   3.8146973e+01
   4.1484810e+06   5.2612305e+01
   4.1485020e+06   3.1982422e+01
   4.1485230e+06   6.9091797e+01
   4.1485420e+06   3.8208008e+01
   4.1485690e+06   3.1311035e+01
   4.1485950e+06   3.2714844e+01
   4.1486150e+06   3.7963867e+01
   4.1486610e+06   4.1259766e+01
   4.1487100e+06   3.0883789e+01
   4.1967260e+06   3.0822754e+01
   4.2576630e+06   3.9001465e+01
   4.2576850e+06   4.9926758e+01
   4.2582700e+06   3.5034180e+01
   4.2583190e+06   2.9968262e+01
   4.2583680e+06   3.6010742e+01
   4.2583940e+06   3.2470703e+01
   4.2584060e+06   4.8706055e+01
   4.2584360e+06   4.5532227e+01
   4.2584550e+06   4.5898438e+01
   4.2584840e+06   3.4057617e+01
   4.2585030e+06   3.4912109e+01
   4.2585210e+06   5.9326172e+01
   4.2585400e+06   5.3283691e+01
   4.2586050e+06   3.6315918e+01
   4.2586570e+06   3.2897949e+01
   4.2587080e+06   3.3020020e+01
   4.2587530e+06   3.4484863e+01
   4.2588940e+06   3.3630371e+01
   4.3610690e+06   3.1860352e+01
   4.3613170e+06   3.5217285e+01
   4.3613750e+06   3.0395508e+01
   4.3614090e+06   4.6875000e+01
   4.3616320e+06   3.2165527e+01
   4.3616860e+06   3.5888672e+01
   4.3617130e+06   3.1250000e+01
   4.3617590e+06   6.5246582e+01
   4.3617820e+06   5.9204102e+01
   4.3618170e+06   4.3395996e+01
   4.3618360e+06   3.8574219e+01
   4.3618550e+06   4.7058105e+01
   4.3618660e+06   5.6335449e+01
   4.3618790e+06   4.3762207e+01
   4.3618960e+06   5.1757813e+01
   4.3619260e+06   3.0944824e+01
   4.3619550e+06   3.9245605e+01
   4.3619910e+06   3.8696289e+01
   4.3620030e+06   3.0639648e+01
   4.3620310e+06   2.9785156e+01
   4.3620640e+06   3.5400391e+01
   4.3620900e+06   3.5522461e+01
   4.3621400e+06   4.0771484e+01
   4.3965460e+06   3.2104492e+01
   4.4372830e+06   4.5471191e+01
   4.4374130e+06   4.1442871e+01
   4.4379860e+06   3.0273438e+01
   4.4381830e+06   3.8635254e+01
   4.4382320e+06   5.6335449e+01
   4.4384370e+06   3.4423828e+01
   4.4384700e+06   4.2785645e+01
   4.4385130e+06   2.9968262e+01
   4.4385430e+06   4.3273926e+01
   4.4385590e+06   6.9458008e+01
   4.4385880e+06   4.8767090e+01
   4.4386000e+06   3.1066895e+01
   4.4386360e+06   4.2358398e+01
   4.4386500e+06   3.1372070e+01
   4.4386670e+06   4.3273926e+01
   4.4387020e+06   5.2917480e+01
   4.4387540e+06   4.0222168e+01
   4.5239480e+06   3.1066895e+01
   4.5272810e+06   2.9785156e+01
   4.5273390e+06   4.8706055e+01
   4.5279950e+06   3.8696289e+01
   4.5280220e+06   4.0588379e+01
   4.5280350e+06   3.2104492e+01
   4.5280770e+06   3.3020020e+01
   4.5281140e+06   5.0354004e+01
   4.5281250e+06   3.5949707e+01
   4.5281370e+06   4.9072266e+01
   4.5281630e+06   3.1982422e+01
   4.5281910e+06   3.8024902e+01
   4.5282090e+06   6.3415527e+01
   4.5282230e+06   4.2480469e+01
   4.5282630e+06   6.6284180e+01
   4.5282940e+06   4.5471191e+01
   4.5283400e+06   4.5837402e+01
   4.5283670e+06   3.5644531e+01
   4.5283770e+06   3.2470703e+01
   4.5284110e+06   3.8513184e+01
   4.5284460e+06   3.0029297e+01
   4.5284970e+06   3.5095215e+01
   4.5285640e+06   3.1372070e+01
   4.5285970e+06   3.0517578e+01
   4.6005080e+06   3.3142090e+01
   4.6027010e+06   4.2358398e+01
   4.6027470e+06   3.6682129e+01
   4.6027810e+06   5.4687500e+01
   4.6028320e+06   6.2255859e+01
   4.6028430e+06   4.8217773e+01
   4.6028690e+06   6.9702148e+01
   4.6028910e+06   3.4667969e+01
   4.6029130e+06   3.3569336e+01
   4.6029240e+06   5.7495117e+01
   4.6029350e+06   3.0090332e+01
   4.6029460e+06   5.0231934e+01
   4.6029630e+06   4.0893555e+01
   4.6029820e+06   4.9438477e+01
   4.6030050e+06   3.4240723e+01
   4.6030490e+06   3.1005859e+01
   4.6030590e+06   3.2043457e+01
   4.6030830e+06   4.3823242e+01
   4.6031240e+06   3.1860352e+01
   4.6031590e+06   3.1738281e+01
   4.6034200e+06   3.2958984e+01
   4.7338840e+06   5.3161621e+01
   4.7339050e+06   3.0273438e+01
   4.7339850e+06   3.2348633e+01
   4.7340140e+06   3.2531738e+01
   4.7340480e+06   3.0395508e+01
   4.7340660e+06   4.3823242e+01
   4.7340830e+06   6.8664551e+01
   4.7341150e+06   8.9843750e+01
   4.7341310e+06   4.5227051e+01
   4.7341530e+06   3.0944824e+01
   4.7341640e+06   4.6875000e+01
   4.7341810e+06   6.7565918e+01
   4.7342000e+06   4.3151855e+01
   4.7342100e+06   3.2653809e+01
   4.7342350e+06   3.0151367e+01
   4.7342770e+06   4.4799805e+01
   4.7342940e+06   4.4006348e+01
   4.7343150e+06   3.7780762e+01
   4.7343360e+06   3.0334473e+01
   4.7343920e+06   4.2968750e+01
   4.7344340e+06   3.0517578e+01
   4.7344880e+06   3.2043457e+01
   4.7345460e+06   3.2409668e+01
   4.7346300e+06   2.9602051e+01
   4.7817000e+06   3.5888672e+01
   4.7893490e+06   3.2104492e+01
   4.7895450e+06   3.0151367e+01
   4.7895850e+06   3.9550781e+01
   4.7896000e+06   3.3142090e+01
   4.7896310e+06   4.8095703e+01
   4.7896520e+06   3.0883789e+01
   4.7896800e+06   3.8452148e+01
   4.7896930e+06   5.6335449e+01
   4.7897160e+06   3.8635254e+01
   4.7897280e+06   6.8725586e+01
   4.7897570e+06   3.2531738e+01
   4.7897920e+06   4.4799805e+01
   4.7898030e+06   4.2419434e+01
   4.7898380e+06   3.5400391e+01
   4.7898610e+06   3.4729004e+01
   4.7898720e+06   3.8452148e+01
   4.7899080e+06   3.4118652e+01
   4.7899250e+06   4.1137695e+01
   4.7899470e+06   3.4118652e+01
   4.7899970e+06   4.3273926e+01
   4.9118840e+06   4.9133301e+01
   4.9120010e+06   3.3447266e+01
   4.9126360e+06   4.7302246e+01
   4.9127590e+06   3.2043457e+01
   4.9127690e+06   5.1452637e+01
   4.9127970e+06   4.1198730e+01
   4.9128280e+06   4.2236328e+01
   4.9128490e+06   3.2531738e+01
   4.9128610e+06   3.7353516e+01
   4.9128730e+06   4.6386719e+01
   4.9129020e+06   3.9916992e+01
   4.9129160e+06   3.0334473e+01
   4.9129260e+06   4.0588379e+01
   4.9129430e+06   5.4321289e+01
   4.9129920e+06   6.8908691e+01
   4.9130020e+06   3.9672852e+01
   4.9130470e+06   3.7048340e+01
   4.9130620e+06   4.4860840e+01
   4.9131040e+06   3.6682129e+01
   4.9131510e+06   3.1188965e+01
   4.9131780e+06   3.1860352e+01
   4.9132100e+06   3.0395508e+01
   4.9133570e+06   3.3081055e+01
   4.9578230e+06   2.9724121e+01
   5.0273210e+06   3.1860352e+01
   5.0466400e+06   3.3081055e+01
   5.0468020e+06   5.3100586e+01
   5.0471890e+06   3.7414551e+01
   5.0472100e+06   3.8574219e+01
   5.0472620e+06   3.8146973e+01
   5.0472920e+06   5.1940918e+01
   5.0473070e+06   4.4799805e+01
   5.0473510e+06   8.2214355e+01
   5.0473710e+06   3.7719727e+01
   5.0473930e+06   5.0598145e+01
   5.0474080e+06   5.8959961e+01
   5.0474310e+06   4.4250488e+01
   5.0474560e+06   3.0517578e+01
   5.0474880e+06   3.9855957e+01
   5.0475130e+06   4.5532227e+01
   5.0475290e+06   3.2836914e+01
   5.0475500e+06   3.1799316e+01
   5.0475600e+06   4.1870117e+01
   5.0475970e+06   3.7414551e+01
   5.0476600e+06   3.2836914e+01
   5.0477160e+06   3.2104492e+01
   5.0477980e+06   3.4729004e+01
   5.1971540e+06   3.5217285e+01
   5.1971740e+06   4.1503906e+01
   5.1972480e+06   3.0029297e+01
   5.1974590e+06   3.5583496e+01
   5.1974930e+06   3.5461426e+01
   5.1975560e+06   3.1799316e+01
   5.1975760e+06   4.7241211e+01
   5.1975950e+06   5.9204102e+01
   5.1976150e+06   7.0007324e+01
   5.1976320e+06   5.8532715e+01
   5.1976550e+06   3.3325195e+01
   5.1976680e+06   5.0048828e+01
   5.1976860e+06   4.1503906e+01
   5.1976990e+06   3.7231445e+01
   5.1977160e+06   5.7983398e+01
   5.1977550e+06   8.0078125e+01
   5.1977950e+06   4.9011230e+01
   5.1978200e+06   5.4748535e+01
   5.1978500e+06   3.5583496e+01
   5.1978670e+06   3.7475586e+01
   5.1979030e+06   3.3752441e+01
   5.1980830e+06   2.9785156e+01
   5.3158910e+06   3.0517578e+01
   5.3160820e+06   3.7597656e+01
   5.3162320e+06   3.2958984e+01
   5.3163060e+06   3.1616211e+01
   5.3164190e+06   3.8635254e+01
   5.3164310e+06   4.0771484e+01
   5.3164630e+06   6.7260742e+01
   5.3164730e+06   4.5410156e+01
   5.3165110e+06   4.1015625e+01
   5.3165210e+06   3.0029297e+01
   5.3165320e+06   3.5766602e+01
   5.3165660e+06   2.9663086e+01
   5.3165770e+06   3.4057617e+01
   5.3165880e+06   3.2897949e+01
   5.3165990e+06   5.6518555e+01
   5.3166190e+06   3.0639648e+01
   5.3166520e+06   3.6499023e+01
   5.3166750e+06   3.5522461e+01
   5.3166980e+06   3.7475586e+01
   5.3167370e+06   3.5339355e+01
   5.3168100e+06   3.6560059e+01
   5.3705350e+06   3.5827637e+01
   5.4312690e+06   4.9011230e+01
   5.4313680e+06   4.2968750e+01
   5.4316620e+06   3.5522461e+01
   5.4319140e+06   3.2348633e+01
   5.4319260e+06   6.9885254e+01
   5.4320010e+06   3.0639648e+01
   5.4320220e+06   3.2897949e+01
   5.4320570e+06   4.4616699e+01
   5.4320740e+06   3.5461426e+01
   5.4320920e+06   6.7749023e+01
   5.4321220e+06   3.0761719e+01
   5.4321450e+06   4.9926758e+01
   5.4321550e+06   5.8593750e+01
   5.4321790e+06   5.5847168e+01
   5.4322150e+06   4.2785645e+01
   5.4322440e+06   5.1147461e+01
   5.4322930e+06   3.7231445e+01
   5.4323120e+06   3.1677246e+01
   5.4323250e+06   3.3325195e+01
   5.4323440e+06   3.6376953e+01
   5.4323650e+06   3.9611816e+01
   5.4325940e+06   3.0090332e+01
   5.5217420e+06   2.9602051e+01
   5.5390580e+06   3.2836914e+01
   5.5397440e+06   7.9223633e+01
   5.5398090e+06   3.8635254e+01
   5.5398370e+06   3.2287598e+01
   5.5398560e+06   4.9011230e+01
   5.5398920e+06   3.4729004e+01
   5.5399090e+06   4.6691895e+01
   5.5399320e+06   3.0212402e+01
   5.5399570e+06   5.6213379e+01
   5.5399860e+06   5.6091309e+01
   5.5400040e+06   3.2653809e+01
   5.5400170e+06   4.1076660e+01
   5.5400430e+06   3.3996582e+01
   5.5400530e+06   4.3579102e+01
   5.5400680e+06   5.1879883e+01
   5.5401140e+06   3.6865234e+01
   5.5401320e+06   3.0212402e+01
   5.5401460e+06   3.1921387e+01
   5.5401840e+06   3.1921387e+01
   5.5402060e+06   4.2541504e+01
   5.5404160e+06   3.7231445e+01
   5.5686890e+06   3.1799316e+01
   5.7032920e+06   3.1677246e+01
   5.7034590e+06   3.6010742e+01
   5.7034850e+06   4.3273926e+01
   5.7035100e+06   4.9865723e+01
   5.7035210e+06   3.4362793e+01
   5.7035460e+06   4.2541504e+01
   5.7035800e+06   5.0659180e+01
   5.7035960e+06   6.7199707e+01
   5.7036130e+06   2.9602051e+01
   5.7036280e+06   6.5673828e+01
   5.7036440e+06   4.8950195e+01
   5.7036820e+06   4.8706055e+01
   5.7037090e+06   2.9663086e+01
   5.7037450e+06   3.5034180e+01
   5.7037790e+06   3.8635254e+01
   5.7038500e+06   3.1982422e+01
   5.7039190e+06   3.2592773e+01
   5.7552790e+06   3.0029297e+01
   5.8054570e+06   5.1452637e+01
   5.8055770e+06   4.6020508e+01
   5.8063950e+06   3.2531738e+01
   5.8064210e+06   3.0395508e+01
   5.8064570e+06   3.4057617e+01
   5.8064740e+06   5.4687500e+01
   5.8065160e+06   5.2978516e+01
   5.8065520e+06   5.8105469e+01
   5.8065720e+06   5.8471680e+01
   5.8065840e+06   3.1311035e+01
   5.8066150e+06   4.6386719e+01
   5.8066310e+06   3.6743164e+01
   5.8066420e+06   4.6020508e+01
   5.8066610e+06   2.9663086e+01
   5.8066820e+06   4.6264648e+01
   5.8067000e+06   3.4301758e+01
   5.8067250e+06   4.8400879e+01
   5.8067500e+06   3.2775879e+01
   5.8067760e+06   5.7006836e+01
   5.8067860e+06   3.4667969e+01
   5.8068060e+06   3.0212402e+01
   5.8068350e+06   3.5278320e+01
   5.8068530e+06   4.0893555e+01
   5.8069160e+06   3.3569336e+01
   5.8069610e+06   3.3752441e+01
   5.8070060e+06   3.3996582e+01
   5.8967820e+06   3.5095215e+01
   5.8967990e+06   4.8461914e+01
   5.8981000e+06   3.4790039e+01
   5.8981360e+06   3.0151367e+01
   5.8981540e+06   3.8818359e+01
   5.8981900e+06   4.6569824e+01
   5.8982020e+06   5.6701660e+01
   5.8982380e+06   4.3457031e+01
   5.8982770e+06   4.3151855e+01
   5.8982870e+06   3.8330078e+01
   5.8983140e+06   2.9846191e+01
   5.8983420e+06   3.0700684e+01
   5.8983570e+06   3.8940430e+01
   5.8984020e+06   3.3996582e+01
   5.8984130e+06   4.0710449e+01
   5.8984400e+06   3.8146973e+01
   5.8984570e+06   3.6010742e+01
   5.8985270e+06   3.4851074e+01
   5.8985460e+06   3.7048340e+01
   5.8986290e+06   3.1005859e+01
   5.8988370e+06   3.4667969e+01
   5.9038430e+06   3.1677246e+01
   5.9041410e+06   3.1677246e+01
   5.9509300e+06   3.2348633e+01
   6.0043880e+06   3.5217285e+01
   6.0044560e+06   4.9743652e+01
   6.0045030e+06   3.1982422e+01
   6.0047300e+06   3.4484863e+01
   6.0048720e+06   3.1494141e+01
   6.0049700e+06   5.9936523e+01
   6.0050350e+06   2.9602051e+01
   6.0050690e+06   3.8574219e+01
   6.0050860e+06   3.6010742e+01
   6.0051130e+06   6.7993164e+01
   6.0051330e+06   6.6589355e+01
   6.0051600e+06   5.9020996e+01
   6.0051730e+06   6.0791016e+01
   6.0051910e+06   4.8522949e+01
   6.0052470e+06   3.2043457e+01
   6.0052650e+06   4.3518066e+01
   6.0052780e+06   3.1494141e+01
   6.0053210e+06   3.3691406e+01
   6.0053390e+06   3.3386230e+01
   6.0053590e+06   3.7048340e+01
   6.0054210e+06   3.0212402e+01
   6.0054760e+06   3.1494141e+01
   6.0055440e+06   3.9306641e+01
   6.0056330e+06   3.8696289e+01
   6.0383540e+06   3.1494141e+01
   6.1229870e+06   3.8940430e+01
   6.1230270e+06   3.4301758e+01
   6.1234370e+06   3.2836914e+01
   6.1234710e+06   4.1503906e+01
   6.1235180e+06   4.6875000e+01
   6.1235340e+06   5.0720215e+01
   6.1235810e+06   4.5715332e+01
   6.1236070e+06   6.0485840e+01
   6.1236190e+06   6.0058594e+01
   6.1236570e+06   3.9062500e+01
   6.1236700e+06   4.8645020e+01
   6.1237160e+06   3.6560059e+01
   6.1237440e+06   3.7048340e+01
   6.1237810e+06   3.9001465e+01
   6.1237930e+06   3.4912109e+01
   6.1238440e+06   3.6682129e+01
   6.1238910e+06   3.4606934e+01
   6.1470940e+06   3.6254883e+01
   6.2170590e+06   3.0395508e+01
   6.2170710e+06   3.0639648e+01
   6.2755100e+06   2.9907227e+01
   6.2755350e+06   2.9602051e+01
   6.2755980e+06   4.3884277e+01
   6.2756210e+06   3.8940430e+01
   6.2756340e+06   8.3862305e+01
   6.2756490e+06   5.1391602e+01
   6.2756700e+06   3.8513184e+01
   6.2757030e+06   3.9489746e+01
   6.2757130e+06   4.1259766e+01
   6.2757280e+06   5.8898926e+01
   6.2757410e+06   3.5888672e+01
   6.2757570e+06   5.5847168e+01
   6.2757690e+06   3.8757324e+01
   6.2757910e+06   5.1025391e+01
   6.2758080e+06   4.5837402e+01
   6.2758340e+06   5.0170898e+01
   6.2758810e+06   4.0527344e+01
   6.2759290e+06   3.0395508e+01
   6.2759750e+06   3.3447266e+01
   6.2760160e+06   3.4301758e+01
   6.2761650e+06   3.2958984e+01
   6.2762500e+06   3.5522461e+01
   6.3461630e+06   2.9785156e+01
   6.3650780e+06   3.4851074e+01
   6.3758650e+06   3.3996582e+01
   6.3774580e+06   3.1860352e+01
   6.3774750e+06   3.8818359e+01
   6.3775110e+06   3.1372070e+01
   6.3775420e+06   3.4606934e+01
   6.3775680e+06   4.0527344e+01
   6.3775810e+06   5.9631348e+01
   6.3775930e+06   6.3964844e+01
   6.3776240e+06   4.2785645e+01
   6.3776360e+06   4.6691895e+01
   6.3776680e+06   3.8085938e+01
   6.3776810e+06   4.1564941e+01
   6.3777090e+06   6.5856934e+01
   6.3777280e+06   4.5410156e+01
   6.3777560e+06   4.9682617e+01
   6.3778010e+06   3.7536621e+01
   6.3778670e+06   3.0578613e+01
   6.3779220e+06   3.1005859e+01
   6.3779540e+06   4.0344238e+01
   6.3780310e+06   3.0273438e+01
   6.3780500e+06   2.9907227e+01
   6.4447870e+06   3.1188965e+01
   6.4667740e+06   3.0395508e+01
   6.4667940e+06   3.8208008e+01
   6.4668370e+06   3.0700684e+01
   6.4668490e+06   3.6926270e+01
   6.4668890e+06   5.7312012e+01
   6.4668990e+06   3.8330078e+01
   6.4669310e+06   5.7861328e+01
   6.4669520e+06   4.6997070e+01
   6.4669700e+06   3.3996582e+01
   6.4669970e+06   3.7170410e+01
   6.4670200e+06   9.6862793e+01
   6.4670360e+06   3.1372070e+01
   6.4670590e+06   4.1625977e+01
   6.4670720e+06   2.9602051e+01
   6.4670970e+06   3.8879395e+01
   6.4671600e+06   5.5664062e+01
   6.4672590e+06   3.4301758e+01
   6.4673440e+06   3.1127930e+01
   6.4674030e+06   3.3813477e+01
   6.4675660e+06   2.9907227e+01
   6.5252020e+06   3.1372070e+01
   6.5829610e+06   4.0344238e+01
   6.5838310e+06   3.1127930e+01
   6.5839740e+06   3.6071777e+01
   6.5840040e+06   3.2775879e+01
   6.5840270e+06   7.7209473e+01
   6.5840430e+06   4.3334961e+01
   6.5840610e+06   6.1645508e+01
   6.5840840e+06   3.4729004e+01
   6.5840940e+06   3.3142090e+01
   6.5841120e+06   3.1005859e+01
   6.5841380e+06   3.2958984e+01
   6.5841540e+06   7.8247070e+01
   6.5841660e+06   6.4208984e+01
   6.5842170e+06   3.9184570e+01
   6.5842360e+06   2.9785156e+01
   6.5842700e+06   4.0710449e+01
   6.5843220e+06   4.0710449e+01
   6.5844230e+06   3.0944824e+01
   6.7120190e+06   3.4790039e+01
   6.7126050e+06   3.7536621e+01
   6.7126770e+06   2.9785156e+01
   6.7127050e+06   4.1381836e+01
   6.7127210e+06   3.6621094e+01
   6.7127520e+06   8.8867187e+01
   6.7127840e+06   3.9184570e+01
   6.7128190e+06   5.0170898e+01
   6.7128480e+06   5.8105469e+01
   6.7128590e+06   4.8889160e+01
   6.7128750e+06   4.9987793e+01
   6.7128940e+06   3.4484863e+01
   6.7129160e+06   4.9926758e+01
   6.7129430e+06   3.6254883e+01
   6.7129760e+06   3.0517578e+01
   6.7130150e+06   3.4912109e+01
   6.7130400e+06   3.2165527e+01
   6.7130510e+06   3.6010742e+01
   6.7132770e+06   3.5400391e+01
   6.7365490e+06   3.2348633e+01
   6.8325880e+06   3.8024902e+01
   6.8330730e+06   4.3518066e+01
   6.8330990e+06   5.4626465e+01
   6.8331350e+06   3.4790039e+01
   6.8331610e+06   6.8603516e+01
   6.8331780e+06   5.3100586e+01
   6.8331950e+06   6.3842773e+01
   6.8332270e+06   3.0456543e+01
   6.8332410e+06   4.3090820e+01
   6.8332660e+06   3.1250000e+01
   6.8332890e+06   3.7536621e+01
   6.8333230e+06   5.0598145e+01
   6.8333610e+06   3.5583496e+01
   6.8333870e+06   5.0598145e+01
   6.8334350e+06   3.9489746e+01
   6.8334870e+06   3.4301758e+01
   6.8335290e+06   4.0405273e+01
   6.8335580e+06   2.9663086e+01
   6.8337340e+06   3.0090332e+01
   6.9634900e+06   3.0029297e+01
   6.9874180e+06   3.0273438e+01
   6.9876070e+06   4.0405273e+01
   6.9876690e+06   3.6621094e+01
   6.9880280e+06   3.2165527e+01
   6.9880600e+06   2.9602051e+01
   6.9881240e+06   3.1066895e+01
   6.9881410e+06   6.6955566e+01
   6.9881600e+06   4.0527344e+01
   6.9881780e+06   5.2551270e+01
   6.9881940e+06   5.0842285e+01
   6.9882270e+06   3.6621094e+01
   6.9882410e+06   4.9682617e+01
   6.9882860e+06   4.2419434e+01
   6.9883010e+06   3.3752441e+01
   6.9883230e+06   2.9846191e+01
   6.9883330e+06   4.1381836e+01
   6.9883680e+06   3.4729004e+01
   6.9883870e+06   3.2104492e+01
   6.9884230e+06   3.0639648e+01
   6.9884360e+06   4.4616699e+01
   6.9884520e+06   3.5278320e+01
   6.9884970e+06   3.2653809e+01
   6.9887840e+06   3.6437988e+01
   7.1247730e+06   4.2175293e+01
   7.1249090e+06   4.3334961e+01
   7.1251100e+06   3.0029297e+01
   7.1252030e+06   3.7902832e+01
   7.1253110e+06   3.7231445e+01
   7.1253340e+06   4.3151855e+01
   7.1253660e+06   6.3476563e+01
   7.1253900e+06   6.0241699e+01
   7.1254020e+06   3.4973145e+01
   7.1254440e+06   3.8208008e+01
   7.1254620e+06   3.4057617e+01
   7.1254770e+06   5.7006836e+01
   7.1255090e+06   3.1799316e+01
   7.1255290e+06   3.0822754e+01
   7.1255500e+06   3.4362793e+01
   7.1255610e+06   3.4667969e+01
   7.1256010e+06   4.1870117e+01
   7.1256450e+06   3.6010742e+01
   7.1256590e+06   3.6132813e+01
   7.1256840e+06   3.1005859e+01
   7.1257730e+06   3.9916992e+01
   7.1510090e+06   3.1799316e+01
   7.2409950e+06   3.0822754e+01
   7.2410630e+06   3.7353516e+01
   7.2416880e+06   4.0161133e+01
   7.2417440e+06   3.8391113e+01
   7.2418190e+06   6.2377930e+01
   7.2418500e+06   3.6132813e+01
   7.2418650e+06   3.7658691e+01
   7.2418840e+06   3.6682129e+01
   7.2419290e+06   3.6926270e+01
   7.2419570e+06   4.5654297e+01
   7.2419810e+06   6.2988281e+01
   7.2420020e+06   3.1250000e+01
   7.2420250e+06   4.4921875e+01
   7.2420420e+06   3.0273437e+01
   7.2420570e+06   3.5461426e+01
   7.2420850e+06   3.7536621e+01
   7.2421240e+06   3.4301758e+01
   7.2421490e+06   3.3813477e+01
   7.2422110e+06   3.0822754e+01
   7.3426800e+06   3.2897949e+01
   7.3756170e+06   3.4240723e+01
   7.3891030e+06   3.0944824e+01
   7.4122840e+06   3.8024902e+01
   7.4123150e+06   4.6997070e+01
   7.4123260e+06   4.7119141e+01
   7.4123570e+06   6.2194824e+01
   7.4123690e+06   3.6254883e+01
   7.4123850e+06   6.5917969e+01
   7.4124220e+06   5.4382324e+01
   7.4124330e+06   4.2541504e+01
   7.4124610e+06   3.8818359e+01
   7.4124940e+06   4.8583984e+01
   7.4125050e+06   4.6936035e+01
   7.4125210e+06   3.7780762e+01
   7.4125500e+06   5.1025391e+01
   7.4125600e+06   4.1625977e+01
   7.4126460e+06   2.9907227e+01
   7.4126820e+06   3.8879395e+01
   7.4127320e+06   2.9602051e+01
   7.4128200e+06   3.1738281e+01
   7.4746010e+06   3.0273438e+01
   7.5156500e+06   3.3569336e+01
   7.5264220e+06   3.4301758e+01
   7.5921360e+06   3.3081055e+01
   7.5921770e+06   3.3691406e+01
   7.5921930e+06   3.8024902e+01
   7.5922130e+06   4.2358398e+01
   7.5922340e+06   4.1870117e+01
   7.5922660e+06   7.7392578e+01
   7.5923000e+06   4.2419434e+01
   7.5923260e+06   5.5419922e+01
   7.5923360e+06   3.4851074e+01
   7.5923530e+06   4.5898438e+01
   7.5923730e+06   3.4423828e+01
   7.5923980e+06   4.3273926e+01
   7.5924190e+06   3.8391113e+01
   7.5924470e+06   3.1127930e+01
   7.5925000e+06   3.1127930e+01
   7.5925170e+06   3.2592773e+01
   7.5925340e+06   3.3508301e+01
   7.5925530e+06   3.5461426e+01
   7.5926310e+06   3.0395508e+01
   7.5929590e+06   3.4362793e+01
   7.7363370e+06   3.0517578e+01
   7.7366810e+06   3.6132813e+01
   7.7367500e+06   5.1452637e+01
   7.7367650e+06   3.0761719e+01
   7.7367960e+06   3.8818359e+01
   7.7368200e+06   1.2451172e+02
   7.7368390e+06   4.4860840e+01
   7.7368690e+06   3.2775879e+01
   7.7368880e+06   3.1005859e+01
   7.7369000e+06   3.9245605e+01
   7.7369310e+06   7.0007324e+01
   7.7369420e+06   4.4616699e+01
   7.7369670e+06   3.6193848e+01
   7.7369910e+06   3.8269043e+01
   7.7370150e+06   3.0273437e+01
   7.7370260e+06   3.9672852e+01
   7.7370440e+06   4.7790527e+01
   7.7370760e+06   3.4301758e+01
   7.7371090e+06   3.6376953e+01
   7.7371950e+06   3.5644531e+01
   7.7372240e+06   2.9724121e+01
   7.7372480e+06   3.0822754e+01
   7.7917870e+06   3.0273438e+01
   7.8335010e+06   3.0822754e+01
   7.8516030e+06   4.1076660e+01
   7.8516940e+06   3.5644531e+01
   7.8523540e+06   2.9663086e+01
   7.8524150e+06   4.3090820e+01
   7.8524640e+06   6.8237305e+01
   7.8524780e+06   5.3039551e+01
   7.8524950e+06   3.6193848e+01
   7.8525080e+06   3.1555176e+01
   7.8525200e+06   6.3842773e+01
   7.8525350e+06   3.9428711e+01
   7.8525510e+06   5.1696777e+01
   7.8525770e+06   4.1687012e+01
   7.8525870e+06   5.2734375e+01
   7.8525990e+06   3.4118652e+01
   7.8526150e+06   3.8330078e+01
   7.8526450e+06   3.6071777e+01
   7.8527070e+06   3.1372070e+01
   7.8527830e+06   3.1860352e+01
   7.8528250e+06   3.0456543e+01
   7.8528980e+06   2.9785156e+01
   7.8529610e+06   3.1005859e+01
   8.0206770e+06   3.8757324e+01
   8.0218780e+06   3.2348633e+01
   8.0218950e+06   4.4799805e+01
   8.0219080e+06   3.3935547e+01
   8.0219190e+06   5.0354004e+01
   8.0219330e+06   3.2287598e+01
   8.0219490e+06   3.2714844e+01
   8.0219740e+06   4.1442871e+01
   8.0220010e+06   4.7424316e+01
   8.0220210e+06   6.2255859e+01
   8.0220510e+06   8.6791992e+01
   8.0220640e+06   4.1259766e+01
   8.0221050e+06   3.6743164e+01
   8.0221510e+06   3.5400391e+01
   8.0221660e+06   3.7658691e+01
   8.0222440e+06   3.1127930e+01
   8.0222930e+06   3.1738281e+01
   8.0223650e+06   3.0334473e+01
   8.0224410e+06   3.6926270e+01
   8.1083390e+06   3.1494141e+01
   8.1800860e+06   3.0700684e+01
   8.1801340e+06   3.8330078e+01
   8.1801810e+06   4.4006348e+01
   8.1802210e+06   3.3569336e+01
   8.1802520e+06   4.9438477e+01
   8.1802720e+06   3.9428711e+01
   8.1802890e+06   5.2978516e+01
   8.1803050e+06   8.0932617e+01
   8.1803200e+06   3.5522461e+01
   8.1803480e+06   7.5988770e+01
   8.1803690e+06   6.7321777e+01
   8.1803960e+06   5.0598145e+01
   8.1804470e+06   4.1992188e+01
   8.1804850e+06   3.5827637e+01
   8.1805060e+06   3.6254883e+01
   8.1805670e+06   3.2226563e+01
   8.1805790e+06   3.1677246e+01
   8.1806060e+06   4.5349121e+01
   8.1806630e+06   2.9724121e+01
   8.2886640e+06   3.2409668e+01
   8.3375430e+06   3.1982422e+01
   8.3626580e+06   3.7902832e+01
   8.3626920e+06   3.4057617e+01
   8.3627130e+06   4.3945313e+01
   8.3627520e+06   3.2043457e+01
   8.3627640e+06   4.9072266e+01
   8.3627870e+06   5.9631348e+01
   8.3627990e+06   4.9377441e+01
   8.3628100e+06   4.4799805e+01
   8.3628280e+06   4.4128418e+01
   8.3628560e+06   3.5583496e+01
   8.3628730e+06   4.0405273e+01
   8.3629350e+06   3.2226563e+01
   8.3629660e+06   3.3752441e+01
   8.3629950e+06   3.7048340e+01
   8.3630840e+06   3.7597656e+01
   8.3631000e+06   3.2226563e+01
   8.3631310e+06   3.0517578e+01
   8.3631630e+06   2.9846191e+01
   8.3632160e+06   3.0700684e+01
   8.3632960e+06   3.1250000e+01
   8.3955720e+06   3.1188965e+01
   8.5036690e+06   3.3813477e+01
   8.5036810e+06   3.4362793e+01
   8.5037100e+06   4.9987793e+01
   8.5037500e+06   3.7475586e+01
   8.5037720e+06   5.5297852e+01
   8.5037940e+06   3.8208008e+01
   8.5038040e+06   5.7189941e+01
   8.5038210e+06   6.3903809e+01
   8.5038380e+06   4.3212891e+01
   8.5038590e+06   3.8879395e+01
   8.5038810e+06   6.0852051e+01
   8.5038920e+06   4.1503906e+01
   8.5039430e+06   3.8574219e+01
   8.5039570e+06   4.5837402e+01
   8.5039740e+06   4.3029785e+01
   8.5040220e+06   2.9785156e+01
   8.5040430e+06   3.4362793e+01
   8.5041280e+06   3.1616211e+01
   8.5041440e+06   3.2043457e+01
   8.5041780e+06   3.7475586e+01
   8.5042870e+06   3.6621094e+01
   8.6103400e+06   3.0944824e+01
   8.6621550e+06   3.4301758e+01
   8.6621790e+06   4.0710449e+01
   8.6625170e+06   3.9001465e+01
   8.6625490e+06   3.0822754e+01
   8.6625950e+06   3.0456543e+01
   8.6626200e+06   4.0344238e+01
   8.6626430e+06   8.5266113e+01
   8.6626690e+06   4.1198730e+01
   8.6626950e+06   4.0222168e+01
   8.6627150e+06   7.1777344e+01
   8.6627310e+06   5.0354004e+01
   8.6627450e+06   5.8532715e+01
   8.6627660e+06   3.3203125e+01
   8.6627790e+06   2.9785156e+01
   8.6628020e+06   3.6560059e+01
   8.6628400e+06   4.8278809e+01
   8.6628610e+06   3.3142090e+01
   8.6628920e+06   3.5217285e+01
   8.6629430e+06   3.6071777e+01
   8.6629810e+06   3.5461426e+01
   8.6632650e+06   3.3813477e+01
   8.7775340e+06   3.0822754e+01
   8.8442930e+06   3.4057617e+01
   8.8443210e+06   4.5654297e+01
   8.8443350e+06   4.1198730e+01
   8.8443710e+06   6.1340332e+01
   8.8443900e+06   3.3691406e+01
   8.8444110e+06   4.3640137e+01
   8.8444310e+06   6.0668945e+01
   8.8444430e+06   3.3203125e+01
   8.8444890e+06   3.6743164e+01
   8.8445020e+06   3.6315918e+01
   8.8445180e+06   4.5593262e+01
   8.8445430e+06   4.7790527e+01
   8.8445660e+06   3.4301758e+01
   8.8445790e+06   3.2897949e+01
   8.8446060e+06   3.5827637e+01
   8.8446410e+06   4.3029785e+01
   8.8446700e+06   3.4912109e+01
   8.8447700e+06   3.4423828e+01
   8.8448760e+06   3.6193848e+01
   8.8450970e+06   3.3691406e+01
   8.9870670e+06   3.3447266e+01
   8.9870970e+06   3.5949707e+01
   8.9871200e+06   3.1921387e+01
   8.9871600e+06   7.5744629e+01
   8.9871750e+06   3.8635254e+01
   8.9871950e+06   7.6965332e+01
   8.9872310e+06   5.6152344e+01
   8.9872480e+06   4.5898438e+01
   8.9872580e+06   3.7780762e+01
   8.9872920e+06   5.4809570e+01
   8.9873330e+06   3.0517578e+01
   8.9873600e+06   3.2226563e+01
   8.9873760e+06   4.6936035e+01
   8.9873930e+06   3.5400391e+01
   8.9874130e+06   4.5898438e+01
   8.9874710e+06   3.8269043e+01
   8.9875080e+06   3.2653809e+01
   8.9876260e+06   3.2897949e+01
   8.9876680e+06   3.2714844e+01
   8.9877110e+06   3.2592773e+01
   9.0866700e+06   3.1494141e+01
   9.1078160e+06   3.0334473e+01
   9.1320910e+06   3.0456543e+01
   9.1630460e+06   4.3579102e+01
   9.1630750e+06   3.0334473e+01
   9.1630880e+06   3.3081055e+01
   9.1631110e+06   4.0405273e+01
   9.1631240e+06   3.9672852e+01
   9.1631520e+06   3.8024902e+01
   9.1631880e+06   6.4514160e+01
   9.1632120e+06   6.7077637e+01
   9.1632330e+06   5.8349609e+01
   9.1632530e+06   3.0151367e+01
   9.1632830e+06   6.4025879e+01
   9.1633010e+06   4.1015625e+01
   9.1633250e+06   3.7231445e+01
   9.1633380e+06   5.2185059e+01
   9.1633780e+06   4.3823242e+01
   9.1634150e+06   4.5349121e+01
   9.1634690e+06   3.3691406e+01
   9.1636130e+06   3.0151367e+01
   9.1637310e+06   3.1433105e+01
   9.2298350e+06   3.2897949e+01
   9.2495060e+06   3.0151367e+01
   9.2888100e+06   3.6193848e+01
   9.2888330e+06   3.0273438e+01
   9.2888660e+06   4.3029785e+01
   9.2888900e+06   4.1076660e+01
   9.2889160e+06   4.0100098e+01
   9.2889650e+06   4.4006348e+01
   9.2889800e+06   3.9794922e+01
   9.2890070e+06   4.8889160e+01
   9.2890270e+06   4.1687012e+01
   9.2890480e+06   4.5776367e+01
   9.2890770e+06   3.7170410e+01
   9.2891160e+06   3.1555176e+01
   9.2891430e+06   4.0344238e+01
   9.2891840e+06   3.1555176e+01
   9.2892480e+06   3.9672852e+01
   9.2894030e+06   3.0090332e+01
   9.2896640e+06   2.9663086e+01
   9.4220870e+06   4.1931152e+01
   9.4221040e+06   3.7170410e+01
   9.4221190e+06   3.2226563e+01
   9.4221500e+06   3.7536621e+01
   9.4221950e+06   4.8645020e+01
   9.4222120e+06   4.3457031e+01
   9.4222310e+06   5.2124023e+01
   9.4222590e+06   4.5288086e+01
   9.4222890e+06   5.7434082e+01
   9.4223130e+06   7.5439453e+01
   9.4223240e+06   5.1086426e+01
   9.4223490e+06   5.2307129e+01
   9.4224320e+06   3.5217285e+01
   9.4224520e+06   4.0527344e+01
   9.4224710e+06   3.2897949e+01
   9.4226520e+06   3.0395508e+01
   9.4226690e+06   3.2226563e+01
   9.6039560e+06   3.6010742e+01
   9.6042670e+06   4.0222168e+01
   9.6042940e+06   3.1066895e+01
   9.6043100e+06   3.8879395e+01
   9.6043790e+06   5.7861328e+01
   9.6044010e+06   5.5664063e+01
   9.6044220e+06   4.1198730e+01
   9.6044390e+06   3.4484863e+01
   9.6044510e+06   3.9916992e+01
   9.6044720e+06   3.7170410e+01
   9.6045010e+06   4.1137695e+01
   9.6045240e+06   3.5888672e+01
   9.6045570e+06   3.0822754e+01
   9.6045670e+06   3.2531738e+01
   9.6046010e+06   5.1452637e+01
   9.6046110e+06   3.3630371e+01
   9.6046860e+06   4.4433594e+01
   9.6047290e+06   3.1005859e+01
   9.6047980e+06   3.0761719e+01
   9.7713580e+06   3.5583496e+01
   9.8547900e+06   3.3996582e+01
   9.8548200e+06   5.6396484e+01
   9.8548520e+06   3.4667969e+01
   9.8548730e+06   4.4189453e+01
   9.8548940e+06   3.8391113e+01
   9.8549040e+06   8.5510254e+01
   9.8549340e+06   5.3833008e+01
   9.8549610e+06   7.1105957e+01
   9.8549970e+06   3.8818359e+01
   9.8550230e+06   4.3640137e+01
   9.8550540e+06   4.7119141e+01
   9.8550790e+06   2.9724121e+01
   9.8550980e+06   4.7973633e+01
   9.8551220e+06   3.0090332e+01
   9.8551340e+06   4.0954590e+01
   9.8551720e+06   3.4484863e+01
   9.8552850e+06   3.2165527e+01
   9.9336170e+06   3.0517578e+01
   1.0043512e+07   3.1799316e+01
   1.0043534e+07   3.0029297e+01
   1.0043550e+07   3.7597656e+01
   1.0043570e+07   4.5532227e+01
   1.0043596e+07   3.2775879e+01
   1.0043619e+07   4.7302246e+01
   1.0043667e+07   3.8513184e+01
   1.0043677e+07   5.2246094e+01
   1.0043687e+07   2.9724121e+01
   1.0043730e+07   4.0588379e+01
   1.0043741e+07   4.3151855e+01
   1.0043762e+07   4.7363281e+01
   1.0043814e+07   3.1066895e+01
   1.0043843e+07   4.7668457e+01
   1.0043863e+07   3.5766602e+01
   1.0244429e+07   3.1311035e+01
   1.0244439e+07   3.4545898e+01
   1.0244460e+07   4.1320801e+01
   1.0244481e+07   3.4973145e+01
   1.0244514e+07   4.1870117e+01
   1.0244539e+07   7.5195313e+01
   1.0244568e+07   5.1269531e+01
   1.0244589e+07   3.4667969e+01
   1.0244601e+07   5.6091309e+01
   1.0244626e+07   4.4311523e+01
   1.0244642e+07   4.5715332e+01
   1.0244668e+07   4.1687012e+01
   1.0244708e+07   2.9663086e+01
   1.0244728e+07   3.7536621e+01
   1.0244742e+07   4.1076660e+01
   1.0244760e+07   3.1799316e+01
   1.0244787e+07   3.3569336e+01
   1.0244948e+07   3.0212402e+01
   1.0244971e+07   3.6621094e+01
   1.0367597e+07   3.1433105e+01
   1.0430917e+07   6.1340332e+01
   1.0430941e+07   3.9794922e+01
   1.0430968e+07   4.4677734e+01
   1.0430981e+07   3.4973145e+01
   1.0431033e+07   3.2958984e+01
   1.0431065e+07   5.3771973e+01
   1.0431091e+07   3.6499023e+01
   1.0431129e+07   4.5715332e+01
   1.0431139e+07   5.6457520e+01
   1.0431157e+07   3.3935547e+01
   1.0431169e+07   3.6560059e+01
   1.0431204e+07   3.0273438e+01
   1.0431254e+07   3.2714844e+01
   1.0431264e+07   3.6071777e+01
   1.0431281e+07   3.8085938e+01
   1.0431331e+07   3.4179688e+01
   1.0431378e+07   3.3569336e+01
   1.0431458e+07   3.4362793e+01
   1.0553099e+07   3.2043457e+01
   1.0569952e+07   3.5278320e+01
   1.0570225e+07   3.0761719e+01
   1.0570326e+07   3.1188965e+01
   1.0570349e+07   3.2104492e+01
   1.0570379e+07   4.1503906e+01
   1.0570433e+07   3.0334473e+01
   1.0570460e+07   3.2836914e+01
   1.0570476e+07   5.4870605e+01
   1.0570518e+07   5.4443359e+01
   1.0570531e+07   5.4199219e+01
   1.0570547e+07   3.4423828e+01
   1.0570566e+07   3.0151367e+01
   1.0570582e+07   4.0588379e+01
   1.0570612e+07   3.2714844e+01
   1.0570640e+07   3.0090332e+01
   1.0570670e+07   4.8156738e+01
   1.0570690e+07   3.3813477e+01
   1.0570721e+07   3.2226563e+01
   1.0570771e+07   3.0334473e+01
   1.0570826e+07   3.8330078e+01
   1.0570868e+07   2.9724121e+01
   1.0570967e+07   3.2348633e+01
   1.0725201e+07   3.0334473e+01
   1.0831912e+07   3.0700684e+01
   1.0832610e+07   3.5644531e+01
   1.0832649e+07   3.7536621e+01
   1.0832666e+07   3.2165527e+01
   1.0832696e+07   4.5715332e+01
   1.0832707e+07   5.2062988e+01
   1.0832729e+07   3.1433105e+01
   1.0832751e+07   3.6437988e+01
   1.0832789e+07   4.4433594e+01
   1.0832800e+07   2.9846191e+01
   1.0832816e+07   6.3232422e+01
   1.0832847e+07   3.6621094e+01
   1.0832872e+07   4.6752930e+01
   1.0832890e+07   3.2470703e+01
   1.0832910e+07   3.2775879e+01
   1.0832935e+07   3.2470703e+01
   1.0832983e+07   3.0944824e+01
   1.0833033e+07   3.0639648e+01
   1.0833083e+07   3.2165527e+01
   1.0833161e+07   3.3020020e+01
   1.0833202e+07   3.7841797e+01
   1.0833292e+07   3.5644531e+01
   1.1009484e+07   3.0334473e+01
   1.1047921e+07   2.9968262e+01
   1.1063337e+07   3.6865234e+01
   1.1063356e+07   4.9499512e+01
   1.1063368e+07   3.1250000e+01
   1.1063436e+07   7.6660156e+01
   1.1063449e+07   6.0241699e+01
   1.1063462e+07   4.9133301e+01
   1.1063481e+07   4.7729492e+01
   1.1063501e+07   4.5227051e+01
   1.1063522e+07   3.2531738e+01
   1.1063534e+07   6.3781738e+01
   1.1063544e+07   3.1311035e+01
   1.1063559e+07   3.1005859e+01
   1.1063598e+07   4.5532227e+01
   1.1063624e+07   4.0222168e+01
   1.1063645e+07   5.1818848e+01
   1.1063713e+07   3.3874512e+01
   1.1063827e+07   2.9785156e+01
   1.1064147e+07   3.0029297e+01
   1.1124964e+07   3.4484863e+01
   1.1223408e+07   4.1625977e+01
   1.1223463e+07   5.2978516e+01
   1.1223483e+07   3.5461426e+01
   1.1223506e+07   3.5339355e+01
   1.1223532e+07   4.9682617e+01
   1.1223564e+07   4.0649414e+01
   1.1223594e+07   4.9499512e+01
   1.1223619e+07   3.9367676e+01
   1.1223629e+07   4.7668457e+01
   1.1223647e+07   3.3691406e+01
   1.1223664e+07   4.0405273e+01
   1.1223719e+07   3.4057617e+01
   1.1223858e+07   3.8818359e+01
   1.1223890e+07   3.0090332e+01
   1.1223937e+07   3.1311035e+01
   1.1223997e+07   3.9367676e+01
   1.1241150e+07   3.3020020e+01
   1.1368785e+07   5.2795410e+01
   1.1368811e+07   3.5522461e+01
   1.1368842e+07   3.5156250e+01
   1.1368866e+07   5.8227539e+01
   1.1368889e+07   4.8034668e+01
   1.1368916e+07   5.5114746e+01
   1.1368941e+07   3.0883789e+01
   1.1368953e+07   3.2836914e+01
   1.1368968e+07   3.6193848e+01
   1.1368991e+07   4.4494629e+01
   1.1369029e+07   2.9907227e+01
   1.1369067e+07   4.7485352e+01
   1.1369110e+07   4.3640137e+01
   1.1369150e+07   3.2287598e+01
   1.1369178e+07   2.9846191e+01
   1.1369212e+07   3.2714844e+01
   1.1369393e+07   3.1005859e+01
   1.1369472e+07   2.9663086e+01
   1.1398517e+07   3.0151367e+01
   1.1436002e+07   2.9785156e+01
   1.1569124e+07   3.3020020e+01
   1.1642594e+07   3.1677246e+01
   1.1659598e+07   3.1311035e+01
   1.1659740e+07   3.9916992e+01
   1.1659754e+07   3.5705566e+01
   1.1659785e+07   3.5095215e+01
   1.1659839e+07   5.5908203e+01
   1.1659851e+07   3.1005859e+01
   1.1659866e+07   3.4423828e+01
   1.1659886e+07   3.6926270e+01
   1.1659906e+07   3.1372070e+01
   1.1659916e+07   3.2409668e+01
   1.1659933e+07   3.4423828e+01
   1.1659944e+07   6.6650391e+01
   1.1660000e+07   3.4057617e+01
   1.1660018e+07   5.0659180e+01
   1.1660078e+07   4.7851563e+01
   1.1660089e+07   4.3273926e+01
   1.1660131e+07   3.3020020e+01
   1.1660143e+07   2.9602051e+01
   1.1660251e+07   3.0334473e+01
   1.1660323e+07   3.2531738e+01
   1.1660399e+07   3.3020020e+01
   1.1907322e+07   3.6987305e+01
   1.1907832e+07   4.6142578e+01
   1.1907857e+07   4.8522949e+01
   1.1907884e+07   3.0944824e+01
   1.1907919e+07   4.2236328e+01
   1.1907941e+07   7.1166992e+01
   1.1907983e+07   5.8227539e+01
   1.1907993e+07   4.5532227e+01
   1.1908014e+07   3.4851074e+01
   1.1908038e+07   5.3039551e+01
   1.1908073e+07   5.0048828e+01
   1.1908093e+07   3.7414551e+01
   1.1908107e+07   3.2531738e+01
   1.1908142e+07   3.5766602e+01
   1.1908198e+07   3.6132813e+01
   1.1908219e+07   2.9724121e+01
   1.1908321e+07   2.9968262e+01
   1.1908442e+07   3.0639648e+01
   1.1908470e+07   3.3386230e+01
   1.1909701e+07   3.0151367e+01
