   1.1996000e+07   0.0000000e+00
   1.9203000e+04   4.3884277e+01
   1.9214000e+04   4.2907715e+01
   1.9310000e+04   5.1208496e+01
   1.9341000e+04   4.6569824e+01
   1.9605000e+04   9.6313477e+01
   1.9913000e+04   9.4604492e+01
   1.9928000e+04   4.4067383e+01
   2.0016000e+04   8.6120605e+01
   2.0090000e+04   6.9458008e+01
   2.0105000e+04   1.1718750e+02
   2.0144000e+04   5.9265137e+01
   2.0178000e+04   4.4494629e+01
   2.0190000e+04   7.3425293e+01
   2.0238000e+04   6.2072754e+01
   2.0273000e+04   4.6264648e+01
   2.0288000e+04   6.4270020e+01
   2.0317000e+04   4.4921875e+01
   2.0345000e+04   4.1931152e+01
   2.0372000e+04   4.5898438e+01
   2.0423000e+04   6.5490723e+01
   2.0437000e+04   4.2114258e+01
   2.0469000e+04   4.2114258e+01
   2.1865000e+04   4.5349121e+01
   1.4704800e+05   5.6579590e+01
   1.4714800e+05   5.3283691e+01
   1.4717600e+05   7.9833984e+01
   1.4732300e+05   9.3139648e+01
   1.4733300e+05   5.4321289e+01
   1.4742700e+05   4.6081543e+01
   1.4747500e+05   4.3090820e+01
   1.4753000e+05   6.5734863e+01
   1.4755300e+05   4.4372559e+01
   1.4756300e+05   1.0638428e+02
   1.4758900e+05   4.9560547e+01
   1.4761500e+05   6.5185547e+01
   1.4766400e+05   5.2185059e+01
   1.4769700e+05   6.9702148e+01
   1.4772500e+05   4.4677734e+01
   1.4773600e+05   5.4260254e+01
   1.4776100e+05   6.0241699e+01
   1.4779000e+05   5.5236816e+01
   1.4782300e+05   4.2846680e+01
   1.4791600e+05   4.5837402e+01
   1.4930600e+05   5.3161621e+01
   1.4938700e+05   4.5104980e+01
   2.6774600e+05   5.9448242e+01
   2.6779000e+05   6.0791016e+01
   2.6781100e+05   5.9631348e+01
   2.6788800e+05   1.0687256e+02
   2.6801700e+05   8.5327148e+01
   2.6803700e+05   5.7739258e+01
   2.6811600e+05   4.8522949e+01
   2.6813700e+05   5.6030273e+01
   2.6814800e+05   6.3354492e+01
   2.6817900e+05   4.5959473e+01
   2.6819400e+05   7.5561523e+01
   2.6825700e+05   7.5805664e+01
   2.6827800e+05   5.6640625e+01
   2.6829600e+05   4.5104980e+01
   2.6831200e+05   5.8593750e+01
   2.6833100e+05   4.8706055e+01
   2.6835900e+05   5.2062988e+01
   2.6841200e+05   5.2429199e+01
   2.6843300e+05   4.4189453e+01
   2.6844500e+05   4.3579102e+01
   2.6851300e+05   4.8583984e+01
   2.6855400e+05   4.7363281e+01
   2.6952200e+05   6.6650391e+01
   2.7009400e+05   5.7312012e+01
   3.6716400e+05   4.7485352e+01
   3.6726000e+05   6.0241699e+01
   3.6728600e+05   4.7912598e+01
   3.6729900e+05   8.2458496e+01
   3.6744200e+05   5.4931641e+01
   3.6746600e+05   7.1777344e+01
   3.6762200e+05   6.4819336e+01
   3.6764600e+05   4.9438477e+01
   3.6771700e+05   8.8195801e+01
   3.6774000e+05   4.5104980e+01
   3.6775200e+05   8.8439941e+01
   3.6777700e+05   4.7302246e+01
   3.6780300e+05   5.9020996e+01
   3.6782000e+05   8.7402344e+01
   3.6785700e+05   5.3771973e+01
   3.6789400e+05   6.2255859e+01
   3.6793100e+05   9.9914551e+01
   3.6795400e+05   8.0017090e+01
   3.6797400e+05   4.1809082e+01
   3.6799700e+05   4.7058105e+01
   3.6803500e+05   4.8645020e+01
   3.6808700e+05   4.1992188e+01
   3.6932300e+05   4.3273926e+01
   4.4327200e+05   6.2011719e+01
   4.4331600e+05   5.3283691e+01
   4.4338900e+05   6.5368652e+01
   4.4342700e+05   4.1748047e+01
   4.4349700e+05   4.2907715e+01
   4.4356100e+05   5.3894043e+01
   4.4358000e+05   9.0087891e+01
   4.4368500e+05   8.7280273e+01
   4.4373000e+05   6.1645508e+01
   4.4379500e+05   4.3029785e+01
   4.4389300e+05   4.2419434e+01
   4.4391500e+05   8.0932617e+01
   4.4394300e+05   5.8410645e+01
   4.4397100e+05   7.1716309e+01
   4.4400200e+05   5.5908203e+01
   4.4402600e+05   5.0537109e+01
   4.4404600e+05   6.9641113e+01
   4.4405800e+05   4.7668457e+01
   4.4408100e+05   4.8217773e+01
   4.4412000e+05   6.0546875e+01
   4.4413700e+05   7.0068359e+01
   4.4417200e+05   5.1574707e+01
   4.4419100e+05   4.5593262e+01
   4.4426800e+05   4.2175293e+01
   4.4431600e+05   4.7363281e+01
   4.4434800e+05   4.2907715e+01
   4.4593400e+05   4.6142578e+01
   4.6445200e+05   4.3762207e+01
   5.9029900e+05   5.3100586e+01
   5.9039800e+05   1.0723877e+02
   5.9043600e+05   5.4016113e+01
   5.9048300e+05   4.2663574e+01
   5.9050000e+05   6.5979004e+01
   5.9057600e+05   4.6081543e+01
   5.9059000e+05   6.2927246e+01
   5.9064500e+05   6.8176270e+01
   5.9070700e+05   7.2082520e+01
   5.9072700e+05   7.3791504e+01
   5.9074400e+05   5.5480957e+01
   5.9076800e+05   5.1574707e+01
   5.9078600e+05   6.9396973e+01
   5.9082500e+05   5.0903320e+01
   5.9086700e+05   4.5898438e+01
   5.9088400e+05   4.8339844e+01
   5.9089800e+05   4.2541504e+01
   5.9092800e+05   4.9926758e+01
   5.9096300e+05   7.3364258e+01
   5.9106500e+05   4.3701172e+01
   5.9206200e+05   5.1879883e+01
   6.8281300e+05   4.5227051e+01
   6.8285700e+05   5.6091309e+01
   6.8294200e+05   4.6752930e+01
   6.8297100e+05   5.9265137e+01
   6.8299400e+05   8.5449219e+01
   6.8308600e+05   6.8359375e+01
   6.8315200e+05   6.0058594e+01
   6.8317900e+05   6.5856934e+01
   6.8321300e+05   8.0017090e+01
   6.8324500e+05   4.6020508e+01
   6.8327500e+05   7.0373535e+01
   6.8330500e+05   8.3007813e+01
   6.8334500e+05   4.2968750e+01
   6.8340800e+05   4.5898438e+01
   6.8342800e+05   5.1574707e+01
   6.8347500e+05   4.9865723e+01
   6.8350100e+05   4.3395996e+01
   6.8351300e+05   4.6813965e+01
   6.8360400e+05   4.8645020e+01
   6.8373900e+05   4.5104980e+01
   6.8407400e+05   4.5471191e+01
   6.8426100e+05   4.1870117e+01
   6.8495800e+05   4.3945313e+01
   6.9929000e+05   8.7158203e+01
   6.9946000e+05   7.4951172e+01
   6.9947000e+05   7.3913574e+01
   6.9949700e+05   6.7993164e+01
   6.9952500e+05   5.0048828e+01
   6.9955700e+05   5.5541992e+01
   6.9958100e+05   7.1838379e+01
   6.9959800e+05   6.5917969e+01
   6.9964000e+05   6.2072754e+01
   6.9965300e+05   4.7912598e+01
   6.9967600e+05   5.5175781e+01
   6.9969400e+05   6.7993164e+01
   6.9974500e+05   4.4982910e+01
   6.9975500e+05   7.2204590e+01
   6.9977600e+05   4.9438477e+01
   6.9982300e+05   4.2968750e+01
   6.9984100e+05   5.5114746e+01
   6.9986600e+05   4.3334961e+01
   6.9990900e+05   4.7668457e+01
   7.0003200e+05   4.1809082e+01
   7.0118600e+05   4.3395996e+01
   8.1036800e+05   1.1309814e+02
   8.1038900e+05   7.2814941e+01
   8.1049100e+05   6.3415527e+01
   8.1051400e+05   4.1809082e+01
   8.1054900e+05   1.1560059e+02
   8.1056100e+05   6.1767578e+01
   8.1057400e+05   4.3395996e+01
   8.1060000e+05   4.5715332e+01
   8.1062600e+05   5.1818848e+01
   8.1064900e+05   5.8837891e+01
   8.1066500e+05   5.2246094e+01
   8.1069000e+05   4.5227051e+01
   8.1070100e+05   4.8339844e+01
   8.1075400e+05   4.9438477e+01
   8.1077300e+05   4.9743652e+01
   8.1081200e+05   6.7993164e+01
   8.1087800e+05   5.4504395e+01
   8.1091400e+05   4.5776367e+01
   8.3046800e+05   8.8256836e+01
   8.3067400e+05   6.3415527e+01
   8.3069300e+05   1.2384033e+02
   8.3071300e+05   6.6467285e+01
   8.3073700e+05   5.4260254e+01
   8.3079900e+05   4.8950195e+01
   8.3083700e+05   4.3457031e+01
   8.3085000e+05   5.1757813e+01
   8.3087600e+05   5.8715820e+01
   8.3092200e+05   4.2541504e+01
   8.3095100e+05   4.3945313e+01
   8.3096200e+05   4.7668457e+01
   8.3099300e+05   4.5043945e+01
   8.3101800e+05   4.9499512e+01
   8.3104400e+05   4.4860840e+01
   8.3107800e+05   4.6752930e+01
   8.3110100e+05   6.2255859e+01
   8.3113000e+05   4.2175293e+01
   8.3121700e+05   5.0903320e+01
   8.3379300e+05   5.0476074e+01
   8.3490100e+05   4.4677734e+01
   8.4693200e+05   4.6569824e+01
   8.4719800e+05   9.4055176e+01
   8.4726000e+05   5.0598145e+01
   8.4735200e+05   8.0627441e+01
   8.4736500e+05   5.0415039e+01
   8.4743800e+05   7.4951172e+01
   8.4745400e+05   4.2358398e+01
   8.4747500e+05   4.7973633e+01
   8.4750100e+05   7.0190430e+01
   8.4752700e+05   4.5837402e+01
   8.4754800e+05   9.1735840e+01
   8.4758400e+05   5.0903320e+01
   8.4761200e+05   5.4199219e+01
   8.4763100e+05   4.5410156e+01
   8.4765700e+05   4.8156738e+01
   8.4767100e+05   4.6447754e+01
   8.4770300e+05   4.2602539e+01
   8.4773500e+05   4.8217773e+01
   8.4774700e+05   4.4372559e+01
   8.4777200e+05   5.2368164e+01
   8.4779200e+05   4.9438477e+01
   8.4784100e+05   4.3640137e+01
   8.4791600e+05   5.2429199e+01
   8.6306000e+05   4.7912598e+01
   8.6324000e+05   5.7067871e+01
   8.6333100e+05   8.5449219e+01
   8.6338000e+05   4.6447754e+01
   8.6346500e+05   6.7138672e+01
   8.6347600e+05   4.8828125e+01
   8.6350700e+05   7.5317383e+01
   8.6351900e+05   5.4443359e+01
   8.6356700e+05   4.3212891e+01
   8.6358400e+05   4.2785645e+01
   8.6361500e+05   4.4494629e+01
   8.6362900e+05   6.8603516e+01
   8.6365400e+05   4.9560547e+01
   8.6370600e+05   6.8359375e+01
   8.6373500e+05   5.8837891e+01
   8.6375300e+05   4.2968750e+01
   8.6376600e+05   4.5532227e+01
   8.6377900e+05   4.6142578e+01
   8.6379600e+05   5.2307129e+01
   8.6382300e+05   5.8105469e+01
   8.6385900e+05   5.2001953e+01
   8.6387700e+05   4.3090820e+01
   8.6392200e+05   4.3212891e+01
   8.6395500e+05   4.4250488e+01
   8.6407700e+05   4.1748047e+01
   9.8618000e+05   8.6853027e+01
   9.8620200e+05   5.1635742e+01
   9.8635000e+05   9.7778320e+01
   9.8652300e+05   8.9660645e+01
   9.8658900e+05   4.7668457e+01
   9.8664200e+05   6.6833496e+01
   9.8667800e+05   5.4138184e+01
   9.8673000e+05   6.4819336e+01
   9.8675800e+05   4.3212891e+01
   9.8677900e+05   4.6630859e+01
   9.8682200e+05   5.3405762e+01
   9.8684200e+05   6.4331055e+01
   9.8686100e+05   4.6142578e+01
   9.8689300e+05   5.8227539e+01
   9.8693000e+05   4.6081543e+01
   9.8696700e+05   4.7546387e+01
   9.8699800e+05   8.5754395e+01
   9.8706300e+05   4.3640137e+01
   9.8707600e+05   4.9804688e+01
   1.1676210e+06   5.2246094e+01
   1.1676440e+06   6.4758301e+01
   1.1677850e+06   9.3200684e+01
   1.1678760e+06   8.4350586e+01
   1.1679040e+06   4.9621582e+01
   1.1679340e+06   4.9560547e+01
   1.1679780e+06   6.1889648e+01
   1.1679880e+06   5.0720215e+01
   1.1680000e+06   5.6701660e+01
   1.1680290e+06   4.6936035e+01
   1.1680530e+06   5.6518555e+01
   1.1680710e+06   8.7036133e+01
   1.1680850e+06   4.9682617e+01
   1.1681340e+06   6.9274902e+01
   1.1681730e+06   6.0913086e+01
   1.1681880e+06   5.0720215e+01
   1.1682080e+06   4.6875000e+01
   1.1682340e+06   5.5480957e+01
   1.1682470e+06   5.8105469e+01
   1.1682750e+06   4.5715332e+01
   1.1683220e+06   5.8837891e+01
   1.1683470e+06   8.1359863e+01
   1.1683710e+06   4.3518066e+01
   1.1684530e+06   4.2907715e+01
   1.1685820e+06   4.2968750e+01
   1.3380830e+06   4.2053223e+01
   1.3382120e+06   4.6875000e+01
   1.3383540e+06   4.2053223e+01
   1.3383970e+06   9.7106934e+01
   1.3385150e+06   7.5073242e+01
   1.3386230e+06   4.7729492e+01
   1.3386580e+06   5.9875488e+01
   1.3387400e+06   8.0261230e+01
   1.3387510e+06   5.6823730e+01
   1.3388020e+06   5.5969238e+01
   1.3388220e+06   7.4340820e+01
   1.3388690e+06   6.2744141e+01
   1.3389040e+06   6.7993164e+01
   1.3389240e+06   5.9204102e+01
   1.3389760e+06   7.8186035e+01
   1.3390440e+06   7.8491211e+01
   1.3390570e+06   5.2978516e+01
   1.3390990e+06   4.2968750e+01
   1.3391900e+06   5.4504395e+01
   1.4666980e+06   5.0720215e+01
   1.4669620e+06   1.0363770e+02
   1.4669780e+06   6.5185547e+01
   1.4671980e+06   8.0932617e+01
   1.4673110e+06   4.2724609e+01
   1.4673770e+06   9.3261719e+01
   1.4673880e+06   4.9865723e+01
   1.4674860e+06   8.7707520e+01
   1.4675110e+06   8.8317871e+01
   1.4675240e+06   4.2968750e+01
   1.4675400e+06   5.2612305e+01
   1.4675520e+06   5.6701660e+01
   1.4675950e+06   5.7067871e+01
   1.4676470e+06   6.8786621e+01
   1.4676600e+06   5.4687500e+01
   1.4676890e+06   4.3823242e+01
   1.4677040e+06   5.3283691e+01
   1.4677350e+06   5.7250977e+01
   1.4677520e+06   5.4199219e+01
   1.4677670e+06   4.7729492e+01
   1.4677960e+06   4.5288086e+01
   1.4678450e+06   4.1931152e+01
   1.4679030e+06   4.4372559e+01
   1.4679140e+06   5.3466797e+01
   1.4680070e+06   5.2490234e+01
   1.6114330e+06   4.4494629e+01
   1.6121850e+06   4.9072266e+01
   1.6121990e+06   4.3640137e+01
   1.6123610e+06   4.4494629e+01
   1.6123960e+06   4.2907715e+01
   1.6125560e+06   9.8815918e+01
   1.6126900e+06   7.1960449e+01
   1.6127570e+06   6.3232422e+01
   1.6127890e+06   7.8308105e+01
   1.6128180e+06   4.5654297e+01
   1.6128450e+06   4.9987793e+01
   1.6128690e+06   8.7402344e+01
   1.6129390e+06   5.5541992e+01
   1.6129700e+06   6.2133789e+01
   1.6129880e+06   4.3701172e+01
   1.6130030e+06   4.4799805e+01
   1.6130990e+06   6.9641113e+01
   1.6131310e+06   5.6884766e+01
   1.6131470e+06   4.2419434e+01
   1.6131870e+06   4.5471191e+01
   1.6132180e+06   4.9743652e+01
   1.6132320e+06   5.6640625e+01
   1.7413440e+06   6.2988281e+01
   1.7413880e+06   4.1870117e+01
   1.7414820e+06   4.3212891e+01
   1.7415320e+06   9.5214844e+01
   1.7417430e+06   7.9345703e+01
   1.7417780e+06   4.5410156e+01
   1.7418770e+06   5.1086426e+01
   1.7419020e+06   4.9133301e+01
   1.7419240e+06   4.5715332e+01
   1.7419540e+06   4.5043945e+01
   1.7419690e+06   4.5349121e+01
   1.7419820e+06   7.4218750e+01
   1.7420200e+06   5.3466797e+01
   1.7420720e+06   4.6447754e+01
   1.7420860e+06   4.5654297e+01
   1.7421020e+06   4.9194336e+01
   1.7421380e+06   5.7739258e+01
   1.7421640e+06   5.1147461e+01
   1.7421990e+06   4.5959473e+01
   1.7422420e+06   4.6997070e+01
   1.7422730e+06   6.0058594e+01
   1.7423650e+06   4.1992188e+01
   1.8813800e+06   4.6936035e+01
   1.8815680e+06   1.0473633e+02
   1.8816420e+06   5.5297852e+01
   1.8817750e+06   4.5776367e+01
   1.8818490e+06   9.1735840e+01
   1.8819780e+06   4.2419434e+01
   1.8819970e+06   1.0974121e+02
   1.8821000e+06   4.9194336e+01
   1.8821360e+06   4.3762207e+01
   1.8821660e+06   4.9438477e+01
   1.8821780e+06   1.3256836e+02
   1.8822080e+06   6.1401367e+01
   1.8822260e+06   4.5715332e+01
   1.8822510e+06   4.4921875e+01
   1.8822710e+06   5.3649902e+01
   1.8822930e+06   4.3395996e+01
   1.8823100e+06   4.4372559e+01
   1.8823360e+06   4.6569824e+01
   1.8823590e+06   4.5104980e+01
   1.8823700e+06   5.0231934e+01
   1.8823980e+06   4.6264648e+01
   1.8824510e+06   6.6345215e+01
   1.8824610e+06   6.0302734e+01
   1.8824960e+06   4.4433594e+01
   1.8825380e+06   4.6142578e+01
   1.8825580e+06   4.4067383e+01
   1.8967850e+06   9.0698242e+01
   1.8969980e+06   4.7363281e+01
   1.8971030e+06   5.6091309e+01
   1.8973800e+06   7.7087402e+01
   1.8974240e+06   6.2377930e+01
   1.8974370e+06   8.6608887e+01
   1.8974710e+06   8.4411621e+01
   1.8974940e+06   5.3405762e+01
   1.8975180e+06   5.1391602e+01
   1.8975570e+06   4.6813965e+01
   1.8975730e+06   5.3710938e+01
   1.8976220e+06   5.7861328e+01
   1.8976440e+06   4.2785645e+01
   1.8976690e+06   4.6630859e+01
   1.8976800e+06   5.1086426e+01
   1.8976900e+06   4.6630859e+01
   1.8977070e+06   4.7363281e+01
   1.8977460e+06   4.2968750e+01
   1.8977770e+06   4.2114258e+01
   1.8978070e+06   4.3579102e+01
   1.8978510e+06   4.2663574e+01
   1.8978670e+06   5.5664063e+01
   1.9007540e+06   4.5654297e+01
   2.0712810e+06   4.2968750e+01
   2.0713800e+06   5.3894043e+01
   2.0713940e+06   5.4809570e+01
   2.0714770e+06   9.6008301e+01
   2.0716300e+06   7.9956055e+01
   2.0716580e+06   4.5288086e+01
   2.0716960e+06   5.1208496e+01
   2.0717520e+06   5.7250977e+01
   2.0717930e+06   4.6630859e+01
   2.0718560e+06   5.5786133e+01
   2.0718660e+06   6.0424805e+01
   2.0718860e+06   7.3913574e+01
   2.0719140e+06   4.5959473e+01
   2.0719410e+06   4.2602539e+01
   2.0719560e+06   4.5104980e+01
   2.0719700e+06   4.6386719e+01
   2.0719980e+06   5.8105469e+01
   2.0720140e+06   5.3771973e+01
   2.0720290e+06   5.7495117e+01
   2.0720780e+06   8.1726074e+01
   2.0720950e+06   4.5349121e+01
   2.0721080e+06   4.4250488e+01
   2.0721620e+06   5.5236816e+01
   2.2727600e+06   4.6264648e+01
   2.2730160e+06   5.7373047e+01
   2.2731280e+06   4.2846680e+01
   2.2732130e+06   8.6547852e+01
   2.2733340e+06   8.1420898e+01
   2.2733470e+06   5.9936523e+01
   2.2733860e+06   5.5541992e+01
   2.2734050e+06   9.3566895e+01
   2.2734460e+06   6.3720703e+01
   2.2734580e+06   8.0627441e+01
   2.2734780e+06   5.5114746e+01
   2.2735050e+06   4.5898438e+01
   2.2735270e+06   5.0537109e+01
   2.2735530e+06   5.6152344e+01
   2.2735960e+06   4.5593262e+01
   2.2736090e+06   7.8491211e+01
   2.2736190e+06   5.6091309e+01
   2.2736750e+06   5.3405762e+01
   2.2737300e+06   4.9560547e+01
   2.2737620e+06   6.4086914e+01
   2.3058700e+06   4.2846680e+01
   2.3450900e+06   4.1870117e+01
   2.3749410e+06   4.2602539e+01
   2.3749580e+06   7.3913574e+01
   2.3750080e+06   5.0415039e+01
   2.3751860e+06   5.4931641e+01
   2.3752500e+06   1.0418701e+02
   2.3756570e+06   7.8063965e+01
   2.3757640e+06   7.6599121e+01
   2.3758040e+06   5.4504395e+01
   2.3758660e+06   5.3222656e+01
   2.3758780e+06   9.1796875e+01
   2.3759030e+06   4.8889160e+01
   2.3759140e+06   4.6630859e+01
   2.3759360e+06   5.9020996e+01
   2.3759670e+06   6.6223145e+01
   2.3759890e+06   4.4799805e+01
   2.3760160e+06   4.6203613e+01
   2.3760550e+06   4.5837402e+01
   2.3760680e+06   4.7729492e+01
   2.3760960e+06   5.4565430e+01
   2.3761250e+06   4.8583984e+01
   2.3761620e+06   4.3701172e+01
   2.3761880e+06   4.6325684e+01
   2.3762250e+06   7.0495605e+01
   2.3762710e+06   4.4250488e+01
   2.3765480e+06   4.3151855e+01
   2.4829220e+06   4.8950195e+01
   2.4831380e+06   4.6508789e+01
   2.4831540e+06   5.1696777e+01
   2.4832600e+06   6.3293457e+01
   2.4832760e+06   8.8989258e+01
   2.4833780e+06   6.2438965e+01
   2.4834000e+06   4.6997070e+01
   2.4834700e+06   7.2021484e+01
   2.4834950e+06   6.5612793e+01
   2.4835050e+06   4.6081543e+01
   2.4835400e+06   1.0791016e+02
   2.4835720e+06   6.7382813e+01
   2.4835960e+06   4.3029785e+01
   2.4836060e+06   8.2458496e+01
   2.4836300e+06   5.5603027e+01
   2.4836580e+06   4.5410156e+01
   2.4836860e+06   7.9895020e+01
   2.4837080e+06   5.9631348e+01
   2.4837310e+06   4.5043945e+01
   2.4837810e+06   5.8898926e+01
   2.4837920e+06   6.2255859e+01
   2.4838200e+06   4.7912598e+01
   2.4838410e+06   4.6569824e+01
   2.5889320e+06   5.4382324e+01
   2.5899500e+06   7.0678711e+01
   2.5900620e+06   4.4372559e+01
   2.5900950e+06   6.7687988e+01
   2.5901370e+06   4.8889160e+01
   2.5901490e+06   1.0241699e+02
   2.5902780e+06   4.1748047e+01
   2.5903030e+06   8.0200195e+01
   2.5903660e+06   4.7302246e+01
   2.5904470e+06   6.4392090e+01
   2.5904840e+06   4.6447754e+01
   2.5905210e+06   6.0363770e+01
   2.5905530e+06   8.5998535e+01
   2.5905920e+06   4.6630859e+01
   2.5906240e+06   1.0583496e+02
   2.5906580e+06   6.8786621e+01
   2.5906800e+06   5.2429199e+01
   2.5907020e+06   5.3771973e+01
   2.5907180e+06   5.4809570e+01
   2.5907700e+06   4.2785645e+01
   2.5908150e+06   6.6528320e+01
   2.5908410e+06   4.4433594e+01
   2.5908850e+06   4.4372559e+01
   2.5909880e+06   4.6875000e+01
   2.6097480e+06   4.1870117e+01
   2.6505450e+06   1.0198975e+02
   2.6507230e+06   7.6171875e+01
   2.6507780e+06   5.3039551e+01
   2.6508040e+06   1.0485840e+02
   2.6508220e+06   7.8979492e+01
   2.6508360e+06   4.3395996e+01
   2.6508630e+06   4.8034668e+01
   2.6508940e+06   5.1391602e+01
   2.6509040e+06   6.0302734e+01
   2.6509330e+06   4.6142578e+01
   2.6509540e+06   5.7006836e+01
   2.6509960e+06   5.3283691e+01
   2.6510060e+06   5.2185059e+01
   2.6510760e+06   8.0444336e+01
   2.6511430e+06   7.3425293e+01
   2.6511640e+06   4.6691895e+01
   2.6511830e+06   4.1809082e+01
   2.6512780e+06   4.9377441e+01
   2.6525930e+06   4.8828125e+01
   2.7049040e+06   4.2907715e+01
   2.7276670e+06   4.1931152e+01
   2.7281070e+06   5.4138184e+01
   2.7281230e+06   4.9438477e+01
   2.7284510e+06   5.3833008e+01
   2.7287010e+06   8.9111328e+01
   2.7288920e+06   9.0087891e+01
   2.7290370e+06   6.5490723e+01
   2.7290960e+06   7.0739746e+01
   2.7291430e+06   4.6875000e+01
   2.7292330e+06   4.6813965e+01
   2.7292900e+06   7.8918457e+01
   2.7293210e+06   7.3242188e+01
   2.7293600e+06   4.7851563e+01
   2.7293900e+06   8.5815430e+01
   2.7294120e+06   5.0537109e+01
   2.7294360e+06   4.3151855e+01
   2.7294840e+06   6.0058594e+01
   2.7294980e+06   4.8767090e+01
   2.7295150e+06   4.2175293e+01
   2.7295630e+06   6.7077637e+01
   2.7295940e+06   4.3212891e+01
   2.7296280e+06   5.8166504e+01
   2.7319710e+06   4.4128418e+01
   2.7466660e+06   4.9072266e+01
   2.8163450e+06   6.3476563e+01
   2.8837830e+06   1.0253906e+02
   2.8837930e+06   7.1533203e+01
   2.8838180e+06   5.9753418e+01
   2.8838280e+06   7.7087402e+01
   2.8838650e+06   7.2082520e+01
   2.8838850e+06   4.7546387e+01
   2.8838950e+06   4.2480469e+01
   2.8839500e+06   4.4860840e+01
   2.8839700e+06   5.2856445e+01
   2.8840790e+06   7.0495605e+01
   2.8840970e+06   5.1513672e+01
   2.8841180e+06   6.5429688e+01
   2.8841460e+06   5.5664063e+01
   2.8842230e+06   4.8889160e+01
   2.8842470e+06   4.2297363e+01
   2.8843450e+06   4.6569824e+01
   2.8846720e+06   4.4128418e+01
   2.9282280e+06   4.1870117e+01
   3.0633640e+06   5.4016113e+01
   3.0634470e+06   9.2224121e+01
   3.0635780e+06   7.2082520e+01
   3.0636470e+06   4.7485352e+01
   3.0636820e+06   4.7668457e+01
   3.0637220e+06   4.7363281e+01
   3.0637580e+06   4.5898438e+01
   3.0637770e+06   4.5959473e+01
   3.0638100e+06   4.3273926e+01
   3.0638330e+06   7.0007324e+01
   3.0638580e+06   4.8400879e+01
   3.0638700e+06   5.5541992e+01
   3.0638890e+06   6.2927246e+01
   3.0639130e+06   4.3640137e+01
   3.0639380e+06   7.3364258e+01
   3.0639990e+06   9.6069336e+01
   3.0640390e+06   4.2297363e+01
   3.0640530e+06   4.8095703e+01
   3.0640770e+06   4.8645020e+01
   3.0640970e+06   5.1269531e+01
   3.0641430e+06   6.7993164e+01
   3.0650220e+06   4.3579102e+01
   3.0843710e+06   4.3823242e+01
   3.2231550e+06   4.9133301e+01
   3.2232590e+06   5.7678223e+01
   3.2233440e+06   1.0089111e+02
   3.2234540e+06   5.9509277e+01
   3.2234670e+06   9.3383789e+01
   3.2234920e+06   6.5734863e+01
   3.2235290e+06   4.9072266e+01
   3.2235540e+06   4.8583984e+01
   3.2235810e+06   5.8898926e+01
   3.2236160e+06   4.9987793e+01
   3.2236330e+06   5.8715820e+01
   3.2236620e+06   5.4077148e+01
   3.2237200e+06   4.6691895e+01
   3.2237550e+06   7.4890137e+01
   3.2237840e+06   5.6091309e+01
   3.2238500e+06   4.4128418e+01
   3.2238800e+06   4.8095703e+01
   3.2239470e+06   5.5358887e+01
   3.2375200e+06   4.2602539e+01
   3.2982700e+06   5.1025391e+01
   3.3451190e+06   5.0842285e+01
   3.3460180e+06   4.3701172e+01
   3.3461240e+06   1.0351563e+02
   3.3461510e+06   4.2846680e+01
   3.3461920e+06   5.7312012e+01
   3.3462180e+06   1.1047363e+02
   3.3462360e+06   9.6984863e+01
   3.3462610e+06   4.3151855e+01
   3.3463000e+06   4.8583984e+01
   3.3463260e+06   8.0810547e+01
   3.3463390e+06   5.5419922e+01
   3.3463530e+06   8.8439941e+01
   3.3463870e+06   7.3364258e+01
   3.3464120e+06   5.3283691e+01
   3.3464700e+06   4.2419434e+01
   3.3464810e+06   4.3151855e+01
   3.3464980e+06   5.3955078e+01
   3.3465200e+06   4.7973633e+01
   3.3465580e+06   5.4260254e+01
   3.3466130e+06   6.0058594e+01
   3.3466580e+06   4.3762207e+01
   3.3469320e+06   4.2114258e+01
   3.3645450e+06   4.4738770e+01
   3.4630840e+06   9.3872070e+01
   3.4632960e+06   5.0598145e+01
   3.4633520e+06   8.9477539e+01
   3.4633740e+06   4.1809082e+01
   3.4635090e+06   9.2224121e+01
   3.4636390e+06   5.4809570e+01
   3.4636720e+06   4.2907715e+01
   3.4637110e+06   6.4270020e+01
   3.4637310e+06   1.0095215e+02
   3.4637560e+06   6.3964844e+01
   3.4637880e+06   4.7302246e+01
   3.4637990e+06   5.7495117e+01
   3.4638220e+06   5.8959961e+01
   3.4638520e+06   5.8959961e+01
   3.4638780e+06   4.5654297e+01
   3.4638910e+06   5.4626465e+01
   3.4639250e+06   4.5532227e+01
   3.4639460e+06   4.2236328e+01
   3.4639790e+06   1.1773682e+02
   3.4640080e+06   5.2429199e+01
   3.4640370e+06   5.4016113e+01
   3.4640610e+06   4.6752930e+01
   3.4641340e+06   5.0842285e+01
   3.4656200e+06   4.2358398e+01
   3.5293860e+06   4.8706055e+01
   3.5815900e+06   5.0537109e+01
   3.5817520e+06   8.9904785e+01
   3.5818210e+06   5.9326172e+01
   3.5819500e+06   4.2297363e+01
   3.5820130e+06   8.0749512e+01
   3.5821650e+06   6.7626953e+01
   3.5822450e+06   6.7077637e+01
   3.5822630e+06   4.2724609e+01
   3.5822780e+06   6.0607910e+01
   3.5823070e+06   5.0415039e+01
   3.5823230e+06   5.2978516e+01
   3.5823360e+06   1.2194824e+02
   3.5823730e+06   5.8288574e+01
   3.5823830e+06   4.6081543e+01
   3.5824160e+06   5.1879883e+01
   3.5824600e+06   4.9865723e+01
   3.5824740e+06   4.8767090e+01
   3.5824930e+06   4.4982910e+01
   3.5825160e+06   5.7800293e+01
   3.5825410e+06   4.8889160e+01
   3.5825700e+06   4.3090820e+01
   3.5826370e+06   5.1513672e+01
   3.5830030e+06   4.6569824e+01
   3.7198360e+06   4.2663574e+01
   3.7203810e+06   4.4433594e+01
   3.7205190e+06   6.2683105e+01
   3.7208530e+06   5.2368164e+01
   3.7209000e+06   9.5458984e+01
   3.7210080e+06   6.3903809e+01
   3.7210260e+06   4.5410156e+01
   3.7210460e+06   4.7241211e+01
   3.7210670e+06   6.7810059e+01
   3.7210860e+06   6.0852051e+01
   3.7211350e+06   7.3913574e+01
   3.7211500e+06   4.4433594e+01
   3.7212120e+06   8.6547852e+01
   3.7212380e+06   4.3762207e+01
   3.7212870e+06   4.5715332e+01
   3.7213070e+06   5.5664063e+01
   3.7213390e+06   4.5898438e+01
   3.7213550e+06   4.6447754e+01
   3.7214330e+06   4.8400879e+01
   3.7215370e+06   4.6997070e+01
   3.7215920e+06   4.3884277e+01
   3.8297800e+06   5.8349609e+01
   3.8298040e+06   4.4677734e+01
   3.8300830e+06   5.0048828e+01
   3.8301060e+06   4.1809082e+01
   3.8305270e+06   9.1796875e+01
   3.8307050e+06   5.7006836e+01
   3.8308540e+06   7.8552246e+01
   3.8309850e+06   6.0974121e+01
   3.8310330e+06   7.3059082e+01
   3.8310750e+06   6.0791016e+01
   3.8311220e+06   9.9243164e+01
   3.8311370e+06   5.6884766e+01
   3.8311700e+06   7.2631836e+01
   3.8312000e+06   4.5898438e+01
   3.8312270e+06   4.4067383e+01
   3.8312500e+06   4.5043945e+01
   3.8312860e+06   4.9072266e+01
   3.8312990e+06   8.5693359e+01
   3.8313860e+06   6.6284180e+01
   3.8313960e+06   4.9072266e+01
   3.8314650e+06   4.2236328e+01
   3.8314940e+06   4.4433594e+01
   3.8316030e+06   5.3222656e+01
   3.8331390e+06   4.4128418e+01
   3.9390150e+06   4.9316406e+01
   3.9392540e+06   4.5471191e+01
   3.9397150e+06   9.1247559e+01
   3.9398230e+06   5.7434082e+01
   3.9398610e+06   6.4758301e+01
   3.9398820e+06   9.3750000e+01
   3.9399060e+06   6.9458008e+01
   3.9399300e+06   5.7434082e+01
   3.9399540e+06   4.9560547e+01
   3.9399780e+06   5.5786133e+01
   3.9400390e+06   5.6518555e+01
   3.9400620e+06   4.8828125e+01
   3.9401000e+06   4.6447754e+01
   3.9401280e+06   7.2143555e+01
   3.9401780e+06   4.4189453e+01
   3.9402030e+06   5.8227539e+01
   3.9402350e+06   4.6203613e+01
   3.9402680e+06   4.7729492e+01
   3.9403150e+06   5.4443359e+01
   3.9404030e+06   4.2480469e+01
   4.0311990e+06   4.2480469e+01
   4.0312930e+06   4.7790527e+01
   4.0319240e+06   8.4472656e+01
   4.0320960e+06   4.7973633e+01
   4.0321290e+06   9.8754883e+01
   4.0322200e+06   5.2490234e+01
   4.0322640e+06   1.4611816e+02
   4.0322870e+06   6.1035156e+01
   4.0323310e+06   9.0698242e+01
   4.0323860e+06   5.5480957e+01
   4.0324100e+06   6.4025879e+01
   4.0324440e+06   4.2907715e+01
   4.0324690e+06   5.7800293e+01
   4.0324910e+06   5.6274414e+01
   4.0325620e+06   5.3405762e+01
   4.0325830e+06   4.9072266e+01
   4.0326430e+06   4.2175293e+01
   4.0339930e+06   4.1870117e+01
   4.0535380e+06   4.4250488e+01
   4.1474480e+06   4.5104980e+01
   4.1474650e+06   5.6213379e+01
   4.1476000e+06   4.7485352e+01
   4.1477030e+06   5.1330566e+01
   4.1477410e+06   4.2541504e+01
   4.1478490e+06   1.0882568e+02
   4.1478880e+06   4.2602539e+01
   4.1480860e+06   8.2153320e+01
   4.1481350e+06   4.7729492e+01
   4.1481730e+06   4.5166016e+01
   4.1482210e+06   6.6345215e+01
   4.1482500e+06   4.7241211e+01
   4.1482780e+06   5.5175781e+01
   4.1483020e+06   6.9702148e+01
   4.1483420e+06   7.2021484e+01
   4.1483660e+06   6.5612793e+01
   4.1483860e+06   5.1757813e+01
   4.1484110e+06   6.0546875e+01
   4.1484400e+06   8.1115723e+01
   4.1484610e+06   5.4077148e+01
   4.1485240e+06   5.8776855e+01
   4.1485790e+06   5.9082031e+01
   4.1486300e+06   6.4331055e+01
   4.1486580e+06   5.2490234e+01
   4.1487070e+06   5.2856445e+01
   4.1487700e+06   5.0354004e+01
   4.1495440e+06   4.2602539e+01
   4.1638440e+06   4.6752930e+01
   4.2571920e+06   4.2785645e+01
   4.2572340e+06   4.3518066e+01
   4.2574150e+06   5.5480957e+01
   4.2575140e+06   5.4016113e+01
   4.2576470e+06   4.5288086e+01
   4.2577630e+06   9.9243164e+01
   4.2582180e+06   8.5998535e+01
   4.2582840e+06   4.3945313e+01
   4.2583310e+06   5.4504395e+01
   4.2583670e+06   7.0434570e+01
   4.2583890e+06   7.8674316e+01
   4.2584080e+06   5.1330566e+01
   4.2584280e+06   4.6142578e+01
   4.2584510e+06   6.0668945e+01
   4.2584820e+06   6.8481445e+01
   4.2585100e+06   4.4616699e+01
   4.2585400e+06   6.3110352e+01
   4.2585550e+06   5.8105469e+01
   4.2585750e+06   5.1574707e+01
   4.2586010e+06   4.4616699e+01
   4.2586260e+06   4.3823242e+01
   4.2586480e+06   4.4250488e+01
   4.2586660e+06   4.3334961e+01
   4.2587120e+06   4.7912598e+01
   4.2587240e+06   4.3212891e+01
   4.2587890e+06   5.0109863e+01
   4.3607400e+06   7.8735352e+01
   4.3609490e+06   4.3090820e+01
   4.3609770e+06   4.5043945e+01
   4.3610220e+06   4.7668457e+01
   4.3612790e+06   9.1796875e+01
   4.3614980e+06   8.8867188e+01
   4.3616170e+06   6.5551758e+01
   4.3616410e+06   4.9316406e+01
   4.3617140e+06   4.2907715e+01
   4.3617240e+06   5.0659180e+01
   4.3617420e+06   7.0678711e+01
   4.3617770e+06   8.7951660e+01
   4.3618260e+06   4.2663574e+01
   4.3618450e+06   7.0434570e+01
   4.3618650e+06   5.2795410e+01
   4.3618940e+06   6.2744141e+01
   4.3619250e+06   5.6396484e+01
   4.3619420e+06   6.1096191e+01
   4.3619640e+06   5.3894043e+01
   4.3619800e+06   5.5847168e+01
   4.3620330e+06   4.6936035e+01
   4.3621330e+06   4.1931152e+01
   4.3621630e+06   5.4382324e+01
   4.4370280e+06   5.5664063e+01
   4.4372760e+06   1.2194824e+02
   4.4378590e+06   4.9194336e+01
   4.4381950e+06   8.8012695e+01
   4.4383320e+06   1.1383057e+02
   4.4384410e+06   5.7006836e+01
   4.4384510e+06   7.8979492e+01
   4.4384690e+06   7.9895020e+01
   4.4385040e+06   6.0180664e+01
   4.4385170e+06   5.9204102e+01
   4.4385500e+06   4.7851563e+01
   4.4385750e+06   6.1889648e+01
   4.4386000e+06   4.4982910e+01
   4.4386150e+06   4.4921875e+01
   4.4386710e+06   5.8837891e+01
   4.4387710e+06   4.9072266e+01
   4.4388360e+06   5.4016113e+01
   4.4389400e+06   5.2062988e+01
   4.5266250e+06   4.3334961e+01
   4.5266470e+06   4.6386719e+01
   4.5267970e+06   5.3100586e+01
   4.5270720e+06   4.2236328e+01
   4.5271540e+06   4.7363281e+01
   4.5273660e+06   8.6975098e+01
   4.5280400e+06   1.0028076e+02
   4.5280740e+06   6.8847656e+01
   4.5281000e+06   6.4392090e+01
   4.5281280e+06   5.7373047e+01
   4.5281580e+06   5.3955078e+01
   4.5281790e+06   4.9560547e+01
   4.5282070e+06   4.2358398e+01
   4.5282170e+06   5.0354004e+01
   4.5282450e+06   5.6091309e+01
   4.5282710e+06   4.9499512e+01
   4.5282950e+06   4.7119141e+01
   4.5283090e+06   5.1147461e+01
   4.5283400e+06   4.7180176e+01
   4.5283790e+06   4.9072266e+01
   4.5284320e+06   4.7729492e+01
   4.5284490e+06   4.4067383e+01
   4.5284870e+06   4.4189453e+01
   4.5285220e+06   6.7077637e+01
   4.5285950e+06   4.5776367e+01
   4.5293390e+06   4.6142578e+01
   4.5302180e+06   4.3518066e+01
   4.5997620e+06   4.8767090e+01
   4.5997750e+06   6.2133789e+01
   4.6002910e+06   4.5410156e+01
   4.6004760e+06   4.7180176e+01
   4.6025750e+06   9.8022461e+01
   4.6027130e+06   8.0261230e+01
   4.6027300e+06   4.6264648e+01
   4.6027850e+06   7.5500488e+01
   4.6027950e+06   1.0980225e+02
   4.6028390e+06   7.3913574e+01
   4.6028520e+06   5.6335449e+01
   4.6028790e+06   5.7434082e+01
   4.6028940e+06   5.5297852e+01
   4.6029260e+06   5.1147461e+01
   4.6029840e+06   4.8461914e+01
   4.6030100e+06   5.7006836e+01
   4.6030590e+06   4.2419434e+01
   4.6030880e+06   1.0064697e+02
   4.6031380e+06   6.2011719e+01
   4.6031800e+06   4.3518066e+01
   4.6032000e+06   5.4870605e+01
   4.6032200e+06   4.2114258e+01
   4.6033530e+06   4.9377441e+01
   4.6035270e+06   4.2297363e+01
   4.6043350e+06   4.5043945e+01
   4.6045290e+06   4.2114258e+01
   4.6219220e+06   5.2673340e+01
   4.6855560e+06   4.6020508e+01
   4.7324400e+06   4.8828125e+01
   4.7331180e+06   6.6345215e+01
   4.7334450e+06   9.0881348e+01
   4.7339180e+06   7.4768066e+01
   4.7339690e+06   4.7424316e+01
   4.7340110e+06   4.9194336e+01
   4.7340290e+06   7.5622559e+01
   4.7340630e+06   6.2561035e+01
   4.7340770e+06   4.4616699e+01
   4.7340960e+06   5.1696777e+01
   4.7341190e+06   4.5776367e+01
   4.7341500e+06   5.4748535e+01
   4.7341860e+06   4.1931152e+01
   4.7342150e+06   5.9814453e+01
   4.7342430e+06   4.2419434e+01
   4.7342540e+06   5.0842285e+01
   4.7342980e+06   4.2663574e+01
   4.7343610e+06   6.3720703e+01
   4.7344390e+06   5.3100586e+01
   4.7894150e+06   7.8186035e+01
   4.7895340e+06   8.5754395e+01
   4.7895440e+06   6.5002441e+01
   4.7895850e+06   4.2297363e+01
   4.7896130e+06   6.1767578e+01
   4.7896310e+06   5.7922363e+01
   4.7896610e+06   4.8339844e+01
   4.7896880e+06   5.2001953e+01
   4.7897000e+06   5.2612305e+01
   4.7897590e+06   6.4270020e+01
   4.7897800e+06   4.6813965e+01
   4.7898040e+06   5.0048828e+01
   4.7898230e+06   5.5114746e+01
   4.7898640e+06   4.2419434e+01
   4.7898950e+06   4.9316406e+01
   4.7899190e+06   4.4006348e+01
   4.7899440e+06   4.7851563e+01
   4.7900160e+06   5.0781250e+01
   4.7901060e+06   4.2358398e+01
   4.7904590e+06   4.2724609e+01
   4.7909810e+06   5.0659180e+01
   4.7916460e+06   4.4982910e+01
   4.8074650e+06   4.2541504e+01
   4.8557670e+06   4.3029785e+01
   4.8821060e+06   4.2724609e+01
   4.9117760e+06   4.4128418e+01
   4.9118170e+06   5.7373047e+01
   4.9120660e+06   9.0759277e+01
   4.9121360e+06   7.6660156e+01
   4.9122140e+06   4.5654297e+01
   4.9124280e+06   7.9406738e+01
   4.9126710e+06   8.8867188e+01
   4.9127170e+06   5.6640625e+01
   4.9127370e+06   4.9377441e+01
   4.9127930e+06   5.6152344e+01
   4.9128140e+06   1.1181641e+02
   4.9128490e+06   4.3823242e+01
   4.9128730e+06   4.2541504e+01
   4.9129060e+06   6.5734863e+01
   4.9129320e+06   5.1086426e+01
   4.9129580e+06   5.3466797e+01
   4.9129780e+06   5.4382324e+01
   4.9130150e+06   4.7485352e+01
   4.9130740e+06   5.5419922e+01
   4.9131550e+06   4.9133301e+01
   4.9132540e+06   6.7016602e+01
   4.9133530e+06   4.6325684e+01
   4.9135920e+06   4.3762207e+01
   5.0463520e+06   5.3588867e+01
   5.0464430e+06   5.2734375e+01
   5.0465910e+06   4.2480469e+01
   5.0468590e+06   8.9355469e+01
   5.0470780e+06   7.1960449e+01
   5.0471620e+06   5.5358887e+01
   5.0472040e+06   6.4758301e+01
   5.0472320e+06   4.4677734e+01
   5.0472680e+06   4.2846680e+01
   5.0473000e+06   9.8999023e+01
   5.0473140e+06   4.8034668e+01
   5.0473690e+06   7.1838379e+01
   5.0473890e+06   7.5073242e+01
   5.0474100e+06   4.4433594e+01
   5.0474340e+06   6.3964844e+01
   5.0474530e+06   6.2194824e+01
   5.0474640e+06   5.2978516e+01
   5.0475030e+06   4.5227051e+01
   5.0475680e+06   5.8471680e+01
   5.0476270e+06   6.7504883e+01
   5.0476390e+06   6.6467285e+01
   5.0478190e+06   6.2255859e+01
   5.0479210e+06   5.0781250e+01
   5.1968360e+06   4.4860840e+01
   5.1968530e+06   4.2602539e+01
   5.1970100e+06   4.9743652e+01
   5.1971390e+06   5.4565430e+01
   5.1972740e+06   8.7951660e+01
   5.1973930e+06   7.7758789e+01
   5.1974960e+06   5.5603027e+01
   5.1975240e+06   4.8400879e+01
   5.1975390e+06   5.0781250e+01
   5.1975880e+06   8.4411621e+01
   5.1976000e+06   5.1696777e+01
   5.1976240e+06   5.7800293e+01
   5.1976490e+06   4.5837402e+01
   5.1976650e+06   4.9804688e+01
   5.1976750e+06   4.2602539e+01
   5.1976860e+06   4.7668457e+01
   5.1977180e+06   4.6020508e+01
   5.1977490e+06   6.1096191e+01
   5.1977840e+06   5.4077148e+01
   5.1978550e+06   8.9843750e+01
   5.1979400e+06   6.3659668e+01
   5.1980020e+06   4.9316406e+01
   5.1980920e+06   4.6264648e+01
   5.3156150e+06   4.9743652e+01
   5.3157160e+06   5.2917480e+01
   5.3157340e+06   4.1809082e+01
   5.3160210e+06   9.2651367e+01
   5.3162220e+06   8.5571289e+01
   5.3162630e+06   4.2663574e+01
   5.3163380e+06   4.9011230e+01
   5.3164070e+06   5.3039551e+01
   5.3164340e+06   9.8388672e+01
   5.3164710e+06   5.1330566e+01
   5.3165060e+06   4.5959473e+01
   5.3165470e+06   5.3405762e+01
   5.3165580e+06   5.0048828e+01
   5.3165830e+06   6.1889648e+01
   5.3166240e+06   5.9814453e+01
   5.3166620e+06   5.0170898e+01
   5.3167610e+06   4.3518066e+01
   5.3167800e+06   5.3588867e+01
   5.3168450e+06   5.4199219e+01
   5.3169190e+06   4.3395996e+01
   5.4310420e+06   5.6213379e+01
   5.4310690e+06   7.2143555e+01
   5.4313590e+06   4.3334961e+01
   5.4314150e+06   5.1818848e+01
   5.4314340e+06   4.6386719e+01
   5.4315590e+06   9.8266602e+01
   5.4318460e+06   7.7697754e+01
   5.4318770e+06   5.4809570e+01
   5.4319850e+06   6.0241699e+01
   5.4320090e+06   6.8603516e+01
   5.4320280e+06   1.0882568e+02
   5.4320790e+06   4.9682617e+01
   5.4320910e+06   5.3283691e+01
   5.4321080e+06   4.3579102e+01
   5.4321760e+06   6.0852051e+01
   5.4322050e+06   6.0668945e+01
   5.4322220e+06   5.3649902e+01
   5.4322370e+06   4.5471191e+01
   5.4322590e+06   4.7668457e+01
   5.4323640e+06   6.3903809e+01
   5.4324480e+06   6.4758301e+01
   5.4325270e+06   5.6396484e+01
   5.4469860e+06   4.1809082e+01
   5.5386490e+06   4.6020508e+01
   5.5389390e+06   7.1716309e+01
   5.5396580e+06   5.7067871e+01
   5.5397100e+06   9.0209961e+01
   5.5398040e+06   6.9885254e+01
   5.5398220e+06   9.9914551e+01
   5.5398500e+06   8.3618164e+01
   5.5398800e+06   5.3955078e+01
   5.5399080e+06   5.4321289e+01
   5.5399860e+06   4.6447754e+01
   5.5400240e+06   4.2053223e+01
   5.5400350e+06   4.5288086e+01
   5.5400550e+06   7.2937012e+01
   5.5400830e+06   4.4799805e+01
   5.5401270e+06   5.6579590e+01
   5.5401610e+06   4.1748047e+01
   5.5402300e+06   6.0363770e+01
   5.5402440e+06   6.5612793e+01
   5.5680870e+06   4.3273926e+01
   5.5790580e+06   4.1748047e+01
   5.7023780e+06   5.3955078e+01
   5.7023920e+06   6.6528320e+01
   5.7034580e+06   1.0125732e+02
   5.7035000e+06   7.4951172e+01
   5.7035290e+06   5.5297852e+01
   5.7035590e+06   5.1757813e+01
   5.7035780e+06   6.4086914e+01
   5.7035910e+06   4.9072266e+01
   5.7036410e+06   6.1279297e+01
   5.7036560e+06   4.2968750e+01
   5.7036940e+06   6.1218262e+01
   5.7037040e+06   4.3579102e+01
   5.7037350e+06   4.9499512e+01
   5.7037580e+06   4.3334961e+01
   5.7037850e+06   8.8012695e+01
   5.7037960e+06   4.6936035e+01
   5.7038490e+06   6.3354492e+01
   5.7039070e+06   5.1269531e+01
   5.7039190e+06   4.7058105e+01
   5.7039690e+06   4.8217773e+01
   5.7041480e+06   4.2724609e+01
   5.8053250e+06   4.2602539e+01
   5.8055520e+06   6.1401367e+01
   5.8056250e+06   8.6791992e+01
   5.8057930e+06   9.7412109e+01
   5.8061570e+06   7.4707031e+01
   5.8064260e+06   8.9660645e+01
   5.8064580e+06   5.5725098e+01
   5.8064850e+06   7.6965332e+01
   5.8065000e+06   5.3161621e+01
   5.8065100e+06   7.4462891e+01
   5.8065460e+06   5.3161621e+01
   5.8065790e+06   6.6894531e+01
   5.8066090e+06   6.4270020e+01
   5.8066590e+06   6.6040039e+01
   5.8066890e+06   4.9011230e+01
   5.8067190e+06   4.4982910e+01
   5.8067790e+06   4.2114258e+01
   5.8068520e+06   4.6081543e+01
   5.8068750e+06   5.6396484e+01
   5.8965890e+06   4.6386719e+01
   5.8966090e+06   4.3945313e+01
   5.8967560e+06   5.0781250e+01
   5.8968480e+06   8.4045410e+01
   5.8980000e+06   9.1369629e+01
   5.8980310e+06   4.2175293e+01
   5.8981200e+06   6.8664551e+01
   5.8981800e+06   8.2641602e+01
   5.8982000e+06   6.5917969e+01
   5.8982330e+06   5.0354004e+01
   5.8982700e+06   6.8237305e+01
   5.8983070e+06   4.2663574e+01
   5.8983260e+06   4.5043945e+01
   5.8983650e+06   4.3395996e+01
   5.8983780e+06   5.6579590e+01
   5.8983960e+06   4.3701172e+01
   5.8984080e+06   4.9804688e+01
   5.8984510e+06   4.3823242e+01
   5.8984620e+06   4.3334961e+01
   5.8985000e+06   4.4311523e+01
   5.8985570e+06   5.0231934e+01
   5.8986200e+06   4.8400879e+01
   5.8986900e+06   5.3405762e+01
   5.9257890e+06   4.2724609e+01
   6.0041220e+06   4.8217773e+01
   6.0043620e+06   5.5969238e+01
   6.0044150e+06   9.6008301e+01
   6.0047420e+06   4.9865723e+01
   6.0048750e+06   8.4472656e+01
   6.0049860e+06   4.4250488e+01
   6.0049960e+06   7.7575684e+01
   6.0050220e+06   5.8776855e+01
   6.0050580e+06   4.2175293e+01
   6.0050970e+06   7.2631836e+01
   6.0051090e+06   8.9111328e+01
   6.0051460e+06   6.6589355e+01
   6.0051770e+06   7.6660156e+01
   6.0051900e+06   6.8786621e+01
   6.0052300e+06   5.8776855e+01
   6.0052580e+06   5.1025391e+01
   6.0053010e+06   6.9274902e+01
   6.0053370e+06   7.4584961e+01
   6.0054180e+06   4.3823242e+01
   6.0055180e+06   4.5166016e+01
   6.0059710e+06   4.2541504e+01
   6.1149810e+06   5.7312012e+01
   6.1150690e+06   4.3884277e+01
   6.1228230e+06   5.3894043e+01
   6.1228490e+06   4.6203613e+01
   6.1230320e+06   9.5642090e+01
   6.1233860e+06   8.3435059e+01
   6.1234700e+06   7.2875977e+01
   6.1235010e+06   8.7280273e+01
   6.1235290e+06   7.7514648e+01
   6.1235500e+06   6.9458008e+01
   6.1235650e+06   5.5419922e+01
   6.1235880e+06   5.2673340e+01
   6.1236130e+06   5.8166504e+01
   6.1236320e+06   5.0048828e+01
   6.1236470e+06   5.0109863e+01
   6.1236670e+06   4.9560547e+01
   6.1236830e+06   4.2785645e+01
   6.1237100e+06   4.3457031e+01
   6.1237400e+06   7.8796387e+01
   6.1237720e+06   8.0810547e+01
   6.1237920e+06   5.4382324e+01
   6.1238490e+06   4.5349121e+01
   6.1238710e+06   4.5227051e+01
   6.1239720e+06   4.1748047e+01
   6.1242070e+06   4.2907715e+01
   6.2524850e+06   4.2541504e+01
   6.2526030e+06   5.2917480e+01
   6.2741510e+06   4.7668457e+01
   6.2749250e+06   5.1025391e+01
   6.2751610e+06   9.8083496e+01
   6.2754010e+06   4.2053223e+01
   6.2754370e+06   8.3129883e+01
   6.2755270e+06   4.9194336e+01
   6.2755610e+06   6.9274902e+01
   6.2756090e+06   7.2326660e+01
   6.2756200e+06   5.3283691e+01
   6.2756410e+06   4.5593262e+01
   6.2756850e+06   5.2062988e+01
   6.2757030e+06   4.8339844e+01
   6.2757290e+06   4.1931152e+01
   6.2757500e+06   5.0537109e+01
   6.2757820e+06   4.3151855e+01
   6.2758260e+06   4.4921875e+01
   6.2758820e+06   5.1879883e+01
   6.2759620e+06   6.2988281e+01
   6.2759730e+06   6.1523438e+01
   6.2760370e+06   4.4616699e+01
   6.2763550e+06   4.2602539e+01
   6.3755340e+06   5.7312012e+01
   6.3757800e+06   4.3701172e+01
   6.3773040e+06   1.0516357e+02
   6.3774280e+06   9.5397949e+01
   6.3774440e+06   4.4372559e+01
   6.3774910e+06   6.6833496e+01
   6.3775090e+06   7.9162598e+01
   6.3775200e+06   7.4707031e+01
   6.3775350e+06   4.3823242e+01
   6.3775490e+06   5.2612305e+01
   6.3776000e+06   5.5664063e+01
   6.3776380e+06   4.5288086e+01
   6.3776590e+06   4.6508789e+01
   6.3776930e+06   4.1870117e+01
   6.3777200e+06   4.5288086e+01
   6.3777520e+06   4.5715332e+01
   6.3777720e+06   4.6447754e+01
   6.3778130e+06   5.0354004e+01
   6.3778350e+06   4.2724609e+01
   6.3779200e+06   8.0932617e+01
   6.3786650e+06   4.2114258e+01
   6.4136010e+06   4.2053223e+01
   6.4651630e+06   4.6569824e+01
   6.4654250e+06   8.3496094e+01
   6.4663530e+06   4.4921875e+01
   6.4667360e+06   9.2590332e+01
   6.4667940e+06   4.9499512e+01
   6.4668340e+06   6.8420410e+01
   6.4668600e+06   9.6252441e+01
   6.4668760e+06   5.6701660e+01
   6.4669060e+06   5.5786133e+01
   6.4669270e+06   7.9711914e+01
   6.4669570e+06   5.4870605e+01
   6.4669720e+06   5.0964355e+01
   6.4669950e+06   4.7424316e+01
   6.4670230e+06   4.6508789e+01
   6.4670360e+06   5.7617188e+01
   6.4670590e+06   4.4860840e+01
   6.4671120e+06   4.6203613e+01
   6.4671590e+06   5.6701660e+01
   6.4672140e+06   4.7546387e+01
   6.4672470e+06   6.6711426e+01
   6.4689610e+06   4.3518066e+01
   6.5824760e+06   6.1157227e+01
   6.5827280e+06   5.5969238e+01
   6.5827580e+06   5.4565430e+01
   6.5838600e+06   9.0454102e+01
   6.5839750e+06   4.8400879e+01
   6.5839930e+06   1.0119629e+02
   6.5840030e+06   4.7729492e+01
   6.5840300e+06   7.6293945e+01
   6.5840580e+06   7.7392578e+01
   6.5840870e+06   4.8645020e+01
   6.5841120e+06   8.1787109e+01
   6.5841270e+06   6.2072754e+01
   6.5841630e+06   4.8950195e+01
   6.5841860e+06   6.7382813e+01
   6.5842070e+06   4.8400879e+01
   6.5842440e+06   4.9316406e+01
   6.5843010e+06   1.0089111e+02
   6.5843330e+06   4.4189453e+01
   6.5843480e+06   4.5104980e+01
   6.5843730e+06   5.6945801e+01
   6.5844190e+06   5.3649902e+01
   6.5845160e+06   5.2490234e+01
   6.6761210e+06   4.2297363e+01
   6.7117240e+06   6.2866211e+01
   6.7119930e+06   5.7617188e+01
   6.7121890e+06   8.8806152e+01
   6.7124780e+06   9.3688965e+01
   6.7126380e+06   7.7209473e+01
   6.7127220e+06   7.8796387e+01
   6.7127320e+06   5.5969238e+01
   6.7127780e+06   4.6752930e+01
   6.7128100e+06   7.9895020e+01
   6.7128220e+06   8.0078125e+01
   6.7128490e+06   4.6936035e+01
   6.7128620e+06   4.8889160e+01
   6.7129050e+06   6.1401367e+01
   6.7129240e+06   4.6325684e+01
   6.7129550e+06   5.5297852e+01
   6.7129850e+06   5.3405762e+01
   6.7129980e+06   5.5358887e+01
   6.7130310e+06   5.2124023e+01
   6.7130450e+06   6.5612793e+01
   6.7130930e+06   5.3771973e+01
   6.7131190e+06   4.5104980e+01
   6.7131640e+06   4.5166016e+01
   6.7139010e+06   4.3945313e+01
   6.8320410e+06   5.3405762e+01
   6.8323020e+06   5.1818848e+01
   6.8323260e+06   4.3457031e+01
   6.8326950e+06   9.3994141e+01
   6.8330360e+06   8.5327148e+01
   6.8330790e+06   7.6599121e+01
   6.8331100e+06   7.1044922e+01
   6.8331410e+06   6.4270020e+01
   6.8331540e+06   4.3640137e+01
   6.8331790e+06   6.7016602e+01
   6.8331920e+06   4.4189453e+01
   6.8332150e+06   4.5593262e+01
   6.8332360e+06   7.1289063e+01
   6.8332750e+06   5.4931641e+01
   6.8333040e+06   5.1513672e+01
   6.8333610e+06   5.2978516e+01
   6.8333830e+06   4.4311523e+01
   6.8334160e+06   9.5458984e+01
   6.8334280e+06   4.3395996e+01
   6.8334650e+06   5.8898926e+01
   6.8334820e+06   5.2246094e+01
   6.8335400e+06   5.3710938e+01
   6.8336090e+06   4.3945313e+01
   6.9867020e+06   4.4372559e+01
   6.9871900e+06   5.5786133e+01
   6.9873940e+06   4.4494629e+01
   6.9875680e+06   1.0321045e+02
   6.9878730e+06   8.2397461e+01
   6.9879360e+06   4.6142578e+01
   6.9880150e+06   5.4748535e+01
   6.9880660e+06   4.4738770e+01
   6.9880950e+06   6.0424805e+01
   6.9881260e+06   5.2978516e+01
   6.9881390e+06   1.0662842e+02
   6.9881720e+06   8.4594727e+01
   6.9882220e+06   4.7607422e+01
   6.9882470e+06   4.4555664e+01
   6.9882650e+06   5.3527832e+01
   6.9882800e+06   4.9621582e+01
   6.9883280e+06   5.1208496e+01
   6.9883950e+06   6.0302734e+01
   6.9884230e+06   4.2602539e+01
   6.9884720e+06   4.9743652e+01
   6.9885090e+06   4.1992188e+01
   6.9886390e+06   5.5053711e+01
   7.1244980e+06   4.4921875e+01
   7.1247090e+06   5.6030273e+01
   7.1248880e+06   8.0261230e+01
   7.1250910e+06   8.6730957e+01
   7.1251520e+06   4.5715332e+01
   7.1252430e+06   7.1899414e+01
   7.1253170e+06   4.7302246e+01
   7.1253280e+06   5.4382324e+01
   7.1253470e+06   1.4135742e+02
   7.1253790e+06   5.0292969e+01
   7.1254150e+06   4.9987793e+01
   7.1254290e+06   4.5349121e+01
   7.1254600e+06   4.7668457e+01
   7.1254860e+06   4.4616699e+01
   7.1255060e+06   5.1940918e+01
   7.1255440e+06   4.4006348e+01
   7.1255870e+06   8.7402344e+01
   7.1256230e+06   5.4504395e+01
   7.1256560e+06   5.1086426e+01
   7.2402410e+06   4.2053223e+01
   7.2402670e+06   5.2368164e+01
   7.2408030e+06   4.6325684e+01
   7.2408140e+06   4.2236328e+01
   7.2414520e+06   9.2041016e+01
   7.2416650e+06   8.6547852e+01
   7.2416950e+06   5.6884766e+01
   7.2417710e+06   4.4799805e+01
   7.2417900e+06   5.1818848e+01
   7.2418200e+06   4.7546387e+01
   7.2418340e+06   6.6955566e+01
   7.2418740e+06   6.2988281e+01
   7.2419020e+06   8.8562012e+01
   7.2419150e+06   7.8491211e+01
   7.2419470e+06   4.3090820e+01
   7.2419850e+06   6.1279297e+01
   7.2420160e+06   7.2021484e+01
   7.2420290e+06   5.1269531e+01
   7.2421210e+06   7.4951172e+01
   7.2428000e+06   4.5654297e+01
   7.2432190e+06   4.3884277e+01
   7.3422210e+06   4.6752930e+01
   7.3425630e+06   4.2785645e+01
   7.3919900e+06   4.2236328e+01
   7.4112200e+06   5.3649902e+01
   7.4112470e+06   4.6752930e+01
   7.4122360e+06   8.6181641e+01
   7.4122900e+06   4.8217773e+01
   7.4123260e+06   7.6904297e+01
   7.4123390e+06   6.0119629e+01
   7.4123750e+06   6.5307617e+01
   7.4123990e+06   6.7871094e+01
   7.4124090e+06   6.6833496e+01
   7.4124410e+06   5.1757813e+01
   7.4124840e+06   6.8054199e+01
   7.4125260e+06   5.6762695e+01
   7.4125640e+06   4.8950195e+01
   7.4125920e+06   9.6740723e+01
   7.4126720e+06   7.2387695e+01
   7.4126830e+06   5.4321289e+01
   7.4127120e+06   4.3762207e+01
   7.4127340e+06   4.8645020e+01
   7.4129390e+06   5.1269531e+01
   7.5903050e+06   4.5410156e+01
   7.5904400e+06   5.6396484e+01
   7.5921820e+06   9.8388672e+01
   7.5922030e+06   6.7443848e+01
   7.5922240e+06   8.2214355e+01
   7.5922570e+06   6.5368652e+01
   7.5922720e+06   6.9641113e+01
   7.5923020e+06   8.1542969e+01
   7.5923350e+06   4.8278809e+01
   7.5923690e+06   5.3039551e+01
   7.5924420e+06   4.8522949e+01
   7.5924720e+06   4.3823242e+01
   7.5924880e+06   5.5603027e+01
   7.5925440e+06   9.3566895e+01
   7.5925540e+06   5.0476074e+01
   7.5926050e+06   4.2907715e+01
   7.5928020e+06   4.7180176e+01
   7.7357540e+06   5.0048828e+01
   7.7358670e+06   5.4443359e+01
   7.7366110e+06   4.3518066e+01
   7.7366760e+06   1.0620117e+02
   7.7367510e+06   5.5480957e+01
   7.7367680e+06   8.8012695e+01
   7.7367960e+06   6.2927246e+01
   7.7368100e+06   5.2062988e+01
   7.7368430e+06   7.5927734e+01
   7.7368890e+06   5.8044434e+01
   7.7369340e+06   4.6508789e+01
   7.7369620e+06   5.0842285e+01
   7.7369950e+06   8.4350586e+01
   7.7370350e+06   5.3833008e+01
   7.7370500e+06   4.4372559e+01
   7.7370750e+06   7.9956055e+01
   7.7371340e+06   5.1635742e+01
   7.7377370e+06   4.4433594e+01
   7.8511330e+06   4.3945313e+01
   7.8513800e+06   4.2724609e+01
   7.8514010e+06   4.3029785e+01
   7.8516010e+06   8.4411621e+01
   7.8522670e+06   9.4360352e+01
   7.8523870e+06   6.4025879e+01
   7.8524040e+06   1.2573242e+02
   7.8524680e+06   5.5664063e+01
   7.8524800e+06   4.5349121e+01
   7.8524910e+06   6.5673828e+01
   7.8525370e+06   4.5349121e+01
   7.8525470e+06   5.0048828e+01
   7.8525850e+06   5.3894043e+01
   7.8526100e+06   4.2541504e+01
   7.8526410e+06   4.5288086e+01
   7.8526720e+06   6.5368652e+01
   7.8527030e+06   4.7180176e+01
   7.8527260e+06   4.8400879e+01
   7.8527940e+06   6.6162109e+01
   7.8528960e+06   4.6508789e+01
   7.8538520e+06   4.6813965e+01
   7.9425420e+06   4.1809082e+01
   7.9529970e+06   4.5349121e+01
   8.0204340e+06   5.2001953e+01
   8.0216560e+06   8.9477539e+01
   8.0218000e+06   4.5837402e+01
   8.0218130e+06   8.2153320e+01
   8.0218400e+06   4.8278809e+01
   8.0218730e+06   1.1364746e+02
   8.0218870e+06   6.9091797e+01
   8.0219330e+06   4.6569824e+01
   8.0219500e+06   5.8288574e+01
   8.0219690e+06   5.1696777e+01
   8.0219930e+06   6.0668945e+01
   8.0220360e+06   6.1340332e+01
   8.0220700e+06   4.3823242e+01
   8.0221910e+06   5.2368164e+01
   8.0222270e+06   5.0659180e+01
   8.0222920e+06   4.4494629e+01
   8.0223320e+06   4.4738770e+01
   8.0230120e+06   4.5349121e+01
   8.0232500e+06   4.8400879e+01
   8.0236750e+06   4.8950195e+01
   8.1790480e+06   5.7006836e+01
   8.1800960e+06   9.2590332e+01
   8.1801740e+06   6.2988281e+01
   8.1802210e+06   1.5301514e+02
   8.1802310e+06   9.6984863e+01
   8.1802910e+06   7.3913574e+01
   8.1803070e+06   9.3017578e+01
   8.1803510e+06   4.6813965e+01
   8.1803740e+06   5.7067871e+01
   8.1804130e+06   5.4626465e+01
   8.1804470e+06   4.5227051e+01
   8.1804770e+06   5.0048828e+01
   8.1805180e+06   4.2785645e+01
   8.1805360e+06   6.6467285e+01
   8.1806050e+06   6.0974121e+01
   8.1807090e+06   4.4616699e+01
   8.1807600e+06   4.2358398e+01
   8.2980410e+06   7.9772949e+01
   8.3103700e+06   5.6640625e+01
   8.3518680e+06   5.6945801e+01
   8.3615490e+06   6.3720703e+01
   8.3626850e+06   9.0515137e+01
   8.3627120e+06   1.2048340e+02
   8.3627320e+06   4.9804688e+01
   8.3627510e+06   5.1635742e+01
   8.3627620e+06   6.2011719e+01
   8.3627870e+06   7.6599121e+01
   8.3628580e+06   4.3823242e+01
   8.3628730e+06   4.8339844e+01
   8.3629030e+06   4.7729492e+01
   8.3629610e+06   1.0205078e+02
   8.3630280e+06   4.4616699e+01
   8.3630400e+06   6.0363770e+01
   8.3631100e+06   4.4250488e+01
   8.5016770e+06   4.1809082e+01
   8.5016990e+06   6.3720703e+01
   8.5022380e+06   5.7434082e+01
   8.5026340e+06   4.9621582e+01
   8.5037130e+06   8.6059570e+01
   8.5037340e+06   4.9865723e+01
   8.5037530e+06   5.6518555e+01
   8.5037890e+06   5.3710938e+01
   8.5038070e+06   6.3049316e+01
   8.5038510e+06   5.6823730e+01
   8.5038910e+06   6.4941406e+01
   8.5039090e+06   4.2541504e+01
   8.5039390e+06   6.8420410e+01
   8.5040260e+06   8.4228516e+01
   8.5040410e+06   4.8095703e+01
   8.5040920e+06   4.7607422e+01
   8.5041130e+06   5.1574707e+01
   8.5041660e+06   4.6386719e+01
   8.5042110e+06   4.7851563e+01
   8.5047280e+06   4.2480469e+01
   8.5220430e+06   4.4250488e+01
   8.6028590e+06   4.2358398e+01
   8.6618050e+06   4.5349121e+01
   8.6619670e+06   5.1330566e+01
   8.6620800e+06   4.5776367e+01
   8.6622170e+06   8.1176758e+01
   8.6623980e+06   8.1542969e+01
   8.6624250e+06   4.4250488e+01
   8.6624460e+06   5.4870605e+01
   8.6625420e+06   9.1186523e+01
   8.6626030e+06   5.9509277e+01
   8.6626210e+06   8.5754395e+01
   8.6626480e+06   4.6447754e+01
   8.6626730e+06   4.4677734e+01
   8.6627020e+06   6.2744141e+01
   8.6627490e+06   4.7302246e+01
   8.6628610e+06   4.2236328e+01
   8.6629030e+06   4.4433594e+01
   8.6629830e+06   5.5847168e+01
   8.8428020e+06   4.6142578e+01
   8.8443220e+06   8.7341309e+01
   8.8443370e+06   4.2236328e+01
   8.8443600e+06   6.3964844e+01
   8.8443720e+06   6.2622070e+01
   8.8443910e+06   4.7485352e+01
   8.8444120e+06   6.0424805e+01
   8.8444540e+06   4.1992188e+01
   8.8444920e+06   5.1818848e+01
   8.8445620e+06   4.3212891e+01
   8.8446660e+06   4.5043945e+01
   8.8446840e+06   6.8847656e+01
   8.8447320e+06   4.1931152e+01
   8.8456980e+06   4.3823242e+01
   8.8504340e+06   4.3395996e+01
   8.8505660e+06   4.2602539e+01
   8.9859650e+06   4.5288086e+01
   8.9860010e+06   5.2734375e+01
   8.9867200e+06   4.5959473e+01
   8.9870080e+06   4.9011230e+01
   8.9870590e+06   8.4594727e+01
   8.9871330e+06   9.1674805e+01
   8.9871630e+06   4.5776367e+01
   8.9871750e+06   7.2509766e+01
   8.9871920e+06   4.2358398e+01
   8.9872130e+06   6.4453125e+01
   8.9872470e+06   6.0791016e+01
   8.9872820e+06   4.5593262e+01
   8.9873070e+06   5.1330566e+01
   8.9873260e+06   4.7546387e+01
   8.9873830e+06   5.2734375e+01
   8.9874030e+06   4.3945313e+01
   8.9874960e+06   4.6020508e+01
   8.9875160e+06   4.4006348e+01
   8.9875460e+06   4.3090820e+01
   8.9875640e+06   4.6508789e+01
   8.9876100e+06   4.3151855e+01
   9.0868300e+06   4.8767090e+01
   9.1272710e+06   4.2846680e+01
   9.1630870e+06   7.8674316e+01
   9.1631030e+06   5.5664063e+01
   9.1631200e+06   9.9121094e+01
   9.1631520e+06   5.0659180e+01
   9.1631740e+06   7.1289063e+01
   9.1631880e+06   6.7321777e+01
   9.1632270e+06   4.1992188e+01
   9.1632600e+06   4.6020508e+01
   9.1632960e+06   4.2663574e+01
   9.1633550e+06   5.4077148e+01
   9.1634080e+06   5.5786133e+01
   9.1634320e+06   5.8654785e+01
   9.1634960e+06   4.8583984e+01
   9.1636190e+06   4.8339844e+01
   9.1637200e+06   4.3151855e+01
   9.1638600e+06   4.8828125e+01
   9.2866410e+06   5.5908203e+01
   9.2887340e+06   7.4584961e+01
   9.2888770e+06   1.2835693e+02
   9.2889080e+06   4.6936035e+01
   9.2889240e+06   4.7485352e+01
   9.2889640e+06   8.0078125e+01
   9.2889880e+06   5.7983398e+01
   9.2890020e+06   6.2072754e+01
   9.2890350e+06   5.3405762e+01
   9.2891000e+06   4.5166016e+01
   9.2891300e+06   4.1870117e+01
   9.2891440e+06   4.8706055e+01
   9.2891980e+06   4.4738770e+01
   9.2892560e+06   4.5654297e+01
   9.2893040e+06   5.0048828e+01
   9.2894730e+06   4.3029785e+01
   9.2899590e+06   4.4189453e+01
   9.4195930e+06   4.6936035e+01
   9.4202960e+06   4.2846680e+01
   9.4221170e+06   8.8806152e+01
   9.4221390e+06   4.9255371e+01
   9.4221590e+06   5.4504395e+01
   9.4221850e+06   4.2724609e+01
   9.4221960e+06   1.3854980e+02
   9.4222170e+06   4.6936035e+01
   9.4222620e+06   6.9763184e+01
   9.4223010e+06   5.7434082e+01
   9.4223140e+06   6.0668945e+01
   9.4223420e+06   4.5043945e+01
   9.4223560e+06   5.6152344e+01
   9.4223780e+06   6.5673828e+01
   9.4223880e+06   5.0964355e+01
   9.4224180e+06   4.6203613e+01
   9.4224450e+06   4.6142578e+01
   9.4225450e+06   5.0292969e+01
   9.4228050e+06   4.4738770e+01
   9.4230680e+06   4.7302246e+01
   9.6032420e+06   5.7922363e+01
   9.6035580e+06   4.1870117e+01
   9.6037750e+06   9.4787598e+01
   9.6042320e+06   8.9904785e+01
   9.6042610e+06   4.3579102e+01
   9.6043130e+06   1.1816406e+02
   9.6043280e+06   7.4829102e+01
   9.6043810e+06   5.3161621e+01
   9.6044080e+06   4.7973633e+01
   9.6044290e+06   4.8461914e+01
   9.6044880e+06   5.2185059e+01
   9.6045020e+06   4.8950195e+01
   9.6046470e+06   5.3833008e+01
   9.6047200e+06   6.4880371e+01
   9.8130300e+06   5.0903320e+01
   9.8546880e+06   8.1787109e+01
   9.8547800e+06   4.4921875e+01
   9.8548020e+06   8.2885742e+01
   9.8548140e+06   4.3457031e+01
   9.8548310e+06   8.3251953e+01
   9.8548600e+06   4.9926758e+01
   9.8548960e+06   4.3701172e+01
   9.8549220e+06   5.2490234e+01
   9.8549610e+06   4.3151855e+01
   9.8549860e+06   5.2429199e+01
   9.8550580e+06   1.0144043e+02
   9.8551210e+06   4.6081543e+01
   9.8551840e+06   7.0129395e+01
   9.8552230e+06   4.6630859e+01
   9.8552470e+06   4.3640137e+01
   9.8559130e+06   4.4494629e+01
   1.0041989e+07   4.9377441e+01
   1.0043573e+07   1.1199951e+02
   1.0043587e+07   8.7646484e+01
   1.0043603e+07   6.1584473e+01
   1.0043614e+07   6.2561035e+01
   1.0043632e+07   4.9987793e+01
   1.0043661e+07   8.1481934e+01
   1.0043694e+07   4.7790527e+01
   1.0043716e+07   5.5297852e+01
   1.0043752e+07   6.8664551e+01
   1.0043771e+07   5.3283691e+01
   1.0043860e+07   5.9082031e+01
   1.0043934e+07   5.8837891e+01
   1.0043964e+07   4.2419434e+01
   1.0044001e+07   5.1391602e+01
   1.0044047e+07   4.5715332e+01
   1.0044129e+07   4.5898438e+01
   1.0242778e+07   5.0170898e+01
   1.0242825e+07   5.2612305e+01
   1.0244466e+07   7.7514648e+01
   1.0244488e+07   9.2346191e+01
   1.0244533e+07   6.8115234e+01
   1.0244558e+07   6.7260742e+01
   1.0244580e+07   5.2978516e+01
   1.0244607e+07   4.5471191e+01
   1.0244636e+07   5.3833008e+01
   1.0244654e+07   4.1992188e+01
   1.0244672e+07   6.2988281e+01
   1.0244707e+07   4.4006348e+01
   1.0244769e+07   4.8583984e+01
   1.0244785e+07   6.4575195e+01
   1.0244814e+07   5.5236816e+01
   1.0244885e+07   5.8898926e+01
   1.0244974e+07   4.1870117e+01
   1.0245136e+07   4.8522949e+01
   1.0245578e+07   4.3090820e+01
   1.0245811e+07   4.7973633e+01
   1.0246003e+07   4.6264648e+01
   1.0429388e+07   4.8339844e+01
   1.0430918e+07   4.5227051e+01
   1.0430956e+07   1.0076904e+02
   1.0430969e+07   1.1120605e+02
   1.0431025e+07   5.4199219e+01
   1.0431039e+07   5.0964355e+01
   1.0431067e+07   5.7495117e+01
   1.0431082e+07   5.0537109e+01
   1.0431114e+07   6.0913086e+01
   1.0431175e+07   5.4382324e+01
   1.0431262e+07   6.5185547e+01
   1.0431277e+07   6.6406250e+01
   1.0431310e+07   4.1809082e+01
   1.0431324e+07   4.5104980e+01
   1.0431371e+07   4.4494629e+01
   1.0443773e+07   4.6142578e+01
   1.0569774e+07   4.9804688e+01
   1.0569912e+07   4.2907715e+01
   1.0570236e+07   9.0087891e+01
   1.0570292e+07   4.3762207e+01
   1.0570393e+07   7.6049805e+01
   1.0570425e+07   4.4616699e+01
   1.0570436e+07   4.1809082e+01
   1.0570456e+07   8.9538574e+01
   1.0570473e+07   5.1025391e+01
   1.0570507e+07   5.6274414e+01
   1.0570519e+07   5.8227539e+01
   1.0570556e+07   6.7199707e+01
   1.0570568e+07   4.9011230e+01
   1.0570596e+07   4.9682617e+01
   1.0570621e+07   9.4238281e+01
   1.0570702e+07   4.6752930e+01
   1.0570721e+07   4.3518066e+01
   1.0570744e+07   8.8012695e+01
   1.0570814e+07   5.2307129e+01
   1.0677029e+07   4.3884277e+01
   1.0677103e+07   4.4189453e+01
   1.0778505e+07   5.1147461e+01
   1.0831883e+07   6.4270020e+01
   1.0832607e+07   9.3078613e+01
   1.0832635e+07   7.6904297e+01
   1.0832656e+07   5.7006836e+01
   1.0832687e+07   7.4951172e+01
   1.0832707e+07   4.9377441e+01
   1.0832729e+07   5.1391602e+01
   1.0832740e+07   4.7546387e+01
   1.0832770e+07   4.8034668e+01
   1.0832810e+07   5.7922363e+01
   1.0832846e+07   5.0537109e+01
   1.0832887e+07   4.2236328e+01
   1.0832953e+07   9.8754883e+01
   1.0832986e+07   5.7678223e+01
   1.0833076e+07   5.3344727e+01
   1.0833098e+07   5.1147461e+01
   1.0833801e+07   4.1809082e+01
   1.1063364e+07   4.7729492e+01
   1.1063374e+07   6.9396973e+01
   1.1063398e+07   1.0107422e+02
   1.1063418e+07   4.8400879e+01
   1.1063444e+07   8.0505371e+01
   1.1063461e+07   7.2326660e+01
   1.1063474e+07   5.5053711e+01
   1.1063505e+07   4.6752930e+01
   1.1063525e+07   4.6081543e+01
   1.1063548e+07   6.4025879e+01
   1.1063570e+07   5.1208496e+01
   1.1063622e+07   4.2602539e+01
   1.1063637e+07   5.7983398e+01
   1.1063668e+07   9.7595215e+01
   1.1063683e+07   6.6223145e+01
   1.1063862e+07   4.6569824e+01
   1.1063909e+07   4.2785645e+01
   1.1064004e+07   4.9926758e+01
   1.1064481e+07   4.2114258e+01
   1.1223447e+07   9.0454102e+01
   1.1223462e+07   4.1931152e+01
   1.1223485e+07   8.8562012e+01
   1.1223498e+07   5.1452637e+01
   1.1223530e+07   6.8176270e+01
   1.1223561e+07   7.1044922e+01
   1.1223585e+07   4.3945313e+01
   1.1223606e+07   4.3395996e+01
   1.1223652e+07   5.9265137e+01
   1.1223677e+07   7.3791504e+01
   1.1223712e+07   5.3955078e+01
   1.1223727e+07   6.0974121e+01
   1.1223785e+07   5.7434082e+01
   1.1223798e+07   5.1208496e+01
   1.1223839e+07   5.4565430e+01
   1.1223889e+07   5.6762695e+01
   1.1223966e+07   4.4250488e+01
   1.1224068e+07   4.2602539e+01
   1.1224641e+07   4.2175293e+01
   1.1367342e+07   4.8522949e+01
   1.1368724e+07   4.5471191e+01
   1.1368768e+07   1.0040283e+02
   1.1368804e+07   4.8767090e+01
   1.1368827e+07   6.3476563e+01
   1.1368841e+07   5.4077148e+01
   1.1368860e+07   5.5297852e+01
   1.1368878e+07   4.8950195e+01
   1.1368903e+07   5.7250977e+01
   1.1368932e+07   4.3762207e+01
   1.1368969e+07   4.4982910e+01
   1.1368990e+07   5.4748535e+01
   1.1369009e+07   4.1870117e+01
   1.1369023e+07   6.1340332e+01
   1.1369083e+07   5.4687500e+01
   1.1369158e+07   8.0139160e+01
   1.1369213e+07   6.3598633e+01
   1.1369229e+07   5.2917480e+01
   1.1369247e+07   4.5166016e+01
   1.1369322e+07   4.4006348e+01
   1.1405855e+07   5.0720215e+01
   1.1573834e+07   4.9621582e+01
   1.1658833e+07   5.8288574e+01
   1.1659654e+07   8.6608887e+01
   1.1659742e+07   4.8156738e+01
   1.1659775e+07   8.8623047e+01
   1.1659793e+07   7.2509766e+01
   1.1659832e+07   4.2236328e+01
   1.1659873e+07   5.5419922e+01
   1.1659890e+07   4.5593262e+01
   1.1659900e+07   4.1748047e+01
   1.1659940e+07   4.2846680e+01
   1.1660006e+07   5.8349609e+01
   1.1660032e+07   8.3312988e+01
   1.1660102e+07   4.3579102e+01
   1.1660204e+07   4.3457031e+01
   1.1660225e+07   4.7119141e+01
   1.1661031e+07   4.2419434e+01
   1.1661193e+07   4.9682617e+01
   1.1693831e+07   4.3701172e+01
   1.1904993e+07   5.7189941e+01
   1.1907857e+07   8.4350586e+01
   1.1907869e+07   4.3640137e+01
   1.1907885e+07   1.0632324e+02
   1.1907918e+07   6.3720703e+01
   1.1907941e+07   5.4748535e+01
   1.1907955e+07   5.2062988e+01
   1.1908002e+07   4.4128418e+01
   1.1908043e+07   7.7026367e+01
   1.1908058e+07   5.1269531e+01
   1.1908092e+07   8.5937500e+01
   1.1908105e+07   4.3762207e+01
   1.1908167e+07   5.4138184e+01
   1.1908195e+07   7.1350098e+01
   1.1908216e+07   4.9926758e+01
   1.1908291e+07   6.4086914e+01
   1.1908647e+07   4.3579102e+01
   1.1910519e+07   4.6203613e+01
   1.1910884e+07   4.8156738e+01
   1.1973615e+07   4.5471191e+01
