   1.1996000e+07   0.0000000e+00
   1.9832000e+04   4.0832520e+01
   1.9879000e+04   4.3395996e+01
   1.9976000e+04   4.4494629e+01
   2.0002000e+04   8.4472656e+01
   2.0015000e+04   6.7565918e+01
   2.0053000e+04   3.9978027e+01
   2.0126000e+04   4.6203613e+01
   2.0143000e+04   5.1757813e+01
   2.0182000e+04   4.1320801e+01
   2.0223000e+04   4.6081543e+01
   2.0253000e+04   3.9611816e+01
   2.0291000e+04   5.6518555e+01
   2.0338000e+04   4.0039063e+01
   2.0366000e+04   4.4494629e+01
   2.1075000e+04   3.9978027e+01
   1.4732700e+05   4.0832520e+01
   1.4740600e+05   5.6823730e+01
   1.4743100e+05   4.5654297e+01
   1.4744500e+05   8.8867188e+01
   1.4748000e+05   4.1687012e+01
   1.4751700e+05   5.4077148e+01
   1.4753200e+05   4.9804688e+01
   1.4755200e+05   4.4738770e+01
   1.4757200e+05   4.1442871e+01
   1.4761100e+05   3.9978027e+01
   1.4763200e+05   4.7119141e+01
   1.4776400e+05   4.3579102e+01
   1.4781100e+05   4.1931152e+01
   1.5792800e+05   4.0161133e+01
   2.6807900e+05   4.9316406e+01
   2.6809900e+05   3.9672852e+01
   2.6812900e+05   4.4128418e+01
   2.6814900e+05   7.3852539e+01
   2.6816200e+05   6.6345215e+01
   2.6821900e+05   4.4616699e+01
   2.6823700e+05   4.3884277e+01
   2.6827300e+05   4.1381836e+01
   2.6828500e+05   5.0964355e+01
   2.6831900e+05   4.3579102e+01
   2.6835300e+05   3.9916992e+01
   2.6845400e+05   4.3395996e+01
   3.6750900e+05   4.4921875e+01
   3.6759800e+05   4.7180176e+01
   3.6764300e+05   6.2866211e+01
   3.6766500e+05   9.6862793e+01
   3.6768700e+05   4.3457031e+01
   3.6777800e+05   4.6264648e+01
   3.6780800e+05   4.6813965e+01
   3.6782400e+05   4.6447754e+01
   3.6784900e+05   4.1625977e+01
   3.6789300e+05   4.1259766e+01
   3.6792100e+05   4.0710449e+01
   3.6795300e+05   4.9255371e+01
   3.6889500e+05   3.9733887e+01
   4.4388600e+05   4.3029785e+01
   4.4391500e+05   8.6914063e+01
   4.4393000e+05   4.4372559e+01
   4.4395400e+05   6.5979004e+01
   4.4399200e+05   4.5104980e+01
   4.4403500e+05   6.2377930e+01
   4.4406300e+05   4.6264648e+01
   4.4410400e+05   4.8217773e+01
   4.4413400e+05   4.1992188e+01
   4.4420500e+05   4.3457031e+01
   4.4510900e+05   4.2236328e+01
   4.5655400e+05   4.1076660e+01
   5.9064100e+05   4.9438477e+01
   5.9067200e+05   6.8664551e+01
   5.9076400e+05   4.0283203e+01
   5.9079700e+05   5.4443359e+01
   5.9080900e+05   4.1381836e+01
   5.9084500e+05   4.2541504e+01
   5.9088200e+05   4.9011230e+01
   5.9094400e+05   3.9855957e+01
   6.8299700e+05   5.2917480e+01
   6.8306200e+05   4.5776367e+01
   6.8311100e+05   6.6040039e+01
   6.8312300e+05   5.2307129e+01
   6.8316000e+05   5.0537109e+01
   6.8319000e+05   7.1716309e+01
   6.8320000e+05   4.0222168e+01
   6.8324600e+05   5.7128906e+01
   6.8325800e+05   4.6264648e+01
   6.8330400e+05   4.4006348e+01
   6.8333200e+05   4.3518066e+01
   6.8336000e+05   4.1809082e+01
   6.8339600e+05   4.2419434e+01
   6.8341200e+05   4.2785645e+01
   6.9925900e+05   5.1574707e+01
   6.9936700e+05   4.9926758e+01
   6.9938700e+05   4.4006348e+01
   6.9941000e+05   5.2001953e+01
   6.9944000e+05   4.8950195e+01
   6.9947100e+05   4.0527344e+01
   6.9950500e+05   5.0231934e+01
   6.9953600e+05   4.6264648e+01
   6.9956800e+05   6.2988281e+01
   6.9959200e+05   4.4494629e+01
   6.9964300e+05   5.9204102e+01
   6.9966000e+05   4.6569824e+01
   6.9969400e+05   3.9672852e+01
   6.9977300e+05   4.5288086e+01
   6.9980800e+05   4.5959473e+01
   6.9991000e+05   4.5227051e+01
   8.1037200e+05   4.8522949e+01
   8.1038300e+05   4.8767090e+01
   8.1043400e+05   4.2541504e+01
   8.1046100e+05   4.0771484e+01
   8.1049300e+05   4.1259766e+01
   8.1052200e+05   5.5725098e+01
   8.1053700e+05   6.5307617e+01
   8.1055300e+05   5.3405762e+01
   8.1057500e+05   4.2907715e+01
   8.1073200e+05   4.2419434e+01
   8.1077400e+05   4.2053223e+01
   8.1082700e+05   4.2541504e+01
   8.3056600e+05   4.8156738e+01
   8.3058000e+05   5.2978516e+01
   8.3061000e+05   4.0100098e+01
   8.3062700e+05   4.1564941e+01
   8.3068800e+05   4.8645020e+01
   8.3071100e+05   4.6447754e+01
   8.3073200e+05   4.3457031e+01
   8.3075600e+05   3.9611816e+01
   8.3077800e+05   4.1320801e+01
   8.3080500e+05   4.2541504e+01
   8.3090200e+05   4.1259766e+01
   8.3097000e+05   3.9733887e+01
   8.3112000e+05   3.9611816e+01
   8.4761900e+05   7.5744629e+01
   8.4765500e+05   4.8889160e+01
   8.4768800e+05   4.0100098e+01
   8.4777500e+05   5.6518555e+01
   8.4779400e+05   4.2663574e+01
   8.4783600e+05   4.0588379e+01
   8.4789700e+05   4.9560547e+01
   8.4796800e+05   4.0588379e+01
   8.6354900e+05   5.1269531e+01
   8.6365500e+05   4.9865723e+01
   8.6369900e+05   4.9072266e+01
   8.6372100e+05   4.1992188e+01
   8.6373500e+05   4.2602539e+01
   8.6380200e+05   4.0466309e+01
   8.6384200e+05   5.4504395e+01
   8.6388500e+05   4.5837402e+01
   8.6396400e+05   4.1748047e+01
   8.6405900e+05   4.2114258e+01
   8.6426800e+05   4.3029785e+01
   9.8669800e+05   5.2795410e+01
   9.8670900e+05   4.6447754e+01
   9.8674300e+05   7.4157715e+01
   9.8676800e+05   4.2724609e+01
   9.8685600e+05   4.5593262e+01
   9.8692000e+05   4.6203613e+01
   9.8694900e+05   4.7668457e+01
   9.8696100e+05   4.3151855e+01
   9.8704400e+05   4.7546387e+01
   1.1677430e+06   3.9672852e+01
   1.1678510e+06   3.9978027e+01
   1.1679450e+06   4.7485352e+01
   1.1679660e+06   6.2438965e+01
   1.1680160e+06   3.9794922e+01
   1.1680360e+06   4.1809082e+01
   1.1680690e+06   6.0058594e+01
   1.1680860e+06   4.4311523e+01
   1.1681160e+06   4.4250488e+01
   1.1681670e+06   4.4860840e+01
   1.1682190e+06   4.9621582e+01
   1.3386410e+06   6.4025879e+01
   1.3386520e+06   3.9978027e+01
   1.3386810e+06   4.3273926e+01
   1.3387040e+06   5.7006836e+01
   1.3387240e+06   4.6142578e+01
   1.3387450e+06   4.6020508e+01
   1.3387640e+06   4.3762207e+01
   1.3388610e+06   4.1381836e+01
   1.3388840e+06   4.1687012e+01
   1.3389160e+06   4.2968750e+01
   1.3389870e+06   4.0283203e+01
   1.4673450e+06   4.9987793e+01
   1.4673720e+06   4.9377441e+01
   1.4674010e+06   6.3232422e+01
   1.4674110e+06   6.6711426e+01
   1.4674220e+06   6.0668945e+01
   1.4674460e+06   4.4921875e+01
   1.4674640e+06   5.9814453e+01
   1.4674840e+06   4.4921875e+01
   1.4675330e+06   4.4921875e+01
   1.4675650e+06   4.8950195e+01
   1.4675780e+06   3.9733887e+01
   1.4676570e+06   4.5898438e+01
   1.4677740e+06   4.2358398e+01
   1.6126660e+06   4.0771484e+01
   1.6126800e+06   7.6538086e+01
   1.6127050e+06   7.8674316e+01
   1.6127420e+06   4.1198730e+01
   1.6127880e+06   5.7067871e+01
   1.6128060e+06   4.0344238e+01
   1.6128860e+06   5.1208496e+01
   1.6129210e+06   4.2602539e+01
   1.6129650e+06   5.0048828e+01
   1.6130630e+06   4.4006348e+01
   1.6131160e+06   4.0588379e+01
   1.7417990e+06   4.4494629e+01
   1.7418100e+06   5.5541992e+01
   1.7418400e+06   5.2551270e+01
   1.7418670e+06   5.8898926e+01
   1.7419010e+06   4.1748047e+01
   1.7419140e+06   4.1076660e+01
   1.7419280e+06   6.4025879e+01
   1.7419990e+06   5.6579590e+01
   1.7420460e+06   4.0649414e+01
   1.7420890e+06   4.3029785e+01
   1.7421380e+06   4.4250488e+01
   1.7422000e+06   4.2358398e+01
   1.7422510e+06   4.4067383e+01
   1.7422980e+06   3.9672852e+01
   1.8820390e+06   4.0771484e+01
   1.8820620e+06   6.3476563e+01
   1.8820920e+06   5.7556152e+01
   1.8821020e+06   3.9794922e+01
   1.8821240e+06   4.3273926e+01
   1.8821560e+06   4.2968750e+01
   1.8822000e+06   4.1137695e+01
   1.8822370e+06   4.0832520e+01
   1.8823710e+06   4.2297363e+01
   1.8824010e+06   4.3395996e+01
   1.8825360e+06   4.5593262e+01
   1.8933230e+06   3.9855957e+01
   1.8974830e+06   4.5288086e+01
   1.8975020e+06   6.3598633e+01
   1.8975460e+06   4.5227051e+01
   1.8975650e+06   7.7087402e+01
   1.8975850e+06   5.9020996e+01
   1.8976190e+06   4.7180176e+01
   1.8976960e+06   4.5471191e+01
   1.8979440e+06   5.0170898e+01
   2.0716820e+06   4.2785645e+01
   2.0717220e+06   4.3273926e+01
   2.0717780e+06   8.5754395e+01
   2.0717890e+06   6.2866211e+01
   2.0718180e+06   4.7851563e+01
   2.0718390e+06   4.9133301e+01
   2.0718670e+06   6.6650391e+01
   2.0719040e+06   7.0800781e+01
   2.0719730e+06   5.2917480e+01
   2.0719970e+06   3.9672852e+01
   2.0720780e+06   4.1870117e+01
   2.0721090e+06   4.4616699e+01
   2.0721610e+06   4.1320801e+01
   2.0839100e+06   4.0344238e+01
   2.2732740e+06   5.1696777e+01
   2.2732880e+06   4.6325684e+01
   2.2733100e+06   8.4411621e+01
   2.2733320e+06   7.7758789e+01
   2.2733700e+06   5.6274414e+01
   2.2734810e+06   4.0222168e+01
   2.2735070e+06   4.4067383e+01
   2.2735300e+06   4.4921875e+01
   2.2735700e+06   4.2358398e+01
   2.2858090e+06   3.9794922e+01
   2.3757900e+06   4.6752930e+01
   2.3758250e+06   4.1564941e+01
   2.3758470e+06   5.4321289e+01
   2.3758690e+06   4.1748047e+01
   2.3758920e+06   4.2236328e+01
   2.3759360e+06   6.5612793e+01
   2.3759740e+06   5.1208496e+01
   2.3759930e+06   5.3466797e+01
   2.3760120e+06   4.0161133e+01
   2.3760770e+06   4.0649414e+01
   2.4834610e+06   5.7800293e+01
   2.4835590e+06   4.3334961e+01
   2.4836360e+06   3.9916992e+01
   2.5904860e+06   5.3527832e+01
   2.5905010e+06   4.8583984e+01
   2.5905250e+06   4.7790527e+01
   2.5905850e+06   4.4982910e+01
   2.5906130e+06   4.6142578e+01
   2.5906400e+06   3.9794922e+01
   2.5906680e+06   4.4250488e+01
   2.5907170e+06   5.1940918e+01
   2.5907830e+06   4.1809082e+01
   2.6005700e+06   4.0527344e+01
   2.6506380e+06   4.4982910e+01
   2.6506700e+06   4.3457031e+01
   2.6506960e+06   5.0415039e+01
   2.6507200e+06   5.4138184e+01
   2.6507520e+06   4.0649414e+01
   2.6507690e+06   4.4433594e+01
   2.6508170e+06   4.0649414e+01
   2.6508480e+06   4.7546387e+01
   2.6508680e+06   4.3212891e+01
   2.6508900e+06   4.4006348e+01
   2.6509320e+06   4.2541504e+01
   2.6509560e+06   4.3151855e+01
   2.6511680e+06   4.3762207e+01
   2.6512880e+06   4.1564941e+01
   2.7291370e+06   4.6020508e+01
   2.7292130e+06   6.7687988e+01
   2.7292400e+06   4.3151855e+01
   2.7292610e+06   4.0283203e+01
   2.7292990e+06   5.2001953e+01
   2.7293390e+06   5.5480957e+01
   2.7293830e+06   6.2194824e+01
   2.7294220e+06   4.6875000e+01
   2.7294540e+06   3.9672852e+01
   2.7295000e+06   4.4799805e+01
   2.7295660e+06   3.9794922e+01
   2.8836880e+06   5.6579590e+01
   2.8837060e+06   6.3537598e+01
   2.8837510e+06   6.5673828e+01
   2.8837630e+06   6.5124512e+01
   2.8838260e+06   4.4555664e+01
   2.8838720e+06   4.7668457e+01
   2.8839130e+06   5.0109863e+01
   2.8839540e+06   5.2490234e+01
   2.8840520e+06   4.2175293e+01
   3.0637310e+06   6.9641113e+01
   3.0637610e+06   8.4533691e+01
   3.0637860e+06   5.0109863e+01
   3.0638320e+06   5.0476074e+01
   3.0638490e+06   4.4555664e+01
   3.0638740e+06   4.8461914e+01
   3.0639020e+06   4.3029785e+01
   3.0639140e+06   4.4860840e+01
   3.0639710e+06   4.3945313e+01
   3.0640760e+06   4.0283203e+01
   3.0801620e+06   4.0954590e+01
   3.2233570e+06   4.0710449e+01
   3.2233960e+06   3.9550781e+01
   3.2234270e+06   6.2805176e+01
   3.2234480e+06   4.8095703e+01
   3.2234590e+06   8.2580566e+01
   3.2234990e+06   4.9621582e+01
   3.2235380e+06   4.5227051e+01
   3.2237090e+06   4.4555664e+01
   3.2237770e+06   4.5227051e+01
   3.3461030e+06   4.4677734e+01
   3.3461410e+06   6.9702148e+01
   3.3461770e+06   7.0068359e+01
   3.3461940e+06   4.0283203e+01
   3.3462420e+06   5.4931641e+01
   3.3462880e+06   4.0161133e+01
   3.3463540e+06   4.7912598e+01
   3.3463760e+06   5.0537109e+01
   3.4635770e+06   5.2490234e+01
   3.4636510e+06   6.4636230e+01
   3.4636670e+06   7.9528809e+01
   3.4637020e+06   5.8471680e+01
   3.4637350e+06   5.1025391e+01
   3.4637690e+06   5.8715820e+01
   3.4637980e+06   5.2124023e+01
   3.4638240e+06   5.6213379e+01
   3.4639340e+06   4.9255371e+01
   3.5822170e+06   4.5166016e+01
   3.5822350e+06   6.2927246e+01
   3.5822600e+06   6.5917969e+01
   3.5822750e+06   6.4086914e+01
   3.5823200e+06   4.5776367e+01
   3.5823540e+06   4.2297363e+01
   3.5823780e+06   4.7485352e+01
   3.5824400e+06   4.8706055e+01
   3.5824800e+06   4.8339844e+01
   3.5825590e+06   4.9560547e+01
   3.5826940e+06   4.0283203e+01
   3.7209510e+06   4.6142578e+01
   3.7209750e+06   4.4067383e+01
   3.7210080e+06   5.7067871e+01
   3.7211340e+06   4.9072266e+01
   3.7212120e+06   4.0954590e+01
   3.7213520e+06   4.1442871e+01
   3.8308630e+06   4.2541504e+01
   3.8309390e+06   4.1870117e+01
   3.8309610e+06   8.0505371e+01
   3.8309860e+06   4.0344238e+01
   3.8310050e+06   4.6142578e+01
   3.8310220e+06   4.2358398e+01
   3.8310750e+06   4.8339844e+01
   3.8311150e+06   5.1757813e+01
   3.8311370e+06   4.5349121e+01
   3.8311750e+06   4.4128418e+01
   3.8312060e+06   4.6997070e+01
   3.8312380e+06   4.3518066e+01
   3.8312720e+06   4.7485352e+01
   3.9397820e+06   5.7983398e+01
   3.9397960e+06   7.6538086e+01
   3.9398270e+06   4.7912598e+01
   3.9398480e+06   4.5654297e+01
   3.9398930e+06   4.0222168e+01
   3.9399050e+06   4.3273926e+01
   3.9399410e+06   4.0527344e+01
   3.9399850e+06   4.2846680e+01
   3.9400420e+06   4.3151855e+01
   4.0320800e+06   4.1381836e+01
   4.0321560e+06   4.2602539e+01
   4.0321790e+06   7.2021484e+01
   4.0322010e+06   5.5603027e+01
   4.0322240e+06   4.6020508e+01
   4.0322370e+06   5.5603027e+01
   4.0322650e+06   4.6936035e+01
   4.0322780e+06   5.7861328e+01
   4.0323210e+06   3.9855957e+01
   4.0323440e+06   4.9926758e+01
   4.0324500e+06   4.1687012e+01
   4.0324980e+06   3.9672852e+01
   4.1481930e+06   4.0222168e+01
   4.1482360e+06   5.8715820e+01
   4.1482540e+06   6.7138672e+01
   4.1482820e+06   6.9702148e+01
   4.1483110e+06   5.9020996e+01
   4.1483410e+06   6.3903809e+01
   4.1483520e+06   4.5104980e+01
   4.1483680e+06   4.6081543e+01
   4.1484290e+06   4.9194336e+01
   4.1484670e+06   3.9916992e+01
   4.1485700e+06   5.0170898e+01
   4.2582500e+06   4.6936035e+01
   4.2582880e+06   5.3100586e+01
   4.2583100e+06   8.1237793e+01
   4.2583400e+06   4.5166016e+01
   4.2584030e+06   4.4250488e+01
   4.2584480e+06   4.6875000e+01
   4.2585440e+06   4.3762207e+01
   4.2586080e+06   4.7424316e+01
   4.2586400e+06   4.1503906e+01
   4.3617220e+06   3.9733887e+01
   4.3617330e+06   4.4738770e+01
   4.3617690e+06   6.6711426e+01
   4.3618310e+06   4.4860840e+01
   4.3619030e+06   5.3161621e+01
   4.3619320e+06   3.9672852e+01
   4.3619570e+06   4.0649414e+01
   4.3737640e+06   4.0344238e+01
   4.4383600e+06   6.6223145e+01
   4.4383860e+06   4.3945313e+01
   4.4384010e+06   5.1513672e+01
   4.4384940e+06   6.7687988e+01
   4.4385130e+06   4.0893555e+01
   4.4386320e+06   3.9916992e+01
   4.4386530e+06   4.6752930e+01
   4.4386850e+06   4.6997070e+01
   4.5279320e+06   4.4738770e+01
   4.5279690e+06   4.0161133e+01
   4.5279790e+06   4.5715332e+01
   4.5280190e+06   4.1198730e+01
   4.5280290e+06   6.4208984e+01
   4.5280450e+06   5.4992676e+01
   4.5281220e+06   4.2114258e+01
   4.5281440e+06   4.1320801e+01
   4.5281710e+06   4.4372559e+01
   4.5282660e+06   4.7424316e+01
   4.5283020e+06   4.6020508e+01
   4.5422460e+06   4.1503906e+01
   4.6025770e+06   3.9855957e+01
   4.6026230e+06   6.9885254e+01
   4.6026390e+06   4.5166016e+01
   4.6026610e+06   4.4799805e+01
   4.6027060e+06   4.7241211e+01
   4.6027260e+06   4.1870117e+01
   4.6027840e+06   5.1330566e+01
   4.6028140e+06   4.6569824e+01
   4.6028400e+06   4.8583984e+01
   4.6029240e+06   4.1381836e+01
   4.6029990e+06   4.3518066e+01
   4.7338880e+06   4.3518066e+01
   4.7339180e+06   4.3518066e+01
   4.7339310e+06   4.8095703e+01
   4.7339680e+06   6.5490723e+01
   4.7339850e+06   4.1870117e+01
   4.7340240e+06   4.9926758e+01
   4.7340570e+06   4.6997070e+01
   4.7340860e+06   5.3100586e+01
   4.7340990e+06   5.7983398e+01
   4.7341330e+06   4.3823242e+01
   4.7894160e+06   5.7617188e+01
   4.7894510e+06   5.7312012e+01
   4.7894640e+06   6.3110352e+01
   4.7895070e+06   5.7678223e+01
   4.7895460e+06   4.4616699e+01
   4.7895980e+06   4.8217773e+01
   4.7896290e+06   4.1259766e+01
   4.7897160e+06   4.3640137e+01
   4.7897330e+06   4.0588379e+01
   4.7898370e+06   4.8034668e+01
   4.7899000e+06   4.0649414e+01
   4.9125770e+06   4.6386719e+01
   4.9126850e+06   6.1096191e+01
   4.9127280e+06   6.2500000e+01
   4.9127410e+06   5.2185059e+01
   4.9128230e+06   4.3518066e+01
   4.9128420e+06   4.7485352e+01
   4.9128750e+06   4.6752930e+01
   5.0471140e+06   4.5043945e+01
   5.0471930e+06   5.0598145e+01
   5.0472070e+06   5.6335449e+01
   5.0472230e+06   5.2978516e+01
   5.0472380e+06   4.0527344e+01
   5.0472870e+06   3.9550781e+01
   5.0473010e+06   4.4677734e+01
   5.0473650e+06   4.1320801e+01
   5.0474310e+06   4.6081543e+01
   5.0475130e+06   4.1687012e+01
   5.0476020e+06   4.2541504e+01
   5.1974680e+06   4.5043945e+01
   5.1974890e+06   5.8776855e+01
   5.1975150e+06   6.9824219e+01
   5.1975810e+06   5.2246094e+01
   5.1976150e+06   4.0832520e+01
   5.1976310e+06   4.3884277e+01
   5.1976660e+06   4.2968750e+01
   5.1978390e+06   4.8034668e+01
   5.3162900e+06   4.1137695e+01
   5.3163160e+06   6.7016602e+01
   5.3163490e+06   7.3242188e+01
   5.3163590e+06   4.3823242e+01
   5.3164230e+06   4.2724609e+01
   5.3164650e+06   4.4799805e+01
   5.3165190e+06   4.4494629e+01
   5.3165410e+06   4.6752930e+01
   5.3165730e+06   5.3894043e+01
   5.3166070e+06   4.7668457e+01
   5.3166360e+06   4.0771484e+01
   5.3167100e+06   4.3945313e+01
   5.4319190e+06   3.9672852e+01
   5.4319570e+06   4.5349121e+01
   5.4319710e+06   5.4260254e+01
   5.4320040e+06   4.9560547e+01
   5.4320330e+06   4.6264648e+01
   5.4320810e+06   4.0039063e+01
   5.4320950e+06   4.3334961e+01
   5.4321270e+06   5.7556152e+01
   5.4321730e+06   4.3212891e+01
   5.4322060e+06   4.0527344e+01
   5.5394170e+06   4.0161133e+01
   5.5397320e+06   4.0954590e+01
   5.5397690e+06   7.1655273e+01
   5.5398060e+06   7.0739746e+01
   5.5398850e+06   4.8156738e+01
   5.5399150e+06   5.1696777e+01
   5.5399640e+06   5.0842285e+01
   5.7033650e+06   4.0161133e+01
   5.7033800e+06   4.3273926e+01
   5.7034230e+06   5.2490234e+01
   5.7034340e+06   5.6762695e+01
   5.7034560e+06   6.8359375e+01
   5.7035920e+06   4.3579102e+01
   5.7036260e+06   4.1748047e+01
   5.7036680e+06   4.2663574e+01
   5.8063640e+06   4.1015625e+01
   5.8064020e+06   5.9631348e+01
   5.8064360e+06   4.0466309e+01
   5.8064690e+06   6.1889648e+01
   5.8064820e+06   4.2419434e+01
   5.8065540e+06   4.0710449e+01
   5.8065810e+06   5.7434082e+01
   5.8066070e+06   4.0222168e+01
   5.8067370e+06   4.6875000e+01
   5.8067710e+06   5.0354004e+01
   5.8070090e+06   4.0405273e+01
   5.8980910e+06   4.0588379e+01
   5.8981130e+06   5.5786133e+01
   5.8981260e+06   4.4921875e+01
   5.8981600e+06   4.5898438e+01
   5.8982030e+06   4.6203613e+01
   5.8982240e+06   4.1748047e+01
   5.8982530e+06   4.3151855e+01
   5.8982720e+06   4.9987793e+01
   5.8983030e+06   4.6508789e+01
   5.8984610e+06   3.9978027e+01
   6.0050600e+06   4.3457031e+01
   6.0050870e+06   6.5795898e+01
   6.0051180e+06   6.6101074e+01
   6.0051300e+06   4.1625977e+01
   6.0051680e+06   4.5654297e+01
   6.0052090e+06   4.1137695e+01
   6.0052870e+06   4.2785645e+01
   6.0053030e+06   4.3884277e+01
   6.0053510e+06   4.6264648e+01
   6.1234430e+06   4.8156738e+01
   6.1234560e+06   7.2509766e+01
   6.1234920e+06   5.4748535e+01
   6.1235140e+06   5.3894043e+01
   6.1235580e+06   3.9855957e+01
   6.1235860e+06   4.0832520e+01
   6.1236020e+06   4.4250488e+01
   6.1236420e+06   4.3884277e+01
   6.1237160e+06   4.0832520e+01
   6.1237280e+06   4.8583984e+01
   6.1237690e+06   4.1015625e+01
   6.2755270e+06   4.0649414e+01
   6.2755560e+06   6.1706543e+01
   6.2755840e+06   4.7424316e+01
   6.2756750e+06   4.7729492e+01
   6.2757150e+06   4.0527344e+01
   6.2758530e+06   4.5898438e+01
   6.2758980e+06   4.1931152e+01
   6.3773170e+06   4.4555664e+01
   6.3773720e+06   4.9804688e+01
   6.3774110e+06   5.2734375e+01
   6.3774300e+06   6.6528320e+01
   6.3774410e+06   4.6203613e+01
   6.3774800e+06   4.6508789e+01
   6.3775100e+06   4.1992188e+01
   6.3775220e+06   4.4860840e+01
   6.3775830e+06   4.2419434e+01
   6.3776190e+06   4.0710449e+01
   6.3776500e+06   4.2114258e+01
   6.3777180e+06   3.9978027e+01
   6.4667080e+06   4.3334961e+01
   6.4667460e+06   4.4128418e+01
   6.4668040e+06   4.8706055e+01
   6.4668180e+06   5.7373047e+01
   6.4668620e+06   4.1503906e+01
   6.4669030e+06   4.8767090e+01
   6.4669420e+06   3.9672852e+01
   6.4669690e+06   4.3518066e+01
   6.5839340e+06   8.4472656e+01
   6.5839610e+06   7.1838379e+01
   6.5839850e+06   4.6569824e+01
   6.5840310e+06   4.2907715e+01
   6.5840730e+06   4.4311523e+01
   6.5841040e+06   4.2907715e+01
   6.5841410e+06   4.3701172e+01
   6.7125700e+06   4.1564941e+01
   6.7126450e+06   7.6110840e+01
   6.7126650e+06   7.3486328e+01
   6.7126800e+06   4.6630859e+01
   6.7126970e+06   5.5419922e+01
   6.7127240e+06   4.9316406e+01
   6.7127740e+06   4.2602539e+01
   6.7128170e+06   4.0527344e+01
   6.7128640e+06   4.0344238e+01
   6.7128950e+06   4.0100098e+01
   6.7129320e+06   4.5593262e+01
   6.7129550e+06   4.0466309e+01
   6.8329930e+06   4.8278809e+01
   6.8330200e+06   5.8288574e+01
   6.8330750e+06   4.1625977e+01
   6.8331180e+06   4.5471191e+01
   6.8331580e+06   4.4616699e+01
   6.8332150e+06   4.0710449e+01
   6.8332760e+06   3.9611816e+01
   6.8333160e+06   4.8645020e+01
   6.9879800e+06   4.1320801e+01
   6.9880590e+06   7.5256348e+01
   6.9880770e+06   4.6081543e+01
   6.9881150e+06   6.3232422e+01
   6.9881430e+06   4.2724609e+01
   6.9881890e+06   5.5114746e+01
   6.9882220e+06   4.7241211e+01
   6.9882500e+06   5.8532715e+01
   6.9883720e+06   4.3029785e+01
   7.1252800e+06   5.5053711e+01
   7.1253130e+06   4.6447754e+01
   7.1253320e+06   4.1320801e+01
   7.1253610e+06   5.4931641e+01
   7.1253790e+06   4.5715332e+01
   7.1254410e+06   4.4738770e+01
   7.1254690e+06   5.4016113e+01
   7.1255020e+06   4.6875000e+01
   7.2417150e+06   4.1564941e+01
   7.2417420e+06   7.3486328e+01
   7.2418030e+06   4.2053223e+01
   7.2418280e+06   4.4433594e+01
   7.2418390e+06   4.6142578e+01
   7.2418750e+06   6.8725586e+01
   7.2419070e+06   4.0222168e+01
   7.2419290e+06   4.2114258e+01
   7.2419500e+06   4.1320801e+01
   7.2419770e+06   4.7973633e+01
   7.4121760e+06   4.5776367e+01
   7.4122380e+06   5.5664063e+01
   7.4122500e+06   6.0241699e+01
   7.4122690e+06   3.9978027e+01
   7.4123240e+06   4.7302246e+01
   7.4123720e+06   6.2927246e+01
   7.4124420e+06   4.9316406e+01
   7.4124800e+06   4.1625977e+01
   7.4125090e+06   4.2114258e+01
   7.4125970e+06   5.3466797e+01
   7.5920760e+06   4.1259766e+01
   7.5921230e+06   5.1635742e+01
   7.5921580e+06   4.0222168e+01
   7.5921770e+06   6.4636230e+01
   7.5921970e+06   4.7485352e+01
   7.5922310e+06   4.0222168e+01
   7.5922780e+06   4.2724609e+01
   7.5923440e+06   4.3395996e+01
   7.5924560e+06   4.0771484e+01
   7.5925510e+06   4.1442871e+01
   7.7366320e+06   3.9855957e+01
   7.7366750e+06   4.2907715e+01
   7.7366860e+06   7.3364258e+01
   7.7367080e+06   8.4960938e+01
   7.7367680e+06   4.6508789e+01
   7.7367930e+06   4.4982910e+01
   7.7368190e+06   4.6630859e+01
   7.7473990e+06   4.2846680e+01
   7.8523050e+06   4.3029785e+01
   7.8523210e+06   4.2968750e+01
   7.8523380e+06   4.0710449e+01
   7.8523700e+06   4.8828125e+01
   7.8524140e+06   4.7485352e+01
   7.8524370e+06   6.2133789e+01
   7.8524750e+06   4.2053223e+01
   7.8526850e+06   4.5288086e+01
   8.0217580e+06   3.9794922e+01
   8.0218020e+06   7.5378418e+01
   8.0218180e+06   6.5673828e+01
   8.0218320e+06   4.1564941e+01
   8.0218940e+06   4.6691895e+01
   8.0219290e+06   4.0344238e+01
   8.0219660e+06   4.1748047e+01
   8.0219950e+06   4.8767090e+01
   8.0220420e+06   4.3273926e+01
   8.1801330e+06   7.4157715e+01
   8.1801610e+06   4.4372559e+01
   8.1801790e+06   5.0109863e+01
   8.1802050e+06   4.2175293e+01
   8.1802380e+06   5.0109863e+01
   8.1802920e+06   4.0893555e+01
   8.1803260e+06   4.3579102e+01
   8.1803650e+06   4.6020508e+01
   8.1804390e+06   4.0466309e+01
   8.1804750e+06   4.3640137e+01
   8.3625930e+06   4.1564941e+01
   8.3626470e+06   7.8247070e+01
   8.3626860e+06   6.5429688e+01
   8.3627170e+06   5.6640625e+01
   8.3627380e+06   4.3273926e+01
   8.3629110e+06   4.8278809e+01
   8.3629900e+06   4.3579102e+01
   8.5035980e+06   4.3701172e+01
   8.5036290e+06   4.5776367e+01
   8.5036520e+06   4.7058105e+01
   8.5036820e+06   6.2377930e+01
   8.5037030e+06   4.2358398e+01
   8.5037230e+06   4.8767090e+01
   8.5037630e+06   4.0588379e+01
   8.5037870e+06   5.2001953e+01
   8.5038110e+06   4.0832520e+01
   8.5038420e+06   4.2968750e+01
   8.5039380e+06   4.3579102e+01
   8.5039910e+06   4.2907715e+01
   8.5040080e+06   4.1259766e+01
   8.5153150e+06   3.9794922e+01
   8.6625170e+06   5.5114746e+01
   8.6625380e+06   5.9814453e+01
   8.6625750e+06   7.3669434e+01
   8.6626030e+06   4.8278809e+01
   8.6626460e+06   4.2297363e+01
   8.6626590e+06   4.3395996e+01
   8.6626900e+06   5.1635742e+01
   8.6627050e+06   5.0170898e+01
   8.6627250e+06   4.1442871e+01
   8.6627680e+06   4.2114258e+01
   8.6628460e+06   4.0283203e+01
   8.8442220e+06   4.1259766e+01
   8.8442360e+06   6.5673828e+01
   8.8442610e+06   4.7912598e+01
   8.8442910e+06   7.7514648e+01
   8.8443150e+06   4.9804688e+01
   8.8443550e+06   4.1992188e+01
   8.8443790e+06   4.0771484e+01
   8.8444480e+06   4.4860840e+01
   8.8444770e+06   4.2602539e+01
   8.8444950e+06   4.0283203e+01
   8.8445080e+06   4.1137695e+01
   8.8445420e+06   3.9978027e+01
   8.8446070e+06   4.0222168e+01
   8.9870520e+06   4.3579102e+01
   8.9870920e+06   7.9589844e+01
   8.9871070e+06   4.1015625e+01
   8.9871250e+06   4.3457031e+01
   8.9871550e+06   3.9733887e+01
   8.9871980e+06   4.4677734e+01
   8.9872450e+06   4.4616699e+01
   8.9872850e+06   4.6325684e+01
   8.9874780e+06   4.6142578e+01
   9.1629820e+06   5.0354004e+01
   9.1630010e+06   4.7180176e+01
   9.1630170e+06   5.4443359e+01
   9.1630780e+06   4.1687012e+01
   9.1630990e+06   4.5593262e+01
   9.1631900e+06   4.0466309e+01
   9.1632560e+06   5.2612305e+01
   9.1632850e+06   5.0109863e+01
   9.1634130e+06   4.3151855e+01
   9.2886620e+06   4.1564941e+01
   9.2888140e+06   5.2673340e+01
   9.2888280e+06   5.7067871e+01
   9.2888490e+06   4.7668457e+01
   9.2888860e+06   4.7180176e+01
   9.2889050e+06   4.3212891e+01
   9.2889150e+06   4.4799805e+01
   9.2889490e+06   4.9804688e+01
   9.2889610e+06   4.2297363e+01
   9.2891550e+06   4.2114258e+01
   9.4219980e+06   4.7058105e+01
   9.4220200e+06   4.8522949e+01
   9.4220410e+06   4.0344238e+01
   9.4220570e+06   4.5654297e+01
   9.4220900e+06   4.7424316e+01
   9.4221330e+06   6.1889648e+01
   9.4221510e+06   3.9550781e+01
   9.4221980e+06   5.0415039e+01
   9.4223120e+06   4.4677734e+01
   9.4223510e+06   4.1748047e+01
   9.6041820e+06   5.1757813e+01
   9.6042160e+06   4.3579102e+01
   9.6042600e+06   4.9560547e+01
   9.6042910e+06   4.4616699e+01
   9.6043160e+06   5.7739258e+01
   9.6044180e+06   5.3527832e+01
   9.6044490e+06   4.0527344e+01
   9.6044690e+06   4.8522949e+01
   9.6045010e+06   4.1198730e+01
   9.6045360e+06   6.2194824e+01
   9.6046330e+06   4.2968750e+01
   9.8546820e+06   4.1381836e+01
   9.8547180e+06   4.9560547e+01
   9.8547320e+06   4.4067383e+01
   9.8547490e+06   4.3395996e+01
   9.8547700e+06   6.8420410e+01
   9.8548030e+06   4.1870117e+01
   9.8548230e+06   4.0161133e+01
   9.8548540e+06   5.1574707e+01
   9.8548710e+06   4.2907715e+01
   9.8549580e+06   4.5410156e+01
   9.8549820e+06   4.1564941e+01
   9.8550170e+06   4.3151855e+01
   9.8550640e+06   4.8522949e+01
   1.0043482e+07   4.9072266e+01
   1.0043512e+07   4.2785645e+01
   1.0043544e+07   4.4555664e+01
   1.0043646e+07   4.2236328e+01
   1.0043745e+07   4.1198730e+01
   1.0244363e+07   4.4372559e+01
   1.0244374e+07   4.1198730e+01
   1.0244393e+07   6.6711426e+01
   1.0244422e+07   5.4443359e+01
   1.0244457e+07   4.7058105e+01
   1.0244509e+07   4.2053223e+01
   1.0244544e+07   3.9855957e+01
   1.0244608e+07   4.2114258e+01
   1.0244628e+07   4.5837402e+01
   1.0244756e+07   4.6691895e+01
   1.0244801e+07   4.1198730e+01
   1.0430844e+07   4.3090820e+01
   1.0430875e+07   4.1259766e+01
   1.0430904e+07   4.5471191e+01
   1.0430937e+07   8.5510254e+01
   1.0430973e+07   4.3395996e+01
   1.0431031e+07   4.5837402e+01
   1.0431169e+07   3.9672852e+01
   1.0431201e+07   4.2541504e+01
   1.0431249e+07   4.7485352e+01
   1.0570422e+07   4.1259766e+01
   1.0570440e+07   4.8156738e+01
   1.0570484e+07   5.3649902e+01
   1.0570504e+07   7.8796387e+01
   1.0570541e+07   4.2297363e+01
   1.0570564e+07   5.0354004e+01
   1.0570609e+07   4.3334961e+01
   1.0832529e+07   4.6936035e+01
   1.0832567e+07   4.1137695e+01
   1.0832618e+07   4.1992188e+01
   1.0832636e+07   4.5593262e+01
   1.0832701e+07   5.0415039e+01
   1.0832719e+07   4.3029785e+01
   1.0832835e+07   4.0893555e+01
   1.1063313e+07   4.0161133e+01
   1.1063350e+07   5.8288574e+01
   1.1063389e+07   3.9794922e+01
   1.1063426e+07   4.1931152e+01
   1.1063464e+07   4.0100098e+01
   1.1063486e+07   4.4677734e+01
   1.1063660e+07   4.0344238e+01
   1.1063779e+07   3.9855957e+01
   1.1223340e+07   4.0344238e+01
   1.1223384e+07   6.6101074e+01
   1.1223425e+07   4.8889160e+01
   1.1223450e+07   4.9987793e+01
   1.1223468e+07   5.4138184e+01
   1.1223586e+07   3.9855957e+01
   1.1223622e+07   4.0344238e+01
   1.1223700e+07   4.7302246e+01
   1.1368706e+07   4.3457031e+01
   1.1368737e+07   3.9733887e+01
   1.1368773e+07   4.4250488e+01
   1.1368790e+07   4.5776367e+01
   1.1368815e+07   4.2602539e+01
   1.1368837e+07   4.0100098e+01
   1.1368914e+07   4.9743652e+01
   1.1368942e+07   4.5288086e+01
   1.1659706e+07   4.3151855e+01
   1.1659726e+07   7.2021484e+01
   1.1659755e+07   4.0100098e+01
   1.1659770e+07   7.0739746e+01
   1.1659783e+07   4.0161133e+01
   1.1659825e+07   4.1687012e+01
   1.1659854e+07   4.7119141e+01
   1.1659920e+07   4.2907715e+01
   1.1907786e+07   4.6508789e+01
   1.1907796e+07   7.1411133e+01
   1.1907837e+07   4.4067383e+01
   1.1907851e+07   4.0527344e+01
   1.1907861e+07   4.2724609e+01
   1.1907904e+07   4.2297363e+01
   1.1907968e+07   5.3039551e+01
   1.1908075e+07   4.6569824e+01
