   1.1996000e+07   0.0000000e+00
   2.0051000e+04   1.3006592e+02
   2.0096000e+04   3.3630371e+01
   2.0122000e+04   5.6823730e+01
   2.0196000e+04   3.7719727e+01
   2.0240000e+04   3.6743164e+01
   2.0356000e+04   3.6499023e+01
   1.4714600e+05   3.3142090e+01
   1.4751300e+05   1.3360596e+02
   1.4757800e+05   3.4545898e+01
   1.4769100e+05   3.5644531e+01
   1.4927800e+05   4.3151855e+01
   1.4958600e+05   5.8410645e+01
   2.6816300e+05   3.2958984e+01
   2.6819500e+05   1.1938477e+02
   2.6822500e+05   3.3813477e+01
   2.6825000e+05   5.4687500e+01
   2.6828400e+05   3.7048340e+01
   2.6831000e+05   3.7170410e+01
   2.6835700e+05   3.7902832e+01
   2.6838900e+05   3.6865234e+01
   2.6850500e+05   3.9978027e+01
   2.6997700e+05   3.6926270e+01
   3.6764900e+05   3.4362793e+01
   3.6766200e+05   4.2114258e+01
   3.6770000e+05   1.2341309e+02
   3.6776100e+05   3.6315918e+01
   3.6783700e+05   3.7414551e+01
   4.4392700e+05   1.1041260e+02
   4.4398800e+05   4.5288086e+01
   4.4405100e+05   3.3386230e+01
   4.4407400e+05   3.3264160e+01
   4.4414600e+05   3.8757324e+01
   4.4614200e+05   3.4973145e+01
   5.9072800e+05   1.3867188e+02
   5.9076900e+05   3.6071777e+01
   5.9079300e+05   3.6071777e+01
   5.9088300e+05   3.5095215e+01
   5.9223900e+05   3.5766602e+01
   5.9254400e+05   4.5898438e+01
   6.8319500e+05   1.2139893e+02
   6.8325100e+05   5.0903320e+01
   6.8326200e+05   4.0588379e+01
   6.8331700e+05   4.2663574e+01
   6.8544800e+05   6.4270020e+01
   6.9917600e+05   3.3935547e+01
   6.9946200e+05   1.2353516e+02
   6.9954600e+05   6.1889648e+01
   8.1043900e+05   3.3325195e+01
   8.1051800e+05   1.4727783e+02
   8.1054600e+05   3.8085938e+01
   8.1057300e+05   4.5593262e+01
   8.1060000e+05   3.4423828e+01
   8.1068800e+05   3.8635254e+01
   8.3067200e+05   1.2811279e+02
   8.3076500e+05   5.2734375e+01
   8.3082600e+05   3.7536621e+01
   8.3088800e+05   4.3945313e+01
   8.3098100e+05   3.3874512e+01
   8.4758200e+05   1.3110352e+02
   8.4764800e+05   3.8024902e+01
   8.4766700e+05   5.7250977e+01
   8.4774600e+05   3.4606934e+01
   8.6365700e+05   1.2011719e+02
   8.6374400e+05   6.7626953e+01
   8.6382700e+05   3.8452148e+01
   8.6386000e+05   3.6804199e+01
   9.8669400e+05   3.5949707e+01
   9.8676000e+05   1.1395264e+02
   9.8679900e+05   3.5949707e+01
   9.8681200e+05   3.6010742e+01
   9.8682900e+05   4.2541504e+01
   9.8684500e+05   3.7109375e+01
   1.1678130e+06   3.5400391e+01
   1.1680050e+06   1.1303711e+02
   1.1680710e+06   6.7382813e+01
   1.1683180e+06   3.9428711e+01
   1.3386830e+06   3.9550781e+01
   1.3387000e+06   1.3201904e+02
   1.3387570e+06   6.1584473e+01
   1.3387980e+06   3.2958984e+01
   1.3402180e+06   3.8635254e+01
   1.4674430e+06   1.2622070e+02
   1.4675070e+06   4.9438477e+01
   1.4676030e+06   4.9316406e+01
   1.4676520e+06   3.7353516e+01
   1.4676770e+06   3.3142090e+01
   1.6127030e+06   3.6376953e+01
   1.6127340e+06   1.2579346e+02
   1.6127500e+06   3.8391113e+01
   1.6128130e+06   5.2490234e+01
   1.6128470e+06   4.3579102e+01
   1.6128980e+06   4.1992188e+01
   1.6130680e+06   3.6987305e+01
   1.6146990e+06   4.8522949e+01
   1.7418460e+06   1.1700439e+02
   1.7419160e+06   6.2072754e+01
   1.7419280e+06   3.8146973e+01
   1.7420190e+06   3.5400391e+01
   1.7438360e+06   4.8095703e+01
   1.8820720e+06   3.8391113e+01
   1.8821110e+06   1.1853027e+02
   1.8821700e+06   6.5856934e+01
   1.8821880e+06   3.6804199e+01
   1.8822250e+06   3.5827637e+01
   1.8975090e+06   1.1285400e+02
   1.8975810e+06   4.8400879e+01
   1.8976850e+06   3.5278320e+01
   1.8977910e+06   3.6254883e+01
   2.0718550e+06   9.8632813e+01
   2.0719030e+06   3.9001465e+01
   2.0719190e+06   3.9306641e+01
   2.0719630e+06   5.6091309e+01
   2.0720150e+06   3.3081055e+01
   2.0721050e+06   3.6987305e+01
   2.0722110e+06   3.3508301e+01
   2.2733490e+06   1.3531494e+02
   2.2734080e+06   5.7556152e+01
   2.2734440e+06   3.4912109e+01
   2.2735460e+06   3.4179688e+01
   2.2736210e+06   3.3935547e+01
   2.3758200e+06   1.2524414e+02
   2.3758640e+06   3.4973145e+01
   2.3758820e+06   4.9560547e+01
   2.3759180e+06   4.1442871e+01
   2.3760530e+06   3.4667969e+01
   2.4834680e+06   9.9975586e+01
   2.4835350e+06   6.1828613e+01
   2.4836060e+06   3.6437988e+01
   2.4836340e+06   3.3264160e+01
   2.4836730e+06   3.3081055e+01
   2.4837310e+06   3.8269043e+01
   2.5904900e+06   1.0144043e+02
   2.5905340e+06   3.7963867e+01
   2.5905830e+06   7.6538086e+01
   2.5906240e+06   3.6499023e+01
   2.5906600e+06   3.6315918e+01
   2.5907070e+06   3.5827637e+01
   2.5907490e+06   3.4240723e+01
   2.6506840e+06   3.4057617e+01
   2.6507680e+06   1.2738037e+02
   2.6508430e+06   6.4636230e+01
   2.6509070e+06   4.1381836e+01
   2.6510200e+06   3.4912109e+01
   2.6510460e+06   3.5095215e+01
   2.7288010e+06   3.4118652e+01
   2.7292450e+06   6.8481445e+01
   2.7293010e+06   3.6254883e+01
   2.7293110e+06   4.1381836e+01
   2.7293670e+06   3.5766602e+01
   2.8836460e+06   3.3081055e+01
   2.8837050e+06   1.2597656e+02
   2.8837530e+06   3.4606934e+01
   2.8837790e+06   4.7546387e+01
   2.8838590e+06   3.6193848e+01
   2.8839690e+06   3.3935547e+01
   3.0637820e+06   1.2506104e+02
   3.0638050e+06   3.3264160e+01
   3.0638440e+06   5.0537109e+01
   3.0638610e+06   3.3447266e+01
   3.0639140e+06   3.5339355e+01
   3.0639520e+06   3.5827637e+01
   3.0640170e+06   3.7963867e+01
   3.0653940e+06   3.3142090e+01
   3.2234230e+06   1.2597656e+02
   3.2234850e+06   5.7556152e+01
   3.3461340e+06   1.4361572e+02
   3.3461940e+06   4.5593262e+01
   3.3462630e+06   3.6376953e+01
   3.3463270e+06   3.6499023e+01
   3.3463720e+06   3.2897949e+01
   3.4636630e+06   1.3696289e+02
   3.4637330e+06   5.7739258e+01
   3.4638430e+06   3.4240723e+01
   3.5822630e+06   1.2005615e+02
   3.5823300e+06   5.7495117e+01
   3.5823510e+06   3.5400391e+01
   3.5825200e+06   3.3569336e+01
   3.7209950e+06   1.3854980e+02
   3.7210060e+06   3.6437988e+01
   3.7210280e+06   3.4423828e+01
   3.7210710e+06   4.3518066e+01
   3.8309710e+06   1.2286377e+02
   3.8310420e+06   5.5480957e+01
   3.8311960e+06   3.3691406e+01
   3.9398500e+06   1.2457275e+02
   3.9398950e+06   3.5583496e+01
   3.9399180e+06   5.2673340e+01
   3.9399800e+06   3.3996582e+01
   4.0322170e+06   4.2236328e+01
   4.0322300e+06   3.5034180e+01
   4.0322710e+06   3.6315918e+01
   4.0322940e+06   5.1086426e+01
   4.0323680e+06   3.5522461e+01
   4.0326530e+06   3.5888672e+01
   4.1482440e+06   1.3830566e+02
   4.1483090e+06   6.0058594e+01
   4.1483820e+06   4.6630859e+01
   4.1485410e+06   3.3325195e+01
   4.2583170e+06   1.3220215e+02
   4.2583620e+06   3.7292480e+01
   4.2583870e+06   4.6325684e+01
   4.2585310e+06   3.5339355e+01
   4.2604610e+06   6.1828613e+01
   4.3616350e+06   3.9489746e+01
   4.3617720e+06   1.1193848e+02
   4.3618330e+06   5.2185059e+01
   4.3618760e+06   3.6499023e+01
   4.3619160e+06   3.8452148e+01
   4.3622080e+06   3.5095215e+01
   4.4384150e+06   1.1608887e+02
   4.4384840e+06   7.5073242e+01
   4.4386740e+06   3.4362793e+01
   4.5278990e+06   3.6804199e+01
   4.5279790e+06   1.3269043e+02
   4.5280410e+06   5.5358887e+01
   4.5280910e+06   3.3935547e+01
   4.5281130e+06   3.9001465e+01
   4.5281410e+06   4.4494629e+01
   4.6025850e+06   3.3935547e+01
   4.6027390e+06   1.2683105e+02
   4.6028000e+06   6.1645508e+01
   4.6028660e+06   3.3020020e+01
   4.6029100e+06   3.3569336e+01
   4.6029720e+06   3.3874512e+01
   4.6030100e+06   3.9184570e+01
   4.7339940e+06   3.3752441e+01
   4.7340240e+06   1.3879395e+02
   4.7340860e+06   6.6833496e+01
   4.7342450e+06   3.7475586e+01
   4.7894810e+06   1.2554932e+02
   4.7895380e+06   3.5339355e+01
   4.7895550e+06   6.8664551e+01
   4.7896490e+06   3.6621094e+01
   4.7896900e+06   3.7353516e+01
   4.7897570e+06   3.7902832e+01
   4.7899540e+06   4.1076660e+01
   4.9125140e+06   3.2958984e+01
   4.9127290e+06   3.3020020e+01
   4.9127490e+06   1.2756348e+02
   4.9128150e+06   4.7363281e+01
   5.0472070e+06   1.2603760e+02
   5.0472290e+06   3.4851074e+01
   5.0472820e+06   7.2998047e+01
   5.0473620e+06   3.5888672e+01
   5.1975450e+06   1.1065674e+02
   5.1975650e+06   3.8879395e+01
   5.1976130e+06   5.7983398e+01
   5.1976760e+06   3.6071777e+01
   5.3164180e+06   1.2591553e+02
   5.3164580e+06   3.5217285e+01
   5.3164820e+06   4.9682617e+01
   5.3165360e+06   3.4606934e+01
   5.4319510e+06   1.1566162e+02
   5.4319880e+06   3.7536621e+01
   5.4320270e+06   5.6945801e+01
   5.4321030e+06   3.3935547e+01
   5.4321450e+06   3.5522461e+01
   5.4322580e+06   3.4851074e+01
   5.5397680e+06   1.3763428e+02
   5.5397790e+06   3.5217285e+01
   5.5398110e+06   3.3325195e+01
   5.5398360e+06   4.6508789e+01
   5.5399800e+06   4.7119141e+01
   5.7034080e+06   4.3640137e+01
   5.7034310e+06   1.3763428e+02
   5.7034770e+06   3.3630371e+01
   5.7034970e+06   5.2673340e+01
   5.7035360e+06   3.7841797e+01
   5.7035870e+06   3.3386230e+01
   5.7037180e+06   3.6560059e+01
   5.8064200e+06   1.3494873e+02
   5.8064350e+06   4.2419434e+01
   5.8064660e+06   3.4973145e+01
   5.8064880e+06   5.4626465e+01
   5.8065620e+06   3.5705566e+01
   5.8981150e+06   1.1840820e+02
   5.8981730e+06   6.1706543e+01
   5.8982070e+06   3.5644531e+01
   5.8982910e+06   3.5095215e+01
   5.8983400e+06   3.5827637e+01
   5.8983710e+06   3.9001465e+01
   6.0050920e+06   1.3562012e+02
   6.0051560e+06   3.3935547e+01
   6.0068980e+06   3.7170410e+01
   6.0276380e+06   9.9853516e+01
   6.0278090e+06   8.7158203e+01
   6.0280440e+06   8.2397461e+01
   6.0283310e+06   7.8369141e+01
   6.1234530e+06   1.2213135e+02
   6.1235240e+06   6.2072754e+01
   6.1235920e+06   4.1198730e+01
   6.1236680e+06   3.7353516e+01
   6.1237120e+06   3.2958984e+01
   6.1238880e+06   3.3752441e+01
   6.2755780e+06   1.2310791e+02
   6.2756430e+06   6.7810059e+01
   6.2756810e+06   3.3813477e+01
   6.3774340e+06   1.1450195e+02
   6.3774460e+06   3.4729004e+01
   6.3775060e+06   5.8288574e+01
   6.3775630e+06   3.6010742e+01
   6.3775730e+06   4.0283203e+01
   6.3776320e+06   3.4729004e+01
   6.3795670e+06   3.9611816e+01
   6.4667570e+06   1.0705566e+02
   6.4668270e+06   4.5654297e+01
   6.4669560e+06   3.6437988e+01
   6.5839550e+06   1.3574219e+02
   6.5840220e+06   5.5175781e+01
   6.5841000e+06   4.1442871e+01
   6.7126730e+06   1.3433838e+02
   6.7127200e+06   3.4179688e+01
   6.7127370e+06   4.8339844e+01
   6.7128080e+06   3.5644531e+01
   6.7128270e+06   3.5400391e+01
   6.8330210e+06   1.2615967e+02
   6.8330900e+06   5.9997559e+01
   6.8331530e+06   4.4555664e+01
   6.8331660e+06   4.4982910e+01
   6.8331930e+06   3.9001465e+01
   6.9880770e+06   1.1767578e+02
   6.9881400e+06   3.7963867e+01
   6.9881580e+06   6.6284180e+01
   6.9882570e+06   3.4973145e+01
   7.1252540e+06   3.8208008e+01
   7.1252850e+06   3.3325195e+01
   7.1253040e+06   1.3861084e+02
   7.1253680e+06   5.8532715e+01
   7.1254120e+06   3.5888672e+01
   7.1255250e+06   3.6499023e+01
   7.1255670e+06   4.3640137e+01
   7.1256630e+06   3.3203125e+01
   7.2417870e+06   1.2011719e+02
   7.2417990e+06   4.1687012e+01
   7.2418180e+06   3.3447266e+01
   7.2418540e+06   7.2204590e+01
   7.4122700e+06   1.1944580e+02
   7.4123370e+06   5.0964355e+01
   7.4123850e+06   3.7719727e+01
   7.4125070e+06   3.7414551e+01
   7.5921300e+06   1.3110352e+02
   7.5921730e+06   4.3334961e+01
   7.5921970e+06   6.5490723e+01
   7.5922630e+06   4.9804688e+01
   7.5923560e+06   3.4362793e+01
   7.7366820e+06   3.4545898e+01
   7.7367600e+06   6.4758301e+01
   7.7367860e+06   3.6376953e+01
   7.7368550e+06   4.2053223e+01
   7.7369830e+06   3.4484863e+01
   7.7386180e+06   4.5837402e+01
   7.8523260e+06   1.2945557e+02
   7.8523360e+06   4.0466309e+01
   7.8523960e+06   5.6884766e+01
   7.8524410e+06   3.2897949e+01
   7.8524800e+06   3.2836914e+01
   8.0218040e+06   4.2968750e+01
   8.0218420e+06   3.4545898e+01
   8.0218750e+06   5.1391602e+01
   8.0219510e+06   3.5156250e+01
   8.0220030e+06   3.5583496e+01
   8.0220160e+06   3.3203125e+01
   8.0238170e+06   4.7119141e+01
   8.1796700e+06   3.3386230e+01
   8.1799280e+06   3.4362793e+01
   8.1801570e+06   1.1175537e+02
   8.1802070e+06   4.5715332e+01
   8.1802280e+06   5.3283691e+01
   8.3626510e+06   1.3000488e+02
   8.3627080e+06   6.8054199e+01
   8.3627760e+06   3.8269043e+01
   8.3628040e+06   3.8024902e+01
   8.5036420e+06   1.3427734e+02
   8.5037060e+06   3.8330078e+01
   8.5037850e+06   3.8696289e+01
   8.5039780e+06   3.2836914e+01
   8.5987080e+06   3.3081055e+01
   8.6625230e+06   1.2207031e+02
   8.6625570e+06   3.2836914e+01
   8.6625740e+06   3.2836914e+01
   8.6626050e+06   8.3984375e+01
   8.6626330e+06   3.5278320e+01
   8.6626800e+06   3.3020020e+01
   8.8442360e+06   3.4545898e+01
   8.8442540e+06   1.1822510e+02
   8.8443270e+06   4.5227051e+01
   8.8443970e+06   3.7719727e+01
   8.8444080e+06   3.3508301e+01
   8.8777160e+06   3.3386230e+01
   8.9870630e+06   1.3409424e+02
   8.9870950e+06   3.5705566e+01
   8.9871330e+06   4.7119141e+01
   8.9872110e+06   3.9306641e+01
   8.9873740e+06   3.7902832e+01
   8.9874410e+06   3.3020020e+01
   9.1630250e+06   1.3055420e+02
   9.1630380e+06   3.4423828e+01
   9.1630840e+06   3.9062500e+01
   9.1630990e+06   3.7719727e+01
   9.1648640e+06   4.5166016e+01
   9.2888190e+06   1.0107422e+02
   9.2888870e+06   4.3334961e+01
   9.2889490e+06   4.0527344e+01
   9.2906220e+06   3.4301758e+01
   9.4220430e+06   1.0992432e+02
   9.4221080e+06   5.2124023e+01
   9.4223690e+06   3.2836914e+01
   9.6042360e+06   3.5522461e+01
   9.6042640e+06   1.3238525e+02
   9.6043350e+06   6.4392090e+01
   9.8548100e+06   1.2072754e+02
   9.8548740e+06   6.2866211e+01
   9.8550410e+06   3.3630371e+01
   9.8569470e+06   5.8288574e+01
   1.0043502e+07   1.2817383e+02
   1.0043571e+07   6.5368652e+01
   1.0043626e+07   3.5522461e+01
   1.0244396e+07   1.2548828e+02
   1.0244420e+07   3.7475586e+01
   1.0244452e+07   3.2836914e+01
   1.0244479e+07   7.2631836e+01
   1.0244557e+07   3.8879395e+01
   1.0430875e+07   1.2713623e+02
   1.0430938e+07   6.2744141e+01
   1.0431005e+07   3.5278320e+01
   1.0431017e+07   4.6203613e+01
   1.0431043e+07   3.4301758e+01
   1.0431135e+07   3.9123535e+01
   1.0432985e+07   4.7790527e+01
   1.0570415e+07   1.3171387e+02
   1.0570490e+07   6.7932129e+01
   1.0570549e+07   3.8513184e+01
   1.0570593e+07   3.3203125e+01
   1.0570607e+07   3.4790039e+01
   1.0570879e+07   3.3264160e+01
   1.0636638e+07   3.3264160e+01
   1.0832578e+07   1.3110352e+02
   1.0832648e+07   6.1218262e+01
   1.0832709e+07   4.0344238e+01
   1.0832787e+07   3.3081055e+01
   1.1063317e+07   1.2963867e+02
   1.1063379e+07   4.7302246e+01
   1.1063650e+07   3.6499023e+01
   1.1223394e+07   1.1145020e+02
   1.1223471e+07   6.4575195e+01
   1.1223530e+07   3.4790039e+01
   1.1223554e+07   3.4057617e+01
   1.1223823e+07   3.7231445e+01
   1.1226751e+07   3.3020020e+01
   1.1368757e+07   1.1938477e+02
   1.1368788e+07   3.2836914e+01
   1.1368818e+07   5.4687500e+01
   1.1368882e+07   3.2836914e+01
   1.1368914e+07   3.5278320e+01
   1.1659733e+07   1.1859131e+02
   1.1659802e+07   4.5227051e+01
   1.1659871e+07   3.7658691e+01
   1.1660291e+07   3.3752441e+01
   1.1907800e+07   1.1047363e+02
   1.1907841e+07   3.4729004e+01
   1.1907866e+07   5.7250977e+01
   1.1907896e+07   4.2663574e+01
   1.1907950e+07   3.7170410e+01
