   8.9970000e+06   0.0000000e+00
   5.6264000e+04   3.6376953e+01
   5.8590000e+04   3.5217285e+01
   6.6654000e+04   3.5705566e+01
   9.5404000e+04   3.5766602e+01
   1.3054600e+05   3.7536621e+01
   1.5262300e+05   3.4362793e+01
   1.7681900e+05   3.6804199e+01
   1.7688500e+05   3.6437988e+01
   1.7690600e+05   4.3457031e+01
   1.7693300e+05   3.5156250e+01
   1.7703600e+05   3.7475586e+01
   1.7705300e+05   3.8940430e+01
   1.7710800e+05   4.2785645e+01
   1.7722600e+05   4.1931152e+01
   2.2622700e+05   3.6010742e+01
   2.2635500e+05   3.7414551e+01
   2.2640700e+05   3.6010742e+01
   2.2646700e+05   3.9123535e+01
   2.2650900e+05   3.9001465e+01
   2.2658800e+05   3.4179688e+01
   2.2676800e+05   3.4667969e+01
   2.2777500e+05   3.4790039e+01
   2.2795500e+05   3.4606934e+01
   2.3629400e+05   4.0649414e+01
   2.3669700e+05   3.7841797e+01
   2.3711200e+05   3.4423828e+01
   2.4471400e+05   3.8146973e+01
   2.7760800e+05   3.6132813e+01
   3.5049700e+05   3.4484863e+01
   3.5608500e+05   3.4179688e+01
   3.6890200e+05   3.4179688e+01
   4.8032200e+05   3.5583496e+01
   4.8034100e+05   3.9978027e+01
   4.8047300e+05   3.4912109e+01
   4.8071400e+05   3.6621094e+01
   4.9263800e+05   3.6926270e+01
   4.9266700e+05   3.4545898e+01
   4.9273300e+05   3.4973145e+01
   4.9281500e+05   4.2175293e+01
   4.9285800e+05   3.4545898e+01
   4.9300900e+05   3.4851074e+01
   4.9311100e+05   3.4545898e+01
   4.9344900e+05   3.6926270e+01
   5.2171200e+05   3.4362793e+01
   5.3295300e+05   4.0039063e+01
   5.3297700e+05   3.4362793e+01
   5.3357200e+05   4.0954590e+01
   6.1085600e+05   3.4729004e+01
   6.8800300e+05   3.8513184e+01
   6.8806200e+05   3.6376953e+01
   6.8813300e+05   3.5156250e+01
   6.8816700e+05   3.4667969e+01
   6.8818700e+05   3.7170410e+01
   6.8825600e+05   3.9184570e+01
   6.8828500e+05   3.7963867e+01
   6.8835300e+05   3.4118652e+01
   6.8840200e+05   3.3996582e+01
   6.8860200e+05   3.6987305e+01
   7.3032900e+05   3.5095215e+01
   7.6460800e+05   3.4179688e+01
   7.6469600e+05   3.7109375e+01
   7.6476800e+05   3.7109375e+01
   7.6479900e+05   4.2541504e+01
   7.6483400e+05   3.6071777e+01
   7.6495700e+05   3.6621094e+01
   7.6673700e+05   3.7597656e+01
   7.7590400e+05   3.9550781e+01
   7.7596200e+05   3.4606934e+01
   7.7600500e+05   3.5949707e+01
   7.7614600e+05   3.7231445e+01
   7.7627700e+05   3.8635254e+01
   7.7636000e+05   4.6386719e+01
   7.7640100e+05   3.4729004e+01
   7.7651900e+05   3.4240723e+01
   7.8606700e+05   3.9550781e+01
   7.8621600e+05   3.8024902e+01
   7.8647200e+05   3.4545898e+01
   8.0051300e+05   4.1687012e+01
   8.1531000e+05   3.5827637e+01
   8.1547700e+05   4.8339844e+01
   8.1554800e+05   3.5949707e+01
   8.1559400e+05   3.5095215e+01
   8.1575400e+05   3.7048340e+01
   8.3710900e+05   3.4790039e+01
   8.3717200e+05   3.9733887e+01
   8.3720100e+05   3.9123535e+01
   8.3740200e+05   3.6376953e+01
   8.8110500e+05   3.4851074e+01
   8.8205400e+05   3.7963867e+01
   9.0799400e+05   3.4179688e+01
   9.0830400e+05   3.8757324e+01
   9.2867200e+05   3.5034180e+01
   1.0509100e+06   3.4362793e+01
   1.0894760e+06   3.5339355e+01
   1.1132710e+06   3.7475586e+01
   1.1133680e+06   3.4423828e+01
   1.1133810e+06   3.8696289e+01
   1.1134510e+06   3.5339355e+01
   1.1134660e+06   3.6193848e+01
   1.1135130e+06   4.2419434e+01
   1.1142800e+06   3.6865234e+01
   1.1147790e+06   3.4729004e+01
   1.1151070e+06   3.5400391e+01
   1.2437820e+06   3.5827637e+01
   1.2563690e+06   3.6865234e+01
   1.2565070e+06   4.2602539e+01
   1.2565580e+06   3.4973145e+01
   1.2566280e+06   4.1015625e+01
   1.2566580e+06   4.3579102e+01
   1.2566720e+06   3.6254883e+01
   1.2566900e+06   3.7963867e+01
   1.2568000e+06   3.5888672e+01
   1.2581310e+06   3.4912109e+01
   1.3469750e+06   3.5278320e+01
   1.3671990e+06   3.5095215e+01
   1.3742630e+06   3.5400391e+01
   1.3743710e+06   3.4484863e+01
   1.3744230e+06   3.7902832e+01
   1.3744520e+06   3.4606934e+01
   1.3744860e+06   4.3518066e+01
   1.3745410e+06   3.5278320e+01
   1.3745740e+06   4.3762207e+01
   1.3746440e+06   3.3996582e+01
   1.3747880e+06   3.7231445e+01
   1.3877970e+06   3.5278320e+01
   1.3878560e+06   3.8269043e+01
   1.4127760e+06   3.4362793e+01
   1.4128960e+06   3.4790039e+01
   1.4130130e+06   3.4423828e+01
   1.4133850e+06   4.2785645e+01
   1.4136310e+06   3.6804199e+01
   1.4200780e+06   3.5583496e+01
   1.4201240e+06   3.4729004e+01
   1.4274530e+06   3.6682129e+01
   1.4274970e+06   3.4301758e+01
   1.4586620e+06   3.4301758e+01
   1.4806270e+06   5.2856445e+01
   1.4807160e+06   3.6743164e+01
   1.4808250e+06   3.5034180e+01
   1.4810310e+06   4.6875000e+01
   1.4963330e+06   3.9611816e+01
   1.4965240e+06   3.3996582e+01
   1.5373650e+06   3.6376953e+01
   1.5497710e+06   3.5217285e+01
   1.5627510e+06   3.5644531e+01
   1.5628670e+06   3.7048340e+01
   1.5629530e+06   4.2846680e+01
   1.6006340e+06   3.5461426e+01
   1.6007530e+06   4.0832520e+01
   1.6008280e+06   3.7475586e+01
   1.6009040e+06   3.6132813e+01
   1.6011100e+06   3.6132813e+01
   1.6149610e+06   4.0100098e+01
   1.6151050e+06   3.7902832e+01
   1.6154070e+06   3.4484863e+01
   1.7290710e+06   3.4057617e+01
   1.7684820e+06   3.7231445e+01
   1.7760540e+06   3.4729004e+01
   1.8002690e+06   3.6621094e+01
   1.8003740e+06   3.4973145e+01
   1.8004280e+06   3.4973145e+01
   1.8011820e+06   3.5522461e+01
   1.8382740e+06   3.5217285e+01
   1.9274680e+06   3.4667969e+01
   1.9678060e+06   3.8391113e+01
   1.9870810e+06   3.4851074e+01
   1.9871080e+06   3.4484863e+01
   1.9871330e+06   4.1931152e+01
   1.9871830e+06   3.5156250e+01
   1.9872160e+06   3.6315918e+01
   1.9872940e+06   3.7536621e+01
   1.9873130e+06   3.4851074e+01
   1.9873550e+06   3.6376953e+01
   1.9873910e+06   4.9011230e+01
   1.9874940e+06   3.8635254e+01
   1.9875040e+06   4.1503906e+01
   1.9875920e+06   3.9123535e+01
   1.9877710e+06   3.5034180e+01
   2.0747260e+06   3.4118652e+01
   2.1133130e+06   3.4912109e+01
   2.1327480e+06   3.4362793e+01
   2.1489800e+06   3.4118652e+01
   2.2070040e+06   3.6499023e+01
   2.2071010e+06   3.3996582e+01
   2.2071560e+06   4.1076660e+01
   2.2072410e+06   3.7353516e+01
   2.2073410e+06   4.0222168e+01
   2.2073950e+06   3.5522461e+01
   2.2074440e+06   3.7475586e+01
   2.2086160e+06   3.5888672e+01
   2.2087220e+06   4.0649414e+01
   2.3434510e+06   4.4799805e+01
   2.3465010e+06   3.9367676e+01
   2.3465440e+06   3.6254883e+01
   2.3465790e+06   4.0283203e+01
   2.3466420e+06   3.7597656e+01
   2.3466940e+06   3.5705566e+01
   2.3467270e+06   3.8146973e+01
   2.3467460e+06   3.4484863e+01
   2.3896940e+06   3.4606934e+01
   2.4080060e+06   3.5949707e+01
   2.4512190e+06   4.6447754e+01
   2.4512560e+06   4.2480469e+01
   2.4512920e+06   4.1992188e+01
   2.4513130e+06   3.7841797e+01
   2.4513660e+06   3.7963867e+01
   2.4513840e+06   3.4912109e+01
   2.4520680e+06   3.4790039e+01
   2.4651280e+06   3.6743164e+01
   2.4652430e+06   3.5034180e+01
   2.4652710e+06   3.6865234e+01
   2.4653310e+06   3.6865234e+01
   2.4654130e+06   3.3996582e+01
   2.4656460e+06   3.7719727e+01
   2.4666360e+06   3.5339355e+01
   2.4668760e+06   3.4790039e+01
   2.4746090e+06   4.0588379e+01
   2.4854170e+06   3.5339355e+01
   2.4856050e+06   4.0466309e+01
   2.4994000e+06   3.6682129e+01
   2.5460170e+06   3.6193848e+01
   2.5462300e+06   3.5217285e+01
   2.5464360e+06   3.7414551e+01
   2.5464660e+06   3.6987305e+01
   2.5731250e+06   3.7048340e+01
   2.6152450e+06   3.6682129e+01
   2.6154790e+06   4.7302246e+01
   2.6155340e+06   3.6926270e+01
   2.6155720e+06   3.6071777e+01
   2.6156640e+06   3.4912109e+01
   2.6157590e+06   4.8095703e+01
   2.6166110e+06   3.5339355e+01
   2.6272560e+06   3.4423828e+01
   2.6353520e+06   3.3996582e+01
   2.6355870e+06   4.0954590e+01
   2.6443130e+06   3.6865234e+01
   2.6443860e+06   3.4484863e+01
   2.6602660e+06   3.7414551e+01
   2.6609050e+06   4.1687012e+01
   2.6792150e+06   4.1442871e+01
   2.7125270e+06   3.5644531e+01
   2.7540070e+06   3.5949707e+01
   2.7872850e+06   3.4606934e+01
   2.9011770e+06   3.4423828e+01
   2.9118280e+06   3.5522461e+01
   2.9704880e+06   3.6010742e+01
   3.0767050e+06   3.9794922e+01
   3.0768570e+06   4.1870117e+01
   3.0769000e+06   3.5766602e+01
   3.1407950e+06   3.4851074e+01
   3.2944800e+06   3.4057617e+01
   3.2945470e+06   4.1503906e+01
   3.2945870e+06   3.7109375e+01
   3.2946130e+06   4.1320801e+01
   3.2947110e+06   3.6621094e+01
   3.2947400e+06   3.7109375e+01
   3.2948620e+06   3.4423828e+01
   3.2954600e+06   3.7475586e+01
   3.2959200e+06   3.5217285e+01
   3.2963500e+06   3.6926270e+01
   3.3487880e+06   4.0161133e+01
   3.3488880e+06   3.9611816e+01
   3.3489370e+06   4.1748047e+01
   3.3489970e+06   4.6508789e+01
   3.3490260e+06   3.5583496e+01
   3.3490390e+06   3.6804199e+01
   3.3490790e+06   3.6682129e+01
   3.3492850e+06   3.4545898e+01
   3.3600850e+06   3.5400391e+01
   3.3601240e+06   3.6560059e+01
   3.3602150e+06   3.5461426e+01
   3.3602740e+06   4.0649414e+01
   3.3603290e+06   4.0893555e+01
   3.3604190e+06   3.7475586e+01
   3.3604410e+06   3.4606934e+01
   3.3605160e+06   3.4606934e+01
   3.3696650e+06   3.4912109e+01
   3.3917180e+06   3.6376953e+01
   3.3918090e+06   4.6447754e+01
   3.3918310e+06   3.4729004e+01
   3.3924310e+06   3.4240723e+01
   3.4108890e+06   3.4667969e+01
   3.4328340e+06   3.5339355e+01
   3.4545040e+06   3.8269043e+01
   3.4548690e+06   3.4057617e+01
   3.4810450e+06   3.4240723e+01
   3.4814170e+06   3.3996582e+01
   3.5196840e+06   3.6437988e+01
   3.5397780e+06   3.6071777e+01
   3.5579780e+06   3.4301758e+01
   3.5583310e+06   3.4301758e+01
   3.5586870e+06   3.6743164e+01
   3.6992230e+06   3.5095215e+01
   3.7066540e+06   3.4057617e+01
   3.7087920e+06   3.7597656e+01
   3.7875160e+06   3.5766602e+01
   3.7877000e+06   3.5949707e+01
   3.7877680e+06   4.2236328e+01
   3.7884510e+06   3.8757324e+01
   3.7890060e+06   3.4301758e+01
   4.0112450e+06   4.6936035e+01
   4.0113270e+06   3.6560059e+01
   4.0113940e+06   3.4912109e+01
   4.0114170e+06   3.6499023e+01
   4.0114760e+06   3.8574219e+01
   4.0372500e+06   3.4179688e+01
   4.1010790e+06   4.1870117e+01
   4.2235510e+06   3.7963867e+01
   4.2236110e+06   3.4912109e+01
   4.2236510e+06   3.4973145e+01
   4.2237020e+06   4.4555664e+01
   4.2237270e+06   3.4179688e+01
   4.2237740e+06   3.8208008e+01
   4.3411020e+06   3.5400391e+01
   4.3432730e+06   4.0405273e+01
   4.3433060e+06   3.8757324e+01
   4.3433320e+06   3.5888672e+01
   4.3433790e+06   3.5217285e+01
   4.3434460e+06   3.7902832e+01
   4.3435100e+06   3.5217285e+01
   4.3435720e+06   3.6499023e+01
   4.4068610e+06   3.5095215e+01
   4.4266850e+06   3.4240723e+01
   4.4482260e+06   3.4301758e+01
   4.4483470e+06   3.7170410e+01
   4.4483900e+06   3.6010742e+01
   4.4484310e+06   3.8391113e+01
   4.4485280e+06   3.5705566e+01
   4.4485680e+06   3.7170410e+01
   4.4489740e+06   3.5766602e+01
   4.4496250e+06   3.5156250e+01
   4.4604430e+06   4.4189453e+01
   4.4605030e+06   3.8085938e+01
   4.4605360e+06   3.9245605e+01
   4.4606710e+06   3.8940430e+01
   4.4607290e+06   3.5461426e+01
   4.4607540e+06   4.4372559e+01
   4.4608110e+06   4.0527344e+01
   4.4823670e+06   3.5888672e+01
   4.4824810e+06   3.5583496e+01
   4.4824990e+06   4.9316406e+01
   4.4825910e+06   3.6804199e+01
   4.4826400e+06   4.0588379e+01
   4.4827110e+06   3.4912109e+01
   4.4827660e+06   3.4118652e+01
   4.4829300e+06   3.7841797e+01
   4.4830630e+06   4.0466309e+01
   4.4831500e+06   3.5827637e+01
   4.4833210e+06   3.4301758e+01
   4.4968340e+06   3.7048340e+01
   4.4969770e+06   4.0039063e+01
   4.5128230e+06   3.8879395e+01
   4.5128540e+06   3.4545898e+01
   4.5137170e+06   3.8696289e+01
   4.5398680e+06   3.7048340e+01
   4.5403090e+06   3.6926270e+01
   4.5717950e+06   3.7780762e+01
   4.5719840e+06   3.4484863e+01
   4.5720650e+06   3.8330078e+01
   4.5721570e+06   3.4973145e+01
   4.5722500e+06   3.4179688e+01
   4.5931410e+06   3.7292480e+01
   4.6215910e+06   3.5888672e+01
   4.6268190e+06   3.4240723e+01
   4.6269600e+06   3.7353516e+01
   4.7642700e+06   3.4606934e+01
   4.8383740e+06   3.5461426e+01
   4.9960070e+06   3.3996582e+01
   5.0429280e+06   3.4179688e+01
   5.0975330e+06   3.4667969e+01
   5.1714680e+06   3.6621094e+01
   5.2182190e+06   3.4179688e+01
   5.2183010e+06   3.8024902e+01
   5.2183110e+06   3.8146973e+01
   5.2183700e+06   3.4423828e+01
   5.2184120e+06   3.6010742e+01
   5.2184590e+06   3.6437988e+01
   5.2185190e+06   3.6621094e+01
   5.2192010e+06   3.9794922e+01
   5.3389780e+06   3.4057617e+01
   5.3546470e+06   3.6315918e+01
   5.3547260e+06   3.5949707e+01
   5.3548100e+06   3.9733887e+01
   5.3548560e+06   3.6071777e+01
   5.3549120e+06   3.4118652e+01
   5.3550980e+06   3.6926270e+01
   5.5497340e+06   3.5156250e+01
   5.5789960e+06   3.4118652e+01
   5.5790940e+06   3.6193848e+01
   5.5792340e+06   3.3996582e+01
   5.5792520e+06   3.9489746e+01
   5.5793580e+06   3.4545898e+01
   5.5793860e+06   4.3823242e+01
   5.5794400e+06   3.4729004e+01
   5.5910200e+06   3.4729004e+01
   5.5911230e+06   3.4790039e+01
   5.5911410e+06   3.6621094e+01
   5.5911630e+06   4.6508789e+01
   5.5912200e+06   3.8085938e+01
   5.5912390e+06   4.0832520e+01
   5.5913680e+06   3.4851074e+01
   5.5916930e+06   3.6499023e+01
   5.6009610e+06   3.6437988e+01
   5.6012640e+06   3.4545898e+01
   5.6148160e+06   3.4118652e+01
   5.6149370e+06   3.4118652e+01
   5.6151230e+06   4.2358398e+01
   5.6152260e+06   3.8635254e+01
   5.6351950e+06   3.4362793e+01
   5.6354940e+06   4.0039063e+01
   5.6357440e+06   3.8208008e+01
   5.6483360e+06   3.4118652e+01
   5.6620840e+06   3.5583496e+01
   5.6708440e+06   3.5217285e+01
   5.8496340e+06   3.6071777e+01
   5.8591720e+06   3.4240723e+01
   5.9114970e+06   3.4851074e+01
   5.9958420e+06   3.8330078e+01
   6.1720420e+06   3.8269043e+01
   6.1721780e+06   3.3996582e+01
   6.1722050e+06   3.6560059e+01
   6.1722280e+06   3.8879395e+01
   6.1723130e+06   3.4179687e+01
   6.1737230e+06   3.5339355e+01
   6.1739470e+06   3.4912109e+01
   6.3164020e+06   3.5339355e+01
   6.3164980e+06   4.0710449e+01
   6.3165880e+06   3.5400391e+01
   6.3166510e+06   3.4240723e+01
   6.4883510e+06   3.4606934e+01
   6.4901960e+06   3.6193848e+01
   6.4902200e+06   3.5766602e+01
   6.4902790e+06   4.4433594e+01
   6.4903030e+06   3.4729004e+01
   6.4904920e+06   4.3395996e+01
   6.4905920e+06   3.9672852e+01
   6.5584450e+06   3.5217285e+01
   6.5795420e+06   4.0710449e+01
   6.5795610e+06   3.5888672e+01
   6.5797080e+06   3.8879395e+01
   6.5797480e+06   4.4250488e+01
   6.5797710e+06   3.7353516e+01
   6.5798040e+06   4.7851562e+01
   6.5919670e+06   3.7475586e+01
   6.5920190e+06   3.5400391e+01
   6.5920330e+06   3.4423828e+01
   6.6043450e+06   3.5766602e+01
   6.6045280e+06   3.4729004e+01
   6.6051420e+06   3.4057617e+01
   6.6164590e+06   3.6132813e+01
   6.6165530e+06   3.8940430e+01
   6.6166230e+06   3.4667969e+01
   6.6171440e+06   3.8940430e+01
   6.6446850e+06   3.7963867e+01
   6.6448950e+06   3.5034180e+01
   6.6450460e+06   3.9245605e+01
   6.6647920e+06   3.6376953e+01
   6.6910730e+06   3.4118652e+01
   6.7069920e+06   3.4912109e+01
   6.7352760e+06   3.5217285e+01
   6.7354200e+06   3.5095215e+01
   6.7508750e+06   4.2236328e+01
   6.7511820e+06   3.4301758e+01
   7.1184500e+06   3.4729004e+01
   7.4473580e+06   3.4973145e+01
   7.4475350e+06   3.9916992e+01
   7.4475500e+06   3.6682129e+01
   7.4476240e+06   3.8024902e+01
   7.4476820e+06   3.4484863e+01
   7.5112960e+06   3.9733887e+01
   7.6170130e+06   4.1198730e+01
   7.6170480e+06   4.6142578e+01
   7.6170880e+06   3.4118652e+01
   7.6171130e+06   3.7536621e+01
   7.6171700e+06   3.5217285e+01
   7.7382420e+06   3.6071777e+01
   7.7383050e+06   3.4973145e+01
   7.7383580e+06   3.9123535e+01
   7.7384560e+06   3.6560059e+01
   7.7385530e+06   3.5156250e+01
   7.7386160e+06   4.2236328e+01
   7.7522590e+06   3.8757324e+01
   7.7523250e+06   3.5461426e+01
   7.7523930e+06   3.4667969e+01
   7.7524250e+06   5.7861328e+01
   7.7526480e+06   3.4057617e+01
   7.7526790e+06   3.6560059e+01
   7.7649560e+06   3.7231445e+01
   7.7755990e+06   3.4973145e+01
   7.7757570e+06   3.4790039e+01
   7.7759490e+06   3.7170410e+01
   7.7760630e+06   3.4729004e+01
   7.7957680e+06   4.1076660e+01
   7.7958550e+06   3.6437988e+01
   7.7959790e+06   3.5766602e+01
   7.8147210e+06   3.4667969e+01
   7.8149320e+06   3.5827637e+01
   7.8149480e+06   3.8879395e+01
   7.8151180e+06   3.4545898e+01
   7.8153240e+06   3.4973145e+01
   7.8154010e+06   3.7658691e+01
   7.8367180e+06   3.4301758e+01
   7.9023060e+06   3.5766602e+01
   7.9026910e+06   3.9672852e+01
   7.9350830e+06   3.4545898e+01
   7.9352270e+06   3.4851074e+01
   7.9352980e+06   3.6499023e+01
   7.9356010e+06   3.6132813e+01
   7.9853250e+06   3.5705566e+01
   8.1440450e+06   3.4545898e+01
   8.5750310e+06   3.8146973e+01
   8.5750580e+06   3.9733887e+01
   8.5751100e+06   4.6508789e+01
   8.5751400e+06   4.0405273e+01
   8.5751970e+06   3.4179688e+01
   8.5752570e+06   3.5827637e+01
   8.5753020e+06   4.7302246e+01
   8.5753780e+06   4.1687012e+01
   8.7463900e+06   3.7231445e+01
   8.7465080e+06   3.4118652e+01
   8.9925820e+06   3.4851074e+01
