   8.9970000e+06   0.0000000e+00
   1.6941200e+05   3.5583496e+01
   1.7642600e+05   3.9672852e+01
   1.7668000e+05   3.6926270e+01
   1.7669600e+05   3.5949707e+01
   1.7674300e+05   4.9011230e+01
   1.7675300e+05   5.5480957e+01
   1.7678600e+05   4.9316406e+01
   1.7681200e+05   5.1208496e+01
   1.7682400e+05   4.1564941e+01
   1.7685300e+05   3.7597656e+01
   1.7686400e+05   4.1076660e+01
   1.7691000e+05   5.2001953e+01
   1.7696200e+05   3.7963867e+01
   1.7701400e+05   3.5339355e+01
   1.7703500e+05   4.2541504e+01
   1.7707900e+05   3.8085938e+01
   1.7713400e+05   3.9550781e+01
   1.7722000e+05   3.6560059e+01
   1.7813100e+05   4.6508789e+01
   1.7831300e+05   4.2541504e+01
   1.7835700e+05   3.6926270e+01
   1.7847100e+05   3.6437988e+01
   1.7909500e+05   3.5705566e+01
   2.2598800e+05   3.4729004e+01
   2.2611000e+05   3.6132813e+01
   2.2616300e+05   3.8330078e+01
   2.2618300e+05   6.1035156e+01
   2.2620200e+05   5.4077148e+01
   2.2623200e+05   7.4829102e+01
   2.2627400e+05   3.8146973e+01
   2.2631700e+05   4.4128418e+01
   2.2632900e+05   3.4790039e+01
   2.2635500e+05   4.0100098e+01
   2.2637100e+05   5.1086426e+01
   2.2640800e+05   4.6203613e+01
   2.2645100e+05   3.9855957e+01
   2.2646900e+05   3.6987305e+01
   2.2649300e+05   3.6682129e+01
   2.2652600e+05   3.4606934e+01
   2.2655400e+05   3.8818359e+01
   2.2656700e+05   3.6193848e+01
   2.2659300e+05   3.6987305e+01
   2.2683000e+05   4.1564941e+01
   2.2699500e+05   3.6987305e+01
   2.2749700e+05   4.0161133e+01
   2.2768500e+05   3.6621094e+01
   2.2784800e+05   4.6142578e+01
   2.2799500e+05   3.5156250e+01
   2.2823600e+05   3.5095215e+01
   2.2843000e+05   3.4790039e+01
   2.2901200e+05   3.5827637e+01
   2.2945500e+05   3.9733887e+01
   2.3542500e+05   3.6010742e+01
   2.3549100e+05   3.6315918e+01
   2.3582200e+05   3.5949707e+01
   2.3587400e+05   3.6560059e+01
   2.3590100e+05   3.7353516e+01
   2.3598200e+05   3.5522461e+01
   2.3599800e+05   5.8349609e+01
   2.3606300e+05   3.5278320e+01
   2.3610200e+05   4.7851563e+01
   2.3617100e+05   4.4311523e+01
   2.3621100e+05   3.4851074e+01
   2.3624000e+05   5.0354004e+01
   2.3631300e+05   4.2785645e+01
   2.3636900e+05   3.8391113e+01
   2.3640700e+05   3.6987305e+01
   2.3649000e+05   3.7475586e+01
   2.3669000e+05   3.6926270e+01
   2.3708000e+05   3.4851074e+01
   2.3726700e+05   3.6193848e+01
   2.4420500e+05   3.8635254e+01
   2.4430800e+05   3.8391113e+01
   2.4432200e+05   3.9062500e+01
   2.4442300e+05   3.8085938e+01
   2.4446300e+05   4.0100098e+01
   2.4450800e+05   3.6621094e+01
   2.4454100e+05   3.5888672e+01
   2.4458700e+05   3.5827637e+01
   2.4463500e+05   4.1992188e+01
   2.4466800e+05   3.7292480e+01
   2.4478800e+05   3.5156250e+01
   2.4485200e+05   3.6987305e+01
   2.4493700e+05   4.2785645e+01
   2.4501500e+05   3.5522461e+01
   2.4535200e+05   3.9855957e+01
   2.4621800e+05   3.6315918e+01
   2.5238000e+05   4.3823242e+01
   2.5249200e+05   3.4912109e+01
   2.5253800e+05   3.5949707e+01
   2.5260200e+05   3.8513184e+01
   2.5264400e+05   3.8330078e+01
   2.5266300e+05   3.6621094e+01
   2.5271300e+05   3.4667969e+01
   2.5272800e+05   3.6743164e+01
   2.5274100e+05   3.6193848e+01
   2.5285200e+05   3.4851074e+01
   2.5289800e+05   4.6203613e+01
   2.5293200e+05   3.6315918e+01
   2.5302400e+05   4.0161133e+01
   2.5321300e+05   3.8574219e+01
   2.5325500e+05   3.7231445e+01
   2.5330300e+05   3.4606934e+01
   2.5393400e+05   3.6926270e+01
   2.5959700e+05   4.1076660e+01
   2.5997000e+05   4.5349121e+01
   2.6014200e+05   4.0832520e+01
   2.6027700e+05   3.5827637e+01
   2.6048700e+05   4.0100098e+01
   2.6063400e+05   3.8574219e+01
   2.6096900e+05   3.4790039e+01
   2.6829600e+05   4.0405273e+01
   2.6852000e+05   4.1381836e+01
   2.6858200e+05   4.3884277e+01
   2.6870900e+05   3.8940430e+01
   2.6875600e+05   3.4973145e+01
   2.6890200e+05   4.4128418e+01
   2.6893200e+05   4.0466309e+01
   2.6924400e+05   3.6499023e+01
   2.7730000e+05   3.6437988e+01
   2.7745400e+05   3.7414551e+01
   2.7749600e+05   3.6560059e+01
   2.7753200e+05   4.0283203e+01
   2.7758500e+05   4.0893555e+01
   2.7781100e+05   3.5400391e+01
   2.7790800e+05   3.9062500e+01
   2.7799500e+05   3.5644531e+01
   2.7804800e+05   3.7353516e+01
   2.7817900e+05   3.8513184e+01
   2.7832300e+05   3.6010742e+01
   2.7845600e+05   3.7170410e+01
   2.8675400e+05   3.5766602e+01
   2.8681800e+05   3.7475586e+01
   2.8692900e+05   4.2175293e+01
   2.8717600e+05   3.7780762e+01
   2.8723800e+05   4.2114258e+01
   2.8762300e+05   3.8940430e+01
   3.3821900e+05   4.1625977e+01
   4.5657400e+05   3.5278320e+01
   4.8016000e+05   3.9672852e+01
   4.8021200e+05   4.1015625e+01
   4.8022900e+05   7.3974609e+01
   4.8024900e+05   5.0048828e+01
   4.8027500e+05   6.6284180e+01
   4.8028900e+05   5.1391602e+01
   4.8034200e+05   4.0222168e+01
   4.8035700e+05   6.9152832e+01
   4.8038100e+05   3.8757324e+01
   4.8039600e+05   4.5288086e+01
   4.8040800e+05   3.7902832e+01
   4.8042800e+05   3.8696289e+01
   4.8044300e+05   3.8024902e+01
   4.8046600e+05   3.5644531e+01
   4.8050400e+05   3.4851074e+01
   4.8059800e+05   3.8818359e+01
   4.8146300e+05   3.6804199e+01
   4.8174400e+05   3.7780762e+01
   4.8215800e+05   3.6865234e+01
   4.8232600e+05   3.9794922e+01
   4.8243000e+05   3.6193848e+01
   4.8289300e+05   3.4912109e+01
   4.8315400e+05   3.9611816e+01
   4.8354200e+05   3.9245605e+01
   4.9238600e+05   4.0710449e+01
   4.9243500e+05   3.4667969e+01
   4.9245300e+05   4.9621582e+01
   4.9248200e+05   6.1950684e+01
   4.9252000e+05   4.1076660e+01
   4.9256600e+05   5.0598145e+01
   4.9258900e+05   5.5847168e+01
   4.9262700e+05   5.7373047e+01
   4.9265700e+05   5.8776855e+01
   4.9270700e+05   3.4912109e+01
   4.9274900e+05   3.7841797e+01
   4.9277900e+05   4.3212891e+01
   4.9283600e+05   3.4606934e+01
   4.9285700e+05   3.4851074e+01
   4.9292600e+05   3.5095215e+01
   4.9294700e+05   4.3823242e+01
   4.9301700e+05   6.1462402e+01
   4.9307500e+05   4.2175293e+01
   4.9318500e+05   3.6193848e+01
   4.9323800e+05   4.0161133e+01
   4.9370700e+05   3.8330078e+01
   4.9386900e+05   4.1259766e+01
   4.9444300e+05   4.6691895e+01
   4.9463400e+05   3.6376953e+01
   4.9543200e+05   3.7475586e+01
   5.0015900e+05   3.9550781e+01
   5.0041900e+05   3.5888672e+01
   5.0052100e+05   4.1687012e+01
   5.0097500e+05   3.5766602e+01
   5.0137500e+05   3.5766602e+01
   5.0489200e+05   3.6254883e+01
   5.0504500e+05   4.0893555e+01
   5.0511500e+05   4.0893555e+01
   5.0515100e+05   3.4667969e+01
   5.0534800e+05   4.6203613e+01
   5.0548300e+05   5.7678223e+01
   5.0551300e+05   4.4494629e+01
   5.0556300e+05   3.6621094e+01
   5.0562600e+05   5.0598145e+01
   5.0564100e+05   4.2785645e+01
   5.0570300e+05   3.5888672e+01
   5.0576300e+05   3.4973145e+01
   5.0580300e+05   3.5522461e+01
   5.0586600e+05   3.4912109e+01
   5.0605100e+05   3.8085938e+01
   5.0619000e+05   3.6071777e+01
   5.0635200e+05   3.5400391e+01
   5.0659600e+05   3.5400391e+01
   5.0661300e+05   3.6560059e+01
   5.0692200e+05   3.5339355e+01
   5.1425300e+05   4.0222168e+01
   5.1432400e+05   4.0954590e+01
   5.1436200e+05   4.1076660e+01
   5.1443500e+05   6.2683105e+01
   5.1446000e+05   3.6743164e+01
   5.1448700e+05   3.9123535e+01
   5.1450400e+05   3.5583496e+01
   5.1453600e+05   3.6926270e+01
   5.1458800e+05   4.2907715e+01
   5.1462500e+05   4.3945313e+01
   5.1472200e+05   3.6865234e+01
   5.2086600e+05   3.6132813e+01
   5.2150500e+05   3.5400391e+01
   5.2154500e+05   3.5644531e+01
   5.2170100e+05   3.9916992e+01
   5.2189900e+05   4.3701172e+01
   5.2202700e+05   3.5034180e+01
   5.2226600e+05   4.3579102e+01
   5.2234000e+05   3.6193848e+01
   5.2237100e+05   3.9550781e+01
   5.2255300e+05   3.4606934e+01
   5.2269900e+05   3.4973145e+01
   5.3235300e+05   4.1564941e+01
   5.3253500e+05   3.6254883e+01
   5.3254700e+05   3.4851074e+01
   5.3264600e+05   7.1350098e+01
   5.3267400e+05   3.9306641e+01
   5.3270900e+05   5.9631348e+01
   5.3274900e+05   4.5715332e+01
   5.3278800e+05   3.9855957e+01
   5.3288100e+05   4.0710449e+01
   5.3289900e+05   3.4973145e+01
   5.3300500e+05   4.0405273e+01
   5.3307800e+05   3.6437988e+01
   5.3310800e+05   4.0222168e+01
   5.3318200e+05   3.4606934e+01
   5.3322100e+05   3.6376953e+01
   5.3356100e+05   3.8513184e+01
   5.3409000e+05   3.5766602e+01
   5.3921900e+05   3.6987305e+01
   5.3938400e+05   3.6560059e+01
   5.3946200e+05   4.2724609e+01
   5.3972500e+05   3.5461426e+01
   5.3981200e+05   3.5339355e+01
   5.4567300e+05   4.0161133e+01
   5.4624200e+05   3.8574219e+01
   5.4631700e+05   4.1503906e+01
   5.4636000e+05   4.5532227e+01
   5.4640400e+05   3.4851074e+01
   5.4655400e+05   4.3457031e+01
   5.4658200e+05   5.0659180e+01
   5.4682300e+05   3.4851074e+01
   5.4691200e+05   3.4851074e+01
   5.4744400e+05   3.4912109e+01
   5.5717200e+05   4.4006348e+01
   5.5746200e+05   4.3151855e+01
   5.5753400e+05   4.2602539e+01
   5.5756400e+05   3.5949707e+01
   5.5758400e+05   3.5644531e+01
   5.5765500e+05   5.0109863e+01
   5.5774600e+05   3.7841797e+01
   5.5790000e+05   3.9367676e+01
   5.5793200e+05   3.6987305e+01
   5.5838300e+05   3.5339355e+01
   5.5887700e+05   3.8330078e+01
   6.2569400e+05   3.5095215e+01
   6.5159600e+05   3.6987305e+01
   6.5426500e+05   3.9855957e+01
   6.8106400e+05   3.5766602e+01
   6.8770200e+05   3.4729004e+01
   6.8792500e+05   4.7363281e+01
   6.8795300e+05   3.9733887e+01
   6.8798000e+05   3.7292480e+01
   6.8800000e+05   5.8410645e+01
   6.8802100e+05   6.5185547e+01
   6.8803400e+05   3.4912109e+01
   6.8808400e+05   3.5217285e+01
   6.8814700e+05   5.1879883e+01
   6.8819400e+05   4.6203613e+01
   6.8822600e+05   3.4851074e+01
   6.8828700e+05   3.6560059e+01
   6.8835200e+05   5.2856445e+01
   6.8984300e+05   3.6132813e+01
   6.9049900e+05   4.1564941e+01
   6.9839600e+05   3.5278320e+01
   7.6439400e+05   3.9672852e+01
   7.6446400e+05   4.5532227e+01
   7.6451600e+05   5.1391602e+01
   7.6453200e+05   5.5541992e+01
   7.6455300e+05   7.7514648e+01
   7.6457400e+05   7.8125000e+01
   7.6461100e+05   5.3283691e+01
   7.6464100e+05   4.4006348e+01
   7.6466100e+05   4.8400879e+01
   7.6467500e+05   4.5349121e+01
   7.6470000e+05   3.4790039e+01
   7.6471400e+05   3.4851074e+01
   7.6475300e+05   4.0161133e+01
   7.6478200e+05   4.9682617e+01
   7.6481700e+05   3.5339355e+01
   7.6482700e+05   4.4921875e+01
   7.6489800e+05   3.8269043e+01
   7.6505000e+05   4.0893555e+01
   7.6509900e+05   3.7658691e+01
   7.6579700e+05   4.2724609e+01
   7.6602700e+05   3.6254883e+01
   7.6608800e+05   3.8757324e+01
   7.6618900e+05   3.5095215e+01
   7.6645800e+05   3.9550781e+01
   7.6664300e+05   4.4250488e+01
   7.6671500e+05   3.7658691e+01
   7.6724100e+05   3.4912109e+01
   7.7560800e+05   3.6682129e+01
   7.7567400e+05   3.5522461e+01
   7.7570600e+05   4.0283203e+01
   7.7578900e+05   4.0588379e+01
   7.7580600e+05   4.8400879e+01
   7.7583100e+05   5.0292969e+01
   7.7584500e+05   4.0344238e+01
   7.7589900e+05   3.4729004e+01
   7.7591100e+05   4.0588379e+01
   7.7595400e+05   3.8818359e+01
   7.7598000e+05   3.4790039e+01
   7.7599400e+05   4.0344238e+01
   7.7602100e+05   3.4729004e+01
   7.7609900e+05   5.8349609e+01
   7.7611100e+05   3.7170410e+01
   7.7612200e+05   3.6376953e+01
   7.7618900e+05   3.7048340e+01
   7.7623500e+05   3.4912109e+01
   7.7636500e+05   3.4973145e+01
   7.7638900e+05   3.4606934e+01
   7.7647400e+05   3.5461426e+01
   7.7704100e+05   3.8391113e+01
   7.7731700e+05   4.2297363e+01
   7.7739600e+05   3.6682129e+01
   7.7754100e+05   4.9133301e+01
   7.7781200e+05   3.5461426e+01
   7.8575200e+05   3.4790039e+01
   7.8577800e+05   4.7058105e+01
   7.8584000e+05   3.7780762e+01
   7.8585800e+05   3.6193848e+01
   7.8591700e+05   4.2480469e+01
   7.8594900e+05   4.0893555e+01
   7.8598000e+05   3.8757324e+01
   7.8603500e+05   4.1564941e+01
   7.8609400e+05   3.7536621e+01
   7.8613500e+05   3.8818359e+01
   7.8615500e+05   3.7841797e+01
   7.8619500e+05   3.5156250e+01
   7.8625800e+05   4.6813965e+01
   7.8638700e+05   3.9184570e+01
   7.8653500e+05   4.4067383e+01
   7.8661600e+05   3.6743164e+01
   7.8674800e+05   3.9611816e+01
   7.9260900e+05   3.6560059e+01
   7.9264100e+05   3.7902832e+01
   7.9274400e+05   4.2785645e+01
   7.9281000e+05   3.5522461e+01
   7.9303200e+05   3.7963867e+01
   7.9308500e+05   3.8330078e+01
   7.9352600e+05   3.6071777e+01
   7.9367700e+05   3.8574219e+01
   8.0028800e+05   3.6743164e+01
   8.0038400e+05   4.1015625e+01
   8.0042000e+05   3.6682129e+01
   8.0044700e+05   3.8208008e+01
   8.0054800e+05   3.8818359e+01
   8.0065600e+05   3.9672852e+01
   8.0069600e+05   3.7536621e+01
   8.0079100e+05   4.0100098e+01
   8.0084800e+05   3.8574219e+01
   8.0103800e+05   3.7048340e+01
   8.1501800e+05   3.8085938e+01
   8.1505800e+05   3.6376953e+01
   8.1528700e+05   4.3457031e+01
   8.1533000e+05   5.4992676e+01
   8.1537500e+05   3.7414551e+01
   8.1538700e+05   4.4433594e+01
   8.1541600e+05   6.1645508e+01
   8.1543300e+05   4.3884277e+01
   8.1548300e+05   4.1748047e+01
   8.1551700e+05   4.2541504e+01
   8.1552700e+05   3.5949707e+01
   8.1559400e+05   3.6132813e+01
   8.1563200e+05   3.6010742e+01
   8.1566700e+05   4.1931152e+01
   8.1573500e+05   3.4851074e+01
   8.1593200e+05   3.5888672e+01
   8.1603500e+05   4.1625977e+01
   8.1604500e+05   3.8513184e+01
   8.1611100e+05   3.7902832e+01
   8.1615500e+05   3.6926270e+01
   8.1627100e+05   4.1564941e+01
   8.2254900e+05   3.5400391e+01
   8.2269200e+05   4.2541504e+01
   8.2270800e+05   3.5766602e+01
   8.2279700e+05   3.5583496e+01
   8.2288400e+05   3.9062500e+01
   8.2292100e+05   3.7414551e+01
   8.2324600e+05   4.2480469e+01
   8.2364900e+05   3.5400391e+01
   8.3663200e+05   3.4790039e+01
   8.3686200e+05   3.5644531e+01
   8.3689600e+05   3.5888672e+01
   8.3696700e+05   3.7719727e+01
   8.3701600e+05   3.6560059e+01
   8.3712400e+05   4.2846680e+01
   8.3715200e+05   4.6508789e+01
   8.3722800e+05   4.5288086e+01
   8.3726500e+05   3.5339355e+01
   8.3732200e+05   4.4738770e+01
   8.3741000e+05   4.7058105e+01
   8.3742700e+05   4.1992188e+01
   8.3747600e+05   3.4851074e+01
   8.3766500e+05   4.0771484e+01
   8.3795300e+05   3.4912109e+01
   8.3847900e+05   3.6315918e+01
   8.4694500e+05   3.6621094e+01
   8.5388900e+05   3.8513184e+01
   8.5392500e+05   4.1748047e+01
   8.5398300e+05   4.2724609e+01
   8.5404300e+05   4.2480469e+01
   8.5405900e+05   4.3945313e+01
   8.5408300e+05   4.0954590e+01
   8.5410000e+05   4.7851563e+01
   8.5413800e+05   3.5461426e+01
   8.5418500e+05   4.6691895e+01
   8.5420100e+05   4.8461914e+01
   8.5421500e+05   4.1687012e+01
   8.5424600e+05   3.6132813e+01
   8.5431800e+05   4.3640137e+01
   8.5440800e+05   3.7597656e+01
   8.5447900e+05   3.8085938e+01
   8.5460000e+05   3.7414551e+01
   8.5511700e+05   3.5156250e+01
   8.5570400e+05   3.9062500e+01
   8.6289300e+05   3.4729004e+01
   8.6293400e+05   3.5461426e+01
   8.6298700e+05   3.7231445e+01
   8.6321500e+05   3.5339355e+01
   8.6348100e+05   3.6621094e+01
   8.6393400e+05   3.5583496e+01
   8.8049100e+05   3.4606934e+01
   8.8072000e+05   4.0283203e+01
   8.8088800e+05   4.2358398e+01
   8.8096400e+05   3.5705566e+01
   8.8107900e+05   4.9682617e+01
   8.8109900e+05   5.8105469e+01
   8.8116100e+05   3.9611816e+01
   8.8127200e+05   4.0710449e+01
   8.8159900e+05   4.0954590e+01
   8.8218200e+05   3.6132813e+01
   9.0770300e+05   3.6621094e+01
   9.0782400e+05   3.9978027e+01
   9.0785300e+05   3.5095215e+01
   9.0787800e+05   4.0100098e+01
   9.0793200e+05   3.7353516e+01
   9.0795700e+05   4.7241211e+01
   9.0799300e+05   3.9733887e+01
   9.0803100e+05   6.8237305e+01
   9.0807300e+05   3.4667969e+01
   9.0810400e+05   3.6010742e+01
   9.0813400e+05   4.7485352e+01
   9.0817300e+05   3.5400391e+01
   9.0822300e+05   3.9916992e+01
   9.0836100e+05   3.6315918e+01
   9.0841000e+05   3.6254883e+01
   9.0843500e+05   4.2419434e+01
   9.0927500e+05   3.9245605e+01
   9.1512300e+05   3.7353516e+01
   9.1521900e+05   3.5156250e+01
   9.1525600e+05   3.6621094e+01
   9.1529700e+05   4.2053223e+01
   9.1560100e+05   3.9428711e+01
   9.1581700e+05   3.5888672e+01
   1.0865890e+06   3.6132813e+01
   1.1129780e+06   4.1687012e+01
   1.1131000e+06   3.6560059e+01
   1.1131430e+06   3.6743164e+01
   1.1131770e+06   6.0913086e+01
   1.1131930e+06   5.5908203e+01
   1.1132230e+06   6.7687988e+01
   1.1132460e+06   4.5898438e+01
   1.1132660e+06   4.0954590e+01
   1.1132880e+06   4.9011230e+01
   1.1133150e+06   5.5297852e+01
   1.1133410e+06   4.3823242e+01
   1.1133720e+06   3.4912109e+01
   1.1133930e+06   3.7170410e+01
   1.1134050e+06   3.7109375e+01
   1.1134810e+06   3.5156250e+01
   1.1135010e+06   3.4667969e+01
   1.1135170e+06   3.7780762e+01
   1.1135460e+06   3.7902832e+01
   1.1135790e+06   4.9194336e+01
   1.1136750e+06   3.7170410e+01
   1.1152440e+06   3.5034180e+01
   1.1156300e+06   3.7963867e+01
   1.1159290e+06   3.4790039e+01
   1.1285210e+06   3.6010742e+01
   1.2563140e+06   4.6752930e+01
   1.2563360e+06   4.8278809e+01
   1.2563510e+06   3.7597656e+01
   1.2563860e+06   4.5104980e+01
   1.2564050e+06   7.1960449e+01
   1.2564500e+06   7.2875977e+01
   1.2564650e+06   6.1645508e+01
   1.2564930e+06   4.8950195e+01
   1.2565240e+06   4.7790527e+01
   1.2565430e+06   4.8400879e+01
   1.2565700e+06   6.1645508e+01
   1.2566280e+06   4.4677734e+01
   1.2566720e+06   5.5480957e+01
   1.2567170e+06   3.9062500e+01
   1.2567700e+06   4.0344238e+01
   1.2578240e+06   3.5095215e+01
   1.2580520e+06   3.9978027e+01
   1.2581320e+06   4.0039063e+01
   1.2584680e+06   3.6987305e+01
   1.3354960e+06   3.5705566e+01
   1.3740020e+06   3.8391113e+01
   1.3741270e+06   4.0283203e+01
   1.3741400e+06   4.2053223e+01
   1.3741930e+06   4.4799805e+01
   1.3742150e+06   8.2397461e+01
   1.3742290e+06   4.2236328e+01
   1.3742550e+06   6.6833496e+01
   1.3742730e+06   7.3669434e+01
   1.3742960e+06   5.6640625e+01
   1.3743260e+06   3.9672852e+01
   1.3743560e+06   5.8776855e+01
   1.3743810e+06   3.7841797e+01
   1.3743950e+06   3.9550781e+01
   1.3744220e+06   4.0588379e+01
   1.3744430e+06   4.1687012e+01
   1.3744890e+06   5.1330566e+01
   1.3745360e+06   4.3701172e+01
   1.3745790e+06   4.6875000e+01
   1.3746170e+06   3.7841797e+01
   1.3747300e+06   3.7719727e+01
   1.3751150e+06   3.6743164e+01
   1.3752910e+06   3.4973145e+01
   1.3756710e+06   4.9438477e+01
   1.3758450e+06   3.8330078e+01
   1.3762640e+06   3.5705566e+01
   1.3876540e+06   4.4006348e+01
   1.3876650e+06   5.5603027e+01
   1.3876900e+06   6.4392090e+01
   1.3877050e+06   7.8613281e+01
   1.3877340e+06   3.4851074e+01
   1.3877570e+06   5.6884766e+01
   1.3877780e+06   4.2663574e+01
   1.3878020e+06   4.2419434e+01
   1.3878180e+06   5.8105469e+01
   1.3878380e+06   4.3823242e+01
   1.3878980e+06   3.7048340e+01
   1.3879300e+06   5.8776855e+01
   1.3880110e+06   3.5522461e+01
   1.3880420e+06   3.5095215e+01
   1.3880730e+06   3.7475586e+01
   1.3881030e+06   3.7658691e+01
   1.3883250e+06   3.5583496e+01
   1.3887720e+06   3.8391113e+01
   1.3893170e+06   3.4606934e+01
   1.3899190e+06   3.7780762e+01
   1.3912870e+06   3.4667969e+01
   1.3913370e+06   4.1259766e+01
   1.3963510e+06   4.6142578e+01
   1.3967280e+06   3.6682129e+01
   1.3967680e+06   3.9733887e+01
   1.3968030e+06   3.6071777e+01
   1.3968160e+06   4.4189453e+01
   1.3968450e+06   4.2236328e+01
   1.3970750e+06   3.5888672e+01
   1.3971200e+06   3.6560059e+01
   1.3972210e+06   3.6132813e+01
   1.3973040e+06   3.8574219e+01
   1.3974090e+06   3.4973145e+01
   1.3974710e+06   3.4851074e+01
   1.3975010e+06   3.5461426e+01
   1.3975620e+06   3.8696289e+01
   1.4034560e+06   3.5705566e+01
   1.4035280e+06   3.6560059e+01
   1.4036520e+06   4.7424316e+01
   1.4036780e+06   3.4851074e+01
   1.4037290e+06   3.6071777e+01
   1.4037590e+06   3.7597656e+01
   1.4038600e+06   3.8024902e+01
   1.4040910e+06   3.4973145e+01
   1.4045060e+06   3.4667969e+01
   1.4046080e+06   3.4912109e+01
   1.4121770e+06   3.4790039e+01
   1.4124890e+06   3.5034180e+01
   1.4125750e+06   3.6254883e+01
   1.4125900e+06   3.5705566e+01
   1.4126850e+06   3.9550781e+01
   1.4127020e+06   4.1259766e+01
   1.4127160e+06   8.9782715e+01
   1.4127590e+06   3.7048340e+01
   1.4127950e+06   3.4912109e+01
   1.4128270e+06   4.0405273e+01
   1.4128850e+06   3.6193848e+01
   1.4129440e+06   3.7109375e+01
   1.4129780e+06   4.2602539e+01
   1.4130110e+06   5.1696777e+01
   1.4130460e+06   3.6071777e+01
   1.4131520e+06   3.5217285e+01
   1.4131890e+06   3.9733887e+01
   1.4132050e+06   3.7170410e+01
   1.4132880e+06   3.9978027e+01
   1.4133830e+06   4.2419434e+01
   1.4134310e+06   3.5949707e+01
   1.4135240e+06   4.0405273e+01
   1.4142930e+06   3.4912109e+01
   1.4200360e+06   3.9733887e+01
   1.4201200e+06   3.4851074e+01
   1.4203180e+06   3.9428711e+01
   1.4206000e+06   4.1320801e+01
   1.4207510e+06   3.4667969e+01
   1.4212420e+06   3.9916992e+01
   1.4271020e+06   3.6010742e+01
   1.4271610e+06   3.8879395e+01
   1.4272720e+06   3.6682129e+01
   1.4274620e+06   3.4667969e+01
   1.4274830e+06   3.5827637e+01
   1.4275000e+06   3.7658691e+01
   1.4275340e+06   4.5593262e+01
   1.4276020e+06   3.4667969e+01
   1.4276460e+06   4.3518066e+01
   1.4276860e+06   3.5949707e+01
   1.4277330e+06   4.3640137e+01
   1.4278050e+06   4.3212891e+01
   1.4278650e+06   3.9062500e+01
   1.4279440e+06   3.7048340e+01
   1.4285750e+06   4.2968750e+01
   1.4396040e+06   3.8391113e+01
   1.4396790e+06   3.8024902e+01
   1.4397460e+06   3.7841797e+01
   1.4397640e+06   3.9245605e+01
   1.4398440e+06   3.6560059e+01
   1.4398630e+06   4.2541504e+01
   1.4398780e+06   5.0537109e+01
   1.4399130e+06   5.0170898e+01
   1.4399270e+06   3.8146973e+01
   1.4399540e+06   3.5644531e+01
   1.4399840e+06   5.8959961e+01
   1.4400910e+06   4.8645020e+01
   1.4401240e+06   3.8208008e+01
   1.4402120e+06   4.4250488e+01
   1.4402870e+06   3.7231445e+01
   1.4405530e+06   3.6254883e+01
   1.4405680e+06   3.5461426e+01
   1.4412100e+06   3.6560059e+01
   1.4418370e+06   3.9306641e+01
   1.4421010e+06   3.4729004e+01
   1.4500050e+06   3.6437988e+01
   1.4500210e+06   4.0222168e+01
   1.4500530e+06   4.6264648e+01
   1.4500870e+06   4.2236328e+01
   1.4501330e+06   3.9611816e+01
   1.4501650e+06   5.5114746e+01
   1.4502390e+06   4.0405273e+01
   1.4502530e+06   3.5034180e+01
   1.4505500e+06   4.0588379e+01
   1.4509100e+06   4.1748047e+01
   1.4509850e+06   4.1198730e+01
   1.4510920e+06   3.8452148e+01
   1.4511460e+06   3.5278320e+01
   1.4516090e+06   3.5217285e+01
   1.4517060e+06   3.4851074e+01
   1.4584130e+06   4.1320801e+01
   1.4585730e+06   3.8574219e+01
   1.4586130e+06   3.7231445e+01
   1.4587970e+06   3.6254883e+01
   1.4802610e+06   4.0039063e+01
   1.4805280e+06   3.7109375e+01
   1.4805970e+06   3.6987305e+01
   1.4806180e+06   5.0354004e+01
   1.4806520e+06   3.7414551e+01
   1.4806640e+06   3.5461426e+01
   1.4806820e+06   5.5358887e+01
   1.4807320e+06   6.2316895e+01
   1.4807880e+06   4.4006348e+01
   1.4808030e+06   4.2663574e+01
   1.4808430e+06   6.9824219e+01
   1.4808610e+06   3.7536621e+01
   1.4809020e+06   4.6264648e+01
   1.4809210e+06   8.5083008e+01
   1.4809510e+06   4.4616699e+01
   1.4810210e+06   3.4667969e+01
   1.4810870e+06   4.4616699e+01
   1.4811540e+06   3.7536621e+01
   1.4812710e+06   4.2236328e+01
   1.4813490e+06   3.6132813e+01
   1.4816480e+06   3.8085938e+01
   1.4817680e+06   4.7302246e+01
   1.4836700e+06   3.5278320e+01
   1.4885000e+06   3.7048340e+01
   1.4886470e+06   3.5888672e+01
   1.4887230e+06   4.1503906e+01
   1.4887490e+06   3.5766602e+01
   1.4890640e+06   3.5461426e+01
   1.4893470e+06   3.5339355e+01
   1.4960720e+06   3.6865234e+01
   1.4961140e+06   4.2358398e+01
   1.4962080e+06   4.2358398e+01
   1.4964130e+06   3.5705566e+01
   1.4966880e+06   3.6010742e+01
   1.5030040e+06   3.6132813e+01
   1.5032230e+06   3.6743164e+01
   1.5034310e+06   4.0405273e+01
   1.5035220e+06   3.4790039e+01
   1.5035540e+06   3.5827637e+01
   1.5036120e+06   3.4729004e+01
   1.5038330e+06   3.5705566e+01
   1.5039340e+06   4.0161133e+01
   1.5118430e+06   3.5278320e+01
   1.5119910e+06   3.4851074e+01
   1.5121430e+06   3.5156250e+01
   1.5122560e+06   4.2297363e+01
   1.5123790e+06   3.6193848e+01
   1.5128610e+06   4.1992188e+01
   1.5129140e+06   3.7475586e+01
   1.5131120e+06   3.8940430e+01
   1.5624390e+06   3.8146973e+01
   1.5624710e+06   4.4311523e+01
   1.5625630e+06   3.5888672e+01
   1.5625870e+06   5.3833008e+01
   1.5625990e+06   4.6752930e+01
   1.5626410e+06   4.4738770e+01
   1.5626570e+06   3.6437988e+01
   1.5626850e+06   5.3955078e+01
   1.5627050e+06   3.9489746e+01
   1.5627290e+06   4.1931152e+01
   1.5627470e+06   4.1503906e+01
   1.5627740e+06   4.1015625e+01
   1.5628280e+06   6.0363770e+01
   1.5628520e+06   4.1259766e+01
   1.5632880e+06   3.5278320e+01
   1.5646560e+06   3.5400391e+01
   1.5674190e+06   3.7963867e+01
   1.5714960e+06   3.6560059e+01
   1.5717620e+06   3.4606934e+01
   1.5718320e+06   3.5339355e+01
   1.5719080e+06   3.9123535e+01
   1.5720350e+06   3.6437988e+01
   1.5720790e+06   3.6010742e+01
   1.5722220e+06   4.6203613e+01
   1.5724730e+06   3.7048340e+01
   1.5727210e+06   3.7292480e+01
   1.5786910e+06   4.1625977e+01
   1.5789000e+06   3.6682129e+01
   1.5789980e+06   3.6132813e+01
   1.5790920e+06   4.6691895e+01
   1.5791950e+06   4.3823242e+01
   1.5793820e+06   3.8330078e+01
   1.6003170e+06   3.5156250e+01
   1.6004450e+06   4.5898438e+01
   1.6004690e+06   3.9367676e+01
   1.6004900e+06   4.9560547e+01
   1.6005010e+06   5.4382324e+01
   1.6005230e+06   6.7138672e+01
   1.6005440e+06   7.5988770e+01
   1.6005660e+06   3.7536621e+01
   1.6005900e+06   6.3049316e+01
   1.6006020e+06   3.4912109e+01
   1.6006350e+06   4.7546387e+01
   1.6006470e+06   3.8818359e+01
   1.6006840e+06   4.4616699e+01
   1.6007370e+06   4.7241211e+01
   1.6007560e+06   3.5339355e+01
   1.6007930e+06   3.8085938e+01
   1.6008060e+06   5.5969238e+01
   1.6008480e+06   6.6406250e+01
   1.6010910e+06   3.6376953e+01
   1.6011770e+06   4.0344238e+01
   1.6021170e+06   3.6926270e+01
   1.6022890e+06   3.9855957e+01
   1.6025670e+06   4.3884277e+01
   1.6027810e+06   3.5949707e+01
   1.6075990e+06   3.7109375e+01
   1.6077710e+06   3.8208008e+01
   1.6079290e+06   3.7414551e+01
   1.6089760e+06   3.6743164e+01
   1.6145980e+06   3.5522461e+01
   1.6146860e+06   3.6987305e+01
   1.6147330e+06   3.8879395e+01
   1.6148030e+06   3.5644531e+01
   1.6148240e+06   3.5278320e+01
   1.6149090e+06   5.8593750e+01
   1.6149450e+06   3.7902832e+01
   1.6149740e+06   4.7851563e+01
   1.6150630e+06   3.8146973e+01
   1.6205380e+06   4.6691895e+01
   1.6205890e+06   4.1381836e+01
   1.6207780e+06   3.8330078e+01
   1.6276000e+06   3.5217285e+01
   1.6276400e+06   3.8574219e+01
   1.6279360e+06   3.9916992e+01
   1.6279840e+06   3.8208008e+01
   1.7551540e+06   3.4606934e+01
   1.7995500e+06   3.8513184e+01
   1.7999480e+06   3.6315918e+01
   1.8000000e+06   3.6010742e+01
   1.8001210e+06   4.5104980e+01
   1.8001440e+06   4.0588379e+01
   1.8001580e+06   3.6987305e+01
   1.8001920e+06   3.8879395e+01
   1.8002330e+06   4.8645020e+01
   1.8002430e+06   5.8593750e+01
   1.8002530e+06   4.0954590e+01
   1.8002650e+06   4.1687012e+01
   1.8002950e+06   4.3945313e+01
   1.8003150e+06   4.2480469e+01
   1.8003250e+06   4.9194336e+01
   1.8003680e+06   4.8461914e+01
   1.8004000e+06   5.3283691e+01
   1.8004270e+06   4.3945313e+01
   1.8004440e+06   5.7373047e+01
   1.8004930e+06   4.0039063e+01
   1.8005340e+06   3.9916992e+01
   1.8006080e+06   3.5888672e+01
   1.8006580e+06   4.4250488e+01
   1.8007210e+06   4.1564941e+01
   1.8010080e+06   3.5156250e+01
   1.8012980e+06   4.7668457e+01
   1.8015140e+06   3.4973145e+01
   1.8017590e+06   3.5705566e+01
   1.9868570e+06   3.5766602e+01
   1.9869800e+06   3.8024902e+01
   1.9870310e+06   7.0007324e+01
   1.9870560e+06   7.7636719e+01
   1.9870770e+06   5.2124023e+01
   1.9870920e+06   6.3049316e+01
   1.9871330e+06   5.3894043e+01
   1.9871950e+06   4.1503906e+01
   1.9872070e+06   3.6132813e+01
   1.9872180e+06   4.6630859e+01
   1.9872480e+06   4.5715332e+01
   1.9873330e+06   4.6875000e+01
   1.9874360e+06   4.2236328e+01
   1.9876590e+06   3.6987305e+01
   1.9877580e+06   4.1503906e+01
   1.9879770e+06   3.8085938e+01
   1.9882280e+06   3.9489746e+01
   1.9886000e+06   3.7109375e+01
   1.9887360e+06   3.4851074e+01
   1.9889840e+06   3.4790039e+01
   1.9893920e+06   4.2785645e+01
   2.2068060e+06   3.5583496e+01
   2.2069250e+06   3.5461426e+01
   2.2069450e+06   3.4790039e+01
   2.2069750e+06   5.0354004e+01
   2.2069930e+06   5.0598145e+01
   2.2070110e+06   4.3395996e+01
   2.2070230e+06   8.4472656e+01
   2.2070610e+06   4.7119141e+01
   2.2070890e+06   5.8044434e+01
   2.2071400e+06   4.4250488e+01
   2.2071670e+06   4.4494629e+01
   2.2071960e+06   4.3640137e+01
   2.2072500e+06   4.5410156e+01
   2.2073330e+06   3.4790039e+01
   2.2081690e+06   3.6743164e+01
   2.2086000e+06   3.7902832e+01
   2.2089250e+06   4.4677734e+01
   2.2100900e+06   3.6804199e+01
   2.3462190e+06   4.2297363e+01
   2.3462490e+06   5.6152344e+01
   2.3462680e+06   4.5715332e+01
   2.3462920e+06   4.7973633e+01
   2.3463020e+06   3.4912109e+01
   2.3463260e+06   4.2907715e+01
   2.3463370e+06   5.2001953e+01
   2.3463730e+06   4.9438477e+01
   2.3464140e+06   5.5236816e+01
   2.3464400e+06   3.6010742e+01
   2.3464600e+06   4.3334961e+01
   2.3465090e+06   3.9306641e+01
   2.3466650e+06   3.9489746e+01
   2.3474710e+06   4.9926758e+01
   2.3475520e+06   3.5156250e+01
   2.3479530e+06   3.9306641e+01
   2.3480420e+06   4.7851563e+01
   2.3483740e+06   4.0527344e+01
   2.3485460e+06   3.8879395e+01
   2.3486090e+06   3.7475586e+01
   2.4501710e+06   3.6010742e+01
   2.4510230e+06   4.3090820e+01
   2.4510330e+06   4.5715332e+01
   2.4510610e+06   4.4250488e+01
   2.4510880e+06   5.7373047e+01
   2.4511020e+06   4.5532227e+01
   2.4511210e+06   5.7556152e+01
   2.4511320e+06   4.3334961e+01
   2.4511480e+06   6.1645508e+01
   2.4511830e+06   3.5461426e+01
   2.4512100e+06   3.9123535e+01
   2.4512460e+06   4.7119141e+01
   2.4512810e+06   4.5593262e+01
   2.4513540e+06   4.2236328e+01
   2.4513820e+06   5.4565430e+01
   2.4514070e+06   4.3151855e+01
   2.4515540e+06   3.7414551e+01
   2.4525320e+06   3.7658691e+01
   2.4529390e+06   4.1259766e+01
   2.4542010e+06   3.4851074e+01
   2.4650120e+06   3.6193848e+01
   2.4650290e+06   3.6315918e+01
   2.4650660e+06   3.7414551e+01
   2.4650910e+06   5.7678223e+01
   2.4651120e+06   5.5419922e+01
   2.4651440e+06   5.1696777e+01
   2.4651730e+06   5.0231934e+01
   2.4651860e+06   3.4606934e+01
   2.4652170e+06   3.5339355e+01
   2.4652580e+06   4.1992188e+01
   2.4652730e+06   3.6315918e+01
   2.4653020e+06   4.0344238e+01
   2.4653130e+06   3.5827637e+01
   2.4653460e+06   4.3029785e+01
   2.4653760e+06   3.4973145e+01
   2.4654210e+06   4.4006348e+01
   2.4654730e+06   5.8898926e+01
   2.4654940e+06   3.7170410e+01
   2.4655980e+06   3.5400391e+01
   2.4657140e+06   4.0283203e+01
   2.4663490e+06   3.8696289e+01
   2.4665590e+06   3.8391113e+01
   2.4669760e+06   3.6499023e+01
   2.4672330e+06   3.5949707e+01
   2.4673840e+06   3.4912109e+01
   2.4685240e+06   3.4912109e+01
   2.4740850e+06   4.0832520e+01
   2.4742890e+06   3.5400391e+01
   2.4743190e+06   4.9804688e+01
   2.4743300e+06   3.6621094e+01
   2.4744440e+06   3.4973145e+01
   2.4744780e+06   5.6152344e+01
   2.4745250e+06   4.4433594e+01
   2.4746370e+06   3.5278320e+01
   2.4747480e+06   3.4667969e+01
   2.4748220e+06   3.4973145e+01
   2.4757860e+06   3.4912109e+01
   2.4810330e+06   3.5461426e+01
   2.4815200e+06   3.7902832e+01
   2.4849790e+06   3.5644531e+01
   2.4851170e+06   4.2236328e+01
   2.4851840e+06   5.1330566e+01
   2.4852070e+06   3.9184570e+01
   2.4852270e+06   4.3273926e+01
   2.4852540e+06   3.7719727e+01
   2.4852860e+06   5.3466797e+01
   2.4853200e+06   4.5471191e+01
   2.4853500e+06   4.6264648e+01
   2.4853720e+06   3.7841797e+01
   2.4853830e+06   3.6193848e+01
   2.4854360e+06   3.5644531e+01
   2.4854940e+06   3.6743164e+01
   2.4855390e+06   3.8085938e+01
   2.4856080e+06   3.4606934e+01
   2.4856180e+06   3.5095215e+01
   2.4858470e+06   3.5034180e+01
   2.4863180e+06   3.8513184e+01
   2.4870790e+06   3.7780762e+01
   2.4913960e+06   3.5705566e+01
   2.4915350e+06   3.9611816e+01
   2.4915670e+06   3.6682129e+01
   2.4916520e+06   3.6437988e+01
   2.4917010e+06   3.9184570e+01
   2.4917900e+06   3.7475586e+01
   2.4918840e+06   3.6560059e+01
   2.4919630e+06   4.4433594e+01
   2.4921130e+06   3.7170410e+01
   2.4922740e+06   3.7780762e+01
   2.4989590e+06   3.6743164e+01
   2.4991360e+06   3.6804199e+01
   2.4991830e+06   4.3579102e+01
   2.4992360e+06   4.5166016e+01
   2.4992600e+06   3.9184570e+01
   2.4993300e+06   4.0710449e+01
   2.4993550e+06   3.8574219e+01
   2.4993840e+06   4.1259766e+01
   2.4993950e+06   3.6865234e+01
   2.4994430e+06   4.0649414e+01
   2.4994670e+06   3.8024902e+01
   2.4998180e+06   4.1442871e+01
   2.5003940e+06   3.8330078e+01
   2.5008860e+06   3.5583496e+01
   2.5068280e+06   3.5217285e+01
   2.5069150e+06   3.5034180e+01
   2.5069460e+06   4.4067383e+01
   2.5069590e+06   3.5522461e+01
   2.5071950e+06   3.8452148e+01
   2.5074940e+06   3.5156250e+01
   2.5135040e+06   3.5461426e+01
   2.5137680e+06   3.9916992e+01
   2.5138890e+06   3.7475586e+01
   2.5142680e+06   3.6499023e+01
   2.5146300e+06   3.8818359e+01
   2.5214790e+06   3.6315918e+01
   2.5215750e+06   3.7414551e+01
   2.5216150e+06   4.8583984e+01
   2.5217410e+06   3.7414551e+01
   2.5218350e+06   4.7424316e+01
   2.5218730e+06   3.8208008e+01
   2.5219680e+06   3.9733887e+01
   2.5222150e+06   3.6865234e+01
   2.5222640e+06   3.5034180e+01
   2.5224080e+06   3.9184570e+01
   2.5291440e+06   3.8208008e+01
   2.5292240e+06   4.2663574e+01
   2.5292630e+06   3.6376953e+01
   2.5293340e+06   3.6193848e+01
   2.5298390e+06   3.6437988e+01
   2.5458310e+06   3.6499023e+01
   2.5458950e+06   4.2053223e+01
   2.5459170e+06   4.8706055e+01
   2.5459440e+06   3.9855957e+01
   2.5459590e+06   3.6560059e+01
   2.5459980e+06   3.5095215e+01
   2.5460200e+06   4.0710449e+01
   2.5460590e+06   4.0588379e+01
   2.5460850e+06   3.6987305e+01
   2.5461190e+06   4.0893555e+01
   2.5461420e+06   5.4321289e+01
   2.5461800e+06   4.6569824e+01
   2.5462260e+06   4.3334961e+01
   2.5462600e+06   3.9367676e+01
   2.5462790e+06   5.4809570e+01
   2.5464150e+06   3.5400391e+01
   2.5464250e+06   3.7292480e+01
   2.5465110e+06   3.7048340e+01
   2.5520830e+06   3.4973145e+01
   2.5567600e+06   3.8208008e+01
   2.5568840e+06   3.8635254e+01
   2.5569160e+06   3.6193848e+01
   2.5571720e+06   3.9062500e+01
   2.5622860e+06   3.9367676e+01
   2.5626890e+06   4.1320801e+01
   2.5627740e+06   3.6926270e+01
   2.5629370e+06   3.6987305e+01
   2.5630460e+06   3.5705566e+01
   2.5630890e+06   3.6987305e+01
   2.5725810e+06   4.9499512e+01
   2.5728030e+06   3.7475586e+01
   2.5728500e+06   3.6376953e+01
   2.5730210e+06   3.4851074e+01
   2.5730740e+06   3.4790039e+01
   2.5730900e+06   3.9184570e+01
   2.5731230e+06   4.3334961e+01
   2.5731470e+06   4.3823242e+01
   2.5732700e+06   3.7780762e+01
   2.5733580e+06   3.5888672e+01
   2.5810410e+06   4.0527344e+01
   2.5811080e+06   3.5644531e+01
   2.5812180e+06   4.1931152e+01
   2.5818270e+06   3.5095215e+01
   2.5820750e+06   3.9062500e+01
   2.6152610e+06   3.5278320e+01
   2.6153340e+06   3.8452148e+01
   2.6153880e+06   3.8024902e+01
   2.6154080e+06   4.5349121e+01
   2.6154200e+06   6.0180664e+01
   2.6154570e+06   5.3710938e+01
   2.6154830e+06   4.3457031e+01
   2.6154980e+06   4.7058105e+01
   2.6155120e+06   4.1259766e+01
   2.6155470e+06   3.6132813e+01
   2.6155790e+06   3.5644531e+01
   2.6156120e+06   3.5217285e+01
   2.6156390e+06   3.5400391e+01
   2.6156610e+06   3.9611816e+01
   2.6157080e+06   3.6132813e+01
   2.6158080e+06   3.5888672e+01
   2.6158810e+06   4.0283203e+01
   2.6160230e+06   3.9367676e+01
   2.6160960e+06   3.4667969e+01
   2.6161910e+06   3.9367676e+01
   2.6175140e+06   3.5217285e+01
   2.6177760e+06   4.3029785e+01
   2.6229030e+06   3.4667969e+01
   2.6230050e+06   3.4606934e+01
   2.6230650e+06   4.1137695e+01
   2.6266650e+06   3.8391113e+01
   2.6271230e+06   3.6132813e+01
   2.6271640e+06   3.4606934e+01
   2.6278050e+06   3.8818359e+01
   2.6279900e+06   3.4973145e+01
   2.6351120e+06   3.6499023e+01
   2.6352070e+06   3.8452148e+01
   2.6352370e+06   3.5949707e+01
   2.6354130e+06   4.3273926e+01
   2.6354790e+06   3.5156250e+01
   2.6356970e+06   3.4912109e+01
   2.6359590e+06   3.9306641e+01
   2.6361720e+06   3.9611816e+01
   2.6443230e+06   4.1259766e+01
   2.6448150e+06   3.5095215e+01
   2.6601160e+06   3.7109375e+01
   2.6601260e+06   3.5278320e+01
   2.6601670e+06   4.4677734e+01
   2.6601850e+06   3.9184570e+01
   2.6602150e+06   6.0607910e+01
   2.6602310e+06   5.2551270e+01
   2.6602650e+06   4.0588379e+01
   2.6602760e+06   3.5644531e+01
   2.6602930e+06   3.5217285e+01
   2.6603560e+06   5.3100586e+01
   2.6603830e+06   5.9448242e+01
   2.6604610e+06   3.9855957e+01
   2.6604850e+06   4.7119141e+01
   2.6606380e+06   4.9865723e+01
   2.6607040e+06   4.5104980e+01
   2.6607740e+06   3.4729004e+01
   2.6608590e+06   3.5217285e+01
   2.6612620e+06   3.4851074e+01
   2.6618030e+06   3.6437988e+01
   2.6623650e+06   3.7231445e+01
   2.6689290e+06   4.0710449e+01
   2.6690010e+06   3.8696289e+01
   2.6690470e+06   3.8818359e+01
   2.6699450e+06   4.1259766e+01
   2.6786210e+06   3.6682129e+01
   2.6787140e+06   3.4790039e+01
   2.6788080e+06   3.8696289e+01
   2.6788180e+06   3.5583496e+01
   2.6788460e+06   4.9682617e+01
   2.6789220e+06   4.1870117e+01
   2.6789850e+06   4.0893555e+01
   2.6790280e+06   3.9245605e+01
   2.6794180e+06   3.6926270e+01
   2.6903650e+06   3.8024902e+01
   2.6903930e+06   3.5278320e+01
   2.6905780e+06   3.5522461e+01
   2.6906270e+06   3.5888672e+01
   2.6909020e+06   3.9062500e+01
   2.6914180e+06   3.5278320e+01
   2.7120970e+06   4.0649414e+01
   2.7121390e+06   3.6315918e+01
   2.7122240e+06   3.5400391e+01
   2.7122440e+06   3.9489746e+01
   2.7122730e+06   3.5522461e+01
   2.7123100e+06   3.9245605e+01
   2.7123750e+06   4.0222168e+01
   2.7123980e+06   4.4921875e+01
   2.7124630e+06   5.8471680e+01
   2.7125050e+06   3.7536621e+01
   2.7125550e+06   4.0039063e+01
   2.7125910e+06   3.4912109e+01
   2.7126470e+06   4.1320801e+01
   2.7127460e+06   3.6071777e+01
   2.7127980e+06   3.5095215e+01
   2.7128440e+06   3.8818359e+01
   2.7129440e+06   4.7607422e+01
   2.7130270e+06   4.0344238e+01
   2.7130880e+06   4.1198730e+01
   2.7132810e+06   3.5095215e+01
   2.7139100e+06   3.5949707e+01
   2.9019020e+06   7.4157715e+01
   3.0763090e+06   3.9611816e+01
   3.0763670e+06   3.9611816e+01
   3.0764590e+06   4.6936035e+01
   3.0764880e+06   5.0170898e+01
   3.0765150e+06   5.3222656e+01
   3.0765330e+06   4.0710449e+01
   3.0765540e+06   4.5715332e+01
   3.0765750e+06   4.5959473e+01
   3.0765930e+06   4.7668457e+01
   3.0766140e+06   4.2236328e+01
   3.0766770e+06   5.8105469e+01
   3.0767170e+06   4.7607422e+01
   3.0768050e+06   3.9001465e+01
   3.0768180e+06   3.4729004e+01
   3.0770580e+06   4.0771484e+01
   3.0771630e+06   3.5583496e+01
   3.0779020e+06   3.8574219e+01
   3.0781610e+06   3.6865234e+01
   3.0783700e+06   4.5837402e+01
   3.2944610e+06   6.9274902e+01
   3.2944820e+06   5.1940918e+01
   3.2945140e+06   5.5358887e+01
   3.2945430e+06   4.0039063e+01
   3.2945620e+06   5.3771973e+01
   3.2945820e+06   3.5522461e+01
   3.2946060e+06   3.9855957e+01
   3.2946340e+06   4.6142578e+01
   3.2946590e+06   4.2114258e+01
   3.2946860e+06   4.8095703e+01
   3.2946960e+06   4.6203613e+01
   3.2947340e+06   3.6254883e+01
   3.2948510e+06   4.2602539e+01
   3.2949470e+06   4.0771484e+01
   3.2950860e+06   3.6743164e+01
   3.2953630e+06   3.6499023e+01
   3.2958170e+06   3.4912109e+01
   3.2965480e+06   3.6682129e+01
   3.2969380e+06   3.6315918e+01
   3.3486450e+06   3.9123535e+01
   3.3487170e+06   3.4729004e+01
   3.3487470e+06   4.1259766e+01
   3.3487650e+06   3.6376953e+01
   3.3487790e+06   5.9143066e+01
   3.3488010e+06   7.5988770e+01
   3.3488300e+06   4.9926758e+01
   3.3488500e+06   5.3161621e+01
   3.3488720e+06   4.3090820e+01
   3.3488910e+06   6.1523438e+01
   3.3489080e+06   5.8959961e+01
   3.3489230e+06   4.2358398e+01
   3.3489410e+06   3.8513184e+01
   3.3489670e+06   4.9804688e+01
   3.3489820e+06   3.7841797e+01
   3.3491360e+06   4.2236328e+01
   3.3491620e+06   3.6621094e+01
   3.3492890e+06   4.3334961e+01
   3.3493820e+06   3.8452148e+01
   3.3494460e+06   3.6926270e+01
   3.3501770e+06   4.1015625e+01
   3.3502300e+06   4.1137695e+01
   3.3506190e+06   3.7292480e+01
   3.3506900e+06   3.5461426e+01
   3.3513270e+06   3.6987305e+01
   3.3518040e+06   3.4606934e+01
   3.3521320e+06   3.6743164e+01
   3.3597730e+06   3.7597656e+01
   3.3598560e+06   3.7353516e+01
   3.3599070e+06   3.7719727e+01
   3.3599670e+06   3.7780762e+01
   3.3600150e+06   4.4860840e+01
   3.3600490e+06   3.5766602e+01
   3.3600720e+06   6.8237305e+01
   3.3601040e+06   4.5776367e+01
   3.3601710e+06   3.7902832e+01
   3.3601940e+06   3.8513184e+01
   3.3602290e+06   5.6091309e+01
   3.3602560e+06   4.4555664e+01
   3.3602920e+06   4.4494629e+01
   3.3603190e+06   3.6071777e+01
   3.3603740e+06   4.4372559e+01
   3.3604330e+06   3.7963867e+01
   3.3604570e+06   5.1757813e+01
   3.3604910e+06   4.7790527e+01
   3.3605450e+06   5.0476074e+01
   3.3606670e+06   4.1870117e+01
   3.3608850e+06   4.9682617e+01
   3.3614390e+06   3.7109375e+01
   3.3616110e+06   4.5471191e+01
   3.3619970e+06   3.4973145e+01
   3.3623650e+06   3.5217285e+01
   3.3674130e+06   3.6315918e+01
   3.3675960e+06   3.4973145e+01
   3.3692860e+06   3.7902832e+01
   3.3696680e+06   3.7353516e+01
   3.3697280e+06   4.0039063e+01
   3.3698180e+06   3.6743164e+01
   3.3698820e+06   3.5583496e+01
   3.3699790e+06   3.9611816e+01
   3.3700530e+06   3.6315918e+01
   3.3701400e+06   3.6560059e+01
   3.3702160e+06   3.5278320e+01
   3.3702430e+06   4.3212891e+01
   3.3703120e+06   3.4729004e+01
   3.3706670e+06   4.0222168e+01
   3.3712210e+06   4.0222168e+01
   3.3763840e+06   3.8757324e+01
   3.3764870e+06   3.7048340e+01
   3.3765990e+06   4.4311523e+01
   3.3767110e+06   3.6865234e+01
   3.3911610e+06   3.5400391e+01
   3.3912860e+06   3.5156250e+01
   3.3913320e+06   3.5156250e+01
   3.3915590e+06   3.5827637e+01
   3.3916120e+06   4.5227051e+01
   3.3916240e+06   4.3518066e+01
   3.3916630e+06   6.6467285e+01
   3.3916920e+06   5.4199219e+01
   3.3917160e+06   5.2551270e+01
   3.3917420e+06   5.8410645e+01
   3.3917680e+06   6.9396973e+01
   3.3917820e+06   4.0039063e+01
   3.3918370e+06   3.8940430e+01
   3.3918610e+06   3.9184570e+01
   3.3918730e+06   4.3884277e+01
   3.3919310e+06   5.1269531e+01
   3.3919710e+06   3.5400391e+01
   3.3919820e+06   4.1198730e+01
   3.3920110e+06   3.6682129e+01
   3.3920480e+06   3.9245605e+01
   3.3921950e+06   3.6071777e+01
   3.3923290e+06   3.5583496e+01
   3.3927530e+06   3.5583496e+01
   3.3940990e+06   3.8208008e+01
   3.3995990e+06   3.6132813e+01
   3.3996900e+06   3.6193848e+01
   3.3999030e+06   3.7109375e+01
   3.4000150e+06   3.8024902e+01
   3.4001540e+06   3.6560059e+01
   3.4048970e+06   3.6315918e+01
   3.4049410e+06   3.4606934e+01
   3.4052060e+06   3.6987305e+01
   3.4104510e+06   3.6743164e+01
   3.4104710e+06   3.5461426e+01
   3.4106350e+06   4.4189453e+01
   3.4106510e+06   3.7597656e+01
   3.4106810e+06   3.8757324e+01
   3.4107800e+06   3.6621094e+01
   3.4108610e+06   3.5766602e+01
   3.4109150e+06   3.6254883e+01
   3.4110120e+06   3.6193848e+01
   3.4110480e+06   3.7841797e+01
   3.4119150e+06   4.1992188e+01
   3.4181770e+06   3.6254883e+01
   3.4186480e+06   3.5949707e+01
   3.4187170e+06   3.6743164e+01
   3.4189660e+06   3.6071777e+01
   3.4193100e+06   4.2358398e+01
   3.4195070e+06   3.6193848e+01
   3.4198710e+06   3.7292480e+01
   3.4250980e+06   3.4851074e+01
   3.4253070e+06   3.8513184e+01
   3.4253660e+06   4.0100098e+01
   3.4254090e+06   3.6010742e+01
   3.4258820e+06   4.0283203e+01
   3.4261220e+06   3.5583496e+01
   3.4262830e+06   3.4790039e+01
   3.4321350e+06   3.6254883e+01
   3.4324320e+06   3.8208008e+01
   3.4326150e+06   3.7658691e+01
   3.4326870e+06   3.5278320e+01
   3.4328740e+06   3.5644531e+01
   3.4329320e+06   3.5766602e+01
   3.4330790e+06   4.1564941e+01
   3.4333980e+06   3.5095215e+01
   3.4416050e+06   3.8879395e+01
   3.4416430e+06   4.5288086e+01
   3.4417050e+06   4.5288086e+01
   3.4417400e+06   3.7292480e+01
   3.4417650e+06   3.6071777e+01
   3.4417980e+06   3.9367676e+01
   3.4418360e+06   3.5583496e+01
   3.4419550e+06   3.8452148e+01
   3.4423480e+06   3.9550781e+01
   3.4538050e+06   4.2785645e+01
   3.4542610e+06   4.9133301e+01
   3.4543020e+06   3.6376953e+01
   3.4543280e+06   3.4851074e+01
   3.4543860e+06   6.0546875e+01
   3.4544000e+06   5.3894043e+01
   3.4544500e+06   4.3823242e+01
   3.4544820e+06   3.4606934e+01
   3.4545660e+06   4.3640137e+01
   3.4545940e+06   4.4677734e+01
   3.4546980e+06   4.5349121e+01
   3.4549720e+06   3.9550781e+01
   3.4665130e+06   3.6621094e+01
   3.4665460e+06   3.6071777e+01
   3.4666150e+06   5.4382324e+01
   3.4666260e+06   3.9916992e+01
   3.4667400e+06   5.3222656e+01
   3.4667680e+06   3.8208008e+01
   3.4675660e+06   3.7048340e+01
   3.4807520e+06   3.5644531e+01
   3.4807840e+06   3.7902832e+01
   3.4808830e+06   4.4494629e+01
   3.4809110e+06   3.9916992e+01
   3.4809220e+06   5.1452637e+01
   3.4809760e+06   3.7902832e+01
   3.4810140e+06   4.4677734e+01
   3.4810600e+06   4.4128418e+01
   3.4811090e+06   3.9245605e+01
   3.4811410e+06   4.5349121e+01
   3.4812090e+06   3.5095215e+01
   3.4812360e+06   3.6437988e+01
   3.4814350e+06   4.4067383e+01
   3.4929670e+06   4.4189453e+01
   3.4929850e+06   4.0832520e+01
   3.4930060e+06   4.2785645e+01
   3.4930730e+06   4.4799805e+01
   3.4930920e+06   4.7729492e+01
   3.4931290e+06   3.5949707e+01
   3.4931390e+06   4.6447754e+01
   3.4932740e+06   3.8208008e+01
   3.5058750e+06   3.8818359e+01
   3.5059270e+06   3.5095215e+01
   3.5059800e+06   3.7963867e+01
   3.5060370e+06   6.8603516e+01
   3.5061090e+06   4.5776367e+01
   3.5061490e+06   3.5766602e+01
   3.5063600e+06   3.4729004e+01
   3.5069500e+06   3.9978027e+01
   3.5194690e+06   3.6315918e+01
   3.5194990e+06   3.6315918e+01
   3.5196310e+06   3.5583496e+01
   3.5198690e+06   4.0222168e+01
   3.5202590e+06   4.7241211e+01
   3.5203450e+06   3.6987305e+01
   3.5391490e+06   3.6071777e+01
   3.5392110e+06   3.5888672e+01
   3.5392450e+06   4.1259766e+01
   3.5393090e+06   4.6875000e+01
   3.5393230e+06   3.9428711e+01
   3.5393690e+06   3.5705566e+01
   3.5394360e+06   5.5908203e+01
   3.5394590e+06   5.0720215e+01
   3.5395100e+06   4.0527344e+01
   3.5395830e+06   3.4912109e+01
   3.5397280e+06   3.5278320e+01
   3.5398600e+06   4.1809082e+01
   3.5399340e+06   5.8959961e+01
   3.5407570e+06   3.5949707e+01
   3.5577380e+06   3.6315918e+01
   3.5578240e+06   4.1137695e+01
   3.5579600e+06   3.5644531e+01
   3.5579960e+06   4.1748047e+01
   3.5580110e+06   5.2734375e+01
   3.5580380e+06   4.0893555e+01
   3.5581370e+06   3.5766602e+01
   3.5581990e+06   4.0283203e+01
   3.5584720e+06   3.4729004e+01
   3.5787640e+06   3.9428711e+01
   3.5788260e+06   4.3029785e+01
   3.5788480e+06   3.6865234e+01
   3.5788710e+06   3.9978027e+01
   3.5789130e+06   3.6926270e+01
   3.5789500e+06   3.7719727e+01
   3.5789630e+06   4.2053223e+01
   3.5790090e+06   3.6437988e+01
   3.5792450e+06   3.8574219e+01
   3.5793540e+06   3.7048340e+01
   3.5795280e+06   3.6132813e+01
   3.5797280e+06   3.5766602e+01
   3.5800210e+06   3.5766602e+01
   3.7873070e+06   4.0161133e+01
   3.7873580e+06   5.1391602e+01
   3.7873890e+06   5.4199219e+01
   3.7874190e+06   6.7199707e+01
   3.7874450e+06   5.9326172e+01
   3.7874680e+06   4.6020508e+01
   3.7874980e+06   3.6743164e+01
   3.7875240e+06   4.7119141e+01
   3.7875650e+06   5.2185059e+01
   3.7876410e+06   3.6926270e+01
   3.7877270e+06   3.6254883e+01
   3.7878240e+06   3.7109375e+01
   3.7878580e+06   3.4912109e+01
   3.7881240e+06   4.5715332e+01
   3.7891900e+06   3.4912109e+01
   3.7893000e+06   3.6254883e+01
   3.7895440e+06   3.5339355e+01
   3.7896770e+06   3.5888672e+01
   3.8650970e+06   3.6010742e+01
   4.0110520e+06   3.7719727e+01
   4.0110890e+06   3.7780762e+01
   4.0111250e+06   5.6518555e+01
   4.0111430e+06   4.8278809e+01
   4.0111760e+06   4.3518066e+01
   4.0111880e+06   4.1748047e+01
   4.0112120e+06   3.9916992e+01
   4.0112560e+06   4.8828125e+01
   4.0112670e+06   4.5776367e+01
   4.0112870e+06   4.1076660e+01
   4.0113640e+06   3.9245605e+01
   4.0113820e+06   3.9123535e+01
   4.0114740e+06   3.4606934e+01
   4.0114930e+06   3.6315918e+01
   4.0115880e+06   3.5339355e+01
   4.0118230e+06   3.6376953e+01
   4.0119160e+06   3.9245605e+01
   4.0126270e+06   3.8085938e+01
   4.0128440e+06   4.2724609e+01
   4.0133180e+06   3.4729004e+01
   4.0144070e+06   3.5400391e+01
   4.0425000e+06   6.3964844e+01
   4.2234430e+06   3.9428711e+01
   4.2234780e+06   3.9672852e+01
   4.2234970e+06   4.0649414e+01
   4.2235260e+06   3.8635254e+01
   4.2235560e+06   8.5144043e+01
   4.2235700e+06   5.3466797e+01
   4.2235970e+06   4.3334961e+01
   4.2236090e+06   3.6315918e+01
   4.2236380e+06   3.6682129e+01
   4.2236780e+06   3.8208008e+01
   4.2236890e+06   5.5786133e+01
   4.2237430e+06   4.3945313e+01
   4.2237760e+06   3.4973145e+01
   4.2238330e+06   3.6621094e+01
   4.2238840e+06   3.7536621e+01
   4.2240350e+06   3.9550781e+01
   4.2247630e+06   3.6682129e+01
   4.2249640e+06   3.6132813e+01
   4.2256700e+06   3.6254883e+01
   4.2260470e+06   3.7780762e+01
   4.3431420e+06   3.6621094e+01
   4.3431680e+06   4.2419434e+01
   4.3432010e+06   4.4738770e+01
   4.3432240e+06   6.3171387e+01
   4.3432390e+06   5.6274414e+01
   4.3432760e+06   4.9987793e+01
   4.3433570e+06   5.8837891e+01
   4.3433810e+06   4.4677734e+01
   4.3434080e+06   4.7790527e+01
   4.3434640e+06   4.3823242e+01
   4.3435020e+06   3.8513184e+01
   4.3435290e+06   4.4860840e+01
   4.3436050e+06   3.6682129e+01
   4.3438100e+06   3.4729004e+01
   4.3438740e+06   3.8024902e+01
   4.3444970e+06   3.5522461e+01
   4.3448070e+06   3.4667969e+01
   4.3457550e+06   3.5034180e+01
   4.3626800e+06   3.8085938e+01
   4.4479710e+06   3.7597656e+01
   4.4481630e+06   3.5949707e+01
   4.4482200e+06   3.6621094e+01
   4.4482310e+06   4.1687012e+01
   4.4482550e+06   4.1198730e+01
   4.4482750e+06   6.9580078e+01
   4.4482930e+06   4.1625977e+01
   4.4483210e+06   4.2602539e+01
   4.4483320e+06   4.5715332e+01
   4.4483510e+06   4.5654297e+01
   4.4483630e+06   4.6203613e+01
   4.4483840e+06   4.8767090e+01
   4.4483990e+06   4.1931152e+01
   4.4484310e+06   4.0710449e+01
   4.4484980e+06   3.7231445e+01
   4.4485990e+06   4.1870117e+01
   4.4486800e+06   4.3090820e+01
   4.4493840e+06   3.5583496e+01
   4.4500350e+06   3.7902832e+01
   4.4501920e+06   3.4973145e+01
   4.4503880e+06   3.4729004e+01
   4.4599730e+06   3.5095215e+01
   4.4600700e+06   3.8452148e+01
   4.4603880e+06   4.4677734e+01
   4.4604240e+06   3.8757324e+01
   4.4604360e+06   6.3537598e+01
   4.4604570e+06   3.5339355e+01
   4.4605010e+06   3.5766602e+01
   4.4605160e+06   4.1015625e+01
   4.4605440e+06   3.5644531e+01
   4.4605790e+06   5.0659180e+01
   4.4606040e+06   4.1381836e+01
   4.4606350e+06   5.0231934e+01
   4.4606760e+06   4.4128418e+01
   4.4606950e+06   4.0100098e+01
   4.4607160e+06   4.3090820e+01
   4.4607380e+06   3.8513184e+01
   4.4608310e+06   4.3334961e+01
   4.4610180e+06   4.2053223e+01
   4.4612790e+06   3.5278320e+01
   4.4617280e+06   3.4912109e+01
   4.4629240e+06   3.8513184e+01
   4.4632250e+06   3.7048340e+01
   4.4686980e+06   3.5644531e+01
   4.4688040e+06   3.9855957e+01
   4.4688790e+06   3.8818359e+01
   4.4690520e+06   4.5288086e+01
   4.4691700e+06   3.9001465e+01
   4.4693540e+06   3.5644531e+01
   4.4696550e+06   4.0893555e+01
   4.4697090e+06   3.8513184e+01
   4.4698940e+06   3.8574219e+01
   4.4744090e+06   3.4912109e+01
   4.4748750e+06   3.5095215e+01
   4.4749100e+06   3.8146973e+01
   4.4751160e+06   3.5827637e+01
   4.4818700e+06   3.6804199e+01
   4.4820620e+06   3.9855957e+01
   4.4822780e+06   4.7058105e+01
   4.4823260e+06   4.4128418e+01
   4.4823550e+06   3.5705566e+01
   4.4823850e+06   3.7353516e+01
   4.4824140e+06   4.5593262e+01
   4.4824260e+06   3.8513184e+01
   4.4824600e+06   7.4707031e+01
   4.4824820e+06   3.6499023e+01
   4.4824940e+06   4.6264648e+01
   4.4825520e+06   4.2297363e+01
   4.4825690e+06   3.8208008e+01
   4.4825890e+06   4.1198730e+01
   4.4826060e+06   4.4616699e+01
   4.4827120e+06   5.3527832e+01
   4.4827390e+06   4.2236328e+01
   4.4827750e+06   4.4189453e+01
   4.4827990e+06   4.1931152e+01
   4.4828460e+06   4.2724609e+01
   4.4828870e+06   3.9733887e+01
   4.4829210e+06   3.9489746e+01
   4.4830050e+06   4.2907715e+01
   4.4830280e+06   3.9733887e+01
   4.4913150e+06   3.4667969e+01
   4.4919520e+06   3.6743164e+01
   4.4965880e+06   3.5583496e+01
   4.4966150e+06   3.6743164e+01
   4.4966450e+06   3.5827637e+01
   4.4967530e+06   4.5166016e+01
   4.4968570e+06   3.4912109e+01
   4.4969640e+06   4.3884277e+01
   4.4970650e+06   4.2907715e+01
   4.4971410e+06   4.2663574e+01
   4.5033860e+06   3.9489746e+01
   4.5123150e+06   3.7170410e+01
   4.5125220e+06   3.4851074e+01
   4.5125730e+06   4.1259766e+01
   4.5125940e+06   4.4372559e+01
   4.5126440e+06   3.9489746e+01
   4.5127240e+06   4.0771484e+01
   4.5127340e+06   4.0405273e+01
   4.5127710e+06   4.1687012e+01
   4.5127860e+06   4.2114258e+01
   4.5128430e+06   4.4189453e+01
   4.5128630e+06   4.4067383e+01
   4.5129010e+06   4.4250488e+01
   4.5129670e+06   3.6132813e+01
   4.5129810e+06   5.3405762e+01
   4.5129970e+06   3.5095215e+01
   4.5130180e+06   4.2968750e+01
   4.5130510e+06   3.9672852e+01
   4.5130790e+06   5.1513672e+01
   4.5131190e+06   3.8146973e+01
   4.5131720e+06   3.4851074e+01
   4.5131910e+06   3.7292480e+01
   4.5132450e+06   4.6203613e+01
   4.5147630e+06   3.4851074e+01
   4.5195490e+06   3.6499023e+01
   4.5199760e+06   3.5034180e+01
   4.5238360e+06   3.7414551e+01
   4.5238730e+06   4.2602539e+01
   4.5239700e+06   3.7902832e+01
   4.5240640e+06   3.9428711e+01
   4.5241010e+06   4.1809082e+01
   4.5242820e+06   3.4667969e+01
   4.5243730e+06   3.9733887e+01
   4.5299810e+06   4.0283203e+01
   4.5300810e+06   3.5400391e+01
   4.5301420e+06   3.4790039e+01
   4.5301910e+06   3.4851074e+01
   4.5303590e+06   3.4973145e+01
   4.5304070e+06   3.6865234e+01
   4.5396140e+06   3.8940430e+01
   4.5396720e+06   4.2358398e+01
   4.5398960e+06   3.8696289e+01
   4.5399390e+06   3.7963867e+01
   4.5400440e+06   3.8513184e+01
   4.5401740e+06   3.7231445e+01
   4.5403390e+06   3.4912109e+01
   4.5404940e+06   4.2419434e+01
   4.5406310e+06   3.6193848e+01
   4.5502020e+06   3.6621094e+01
   4.5503700e+06   3.8330078e+01
   4.5506210e+06   3.5461426e+01
   4.5514440e+06   3.5949707e+01
   4.5714530e+06   3.4667969e+01
   4.5715080e+06   3.6254883e+01
   4.5715700e+06   3.8635254e+01
   4.5716130e+06   3.5888672e+01
   4.5716390e+06   3.5217285e+01
   4.5717070e+06   5.0964355e+01
   4.5717660e+06   4.4860840e+01
   4.5718000e+06   3.9916992e+01
   4.5718690e+06   3.9306641e+01
   4.5718830e+06   4.9682617e+01
   4.5719170e+06   5.9753418e+01
   4.5719360e+06   4.1564941e+01
   4.5719870e+06   4.0100098e+01
   4.5720600e+06   4.8461914e+01
   4.5720790e+06   3.8635254e+01
   4.5720970e+06   3.9367676e+01
   4.5721350e+06   3.5034180e+01
   4.5721540e+06   4.0039063e+01
   4.5721780e+06   3.8696289e+01
   4.5722550e+06   5.4382324e+01
   4.5723060e+06   3.7170410e+01
   4.5723510e+06   3.8879395e+01
   4.5724400e+06   4.2053223e+01
   4.5724960e+06   3.6437988e+01
   4.5725530e+06   4.0283203e+01
   4.5728930e+06   3.8085938e+01
   4.5733930e+06   3.5827637e+01
   4.5736360e+06   3.6499023e+01
   4.5740730e+06   3.7414551e+01
   4.5806200e+06   3.7414551e+01
   4.5806340e+06   3.6682129e+01
   4.5807230e+06   4.1870117e+01
   4.5816530e+06   3.6804199e+01
   4.5861680e+06   4.5471191e+01
   4.5863860e+06   3.6987305e+01
   4.5925660e+06   4.4982910e+01
   4.5926520e+06   3.6315918e+01
   4.5927430e+06   4.0039063e+01
   4.5927680e+06   3.6804199e+01
   4.5927830e+06   3.5217285e+01
   4.5928930e+06   3.9550781e+01
   4.5929540e+06   3.7414551e+01
   4.6017740e+06   3.5339355e+01
   4.6020520e+06   4.2663574e+01
   4.6024230e+06   3.4790039e+01
   4.6028660e+06   3.9306641e+01
   4.6102320e+06   3.4851074e+01
   4.6103980e+06   3.6437988e+01
   4.6109420e+06   3.9672852e+01
   4.6266360e+06   3.5217285e+01
   4.6266630e+06   3.8635254e+01
   4.6267000e+06   4.5593262e+01
   4.6267120e+06   4.3029785e+01
   4.6267380e+06   4.3640137e+01
   4.6267640e+06   3.8635254e+01
   4.6268150e+06   5.2185059e+01
   4.6268600e+06   4.6264648e+01
   4.6269670e+06   6.4758301e+01
   4.6269920e+06   3.8330078e+01
   4.6270440e+06   3.9367676e+01
   4.6270580e+06   6.1401367e+01
   4.6270880e+06   3.8757324e+01
   4.6271140e+06   3.6865234e+01
   4.6271620e+06   3.7719727e+01
   4.6272450e+06   4.2602539e+01
   4.6272900e+06   4.1198730e+01
   4.6397620e+06   4.7241211e+01
   4.6399750e+06   3.8757324e+01
   4.6400880e+06   3.8635254e+01
   4.6404130e+06   3.8574219e+01
   4.6407430e+06   3.4912109e+01
   4.6535250e+06   3.5705566e+01
   4.6535930e+06   3.8574219e+01
   4.6536250e+06   4.1381836e+01
   4.6536830e+06   3.7414551e+01
   4.6537200e+06   3.7414551e+01
   4.6537940e+06   4.1992188e+01
   4.6538230e+06   3.9672852e+01
   4.6539170e+06   3.7780762e+01
   4.6539940e+06   3.5827637e+01
   4.6542330e+06   3.9062500e+01
   4.6548060e+06   3.8024902e+01
   4.7870320e+06   3.5888672e+01
   4.8489400e+06   3.4973145e+01
   4.8520890e+06   3.8330078e+01
   4.8655290e+06   3.5522461e+01
   5.2180610e+06   3.6987305e+01
   5.2180780e+06   3.5705566e+01
   5.2180990e+06   3.6743164e+01
   5.2181220e+06   7.2387695e+01
   5.2181650e+06   5.9509277e+01
   5.2181860e+06   4.2175293e+01
   5.2182030e+06   3.6682129e+01
   5.2182380e+06   5.1086426e+01
   5.2182610e+06   3.7170410e+01
   5.2182730e+06   4.5593262e+01
   5.2183090e+06   3.6865234e+01
   5.2183710e+06   3.6499023e+01
   5.2184300e+06   5.2246094e+01
   5.2184580e+06   3.4667969e+01
   5.2185250e+06   3.9367676e+01
   5.2186710e+06   4.0161133e+01
   5.2188400e+06   3.7475586e+01
   5.2198230e+06   3.4912109e+01
   5.2202580e+06   3.7231445e+01
   5.3544630e+06   4.0100098e+01
   5.3545340e+06   3.4790039e+01
   5.3545570e+06   4.6630859e+01
   5.3545720e+06   7.1166992e+01
   5.3545940e+06   5.7128906e+01
   5.3546170e+06   7.0434570e+01
   5.3546340e+06   3.6071777e+01
   5.3546530e+06   4.7424316e+01
   5.3546860e+06   6.6650391e+01
   5.3547610e+06   4.8095703e+01
   5.3548390e+06   4.7607422e+01
   5.3548580e+06   4.2541504e+01
   5.3551420e+06   3.6132812e+01
   5.3572300e+06   4.0039063e+01
   5.3573550e+06   3.4606934e+01
   5.5789460e+06   4.1625977e+01
   5.5789690e+06   4.6997070e+01
   5.5789990e+06   4.2053223e+01
   5.5790200e+06   7.5683594e+01
   5.5790300e+06   7.7514648e+01
   5.5790660e+06   4.1809082e+01
   5.5790980e+06   4.7729492e+01
   5.5791290e+06   5.2246094e+01
   5.5791430e+06   5.1208496e+01
   5.5791620e+06   3.9489746e+01
   5.5793320e+06   4.0283203e+01
   5.5793790e+06   3.5156250e+01
   5.5795400e+06   3.8940430e+01
   5.5804430e+06   4.2663574e+01
   5.5805060e+06   3.6743164e+01
   5.5805410e+06   3.5827637e+01
   5.5808410e+06   3.6315918e+01
   5.5809720e+06   3.7353516e+01
   5.5811690e+06   3.8452148e+01
   5.5909040e+06   3.4729004e+01
   5.5909670e+06   3.6682129e+01
   5.5910040e+06   4.4677734e+01
   5.5910250e+06   8.5327148e+01
   5.5910430e+06   4.2236328e+01
   5.5910820e+06   4.5227051e+01
   5.5910930e+06   6.0729980e+01
   5.5911280e+06   4.1137695e+01
   5.5911520e+06   5.8471680e+01
   5.5911790e+06   4.8706055e+01
   5.5911960e+06   3.5156250e+01
   5.5912350e+06   3.9001465e+01
   5.5912480e+06   4.7180176e+01
   5.5912860e+06   3.5400391e+01
   5.5913040e+06   3.9733887e+01
   5.5913220e+06   4.1259766e+01
   5.5914050e+06   3.9978027e+01
   5.5914560e+06   3.7109375e+01
   5.5915320e+06   3.5034180e+01
   5.5922250e+06   3.7841797e+01
   5.5923770e+06   4.3395996e+01
   5.5933270e+06   3.5461426e+01
   5.5948380e+06   3.8635254e+01
   5.6002440e+06   3.6499023e+01
   5.6003340e+06   3.6987305e+01
   5.6007250e+06   3.5400391e+01
   5.6007950e+06   3.6621094e+01
   5.6008090e+06   3.4973145e+01
   5.6008570e+06   3.5766602e+01
   5.6009150e+06   3.5217285e+01
   5.6010180e+06   3.6132813e+01
   5.6011110e+06   3.6743164e+01
   5.6011380e+06   4.3945313e+01
   5.6013540e+06   4.0344238e+01
   5.6013880e+06   3.8208008e+01
   5.6017080e+06   4.2175293e+01
   5.6020690e+06   3.5461426e+01
   5.6092930e+06   3.5705566e+01
   5.6144540e+06   3.8940430e+01
   5.6146170e+06   3.6682129e+01
   5.6146640e+06   4.2480469e+01
   5.6147380e+06   3.4851074e+01
   5.6147850e+06   4.8278809e+01
   5.6148170e+06   5.9020996e+01
   5.6148340e+06   3.7780762e+01
   5.6148590e+06   3.9672852e+01
   5.6149280e+06   3.4851074e+01
   5.6149440e+06   4.7546387e+01
   5.6149960e+06   3.7048340e+01
   5.6150210e+06   3.6315918e+01
   5.6150420e+06   3.7231445e+01
   5.6150750e+06   3.5827637e+01
   5.6151880e+06   4.2114258e+01
   5.6152310e+06   3.7536621e+01
   5.6152460e+06   4.7241211e+01
   5.6153930e+06   3.8269043e+01
   5.6157150e+06   3.7963867e+01
   5.6161020e+06   3.5888672e+01
   5.6163480e+06   3.5705566e+01
   5.6232750e+06   3.5827637e+01
   5.6273400e+06   4.0283203e+01
   5.6277530e+06   4.3151855e+01
   5.6284300e+06   3.6376953e+01
   5.6348670e+06   4.6630859e+01
   5.6349050e+06   4.4555664e+01
   5.6349390e+06   3.5339355e+01
   5.6349690e+06   4.2175293e+01
   5.6349860e+06   3.6621094e+01
   5.6350050e+06   3.6499023e+01
   5.6350260e+06   4.6447754e+01
   5.6350600e+06   4.7851563e+01
   5.6350730e+06   4.6997070e+01
   5.6351100e+06   3.7170410e+01
   5.6351320e+06   4.2297363e+01
   5.6351720e+06   5.3771973e+01
   5.6352050e+06   5.3283691e+01
   5.6352590e+06   5.0903320e+01
   5.6353530e+06   4.2419434e+01
   5.6354350e+06   3.9855957e+01
   5.6355170e+06   4.6752930e+01
   5.6355810e+06   3.6071777e+01
   5.6356190e+06   3.4912109e+01
   5.6357800e+06   3.5461426e+01
   5.6432880e+06   3.4790039e+01
   5.6433430e+06   3.8391113e+01
   5.6481830e+06   3.5705566e+01
   5.6482600e+06   3.7597656e+01
   5.6483190e+06   3.5705566e+01
   5.6483570e+06   4.0222168e+01
   5.6483810e+06   3.8208008e+01
   5.6484110e+06   3.8085938e+01
   5.6485850e+06   4.0527344e+01
   5.6487600e+06   3.7414551e+01
   5.6488620e+06   4.9438477e+01
   5.6493200e+06   3.9367676e+01
   5.6497850e+06   3.6315918e+01
   5.6549000e+06   3.8146973e+01
   5.6549990e+06   3.7719727e+01
   5.6551750e+06   3.5400391e+01
   5.6552630e+06   3.5583496e+01
   5.6553700e+06   3.7109375e+01
   5.6554090e+06   3.6315918e+01
   5.6554750e+06   3.7719727e+01
   5.6615110e+06   5.0659180e+01
   5.6617550e+06   3.9367676e+01
   5.6618190e+06   4.0161133e+01
   5.6622450e+06   3.6804199e+01
   5.6622740e+06   3.4667969e+01
   5.6623450e+06   3.8452148e+01
   5.6702400e+06   3.6682129e+01
   5.6702790e+06   4.1198730e+01
   5.6703140e+06   3.8391113e+01
   5.6703770e+06   3.7048340e+01
   5.6704000e+06   3.8269043e+01
   5.6704950e+06   4.6203613e+01
   5.6711050e+06   3.5888672e+01
   5.6799900e+06   4.4921875e+01
   5.6801080e+06   3.6743164e+01
   5.6802020e+06   3.9489746e+01
   5.6802440e+06   3.5705566e+01
   5.6804120e+06   4.7973633e+01
   5.6805450e+06   4.5104980e+01
   5.6806420e+06   4.2968750e+01
   5.6807300e+06   3.9550781e+01
   5.6877620e+06   3.8085938e+01
   5.6878460e+06   3.5522461e+01
   5.6879000e+06   3.7902832e+01
   5.6881610e+06   4.2175293e+01
   5.6882880e+06   3.5034180e+01
   6.1716830e+06   3.5522461e+01
   6.1717250e+06   3.9245605e+01
   6.1718290e+06   3.6560059e+01
   6.1719290e+06   4.4677734e+01
   6.1719520e+06   6.2500000e+01
   6.1719650e+06   4.7424316e+01
   6.1719980e+06   6.6650391e+01
   6.1720240e+06   6.4941406e+01
   6.1720540e+06   5.6518555e+01
   6.1721040e+06   5.3527832e+01
   6.1721490e+06   3.8635254e+01
   6.1721760e+06   5.0292969e+01
   6.1722010e+06   4.4738770e+01
   6.1724100e+06   3.7414551e+01
   6.1727010e+06   3.7536621e+01
   6.1736330e+06   3.6132813e+01
   6.1737400e+06   3.6132813e+01
   6.2481580e+06   3.9916992e+01
   6.3162200e+06   3.6682129e+01
   6.3162810e+06   4.3273926e+01
   6.3162990e+06   4.9072266e+01
   6.3163250e+06   5.6335449e+01
   6.3163440e+06   4.3212891e+01
   6.3163650e+06   6.8054199e+01
   6.3163870e+06   5.0048828e+01
   6.3164050e+06   4.4250488e+01
   6.3164240e+06   3.8269043e+01
   6.3164410e+06   3.7048340e+01
   6.3164940e+06   3.5827637e+01
   6.3165250e+06   4.2114258e+01
   6.3165590e+06   3.8635254e+01
   6.3166160e+06   4.2663574e+01
   6.3170920e+06   4.1748047e+01
   6.3178660e+06   3.9855957e+01
   6.3186670e+06   4.2663574e+01
   6.3606070e+06   3.5949707e+01
   6.3912660e+06   7.6782227e+01
   6.4900860e+06   5.5114746e+01
   6.4901140e+06   4.3579102e+01
   6.4901280e+06   7.7209473e+01
   6.4901450e+06   3.8757324e+01
   6.4901630e+06   5.8288574e+01
   6.4901780e+06   6.4453125e+01
   6.4902030e+06   5.2551270e+01
   6.4902150e+06   4.9499512e+01
   6.4902880e+06   3.8085938e+01
   6.4903270e+06   4.3029785e+01
   6.4903570e+06   4.2419434e+01
   6.4903870e+06   4.0710449e+01
   6.4904170e+06   3.5766602e+01
   6.4905200e+06   3.9428711e+01
   6.4914400e+06   3.5339355e+01
   6.4914830e+06   3.8879395e+01
   6.4917050e+06   4.4555664e+01
   6.4926130e+06   3.5705566e+01
   6.4931200e+06   4.9804688e+01
   6.5793040e+06   3.6987305e+01
   6.5794140e+06   3.5278320e+01
   6.5794560e+06   4.4250488e+01
   6.5794850e+06   5.2978516e+01
   6.5795140e+06   3.8024902e+01
   6.5795390e+06   6.0424805e+01
   6.5795650e+06   3.7475586e+01
   6.5795810e+06   4.2968750e+01
   6.5796020e+06   4.0405273e+01
   6.5796280e+06   4.8767090e+01
   6.5796430e+06   4.7302246e+01
   6.5797220e+06   3.7963867e+01
   6.5797460e+06   3.7597656e+01
   6.5799000e+06   3.8269043e+01
   6.5800250e+06   3.6315918e+01
   6.5811930e+06   3.8452148e+01
   6.5817110e+06   3.5156250e+01
   6.5819960e+06   3.7292480e+01
   6.5898010e+06   3.6865234e+01
   6.5916890e+06   3.5461426e+01
   6.5918300e+06   5.1330566e+01
   6.5919250e+06   4.4921875e+01
   6.5919600e+06   4.6020508e+01
   6.5919760e+06   3.7719727e+01
   6.5920060e+06   3.7597656e+01
   6.5920260e+06   3.8757324e+01
   6.5920430e+06   3.4790039e+01
   6.5920700e+06   3.8940430e+01
   6.5920950e+06   3.7841797e+01
   6.5921120e+06   3.6743164e+01
   6.5921470e+06   3.6193848e+01
   6.5921780e+06   3.7414551e+01
   6.5922570e+06   3.4790039e+01
   6.5923020e+06   4.0405273e+01
   6.5923380e+06   4.0588379e+01
   6.5923670e+06   3.5522461e+01
   6.5924770e+06   3.9794922e+01
   6.5926220e+06   3.5217285e+01
   6.5926530e+06   3.6804199e+01
   6.5928210e+06   4.7729492e+01
   6.5941270e+06   3.8085938e+01
   6.5954530e+06   3.5644531e+01
   6.6036010e+06   3.9428711e+01
   6.6038680e+06   3.8513184e+01
   6.6041980e+06   3.7292480e+01
   6.6042880e+06   6.0913086e+01
   6.6043030e+06   5.3894043e+01
   6.6043800e+06   3.5888672e+01
   6.6044400e+06   3.7475586e+01
   6.6044540e+06   4.1503906e+01
   6.6044840e+06   3.8024902e+01
   6.6045230e+06   3.7597656e+01
   6.6047700e+06   3.6437988e+01
   6.6048610e+06   3.8513184e+01
   6.6053890e+06   4.0649414e+01
   6.6057340e+06   4.0527344e+01
   6.6162010e+06   3.9489746e+01
   6.6162470e+06   3.5095215e+01
   6.6162730e+06   3.8879395e+01
   6.6163220e+06   3.4667969e+01
   6.6163380e+06   4.2663574e+01
   6.6163640e+06   4.5837402e+01
   6.6163980e+06   4.1259766e+01
   6.6164280e+06   6.7443848e+01
   6.6164610e+06   3.6682129e+01
   6.6164840e+06   5.2062988e+01
   6.6165360e+06   4.1076660e+01
   6.6165780e+06   3.6560059e+01
   6.6166280e+06   3.4790039e+01
   6.6166970e+06   4.4067383e+01
   6.6169510e+06   3.8208008e+01
   6.6169790e+06   3.4606934e+01
   6.6174920e+06   3.5400391e+01
   6.6265420e+06   3.5644531e+01
   6.6265700e+06   3.4790039e+01
   6.6266080e+06   4.0588379e+01
   6.6267390e+06   3.7841797e+01
   6.6268730e+06   3.7231445e+01
   6.6269410e+06   4.2907715e+01
   6.6270610e+06   3.4790039e+01
   6.6272870e+06   4.5166016e+01
   6.6273490e+06   3.6437988e+01
   6.6275370e+06   3.5827637e+01
   6.6276220e+06   3.7292480e+01
   6.6279810e+06   3.6865234e+01
   6.6339760e+06   3.5339355e+01
   6.6340450e+06   3.7475586e+01
   6.6341080e+06   3.7658691e+01
   6.6342780e+06   3.8330078e+01
   6.6344240e+06   4.2053223e+01
   6.6345900e+06   3.4790039e+01
   6.6351480e+06   3.6132813e+01
   6.6445050e+06   3.9733887e+01
   6.6445510e+06   3.5095215e+01
   6.6446250e+06   3.5583496e+01
   6.6446580e+06   5.2734375e+01
   6.6446780e+06   4.5959473e+01
   6.6446940e+06   5.0781250e+01
   6.6447160e+06   4.5471191e+01
   6.6447360e+06   4.0832520e+01
   6.6447650e+06   5.2917480e+01
   6.6447870e+06   4.0344238e+01
   6.6448080e+06   3.8269043e+01
   6.6448250e+06   3.4729004e+01
   6.6448550e+06   3.5278320e+01
   6.6448990e+06   4.8889160e+01
   6.6449130e+06   3.5644531e+01
   6.6451180e+06   3.9611816e+01
   6.6451970e+06   4.3457031e+01
   6.6452710e+06   5.1208496e+01
   6.6453700e+06   3.8452148e+01
   6.6455900e+06   4.6813965e+01
   6.6463460e+06   3.5156250e+01
   6.6565810e+06   3.7719727e+01
   6.6642180e+06   4.1381836e+01
   6.6643740e+06   3.6621094e+01
   6.6644160e+06   4.1625977e+01
   6.6646870e+06   3.6987305e+01
   6.6646990e+06   4.2663574e+01
   6.6648210e+06   3.7963867e+01
   6.6648810e+06   3.9978027e+01
   6.6650860e+06   4.1870117e+01
   6.6653210e+06   3.8024902e+01
   6.6735870e+06   3.5400391e+01
   6.6736230e+06   3.8696289e+01
   6.6737770e+06   3.7902832e+01
   6.6739080e+06   3.8330078e+01
   6.6739540e+06   3.4606934e+01
   6.6740960e+06   3.5644531e+01
   6.6742780e+06   3.5888672e+01
   6.6744490e+06   3.5217285e+01
   6.6799710e+06   3.5827637e+01
   6.6905200e+06   4.2907715e+01
   6.6905750e+06   3.5705566e+01
   6.6906000e+06   4.1442871e+01
   6.6906190e+06   3.8635254e+01
   6.6906440e+06   3.8513184e+01
   6.6906930e+06   3.8024902e+01
   6.6907180e+06   4.0405273e+01
   6.6907400e+06   3.5888672e+01
   6.6907690e+06   3.7292480e+01
   6.6908480e+06   5.6945801e+01
   6.6909610e+06   3.6071777e+01
   6.6909860e+06   3.5888672e+01
   6.6910620e+06   4.8095703e+01
   6.6911010e+06   4.3457031e+01
   6.6911160e+06   4.8583984e+01
   6.6916550e+06   3.6254883e+01
   6.7070650e+06   4.4799805e+01
   6.7072730e+06   3.5278320e+01
   6.7073830e+06   3.9367676e+01
   6.7074590e+06   3.5522461e+01
   6.7077370e+06   4.2785645e+01
   6.7084330e+06   3.4729004e+01
   6.7212080e+06   3.4667969e+01
   6.7212960e+06   3.4667969e+01
   6.7216930e+06   3.6499023e+01
   6.7353100e+06   3.5217285e+01
   6.7353620e+06   3.7597656e+01
   6.7354060e+06   4.3273926e+01
   6.7354370e+06   5.5236816e+01
   6.7355050e+06   3.7597656e+01
   6.7357960e+06   3.5644531e+01
   6.7358710e+06   3.7841797e+01
   6.7504690e+06   3.9367676e+01
   6.7505480e+06   3.8085938e+01
   6.7506010e+06   3.9306641e+01
   6.7506520e+06   5.6457520e+01
   6.7506640e+06   4.6813965e+01
   6.7507930e+06   4.0344238e+01
   6.7509150e+06   3.9916992e+01
   6.7510930e+06   3.8452148e+01
   7.0393490e+06   3.5034180e+01
   7.4472710e+06   3.8391113e+01
   7.4472850e+06   5.0048828e+01
   7.4473160e+06   3.6071777e+01
   7.4473510e+06   9.0332031e+01
   7.4473750e+06   6.0180664e+01
   7.4474010e+06   4.8217773e+01
   7.4474140e+06   3.9184570e+01
   7.4474270e+06   4.2602539e+01
   7.4474570e+06   4.3029785e+01
   7.4475010e+06   5.8105469e+01
   7.4475320e+06   3.5217285e+01
   7.4475570e+06   4.2358398e+01
   7.4484280e+06   4.2785645e+01
   7.4488130e+06   3.6560059e+01
   7.4488520e+06   3.7963867e+01
   7.4489070e+06   3.6132813e+01
   7.4490590e+06   3.9916992e+01
   7.4495040e+06   3.6254883e+01
   7.6167970e+06   3.6010742e+01
   7.6168560e+06   4.2053223e+01
   7.6168680e+06   4.4677734e+01
   7.6168890e+06   7.7514648e+01
   7.6169110e+06   4.3701172e+01
   7.6169360e+06   8.6608887e+01
   7.6169690e+06   5.6213379e+01
   7.6169880e+06   3.8452148e+01
   7.6170110e+06   3.8818359e+01
   7.6170210e+06   3.7658691e+01
   7.6170520e+06   3.4667969e+01
   7.6171000e+06   5.6579590e+01
   7.6171100e+06   4.6020508e+01
   7.6171750e+06   5.3833008e+01
   7.6171870e+06   3.5095215e+01
   7.6172210e+06   3.6376953e+01
   7.6172810e+06   3.6437988e+01
   7.6173550e+06   3.9672852e+01
   7.6173920e+06   3.8269043e+01
   7.6175960e+06   3.5278320e+01
   7.6185740e+06   3.6621094e+01
   7.6188110e+06   4.4250488e+01
   7.6188820e+06   3.9672852e+01
   7.6328180e+06   4.3457031e+01
   7.7271490e+06   4.0588379e+01
   7.7273220e+06   4.2114258e+01
   7.7378100e+06   3.5888672e+01
   7.7381160e+06   4.4616699e+01
   7.7381430e+06   7.6721191e+01
   7.7381750e+06   5.0048828e+01
   7.7381870e+06   4.7363281e+01
   7.7382300e+06   3.6254883e+01
   7.7382630e+06   5.0537109e+01
   7.7382770e+06   3.6071777e+01
   7.7382910e+06   3.6499023e+01
   7.7383130e+06   4.1381836e+01
   7.7383700e+06   3.5644531e+01
   7.7384000e+06   4.7119141e+01
   7.7384500e+06   4.3457031e+01
   7.7384780e+06   4.5166016e+01
   7.7385710e+06   3.9367676e+01
   7.7386390e+06   3.4973145e+01
   7.7397560e+06   3.8635254e+01
   7.7398630e+06   3.9978027e+01
   7.7518680e+06   3.7048340e+01
   7.7520880e+06   3.4667969e+01
   7.7521570e+06   3.4973145e+01
   7.7522150e+06   3.7292480e+01
   7.7522380e+06   4.1992188e+01
   7.7522620e+06   4.3151855e+01
   7.7522940e+06   5.9631348e+01
   7.7523530e+06   5.1208496e+01
   7.7523650e+06   4.1687012e+01
   7.7523950e+06   4.0710449e+01
   7.7524160e+06   3.9306641e+01
   7.7524570e+06   3.7414551e+01
   7.7524690e+06   4.4067383e+01
   7.7525200e+06   4.0710449e+01
   7.7525640e+06   4.1442871e+01
   7.7527460e+06   3.4973145e+01
   7.7529110e+06   3.8940430e+01
   7.7531320e+06   3.5339355e+01
   7.7535880e+06   3.9916992e+01
   7.7536540e+06   3.7475586e+01
   7.7641840e+06   3.7292480e+01
   7.7643640e+06   3.8757324e+01
   7.7644160e+06   4.4799805e+01
   7.7644500e+06   3.5949707e+01
   7.7645880e+06   4.0771484e+01
   7.7647010e+06   3.4790039e+01
   7.7647360e+06   4.0954590e+01
   7.7648020e+06   4.4128418e+01
   7.7649610e+06   3.8513184e+01
   7.7650240e+06   3.6010742e+01
   7.7651740e+06   3.7414551e+01
   7.7652350e+06   3.8269043e+01
   7.7653780e+06   3.6560059e+01
   7.7660000e+06   3.7597656e+01
   7.7750490e+06   3.7719727e+01
   7.7752360e+06   3.7414551e+01
   7.7752870e+06   4.1137695e+01
   7.7756490e+06   3.4851074e+01
   7.7757380e+06   3.6254883e+01
   7.7757810e+06   4.1381836e+01
   7.7758080e+06   4.1992188e+01
   7.7758340e+06   3.7231445e+01
   7.7759000e+06   3.5583496e+01
   7.7759350e+06   4.3090820e+01
   7.7759750e+06   3.9062500e+01
   7.7760000e+06   5.5480957e+01
   7.7760350e+06   3.8330078e+01
   7.7761510e+06   3.6926270e+01
   7.7763190e+06   3.8879395e+01
   7.7764570e+06   4.8034668e+01
   7.7864050e+06   4.3212891e+01
   7.7866050e+06   3.6743164e+01
   7.7866940e+06   3.6621094e+01
   7.7869360e+06   4.6508789e+01
   7.7870310e+06   3.5278320e+01
   7.7872070e+06   3.6499023e+01
   7.7954370e+06   3.6010742e+01
   7.7955360e+06   6.6833496e+01
   7.7956740e+06   5.6213379e+01
   7.7957010e+06   4.4860840e+01
   7.7958700e+06   4.6875000e+01
   7.7961000e+06   3.7597656e+01
   7.7963720e+06   3.9611816e+01
   7.7972270e+06   3.9672852e+01
   7.7973990e+06   3.4851074e+01
   7.8042730e+06   3.9672852e+01
   7.8043470e+06   3.5949707e+01
   7.8145000e+06   3.6743164e+01
   7.8145410e+06   3.8574219e+01
   7.8145890e+06   3.8269043e+01
   7.8146210e+06   3.4667969e+01
   7.8146650e+06   3.6682129e+01
   7.8146820e+06   5.5969238e+01
   7.8147170e+06   3.5583496e+01
   7.8147460e+06   5.1330566e+01
   7.8147760e+06   4.3579102e+01
   7.8147980e+06   3.5217285e+01
   7.8148220e+06   4.4372559e+01
   7.8148650e+06   3.6193848e+01
   7.8149420e+06   3.4667969e+01
   7.8149710e+06   5.2795410e+01
   7.8149950e+06   4.2297363e+01
   7.8150470e+06   4.9621582e+01
   7.8151340e+06   4.2602539e+01
   7.8152050e+06   5.3771973e+01
   7.8207900e+06   4.0710449e+01
   7.8227760e+06   3.6926270e+01
   7.8228740e+06   3.7597656e+01
   7.8272280e+06   4.0344238e+01
   7.8274500e+06   3.7048340e+01
   7.8275320e+06   3.6621094e+01
   7.8276670e+06   3.9062500e+01
   7.8354510e+06   3.4667969e+01
   7.8357750e+06   4.2724609e+01
   7.8358330e+06   4.0405273e+01
   7.8359570e+06   4.4921875e+01
   7.8360320e+06   3.4606934e+01
   7.8360900e+06   3.6499023e+01
   7.8361550e+06   3.7780762e+01
   7.8362240e+06   3.6926270e+01
   7.8363820e+06   3.5461426e+01
   7.8365590e+06   3.5522461e+01
   7.8444640e+06   3.9489746e+01
   7.8446100e+06   4.9621582e+01
   7.8455700e+06   3.6437988e+01
   7.8542690e+06   3.6743164e+01
   7.8543240e+06   4.9011230e+01
   7.8543390e+06   3.5400391e+01
   7.8543790e+06   4.7180176e+01
   7.8544160e+06   3.8085938e+01
   7.8545200e+06   3.7414551e+01
   7.8546630e+06   3.5217285e+01
   7.8547650e+06   3.5278320e+01
   7.8547760e+06   3.4973145e+01
   7.8547960e+06   4.1198730e+01
   7.8549500e+06   3.7536621e+01
   7.8634450e+06   3.7048340e+01
   7.8718940e+06   4.9926758e+01
   7.8719440e+06   4.2968750e+01
   7.8824470e+06   3.6071777e+01
   7.8824880e+06   3.7475586e+01
   7.8825490e+06   3.5400391e+01
   7.8826720e+06   4.2419434e+01
   7.8828720e+06   3.5217285e+01
   7.8834650e+06   3.7841797e+01
   7.9021570e+06   4.0222168e+01
   7.9022370e+06   3.6804199e+01
   7.9023100e+06   3.7048340e+01
   7.9023510e+06   3.8452148e+01
   7.9023770e+06   4.5043945e+01
   7.9023880e+06   3.5583496e+01
   7.9024270e+06   3.9062500e+01
   7.9024510e+06   4.0771484e+01
   7.9024790e+06   3.7414551e+01
   7.9025120e+06   3.4912109e+01
   7.9025610e+06   3.9794922e+01
   7.9025820e+06   5.9387207e+01
   7.9026330e+06   3.6743164e+01
   7.9026750e+06   4.6142578e+01
   7.9027060e+06   3.9672852e+01
   7.9027390e+06   4.6264648e+01
   7.9028050e+06   6.1828613e+01
   7.9028540e+06   3.9672852e+01
   7.9028660e+06   3.6437988e+01
   7.9029270e+06   3.5156250e+01
   7.9030060e+06   4.4006348e+01
   7.9030600e+06   3.6987305e+01
   7.9032860e+06   4.3884277e+01
   7.9035490e+06   4.0283203e+01
   7.9038250e+06   3.6376953e+01
   7.9118770e+06   3.7048340e+01
   7.9186570e+06   3.4912109e+01
   7.9187770e+06   3.5827637e+01
   7.9189090e+06   3.6682129e+01
   7.9193400e+06   3.7231445e+01
   7.9345850e+06   4.1442871e+01
   7.9346480e+06   3.5583496e+01
   7.9346700e+06   4.4738770e+01
   7.9347790e+06   3.5278320e+01
   7.9348050e+06   4.5532227e+01
   7.9348270e+06   4.0161133e+01
   7.9348420e+06   4.4616699e+01
   7.9349250e+06   3.9062500e+01
   7.9350170e+06   4.2053223e+01
   7.9350380e+06   3.5217285e+01
   7.9350710e+06   3.5949707e+01
   7.9351380e+06   4.2541504e+01
   7.9352620e+06   4.0893555e+01
   7.9354290e+06   3.9794922e+01
   7.9355720e+06   3.5339355e+01
   7.9356630e+06   3.4973145e+01
   7.9465590e+06   4.1320801e+01
   8.3000590e+06   3.5156250e+01
   8.5749340e+06   3.9794922e+01
   8.5749690e+06   4.2907715e+01
   8.5749920e+06   4.3395996e+01
   8.5750130e+06   6.3049316e+01
   8.5750270e+06   4.3762207e+01
   8.5750530e+06   6.0668945e+01
   8.5750790e+06   3.5156250e+01
   8.5751030e+06   3.7658691e+01
   8.5751180e+06   3.9062500e+01
   8.5751810e+06   3.5278320e+01
   8.5752140e+06   3.9672852e+01
   8.5752500e+06   3.9489746e+01
   8.5753550e+06   3.4851074e+01
   8.5755550e+06   3.9733887e+01
   8.5763580e+06   3.8269043e+01
   8.5766350e+06   3.5705566e+01
   8.5768490e+06   3.6376953e+01
   8.5770290e+06   4.1564941e+01
   8.5773050e+06   3.4667969e+01
   8.5775800e+06   4.0649414e+01
   8.7462020e+06   3.7597656e+01
   8.7462260e+06   3.4973145e+01
   8.7463140e+06   4.7180176e+01
   8.7463260e+06   6.3964844e+01
   8.7463540e+06   8.1726074e+01
   8.7463740e+06   6.6894531e+01
   8.7463920e+06   3.8391113e+01
   8.7464050e+06   3.9306641e+01
   8.7464160e+06   4.2114258e+01
   8.7464360e+06   3.9672852e+01
   8.7465170e+06   4.3701172e+01
   8.7465390e+06   3.5583496e+01
   8.7465750e+06   5.0598145e+01
   8.7466000e+06   4.2297363e+01
   8.7480790e+06   3.4851074e+01
   8.7482310e+06   4.3823242e+01
   8.7483280e+06   3.5461426e+01
   8.9182430e+06   3.5766602e+01
