   8.9970000e+06   0.0000000e+00
   1.7694400e+05   3.9123535e+01
   2.2636900e+05   3.4057617e+01
   2.2653000e+05   3.4851074e+01
   2.2749700e+05   3.3325195e+01
   2.3605600e+05   3.5156250e+01
   2.3643900e+05   3.3508301e+01
   2.5278500e+05   3.8085938e+01
   2.6876000e+05   3.4729004e+01
   4.8038200e+05   3.5156250e+01
   4.8048100e+05   3.3752441e+01
   4.8060700e+05   3.4545898e+01
   4.9257400e+05   3.3569336e+01
   4.9285900e+05   3.3630371e+01
   5.0527600e+05   3.5461426e+01
   5.0564600e+05   3.3874512e+01
   5.3247700e+05   3.7597656e+01
   5.3261000e+05   3.3508301e+01
   5.3269700e+05   3.7292480e+01
   5.3282300e+05   3.8574219e+01
   5.3295500e+05   3.4484863e+01
   5.3308900e+05   3.4179688e+01
   6.8812500e+05   3.4851074e+01
   6.8824100e+05   3.3630371e+01
   6.8838500e+05   3.3325195e+01
   6.8994000e+05   3.5766602e+01
   6.9144000e+05   3.3203125e+01
   7.7586700e+05   3.3325195e+01
   7.7621100e+05   3.3691406e+01
   7.7641700e+05   3.4423828e+01
   7.8618600e+05   3.5583496e+01
   8.5391300e+05   3.5949707e+01
   1.1133870e+06   3.4423828e+01
   1.1134360e+06   3.4179688e+01
   1.1135460e+06   3.3630371e+01
   1.1135850e+06   3.6193848e+01
   1.1150140e+06   3.6865234e+01
   1.2565610e+06   3.4484863e+01
   1.2565990e+06   3.9245605e+01
   1.3744670e+06   3.6071777e+01
   1.3744770e+06   3.4362793e+01
   1.3745220e+06   3.9184570e+01
   1.3876490e+06   3.4606934e+01
   1.3877150e+06   3.4118652e+01
   1.3878550e+06   3.3935547e+01
   1.3879310e+06   3.4301758e+01
   1.3879680e+06   3.3996582e+01
   1.3880750e+06   3.9672852e+01
   1.4274320e+06   3.3264160e+01
   1.4399510e+06   3.4301758e+01
   1.4403220e+06   3.3935547e+01
   1.4807120e+06   3.4545898e+01
   1.4808040e+06   3.3569336e+01
   1.4809380e+06   3.4362793e+01
   1.4810570e+06   3.8574219e+01
   1.5626950e+06   4.0710449e+01
   1.5627620e+06   3.5644531e+01
   1.5629260e+06   3.4301758e+01
   1.5638310e+06   5.0048828e+01
   1.6004220e+06   3.3752441e+01
   1.6006750e+06   3.4362793e+01
   1.6008080e+06   3.5217285e+01
   1.8003920e+06   3.6621094e+01
   1.8004070e+06   3.3203125e+01
   1.8004510e+06   3.4484863e+01
   1.8005260e+06   3.7902832e+01
   1.8006100e+06   3.7719727e+01
   1.9872670e+06   3.4606934e+01
   2.2071460e+06   3.3874512e+01
   2.2072010e+06   3.7902832e+01
   2.2072960e+06   3.5644531e+01
   2.2073280e+06   3.7597656e+01
   2.2073780e+06   3.4423828e+01
   2.3464280e+06   3.5400391e+01
   2.3464690e+06   3.3935547e+01
   2.3472410e+06   3.7902832e+01
   2.3489300e+06   3.4851074e+01
   2.4511470e+06   3.4667969e+01
   2.4512630e+06   3.5339355e+01
   2.4513580e+06   4.1381836e+01
   2.4652310e+06   4.2175293e+01
   2.4653090e+06   3.3874512e+01
   2.4672550e+06   3.9001465e+01
   2.4855640e+06   3.3386230e+01
   2.4992730e+06   3.6987305e+01
   2.4995100e+06   3.5522461e+01
   2.5459710e+06   3.6499023e+01
   2.5464000e+06   3.3203125e+01
   2.6155790e+06   3.5644531e+01
   2.6156220e+06   3.5339355e+01
   2.6156740e+06   3.4790039e+01
   2.6157370e+06   3.3630371e+01
   2.6268780e+06   3.5095215e+01
   2.6354650e+06   3.5461426e+01
   2.6610810e+06   3.5583496e+01
   3.0766890e+06   3.4790039e+01
   3.0780580e+06   3.4057617e+01
   3.2945690e+06   3.7963867e+01
   3.2946250e+06   3.3264160e+01
   3.2946830e+06   3.5400391e+01
   3.2947460e+06   4.1198730e+01
   3.2948440e+06   3.4484863e+01
   3.2949050e+06   4.0649414e+01
   3.2949890e+06   3.4179688e+01
   3.2978370e+06   3.4057617e+01
   3.3489130e+06   3.9672852e+01
   3.3489470e+06   3.4729004e+01
   3.3490010e+06   3.3447266e+01
   3.3603720e+06   3.7841797e+01
   3.3604120e+06   3.4118652e+01
   3.3698530e+06   3.3874512e+01
   3.3919300e+06   3.5461426e+01
   3.3923190e+06   3.4057617e+01
   3.4105250e+06   3.3996582e+01
   3.4545430e+06   3.3508301e+01
   3.5580040e+06   3.5156250e+01
   3.7875960e+06   3.8085938e+01
   3.7876520e+06   3.3752441e+01
   3.7876870e+06   3.5217285e+01
   3.7905120e+06   3.8574219e+01
   4.0113390e+06   3.3874512e+01
   4.2235500e+06   3.3203125e+01
   4.2236440e+06   3.3630371e+01
   4.2236910e+06   4.5043945e+01
   4.2239560e+06   3.4179688e+01
   4.3434420e+06   3.9245605e+01
   4.4483740e+06   4.1809082e+01
   4.4498510e+06   3.5583496e+01
   4.4605160e+06   3.3691406e+01
   4.4606400e+06   3.6315918e+01
   4.4828460e+06   3.3569336e+01
   4.4969560e+06   3.9184570e+01
   4.5128960e+06   3.5400391e+01
   4.5504020e+06   3.5522461e+01
   4.5722210e+06   3.3386230e+01
   4.5726200e+06   3.4301758e+01
   5.2205480e+06   3.6926270e+01
   5.2206940e+06   3.3447266e+01
   5.3547140e+06   3.3630371e+01
   5.3547960e+06   3.3630371e+01
   5.3549090e+06   4.1381836e+01
   5.5792020e+06   3.6376953e+01
   5.5793470e+06   3.3447266e+01
   5.5795870e+06   3.3508301e+01
   5.5808420e+06   3.7170410e+01
   5.5911550e+06   3.3813477e+01
   5.5913310e+06   3.3325195e+01
   5.5914400e+06   3.4912109e+01
   5.6352130e+06   3.4118652e+01
   5.6803050e+06   3.5095215e+01
   6.1721150e+06   3.4118652e+01
   6.1721350e+06   3.8269043e+01
   6.1721930e+06   3.5949707e+01
   6.1722570e+06   3.4667969e+01
   6.1749260e+06   3.3569336e+01
   6.3165200e+06   4.2785645e+01
   6.4903080e+06   3.8208008e+01
   6.4903900e+06   3.9855957e+01
   6.5795740e+06   3.6010742e+01
   6.5796210e+06   3.8269043e+01
   6.6042900e+06   3.3752441e+01
   6.6446760e+06   3.6621094e+01
   6.7356730e+06   3.5339355e+01
   6.7509450e+06   3.3386230e+01
   7.4474340e+06   3.6437988e+01
   7.4475390e+06   3.5034180e+01
   7.4475670e+06   3.6071777e+01
   7.4492320e+06   3.4362793e+01
   7.6170960e+06   3.3630371e+01
   7.6171430e+06   3.6071777e+01
   7.6171710e+06   3.4729004e+01
   7.7384750e+06   3.5644531e+01
   7.7386910e+06   3.6376953e+01
   7.7536000e+06   3.4362793e+01
   7.7757530e+06   3.6743164e+01
   7.7764380e+06   3.5522461e+01
   7.7959770e+06   3.4118652e+01
   7.8145530e+06   3.3508301e+01
   7.8145720e+06   3.4057617e+01
   7.8147580e+06   3.6315918e+01
   7.9025250e+06   3.7963867e+01
   7.9025860e+06   3.3874512e+01
   7.9348060e+06   3.3386230e+01
   8.5750790e+06   3.9672852e+01
   8.5752250e+06   3.3874512e+01
   8.5752740e+06   3.7841797e+01
   8.7464240e+06   3.6499023e+01
   8.7464930e+06   4.1992188e+01
   8.7465860e+06   3.9794922e+01
   8.7466280e+06   3.6560059e+01
