   8.9970000e+06   0.0000000e+00
   1.4467600e+05   4.3334961e+01
   1.4884500e+05   3.9489746e+01
   1.7122100e+05   4.1076660e+01
   1.7680200e+05   4.0893555e+01
   1.7683200e+05   5.9814453e+01
   1.7684400e+05   4.4982910e+01
   1.7690600e+05   4.7058105e+01
   1.7695300e+05   4.3945313e+01
   1.7699200e+05   4.0893555e+01
   1.7701100e+05   7.0312500e+01
   1.7707600e+05   5.6701660e+01
   1.7714300e+05   4.9499512e+01
   1.7719500e+05   4.4982910e+01
   1.7794800e+05   3.9001465e+01
   1.7820900e+05   4.4982910e+01
   1.7826000e+05   4.1809082e+01
   1.7829900e+05   4.2724609e+01
   1.7847000e+05   5.1269531e+01
   1.7897100e+05   4.5166016e+01
   1.7906700e+05   3.9733887e+01
   1.7983800e+05   3.9306641e+01
   1.8350000e+05   4.3762207e+01
   2.2615900e+05   4.6508789e+01
   2.2629000e+05   5.1330566e+01
   2.2631300e+05   4.1198730e+01
   2.2637400e+05   9.6618652e+01
   2.2641600e+05   4.0893555e+01
   2.2645000e+05   4.0588379e+01
   2.2648200e+05   4.1687012e+01
   2.2651200e+05   5.3100586e+01
   2.2655400e+05   5.1574707e+01
   2.2657900e+05   4.5715332e+01
   2.2748900e+05   4.2602539e+01
   2.2754200e+05   4.3945313e+01
   2.2771300e+05   4.0527344e+01
   2.2913900e+05   4.0283203e+01
   2.3529400e+05   4.9743652e+01
   2.3571000e+05   5.6518555e+01
   2.3589700e+05   4.1015625e+01
   2.3605400e+05   5.4016113e+01
   2.3619100e+05   4.3457031e+01
   2.3623300e+05   4.1870117e+01
   2.3628000e+05   4.0344238e+01
   2.3631000e+05   4.6997070e+01
   2.3638100e+05   5.1330566e+01
   2.3654500e+05   4.1931152e+01
   2.3658000e+05   4.7790527e+01
   2.3780000e+05   3.9916992e+01
   2.3822400e+05   4.2907715e+01
   2.4402400e+05   4.3212891e+01
   2.4434900e+05   3.8818359e+01
   2.4438500e+05   4.3579102e+01
   2.4464700e+05   4.5410156e+01
   2.4474600e+05   3.9184570e+01
   2.4485000e+05   3.9978027e+01
   2.4491700e+05   4.0771484e+01
   2.4495700e+05   4.5349121e+01
   2.5222200e+05   3.8757324e+01
   2.5276900e+05   5.2307129e+01
   2.5286800e+05   3.9550781e+01
   2.5291900e+05   4.1809082e+01
   2.5299200e+05   4.3334961e+01
   2.5322300e+05   4.0039063e+01
   2.5331100e+05   4.4799805e+01
   2.5983800e+05   3.9123535e+01
   2.6006500e+05   4.3273926e+01
   2.6019700e+05   4.2297363e+01
   2.6033300e+05   3.9306641e+01
   2.6044200e+05   5.6152344e+01
   2.6057800e+05   3.9306641e+01
   2.6069800e+05   4.7607422e+01
   2.6088800e+05   4.1259766e+01
   2.6815300e+05   4.0344238e+01
   2.6857500e+05   3.9062500e+01
   2.6862500e+05   5.6457520e+01
   2.6863900e+05   4.2663574e+01
   2.6874300e+05   4.1687012e+01
   2.6882800e+05   4.2480469e+01
   2.6887400e+05   3.9367676e+01
   2.6892000e+05   4.5593262e+01
   2.6984400e+05   3.8940430e+01
   2.7712800e+05   4.4311523e+01
   2.7732300e+05   4.4372559e+01
   2.7747000e+05   4.2419434e+01
   2.7753900e+05   4.6081543e+01
   2.7759600e+05   4.1381836e+01
   2.7777200e+05   5.0720215e+01
   2.7810400e+05   3.9245605e+01
   2.7882000e+05   5.2856445e+01
   2.8677800e+05   4.5104980e+01
   2.8694700e+05   3.8879395e+01
   2.8721600e+05   4.1564941e+01
   2.8741100e+05   4.1625977e+01
   2.8751900e+05   4.1625977e+01
   2.8766600e+05   3.9245605e+01
   2.8782600e+05   4.0405273e+01
   4.4189800e+05   4.3273926e+01
   4.8011600e+05   4.0405273e+01
   4.8031900e+05   1.1383057e+02
   4.8039100e+05   5.9326172e+01
   4.8042900e+05   5.6335449e+01
   4.8044200e+05   5.2856445e+01
   4.8048200e+05   4.3701172e+01
   4.8050200e+05   5.2551270e+01
   4.8052900e+05   5.1574707e+01
   4.8060900e+05   5.2551270e+01
   4.8163400e+05   4.3701172e+01
   4.8194300e+05   4.2724609e+01
   4.8240200e+05   4.3395996e+01
   4.9232800e+05   5.2246094e+01
   4.9250500e+05   4.1625977e+01
   4.9260100e+05   6.3964844e+01
   4.9262100e+05   4.7485352e+01
   4.9267000e+05   4.0954590e+01
   4.9269500e+05   4.3823242e+01
   4.9271900e+05   5.0781250e+01
   4.9274500e+05   4.7119141e+01
   4.9277300e+05   4.5898438e+01
   4.9282700e+05   4.4555664e+01
   4.9286400e+05   6.0668945e+01
   4.9296300e+05   4.8156738e+01
   4.9309800e+05   4.2175293e+01
   5.0024500e+05   3.9550781e+01
   5.0048000e+05   3.9611816e+01
   5.0078100e+05   4.1992188e+01
   5.0168600e+05   4.3395996e+01
   5.0549600e+05   5.0109863e+01
   5.0552400e+05   4.6081543e+01
   5.0559900e+05   4.8583984e+01
   5.0577000e+05   4.7851563e+01
   5.0581100e+05   5.2612305e+01
   5.0592300e+05   4.0161133e+01
   5.1405100e+05   5.1025391e+01
   5.1429700e+05   4.3945313e+01
   5.1444400e+05   4.4006348e+01
   5.1454600e+05   6.8359375e+01
   5.1456800e+05   4.6325684e+01
   5.1467500e+05   4.1564941e+01
   5.1477300e+05   4.7241211e+01
   5.1483400e+05   4.4067383e+01
   5.1485200e+05   3.8818359e+01
   5.1521200e+05   4.2541504e+01
   5.2174700e+05   4.4311523e+01
   5.2192200e+05   4.6264648e+01
   5.2205000e+05   4.8889160e+01
   5.2248200e+05   4.2846680e+01
   5.2281700e+05   3.9489746e+01
   5.2314200e+05   4.0222168e+01
   5.3241800e+05   4.1381836e+01
   5.3256700e+05   4.6691895e+01
   5.3260800e+05   5.3405762e+01
   5.3267200e+05   3.9794922e+01
   5.3274900e+05   5.1696777e+01
   5.3276000e+05   4.1137695e+01
   5.3279900e+05   4.8217773e+01
   5.3291200e+05   6.7504883e+01
   5.3304400e+05   5.0598145e+01
   5.3314800e+05   4.0466309e+01
   5.3326000e+05   4.7790527e+01
   5.3327300e+05   4.7485352e+01
   5.3345100e+05   3.9245605e+01
   5.3927900e+05   4.3701172e+01
   5.3949600e+05   3.9550781e+01
   5.4647900e+05   4.0771484e+01
   5.4661300e+05   5.4809570e+01
   5.4680900e+05   4.7058105e+01
   5.5724400e+05   4.7119141e+01
   5.5746700e+05   3.8940430e+01
   5.5761400e+05   4.1503906e+01
   5.5767400e+05   5.4809570e+01
   5.5772800e+05   4.5166016e+01
   5.5783800e+05   5.4138184e+01
   5.5862700e+05   4.0771484e+01
   6.8797900e+05   3.8757324e+01
   6.8806500e+05   6.9030762e+01
   6.8808100e+05   4.6813965e+01
   6.8813500e+05   6.3354492e+01
   6.8814900e+05   5.6274414e+01
   6.8822500e+05   4.8767090e+01
   6.8823800e+05   5.2490234e+01
   6.8832700e+05   4.0527344e+01
   6.8935500e+05   4.1992188e+01
   6.8961200e+05   4.3273926e+01
   6.8971800e+05   4.1442871e+01
   6.8979000e+05   4.7546387e+01
   6.9509900e+05   4.2114258e+01
   7.5177300e+05   3.9550781e+01
   7.6447000e+05   4.4921875e+01
   7.6462200e+05   5.3039551e+01
   7.6467000e+05   3.8757324e+01
   7.6470000e+05   5.4565430e+01
   7.6472800e+05   4.6997070e+01
   7.6476800e+05   6.2438965e+01
   7.6478900e+05   6.3476563e+01
   7.6482300e+05   4.1625977e+01
   7.6485000e+05   4.4006348e+01
   7.6486300e+05   4.3884277e+01
   7.6488800e+05   4.1992188e+01
   7.6491800e+05   4.0283203e+01
   7.6493700e+05   4.4067383e+01
   7.6504800e+05   4.2480469e+01
   7.6557900e+05   4.9255371e+01
   7.6577400e+05   4.3640137e+01
   7.6590300e+05   3.8940430e+01
   7.6625800e+05   3.8940430e+01
   7.6653900e+05   4.8767090e+01
   7.6678500e+05   3.9428711e+01
   7.7563200e+05   4.0222168e+01
   7.7592600e+05   6.6162109e+01
   7.7606800e+05   4.0527344e+01
   7.7612100e+05   5.3771973e+01
   7.7617300e+05   4.0283203e+01
   7.7647200e+05   3.9184570e+01
   7.7660500e+05   4.0283203e+01
   7.7671800e+05   3.9062500e+01
   7.7736400e+05   4.6752930e+01
   7.8594600e+05   4.9499512e+01
   7.8604800e+05   5.7128906e+01
   7.8612200e+05   4.8645020e+01
   7.8629800e+05   4.0588379e+01
   7.8650000e+05   5.5908203e+01
   7.8666300e+05   3.9794922e+01
   7.8739500e+05   4.1870117e+01
   7.9212300e+05   4.6325684e+01
   7.9257900e+05   4.3212891e+01
   7.9297400e+05   4.2724609e+01
   7.9392200e+05   3.9489746e+01
   8.0020800e+05   4.2785645e+01
   8.0038700e+05   3.9611816e+01
   8.0052600e+05   4.8767090e+01
   8.0056900e+05   5.5480957e+01
   8.0081400e+05   5.1513672e+01
   8.0204700e+05   4.1442871e+01
   8.1505900e+05   4.6203613e+01
   8.1537000e+05   4.0405273e+01
   8.1547000e+05   5.7922363e+01
   8.1559100e+05   4.5959473e+01
   8.1566700e+05   5.4809570e+01
   8.1573900e+05   4.2785645e+01
   8.1585700e+05   4.6264648e+01
   8.1588200e+05   4.1198730e+01
   8.1603900e+05   3.9062500e+01
   8.2209900e+05   3.9245605e+01
   8.2263700e+05   4.5349121e+01
   8.2284800e+05   3.9672852e+01
   8.2305400e+05   3.9184570e+01
   8.2325400e+05   3.9611816e+01
   8.2344900e+05   4.2480469e+01
   8.3683700e+05   4.7546387e+01
   8.3700700e+05   4.1687012e+01
   8.3713500e+05   5.9570313e+01
   8.3724700e+05   4.6630859e+01
   8.3731200e+05   4.0527344e+01
   8.3739300e+05   4.2602539e+01
   8.3742100e+05   5.5358887e+01
   8.3755400e+05   4.1870117e+01
   8.3765400e+05   3.9062500e+01
   8.5389700e+05   3.8818359e+01
   8.5411700e+05   7.0922852e+01
   8.5416100e+05   4.3457031e+01
   8.5426000e+05   3.9978027e+01
   8.5427000e+05   4.3701172e+01
   8.5435800e+05   4.9926758e+01
   8.5440000e+05   4.9194336e+01
   8.5470700e+05   4.0161133e+01
   8.5481800e+05   3.8940430e+01
   8.5498700e+05   3.9794922e+01
   8.6285200e+05   3.9306641e+01
   8.6307000e+05   4.3945313e+01
   8.6323300e+05   5.7128906e+01
   8.6341000e+05   3.8818359e+01
   8.6401100e+05   4.6997070e+01
   8.8077400e+05   3.9611816e+01
   8.8099000e+05   4.7851563e+01
   8.8108800e+05   6.2377930e+01
   8.8112400e+05   3.9611816e+01
   8.8125600e+05   4.2846680e+01
   8.8149500e+05   4.2297363e+01
   9.0773600e+05   4.0893555e+01
   9.0794300e+05   4.7363281e+01
   9.0797500e+05   6.3293457e+01
   9.0804200e+05   4.9255371e+01
   9.0808900e+05   4.0649414e+01
   9.0815700e+05   4.4555664e+01
   9.0823200e+05   4.9133301e+01
   9.0843000e+05   4.5043945e+01
   9.1560900e+05   4.1381836e+01
   9.1605100e+05   4.2541504e+01
   1.1132010e+06   4.7668457e+01
   1.1132800e+06   5.0048828e+01
   1.1133320e+06   4.4982910e+01
   1.1133570e+06   4.4921875e+01
   1.1133680e+06   3.8940430e+01
   1.1134020e+06   6.1950684e+01
   1.1134210e+06   4.6875000e+01
   1.1134370e+06   4.0832520e+01
   1.1134570e+06   5.7312012e+01
   1.1134760e+06   7.3608398e+01
   1.1134930e+06   4.5043945e+01
   1.1135480e+06   4.5043945e+01
   1.1135800e+06   5.3955078e+01
   1.1147960e+06   3.9245605e+01
   1.1149990e+06   4.6569824e+01
   1.2563810e+06   3.9489746e+01
   1.2564860e+06   7.1044922e+01
   1.2565050e+06   4.5043945e+01
   1.2565150e+06   4.5349121e+01
   1.2565390e+06   4.8950195e+01
   1.2565500e+06   5.1025391e+01
   1.2565970e+06   4.1748047e+01
   1.2566250e+06   4.6264648e+01
   1.2566480e+06   3.9306641e+01
   1.2566730e+06   6.0974121e+01
   1.2567250e+06   4.8950195e+01
   1.2567480e+06   3.9916992e+01
   1.2567950e+06   4.1809082e+01
   1.2578010e+06   3.9306641e+01
   1.2580950e+06   3.9855957e+01
   1.2584350e+06   4.0039063e+01
   1.2584490e+06   4.0405273e+01
   1.2586650e+06   4.2358398e+01
   1.2595960e+06   4.1015625e+01
   1.3742130e+06   4.2907715e+01
   1.3743140e+06   7.2875977e+01
   1.3743730e+06   5.7312012e+01
   1.3743910e+06   7.2753906e+01
   1.3744240e+06   4.0100098e+01
   1.3744450e+06   4.8034668e+01
   1.3744660e+06   5.9814453e+01
   1.3745340e+06   4.7058105e+01
   1.3745470e+06   4.1259766e+01
   1.3745790e+06   4.5471191e+01
   1.3745970e+06   3.9978027e+01
   1.3757550e+06   4.0954590e+01
   1.3760670e+06   4.7180176e+01
   1.3765290e+06   3.8818359e+01
   1.3795550e+06   4.3029785e+01
   1.3867330e+06   3.8757324e+01
   1.3874830e+06   3.9306641e+01
   1.3877490e+06   6.0913086e+01
   1.3877880e+06   4.4128418e+01
   1.3878240e+06   5.3405762e+01
   1.3878610e+06   5.1208496e+01
   1.3878800e+06   4.3457031e+01
   1.3879040e+06   5.3588867e+01
   1.3879810e+06   5.8227539e+01
   1.3880350e+06   6.3781738e+01
   1.3881410e+06   4.3884277e+01
   1.3881770e+06   3.8757324e+01
   1.3928290e+06   4.0466309e+01
   1.3948720e+06   4.5532227e+01
   1.3961510e+06   4.1687012e+01
   1.3965140e+06   3.8879395e+01
   1.3967320e+06   4.2602539e+01
   1.3973390e+06   4.1870117e+01
   1.3977730e+06   4.3151855e+01
   1.3981040e+06   4.5349121e+01
   1.3986180e+06   3.9489746e+01
   1.3991920e+06   3.8757324e+01
   1.4033540e+06   4.1931152e+01
   1.4035690e+06   4.2297363e+01
   1.4037530e+06   4.1809082e+01
   1.4039050e+06   4.0283203e+01
   1.4042880e+06   4.0954590e+01
   1.4045790e+06   3.9978027e+01
   1.4123130e+06   3.9001465e+01
   1.4124480e+06   3.8818359e+01
   1.4127450e+06   5.1696777e+01
   1.4128040e+06   3.9489746e+01
   1.4128370e+06   4.7973633e+01
   1.4128850e+06   5.3039551e+01
   1.4129280e+06   4.2358398e+01
   1.4129800e+06   3.9245605e+01
   1.4130070e+06   4.0161133e+01
   1.4130210e+06   4.1870117e+01
   1.4132280e+06   4.1381836e+01
   1.4196700e+06   4.3212891e+01
   1.4199940e+06   5.1147461e+01
   1.4204720e+06   4.5166016e+01
   1.4270990e+06   3.9550781e+01
   1.4274510e+06   4.0771484e+01
   1.4275090e+06   6.7932129e+01
   1.4275770e+06   4.1564941e+01
   1.4276820e+06   4.5715332e+01
   1.4278380e+06   4.4189453e+01
   1.4395470e+06   4.0039063e+01
   1.4398770e+06   4.6630859e+01
   1.4399490e+06   6.0424805e+01
   1.4399780e+06   4.7119141e+01
   1.4400890e+06   5.1208496e+01
   1.4401960e+06   4.3945313e+01
   1.4403290e+06   4.6875000e+01
   1.4405480e+06   4.4250488e+01
   1.4408830e+06   4.2419434e+01
   1.4498520e+06   4.0344238e+01
   1.4501440e+06   4.1442871e+01
   1.4502380e+06   5.5419922e+01
   1.4502540e+06   5.3039551e+01
   1.4503810e+06   3.9550781e+01
   1.4505010e+06   5.0048828e+01
   1.4506960e+06   4.2785645e+01
   1.4522170e+06   4.0649414e+01
   1.4581560e+06   4.8706055e+01
   1.4583450e+06   4.3273926e+01
   1.4584620e+06   4.0649414e+01
   1.4586750e+06   4.2114258e+01
   1.4588710e+06   5.1391602e+01
   1.4589860e+06   4.4860840e+01
   1.4802540e+06   4.3273926e+01
   1.4804610e+06   4.6264648e+01
   1.4806010e+06   4.1931152e+01
   1.4806410e+06   5.8105469e+01
   1.4806860e+06   4.6691895e+01
   1.4807380e+06   4.9072266e+01
   1.4807720e+06   4.3701172e+01
   1.4808330e+06   4.3884277e+01
   1.4809680e+06   6.4514160e+01
   1.4811090e+06   4.1687012e+01
   1.4812780e+06   4.0100098e+01
   1.4828130e+06   3.8757324e+01
   1.4856280e+06   4.0954590e+01
   1.4885920e+06   4.2846680e+01
   1.4889380e+06   4.0405273e+01
   1.4891380e+06   4.0283203e+01
   1.4892520e+06   3.9855957e+01
   1.4895970e+06   4.1748047e+01
   1.4901740e+06   3.9245605e+01
   1.4959390e+06   4.3884277e+01
   1.4964220e+06   3.8940430e+01
   1.4965290e+06   6.4086914e+01
   1.4975080e+06   3.8818359e+01
   1.5031620e+06   4.3090820e+01
   1.5033370e+06   3.9367676e+01
   1.5034480e+06   4.5227051e+01
   1.5035250e+06   4.0832520e+01
   1.5038370e+06   4.1076660e+01
   1.5039960e+06   4.2541504e+01
   1.5041680e+06   4.6081543e+01
   1.5120920e+06   4.4860840e+01
   1.5124620e+06   4.8828125e+01
   1.5126240e+06   4.2602539e+01
   1.5127250e+06   3.9123535e+01
   1.5130170e+06   4.2175293e+01
   1.5132180e+06   4.9377441e+01
   1.5625910e+06   8.5815430e+01
   1.5626650e+06   4.2907715e+01
   1.5627300e+06   4.3029785e+01
   1.5627740e+06   5.0598145e+01
   1.5628030e+06   9.1613770e+01
   1.5628810e+06   6.1584473e+01
   1.5629720e+06   4.4860840e+01
   1.5630790e+06   4.4311523e+01
   1.5630980e+06   3.8757324e+01
   1.5632110e+06   3.9306641e+01
   1.5637630e+06   4.0527344e+01
   1.5638570e+06   3.9611816e+01
   1.5641700e+06   4.1625977e+01
   1.5653220e+06   4.2663574e+01
   1.5715140e+06   4.1015625e+01
   1.5719080e+06   4.3090820e+01
   1.5722050e+06   4.5898438e+01
   1.5724300e+06   3.9001465e+01
   1.5733450e+06   4.1931152e+01
   1.5788100e+06   3.9794922e+01
   1.5790560e+06   3.8879395e+01
   1.5792200e+06   4.1809082e+01
   1.5794820e+06   4.4921875e+01
   1.6003420e+06   4.9804688e+01
   1.6004680e+06   4.2175293e+01
   1.6005640e+06   5.1757813e+01
   1.6006420e+06   5.2429199e+01
   1.6006780e+06   3.9245605e+01
   1.6007130e+06   4.3579102e+01
   1.6007590e+06   4.9926758e+01
   1.6008510e+06   7.3181152e+01
   1.6009930e+06   4.3151855e+01
   1.6011250e+06   4.2114258e+01
   1.6011390e+06   3.9916992e+01
   1.6013210e+06   5.7373047e+01
   1.6030710e+06   4.5227051e+01
   1.6074280e+06   3.9001465e+01
   1.6076640e+06   3.9367676e+01
   1.6092370e+06   4.2602539e+01
   1.6145640e+06   4.1931152e+01
   1.6148770e+06   4.6813965e+01
   1.6150050e+06   5.1696777e+01
   1.6152080e+06   4.0527344e+01
   1.6154920e+06   4.5227051e+01
   1.6208650e+06   4.1625977e+01
   1.6210470e+06   3.9733887e+01
   1.6212940e+06   4.3823242e+01
   1.6277990e+06   4.2480469e+01
   1.6289630e+06   3.9672852e+01
   1.8000700e+06   3.9611816e+01
   1.8002930e+06   7.2875977e+01
   1.8003740e+06   4.1503906e+01
   1.8004020e+06   9.3627930e+01
   1.8004160e+06   4.8950195e+01
   1.8004730e+06   4.1931152e+01
   1.8004910e+06   6.4758301e+01
   1.8005060e+06   4.4677734e+01
   1.8005710e+06   5.8227539e+01
   1.8006500e+06   4.3640137e+01
   1.8017170e+06   4.1381836e+01
   1.8021950e+06   4.6936035e+01
   1.8029950e+06   4.0588379e+01
   1.9100480e+06   3.9916992e+01
   1.9871190e+06   8.6975098e+01
   1.9871820e+06   4.3212891e+01
   1.9872030e+06   4.6142578e+01
   1.9872770e+06   7.8735352e+01
   1.9873020e+06   4.7546387e+01
   1.9873280e+06   4.0954590e+01
   1.9873590e+06   4.5288086e+01
   1.9874250e+06   5.4992676e+01
   1.9874950e+06   3.9611816e+01
   1.9889070e+06   4.2480469e+01
   1.9902120e+06   3.8757324e+01
   1.9926170e+06   3.9611816e+01
   2.1378390e+06   4.0527344e+01
   2.1860970e+06   4.6081543e+01
   2.1917860e+06   3.9916992e+01
   2.2031220e+06   4.1809082e+01
   2.2069540e+06   3.9123535e+01
   2.2070770e+06   6.4819336e+01
   2.2070960e+06   4.3579102e+01
   2.2071300e+06   6.1706543e+01
   2.2071440e+06   4.6203613e+01
   2.2071810e+06   4.4677734e+01
   2.2072320e+06   5.5419922e+01
   2.2072860e+06   4.3090820e+01
   2.2073110e+06   5.3100586e+01
   2.2073340e+06   4.4555664e+01
   2.2073930e+06   4.3823242e+01
   2.2083850e+06   4.5166016e+01
   2.2089260e+06   4.7912598e+01
   2.2089550e+06   4.1381836e+01
   2.2098820e+06   4.1564941e+01
   2.2124570e+06   4.2297363e+01
   2.3459080e+06   4.6752930e+01
   2.3463520e+06   6.5734863e+01
   2.3464110e+06   4.4067383e+01
   2.3464250e+06   9.1186523e+01
   2.3464570e+06   4.7302246e+01
   2.3465150e+06   4.9743652e+01
   2.3465320e+06   4.2114258e+01
   2.3466240e+06   4.2053223e+01
   2.3466860e+06   4.1137695e+01
   2.3486400e+06   4.1320801e+01
   2.3518410e+06   4.2236328e+01
   2.3604270e+06   3.8879395e+01
   2.4510370e+06   4.0832520e+01
   2.4511600e+06   4.0832520e+01
   2.4511820e+06   9.2041016e+01
   2.4512130e+06   4.1931152e+01
   2.4512340e+06   6.5002441e+01
   2.4512640e+06   6.1401367e+01
   2.4513140e+06   6.7321777e+01
   2.4513370e+06   6.4575195e+01
   2.4513610e+06   3.9611816e+01
   2.4513720e+06   4.8645020e+01
   2.4527740e+06   5.3405762e+01
   2.4528840e+06   4.2846680e+01
   2.4531040e+06   4.0161133e+01
   2.4534000e+06   4.2968750e+01
   2.4540190e+06   4.0466309e+01
   2.4649410e+06   4.4921875e+01
   2.4651030e+06   4.0466309e+01
   2.4651630e+06   5.0415039e+01
   2.4651780e+06   4.2724609e+01
   2.4652060e+06   4.5227051e+01
   2.4652340e+06   4.9011230e+01
   2.4652670e+06   7.1411133e+01
   2.4652780e+06   5.1513672e+01
   2.4653470e+06   5.4138184e+01
   2.4674290e+06   4.4799805e+01
   2.4721710e+06   3.9794922e+01
   2.4742590e+06   4.3945313e+01
   2.4745180e+06   4.0100098e+01
   2.4745810e+06   5.3283691e+01
   2.4746890e+06   4.5471191e+01
   2.4747170e+06   6.6162109e+01
   2.4749120e+06   4.9194336e+01
   2.4757930e+06   4.2419434e+01
   2.4802640e+06   4.6325684e+01
   2.4807010e+06   3.9733887e+01
   2.4809300e+06   4.4982910e+01
   2.4845230e+06   4.4982910e+01
   2.4848970e+06   3.8818359e+01
   2.4850800e+06   4.4128418e+01
   2.4852550e+06   5.4504395e+01
   2.4853620e+06   4.3579102e+01
   2.4853810e+06   4.1320801e+01
   2.4853960e+06   4.3518066e+01
   2.4854360e+06   4.8217773e+01
   2.4854820e+06   4.8461914e+01
   2.4856650e+06   4.6875000e+01
   2.4857110e+06   4.1503906e+01
   2.4911890e+06   4.2358398e+01
   2.4915920e+06   4.8278809e+01
   2.4919070e+06   3.9550781e+01
   2.4930450e+06   5.1818848e+01
   2.4988380e+06   3.9855957e+01
   2.4991320e+06   4.0466309e+01
   2.4991970e+06   4.5227051e+01
   2.4993460e+06   3.9978027e+01
   2.4993710e+06   4.3212891e+01
   2.4995120e+06   5.4687500e+01
   2.4996570e+06   4.0039063e+01
   2.5068090e+06   3.9916992e+01
   2.5070640e+06   4.0588379e+01
   2.5071880e+06   4.1625977e+01
   2.5074590e+06   4.9133301e+01
   2.5077580e+06   4.2419434e+01
   2.5080220e+06   4.0954590e+01
   2.5134230e+06   4.2480469e+01
   2.5136580e+06   4.1625977e+01
   2.5138070e+06   3.9672852e+01
   2.5141910e+06   3.9489746e+01
   2.5142950e+06   4.1625977e+01
   2.5153240e+06   4.2358398e+01
   2.5213070e+06   4.1687012e+01
   2.5214740e+06   3.9123535e+01
   2.5216940e+06   5.2429199e+01
   2.5217170e+06   4.0954590e+01
   2.5218350e+06   4.1320801e+01
   2.5218740e+06   3.9978027e+01
   2.5220540e+06   5.5969238e+01
   2.5222340e+06   4.1015625e+01
   2.5224690e+06   3.8818359e+01
   2.5289270e+06   4.2846680e+01
   2.5293750e+06   3.9062500e+01
   2.5294780e+06   4.8400879e+01
   2.5296870e+06   4.2419434e+01
   2.5456810e+06   4.0039063e+01
   2.5459750e+06   4.2175293e+01
   2.5460960e+06   4.1381836e+01
   2.5461280e+06   4.8828125e+01
   2.5461830e+06   4.6264648e+01
   2.5462220e+06   4.2541504e+01
   2.5462690e+06   4.0100098e+01
   2.5463820e+06   5.7373047e+01
   2.5464250e+06   4.0954590e+01
   2.5465060e+06   3.9001465e+01
   2.5520400e+06   4.4067383e+01
   2.5530570e+06   3.9367676e+01
   2.5533260e+06   3.9855957e+01
   2.5624160e+06   4.3090820e+01
   2.5626710e+06   4.1748047e+01
   2.5728000e+06   4.1931152e+01
   2.5731780e+06   4.9560547e+01
   2.5733440e+06   4.2968750e+01
   2.5733550e+06   5.4138184e+01
   2.5735120e+06   4.6691895e+01
   2.5735770e+06   3.9306641e+01
   2.5810160e+06   4.1381836e+01
   2.5812070e+06   3.9428711e+01
   2.5812940e+06   4.1870117e+01
   2.5819940e+06   4.0222168e+01
   2.5822250e+06   4.5349121e+01
   2.6154200e+06   5.2734375e+01
   2.6155160e+06   4.3395996e+01
   2.6155490e+06   4.6997070e+01
   2.6156230e+06   4.6813965e+01
   2.6156470e+06   4.1870117e+01
   2.6157260e+06   5.3649902e+01
   2.6157470e+06   4.1503906e+01
   2.6158210e+06   5.0842285e+01
   2.6159090e+06   4.9987793e+01
   2.6159910e+06   4.2968750e+01
   2.6161200e+06   4.1015625e+01
   2.6162480e+06   4.9682617e+01
   2.6164470e+06   4.0893555e+01
   2.6267890e+06   4.1442871e+01
   2.6269740e+06   4.1748047e+01
   2.6271290e+06   5.4077148e+01
   2.6273760e+06   3.9306641e+01
   2.6351430e+06   4.0283203e+01
   2.6353240e+06   3.9062500e+01
   2.6354560e+06   4.0588379e+01
   2.6355110e+06   6.6101074e+01
   2.6356860e+06   4.3395996e+01
   2.6357930e+06   5.0537109e+01
   2.6440340e+06   4.3273926e+01
   2.6445340e+06   5.1330566e+01
   2.6446630e+06   4.3579102e+01
   2.6601920e+06   4.1198730e+01
   2.6602640e+06   4.9377441e+01
   2.6603080e+06   4.0893555e+01
   2.6603960e+06   5.5603027e+01
   2.6605480e+06   5.3894043e+01
   2.6606650e+06   4.3212891e+01
   2.6607550e+06   4.0832520e+01
   2.6608100e+06   3.9184570e+01
   2.6690500e+06   4.3090820e+01
   2.6695270e+06   3.9062500e+01
   2.6789610e+06   5.0964355e+01
   2.6789860e+06   4.5837402e+01
   2.6791980e+06   4.3640137e+01
   2.6793440e+06   3.8757324e+01
   2.6903040e+06   5.3894043e+01
   2.6906050e+06   4.4921875e+01
   2.6906940e+06   5.8044434e+01
   2.6907650e+06   4.0893555e+01
   2.6911750e+06   4.0100098e+01
   2.7123500e+06   4.1625977e+01
   2.7124000e+06   5.3039551e+01
   2.7125320e+06   4.0893555e+01
   2.7126920e+06   3.9184570e+01
   2.7127030e+06   3.9550781e+01
   2.7128110e+06   4.0039063e+01
   3.0132450e+06   4.4006348e+01
   3.0456650e+06   4.2480469e+01
   3.0565700e+06   4.1870117e+01
   3.0606880e+06   4.5471191e+01
   3.0669210e+06   4.5227051e+01
   3.0765570e+06   4.0527344e+01
   3.0766410e+06   9.8754883e+01
   3.0766530e+06   5.4199219e+01
   3.0766800e+06   3.9062500e+01
   3.0766910e+06   4.1259766e+01
   3.0767620e+06   5.9936523e+01
   3.0767800e+06   4.8095703e+01
   3.0768750e+06   4.4921875e+01
   3.0768860e+06   3.9733887e+01
   3.0788660e+06   4.1625977e+01
   3.0793310e+06   3.9306641e+01
   3.0816870e+06   4.0039063e+01
   3.0839180e+06   4.0588379e+01
   3.1922540e+06   4.1625977e+01
   3.2165090e+06   4.3823242e+01
   3.2700700e+06   4.0588379e+01
   3.2849120e+06   4.3640137e+01
   3.2945230e+06   4.8645020e+01
   3.2945740e+06   6.0119629e+01
   3.2946180e+06   4.7302246e+01
   3.2946360e+06   4.1870117e+01
   3.2946610e+06   4.1015625e+01
   3.2947050e+06   5.3527832e+01
   3.2947390e+06   6.9274902e+01
   3.2947540e+06   5.0659180e+01
   3.2948010e+06   4.0954590e+01
   3.2948400e+06   4.1748047e+01
   3.2948740e+06   3.9978027e+01
   3.2958770e+06   4.0344238e+01
   3.3199970e+06   4.4738770e+01
   3.3487050e+06   4.2968750e+01
   3.3488780e+06   4.0710449e+01
   3.3488980e+06   5.4565430e+01
   3.3489230e+06   6.1279297e+01
   3.3489360e+06   5.9936523e+01
   3.3489620e+06   5.4382324e+01
   3.3489790e+06   3.8879395e+01
   3.3490040e+06   4.4677734e+01
   3.3490240e+06   4.1503906e+01
   3.3490560e+06   4.7607422e+01
   3.3491010e+06   4.2602539e+01
   3.3491160e+06   5.0170898e+01
   3.3491470e+06   4.1442871e+01
   3.3519920e+06   3.8757324e+01
   3.3528150e+06   4.1137695e+01
   3.3595070e+06   4.0588379e+01
   3.3598860e+06   4.0222168e+01
   3.3600440e+06   4.6142578e+01
   3.3601450e+06   5.7495117e+01
   3.3601590e+06   4.3151855e+01
   3.3601900e+06   7.8430176e+01
   3.3602630e+06   4.8156738e+01
   3.3603250e+06   4.6630859e+01
   3.3604230e+06   4.2297363e+01
   3.3675090e+06   4.1870117e+01
   3.3694530e+06   4.5654297e+01
   3.3699010e+06   4.2480469e+01
   3.3700030e+06   4.5349121e+01
   3.3700700e+06   3.8757324e+01
   3.3701400e+06   4.5776367e+01
   3.3705800e+06   4.8522949e+01
   3.3759790e+06   4.5776367e+01
   3.3761680e+06   4.0039063e+01
   3.3763230e+06   4.8217773e+01
   3.3764580e+06   4.2602539e+01
   3.3769590e+06   3.9428711e+01
   3.3806040e+06   4.0344238e+01
   3.3914210e+06   4.2541504e+01
   3.3915820e+06   4.7180176e+01
   3.3916880e+06   4.1748047e+01
   3.3917260e+06   5.6640625e+01
   3.3917440e+06   8.3679199e+01
   3.3918170e+06   6.7138672e+01
   3.3918560e+06   4.5349121e+01
   3.3919150e+06   4.4555664e+01
   3.3919360e+06   4.2480469e+01
   3.3919660e+06   3.9367676e+01
   3.3928580e+06   3.9672852e+01
   3.3991460e+06   4.1198730e+01
   3.3993750e+06   4.2053223e+01
   3.3995530e+06   4.3151855e+01
   3.3999640e+06   4.2785645e+01
   3.4003340e+06   4.3457031e+01
   3.4043880e+06   4.1748047e+01
   3.4045770e+06   4.2785645e+01
   3.4047450e+06   5.0109863e+01
   3.4050690e+06   3.9611816e+01
   3.4055010e+06   3.9855957e+01
   3.4057020e+06   3.9123535e+01
   3.4105340e+06   3.9123535e+01
   3.4107420e+06   6.1218262e+01
   3.4107880e+06   5.6640625e+01
   3.4109750e+06   4.4799805e+01
   3.4110290e+06   4.3090820e+01
   3.4157820e+06   5.4382324e+01
   3.4184650e+06   4.3029785e+01
   3.4188310e+06   4.6020508e+01
   3.4250590e+06   4.2785645e+01
   3.4253020e+06   4.7973633e+01
   3.4255750e+06   4.2907715e+01
   3.4259690e+06   4.2358398e+01
   3.4324330e+06   4.5959473e+01
   3.4326360e+06   4.0466309e+01
   3.4329760e+06   4.7302246e+01
   3.4330490e+06   5.5908203e+01
   3.4330720e+06   4.4250488e+01
   3.4412150e+06   4.0222168e+01
   3.4417700e+06   4.4250488e+01
   3.4419330e+06   4.1076660e+01
   3.4420090e+06   3.9916992e+01
   3.4421640e+06   4.3884277e+01
   3.4540600e+06   4.2724609e+01
   3.4543470e+06   4.0710449e+01
   3.4543920e+06   6.4941406e+01
   3.4544390e+06   4.0649414e+01
   3.4545340e+06   4.8950195e+01
   3.4545680e+06   4.2358398e+01
   3.4546610e+06   4.1259766e+01
   3.4546920e+06   4.4616699e+01
   3.4547120e+06   5.0109863e+01
   3.4548480e+06   4.1748047e+01
   3.4550770e+06   4.1748047e+01
   3.4667270e+06   4.1259766e+01
   3.4667500e+06   3.9978027e+01
   3.4667670e+06   4.0527344e+01
   3.4668590e+06   4.0771484e+01
   3.4670800e+06   4.0222168e+01
   3.4671310e+06   4.0344238e+01
   3.4679180e+06   4.1259766e+01
   3.4807740e+06   4.8156738e+01
   3.4808890e+06   4.0283203e+01
   3.4809820e+06   5.3466797e+01
   3.4810810e+06   4.2663574e+01
   3.4811050e+06   5.8166504e+01
   3.4814770e+06   4.0954590e+01
   3.4819630e+06   3.9123535e+01
   3.4929720e+06   4.2846680e+01
   3.4931910e+06   4.1687012e+01
   3.4932160e+06   4.4738770e+01
   3.4934000e+06   4.6020508e+01
   3.4934210e+06   3.9001465e+01
   3.4935490e+06   4.2724609e+01
   3.4936670e+06   4.2785645e+01
   3.5058900e+06   4.0771484e+01
   3.5060990e+06   4.6630859e+01
   3.5062520e+06   4.2663574e+01
   3.5064540e+06   4.2846680e+01
   3.5066160e+06   4.0039063e+01
   3.5072020e+06   3.9916992e+01
   3.5196740e+06   5.2062988e+01
   3.5198800e+06   4.4494629e+01
   3.5199550e+06   4.1442871e+01
   3.5203280e+06   3.8879395e+01
   3.5203740e+06   3.9794922e+01
   3.5393490e+06   5.2917480e+01
   3.5393850e+06   4.8583984e+01
   3.5395030e+06   5.0598145e+01
   3.5395470e+06   4.0527344e+01
   3.5398190e+06   4.2541504e+01
   3.5579390e+06   4.1748047e+01
   3.5580000e+06   5.6213379e+01
   3.5581510e+06   4.4433594e+01
   3.5583340e+06   4.7729492e+01
   3.5586080e+06   4.0039063e+01
   3.5787240e+06   4.1015625e+01
   3.5789590e+06   6.0729980e+01
   3.5790650e+06   4.2114258e+01
   3.5791490e+06   4.2541504e+01
   3.5791940e+06   4.1503906e+01
   3.5793470e+06   4.5471191e+01
   3.7640170e+06   4.2663574e+01
   3.7874350e+06   3.9855957e+01
   3.7874460e+06   4.7058105e+01
   3.7874630e+06   6.9091797e+01
   3.7875440e+06   4.4189453e+01
   3.7875710e+06   3.9428711e+01
   3.7875990e+06   5.7983398e+01
   3.7876320e+06   5.4382324e+01
   3.7876450e+06   5.1208496e+01
   3.7876660e+06   4.5715332e+01
   3.7877230e+06   4.6508789e+01
   3.7877460e+06   4.4921875e+01
   3.7878220e+06   4.7607422e+01
   3.7890850e+06   3.9550781e+01
   3.7892400e+06   3.9733887e+01
   3.7894790e+06   4.0039063e+01
   3.7925750e+06   4.2419434e+01
   3.7938010e+06   4.0161133e+01
   3.9772560e+06   4.2480469e+01
   3.9879680e+06   4.8522949e+01
   4.0011320e+06   4.1564941e+01
   4.0112220e+06   5.8776855e+01
   4.0112750e+06   5.0781250e+01
   4.0113040e+06   6.3476563e+01
   4.0113560e+06   5.1391602e+01
   4.0113800e+06   5.3466797e+01
   4.0113940e+06   5.4809570e+01
   4.0115300e+06   3.9428711e+01
   4.0128810e+06   4.1076660e+01
   4.0132810e+06   4.0466309e+01
   4.0134080e+06   4.2968750e+01
   4.0135730e+06   4.0405273e+01
   4.0176090e+06   3.9550781e+01
   4.1381670e+06   4.0100098e+01
   4.1746960e+06   4.0588379e+01
   4.2076430e+06   4.3151855e+01
   4.2129860e+06   4.9621582e+01
   4.2233170e+06   4.1687012e+01
   4.2235260e+06   5.6640625e+01
   4.2235930e+06   5.5847168e+01
   4.2236120e+06   6.2011719e+01
   4.2236540e+06   4.7302246e+01
   4.2236660e+06   5.0292969e+01
   4.2237420e+06   4.5532227e+01
   4.2238420e+06   4.2480469e+01
   4.2251000e+06   4.2724609e+01
   4.2252270e+06   4.3090820e+01
   4.2255770e+06   4.2541504e+01
   4.3431960e+06   4.5593262e+01
   4.3433040e+06   5.8105469e+01
   4.3433250e+06   4.6020508e+01
   4.3433370e+06   4.9072266e+01
   4.3433560e+06   4.1687012e+01
   4.3434100e+06   6.5246582e+01
   4.3435200e+06   4.1931152e+01
   4.3435380e+06   4.9194336e+01
   4.3436050e+06   4.1564941e+01
   4.3446600e+06   4.5715332e+01
   4.3447980e+06   3.9184570e+01
   4.3451480e+06   4.0405273e+01
   4.3459590e+06   4.2114258e+01
   4.4482880e+06   4.1442871e+01
   4.4483390e+06   5.6701660e+01
   4.4483650e+06   4.4006348e+01
   4.4483850e+06   7.5866699e+01
   4.4484050e+06   4.6325684e+01
   4.4484230e+06   4.7180176e+01
   4.4484530e+06   5.6762695e+01
   4.4484800e+06   5.2917480e+01
   4.4484910e+06   4.7058105e+01
   4.4485300e+06   5.1147461e+01
   4.4485780e+06   5.3039551e+01
   4.4486620e+06   4.1381836e+01
   4.4495890e+06   4.3151855e+01
   4.4503820e+06   4.3945313e+01
   4.4508200e+06   4.4372559e+01
   4.4600240e+06   3.9550781e+01
   4.4604250e+06   4.1748047e+01
   4.4604620e+06   8.9599609e+01
   4.4605080e+06   4.7424316e+01
   4.4605810e+06   5.3588867e+01
   4.4606030e+06   4.1992188e+01
   4.4606360e+06   5.5419922e+01
   4.4606610e+06   3.9672852e+01
   4.4606720e+06   5.7556152e+01
   4.4607650e+06   4.6508789e+01
   4.4608070e+06   4.2602539e+01
   4.4609560e+06   3.9428711e+01
   4.4617490e+06   4.0466309e+01
   4.4624870e+06   4.1442871e+01
   4.4634150e+06   4.3762207e+01
   4.4668670e+06   3.9794922e+01
   4.4682120e+06   4.3029785e+01
   4.4686020e+06   4.7058105e+01
   4.4696790e+06   4.5715332e+01
   4.4701320e+06   4.4677734e+01
   4.4710830e+06   4.4555664e+01
   4.4743740e+06   4.2480469e+01
   4.4747600e+06   4.1809082e+01
   4.4819750e+06   4.3579102e+01
   4.4822330e+06   3.9062500e+01
   4.4823960e+06   4.2175293e+01
   4.4824800e+06   5.5114746e+01
   4.4825170e+06   5.1086426e+01
   4.4825970e+06   4.5654297e+01
   4.4826260e+06   4.0771484e+01
   4.4826580e+06   6.7199707e+01
   4.4827620e+06   4.2602539e+01
   4.4828650e+06   4.0344238e+01
   4.4852420e+06   3.9001465e+01
   4.4883320e+06   3.9794922e+01
   4.4891360e+06   4.4738770e+01
   4.4895440e+06   4.5898438e+01
   4.4909540e+06   3.9611816e+01
   4.4912670e+06   4.3212891e+01
   4.4916040e+06   3.9916992e+01
   4.4917670e+06   4.3212891e+01
   4.4919160e+06   4.4067383e+01
   4.4965960e+06   4.0588379e+01
   4.4968670e+06   4.5166016e+01
   4.4969690e+06   4.4433594e+01
   4.4970670e+06   4.7241211e+01
   4.4971350e+06   4.1503906e+01
   4.4972910e+06   5.2917480e+01
   4.4979180e+06   4.0893555e+01
   4.5029390e+06   3.9489746e+01
   4.5034740e+06   4.2968750e+01
   4.5038970e+06   4.4982910e+01
   4.5041980e+06   4.1931152e+01
   4.5124020e+06   4.2907715e+01
   4.5126250e+06   4.1625977e+01
   4.5127550e+06   5.1757813e+01
   4.5127920e+06   4.6630859e+01
   4.5128340e+06   4.4250488e+01
   4.5128560e+06   4.1748047e+01
   4.5128960e+06   5.0903320e+01
   4.5129480e+06   6.2072754e+01
   4.5130220e+06   4.3518066e+01
   4.5130430e+06   4.1931152e+01
   4.5131460e+06   6.5612793e+01
   4.5147430e+06   4.0222168e+01
   4.5195440e+06   4.0771484e+01
   4.5199790e+06   4.3029785e+01
   4.5201780e+06   4.0161133e+01
   4.5203760e+06   4.3579102e+01
   4.5238320e+06   4.1320801e+01
   4.5254000e+06   4.0527344e+01
   4.5305560e+06   4.2053223e+01
   4.5308710e+06   4.0832520e+01
   4.5389820e+06   4.1137695e+01
   4.5395440e+06   3.9611816e+01
   4.5396770e+06   4.1748047e+01
   4.5398580e+06   6.9458008e+01
   4.5399210e+06   4.4433594e+01
   4.5400110e+06   4.6142578e+01
   4.5400880e+06   4.0039063e+01
   4.5402020e+06   4.0954590e+01
   4.5402540e+06   4.4067383e+01
   4.5499100e+06   3.9916992e+01
   4.5502920e+06   5.2307129e+01
   4.5504550e+06   5.1208496e+01
   4.5506610e+06   4.2236328e+01
   4.5715430e+06   4.1076660e+01
   4.5717090e+06   4.5104980e+01
   4.5718150e+06   4.0161133e+01
   4.5718400e+06   6.4758301e+01
   4.5718890e+06   4.4006348e+01
   4.5719310e+06   5.5664063e+01
   4.5719630e+06   4.1564941e+01
   4.5720570e+06   4.9133301e+01
   4.5721450e+06   4.2541504e+01
   4.5721710e+06   4.4128418e+01
   4.5722760e+06   4.0649414e+01
   4.5723230e+06   4.3518066e+01
   4.5725660e+06   4.1748047e+01
   4.5807450e+06   4.6020508e+01
   4.5857740e+06   4.2175293e+01
   4.5860280e+06   4.1503906e+01
   4.5861580e+06   4.3029785e+01
   4.5925430e+06   4.4555664e+01
   4.5927540e+06   4.1320801e+01
   4.5930490e+06   4.6630859e+01
   4.5933360e+06   4.1137695e+01
   4.5934630e+06   4.3151855e+01
   4.6019640e+06   3.9733887e+01
   4.6022390e+06   4.3334961e+01
   4.6023580e+06   4.2907715e+01
   4.6032460e+06   3.9855957e+01
   4.6108530e+06   4.4372559e+01
   4.6266430e+06   4.1259766e+01
   4.6266600e+06   5.5664063e+01
   4.6267090e+06   4.4921875e+01
   4.6267970e+06   5.1879883e+01
   4.6269470e+06   4.5532227e+01
   4.6269790e+06   5.1269531e+01
   4.6271540e+06   3.9367676e+01
   4.6272500e+06   4.1381836e+01
   4.6403310e+06   4.0161133e+01
   4.6404350e+06   4.4372559e+01
   4.6404790e+06   3.9001465e+01
   4.6407370e+06   4.4494629e+01
   4.6537410e+06   4.3029785e+01
   4.6537620e+06   4.7302246e+01
   4.6539690e+06   4.1809082e+01
   4.6540110e+06   4.0466309e+01
   4.6541440e+06   4.3884277e+01
   4.8550600e+06   3.9855957e+01
   4.8815850e+06   4.0161133e+01
   4.8855580e+06   4.5654297e+01
   4.9016910e+06   3.9001465e+01
   4.9181970e+06   4.0283203e+01
   4.9447800e+06   4.1015625e+01
   4.9500880e+06   4.0100098e+01
   4.9563490e+06   4.2907715e+01
   4.9820860e+06   4.3395996e+01
   4.9901700e+06   4.0039063e+01
   5.0083680e+06   3.9184570e+01
   5.0239010e+06   4.1687012e+01
   5.0292150e+06   4.1320801e+01
   5.0319870e+06   4.0039063e+01
   5.0540260e+06   3.9428711e+01
   5.0724120e+06   3.9794922e+01
   5.0829920e+06   4.5410156e+01
   5.1009490e+06   3.9062500e+01
   5.1250860e+06   4.2358398e+01
   5.1473250e+06   4.1625977e+01
   5.1546390e+06   4.4433594e+01
   5.1644290e+06   4.6508789e+01
   5.1682280e+06   4.4921875e+01
   5.1719570e+06   4.5471191e+01
   5.1870100e+06   3.9245605e+01
   5.2159440e+06   4.4250488e+01
   5.2181030e+06   4.4372559e+01
   5.2182170e+06   5.4626465e+01
   5.2182400e+06   4.5166016e+01
   5.2182730e+06   5.3955078e+01
   5.2182850e+06   4.1320801e+01
   5.2183020e+06   4.9011230e+01
   5.2183200e+06   6.6284180e+01
   5.2183800e+06   4.7607422e+01
   5.2183930e+06   4.2785645e+01
   5.2184440e+06   4.3090820e+01
   5.2184730e+06   4.2663574e+01
   5.2198980e+06   4.2541504e+01
   5.2217980e+06   3.9123535e+01
   5.2238260e+06   4.3212891e+01
   5.2250560e+06   4.2358398e+01
   5.2263460e+06   4.3640137e+01
   5.3036280e+06   4.0771484e+01
   5.3107850e+06   4.2297363e+01
   5.3423450e+06   3.9978027e+01
   5.3546030e+06   4.6203613e+01
   5.3546840e+06   6.5185547e+01
   5.3546970e+06   3.9367676e+01
   5.3547300e+06   6.6833496e+01
   5.3547480e+06   4.0283203e+01
   5.3547950e+06   4.0954590e+01
   5.3548060e+06   6.4147949e+01
   5.3548220e+06   4.2358398e+01
   5.3548560e+06   4.5776367e+01
   5.3548870e+06   5.1330566e+01
   5.3549720e+06   4.4372559e+01
   5.3558300e+06   4.7119141e+01
   5.3559340e+06   4.2175293e+01
   5.3563090e+06   3.9367676e+01
   5.3564560e+06   3.8818359e+01
   5.3566270e+06   4.0161133e+01
   5.3571400e+06   4.1503906e+01
   5.3580490e+06   4.2419434e+01
   5.3610160e+06   3.8940430e+01
   5.3682870e+06   4.5959473e+01
   5.3713020e+06   3.9611816e+01
   5.3749930e+06   4.0710449e+01
   5.5057950e+06   3.9367676e+01
   5.5346970e+06   3.9428711e+01
   5.5357680e+06   3.9550781e+01
   5.5397220e+06   4.2053223e+01
   5.5496900e+06   4.8156738e+01
   5.5790330e+06   4.6875000e+01
   5.5790900e+06   6.4575195e+01
   5.5791260e+06   5.7495117e+01
   5.5791410e+06   4.7546387e+01
   5.5791690e+06   4.5349121e+01
   5.5792380e+06   3.9001465e+01
   5.5792770e+06   5.7312012e+01
   5.5793490e+06   4.3151855e+01
   5.5802740e+06   4.4799805e+01
   5.5807170e+06   4.1625977e+01
   5.5826860e+06   4.4250488e+01
   5.5856660e+06   4.1503906e+01
   5.5906890e+06   4.3090820e+01
   5.5909970e+06   4.3945313e+01
   5.5911050e+06   4.6569824e+01
   5.5911750e+06   3.9184570e+01
   5.5911990e+06   4.4799805e+01
   5.5912130e+06   4.6081543e+01
   5.5912450e+06   4.5349121e+01
   5.5913070e+06   4.7058105e+01
   5.5914070e+06   4.5776367e+01
   5.5977590e+06   4.6203613e+01
   5.5979330e+06   4.0832520e+01
   5.5997620e+06   4.5227051e+01
   5.6002460e+06   3.9733887e+01
   5.6004490e+06   4.9377441e+01
   5.6007770e+06   4.4433594e+01
   5.6008880e+06   3.9306641e+01
   5.6009220e+06   4.4128418e+01
   5.6009500e+06   4.0710449e+01
   5.6009650e+06   4.3945313e+01
   5.6009960e+06   3.9245605e+01
   5.6011200e+06   4.2480469e+01
   5.6011950e+06   4.0283203e+01
   5.6012960e+06   5.1635742e+01
   5.6013370e+06   4.0466309e+01
   5.6015160e+06   4.8400879e+01
   5.6019820e+06   3.9794922e+01
   5.6069740e+06   4.4128418e+01
   5.6088300e+06   4.0832520e+01
   5.6091460e+06   4.0039063e+01
   5.6130460e+06   4.0222168e+01
   5.6138870e+06   3.9855957e+01
   5.6144710e+06   4.0283203e+01
   5.6146480e+06   4.2480469e+01
   5.6147730e+06   4.5532227e+01
   5.6147890e+06   5.3588867e+01
   5.6148060e+06   5.5908203e+01
   5.6149240e+06   4.0832520e+01
   5.6149740e+06   4.2602539e+01
   5.6150750e+06   5.3039551e+01
   5.6152660e+06   4.9255371e+01
   5.6153370e+06   3.9184570e+01
   5.6214190e+06   4.3029785e+01
   5.6235990e+06   4.0710449e+01
   5.6272590e+06   4.1931152e+01
   5.6276350e+06   4.0283203e+01
   5.6280840e+06   3.9978027e+01
   5.6347680e+06   4.2602539e+01
   5.6349350e+06   4.6997070e+01
   5.6350020e+06   3.9123535e+01
   5.6350350e+06   4.3151855e+01
   5.6350900e+06   5.4443359e+01
   5.6351210e+06   4.1137695e+01
   5.6351480e+06   3.9245605e+01
   5.6352060e+06   5.1330566e+01
   5.6353080e+06   3.9855957e+01
   5.6353810e+06   4.2663574e+01
   5.6354690e+06   5.0109863e+01
   5.6355670e+06   4.2785645e+01
   5.6356130e+06   4.6875000e+01
   5.6356490e+06   4.4494629e+01
   5.6420800e+06   4.2968750e+01
   5.6427890e+06   3.9184570e+01
   5.6431160e+06   3.9367676e+01
   5.6482550e+06   4.2663574e+01
   5.6485610e+06   4.1259766e+01
   5.6486980e+06   3.9245605e+01
   5.6551560e+06   4.6997070e+01
   5.6554670e+06   4.0344238e+01
   5.6556580e+06   3.9123535e+01
   5.6559860e+06   3.9611816e+01
   5.6565500e+06   4.5104980e+01
   5.6608360e+06   3.9001465e+01
   5.6617950e+06   3.8757324e+01
   5.6621750e+06   4.2419434e+01
   5.6623780e+06   3.9916992e+01
   5.6625000e+06   4.0832520e+01
   5.6701670e+06   4.0100098e+01
   5.6703180e+06   4.6203613e+01
   5.6704560e+06   4.0039062e+01
   5.6705240e+06   3.9489746e+01
   5.6706650e+06   4.0710449e+01
   5.6707810e+06   4.0893555e+01
   5.6709690e+06   4.0405273e+01
   5.6805270e+06   4.6020508e+01
   5.6877130e+06   3.9916992e+01
   5.6883220e+06   3.8818359e+01
   5.8702860e+06   4.2236328e+01
   5.9061190e+06   4.0527344e+01
   5.9346310e+06   4.3090820e+01
   5.9424160e+06   3.9916992e+01
   5.9510650e+06   3.9245605e+01
   5.9857900e+06   4.4616699e+01
   5.9946570e+06   4.4006348e+01
   6.0075060e+06   4.4006348e+01
   6.0458960e+06   4.2053223e+01
   6.0493350e+06   3.8940430e+01
   6.0671190e+06   4.4372559e+01
   6.1223100e+06   4.2236328e+01
   6.1430850e+06   4.5104980e+01
   6.1713950e+06   4.0039063e+01
   6.1719810e+06   4.4677734e+01
   6.1720360e+06   6.1523438e+01
   6.1720710e+06   4.5288086e+01
   6.1720900e+06   4.7485352e+01
   6.1721190e+06   4.3762207e+01
   6.1721530e+06   4.9316406e+01
   6.1721780e+06   4.2968750e+01
   6.1722200e+06   3.9794922e+01
   6.1723120e+06   3.9794922e+01
   6.1744840e+06   4.0710449e+01
   6.1749260e+06   3.9550781e+01
   6.1750580e+06   3.9672852e+01
   6.1775640e+06   4.2602539e+01
   6.1835130e+06   3.9916992e+01
   6.2712950e+06   4.1015625e+01
   6.2765800e+06   4.3945313e+01
   6.3026830e+06   4.0588379e+01
   6.3163760e+06   6.2866211e+01
   6.3164060e+06   4.3273926e+01
   6.3164350e+06   4.6569824e+01
   6.3164670e+06   4.7485352e+01
   6.3164790e+06   7.8125000e+01
   6.3165300e+06   4.7546387e+01
   6.3165490e+06   4.7241211e+01
   6.3165910e+06   3.9978027e+01
   6.3166350e+06   4.4921875e+01
   6.3182190e+06   3.9916992e+01
   6.3243160e+06   4.6447754e+01
   6.3323340e+06   3.9428711e+01
   6.4392630e+06   4.9743652e+01
   6.4409040e+06   3.9245605e+01
   6.4483700e+06   4.3762207e+01
   6.4865790e+06   3.9733887e+01
   6.4869290e+06   4.2358398e+01
   6.4901780e+06   4.2480469e+01
   6.4902250e+06   8.2214355e+01
   6.4902530e+06   6.5856934e+01
   6.4902820e+06   5.2795410e+01
   6.4903080e+06   4.0039063e+01
   6.4903330e+06   6.2744141e+01
   6.4903540e+06   3.9184570e+01
   6.4903850e+06   4.1931152e+01
   6.4904060e+06   4.9560547e+01
   6.4904430e+06   4.0893555e+01
   6.4919340e+06   3.9428711e+01
   6.5009310e+06   4.0283203e+01
   6.5021380e+06   3.9855957e+01
   6.5048850e+06   3.9733887e+01
   6.5793810e+06   4.1320801e+01
   6.5794880e+06   8.5754395e+01
   6.5795050e+06   5.4565430e+01
   6.5795580e+06   5.1513672e+01
   6.5795980e+06   4.0039063e+01
   6.5796250e+06   4.2114258e+01
   6.5796490e+06   5.7556152e+01
   6.5796770e+06   4.6569824e+01
   6.5797450e+06   3.9916992e+01
   6.5810970e+06   4.4860840e+01
   6.5881090e+06   3.9978027e+01
   6.5918370e+06   4.1564941e+01
   6.5919800e+06   4.6875000e+01
   6.5920060e+06   6.7443848e+01
   6.5920300e+06   8.8745117e+01
   6.5920410e+06   4.5227051e+01
   6.5921040e+06   7.8430176e+01
   6.5921470e+06   4.3823242e+01
   6.5921890e+06   4.4555664e+01
   6.5922600e+06   4.1198730e+01
   6.5922730e+06   4.4677734e+01
   6.5938270e+06   4.1870117e+01
   6.5940840e+06   3.9245605e+01
   6.6007690e+06   4.4250488e+01
   6.6036220e+06   4.3151855e+01
   6.6038820e+06   3.9306641e+01
   6.6042390e+06   5.4321289e+01
   6.6042600e+06   5.8715820e+01
   6.6042970e+06   5.1635742e+01
   6.6044310e+06   4.2419434e+01
   6.6044620e+06   5.6640625e+01
   6.6046720e+06   4.0039063e+01
   6.6047090e+06   4.3762207e+01
   6.6048330e+06   4.4250488e+01
   6.6093160e+06   4.0161133e+01
   6.6119540e+06   4.1687012e+01
   6.6147980e+06   4.6630859e+01
   6.6157710e+06   4.4921875e+01
   6.6160530e+06   3.9978027e+01
   6.6162650e+06   3.9489746e+01
   6.6164180e+06   5.0903320e+01
   6.6164650e+06   4.0283203e+01
   6.6165130e+06   5.2978516e+01
   6.6165750e+06   4.4921875e+01
   6.6166570e+06   4.0100098e+01
   6.6166860e+06   4.7851563e+01
   6.6167250e+06   7.0861816e+01
   6.6168770e+06   4.5288086e+01
   6.6266430e+06   4.0405273e+01
   6.6269810e+06   4.0771484e+01
   6.6271370e+06   4.1442871e+01
   6.6272720e+06   4.6630859e+01
   6.6273440e+06   4.0039063e+01
   6.6275810e+06   5.1574707e+01
   6.6341360e+06   4.2968750e+01
   6.6343200e+06   4.1931152e+01
   6.6350890e+06   3.9916992e+01
   6.6417430e+06   4.2663574e+01
   6.6447310e+06   4.1320801e+01
   6.6447590e+06   5.5419922e+01
   6.6447840e+06   4.9621582e+01
   6.6448710e+06   6.9458008e+01
   6.6448910e+06   5.2612305e+01
   6.6450510e+06   5.7067871e+01
   6.6451760e+06   4.3701172e+01
   6.6453830e+06   4.0771484e+01
   6.6473170e+06   3.8940430e+01
   6.6562220e+06   3.8757324e+01
   6.6564630e+06   4.0893555e+01
   6.6567570e+06   4.7851563e+01
   6.6567760e+06   4.1198730e+01
   6.6575600e+06   3.9245605e+01
   6.6645520e+06   4.5654297e+01
   6.6646740e+06   5.3771973e+01
   6.6647850e+06   4.3334961e+01
   6.6648400e+06   4.7058105e+01
   6.6649080e+06   4.6752930e+01
   6.6653030e+06   4.8339844e+01
   6.6656880e+06   4.0466309e+01
   6.6733000e+06   4.3640137e+01
   6.6736630e+06   4.1076660e+01
   6.6738880e+06   4.0649414e+01
   6.6797560e+06   4.3701172e+01
   6.6799920e+06   4.4677734e+01
   6.6801640e+06   4.3823242e+01
   6.6907370e+06   5.0720215e+01
   6.6908670e+06   6.2683105e+01
   6.6909680e+06   4.3518066e+01
   6.6910070e+06   4.0222168e+01
   6.6910660e+06   4.5593262e+01
   6.6910800e+06   4.1625977e+01
   6.6911710e+06   4.5654297e+01
   6.6912520e+06   6.9396973e+01
   6.6913490e+06   3.8879395e+01
   6.6925350e+06   3.8818359e+01
   6.6978970e+06   3.9794922e+01
   6.7069660e+06   4.1687012e+01
   6.7070890e+06   4.0588379e+01
   6.7073950e+06   5.1147461e+01
   6.7075260e+06   3.8879395e+01
   6.7075930e+06   4.8156738e+01
   6.7077250e+06   4.1870117e+01
   6.7213880e+06   3.9001465e+01
   6.7215090e+06   4.7790527e+01
   6.7215210e+06   6.5917969e+01
   6.7216320e+06   4.9438477e+01
   6.7217770e+06   4.3518066e+01
   6.7219310e+06   4.4433594e+01
   6.7221290e+06   5.2062988e+01
   6.7226040e+06   4.1198730e+01
   6.7353280e+06   4.6447754e+01
   6.7354540e+06   4.6691895e+01
   6.7355870e+06   4.9377441e+01
   6.7356570e+06   4.9255371e+01
   6.7359280e+06   4.7973633e+01
   6.7360530e+06   4.3212891e+01
   6.7361280e+06   4.0222168e+01
   6.7364240e+06   4.1320801e+01
   6.7506530e+06   3.9611816e+01
   6.7507520e+06   6.4208984e+01
   6.7510030e+06   5.0659180e+01
   6.7513630e+06   5.1452637e+01
   6.9928450e+06   3.8818359e+01
   7.0086440e+06   4.7607422e+01
   7.0189860e+06   3.9245605e+01
   7.0417710e+06   3.9733887e+01
   7.0493890e+06   4.2724609e+01
   7.0611160e+06   4.1503906e+01
   7.0768450e+06   3.9001465e+01
   7.0903770e+06   4.3395996e+01
   7.0942240e+06   4.3457031e+01
   7.1184940e+06   4.0893555e+01
   7.1516320e+06   4.0893555e+01
   7.1744440e+06   4.4860840e+01
   7.1862590e+06   4.0466309e+01
   7.2109890e+06   4.1076660e+01
   7.2141550e+06   4.4006348e+01
   7.2329890e+06   4.1076660e+01
   7.2526490e+06   3.9001465e+01
   7.3027810e+06   4.1381836e+01
   7.3330260e+06   4.1076660e+01
   7.3523020e+06   4.7607422e+01
   7.3680310e+06   4.6020508e+01
   7.3723390e+06   5.2490234e+01
   7.3932030e+06   4.1198730e+01
   7.4153650e+06   4.0039063e+01
   7.4473140e+06   4.6569824e+01
   7.4474300e+06   5.4443359e+01
   7.4474800e+06   4.5837402e+01
   7.4475530e+06   4.6936035e+01
   7.4475680e+06   4.5776367e+01
   7.4476080e+06   4.7241211e+01
   7.4476280e+06   4.7302246e+01
   7.4476530e+06   4.4250488e+01
   7.4476790e+06   4.4860840e+01
   7.4477680e+06   4.4677734e+01
   7.4494110e+06   4.1625977e+01
   7.4510700e+06   4.5715332e+01
   7.4530750e+06   4.1259766e+01
   7.4549370e+06   3.9855957e+01
   7.4734650e+06   4.3334961e+01
   7.5090790e+06   3.9489746e+01
   7.6043120e+06   4.0710449e+01
   7.6132340e+06   3.8940430e+01
   7.6169120e+06   4.1076660e+01
   7.6170120e+06   7.2082520e+01
   7.6170300e+06   5.1330566e+01
   7.6170470e+06   4.4860840e+01
   7.6170630e+06   4.5959473e+01
   7.6171170e+06   6.6833496e+01
   7.6171290e+06   4.6630859e+01
   7.6171950e+06   5.4016113e+01
   7.6184600e+06   4.2358398e+01
   7.6188920e+06   4.5166016e+01
   7.6203650e+06   4.3518066e+01
   7.6332270e+06   4.3457031e+01
   7.6340890e+06   4.0222168e+01
   7.7235370e+06   4.2602539e+01
   7.7370050e+06   3.9855957e+01
   7.7381590e+06   4.0222168e+01
   7.7382560e+06   6.4575195e+01
   7.7382750e+06   4.4189453e+01
   7.7383050e+06   5.8837891e+01
   7.7383400e+06   6.3415527e+01
   7.7383710e+06   4.1320801e+01
   7.7384000e+06   7.7636719e+01
   7.7384230e+06   4.3273926e+01
   7.7385030e+06   4.0100098e+01
   7.7397620e+06   4.5471191e+01
   7.7400470e+06   4.0283203e+01
   7.7403200e+06   4.1015625e+01
   7.7517170e+06   4.0344238e+01
   7.7522810e+06   4.5043945e+01
   7.7523170e+06   8.1420898e+01
   7.7523300e+06   5.2551270e+01
   7.7523870e+06   5.1513672e+01
   7.7524360e+06   5.2124023e+01
   7.7524890e+06   3.8757324e+01
   7.7542930e+06   4.0344238e+01
   7.7595200e+06   4.4128418e+01
   7.7633130e+06   4.0222168e+01
   7.7643000e+06   4.3334961e+01
   7.7644220e+06   4.7485352e+01
   7.7645350e+06   4.1381836e+01
   7.7647490e+06   5.8471680e+01
   7.7648580e+06   5.3039551e+01
   7.7649290e+06   4.1564941e+01
   7.7650030e+06   4.0161133e+01
   7.7661700e+06   4.1442871e+01
   7.7722470e+06   4.4372559e+01
   7.7753450e+06   3.9245605e+01
   7.7754960e+06   4.6630859e+01
   7.7756620e+06   3.9855957e+01
   7.7757850e+06   5.8593750e+01
   7.7758600e+06   3.9367676e+01
   7.7758880e+06   4.5043945e+01
   7.7759040e+06   4.4555664e+01
   7.7759240e+06   4.1259766e+01
   7.7760360e+06   5.6274414e+01
   7.7761340e+06   5.0903320e+01
   7.7763980e+06   4.2663574e+01
   7.7829650e+06   3.9916992e+01
   7.7858250e+06   3.8879395e+01
   7.7865120e+06   4.2236328e+01
   7.7869640e+06   3.9306641e+01
   7.7870710e+06   4.1625977e+01
   7.7871340e+06   4.1442871e+01
   7.7927710e+06   4.1381836e+01
   7.7953410e+06   4.4067383e+01
   7.7954580e+06   4.1564941e+01
   7.7955980e+06   4.1015625e+01
   7.7956620e+06   5.9692383e+01
   7.7957020e+06   3.9306641e+01
   7.7957560e+06   4.3212891e+01
   7.7958230e+06   4.4372559e+01
   7.7959450e+06   4.5837402e+01
   7.7959750e+06   4.3579102e+01
   7.7961090e+06   5.8593750e+01
   7.8055380e+06   4.2175293e+01
   7.8057980e+06   4.0039063e+01
   7.8099900e+06   4.0588379e+01
   7.8138240e+06   4.4860840e+01
   7.8143230e+06   4.0344238e+01
   7.8144880e+06   4.6447754e+01
   7.8146780e+06   4.3395996e+01
   7.8146910e+06   4.0283203e+01
   7.8148080e+06   4.2541504e+01
   7.8148970e+06   5.7556152e+01
   7.8149080e+06   5.4016113e+01
   7.8150690e+06   4.0161133e+01
   7.8150910e+06   3.8818359e+01
   7.8151920e+06   4.5898438e+01
   7.8152960e+06   4.3579102e+01
   7.8172990e+06   3.9978027e+01
   7.8227850e+06   4.2968750e+01
   7.8232540e+06   4.0832520e+01
   7.8352350e+06   3.9733887e+01
   7.8356370e+06   3.9489746e+01
   7.8358150e+06   3.9123535e+01
   7.8358870e+06   3.9978027e+01
   7.8359480e+06   5.3039551e+01
   7.8359710e+06   4.0771484e+01
   7.8360320e+06   4.0771484e+01
   7.8360820e+06   4.1320801e+01
   7.8361210e+06   4.5837402e+01
   7.8364360e+06   4.0161133e+01
   7.8444640e+06   4.7302246e+01
   7.8446040e+06   4.1687012e+01
   7.8456100e+06   4.0344238e+01
   7.8542020e+06   3.9489746e+01
   7.8544310e+06   4.3212891e+01
   7.8546350e+06   4.8400879e+01
   7.8548460e+06   3.8818359e+01
   7.8550820e+06   3.8879395e+01
   7.8640960e+06   3.9611816e+01
   7.8647950e+06   4.3823242e+01
   7.8720200e+06   4.0649414e+01
   7.8722330e+06   3.9123535e+01
   7.8726670e+06   4.4677734e+01
   7.8824110e+06   4.1625977e+01
   7.8825500e+06   3.9489746e+01
   7.8828340e+06   4.4982910e+01
   7.9021810e+06   3.9611816e+01
   7.9024140e+06   4.0832520e+01
   7.9025250e+06   5.8898926e+01
   7.9026150e+06   4.4311523e+01
   7.9026470e+06   3.9978027e+01
   7.9027270e+06   5.3771973e+01
   7.9027820e+06   4.0222168e+01
   7.9028760e+06   5.0231934e+01
   7.9030450e+06   6.5856934e+01
   7.9032240e+06   4.7729492e+01
   7.9176570e+06   4.0771484e+01
   7.9180690e+06   4.1137695e+01
   7.9185070e+06   4.4860840e+01
   7.9187830e+06   4.8767090e+01
   7.9190240e+06   3.9123535e+01
   7.9347370e+06   3.9916992e+01
   7.9347580e+06   5.8044434e+01
   7.9349000e+06   4.0222168e+01
   7.9349700e+06   3.8757324e+01
   7.9350680e+06   4.2602539e+01
   7.9351000e+06   4.0771484e+01
   7.9352240e+06   4.2541504e+01
   7.9356540e+06   4.1809082e+01
   7.9357290e+06   3.9001465e+01
   7.9458890e+06   3.9428711e+01
   7.9477990e+06   4.2419434e+01
   7.9478450e+06   3.8940430e+01
   8.1704710e+06   4.0588379e+01
   8.1907700e+06   3.9550781e+01
   8.2290270e+06   4.1992188e+01
   8.2511410e+06   4.0710449e+01
   8.2683080e+06   3.9428711e+01
   8.2817750e+06   3.9978027e+01
   8.2973880e+06   3.9184570e+01
   8.3308680e+06   4.0710449e+01
   8.3360550e+06   4.1076660e+01
   8.3505910e+06   4.0100098e+01
   8.3687290e+06   4.6813965e+01
   8.3750400e+06   4.3762207e+01
   8.3933410e+06   4.1015625e+01
   8.4141080e+06   3.9550781e+01
   8.4212910e+06   3.9184570e+01
   8.4292220e+06   4.3823242e+01
   8.4448830e+06   4.4433594e+01
   8.4581890e+06   4.2419434e+01
   8.4751610e+06   4.2907715e+01
   8.4832270e+06   5.0048828e+01
   8.5089950e+06   4.3701172e+01
   8.5281360e+06   4.1076660e+01
   8.5634420e+06   3.9489746e+01
   8.5750690e+06   7.0617676e+01
   8.5750910e+06   4.0710449e+01
   8.5751150e+06   4.8645020e+01
   8.5751270e+06   4.2907715e+01
   8.5751610e+06   4.1259766e+01
   8.5752330e+06   4.0832520e+01
   8.5752890e+06   4.2419434e+01
   8.5753300e+06   4.0649414e+01
   8.5765490e+06   4.4860840e+01
   8.5775220e+06   3.9733887e+01
   8.5776900e+06   4.0527344e+01
   8.5779740e+06   3.8940430e+01
   8.5782620e+06   4.1870117e+01
   8.6532780e+06   4.6875000e+01
   8.7320620e+06   4.1992188e+01
   8.7366740e+06   4.6875000e+01
   8.7464200e+06   6.0607910e+01
   8.7464310e+06   4.0832520e+01
   8.7464570e+06   7.5012207e+01
   8.7464890e+06   4.2114258e+01
   8.7465120e+06   8.6059570e+01
   8.7465660e+06   4.2053223e+01
   8.7466330e+06   4.6142578e+01
   8.7480620e+06   3.9733887e+01
   8.7480950e+06   3.9245605e+01
   8.7481970e+06   4.0405273e+01
   8.7632360e+06   4.3518066e+01
   8.7700090e+06   4.3029785e+01
   8.7817910e+06   3.9123535e+01
   8.8571890e+06   4.1259766e+01
   8.8695870e+06   3.9916992e+01
   8.8848270e+06   3.9611816e+01
   8.8939900e+06   3.9123535e+01
   8.9045470e+06   4.0466309e+01
   8.9206320e+06   4.0893555e+01
   8.9292100e+06   4.2236328e+01
   8.9430990e+06   3.9489746e+01
   8.9519470e+06   3.9123535e+01
   8.9697780e+06   4.2785645e+01
