   8.9970000e+06   0.0000000e+00
   1.7668100e+05   3.7719727e+01
   1.7670500e+05   3.1921387e+01
   1.7672200e+05   5.9020996e+01
   1.7676500e+05   3.5522461e+01
   1.7679100e+05   5.3222656e+01
   1.7681200e+05   3.4545898e+01
   1.7682700e+05   4.1259766e+01
   1.7684800e+05   4.2846680e+01
   1.7687700e+05   3.4973145e+01
   1.7690800e+05   4.0832520e+01
   1.7693200e+05   3.7170410e+01
   1.7696000e+05   3.4851074e+01
   1.7706600e+05   3.2897949e+01
   1.7708700e+05   3.9245605e+01
   1.7712800e+05   3.1921387e+01
   1.7717600e+05   3.3081055e+01
   1.7823000e+05   3.1250000e+01
   2.2606900e+05   3.3081055e+01
   2.2617700e+05   6.1645508e+01
   2.2622200e+05   3.9428711e+01
   2.2624500e+05   4.1259766e+01
   2.2627500e+05   4.4982910e+01
   2.2629100e+05   3.1188965e+01
   2.2631700e+05   3.7841797e+01
   2.2633200e+05   3.5034180e+01
   2.2639100e+05   3.4912109e+01
   2.2640400e+05   3.8879395e+01
   2.2642500e+05   3.1555176e+01
   2.2646000e+05   4.5593262e+01
   2.2649400e+05   4.1137695e+01
   2.2661100e+05   3.8574219e+01
   2.2820800e+05   3.2775879e+01
   2.3600000e+05   4.6813965e+01
   2.3608100e+05   4.2297363e+01
   2.3615200e+05   5.9814453e+01
   2.3712500e+05   3.4545898e+01
   2.4461000e+05   3.5827637e+01
   2.4502700e+05   3.1066895e+01
   2.4522400e+05   3.1799316e+01
   2.6060700e+05   3.2287598e+01
   2.7791600e+05   3.6315918e+01
   2.7831200e+05   3.1311035e+01
   4.8020600e+05   3.2165527e+01
   4.8024600e+05   6.4575195e+01
   4.8027200e+05   5.1757813e+01
   4.8030100e+05   4.4433594e+01
   4.8032000e+05   3.5095215e+01
   4.8035600e+05   3.6499023e+01
   4.8038400e+05   3.3386230e+01
   4.8040100e+05   4.1503906e+01
   4.8042900e+05   3.9672852e+01
   4.8045700e+05   3.1494141e+01
   4.8047300e+05   4.0771484e+01
   4.8058800e+05   3.2714844e+01
   4.8065900e+05   3.2043457e+01
   4.8086000e+05   3.4606934e+01
   4.8176600e+05   3.5766602e+01
   4.9226200e+05   3.5888672e+01
   4.9244000e+05   6.4575195e+01
   4.9245700e+05   3.2592773e+01
   4.9255600e+05   6.0058594e+01
   4.9258400e+05   3.2165527e+01
   4.9267200e+05   4.3334961e+01
   4.9275700e+05   3.2165527e+01
   4.9279600e+05   4.2175293e+01
   4.9290100e+05   4.6447754e+01
   4.9297800e+05   3.6560059e+01
   4.9309600e+05   3.1250000e+01
   4.9343100e+05   3.7902832e+01
   5.0546200e+05   5.3039551e+01
   5.0549300e+05   3.9062500e+01
   5.1428500e+05   3.1738281e+01
   5.1434200e+05   3.2409668e+01
   5.1461900e+05   5.6762695e+01
   5.1508300e+05   3.1311035e+01
   5.2195000e+05   3.1250000e+01
   5.3264400e+05   3.1372070e+01
   5.3270100e+05   3.5217285e+01
   5.3271100e+05   6.3171387e+01
   5.3286200e+05   3.1616211e+01
   5.3302400e+05   3.2043457e+01
   5.3305800e+05   3.7841797e+01
   5.4653700e+05   3.3935547e+01
   6.8790000e+05   3.6315918e+01
   6.8793700e+05   3.1005859e+01
   6.8797700e+05   4.5593262e+01
   6.8799700e+05   3.7475586e+01
   6.8805200e+05   3.8879395e+01
   6.8810100e+05   3.3142090e+01
   6.8812500e+05   4.4738770e+01
   6.8816400e+05   3.1982422e+01
   6.8820300e+05   4.0222168e+01
   6.8823900e+05   3.1860352e+01
   6.8828400e+05   3.1127930e+01
   6.8831400e+05   3.3508301e+01
   6.8836100e+05   3.6804199e+01
   6.8872100e+05   3.2409668e+01
   6.8923600e+05   3.1921387e+01
   7.6455200e+05   6.3049316e+01
   7.6457700e+05   4.1442871e+01
   7.6459700e+05   3.4057617e+01
   7.6461600e+05   4.1809082e+01
   7.6465100e+05   5.2001953e+01
   7.6467700e+05   4.2419434e+01
   7.6468700e+05   3.6193848e+01
   7.6472100e+05   3.3325195e+01
   7.6475500e+05   3.4606934e+01
   7.6482700e+05   3.1372070e+01
   7.6484100e+05   3.1555176e+01
   7.6489400e+05   4.8889160e+01
   7.6492900e+05   3.2531738e+01
   7.6503200e+05   3.1066895e+01
   7.6509700e+05   3.1799316e+01
   7.7584400e+05   3.2226563e+01
   7.7587100e+05   6.0180664e+01
   7.7601100e+05   4.1809082e+01
   7.7605400e+05   4.8950195e+01
   7.7610800e+05   3.2287598e+01
   7.7614700e+05   3.4851074e+01
   7.7616900e+05   3.6560059e+01
   7.7635400e+05   3.1860352e+01
   7.7651600e+05   3.6193848e+01
   7.7656700e+05   3.3264160e+01
   7.8599600e+05   3.9123535e+01
   7.8604100e+05   5.3039551e+01
   7.8619100e+05   3.3264160e+01
   8.0029700e+05   3.2348633e+01
   8.0071000e+05   6.2255859e+01
   8.1543800e+05   5.8593750e+01
   8.1565200e+05   5.4199219e+01
   8.1567000e+05   3.5583496e+01
   8.1585500e+05   3.0944824e+01
   8.1589100e+05   3.2714844e+01
   8.1600200e+05   3.1616211e+01
   8.3706400e+05   3.1005859e+01
   8.3722700e+05   6.8725586e+01
   8.3775600e+05   3.2104492e+01
   8.5413800e+05   3.6010742e+01
   8.5420900e+05   3.1738281e+01
   8.6304700e+05   3.8696289e+01
   8.8112400e+05   3.2287598e+01
   9.0810800e+05   3.1860352e+01
   9.0818000e+05   3.1005859e+01
   1.1131700e+06   6.5490723e+01
   1.1131850e+06   3.4057617e+01
   1.1131980e+06   3.0883789e+01
   1.1132330e+06   5.5908203e+01
   1.1132600e+06   3.4240723e+01
   1.1132970e+06   5.6396484e+01
   1.1133290e+06   3.9123535e+01
   1.1133530e+06   3.6071777e+01
   1.1133660e+06   3.1677246e+01
   1.1133920e+06   3.8818359e+01
   1.1134430e+06   3.5278320e+01
   1.1134620e+06   4.0527344e+01
   1.1135510e+06   3.4057617e+01
   1.1136030e+06   3.1677246e+01
   1.1136220e+06   3.1494141e+01
   1.1137230e+06   3.2409668e+01
   1.2563090e+06   3.1677246e+01
   1.2563820e+06   7.2265625e+01
   1.2564140e+06   3.4423828e+01
   1.2564430e+06   4.4921875e+01
   1.2564830e+06   3.7475586e+01
   1.2565270e+06   3.3935547e+01
   1.2565390e+06   3.5278320e+01
   1.2565830e+06   4.0710449e+01
   1.2566120e+06   3.9916992e+01
   1.2566970e+06   4.2175293e+01
   1.2568110e+06   3.4973145e+01
   1.3741630e+06   3.1311035e+01
   1.3741960e+06   4.7973633e+01
   1.3742200e+06   4.0222168e+01
   1.3742420e+06   3.1005859e+01
   1.3742670e+06   6.2072754e+01
   1.3743270e+06   5.3527832e+01
   1.3743480e+06   4.8339844e+01
   1.3743640e+06   3.1250000e+01
   1.3743900e+06   3.7597656e+01
   1.3744230e+06   3.7231445e+01
   1.3744430e+06   3.1005859e+01
   1.3744950e+06   3.3020020e+01
   1.3746070e+06   3.2043457e+01
   1.3876590e+06   3.3386230e+01
   1.3877000e+06   3.2653809e+01
   1.3877120e+06   5.8105469e+01
   1.3878370e+06   3.7414551e+01
   1.3878560e+06   3.1860352e+01
   1.3879000e+06   3.2226563e+01
   1.3879250e+06   4.1503906e+01
   1.3879660e+06   3.7353516e+01
   1.3880660e+06   3.4301758e+01
   1.3881400e+06   3.3142090e+01
   1.4036510e+06   3.2592773e+01
   1.4041380e+06   3.2409668e+01
   1.4126310e+06   3.1127930e+01
   1.4126760e+06   3.1921387e+01
   1.4127380e+06   5.0170898e+01
   1.4127710e+06   4.1687012e+01
   1.4127940e+06   3.5949707e+01
   1.4128280e+06   3.2531738e+01
   1.4128500e+06   3.2531738e+01
   1.4128660e+06   5.4931641e+01
   1.4130660e+06   3.3447266e+01
   1.4273460e+06   3.2775879e+01
   1.4274260e+06   3.7597656e+01
   1.4274990e+06   3.3081055e+01
   1.4397910e+06   3.6254883e+01
   1.4398110e+06   3.2043457e+01
   1.4398870e+06   3.3630371e+01
   1.4399680e+06   4.9072266e+01
   1.4399950e+06   3.3386230e+01
   1.4400650e+06   3.2592773e+01
   1.4401630e+06   4.8461914e+01
   1.4402490e+06   3.5217285e+01
   1.4407400e+06   3.1677246e+01
   1.4505720e+06   3.4301758e+01
   1.4586140e+06   3.1250000e+01
   1.4805510e+06   3.4118652e+01
   1.4807510e+06   5.1269531e+01
   1.4807860e+06   3.3935547e+01
   1.4808230e+06   5.9997559e+01
   1.4809240e+06   3.3203125e+01
   1.4810320e+06   3.6621094e+01
   1.4812180e+06   3.2836914e+01
   1.4813220e+06   3.1066895e+01
   1.4814410e+06   3.8635254e+01
   1.4961740e+06   3.6315918e+01
   1.4964630e+06   3.1127930e+01
   1.5034580e+06   3.1738281e+01
   1.5124270e+06   3.1372070e+01
   1.5625870e+06   3.6437988e+01
   1.5626070e+06   3.7902832e+01
   1.5626360e+06   5.6396484e+01
   1.5626740e+06   3.9978027e+01
   1.5627000e+06   5.6884766e+01
   1.5627120e+06   3.1555176e+01
   1.5627380e+06   3.1066895e+01
   1.5627700e+06   6.4514160e+01
   1.5627900e+06   3.5522461e+01
   1.5628110e+06   3.4790039e+01
   1.5628550e+06   4.3823242e+01
   1.5628940e+06   3.1616211e+01
   1.5629180e+06   3.9184570e+01
   1.5629460e+06   3.9367676e+01
   1.5629940e+06   3.0944824e+01
   1.5630120e+06   4.0161133e+01
   1.5633500e+06   3.1860352e+01
   1.5636170e+06   3.1616211e+01
   1.5717530e+06   3.3386230e+01
   1.6005190e+06   3.4729004e+01
   1.6005560e+06   6.4636230e+01
   1.6006370e+06   5.2917480e+01
   1.6006610e+06   3.5095215e+01
   1.6007160e+06   3.4362793e+01
   1.6007590e+06   3.3508301e+01
   1.6008390e+06   4.8034668e+01
   1.6009600e+06   3.2470703e+01
   1.6010030e+06   3.3142090e+01
   1.6012490e+06   3.3386230e+01
   1.6014230e+06   3.3203125e+01
   1.6017410e+06   3.2226563e+01
   1.6075810e+06   3.3325195e+01
   1.8002200e+06   3.1250000e+01
   1.8002320e+06   5.7189941e+01
   1.8002670e+06   3.1555176e+01
   1.8002910e+06   4.7668457e+01
   1.8003030e+06   3.6010742e+01
   1.8003380e+06   3.8757324e+01
   1.8003530e+06   3.2958984e+01
   1.8003720e+06   3.5949707e+01
   1.8003880e+06   3.5400391e+01
   1.8004150e+06   3.1188965e+01
   1.8004450e+06   3.9794922e+01
   1.8004730e+06   3.5766602e+01
   1.8004880e+06   3.1494141e+01
   1.8005250e+06   3.6132813e+01
   1.8005930e+06   3.0883789e+01
   1.8018430e+06   3.2104492e+01
   1.9870150e+06   5.8593750e+01
   1.9870280e+06   3.8696289e+01
   1.9870560e+06   4.6508789e+01
   1.9870830e+06   3.3813477e+01
   1.9871160e+06   3.5400391e+01
   1.9871260e+06   3.3935547e+01
   1.9871490e+06   4.4433594e+01
   1.9871590e+06   4.4860840e+01
   1.9872100e+06   3.6926270e+01
   1.9872600e+06   3.2531738e+01
   1.9872980e+06   4.0283203e+01
   1.9873810e+06   3.2287598e+01
   1.9873920e+06   3.1372070e+01
   1.9874650e+06   3.5400391e+01
   1.9875010e+06   4.2236328e+01
   1.9875390e+06   3.5522461e+01
   1.9884440e+06   3.1555176e+01
   2.2069690e+06   6.2377930e+01
   2.2069990e+06   3.5461426e+01
   2.2070280e+06   3.8696289e+01
   2.2070440e+06   3.7292480e+01
   2.2070690e+06   4.5288086e+01
   2.2070860e+06   3.8513184e+01
   2.2071050e+06   3.1982422e+01
   2.2071380e+06   3.4606934e+01
   2.2071600e+06   3.5583496e+01
   2.2071820e+06   3.5461426e+01
   2.2072160e+06   4.8095703e+01
   2.2072580e+06   3.3203125e+01
   2.2073030e+06   3.5339355e+01
   2.3461120e+06   3.1433105e+01
   2.3462210e+06   3.3813477e+01
   2.3462480e+06   4.0466309e+01
   2.3462610e+06   3.1311035e+01
   2.3462880e+06   4.2724609e+01
   2.3463010e+06   7.3974609e+01
   2.3463570e+06   5.6152344e+01
   2.3463980e+06   3.4057617e+01
   2.3464150e+06   3.3203125e+01
   2.3464500e+06   4.8828125e+01
   2.3464870e+06   4.0588379e+01
   2.3465100e+06   3.6376953e+01
   2.3465700e+06   3.1127930e+01
   2.3469850e+06   3.1005859e+01
   2.4510410e+06   3.1616211e+01
   2.4510750e+06   7.5073242e+01
   2.4510870e+06   3.5949707e+01
   2.4511100e+06   3.4912109e+01
   2.4511310e+06   4.1015625e+01
   2.4511940e+06   5.0842285e+01
   2.4512170e+06   3.6865234e+01
   2.4512270e+06   3.1799316e+01
   2.4512390e+06   3.2897949e+01
   2.4512770e+06   3.1005859e+01
   2.4513110e+06   3.3813477e+01
   2.4523370e+06   3.1799316e+01
   2.4651260e+06   3.3264160e+01
   2.4651580e+06   3.1433105e+01
   2.4652060e+06   5.3039551e+01
   2.4652750e+06   3.3081055e+01
   2.4653020e+06   5.3039551e+01
   2.4653230e+06   3.9916992e+01
   2.4653400e+06   3.3081055e+01
   2.4654020e+06   3.6865234e+01
   2.4654200e+06   3.7597656e+01
   2.4655060e+06   3.7963867e+01
   2.4655270e+06   3.5034180e+01
   2.4655820e+06   3.2226563e+01
   2.4657530e+06   3.2165527e+01
   2.4744670e+06   5.5908203e+01
   2.4744830e+06   3.2653809e+01
   2.4748180e+06   4.0466309e+01
   2.4757630e+06   3.0883789e+01
   2.4853300e+06   6.0180664e+01
   2.4853910e+06   3.2897949e+01
   2.4993210e+06   6.7199707e+01
   2.4994150e+06   3.1799316e+01
   2.4995050e+06   4.9804688e+01
   2.4998390e+06   3.5034180e+01
   2.4999130e+06   3.2165527e+01
   2.5216610e+06   3.7597656e+01
   2.5217140e+06   3.1311035e+01
   2.5220190e+06   3.2653809e+01
   2.5292930e+06   3.1982422e+01
   2.5460450e+06   3.1677246e+01
   2.5460780e+06   6.0302734e+01
   2.5461040e+06   4.4616699e+01
   2.5461640e+06   3.0883789e+01
   2.5462510e+06   3.3142090e+01
   2.5462760e+06   4.4128418e+01
   2.5466750e+06   3.2714844e+01
   2.5467520e+06   3.1005859e+01
   2.5628050e+06   3.1005859e+01
   2.6154340e+06   3.2958984e+01
   2.6154490e+06   7.0373535e+01
   2.6155220e+06   5.2368164e+01
   2.6155770e+06   3.3752441e+01
   2.6155910e+06   5.1269531e+01
   2.6156270e+06   3.9001465e+01
   2.6156850e+06   4.3518066e+01
   2.6157420e+06   3.5766602e+01
   2.6157890e+06   3.1127930e+01
   2.6158940e+06   3.1127930e+01
   2.6163500e+06   3.2287598e+01
   2.6165870e+06   3.1188965e+01
   2.6601730e+06   3.7292480e+01
   2.6602190e+06   3.1005859e+01
   2.6602950e+06   3.2470703e+01
   2.6603740e+06   6.8786621e+01
   2.6604170e+06   3.2714844e+01
   2.6605010e+06   4.4311523e+01
   2.6606810e+06   5.6945801e+01
   2.6699050e+06   3.3142090e+01
   2.6787860e+06   3.3935547e+01
   2.7123270e+06   3.3020020e+01
   2.7125840e+06   5.5236816e+01
   3.0764590e+06   3.5034180e+01
   3.0764820e+06   6.9091797e+01
   3.0764960e+06   3.5522461e+01
   3.0765130e+06   3.2653809e+01
   3.0765420e+06   5.6274414e+01
   3.0765860e+06   3.5278320e+01
   3.0766410e+06   3.1738281e+01
   3.0766530e+06   4.3212891e+01
   3.0766850e+06   3.1860352e+01
   3.0766960e+06   4.2236328e+01
   3.0767270e+06   3.7536621e+01
   3.0767380e+06   3.7841797e+01
   3.0768720e+06   3.5949707e+01
   3.0787730e+06   3.2531738e+01
   3.2944710e+06   6.9702148e+01
   3.2945020e+06   3.6315918e+01
   3.2945270e+06   6.1462402e+01
   3.2945500e+06   5.5786133e+01
   3.2945790e+06   3.8757324e+01
   3.2946060e+06   3.2531738e+01
   3.2946290e+06   3.2958984e+01
   3.2946620e+06   3.1127930e+01
   3.2947040e+06   3.2287598e+01
   3.2948520e+06   3.2897949e+01
   3.2949210e+06   3.8269043e+01
   3.2966500e+06   3.1494141e+01
   3.3487280e+06   3.7719727e+01
   3.3487580e+06   5.3161621e+01
   3.3487700e+06   3.1127930e+01
   3.3487950e+06   3.3447266e+01
   3.3488300e+06   3.2043457e+01
   3.3489010e+06   4.4921875e+01
   3.3489160e+06   3.1799316e+01
   3.3489620e+06   4.1137695e+01
   3.3489750e+06   4.4372559e+01
   3.3490040e+06   3.3691406e+01
   3.3490240e+06   3.7292480e+01
   3.3490550e+06   3.5766602e+01
   3.3490790e+06   3.2409668e+01
   3.3600410e+06   3.1311035e+01
   3.3601060e+06   6.2072754e+01
   3.3601430e+06   3.1860352e+01
   3.3601740e+06   3.7475586e+01
   3.3602010e+06   3.2104492e+01
   3.3602120e+06   5.5358887e+01
   3.3602620e+06   3.4790039e+01
   3.3602920e+06   3.6437988e+01
   3.3603810e+06   3.2897949e+01
   3.3604900e+06   3.0944824e+01
   3.3607800e+06   3.2165527e+01
   3.3615500e+06   3.1616211e+01
   3.3700530e+06   4.3823242e+01
   3.3915310e+06   3.0883789e+01
   3.3916190e+06   3.1982422e+01
   3.3916600e+06   3.2409668e+01
   3.3916860e+06   5.2307129e+01
   3.3917260e+06   3.1311035e+01
   3.3917530e+06   4.3151855e+01
   3.3918260e+06   4.6569824e+01
   3.3918630e+06   4.1320801e+01
   3.3918960e+06   3.4423828e+01
   3.3919580e+06   3.1188965e+01
   3.3921030e+06   3.3142090e+01
   3.3922070e+06   3.6621094e+01
   3.4109120e+06   3.5949707e+01
   3.4109820e+06   5.9020996e+01
   3.4416980e+06   3.3142090e+01
   3.4417690e+06   3.1738281e+01
   3.4545350e+06   3.4912109e+01
   3.4808470e+06   3.3630371e+01
   3.4811160e+06   3.4423828e+01
   3.4811450e+06   3.3874512e+01
   3.4811640e+06   6.0913086e+01
   3.5059970e+06   3.3752441e+01
   3.5060960e+06   3.3264160e+01
   3.5061350e+06   3.1066895e+01
   3.5062320e+06   3.7780762e+01
   3.5199310e+06   3.2836914e+01
   3.5392950e+06   3.1066895e+01
   3.5394010e+06   3.5888672e+01
   3.5396150e+06   3.1311035e+01
   3.5396700e+06   3.3508301e+01
   3.5397710e+06   6.1218262e+01
   3.5582000e+06   3.3081055e+01
   3.5788960e+06   3.4484863e+01
   3.7873740e+06   3.8024902e+01
   3.7873890e+06   5.9753418e+01
   3.7874130e+06   3.9794922e+01
   3.7874480e+06   5.4687500e+01
   3.7874680e+06   5.1269531e+01
   3.7875000e+06   3.3020020e+01
   3.7875140e+06   3.6071777e+01
   3.7875350e+06   3.4606934e+01
   3.7875600e+06   3.9916992e+01
   3.7875890e+06   3.2470703e+01
   3.7876570e+06   3.2226563e+01
   3.7876950e+06   3.6743164e+01
   3.7877750e+06   3.6743164e+01
   4.0111190e+06   5.5297852e+01
   4.0111380e+06   4.2968750e+01
   4.0111520e+06   4.2053223e+01
   4.0111820e+06   3.3020020e+01
   4.0111940e+06   3.5766602e+01
   4.0112100e+06   4.0893555e+01
   4.0112460e+06   4.4860840e+01
   4.0112570e+06   3.6193848e+01
   4.0113630e+06   4.4128418e+01
   4.0113960e+06   3.6193848e+01
   4.0114280e+06   3.8818359e+01
   4.0114870e+06   3.2775879e+01
   4.0125390e+06   3.3813477e+01
   4.2235530e+06   9.0515137e+01
   4.2235660e+06   3.4484863e+01
   4.2236000e+06   3.5888672e+01
   4.2236290e+06   3.2409668e+01
   4.2236560e+06   4.2419434e+01
   4.2236930e+06   3.8269043e+01
   4.2237200e+06   4.3701172e+01
   4.2237380e+06   3.7841797e+01
   4.2237690e+06   3.4179688e+01
   4.2238170e+06   3.3325195e+01
   4.2238440e+06   3.1311035e+01
   4.2241040e+06   3.0944824e+01
   4.3431640e+06   3.3569336e+01
   4.3432070e+06   5.7373047e+01
   4.3432360e+06   4.0649414e+01
   4.3432600e+06   3.7536621e+01
   4.3433100e+06   3.3081055e+01
   4.3433220e+06   5.0415039e+01
   4.3433440e+06   3.3935547e+01
   4.3433670e+06   3.5339355e+01
   4.3434050e+06   3.1555176e+01
   4.3434200e+06   3.3813477e+01
   4.3434440e+06   3.7963867e+01
   4.3439430e+06   3.1799316e+01
   4.4482310e+06   6.1645508e+01
   4.4482540e+06   3.5522461e+01
   4.4482880e+06   5.8898926e+01
   4.4483450e+06   3.8208008e+01
   4.4483550e+06   3.4545898e+01
   4.4484290e+06   3.0944824e+01
   4.4484790e+06   3.6315918e+01
   4.4485010e+06   3.4667969e+01
   4.4486240e+06   3.1921387e+01
   4.4486980e+06   3.2043457e+01
   4.4490770e+06   3.1494141e+01
   4.4603060e+06   3.1188965e+01
   4.4604250e+06   6.3171387e+01
   4.4604530e+06   3.9367676e+01
   4.4605120e+06   4.1931152e+01
   4.4605930e+06   3.5217285e+01
   4.4606060e+06   4.6936035e+01
   4.4606880e+06   3.5095215e+01
   4.4607180e+06   3.4606934e+01
   4.4607970e+06   3.1311035e+01
   4.4608690e+06   3.4057617e+01
   4.4699880e+06   3.1677246e+01
   4.4824600e+06   4.4067383e+01
   4.4825500e+06   3.1982422e+01
   4.4825630e+06   5.2795410e+01
   4.4825960e+06   3.2287598e+01
   4.4826530e+06   3.3630371e+01
   4.4827150e+06   4.0893555e+01
   4.4827300e+06   4.6813965e+01
   4.4828780e+06   4.1931152e+01
   4.4830110e+06   3.6010742e+01
   4.4832880e+06   3.2531738e+01
   4.4970310e+06   3.3203125e+01
   4.5125680e+06   3.4179688e+01
   4.5128030e+06   5.2124023e+01
   4.5128440e+06   3.2104492e+01
   4.5129030e+06   4.8034668e+01
   4.5129760e+06   3.7597656e+01
   4.5130080e+06   3.5339355e+01
   4.5130610e+06   3.1250000e+01
   4.5131520e+06   3.5278320e+01
   4.5132440e+06   3.4667969e+01
   4.5132620e+06   3.4484863e+01
   4.5134200e+06   3.2348633e+01
   4.5135620e+06   3.7353516e+01
   4.5138200e+06   3.1616211e+01
   4.5397290e+06   3.0883789e+01
   4.5398500e+06   5.9509277e+01
   4.5717210e+06   3.1127930e+01
   4.5717870e+06   3.2653809e+01
   4.5718900e+06   3.2592773e+01
   4.5719070e+06   3.8818359e+01
   4.5719410e+06   3.1127930e+01
   4.5719590e+06   3.2714844e+01
   4.5720210e+06   5.1330566e+01
   4.5721400e+06   3.4301758e+01
   4.5721650e+06   3.1494141e+01
   4.5722000e+06   4.9438477e+01
   4.5723150e+06   3.1311035e+01
   4.5723520e+06   3.9916992e+01
   4.5724830e+06   3.1921387e+01
   4.5727020e+06   3.2592773e+01
   4.5806220e+06   3.4973145e+01
   4.6267810e+06   5.6884766e+01
   4.6267920e+06   3.8085938e+01
   4.6268520e+06   3.7292480e+01
   4.6269230e+06   3.2958984e+01
   4.6269700e+06   4.5349121e+01
   4.6270130e+06   4.7546387e+01
   4.6271910e+06   4.0161133e+01
   4.6272860e+06   3.6682129e+01
   4.6539460e+06   3.5949707e+01
   5.2181230e+06   6.6345215e+01
   5.2181570e+06   3.8879395e+01
   5.2181770e+06   5.3649902e+01
   5.2182160e+06   3.8574219e+01
   5.2182290e+06   4.8217773e+01
   5.2182750e+06   3.3325195e+01
   5.2182860e+06   3.1005859e+01
   5.2183370e+06   3.4484863e+01
   5.2183710e+06   4.8339844e+01
   5.2184230e+06   3.3874512e+01
   5.2194710e+06   3.1677246e+01
   5.2196180e+06   3.2958984e+01
   5.2201620e+06   3.1127930e+01
   5.3545380e+06   3.1066895e+01
   5.3545880e+06   6.1279297e+01
   5.3546010e+06   3.7414551e+01
   5.3546390e+06   5.5541992e+01
   5.3546570e+06   4.5166016e+01
   5.3546760e+06   4.6752930e+01
   5.3546910e+06   4.8706055e+01
   5.3547360e+06   3.6010742e+01
   5.3547790e+06   3.1250000e+01
   5.3548990e+06   3.8391113e+01
   5.5789430e+06   3.9550781e+01
   5.5789840e+06   6.8176270e+01
   5.5790070e+06   3.7536621e+01
   5.5790370e+06   6.6101074e+01
   5.5790730e+06   3.3142090e+01
   5.5790900e+06   3.9306641e+01
   5.5791270e+06   3.9733887e+01
   5.5791440e+06   3.2043457e+01
   5.5791670e+06   3.6560059e+01
   5.5791910e+06   6.7687988e+01
   5.5795370e+06   3.1860352e+01
   5.5910670e+06   5.0781250e+01
   5.5911870e+06   4.5837402e+01
   5.5912690e+06   4.1320801e+01
   5.6007890e+06   5.4138184e+01
   5.6011320e+06   3.9916992e+01
   5.6147200e+06   3.2287598e+01
   5.6147470e+06   5.9692383e+01
   5.6148420e+06   4.2236328e+01
   5.6149230e+06   3.3508301e+01
   5.6149800e+06   3.5827637e+01
   5.6150380e+06   3.7170410e+01
   5.6150990e+06   3.2409668e+01
   5.6153150e+06   3.5034180e+01
   5.6154670e+06   3.4362793e+01
   5.6157910e+06   3.4240723e+01
   5.6350210e+06   6.2927246e+01
   5.6351190e+06   3.3264160e+01
   5.6351630e+06   6.0607910e+01
   5.6352670e+06   4.2297363e+01
   5.6355330e+06   3.2531738e+01
   5.6355450e+06   3.2714844e+01
   5.6355700e+06   3.3081055e+01
   5.6433960e+06   3.2348633e+01
   5.6487740e+06   3.1677246e+01
   5.6617250e+06   3.1738281e+01
   5.6623010e+06   3.1127930e+01
   5.6703840e+06   3.2043457e+01
   5.6705370e+06   3.1311035e+01
   5.6800330e+06   3.1005859e+01
   5.6806700e+06   3.2775879e+01
   6.1719060e+06   3.2165527e+01
   6.1719390e+06   5.7861328e+01
   6.1719850e+06   3.8146973e+01
   6.1720090e+06   3.2104492e+01
   6.1720450e+06   3.7414551e+01
   6.1720830e+06   3.7170410e+01
   6.1720940e+06   4.3640137e+01
   6.1721350e+06   3.3386230e+01
   6.1721540e+06   3.1555176e+01
   6.1721830e+06   3.4057617e+01
   6.1722470e+06   3.8940430e+01
   6.1722760e+06   3.2226563e+01
   6.1734730e+06   3.2653809e+01
   6.3162370e+06   3.6315918e+01
   6.3162750e+06   6.4819336e+01
   6.3162970e+06   4.4677734e+01
   6.3163350e+06   6.0485840e+01
   6.3163510e+06   4.3273926e+01
   6.3163960e+06   3.6315918e+01
   6.3164270e+06   3.3691406e+01
   6.3164630e+06   3.4118652e+01
   6.3164730e+06   4.8583984e+01
   6.3165210e+06   3.8757324e+01
   6.3167170e+06   3.1311035e+01
   6.4900870e+06   3.2287598e+01
   6.4901150e+06   3.6376953e+01
   6.4901810e+06   5.7006836e+01
   6.4901920e+06   3.1799316e+01
   6.4902170e+06   3.6682129e+01
   6.4902540e+06   4.4799805e+01
   6.4902740e+06   3.3752441e+01
   6.4903030e+06   3.4484863e+01
   6.4903310e+06   3.3081055e+01
   6.4903600e+06   3.8208008e+01
   6.4903830e+06   3.3508301e+01
   6.4904530e+06   3.6499023e+01
   6.4906000e+06   3.2287598e+01
   6.4906460e+06   4.0466309e+01
   6.4908370e+06   3.1616211e+01
   6.4915240e+06   3.3020020e+01
   6.5794260e+06   3.3264160e+01
   6.5794810e+06   4.5532227e+01
   6.5795020e+06   7.0617676e+01
   6.5795230e+06   3.2104492e+01
   6.5795500e+06   3.3630371e+01
   6.5795920e+06   5.7128906e+01
   6.5796080e+06   3.7597656e+01
   6.5796310e+06   3.3325195e+01
   6.5796850e+06   3.2714844e+01
   6.5797080e+06   4.4372559e+01
   6.5797650e+06   3.8024902e+01
   6.5798120e+06   3.2104492e+01
   6.5808420e+06   3.2226563e+01
   6.5919510e+06   3.9184570e+01
   6.5919680e+06   4.7485352e+01
   6.5919840e+06   4.3457031e+01
   6.5920020e+06   3.4973145e+01
   6.5920670e+06   4.1076660e+01
   6.5921640e+06   3.3081055e+01
   6.5922580e+06   3.6621094e+01
   6.5922830e+06   3.6560059e+01
   6.5923980e+06   3.3325195e+01
   6.6042520e+06   4.2724609e+01
   6.6044070e+06   3.1311035e+01
   6.6045320e+06   3.1982422e+01
   6.6046530e+06   3.1066895e+01
   6.6047320e+06   4.1564941e+01
   6.6164930e+06   5.3039551e+01
   6.6165650e+06   3.1311035e+01
   6.6169250e+06   4.7729492e+01
   6.6267420e+06   3.1372070e+01
   6.6269750e+06   5.2734375e+01
   6.6269920e+06   3.2287598e+01
   6.6341720e+06   3.3264160e+01
   6.6447330e+06   7.2692871e+01
   6.6448150e+06   3.7231445e+01
   6.6449290e+06   4.5166016e+01
   6.6449890e+06   3.2775879e+01
   6.6450170e+06   5.0231934e+01
   6.6450810e+06   3.9306641e+01
   6.6451940e+06   3.3264160e+01
   6.6452430e+06   3.6743164e+01
   6.6457190e+06   3.5583496e+01
   6.6643090e+06   3.2348633e+01
   6.6646610e+06   3.3142090e+01
   6.6648100e+06   5.3527832e+01
   6.6908010e+06   3.1127930e+01
   6.6908220e+06   4.7119141e+01
   6.6908510e+06   4.8522949e+01
   6.6909970e+06   4.3701172e+01
   6.6911150e+06   3.5217285e+01
   6.6911790e+06   4.4555664e+01
   6.6911940e+06   3.1616211e+01
   6.7213660e+06   3.1372070e+01
   6.7353900e+06   3.1860352e+01
   6.7509140e+06   3.1005859e+01
   7.4473070e+06   3.2836914e+01
   7.4473400e+06   6.3903809e+01
   7.4473680e+06   3.3081055e+01
   7.4473940e+06   5.6701660e+01
   7.4474420e+06   4.4555664e+01
   7.4474830e+06   4.2114258e+01
   7.4475290e+06   3.5827637e+01
   7.4475630e+06   3.2348633e+01
   7.4486240e+06   3.2165527e+01
   7.4506980e+06   3.3142090e+01
   7.6169040e+06   7.1655273e+01
   7.6169500e+06   4.2724609e+01
   7.6169630e+06   3.8696289e+01
   7.6169860e+06   3.8146973e+01
   7.6170080e+06   3.4240723e+01
   7.6170320e+06   4.5410156e+01
   7.6170430e+06   3.6376953e+01
   7.6171120e+06   3.2958984e+01
   7.6172650e+06   3.1005859e+01
   7.6174210e+06   3.1311035e+01
   7.7381200e+06   4.0100098e+01
   7.7381450e+06   3.8696289e+01
   7.7381750e+06   3.5461426e+01
   7.7381860e+06   5.7373047e+01
   7.7382080e+06   3.4301758e+01
   7.7382410e+06   4.7668457e+01
   7.7382640e+06   3.2653809e+01
   7.7383030e+06   3.5156250e+01
   7.7383390e+06   3.2348633e+01
   7.7383540e+06   3.3813477e+01
   7.7384020e+06   3.2226563e+01
   7.7384120e+06   3.2226563e+01
   7.7384840e+06   3.3996582e+01
   7.7398310e+06   3.3569336e+01
   7.7522240e+06   3.2653809e+01
   7.7522440e+06   5.6396484e+01
   7.7522740e+06   3.6682129e+01
   7.7523370e+06   5.2001953e+01
   7.7523970e+06   3.7597656e+01
   7.7524260e+06   4.6997070e+01
   7.7524580e+06   3.3996582e+01
   7.7524790e+06   3.2775879e+01
   7.7525120e+06   3.2836914e+01
   7.7525480e+06   3.3874512e+01
   7.7526390e+06   3.1616211e+01
   7.7527020e+06   3.8879395e+01
   7.7527480e+06   3.3447266e+01
   7.7529280e+06   3.3264160e+01
   7.7537370e+06   3.5705566e+01
   7.7647100e+06   3.7902832e+01
   7.7649440e+06   4.1748047e+01
   7.7649690e+06   3.6437988e+01
   7.7651690e+06   3.7353516e+01
   7.7757760e+06   5.2001953e+01
   7.7759210e+06   5.4260254e+01
   7.7763370e+06   3.2958984e+01
   7.7953840e+06   3.5705566e+01
   7.7954110e+06   3.4606934e+01
   7.7956460e+06   5.0537109e+01
   7.7958510e+06   4.3945313e+01
   7.7959690e+06   3.9733887e+01
   7.7960970e+06   3.2104492e+01
   7.7961200e+06   4.4555664e+01
   7.8146640e+06   5.5419922e+01
   7.8147600e+06   3.9916992e+01
   7.8147730e+06   3.1982422e+01
   7.8148650e+06   3.6682129e+01
   7.8149790e+06   4.3151855e+01
   7.8150100e+06   3.0944824e+01
   7.8151980e+06   3.4790039e+01
   7.8155130e+06   3.2958984e+01
   7.8359170e+06   5.3527832e+01
   7.8360470e+06   6.3476563e+01
   7.8445880e+06   3.6743164e+01
   7.8547200e+06   4.8461914e+01
   7.9024770e+06   3.9489746e+01
   7.9025420e+06   5.0781250e+01
   7.9025900e+06   3.4667969e+01
   7.9026240e+06   3.4545898e+01
   7.9026480e+06   3.5278320e+01
   7.9027030e+06   3.2226563e+01
   7.9027400e+06   3.7963867e+01
   7.9027650e+06   4.1992188e+01
   7.9027880e+06   3.3813477e+01
   7.9028160e+06   3.7048340e+01
   7.9028280e+06   3.1127930e+01
   7.9346390e+06   3.1677246e+01
   7.9348000e+06   3.1005859e+01
   7.9348270e+06   6.2194824e+01
   7.9348440e+06   3.9062500e+01
   7.9350070e+06   5.0170898e+01
   7.9350200e+06   3.6315918e+01
   7.9351500e+06   4.5043945e+01
   7.9720030e+06   3.1860352e+01
   8.5749160e+06   3.3203125e+01
   8.5749770e+06   9.0148926e+01
   8.5750130e+06   3.1433105e+01
   8.5750300e+06   7.3120117e+01
   8.5750850e+06   4.4738770e+01
   8.5751210e+06   3.6621094e+01
   8.5751560e+06   3.3142090e+01
   8.5751890e+06   3.5644531e+01
   8.5752030e+06   3.2897949e+01
   8.5752470e+06   3.2897949e+01
   8.5772810e+06   3.1250000e+01
   8.7462780e+06   4.0954590e+01
   8.7463070e+06   6.2866211e+01
   8.7463320e+06   3.6743164e+01
   8.7463440e+06   4.9438477e+01
   8.7463640e+06   4.1320801e+01
   8.7463900e+06   4.5166016e+01
   8.7464170e+06   4.1198730e+01
   8.7464490e+06   4.1503906e+01
   8.7464890e+06   3.3020020e+01
   8.7465450e+06   3.2897949e+01
   8.7465770e+06   3.6804199e+01
   8.7467460e+06   3.2165527e+01
