   8.9970000e+06   0.0000000e+00
   1.7687900e+05   3.6132813e+01
   1.7710300e+05   3.3630371e+01
   2.2637200e+05   3.1677246e+01
   2.2822900e+05   3.1127930e+01
   2.3607000e+05   3.3447266e+01
   2.5276000e+05   3.1372070e+01
   4.8028600e+05   3.1066895e+01
   4.8080600e+05   3.4057617e+01
   4.8254400e+05   3.1555176e+01
   4.9297500e+05   3.4484863e+01
   5.3267200e+05   3.2226563e+01
   5.3278600e+05   3.1799316e+01
   5.5767700e+05   3.2043457e+01
   6.8808100e+05   3.1616211e+01
   6.8813500e+05   3.3569336e+01
   6.8821500e+05   3.0822754e+01
   6.8823800e+05   4.1625977e+01
   6.8832000e+05   3.4484863e+01
   7.6462200e+05   3.1066895e+01
   7.6487100e+05   3.3508301e+01
   7.6523800e+05   3.1127930e+01
   7.7617700e+05   3.1311035e+01
   7.7628300e+05   3.1127930e+01
   8.8115600e+05   3.0883789e+01
   8.8127000e+05   3.0761719e+01
   9.0828500e+05   3.1799316e+01
   9.0857600e+05   3.2592773e+01
   1.1132880e+06   3.1494141e+01
   1.1134740e+06   3.9611816e+01
   1.1135290e+06   3.1677246e+01
   1.1135920e+06   3.4973145e+01
   1.2521200e+06   3.2348633e+01
   1.2564340e+06   3.6315918e+01
   1.2566230e+06   3.4790039e+01
   1.2567880e+06   3.2470703e+01
   1.2570360e+06   3.2287598e+01
   1.3743260e+06   3.4912109e+01
   1.3745440e+06   3.2958984e+01
   1.3746110e+06   3.2104492e+01
   1.3746240e+06   3.3691406e+01
   1.3881070e+06   3.4606934e+01
   1.3883140e+06   3.1372070e+01
   1.4039900e+06   3.0883789e+01
   1.4505050e+06   3.1250000e+01
   1.5626580e+06   3.0944824e+01
   1.5627840e+06   3.1005859e+01
   1.5629580e+06   3.7536621e+01
   1.5630320e+06   3.1433105e+01
   1.5630710e+06   3.8574219e+01
   1.6009420e+06   3.7292480e+01
   1.6010410e+06   3.1982422e+01
   1.6015040e+06   3.0944824e+01
   1.8004130e+06   3.1127930e+01
   1.8004390e+06   3.3447266e+01
   1.8006950e+06   3.1616211e+01
   1.8007510e+06   3.1799316e+01
   1.8016410e+06   3.2958984e+01
   1.9873420e+06   3.1494141e+01
   2.0553160e+06   3.1860352e+01
   2.2070010e+06   3.3264160e+01
   2.2070890e+06   3.2287598e+01
   2.2073240e+06   4.6691895e+01
   2.2074340e+06   3.1494141e+01
   2.2075880e+06   3.4545898e+01
   2.3465840e+06   3.3081055e+01
   2.3468530e+06   3.4606934e+01
   2.4510910e+06   3.1127930e+01
   2.4512390e+06   3.1738281e+01
   2.4512510e+06   3.3264160e+01
   2.4513150e+06   3.6560059e+01
   2.4513750e+06   4.0161133e+01
   2.4514880e+06   3.1860352e+01
   2.4652610e+06   3.0761719e+01
   2.4654580e+06   3.2836914e+01
   2.4654810e+06   3.1799316e+01
   2.4655160e+06   3.2775879e+01
   2.4656600e+06   3.7353516e+01
   2.4745750e+06   3.2653809e+01
   2.5460300e+06   3.1311035e+01
   2.5461490e+06   3.5095215e+01
   2.5734250e+06   3.2470703e+01
   2.6156720e+06   3.0883789e+01
   2.6160450e+06   3.1982422e+01
   2.6605010e+06   3.1616211e+01
   2.7130260e+06   3.1311035e+01
   3.0766000e+06   3.2775879e+01
   3.0767500e+06   3.3630371e+01
   3.2945750e+06   3.1860352e+01
   3.2946420e+06   3.7109375e+01
   3.2946620e+06   3.3142090e+01
   3.2947290e+06   3.2409668e+01
   3.2948510e+06   3.2836914e+01
   3.3490280e+06   3.0822754e+01
   3.3491820e+06   3.5400391e+01
   3.3500360e+06   3.2287598e+01
   3.3601710e+06   3.6132813e+01
   3.3603240e+06   3.1250000e+01
   3.3605190e+06   3.1311035e+01
   3.3605940e+06   3.4118652e+01
   3.3606220e+06   3.2287598e+01
   3.3917650e+06   3.1188965e+01
   3.4675230e+06   3.2104492e+01
   3.4812140e+06   3.1616211e+01
   3.5064570e+06   3.1311035e+01
   3.7874290e+06   3.1127930e+01
   3.7876380e+06   3.3386230e+01
   3.7877580e+06   3.0883789e+01
   4.0112680e+06   3.1982422e+01
   4.0122940e+06   3.4606934e+01
   4.1195310e+06   3.0761719e+01
   4.3432370e+06   3.1433105e+01
   4.3432630e+06   3.5156250e+01
   4.3432950e+06   3.7719727e+01
   4.3435350e+06   3.2653809e+01
   4.4483700e+06   3.2958984e+01
   4.4485090e+06   3.6743164e+01
   4.4486350e+06   3.2409668e+01
   4.4607920e+06   3.8391113e+01
   4.4608690e+06   3.4667969e+01
   4.4824240e+06   3.0883789e+01
   4.5718940e+06   3.1127930e+01
   4.5721970e+06   3.2531738e+01
   5.3548300e+06   3.7597656e+01
   5.3550200e+06   3.0822754e+01
   5.5790450e+06   3.5644531e+01
   5.5793110e+06   3.5583496e+01
   6.1720410e+06   3.1860352e+01
   6.1722040e+06   3.4851074e+01
   6.1724750e+06   3.0822754e+01
   6.1767900e+06   3.1127930e+01
   6.3163740e+06   3.2348633e+01
   6.3163890e+06   4.5227051e+01
   6.3164310e+06   3.2043457e+01
   6.3164950e+06   3.1250000e+01
   6.3165060e+06   3.1616211e+01
   6.3166020e+06   3.2592773e+01
   6.3168570e+06   3.1616211e+01
   6.4902200e+06   3.1250000e+01
   6.4902700e+06   3.3874512e+01
   6.4904000e+06   3.6254883e+01
   6.4906750e+06   3.2348633e+01
   6.5795330e+06   3.2287598e+01
   6.5795950e+06   3.5583496e+01
   6.5796950e+06   3.8940430e+01
   6.5797400e+06   3.1799316e+01
   6.5797800e+06   3.2897949e+01
   6.5798680e+06   3.6560059e+01
   6.5920520e+06   3.7963867e+01
   6.5921240e+06   3.1372070e+01
   6.5922490e+06   3.4240723e+01
   6.6909740e+06   3.1616211e+01
   7.4473650e+06   3.1005859e+01
   7.4476250e+06   3.4240723e+01
   7.4476650e+06   3.1738281e+01
   7.4476820e+06   3.3447266e+01
   7.4479520e+06   3.2043457e+01
   7.6171250e+06   3.3325195e+01
   7.6171880e+06   3.1860352e+01
   7.6172040e+06   3.0883789e+01
   7.7383260e+06   3.4423828e+01
   7.7388670e+06   3.0883789e+01
   7.7525050e+06   3.2287598e+01
   7.8149920e+06   3.3203125e+01
   7.8361380e+06   3.1311035e+01
   7.9026000e+06   3.5827637e+01
   8.5750500e+06   3.1860352e+01
   8.5750830e+06   3.9855957e+01
   8.7464350e+06   3.1860352e+01
   8.7464630e+06   3.0883789e+01
   8.7464870e+06   3.3264160e+01
