   8.9970000e+06   0.0000000e+00
   6.3942000e+04   3.2958984e+01
   6.4146000e+04   4.9926758e+01
   6.4494000e+04   3.2775879e+01
   6.4706000e+04   3.4790039e+01
   6.4732000e+04   5.0476074e+01
   2.0098500e+05   3.3447266e+01
   2.0133900e+05   3.8635254e+01
   2.0159100e+05   3.4362793e+01
   2.0173700e+05   4.0161133e+01
   2.0187000e+05   4.9621582e+01
   2.0197100e+05   3.3813477e+01
   2.0204900e+05   3.9489746e+01
   2.0217400e+05   5.2673340e+01
   2.4183500e+05   3.3081055e+01
   2.4232500e+05   3.6499023e+01
   2.4259400e+05   4.2785645e+01
   2.4268300e+05   3.2775879e+01
   2.4278700e+05   4.5288086e+01
   2.4302400e+05   4.4189453e+01
   2.4343700e+05   3.3264160e+01
   2.9612200e+05   3.8574219e+01
   2.9621600e+05   4.1442871e+01
   2.9630100e+05   3.4729004e+01
   2.9656800e+05   3.4118652e+01
   2.9682100e+05   3.7475586e+01
   3.4381200e+05   3.3569336e+01
   3.5389800e+05   3.9611816e+01
   3.5400900e+05   3.7170410e+01
   3.5403300e+05   3.4912109e+01
   3.5410700e+05   3.2897949e+01
   3.5420900e+05   3.2714844e+01
   3.5426600e+05   4.6813965e+01
   3.5436400e+05   4.6813965e+01
   3.5470000e+05   4.1625977e+01
   3.5516400e+05   3.6071777e+01
   3.7507900e+05   3.7170410e+01
   3.7549200e+05   3.6376953e+01
   3.9182400e+05   3.6865234e+01
   4.9177100e+05   3.2592773e+01
   4.9192900e+05   4.5898438e+01
   4.9209800e+05   4.8034668e+01
   4.9224800e+05   3.6499023e+01
   4.9227800e+05   3.5644531e+01
   4.9229800e+05   6.4880371e+01
   4.9231000e+05   4.2663574e+01
   4.9236600e+05   5.5725098e+01
   4.9244100e+05   4.9072266e+01
   4.9249200e+05   3.8574219e+01
   4.9254000e+05   3.7719727e+01
   4.9265900e+05   3.4301758e+01
   4.9284600e+05   3.4606934e+01
   4.9315200e+05   3.2958984e+01
   4.9385300e+05   3.4118652e+01
   5.7027900e+05   3.4057617e+01
   5.9116600e+05   4.3701172e+01
   6.1209200e+05   3.7292480e+01
   6.1237100e+05   3.6926270e+01
   6.1257400e+05   4.2663574e+01
   6.1269100e+05   4.9682617e+01
   6.1279800e+05   4.1015625e+01
   6.1287200e+05   4.6264648e+01
   6.1291000e+05   3.2409668e+01
   6.2465600e+05   3.4118652e+01
   6.3631400e+05   3.9855957e+01
   6.3682600e+05   3.2470703e+01
   6.4946300e+05   3.6743164e+01
   6.4981100e+05   3.3996582e+01
   6.6085300e+05   3.6926270e+01
   6.6176400e+05   5.7739258e+01
   6.7270700e+05   4.9621582e+01
   6.7489200e+05   3.9794922e+01
   6.7524700e+05   3.2836914e+01
   7.1720300e+05   3.5339355e+01
   7.1751500e+05   3.9733887e+01
   7.1794600e+05   3.3630371e+01
   7.1804000e+05   4.2724609e+01
   7.1808300e+05   4.3395996e+01
   7.1819900e+05   5.0354004e+01
   7.1935500e+05   3.3386230e+01
   7.3223300e+05   3.2470703e+01
   7.7324500e+05   3.2653809e+01
   7.7357300e+05   3.5522461e+01
   7.7397700e+05   3.4423828e+01
   7.7407300e+05   4.8950195e+01
   7.7409600e+05   4.4128418e+01
   7.7422100e+05   3.2531738e+01
   7.9940700e+05   3.9794922e+01
   7.9955900e+05   3.2592773e+01
   8.1178000e+05   3.4606934e+01
   8.2329600e+05   4.2663574e+01
   8.5540600e+05   3.2409668e+01
   8.6743200e+05   3.6193848e+01
   8.6765200e+05   3.6132813e+01
   8.6828600e+05   3.2897949e+01
   9.0008300e+05   3.8024902e+01
   9.7737500e+05   4.1015625e+01
   9.7764800e+05   3.7231445e+01
   9.7788600e+05   4.2175293e+01
   9.7799200e+05   4.0832520e+01
   9.7809900e+05   3.5034180e+01
   9.7819800e+05   4.4555664e+01
   9.7868000e+05   3.2592773e+01
   1.0396560e+06   3.6926270e+01
   1.0396780e+06   3.8085938e+01
   1.0397660e+06   4.3640137e+01
   1.0398650e+06   3.6987305e+01
   1.0398860e+06   7.8491211e+01
   1.0399220e+06   4.7485352e+01
   1.0399700e+06   4.4555664e+01
   1.0399950e+06   3.3142090e+01
   1.0400370e+06   5.2368164e+01
   1.0401480e+06   4.1381836e+01
   1.0402670e+06   3.6010742e+01
   1.0652790e+06   3.3386230e+01
   1.0874050e+06   3.3630371e+01
   1.0879940e+06   3.7048340e+01
   1.0965340e+06   3.3325195e+01
   1.1020080e+06   3.6987305e+01
   1.1471280e+06   3.7414551e+01
   1.1475750e+06   3.3142090e+01
   1.1476750e+06   3.2775879e+01
   1.1479460e+06   4.2114258e+01
   1.1480300e+06   3.2409668e+01
   1.1480710e+06   3.4362793e+01
   1.1480890e+06   7.8735352e+01
   1.1481300e+06   4.5715332e+01
   1.1481810e+06   3.5095215e+01
   1.1482450e+06   4.0039063e+01
   1.1611300e+06   3.5034180e+01
   1.1711640e+06   3.9855957e+01
   1.2000090e+06   3.8757324e+01
   1.2233530e+06   3.5583496e+01
   1.2237150e+06   3.3630371e+01
   1.2241240e+06   3.6621094e+01
   1.2242850e+06   3.6193848e+01
   1.2242960e+06   3.2897949e+01
   1.2244320e+06   3.7963867e+01
   1.3241100e+06   3.5827637e+01
   1.3243060e+06   4.2724609e+01
   1.3244170e+06   4.3395996e+01
   1.3244480e+06   4.0283203e+01
   1.3244760e+06   3.3142090e+01
   1.3244890e+06   7.0983887e+01
   1.3245840e+06   6.4636230e+01
   1.3245980e+06   4.9316406e+01
   1.3246990e+06   6.9152832e+01
   1.3742160e+06   4.5104980e+01
   1.3743840e+06   3.7292480e+01
   1.3744310e+06   4.8950195e+01
   1.3745160e+06   3.8513184e+01
   1.3745610e+06   5.8959961e+01
   1.3745920e+06   3.7048340e+01
   1.3746640e+06   4.9072266e+01
   1.3746770e+06   3.3386230e+01
   1.3747110e+06   3.2653809e+01
   1.3749890e+06   3.6010742e+01
   1.3961800e+06   3.9611816e+01
   1.4106150e+06   3.4667969e+01
   1.4107850e+06   3.9245605e+01
   1.4108480e+06   4.1015625e+01
   1.4108910e+06   3.5644531e+01
   1.4109170e+06   6.1645508e+01
   1.4109360e+06   4.9621582e+01
   1.4109590e+06   3.3020020e+01
   1.4111840e+06   3.3203125e+01
   1.4238270e+06   3.3020020e+01
   1.4242590e+06   3.9245605e+01
   1.4366490e+06   3.2531738e+01
   1.4373200e+06   3.6682129e+01
   1.4375990e+06   3.2836914e+01
   1.4377680e+06   3.5278320e+01
   1.4381030e+06   3.6987305e+01
   1.4492630e+06   3.2531738e+01
   1.4592370e+06   3.4057617e+01
   1.4762510e+06   3.7780762e+01
   1.5021760e+06   3.9855957e+01
   1.5888760e+06   3.2409668e+01
   1.5901330e+06   5.4077148e+01
   1.5903030e+06   3.3874512e+01
   1.5903280e+06   8.2824707e+01
   1.5903600e+06   5.3894043e+01
   1.5905390e+06   6.5063477e+01
   1.5906090e+06   3.4790039e+01
   1.5906760e+06   4.2663574e+01
   1.5907070e+06   3.2531738e+01
   1.6287850e+06   3.3264160e+01
   1.6289790e+06   3.3569336e+01
   1.6291030e+06   4.4433594e+01
   1.6291200e+06   3.2714844e+01
   1.6291990e+06   3.5461426e+01
   1.6292170e+06   5.0659180e+01
   1.6292330e+06   3.8269043e+01
   1.6292810e+06   7.1655273e+01
   1.6293490e+06   4.1809082e+01
   1.6294770e+06   4.2541504e+01
   1.6296890e+06   3.2775879e+01
   1.6300190e+06   3.3813477e+01
   1.6302630e+06   3.4057617e+01
   1.6401530e+06   3.3203125e+01
   1.6501770e+06   3.2470703e+01
   1.7610660e+06   3.9306641e+01
   1.7612770e+06   3.5949707e+01
   1.7614080e+06   3.6987305e+01
   1.7614330e+06   4.8950195e+01
   1.7615260e+06   3.5705566e+01
   1.7615580e+06   7.2753906e+01
   1.7616050e+06   4.1442871e+01
   1.7616880e+06   4.0588379e+01
   1.7620150e+06   4.2358398e+01
   1.7821370e+06   3.4790039e+01
   1.7826620e+06   3.2409668e+01
   1.7827640e+06   3.2409668e+01
   1.7829560e+06   3.6743164e+01
   1.7830340e+06   5.7373047e+01
   1.8185300e+06   4.0222168e+01
   1.8187720e+06   4.3151855e+01
   1.8189360e+06   4.5349121e+01
   1.8190320e+06   3.5583496e+01
   1.8191870e+06   3.9978027e+01
   1.8192050e+06   3.7536621e+01
   1.8193450e+06   3.3508301e+01
   1.8199460e+06   3.3264160e+01
   1.8424740e+06   3.5217285e+01
   1.8429210e+06   3.2775879e+01
   1.8565060e+06   3.2592773e+01
   1.8708960e+06   3.9733887e+01
   1.8710730e+06   3.9367676e+01
   1.8710980e+06   3.5278320e+01
   1.8711400e+06   3.4667969e+01
   1.8713550e+06   3.5827637e+01
   1.8717330e+06   3.5705566e+01
   1.8799580e+06   3.9855957e+01
   1.8805570e+06   3.8574219e+01
   1.8806720e+06   3.5461426e+01
   1.8819320e+06   3.6071777e+01
   1.9045330e+06   3.6132813e+01
   1.9047000e+06   4.5776367e+01
   1.9047780e+06   3.4362793e+01
   1.9049780e+06   3.2470703e+01
   1.9249640e+06   3.7658691e+01
   1.9251620e+06   4.1503906e+01
   1.9253270e+06   3.5400391e+01
   1.9332520e+06   3.3325195e+01
   1.9334170e+06   3.5156250e+01
   1.9336650e+06   3.2592773e+01
   1.9339200e+06   4.5288086e+01
   1.9344080e+06   3.4301758e+01
   1.9345230e+06   3.4729004e+01
   1.9545490e+06   3.3752441e+01
   1.9572540e+06   3.9611816e+01
   1.9574910e+06   3.8818359e+01
   1.9577260e+06   3.8391113e+01
   1.9715710e+06   4.3701172e+01
   1.9806080e+06   3.8818359e+01
   1.9904540e+06   3.5461426e+01
   1.9909480e+06   3.3264160e+01
   1.9985090e+06   3.3020020e+01
   2.0158430e+06   3.3142090e+01
   2.0486760e+06   4.0283203e+01
   2.0579380e+06   3.3630371e+01
   2.0580980e+06   4.5776367e+01
   2.0583650e+06   3.3569336e+01
   2.0766730e+06   3.6010742e+01
   2.0768320e+06   3.5034180e+01
   2.0938070e+06   3.9672852e+01
   2.1016150e+06   3.7719727e+01
   2.1099920e+06   6.5551758e+01
   2.1100740e+06   3.7902832e+01
   2.1102610e+06   3.6254883e+01
   2.1256180e+06   3.5827637e+01
   2.1256940e+06   6.6650391e+01
   2.1257890e+06   3.6743164e+01
   2.1258600e+06   5.7067871e+01
   2.1264110e+06   3.4484863e+01
   2.1337150e+06   3.8574219e+01
   2.1407550e+06   3.2592773e+01
   2.1407800e+06   4.4860840e+01
   2.1409350e+06   4.3151855e+01
   2.1564500e+06   3.6132813e+01
   2.1639440e+06   3.2653809e+01
   2.1639710e+06   3.3203125e+01
   2.1640290e+06   4.0039063e+01
   2.1643490e+06   3.4545898e+01
   2.1644590e+06   3.3081055e+01
   2.1645420e+06   3.5034180e+01
   2.1914910e+06   3.5278320e+01
   2.1915400e+06   3.2531738e+01
   2.1987610e+06   4.9194336e+01
   2.1987810e+06   6.1340332e+01
   2.2074850e+06   4.0466309e+01
   2.2075210e+06   7.6416016e+01
   2.2078920e+06   3.5278320e+01
   2.2082100e+06   3.4240723e+01
   2.2215520e+06   3.6315918e+01
   2.2216440e+06   7.1716309e+01
   2.2218720e+06   3.3142090e+01
   2.2288680e+06   3.5156250e+01
   2.2355280e+06   3.2775879e+01
   2.2418700e+06   3.7170410e+01
   2.2420340e+06   4.6447754e+01
   2.2421920e+06   5.9570313e+01
   2.2422840e+06   3.6560059e+01
   2.2495000e+06   7.0190430e+01
   2.2496140e+06   3.3508301e+01
   2.2497660e+06   3.2714844e+01
   2.2574320e+06   6.9946289e+01
   2.2575980e+06   3.6010742e+01
   2.2648900e+06   6.5856934e+01
   2.2719340e+06   1.1254883e+02
   2.2719500e+06   4.2602539e+01
   2.2720500e+06   5.9570313e+01
   2.2720620e+06   7.5134277e+01
   2.2721100e+06   3.5278320e+01
   2.2722560e+06   3.3203125e+01
   2.2724400e+06   3.8208008e+01
   2.2726680e+06   3.3874512e+01
   2.2862390e+06   3.6926270e+01
   2.2937930e+06   6.5734863e+01
   2.2938190e+06   9.8144531e+01
   2.2940410e+06   3.7719727e+01
   2.3080620e+06   5.4504395e+01
   2.3080980e+06   4.7363281e+01
   2.3081120e+06   3.8513184e+01
   2.3081380e+06   7.1166992e+01
   2.3081610e+06   3.9978027e+01
   2.3081740e+06   3.3203125e+01
   2.3082270e+06   3.6804199e+01
   2.3083140e+06   6.4086914e+01
   2.3083710e+06   4.5288086e+01
   2.3085290e+06   3.4973145e+01
   2.3085530e+06   3.6743164e+01
   2.3085630e+06   3.6560059e+01
   2.3230750e+06   3.4790039e+01
   2.3231040e+06   3.5217285e+01
   2.3231350e+06   6.4941406e+01
   2.3235720e+06   3.6437988e+01
   2.3335780e+06   4.3334961e+01
   2.3336040e+06   6.6650391e+01
   2.3337530e+06   5.1635742e+01
   2.3337800e+06   3.8391113e+01
   2.3338880e+06   3.8269043e+01
   2.3341450e+06   5.3100586e+01
   2.3342450e+06   3.5034180e+01
   2.3494460e+06   3.8940430e+01
   2.3495150e+06   7.0922852e+01
   2.3495520e+06   3.3813477e+01
   2.3496350e+06   5.9570313e+01
   2.3571940e+06   3.4362793e+01
   2.3572090e+06   4.7424316e+01
   2.3573490e+06   5.7495117e+01
   2.3574580e+06   4.2419434e+01
   2.3651320e+06   6.9396973e+01
   2.3651610e+06   3.8024902e+01
   2.3652390e+06   5.7189941e+01
   2.3653430e+06   5.6335449e+01
   2.3727470e+06   3.5583496e+01
   2.3727740e+06   5.3039551e+01
   2.3728440e+06   5.5114746e+01
   2.3729020e+06   5.7739258e+01
   2.3729470e+06   4.8889160e+01
   2.3732150e+06   3.9367676e+01
   2.3804100e+06   3.4301758e+01
   2.3805430e+06   3.5949707e+01
   2.3879810e+06   4.0405273e+01
   2.3880150e+06   6.6345215e+01
   2.3880350e+06   4.7912598e+01
   2.3880700e+06   5.7617188e+01
   2.3880920e+06   3.9245605e+01
   2.3881680e+06   5.2490234e+01
   2.3882080e+06   3.2714844e+01
   2.3882550e+06   3.4362793e+01
   2.3882830e+06   3.7597656e+01
   2.3884050e+06   7.4279785e+01
   2.3885540e+06   3.3569336e+01
   2.3886030e+06   3.5949707e+01
   2.3889160e+06   4.1381836e+01
   2.3973440e+06   3.4118652e+01
   2.3976580e+06   7.7148437e+01
   2.3977100e+06   4.5593262e+01
   2.3980090e+06   3.2775879e+01
   2.4070420e+06   6.6467285e+01
   2.4070580e+06   3.6865234e+01
   2.4072100e+06   5.4992676e+01
   2.4072910e+06   3.8635254e+01
   2.4074640e+06   4.3334961e+01
   2.4169780e+06   4.5837402e+01
   2.4170240e+06   3.3325195e+01
   2.4170790e+06   3.9062500e+01
   2.4171180e+06   6.8725586e+01
   2.4267240e+06   3.4851074e+01
   2.4267540e+06   6.2683105e+01
   2.4268130e+06   6.3720703e+01
   2.4268430e+06   5.8532715e+01
   2.4268590e+06   4.3457031e+01
   2.4268890e+06   3.6193848e+01
   2.4269080e+06   3.4118652e+01
   2.4269200e+06   3.8940430e+01
   2.4269420e+06   3.7597656e+01
   2.4269740e+06   4.0527344e+01
   2.4271050e+06   7.1411133e+01
   2.4271190e+06   3.3752441e+01
   2.4271380e+06   3.8391113e+01
   2.4271850e+06   4.1992188e+01
   2.4272100e+06   5.6701660e+01
   2.4272270e+06   4.4921875e+01
   2.4273260e+06   4.7363281e+01
   2.4273960e+06   6.0791016e+01
   2.4275120e+06   4.1381836e+01
   2.4276070e+06   3.6926270e+01
   2.4277010e+06   3.5095215e+01
   2.4278330e+06   5.1147461e+01
   2.4280690e+06   3.7963867e+01
   2.4283320e+06   3.5400391e+01
   2.4284830e+06   3.4179688e+01
   2.4288750e+06   3.3081055e+01
   2.4482110e+06   3.3386230e+01
   2.4561230e+06   3.2409668e+01
   2.4562050e+06   6.1889648e+01
   2.4640800e+06   3.9245605e+01
   2.4641460e+06   6.2744141e+01
   2.4642670e+06   7.6904297e+01
   2.4642870e+06   6.5612793e+01
   2.4643270e+06   3.2653809e+01
   2.4644020e+06   5.9509277e+01
   2.4646100e+06   3.4484863e+01
   2.4646370e+06   4.3701172e+01
   2.4647830e+06   3.3813477e+01
   2.4734630e+06   4.0344238e+01
   2.4735140e+06   6.2805176e+01
   2.4735610e+06   3.3142090e+01
   2.4735830e+06   6.5917969e+01
   2.4736720e+06   4.5532227e+01
   2.4736990e+06   3.3691406e+01
   2.4737520e+06   5.6030273e+01
   2.4737820e+06   3.5583496e+01
   2.4738400e+06   4.8583984e+01
   2.4738860e+06   5.7250977e+01
   2.4739590e+06   5.6701660e+01
   2.4740160e+06   3.9367676e+01
   2.4742160e+06   6.2500000e+01
   2.4828840e+06   3.8024902e+01
   2.4830270e+06   4.8828125e+01
   2.4831490e+06   5.4992676e+01
   2.4833130e+06   5.3039551e+01
   2.4834320e+06   3.4301758e+01
   2.4897670e+06   3.6682129e+01
   2.4898290e+06   5.8288574e+01
   2.4899090e+06   4.0771484e+01
   2.4899380e+06   5.5114746e+01
   2.4899590e+06   5.3222656e+01
   2.4900840e+06   5.0598145e+01
   2.4901090e+06   5.2062988e+01
   2.4901360e+06   3.4851074e+01
   2.4915490e+06   3.4057617e+01
   2.4985830e+06   7.0251465e+01
   2.4985960e+06   3.5888672e+01
   2.4986840e+06   4.9011230e+01
   2.4987610e+06   3.5339355e+01
   2.4987790e+06   5.9387207e+01
   2.4987950e+06   5.3955078e+01
   2.4989230e+06   5.4016113e+01
   2.4989430e+06   3.7170410e+01
   2.4990960e+06   4.3579102e+01
   2.5076910e+06   3.5583496e+01
   2.5077260e+06   9.6313477e+01
   2.5077370e+06   4.3823242e+01
   2.5077840e+06   6.4575195e+01
   2.5078280e+06   3.3508301e+01
   2.5078530e+06   4.1381836e+01
   2.5079270e+06   3.9794922e+01
   2.5079450e+06   3.3569336e+01
   2.5079690e+06   4.0466309e+01
   2.5080370e+06   4.4982910e+01
   2.5081290e+06   4.0466309e+01
   2.5081820e+06   3.6621094e+01
   2.5082340e+06   3.3935547e+01
   2.5082770e+06   4.4799805e+01
   2.5083470e+06   5.3100586e+01
   2.5083850e+06   3.5034180e+01
   2.5084380e+06   3.6376953e+01
   2.5085080e+06   3.4973145e+01
   2.5085770e+06   4.1015625e+01
   2.5087090e+06   3.8391113e+01
   2.5087420e+06   3.2836914e+01
   2.5088640e+06   3.5156250e+01
   2.5090980e+06   4.4799805e+01
   2.5093790e+06   3.3569336e+01
   2.5176070e+06   3.2897949e+01
   2.5176460e+06   4.9560547e+01
   2.5178120e+06   3.2958984e+01
   2.5246000e+06   5.6274414e+01
   2.5249270e+06   3.3203125e+01
   2.5302290e+06   3.3020020e+01
   2.5308930e+06   4.5410156e+01
   2.5370650e+06   3.4606934e+01
   2.5372080e+06   5.8776855e+01
   2.5372960e+06   7.0129395e+01
   2.5373390e+06   4.7424316e+01
   2.5446010e+06   3.4362793e+01
   2.5446540e+06   5.7250977e+01
   2.5447920e+06   4.2480469e+01
   2.5448160e+06   5.0048828e+01
   2.5448690e+06   5.9326172e+01
   2.5448860e+06   3.7170410e+01
   2.5449290e+06   5.7617188e+01
   2.5450710e+06   4.2541504e+01
   2.5534070e+06   6.1096191e+01
   2.5534450e+06   5.1086426e+01
   2.5535180e+06   5.1269531e+01
   2.5535490e+06   3.3325195e+01
   2.5535900e+06   6.0729980e+01
   2.5536150e+06   4.2907715e+01
   2.5536370e+06   3.8391113e+01
   2.5536920e+06   3.3081055e+01
   2.5537450e+06   4.6752930e+01
   2.5537770e+06   3.7536621e+01
   2.5540520e+06   4.1564941e+01
   2.5610170e+06   4.8400879e+01
   2.5611620e+06   5.2917480e+01
   2.5612230e+06   6.8298340e+01
   2.5612380e+06   4.3518066e+01
   2.5612700e+06   4.4250488e+01
   2.5613200e+06   3.4118652e+01
   2.5613860e+06   3.5583496e+01
   2.5619170e+06   5.0720215e+01
   2.5703280e+06   6.4025879e+01
   2.5703780e+06   5.9326172e+01
   2.5704200e+06   3.2409668e+01
   2.5704540e+06   5.8837891e+01
   2.5704670e+06   8.0993652e+01
   2.5705010e+06   3.7719727e+01
   2.5705330e+06   4.1687012e+01
   2.5706010e+06   3.7536621e+01
   2.5706420e+06   3.5705566e+01
   2.5706570e+06   5.2429199e+01
   2.5707220e+06   3.3447266e+01
   2.5707670e+06   3.4545898e+01
   2.5707900e+06   3.6743164e+01
   2.5709330e+06   4.2785645e+01
   2.5711620e+06   3.6376953e+01
   2.5713630e+06   3.2897949e+01
   2.5718230e+06   3.4973145e+01
   2.5722900e+06   4.7302246e+01
   2.5800590e+06   7.0373535e+01
   2.5801240e+06   4.9743652e+01
   2.5802010e+06   3.6560059e+01
   2.5802290e+06   5.1940918e+01
   2.5802990e+06   3.4179688e+01
   2.5803680e+06   5.0170898e+01
   2.5804170e+06   5.3588867e+01
   2.5805660e+06   4.5288086e+01
   2.5810150e+06   4.2968750e+01
   2.5874910e+06   5.5175781e+01
   2.5876330e+06   4.5227051e+01
   2.5877210e+06   5.2734375e+01
   2.5877430e+06   4.8339844e+01
   2.5878390e+06   5.3894043e+01
   2.5879210e+06   3.2653809e+01
   2.5879540e+06   3.3569336e+01
   2.5880780e+06   6.7993164e+01
   2.5882430e+06   4.7180176e+01
   2.5958540e+06   5.3161621e+01
   2.5959420e+06   3.3874512e+01
   2.5960170e+06   5.7189941e+01
   2.5960680e+06   3.5583496e+01
   2.5961230e+06   3.7048340e+01
   2.5961560e+06   5.0720215e+01
   2.5962450e+06   3.5644531e+01
   2.5962820e+06   3.6560059e+01
   2.5963200e+06   4.2358398e+01
   2.5964480e+06   3.6071777e+01
   2.5964890e+06   3.3325195e+01
   2.5966280e+06   4.6569824e+01
   2.6059500e+06   4.3457031e+01
   2.6059850e+06   5.7495117e+01
   2.6060470e+06   4.9621582e+01
   2.6060930e+06   3.5034180e+01
   2.6061130e+06   3.7292480e+01
   2.6061950e+06   4.9194336e+01
   2.6062200e+06   4.1198730e+01
   2.6063280e+06   3.5400391e+01
   2.6064050e+06   4.1015625e+01
   2.6064860e+06   3.4973145e+01
   2.6065160e+06   5.2612305e+01
   2.6151780e+06   4.3212891e+01
   2.6152080e+06   7.4890137e+01
   2.6152950e+06   5.3100586e+01
   2.6153390e+06   4.5837402e+01
   2.6153700e+06   6.1218262e+01
   2.6154590e+06   3.2958984e+01
   2.6154850e+06   3.8635254e+01
   2.6155180e+06   4.3518066e+01
   2.6155910e+06   3.9123535e+01
   2.6156040e+06   4.9194336e+01
   2.6157140e+06   3.9550781e+01
   2.6157720e+06   4.4067383e+01
   2.6159060e+06   4.2602539e+01
   2.6159210e+06   3.5949707e+01
   2.6253590e+06   3.4118652e+01
   2.6254230e+06   4.9926758e+01
   2.6254880e+06   4.2053223e+01
   2.6255050e+06   3.8757324e+01
   2.6255690e+06   4.6020508e+01
   2.6256340e+06   3.4790039e+01
   2.6256850e+06   3.6437988e+01
   2.6257850e+06   3.3386230e+01
   2.6258460e+06   3.4545898e+01
   2.6259660e+06   4.6325684e+01
   2.6359750e+06   3.4484863e+01
   2.6359900e+06   5.5725098e+01
   2.6360650e+06   5.4931641e+01
   2.6361610e+06   4.1015625e+01
   2.6361820e+06   3.6376953e+01
   2.6362910e+06   5.4748535e+01
   2.6363360e+06   3.4179688e+01
   2.6363860e+06   4.2297363e+01
   2.6364360e+06   3.5095215e+01
   2.6364830e+06   4.2907715e+01
   2.6448870e+06   3.6010742e+01
   2.6449150e+06   7.2021484e+01
   2.6449450e+06   6.5795898e+01
   2.6449880e+06   3.7902832e+01
   2.6450160e+06   4.6630859e+01
   2.6450500e+06   3.8085938e+01
   2.6450710e+06   3.3752441e+01
   2.6451130e+06   4.5166016e+01
   2.6451440e+06   4.2846680e+01
   2.6453020e+06   4.1259766e+01
   2.6545860e+06   3.8330078e+01
   2.6546020e+06   8.9904785e+01
   2.6546410e+06   3.3996582e+01
   2.6546670e+06   6.4270020e+01
   2.6546950e+06   3.2409668e+01
   2.6547280e+06   6.1828613e+01
   2.6548100e+06   4.2236328e+01
   2.6548270e+06   5.6762695e+01
   2.6549110e+06   3.2714844e+01
   2.6549550e+06   3.6437988e+01
   2.6549680e+06   4.2175293e+01
   2.6552900e+06   4.3701172e+01
   2.6653320e+06   3.3813477e+01
   2.6653640e+06   6.2316895e+01
   2.6653810e+06   5.9020996e+01
   2.6654020e+06   3.7902832e+01
   2.6654300e+06   5.0170898e+01
   2.6654570e+06   4.8767090e+01
   2.6655380e+06   4.8400879e+01
   2.6656400e+06   4.7790527e+01
   2.6656670e+06   4.8400879e+01
   2.6656890e+06   4.4860840e+01
   2.6657600e+06   3.6254883e+01
   2.6657820e+06   3.3813477e+01
   2.6658110e+06   3.3081055e+01
   2.6658440e+06   3.3081055e+01
   2.6661380e+06   3.2897949e+01
   2.6662830e+06   4.4311523e+01
   2.6762590e+06   6.6650391e+01
   2.6763170e+06   4.9438477e+01
   2.6763420e+06   3.8085938e+01
   2.6763610e+06   5.6701660e+01
   2.6763790e+06   5.0720215e+01
   2.6764260e+06   3.2470703e+01
   2.6764700e+06   5.2978516e+01
   2.6765650e+06   4.4860840e+01
   2.6766250e+06   3.7658691e+01
   2.6766530e+06   4.5288086e+01
   2.6862900e+06   5.5969238e+01
   2.6863130e+06   3.5339355e+01
   2.6863330e+06   5.7983398e+01
   2.6863510e+06   3.3935547e+01
   2.6863760e+06   3.6376953e+01
   2.6863860e+06   5.1269531e+01
   2.6864300e+06   3.5156250e+01
   2.6864530e+06   4.3701172e+01
   2.6865130e+06   3.2531738e+01
   2.6865260e+06   3.9978027e+01
   2.6865530e+06   4.7363281e+01
   2.6865980e+06   4.6936035e+01
   2.6866240e+06   3.2775879e+01
   2.6867100e+06   3.5766602e+01
   2.6868480e+06   4.1320801e+01
   2.6975910e+06   3.6376953e+01
   2.6976300e+06   6.2316895e+01
   2.6976420e+06   3.5278320e+01
   2.6976720e+06   7.1289063e+01
   2.6976910e+06   3.4362793e+01
   2.6977040e+06   4.1503906e+01
   2.6977380e+06   5.1513672e+01
   2.6977650e+06   4.7302246e+01
   2.6977790e+06   3.8452148e+01
   2.6978360e+06   4.4860840e+01
   2.6978550e+06   4.6447754e+01
   2.6978750e+06   3.5522461e+01
   2.6979740e+06   3.7841797e+01
   2.6980150e+06   3.6315918e+01
   2.6980370e+06   3.9062500e+01
   2.6982880e+06   3.2714844e+01
   2.6985630e+06   3.7597656e+01
   2.7101620e+06   3.8940430e+01
   2.7101950e+06   6.2194824e+01
   2.7102220e+06   7.0007324e+01
   2.7102450e+06   3.8452148e+01
   2.7102560e+06   3.6804199e+01
   2.7102940e+06   5.8166504e+01
   2.7103500e+06   3.8879395e+01
   2.7103700e+06   4.1320801e+01
   2.7104180e+06   3.9306641e+01
   2.7104620e+06   4.3334961e+01
   2.7106150e+06   5.3710938e+01
   2.7106800e+06   5.0170898e+01
   2.7107650e+06   3.3630371e+01
   2.7108210e+06   3.5705566e+01
   2.7111140e+06   4.2053223e+01
   2.7111470e+06   4.6508789e+01
   2.7219580e+06   3.8024902e+01
   2.7219980e+06   5.6823730e+01
   2.7220720e+06   1.0375977e+02
   2.7221060e+06   3.4362793e+01
   2.7221510e+06   4.5898438e+01
   2.7222230e+06   3.9489746e+01
   2.7222330e+06   3.9123535e+01
   2.7222690e+06   3.3569336e+01
   2.7223260e+06   4.6264648e+01
   2.7332870e+06   6.4575195e+01
   2.7333090e+06   6.9702148e+01
   2.7333280e+06   3.4606934e+01
   2.7333550e+06   4.3884277e+01
   2.7333890e+06   5.9509277e+01
   2.7334320e+06   3.3630371e+01
   2.7334760e+06   4.1687012e+01
   2.7335000e+06   3.6987305e+01
   2.7335280e+06   3.6132813e+01
   2.7335720e+06   3.7475586e+01
   2.7349730e+06   3.5339355e+01
   2.7445640e+06   3.6499023e+01
   2.7446640e+06   5.5175781e+01
   2.7446810e+06   3.4667969e+01
   2.7448330e+06   6.5124512e+01
   2.7448430e+06   5.4199219e+01
   2.7449830e+06   6.8359375e+01
   2.7455010e+06   4.2297363e+01
   2.7562670e+06   3.2531738e+01
   2.7563300e+06   4.7851563e+01
   2.7563940e+06   5.5603027e+01
   2.7564220e+06   6.7749023e+01
   2.7564510e+06   4.0344238e+01
   2.7565160e+06   4.4311523e+01
   2.7566030e+06   3.9672852e+01
   2.7566190e+06   3.9306641e+01
   2.7567010e+06   4.4006348e+01
   2.7567440e+06   3.9062500e+01
   2.7568410e+06   3.6804199e+01
   2.7570850e+06   3.6376953e+01
   2.7572220e+06   4.0100098e+01
   2.7695180e+06   3.6682129e+01
   2.7695610e+06   6.2683105e+01
   2.7695950e+06   4.6203613e+01
   2.7696160e+06   6.8725586e+01
   2.7696260e+06   4.3640137e+01
   2.7696510e+06   3.6743164e+01
   2.7696820e+06   5.8532715e+01
   2.7697180e+06   3.5827637e+01
   2.7697430e+06   4.2846680e+01
   2.7698180e+06   4.6264648e+01
   2.7701820e+06   4.4189453e+01
   2.7810870e+06   3.4545898e+01
   2.7811130e+06   5.2124023e+01
   2.7811780e+06   4.0954590e+01
   2.7812020e+06   6.5429688e+01
   2.7812780e+06   6.0607910e+01
   2.7813730e+06   4.7790527e+01
   2.7814100e+06   3.7048340e+01
   2.7814910e+06   3.6560059e+01
   2.7815790e+06   3.6865234e+01
   2.7817250e+06   3.9489746e+01
   2.7923190e+06   4.1198730e+01
   2.7923470e+06   5.2490234e+01
   2.7924130e+06   3.5888672e+01
   2.7924360e+06   5.4687500e+01
   2.7924500e+06   3.7048340e+01
   2.7925200e+06   5.2368164e+01
   2.7925500e+06   4.4067383e+01
   2.7925960e+06   4.1687012e+01
   2.7926350e+06   3.2836914e+01
   2.8042720e+06   5.7861328e+01
   2.8043370e+06   6.1157227e+01
   2.8043700e+06   4.2907715e+01
   2.8043820e+06   6.6101074e+01
   2.8044570e+06   3.5949707e+01
   2.8044920e+06   3.8513184e+01
   2.8045500e+06   3.7841797e+01
   2.8045640e+06   4.8156738e+01
   2.8046030e+06   3.9978027e+01
   2.8047040e+06   5.1452637e+01
   2.8156680e+06   4.0466309e+01
   2.8157270e+06   5.3222656e+01
   2.8157730e+06   3.8391113e+01
   2.8157910e+06   4.2663574e+01
   2.8158050e+06   5.6152344e+01
   2.8158690e+06   4.6752930e+01
   2.8158950e+06   3.3813477e+01
   2.8159430e+06   4.0161133e+01
   2.8160710e+06   3.4423828e+01
   2.8168190e+06   4.1748047e+01
   2.8282600e+06   3.8696289e+01
   2.8283110e+06   5.8959961e+01
   2.8283520e+06   3.4423828e+01
   2.8283760e+06   5.3405762e+01
   2.8284560e+06   5.5603027e+01
   2.8284760e+06   3.5400391e+01
   2.8285300e+06   4.5227051e+01
   2.8285490e+06   4.6569824e+01
   2.8285630e+06   3.2592773e+01
   2.8286890e+06   5.2795410e+01
   2.8287020e+06   4.7424316e+01
   2.8292080e+06   5.3527832e+01
   2.8409460e+06   4.3701172e+01
   2.8410480e+06   6.0974121e+01
   2.8410710e+06   4.2785645e+01
   2.8410900e+06   6.5429688e+01
   2.8411240e+06   5.4504395e+01
   2.8411370e+06   3.9550781e+01
   2.8411470e+06   3.8513184e+01
   2.8411740e+06   6.1401367e+01
   2.8412010e+06   3.9428711e+01
   2.8413000e+06   5.2124023e+01
   2.8414640e+06   3.9062500e+01
   2.8538620e+06   5.7434082e+01
   2.8539110e+06   3.3264160e+01
   2.8539370e+06   5.2124023e+01
   2.8539610e+06   5.0109863e+01
   2.8540300e+06   3.5583496e+01
   2.8540480e+06   4.2602539e+01
   2.8541480e+06   3.9428711e+01
   2.8541770e+06   4.2175293e+01
   2.8542160e+06   6.0363770e+01
   2.8542730e+06   3.3691406e+01
   2.8659590e+06   3.4545898e+01
   2.8660050e+06   6.6223145e+01
   2.8660550e+06   3.4484863e+01
   2.8660800e+06   4.1564941e+01
   2.8661150e+06   7.7270508e+01
   2.8661890e+06   6.5673828e+01
   2.8662270e+06   4.4616699e+01
   2.8662660e+06   4.7729492e+01
   2.8662830e+06   4.0466309e+01
   2.8663270e+06   3.3935547e+01
   2.8663800e+06   4.7180176e+01
   2.8666440e+06   5.6579590e+01
   2.8794210e+06   3.6437988e+01
   2.8794640e+06   5.9753418e+01
   2.8795310e+06   5.3405762e+01
   2.8795590e+06   3.5522461e+01
   2.8795710e+06   6.7199707e+01
   2.8796480e+06   5.9326172e+01
   2.8797370e+06   5.0415039e+01
   2.8928200e+06   6.9763184e+01
   2.8928660e+06   3.5949707e+01
   2.8929530e+06   5.9570313e+01
   2.8930080e+06   5.4321289e+01
   2.8930270e+06   6.5429688e+01
   2.8930650e+06   3.6560059e+01
   2.8931740e+06   5.2185059e+01
   2.8932830e+06   4.4189453e+01
   2.9065380e+06   3.8146973e+01
   2.9066680e+06   6.2011719e+01
   2.9067220e+06   6.1096191e+01
   2.9068540e+06   5.2795410e+01
   2.9068720e+06   3.6621094e+01
   2.9069200e+06   3.4301758e+01
   2.9070240e+06   4.6813965e+01
   2.9070460e+06   4.0039063e+01
   2.9193370e+06   3.4790039e+01
   2.9194170e+06   6.3476563e+01
   2.9194580e+06   3.3081055e+01
   2.9195080e+06   4.4311523e+01
   2.9195610e+06   3.4484863e+01
   2.9196230e+06   5.1940918e+01
   2.9196470e+06   5.2001953e+01
   2.9330110e+06   3.2958984e+01
   2.9331260e+06   5.6762695e+01
   2.9331930e+06   5.6152344e+01
   2.9332100e+06   4.5104980e+01
   2.9333370e+06   7.4279785e+01
   2.9334980e+06   4.9682617e+01
   2.9477420e+06   5.3588867e+01
   2.9477680e+06   5.7128906e+01
   2.9478620e+06   5.9326172e+01
   2.9478830e+06   5.7556152e+01
   2.9480460e+06   5.2917480e+01
   2.9480870e+06   3.4301758e+01
   2.9615880e+06   3.3081055e+01
   2.9616770e+06   6.0668945e+01
   2.9618360e+06   6.2927246e+01
   2.9618970e+06   3.6193848e+01
   2.9619410e+06   4.8461914e+01
   2.9621390e+06   3.2653809e+01
   2.9750510e+06   4.1381836e+01
   2.9751130e+06   4.2846680e+01
   2.9751350e+06   6.2133789e+01
   2.9751630e+06   4.1137695e+01
   2.9752790e+06   3.3508301e+01
   2.9753480e+06   6.8359375e+01
   2.9754520e+06   5.5053711e+01
   2.9903390e+06   4.4006348e+01
   2.9904040e+06   3.5217285e+01
   2.9904310e+06   5.6274414e+01
   2.9904630e+06   3.3508301e+01
   2.9905620e+06   6.7626953e+01
   2.9906000e+06   5.6945801e+01
   2.9906860e+06   6.2988281e+01
   3.0107080e+06   6.1889648e+01
   3.0107240e+06   4.3701172e+01
   3.0107760e+06   5.2307129e+01
   3.0108230e+06   3.3874512e+01
   3.0108980e+06   3.4240723e+01
   3.0109720e+06   3.3020020e+01
   3.0110560e+06   5.7495117e+01
   3.0444460e+06   4.1137695e+01
   3.0445020e+06   6.5856934e+01
   3.0446410e+06   3.2775879e+01
   3.0447940e+06   3.5034180e+01
   3.0450190e+06   5.4321289e+01
   3.0663010e+06   3.4606934e+01
   3.1060110e+06   5.9448242e+01
   3.1062290e+06   4.5898438e+01
   3.1062830e+06   6.2927246e+01
   3.1063750e+06   4.4250488e+01
   3.1072910e+06   3.6560059e+01
   3.1540260e+06   7.3486328e+01
   3.1541850e+06   3.9001465e+01
   3.1543280e+06   3.4423828e+01
   3.1546070e+06   3.3935547e+01
   3.2045400e+06   3.3752441e+01
   3.2045550e+06   6.2988281e+01
   3.2046850e+06   5.9997559e+01
   3.2047130e+06   3.4973145e+01
   3.2049120e+06   3.7536621e+01
   3.2050560e+06   3.6926270e+01
   3.2050820e+06   5.5908203e+01
   3.2052100e+06   3.7475586e+01
   3.2055560e+06   3.2653809e+01
   3.2637430e+06   6.2255859e+01
   3.2714530e+06   3.9245605e+01
   3.2797970e+06   3.8146973e+01
   3.2800680e+06   3.6315918e+01
   3.2895230e+06   7.4462891e+01
   3.2897500e+06   3.2836914e+01
   3.2899960e+06   3.3081055e+01
   3.2902850e+06   4.3395996e+01
   3.3017450e+06   3.9978027e+01
   3.3017860e+06   5.1452637e+01
   3.3019280e+06   3.5461426e+01
   3.3024760e+06   3.6132813e+01
   3.3028320e+06   4.2053223e+01
   3.3136940e+06   7.7514648e+01
   3.3137680e+06   3.3813477e+01
   3.3259490e+06   4.8583984e+01
   3.3261930e+06   3.5888672e+01
   3.3267510e+06   3.2775879e+01
   3.3360710e+06   6.6040039e+01
   3.3460340e+06   6.9519043e+01
   3.3462510e+06   4.0222168e+01
   3.3570760e+06   5.3405762e+01
   3.3571220e+06   8.0688477e+01
   3.3578610e+06   3.7231445e+01
   3.3682460e+06   3.3020020e+01
   3.3682900e+06   7.7453613e+01
   3.3683110e+06   3.2897949e+01
   3.3683370e+06   3.2531738e+01
   3.3684450e+06   4.2419434e+01
   3.3855620e+06   3.5705566e+01
   3.3859670e+06   3.2775879e+01
   3.3950310e+06   7.1960449e+01
   3.3950920e+06   3.9428711e+01
   3.3952850e+06   3.4912109e+01
   3.4059030e+06   4.1381836e+01
   3.4065350e+06   3.5400391e+01
   3.4065670e+06   3.2531738e+01
   3.4146360e+06   3.3264160e+01
   3.4263110e+06   3.5522461e+01
   3.4263710e+06   6.8237305e+01
   3.4265160e+06   4.0588379e+01
   3.4334350e+06   4.0466309e+01
   3.4420750e+06   6.2072754e+01
   3.4422810e+06   4.1870117e+01
   3.4516160e+06   4.2236328e+01
   3.4598430e+06   3.5705566e+01
   3.4679820e+06   3.9367676e+01
   3.4681790e+06   3.7231445e+01
   3.4754940e+06   6.3232422e+01
   3.4755270e+06   3.3508301e+01
   3.4757550e+06   3.6437988e+01
   3.4838720e+06   3.6071777e+01
   3.4930830e+06   4.1137695e+01
   3.4932390e+06   5.2612305e+01
   3.4933180e+06   3.7170410e+01
   3.5026100e+06   6.8115234e+01
   3.5027650e+06   3.9001465e+01
   3.5114990e+06   4.6081543e+01
   3.5115260e+06   3.2775879e+01
   3.5117400e+06   3.2714844e+01
   3.5208700e+06   3.5034180e+01
   3.5209880e+06   6.7138672e+01
   3.5301250e+06   3.5278320e+01
   3.5301710e+06   6.3842773e+01
   3.5303290e+06   3.8391113e+01
   3.5392530e+06   3.7353516e+01
   3.5393100e+06   6.3293457e+01
   3.5395510e+06   3.9184570e+01
   3.5493480e+06   3.2592773e+01
   3.5495360e+06   3.5583496e+01
   3.5595030e+06   3.2897949e+01
   3.5596430e+06   3.9672852e+01
   3.5597420e+06   3.9245605e+01
   3.5693360e+06   3.7170410e+01
   3.5784970e+06   3.6376953e+01
   3.5786120e+06   3.3630371e+01
   3.5787320e+06   3.2592773e+01
   3.5885810e+06   4.8889160e+01
   3.5886550e+06   5.4565430e+01
   3.5995810e+06   4.2419434e+01
   3.5996690e+06   5.7617188e+01
   3.5997960e+06   4.0161133e+01
   3.6100440e+06   4.6691895e+01
   3.6102450e+06   3.5583496e+01
   3.6103610e+06   3.2409668e+01
   3.6214860e+06   3.3935547e+01
   3.6215520e+06   6.4025879e+01
   3.6317870e+06   3.7109375e+01
   3.6319740e+06   3.6865234e+01
   3.6321720e+06   3.5339355e+01
   3.6427310e+06   7.9101563e+01
   3.6427540e+06   3.3813477e+01
   3.6428320e+06   3.3264160e+01
   3.6429440e+06   3.5888672e+01
   3.6548490e+06   7.8735352e+01
   3.6549450e+06   5.6457520e+01
   3.6551510e+06   3.6315918e+01
   3.6665670e+06   4.2419434e+01
   3.6666500e+06   7.7453613e+01
   3.6668100e+06   3.3325195e+01
   3.6783840e+06   3.3325195e+01
   3.6784280e+06   7.3669434e+01
   3.6785370e+06   3.5339355e+01
   3.6787470e+06   3.3142090e+01
   3.6911660e+06   4.0771484e+01
   3.6911780e+06   5.3527832e+01
   3.6913090e+06   3.8085938e+01
   3.6913200e+06   7.4157715e+01
   3.6914030e+06   4.0527344e+01
   3.7040650e+06   4.7180176e+01
   3.7041240e+06   3.6193848e+01
   3.7041610e+06   6.4147949e+01
   3.7043470e+06   3.5217285e+01
   3.7181010e+06   3.9245605e+01
   3.7181990e+06   5.6762695e+01
   3.7183970e+06   4.1503906e+01
   3.7321270e+06   3.9611816e+01
   3.7322180e+06   6.0729980e+01
   3.7324520e+06   3.5766602e+01
   3.7465410e+06   6.7810059e+01
   3.7465850e+06   4.4189453e+01
   3.7468190e+06   3.4301758e+01
   3.7629880e+06   3.9550781e+01
   3.7636160e+06   3.5217285e+01
   3.7801010e+06   3.8024902e+01
   3.8009730e+06   4.1259766e+01
   3.8323240e+06   3.6010742e+01
   3.9746120e+06   3.6865234e+01
   3.9747470e+06   3.3569336e+01
   3.9749500e+06   5.6823730e+01
   3.9749940e+06   3.3874512e+01
   3.9750550e+06   3.6376953e+01
   3.9751310e+06   3.7597656e+01
   3.9752300e+06   3.4057617e+01
   4.0919380e+06   4.2907715e+01
   4.0921110e+06   4.6569824e+01
   4.0921410e+06   4.1015625e+01
   4.0921900e+06   4.3029785e+01
   4.0922340e+06   3.6682129e+01
   4.0922970e+06   4.0161133e+01
   4.0923610e+06   3.6682129e+01
   4.0924050e+06   3.5766602e+01
   4.0924810e+06   3.4240723e+01
   4.0925750e+06   3.2409668e+01
   4.0938300e+06   3.3935547e+01
   4.1290320e+06   4.4067383e+01
   4.1290550e+06   3.9733887e+01
   4.1291010e+06   4.7790527e+01
   4.1291650e+06   3.2958984e+01
   4.1291940e+06   3.4423828e+01
   4.1292200e+06   3.4973145e+01
   4.1292730e+06   3.4362793e+01
   4.1293860e+06   3.8757324e+01
   4.1295080e+06   3.4301758e+01
   4.1308500e+06   3.6682129e+01
   4.1434110e+06   5.8471680e+01
   4.1434610e+06   5.3222656e+01
   4.1435580e+06   3.2653809e+01
   4.1435760e+06   3.3752441e+01
   4.1436940e+06   3.3630371e+01
   4.1437170e+06   3.3996582e+01
   4.1437800e+06   4.2724609e+01
   4.1439760e+06   3.7292480e+01
   4.1442690e+06   3.3447266e+01
   4.1445900e+06   3.3569336e+01
   4.1449980e+06   3.2470703e+01
   4.1587060e+06   3.5034180e+01
   4.1587440e+06   3.7780762e+01
   4.1588100e+06   3.9062500e+01
   4.1588580e+06   3.6743164e+01
   4.1590020e+06   3.7841797e+01
   4.1591140e+06   3.5461426e+01
   4.1596590e+06   3.3996582e+01
   4.1602450e+06   3.2653809e+01
   4.1678220e+06   3.8513184e+01
   4.1678490e+06   4.3334961e+01
   4.1678940e+06   4.2236328e+01
   4.1679410e+06   4.8156738e+01
   4.1680210e+06   3.5339355e+01
   4.1682780e+06   3.2836914e+01
   4.1683130e+06   3.3325195e+01
   4.1684250e+06   3.5278320e+01
   4.1687330e+06   3.7963867e+01
   4.1689640e+06   3.2714844e+01
   4.1811900e+06   3.3325195e+01
   4.1812230e+06   4.2663574e+01
   4.1812520e+06   4.4982910e+01
   4.1813080e+06   3.9733887e+01
   4.1814080e+06   3.4912109e+01
   4.1814600e+06   3.8696289e+01
   4.1815630e+06   3.6254883e+01
   4.1816750e+06   3.4362793e+01
   4.1818120e+06   3.3447266e+01
   4.1893590e+06   3.2958984e+01
   4.1894000e+06   3.2470703e+01
   4.1894570e+06   3.5400391e+01
   4.1895120e+06   4.1381836e+01
   4.1895380e+06   5.0842285e+01
   4.1896140e+06   3.5644531e+01
   4.1897440e+06   3.5034180e+01
   4.1901590e+06   3.5583496e+01
   4.1903110e+06   4.5288086e+01
   4.1907250e+06   3.7231445e+01
   4.1973960e+06   3.6071777e+01
   4.1974600e+06   4.5593262e+01
   4.1975270e+06   3.8513184e+01
   4.1977390e+06   3.2470703e+01
   4.1978640e+06   3.5034180e+01
   4.1979680e+06   3.3264160e+01
   4.1984080e+06   3.6987305e+01
   4.1987710e+06   4.2175293e+01
   4.2053580e+06   3.6132813e+01
   4.2053890e+06   4.1259766e+01
   4.2054430e+06   3.7475586e+01
   4.2056570e+06   3.7231445e+01
   4.2057730e+06   3.7841797e+01
   4.2059330e+06   3.4179688e+01
   4.2060180e+06   3.4729004e+01
   4.2060810e+06   3.3996582e+01
   4.2062470e+06   3.3508301e+01
   4.2135010e+06   4.2175293e+01
   4.2135510e+06   3.9489746e+01
   4.2135730e+06   3.3020020e+01
   4.2136340e+06   4.1381836e+01
   4.2136960e+06   3.6804199e+01
   4.2138360e+06   3.9489746e+01
   4.2139580e+06   4.5654297e+01
   4.2142590e+06   3.5095215e+01
   4.2143930e+06   3.5461426e+01
   4.2224590e+06   3.3508301e+01
   4.2224770e+06   3.9550781e+01
   4.2225290e+06   4.4494629e+01
   4.2227780e+06   3.9794922e+01
   4.2228530e+06   3.5400391e+01
   4.2232640e+06   3.5156250e+01
   4.2312610e+06   4.5288086e+01
   4.2313200e+06   3.5217285e+01
   4.2313820e+06   3.2836914e+01
   4.2314260e+06   3.3630371e+01
   4.2315920e+06   3.4057617e+01
   4.2316740e+06   3.6315918e+01
   4.2403730e+06   3.6682129e+01
   4.2404140e+06   4.1748047e+01
   4.2404580e+06   3.5644531e+01
   4.2404690e+06   3.8269043e+01
   4.2405800e+06   3.6499023e+01
   4.2407250e+06   3.9428711e+01
   4.2407940e+06   3.6743164e+01
   4.2409890e+06   3.3508301e+01
   4.2492550e+06   4.5898438e+01
   4.2493210e+06   3.5522461e+01
   4.2496710e+06   3.5705566e+01
   4.2577680e+06   3.4912109e+01
   4.2578130e+06   3.5522461e+01
   4.2579020e+06   3.3264160e+01
   4.2581040e+06   4.4494629e+01
   4.2582540e+06   3.4729004e+01
   4.2584190e+06   3.8024902e+01
   4.2585590e+06   3.2836914e+01
   4.2670770e+06   3.6193848e+01
   4.2671170e+06   4.0710449e+01
   4.2671820e+06   3.3630371e+01
   4.2672040e+06   3.6560059e+01
   4.2673880e+06   3.5827637e+01
   4.2675420e+06   3.6560059e+01
   4.2777270e+06   3.7292480e+01
   4.2777660e+06   3.6315918e+01
   4.2779930e+06   3.8208008e+01
   4.2780210e+06   3.4545898e+01
   4.2781880e+06   3.2714844e+01
   4.2783030e+06   4.1015625e+01
   4.2791330e+06   3.3996582e+01
   4.2877640e+06   3.2714844e+01
   4.2878150e+06   3.7902832e+01
   4.2878940e+06   3.5217285e+01
   4.2880480e+06   4.0039063e+01
   4.2881940e+06   3.6499023e+01
   4.2883420e+06   3.3996582e+01
   4.2883580e+06   3.3020020e+01
   4.2888710e+06   3.3752441e+01
   4.2982790e+06   3.6376953e+01
   4.2983550e+06   3.7292480e+01
   4.2984230e+06   3.3081055e+01
   4.2985850e+06   4.0039063e+01
   4.2989030e+06   3.4484863e+01
   4.2997490e+06   3.3447266e+01
   4.3074410e+06   3.3813477e+01
   4.3076240e+06   3.7536621e+01
   4.3077700e+06   3.3325195e+01
   4.3079890e+06   3.6987305e+01
   4.3082060e+06   3.4851074e+01
   4.3181200e+06   3.2470703e+01
   4.3182200e+06   4.4006348e+01
   4.3182930e+06   3.7109375e+01
   4.3184610e+06   3.7902832e+01
   4.3186790e+06   3.8146973e+01
   4.3193890e+06   3.5095215e+01
   4.3275750e+06   3.6621094e+01
   4.3278980e+06   3.6682129e+01
   4.3282090e+06   4.1442871e+01
   4.3283340e+06   3.2409668e+01
   4.3287420e+06   5.2001953e+01
   4.3407600e+06   3.7719727e+01
   4.3407890e+06   3.4179688e+01
   4.3409170e+06   4.2846680e+01
   4.3410680e+06   3.7414551e+01
   4.3412330e+06   3.6926270e+01
   4.3412480e+06   3.6804199e+01
   4.3414650e+06   3.6315918e+01
   4.3418060e+06   3.3813477e+01
   4.3421030e+06   3.5095215e+01
   4.3505280e+06   3.6376953e+01
   4.3507030e+06   4.0893555e+01
   4.3509230e+06   3.9428711e+01
   4.3512030e+06   3.5278320e+01
   4.3512870e+06   3.5583496e+01
   4.3606490e+06   3.5644531e+01
   4.3607160e+06   4.0588379e+01
   4.3608640e+06   4.8156738e+01
   4.3609600e+06   3.3081055e+01
   4.3609790e+06   3.3874512e+01
   4.3610780e+06   3.7597656e+01
   4.3611110e+06   3.3508301e+01
   4.3612000e+06   3.6193848e+01
   4.3615440e+06   3.5461426e+01
   4.3710860e+06   3.5339355e+01
   4.3713340e+06   4.5410156e+01
   4.3715720e+06   4.7180176e+01
   4.3716680e+06   3.8696289e+01
   4.3717950e+06   4.0039063e+01
   4.3719490e+06   4.8706055e+01
   4.3834320e+06   3.6010742e+01
   4.3835550e+06   4.8400879e+01
   4.3836550e+06   3.5278320e+01
   4.3837470e+06   3.3813477e+01
   4.3838650e+06   3.2897949e+01
   4.3838850e+06   3.9794922e+01
   4.3839710e+06   3.6499023e+01
   4.3841530e+06   3.6193848e+01
   4.3843880e+06   3.3203125e+01
   4.3982500e+06   3.3874512e+01
   4.3983540e+06   3.3935547e+01
   4.3983760e+06   3.5522461e+01
   4.3985110e+06   3.3813477e+01
   4.3987100e+06   3.8146973e+01
   4.3989820e+06   3.3142090e+01
   4.3990710e+06   4.1870117e+01
   4.4134780e+06   3.8146973e+01
   4.4136150e+06   5.5358887e+01
   4.4137880e+06   3.4423828e+01
   4.4138230e+06   3.3630371e+01
   4.4139410e+06   3.7292480e+01
   4.4142160e+06   3.3508301e+01
   4.4311450e+06   4.3640137e+01
   4.4312330e+06   3.8452148e+01
   4.4312850e+06   6.7077637e+01
   4.4313770e+06   3.6560059e+01
   4.4314280e+06   4.2785645e+01
   4.4316240e+06   3.5705566e+01
   4.4316370e+06   4.1809082e+01
   4.4317470e+06   3.5278320e+01
   4.4318330e+06   3.2775879e+01
   4.4319400e+06   3.3935547e+01
   4.4320520e+06   4.0893555e+01
   4.4321760e+06   3.6804199e+01
   4.4323210e+06   3.4729004e+01
   4.4450440e+06   4.4799805e+01
   4.4451600e+06   3.7902832e+01
   4.4452870e+06   3.6376953e+01
   4.4453350e+06   4.4128418e+01
   4.4456440e+06   4.2053223e+01
   4.4458430e+06   4.4982910e+01
   4.4605830e+06   3.7719727e+01
   4.4608680e+06   3.7109375e+01
   4.4613920e+06   3.9916992e+01
   4.4722940e+06   3.5949707e+01
   4.4725280e+06   3.5827637e+01
   4.4727300e+06   3.2897949e+01
   4.4730880e+06   4.1076660e+01
   4.4852960e+06   3.3569336e+01
   4.4856440e+06   4.0405273e+01
   4.4857170e+06   3.2592773e+01
   4.4861280e+06   3.2531738e+01
   4.4863410e+06   4.1992188e+01
   4.4979110e+06   3.3325195e+01
   4.4981970e+06   3.9184570e+01
   4.4984190e+06   3.7048340e+01
   4.4986190e+06   3.2409668e+01
   4.5116260e+06   3.6437988e+01
   4.5121850e+06   3.3142090e+01
   4.5263490e+06   3.3264160e+01
   4.5266610e+06   4.2541504e+01
   4.5269800e+06   3.3508301e+01
   4.5477360e+06   4.2724609e+01
   4.5480860e+06   3.8452148e+01
   4.6380730e+06   4.4738770e+01
   4.6383170e+06   4.2541504e+01
   4.6384800e+06   3.6621094e+01
   4.6394210e+06   3.3386230e+01
   4.7685770e+06   3.6437988e+01
   4.7689440e+06   3.7170410e+01
   4.7690970e+06   4.3212891e+01
   4.8824080e+06   3.7719727e+01
   4.8825550e+06   3.7170410e+01
   4.8827900e+06   4.0588379e+01
   5.0048440e+06   3.6682129e+01
   5.0050880e+06   3.3020020e+01
   5.0052190e+06   3.6193848e+01
   5.0055640e+06   4.4372559e+01
   5.0612690e+06   3.5461426e+01
   5.0619310e+06   3.4606934e+01
   5.1046420e+06   4.0466309e+01
   5.1048860e+06   3.6254883e+01
   5.1050660e+06   3.6315918e+01
   5.1051800e+06   3.2470703e+01
   5.1051900e+06   3.8391113e+01
   5.1052550e+06   3.4179688e+01
   5.1053740e+06   4.8400879e+01
   5.1303140e+06   3.9184570e+01
   5.1305710e+06   3.8574219e+01
   5.1319820e+06   3.3081055e+01
   5.1391650e+06   3.8330078e+01
   5.1394880e+06   3.5522461e+01
   5.1484720e+06   3.8940430e+01
   5.1486680e+06   3.3203125e+01
   5.1486930e+06   3.5156250e+01
   5.1488800e+06   3.5827637e+01
   5.1490270e+06   3.3813477e+01
   5.1578060e+06   3.4912109e+01
   5.1580660e+06   3.9611816e+01
   5.1670530e+06   3.4301758e+01
   5.1674090e+06   3.2714844e+01
   5.1677840e+06   3.4729004e+01
   5.1759540e+06   3.8146973e+01
   5.1761530e+06   3.4851074e+01
   5.1763810e+06   3.5705566e+01
   5.1764230e+06   3.9489746e+01
   5.1766090e+06   3.4545898e+01
   5.1846090e+06   3.8330078e+01
   5.1847530e+06   3.3569336e+01
   5.1853270e+06   3.4729004e+01
   5.1925400e+06   3.6315918e+01
   5.1927460e+06   3.5217285e+01
   5.2003270e+06   3.3630371e+01
   5.2070900e+06   3.3081055e+01
   5.2141420e+06   3.7963867e+01
   5.2222400e+06   3.2592773e+01
   5.2223540e+06   3.2531738e+01
   5.2224100e+06   3.8513184e+01
   5.2226050e+06   3.3691406e+01
   5.2303660e+06   3.5034180e+01
   5.2368120e+06   3.6254883e+01
   5.2368590e+06   3.7719727e+01
   5.2369140e+06   6.4208984e+01
   5.2369900e+06   3.6376953e+01
   5.2370460e+06   3.3203125e+01
   5.2427220e+06   3.7719727e+01
   5.2484160e+06   3.4118652e+01
   5.2488180e+06   3.5034180e+01
   5.2555040e+06   4.2358398e+01
   5.2556180e+06   4.0039063e+01
   5.2556990e+06   6.1279297e+01
   5.2557910e+06   3.2775879e+01
   5.2558490e+06   6.4086914e+01
   5.2559680e+06   4.0893555e+01
   5.2663500e+06   4.8339844e+01
   5.2663620e+06   3.3630371e+01
   5.2664220e+06   6.6711426e+01
   5.2664380e+06   3.2592773e+01
   5.2665270e+06   5.0170898e+01
   5.2665600e+06   3.2409668e+01
   5.2666160e+06   4.3151855e+01
   5.2666670e+06   4.0893555e+01
   5.2669470e+06   4.4921875e+01
   5.2726750e+06   3.3935547e+01
   5.2793160e+06   3.5095215e+01
   5.2794660e+06   4.2602539e+01
   5.2795880e+06   3.6804199e+01
   5.2864720e+06   3.5034180e+01
   5.2865530e+06   6.4941406e+01
   5.2865720e+06   3.8757324e+01
   5.2866140e+06   5.4016113e+01
   5.2873300e+06   3.6315918e+01
   5.2926410e+06   3.5156250e+01
   5.2991150e+06   6.2316895e+01
   5.2992820e+06   3.3630371e+01
   5.3052400e+06   3.5400391e+01
   5.3054050e+06   3.9672852e+01
   5.3055030e+06   5.1330566e+01
   5.3055590e+06   3.2775879e+01
   5.3106350e+06   3.5156250e+01
   5.3158900e+06   4.5715332e+01
   5.3160780e+06   6.2011719e+01
   5.3161460e+06   3.3752441e+01
   5.3162870e+06   3.3203125e+01
   5.3219420e+06   3.6560059e+01
   5.3220190e+06   5.5664063e+01
   5.3222020e+06   4.1381836e+01
   5.3222460e+06   6.0668945e+01
   5.3222940e+06   3.2592773e+01
   5.3279690e+06   3.9611816e+01
   5.3285170e+06   3.4423828e+01
   5.3334030e+06   3.3874512e+01
   5.3334570e+06   3.3569336e+01
   5.3340440e+06   3.3081055e+01
   5.3346270e+06   3.4606934e+01
   5.3414200e+06   3.4423828e+01
   5.3415010e+06   3.5034180e+01
   5.3415820e+06   5.8288574e+01
   5.3416320e+06   3.4179688e+01
   5.3416660e+06   4.8645020e+01
   5.3416880e+06   5.9631348e+01
   5.3417300e+06   3.3996582e+01
   5.3417630e+06   3.7170410e+01
   5.3418000e+06   4.0405273e+01
   5.3418980e+06   4.4250488e+01
   5.3420470e+06   3.7536621e+01
   5.3421510e+06   5.0781250e+01
   5.3422810e+06   3.2592773e+01
   5.3423210e+06   4.7485352e+01
   5.3424190e+06   3.2836914e+01
   5.3426210e+06   3.2470703e+01
   5.3426920e+06   5.5053711e+01
   5.3515040e+06   3.3264160e+01
   5.3604780e+06   4.3090820e+01
   5.3649940e+06   3.2470703e+01
   5.3650410e+06   4.8278809e+01
   5.3656090e+06   5.1086426e+01
   5.3704260e+06   3.3325195e+01
   5.3710260e+06   5.5908203e+01
   5.3757580e+06   3.2653809e+01
   5.3759020e+06   3.6254883e+01
   5.3808170e+06   4.0283203e+01
   5.3809330e+06   3.4606934e+01
   5.3813800e+06   5.4443359e+01
   5.3871680e+06   5.4687500e+01
   5.3873370e+06   6.0119629e+01
   5.3875430e+06   5.0476074e+01
   5.3879320e+06   3.3935547e+01
   5.3935250e+06   3.5217285e+01
   5.3936220e+06   5.7373047e+01
   5.3936930e+06   3.7902832e+01
   5.3937450e+06   3.4423828e+01
   5.3938480e+06   4.8156738e+01
   5.3940340e+06   6.1828613e+01
   5.4009700e+06   3.3386230e+01
   5.4011690e+06   5.6213379e+01
   5.4013030e+06   6.2072754e+01
   5.4013540e+06   3.2775879e+01
   5.4014130e+06   6.3354492e+01
   5.4014290e+06   3.3386230e+01
   5.4014680e+06   6.8176270e+01
   5.4015920e+06   4.0649414e+01
   5.4017750e+06   4.9377441e+01
   5.4019380e+06   4.5227051e+01
   5.4086190e+06   3.7780762e+01
   5.4087590e+06   6.0729980e+01
   5.4087700e+06   3.4484863e+01
   5.4089930e+06   4.8156738e+01
   5.4090100e+06   4.2053223e+01
   5.4092700e+06   4.7424316e+01
   5.4166740e+06   3.4118652e+01
   5.4167780e+06   5.7678223e+01
   5.4168720e+06   5.1879883e+01
   5.4169230e+06   3.2653809e+01
   5.4170320e+06   3.9550781e+01
   5.4170940e+06   5.9997559e+01
   5.4171610e+06   4.7424316e+01
   5.4173050e+06   3.6376953e+01
   5.4174220e+06   3.3630371e+01
   5.4175910e+06   4.4189453e+01
   5.4180360e+06   4.3457031e+01
   5.4229420e+06   3.4301758e+01
   5.4232100e+06   3.6499023e+01
   5.4302370e+06   3.2653809e+01
   5.4303020e+06   6.4270020e+01
   5.4303810e+06   4.3518066e+01
   5.4303950e+06   3.3447266e+01
   5.4304510e+06   5.2185059e+01
   5.4304690e+06   3.8879395e+01
   5.4305380e+06   4.0588379e+01
   5.4305700e+06   7.1289063e+01
   5.4306020e+06   3.4667969e+01
   5.4306440e+06   3.6621094e+01
   5.4307210e+06   4.1198730e+01
   5.4307600e+06   7.1716309e+01
   5.4307870e+06   3.3508301e+01
   5.4308600e+06   3.3142090e+01
   5.4310290e+06   5.2246094e+01
   5.4310790e+06   3.3447266e+01
   5.4431850e+06   3.7963867e+01
   5.4432630e+06   5.2978516e+01
   5.4433470e+06   4.1931152e+01
   5.4434900e+06   5.6518555e+01
   5.4436560e+06   4.0710449e+01
   5.4436770e+06   3.4667969e+01
   5.4439790e+06   5.4809570e+01
   5.4503910e+06   4.1015625e+01
   5.4505100e+06   5.6945801e+01
   5.4505220e+06   3.3996582e+01
   5.4506990e+06   3.8085938e+01
   5.4509070e+06   4.8217773e+01
   5.4510940e+06   5.8654785e+01
   5.4512820e+06   4.3945313e+01
   5.4515580e+06   3.3020020e+01
   5.4578030e+06   4.9377441e+01
   5.4578800e+06   4.8156738e+01
   5.4579920e+06   3.8635254e+01
   5.4582110e+06   4.6447754e+01
   5.4583140e+06   6.9458008e+01
   5.4662860e+06   6.3171387e+01
   5.4663480e+06   3.9611816e+01
   5.4663620e+06   4.7241211e+01
   5.4664290e+06   7.2937012e+01
   5.4664600e+06   3.3508301e+01
   5.4664710e+06   6.6040039e+01
   5.4665790e+06   5.6335449e+01
   5.4666090e+06   6.2744141e+01
   5.4667260e+06   3.6315918e+01
   5.4668110e+06   6.5490723e+01
   5.4669100e+06   3.8696289e+01
   5.4669340e+06   3.4973145e+01
   5.4670030e+06   3.2714844e+01
   5.4677130e+06   3.4362793e+01
   5.4750290e+06   3.3874512e+01
   5.4750990e+06   5.2917480e+01
   5.4751660e+06   3.5156250e+01
   5.4751890e+06   4.5959473e+01
   5.4753580e+06   3.9916992e+01
   5.4753730e+06   5.9143066e+01
   5.4755040e+06   5.8837891e+01
   5.4756190e+06   4.4616699e+01
   5.4760240e+06   4.2114258e+01
   5.4834350e+06   3.5644531e+01
   5.4835000e+06   5.7312012e+01
   5.4835710e+06   6.7138672e+01
   5.4835810e+06   5.6335449e+01
   5.4836630e+06   3.7963867e+01
   5.4837050e+06   7.5195313e+01
   5.4838380e+06   3.3447266e+01
   5.4838520e+06   5.4565430e+01
   5.4839980e+06   3.5461426e+01
   5.4841130e+06   5.7250977e+01
   5.4843000e+06   3.7292480e+01
   5.4934530e+06   4.2785645e+01
   5.4935050e+06   6.0485840e+01
   5.4935670e+06   7.0129395e+01
   5.4936650e+06   5.8044434e+01
   5.4936960e+06   6.0424805e+01
   5.4937800e+06   3.9306641e+01
   5.4938110e+06   6.1035156e+01
   5.4939190e+06   5.2429199e+01
   5.4939610e+06   3.6804199e+01
   5.4940390e+06   3.3630371e+01
   5.4942330e+06   5.8166504e+01
   5.4942780e+06   4.4921875e+01
   5.4942910e+06   3.2897949e+01
   5.4947080e+06   4.3640137e+01
   5.4951790e+06   3.3813477e+01
   5.5040780e+06   5.7373047e+01
   5.5041580e+06   4.7912598e+01
   5.5041700e+06   5.7800293e+01
   5.5041920e+06   3.5278320e+01
   5.5042560e+06   4.2541504e+01
   5.5042850e+06   3.2409668e+01
   5.5043290e+06   7.0373535e+01
   5.5043780e+06   4.1870117e+01
   5.5045180e+06   3.4057617e+01
   5.5045390e+06   3.8024902e+01
   5.5124300e+06   3.6254883e+01
   5.5124600e+06   5.4687500e+01
   5.5125360e+06   5.2734375e+01
   5.5126520e+06   4.5532227e+01
   5.5127380e+06   7.1655273e+01
   5.5127710e+06   4.9682617e+01
   5.5129630e+06   6.7687988e+01
   5.5136170e+06   3.6560059e+01
   5.5212160e+06   5.4687500e+01
   5.5212710e+06   3.5827637e+01
   5.5212920e+06   4.4433594e+01
   5.5214330e+06   3.9184570e+01
   5.5214660e+06   6.4941406e+01
   5.5215230e+06   3.5705566e+01
   5.5215480e+06   4.5654297e+01
   5.5215710e+06   3.2531738e+01
   5.5217600e+06   4.3457031e+01
   5.5218380e+06   3.2653809e+01
   5.5223490e+06   3.7902832e+01
   5.5291310e+06   5.2429199e+01
   5.5291960e+06   3.3020020e+01
   5.5292180e+06   5.3833008e+01
   5.5292620e+06   3.2470703e+01
   5.5293440e+06   4.1687012e+01
   5.5293610e+06   6.7871094e+01
   5.5294160e+06   3.5095215e+01
   5.5296210e+06   3.9550781e+01
   5.5364480e+06   4.7790527e+01
   5.5364860e+06   5.2307129e+01
   5.5365610e+06   3.7475586e+01
   5.5367190e+06   4.3029785e+01
   5.5367400e+06   3.2836914e+01
   5.5368250e+06   3.5644531e+01
   5.5368520e+06   3.8696289e+01
   5.5368920e+06   5.4138184e+01
   5.5370330e+06   5.1269531e+01
   5.5371540e+06   3.5217285e+01
   5.5371940e+06   3.6010742e+01
   5.5447350e+06   3.5034180e+01
   5.5447510e+06   3.3081055e+01
   5.5447730e+06   7.1899414e+01
   5.5448450e+06   5.2062988e+01
   5.5449170e+06   6.2927246e+01
   5.5449540e+06   4.1870117e+01
   5.5449680e+06   3.5827637e+01
   5.5450140e+06   5.9631348e+01
   5.5450640e+06   4.0344238e+01
   5.5451150e+06   5.3527832e+01
   5.5451470e+06   3.4423828e+01
   5.5451920e+06   3.9123535e+01
   5.5452060e+06   4.3273926e+01
   5.5452430e+06   3.3020020e+01
   5.5453070e+06   3.6987305e+01
   5.5455350e+06   4.2358398e+01
   5.5542580e+06   6.0180664e+01
   5.5543140e+06   3.3996582e+01
   5.5543340e+06   3.6437988e+01
   5.5543680e+06   6.4086914e+01
   5.5544350e+06   4.3151855e+01
   5.5544500e+06   3.8269043e+01
   5.5545170e+06   4.4799805e+01
   5.5545320e+06   3.6376953e+01
   5.5545530e+06   3.5522461e+01
   5.5546440e+06   6.1828613e+01
   5.5547360e+06   4.3151855e+01
   5.5548930e+06   4.1442871e+01
   5.5551740e+06   3.2531738e+01
   5.5553490e+06   3.4790039e+01
   5.5635120e+06   3.4912109e+01
   5.5635420e+06   5.4687500e+01
   5.5636280e+06   5.6701660e+01
   5.5637030e+06   4.9377441e+01
   5.5637560e+06   4.1992188e+01
   5.5638250e+06   6.1401367e+01
   5.5639080e+06   4.7973633e+01
   5.5640230e+06   4.7790527e+01
   5.5640760e+06   3.7963867e+01
   5.5737610e+06   6.5917969e+01
   5.5738300e+06   4.0527344e+01
   5.5738800e+06   5.3588867e+01
   5.5739540e+06   5.2001953e+01
   5.5739970e+06   4.6508789e+01
   5.5740420e+06   4.7790527e+01
   5.5740960e+06   3.9367676e+01
   5.5741450e+06   5.9448242e+01
   5.5741560e+06   4.0283203e+01
   5.5742190e+06   3.3935547e+01
   5.5743130e+06   4.7485352e+01
   5.5744210e+06   3.6926270e+01
   5.5744500e+06   3.6743164e+01
   5.5745860e+06   4.4128418e+01
   5.5746620e+06   4.2541504e+01
   5.5747100e+06   3.5400391e+01
   5.5748190e+06   4.0771484e+01
   5.5750270e+06   3.5766602e+01
   5.5750410e+06   3.7780762e+01
   5.5754880e+06   4.2907715e+01
   5.5845550e+06   6.6040039e+01
   5.5846360e+06   3.8635254e+01
   5.5847910e+06   4.8095703e+01
   5.5848150e+06   3.8269043e+01
   5.5848920e+06   5.4077148e+01
   5.5852120e+06   3.3508301e+01
   5.5947330e+06   3.9489746e+01
   5.5947550e+06   5.8471680e+01
   5.5948370e+06   4.8767090e+01
   5.5948670e+06   6.2072754e+01
   5.5949260e+06   3.5949707e+01
   5.5949580e+06   6.8481445e+01
   5.5949840e+06   3.5156250e+01
   5.5950070e+06   4.8400879e+01
   5.5950430e+06   5.2673340e+01
   5.5950530e+06   3.5156250e+01
   5.5950990e+06   3.6499023e+01
   5.5951250e+06   4.5532227e+01
   5.5952040e+06   3.3630371e+01
   5.5952250e+06   4.6447754e+01
   5.5953850e+06   3.8513184e+01
   5.5955930e+06   3.7231445e+01
   5.5957360e+06   4.3151855e+01
   5.5959910e+06   4.4128418e+01
   5.5960560e+06   3.6132813e+01
   5.6058260e+06   3.7475586e+01
   5.6058510e+06   5.8166504e+01
   5.6059160e+06   3.3935547e+01
   5.6059360e+06   3.4973145e+01
   5.6059670e+06   5.6701660e+01
   5.6059930e+06   3.2592773e+01
   5.6060540e+06   6.7260742e+01
   5.6061610e+06   6.7260742e+01
   5.6062100e+06   3.4545898e+01
   5.6062810e+06   3.3508301e+01
   5.6063070e+06   4.6569824e+01
   5.6063400e+06   3.9367676e+01
   5.6065860e+06   3.6804199e+01
   5.6066170e+06   3.7963867e+01
   5.6067880e+06   3.9428711e+01
   5.6071020e+06   4.4799805e+01
   5.6164310e+06   3.3691406e+01
   5.6164410e+06   6.1462402e+01
   5.6165130e+06   4.4616699e+01
   5.6165250e+06   6.1462402e+01
   5.6165500e+06   3.2531738e+01
   5.6166150e+06   5.0048828e+01
   5.6167230e+06   5.1757813e+01
   5.6167460e+06   3.7719727e+01
   5.6168330e+06   7.0556641e+01
   5.6168770e+06   3.2592773e+01
   5.6169600e+06   3.7536621e+01
   5.6169900e+06   5.7800293e+01
   5.6170950e+06   3.2592773e+01
   5.6171420e+06   4.0588379e+01
   5.6172150e+06   4.0466309e+01
   5.6174640e+06   3.3508301e+01
   5.6276370e+06   3.9733887e+01
   5.6276500e+06   5.6884766e+01
   5.6277190e+06   3.9978027e+01
   5.6277350e+06   3.3874512e+01
   5.6277660e+06   5.7556152e+01
   5.6278080e+06   3.6254883e+01
   5.6278370e+06   3.3874512e+01
   5.6278540e+06   5.3527832e+01
   5.6278790e+06   3.4423828e+01
   5.6279040e+06   3.2470703e+01
   5.6279310e+06   3.4667969e+01
   5.6279410e+06   5.5908203e+01
   5.6279880e+06   3.4790039e+01
   5.6280010e+06   4.3151855e+01
   5.6281000e+06   3.5461426e+01
   5.6281300e+06   4.7973633e+01
   5.6282110e+06   4.4311523e+01
   5.6283460e+06   4.1931152e+01
   5.6283590e+06   4.1381836e+01
   5.6284690e+06   3.4973145e+01
   5.6285820e+06   4.4738770e+01
   5.6288480e+06   3.2653809e+01
   5.6289710e+06   3.7963867e+01
   5.6290440e+06   3.7231445e+01
   5.6291710e+06   5.5175781e+01
   5.6293710e+06   3.4545898e+01
   5.6355490e+06   3.2714844e+01
   5.6355800e+06   4.8950195e+01
   5.6437400e+06   5.5786133e+01
   5.6438080e+06   8.9477539e+01
   5.6438990e+06   5.5786133e+01
   5.6439250e+06   5.3283691e+01
   5.6439700e+06   4.2297363e+01
   5.6439890e+06   5.3588867e+01
   5.6441040e+06   4.0222168e+01
   5.6542630e+06   6.0180664e+01
   5.6542970e+06   3.4851074e+01
   5.6543300e+06   3.3386230e+01
   5.6543440e+06   6.0791016e+01
   5.6543570e+06   3.4057617e+01
   5.6544170e+06   3.3935547e+01
   5.6544560e+06   3.3935547e+01
   5.6545260e+06   4.0222168e+01
   5.6545370e+06   3.9916992e+01
   5.6546400e+06   4.6020508e+01
   5.6546620e+06   3.4790039e+01
   5.6547390e+06   4.7363281e+01
   5.6547870e+06   3.4545898e+01
   5.6548380e+06   4.1076660e+01
   5.6552880e+06   4.1687012e+01
   5.6556270e+06   4.3579102e+01
   5.6640070e+06   3.5705566e+01
   5.6640310e+06   5.2734375e+01
   5.6641080e+06   5.5053711e+01
   5.6641310e+06   7.4340820e+01
   5.6642040e+06   3.2531738e+01
   5.6642280e+06   5.5419922e+01
   5.6642630e+06   3.3386230e+01
   5.6643190e+06   5.3894043e+01
   5.6643510e+06   3.7780762e+01
   5.6644220e+06   4.0893555e+01
   5.6644400e+06   4.4189453e+01
   5.6645620e+06   4.5654297e+01
   5.6648060e+06   4.3395996e+01
   5.6650780e+06   4.2236328e+01
   5.6738970e+06   7.0800781e+01
   5.6739530e+06   6.9458008e+01
   5.6739870e+06   4.4433594e+01
   5.6740420e+06   5.2246094e+01
   5.6740940e+06   4.5898438e+01
   5.6741100e+06   4.5288086e+01
   5.6742290e+06   6.1401367e+01
   5.6743160e+06   4.3029785e+01
   5.6744850e+06   4.1442871e+01
   5.6745220e+06   4.3518066e+01
   5.6746770e+06   4.4067383e+01
   5.6748270e+06   4.1564941e+01
   5.6836710e+06   5.2978516e+01
   5.6837450e+06   3.5156250e+01
   5.6837720e+06   3.6071777e+01
   5.6838240e+06   6.4025879e+01
   5.6838410e+06   3.6254883e+01
   5.6838690e+06   3.9245605e+01
   5.6839070e+06   4.4799805e+01
   5.6839950e+06   3.3203125e+01
   5.6840180e+06   4.4433594e+01
   5.6841550e+06   4.4189453e+01
   5.6844710e+06   4.7302246e+01
   5.6933230e+06   5.6518555e+01
   5.6933550e+06   3.2470703e+01
   5.6933910e+06   3.7048340e+01
   5.6934040e+06   6.0241699e+01
   5.6934310e+06   3.7353516e+01
   5.6934770e+06   4.3334961e+01
   5.6935050e+06   5.0781250e+01
   5.6935740e+06   3.5583496e+01
   5.6936040e+06   4.1442871e+01
   5.6937000e+06   4.1687012e+01
   5.6937210e+06   3.8330078e+01
   5.6939270e+06   4.7668457e+01
   5.6939570e+06   3.7109375e+01
   5.6942450e+06   4.5593262e+01
   5.6942630e+06   3.7963867e+01
   5.7039820e+06   5.4138184e+01
   5.7040250e+06   5.7495117e+01
   5.7040440e+06   4.6936035e+01
   5.7040810e+06   3.8513184e+01
   5.7041170e+06   5.8471680e+01
   5.7041920e+06   4.4799805e+01
   5.7042090e+06   3.3020020e+01
   5.7042810e+06   4.4311523e+01
   5.7043180e+06   3.2409668e+01
   5.7044310e+06   3.9245605e+01
   5.7045750e+06   4.5654297e+01
   5.7046010e+06   3.5705566e+01
   5.7047140e+06   4.5410156e+01
   5.7047400e+06   4.3518066e+01
   5.7050260e+06   4.0954590e+01
   5.7052300e+06   3.4057617e+01
   5.7054690e+06   3.3020020e+01
   5.7057080e+06   3.4973145e+01
   5.7062840e+06   3.5766602e+01
   5.7069250e+06   3.7231445e+01
   5.7147310e+06   5.9265137e+01
   5.7147480e+06   5.4992676e+01
   5.7148070e+06   4.3334961e+01
   5.7148730e+06   4.7363281e+01
   5.7149160e+06   4.0588379e+01
   5.7149550e+06   3.5400391e+01
   5.7149880e+06   4.6264648e+01
   5.7150170e+06   3.2409668e+01
   5.7152790e+06   3.4851074e+01
   5.7262450e+06   5.5725098e+01
   5.7262910e+06   4.9499512e+01
   5.7263070e+06   3.8757324e+01
   5.7263670e+06   4.0161133e+01
   5.7263870e+06   3.2897949e+01
   5.7264150e+06   3.3935547e+01
   5.7264350e+06   3.4912109e+01
   5.7264810e+06   4.0161133e+01
   5.7265320e+06   4.9682617e+01
   5.7266650e+06   3.7719727e+01
   5.7267710e+06   3.4301758e+01
   5.7267960e+06   3.6437988e+01
   5.7268930e+06   3.5766602e+01
   5.7269070e+06   3.5888672e+01
   5.7270730e+06   3.2653809e+01
   5.7270970e+06   3.3508301e+01
   5.7272480e+06   3.9062500e+01
   5.7276510e+06   3.8024902e+01
   5.7284130e+06   3.5278320e+01
   5.7374220e+06   4.8645020e+01
   5.7374380e+06   6.9152832e+01
   5.7374900e+06   4.1564941e+01
   5.7375100e+06   3.5888672e+01
   5.7375820e+06   4.3457031e+01
   5.7376880e+06   5.5419922e+01
   5.7377330e+06   3.8269043e+01
   5.7379690e+06   5.1147461e+01
   5.7467310e+06   3.7963867e+01
   5.7468080e+06   6.2500000e+01
   5.7468250e+06   5.1818848e+01
   5.7468530e+06   4.3334961e+01
   5.7468870e+06   3.4484863e+01
   5.7469060e+06   3.6376953e+01
   5.7469730e+06   3.4851074e+01
   5.7469860e+06   4.9438477e+01
   5.7471100e+06   3.6499023e+01
   5.7473580e+06   3.3264160e+01
   5.7473950e+06   3.4973145e+01
   5.7474100e+06   5.0415039e+01
   5.7570760e+06   3.4179688e+01
   5.7570900e+06   1.0424805e+02
   5.7571450e+06   3.3569336e+01
   5.7571550e+06   4.1870117e+01
   5.7571660e+06   5.3283691e+01
   5.7572580e+06   4.8339844e+01
   5.7572760e+06   3.6071777e+01
   5.7572990e+06   3.3203125e+01
   5.7573750e+06   5.4260254e+01
   5.7574830e+06   5.4992676e+01
   5.7576680e+06   5.0537109e+01
   5.7578950e+06   5.2307129e+01
   5.7580930e+06   4.5715332e+01
   5.7584660e+06   4.1442871e+01
   5.7685040e+06   3.2836914e+01
   5.7685220e+06   5.8593750e+01
   5.7685420e+06   6.1645508e+01
   5.7685860e+06   4.0710449e+01
   5.7686100e+06   4.0100098e+01
   5.7686610e+06   3.7109375e+01
   5.7686880e+06   4.1320801e+01
   5.7687010e+06   3.5217285e+01
   5.7687810e+06   4.7058105e+01
   5.7688810e+06   3.4851074e+01
   5.7689650e+06   3.2653809e+01
   5.7690640e+06   4.4921875e+01
   5.7690800e+06   5.2856445e+01
   5.7692550e+06   4.3212891e+01
   5.7694070e+06   4.9621582e+01
   5.7695840e+06   4.2541504e+01
   5.7699540e+06   4.5104980e+01
   5.7788200e+06   3.2897949e+01
   5.7788650e+06   5.8288574e+01
   5.7788830e+06   4.4006348e+01
   5.7789090e+06   4.1015625e+01
   5.7789350e+06   4.8278809e+01
   5.7789990e+06   4.5593262e+01
   5.7790170e+06   3.8208008e+01
   5.7790680e+06   3.7292480e+01
   5.7791150e+06   4.7851563e+01
   5.7791350e+06   3.7780762e+01
   5.7792860e+06   4.2785645e+01
   5.7794990e+06   4.1503906e+01
   5.7798360e+06   3.7414551e+01
   5.7911840e+06   5.6823730e+01
   5.7912210e+06   6.3842773e+01
   5.7912670e+06   4.7607422e+01
   5.7912970e+06   3.6682129e+01
   5.7913460e+06   3.3447266e+01
   5.7913820e+06   4.1931152e+01
   5.7914180e+06   3.3569336e+01
   5.7914380e+06   4.0832520e+01
   5.7914820e+06   3.7475586e+01
   5.7916130e+06   5.6762695e+01
   5.7917580e+06   3.5827637e+01
   5.7918040e+06   3.3996582e+01
   5.7919330e+06   3.8269043e+01
   5.7926490e+06   3.2653809e+01
   5.7965040e+06   3.3081055e+01
   5.8052750e+06   7.2326660e+01
   5.8052870e+06   6.1645508e+01
   5.8053400e+06   4.3334961e+01
   5.8053680e+06   4.9255371e+01
   5.8054180e+06   5.2001953e+01
   5.8054610e+06   4.1259766e+01
   5.8055450e+06   4.6203613e+01
   5.8055960e+06   3.6132813e+01
   5.8057260e+06   3.3691406e+01
   5.8062140e+06   3.5034180e+01
   5.8170280e+06   3.6560059e+01
   5.8170620e+06   6.6955566e+01
   5.8170820e+06   6.2866211e+01
   5.8171380e+06   4.6386719e+01
   5.8171560e+06   5.2246094e+01
   5.8171980e+06   3.8574219e+01
   5.8172260e+06   5.4260254e+01
   5.8172700e+06   3.5705566e+01
   5.8173200e+06   3.4545898e+01
   5.8173520e+06   4.4006348e+01
   5.8173660e+06   3.8269043e+01
   5.8174620e+06   4.1931152e+01
   5.8175080e+06   3.3386230e+01
   5.8176490e+06   4.4799805e+01
   5.8178750e+06   3.3935547e+01
   5.8181700e+06   3.9855957e+01
   5.8284240e+06   6.3720703e+01
   5.8284460e+06   6.0302734e+01
   5.8284830e+06   6.0791016e+01
   5.8284950e+06   4.0954590e+01
   5.8285230e+06   4.4921875e+01
   5.8285450e+06   4.1564941e+01
   5.8285990e+06   3.3935547e+01
   5.8286140e+06   4.4860840e+01
   5.8287190e+06   4.6875000e+01
   5.8287310e+06   3.7658691e+01
   5.8288870e+06   4.3029785e+01
   5.8289130e+06   3.6315918e+01
   5.8293270e+06   3.5095215e+01
   5.8295160e+06   3.2592773e+01
   5.8298280e+06   3.2775879e+01
   5.8401380e+06   8.2824707e+01
   5.8402180e+06   5.8654785e+01
   5.8402380e+06   4.4799805e+01
   5.8402710e+06   4.0954590e+01
   5.8402950e+06   4.8889160e+01
   5.8403320e+06   4.6691895e+01
   5.8404230e+06   3.2836914e+01
   5.8405430e+06   4.8339844e+01
   5.8405660e+06   3.4667969e+01
   5.8406990e+06   3.5949707e+01
   5.8409100e+06   3.5827637e+01
   5.8410480e+06   4.0710449e+01
   5.8423980e+06   3.7170410e+01
   5.8530480e+06   6.2927246e+01
   5.8530840e+06   6.2927246e+01
   5.8531210e+06   3.8208008e+01
   5.8531320e+06   5.7189941e+01
   5.8531840e+06   3.3813477e+01
   5.8532030e+06   4.4860840e+01
   5.8532180e+06   4.0039063e+01
   5.8533220e+06   6.9335938e+01
   5.8534490e+06   3.6254883e+01
   5.8536180e+06   3.5827637e+01
   5.8538770e+06   3.7292480e+01
   5.8559050e+06   3.4423828e+01
   5.8663130e+06   4.6691895e+01
   5.8663230e+06   4.8461914e+01
   5.8664030e+06   6.7260742e+01
   5.8665050e+06   3.9245605e+01
   5.8666730e+06   4.0100098e+01
   5.8669650e+06   4.2480469e+01
   5.8672400e+06   3.9855957e+01
   5.8791910e+06   3.3996582e+01
   5.8792120e+06   6.0668945e+01
   5.8792310e+06   5.6701660e+01
   5.8792790e+06   4.3762207e+01
   5.8793510e+06   5.2673340e+01
   5.8793680e+06   7.6477051e+01
   5.8794990e+06   3.8940430e+01
   5.8796340e+06   4.9987793e+01
   5.8797010e+06   4.7058105e+01
   5.8798650e+06   3.5766602e+01
   5.8800080e+06   3.7109375e+01
   5.8804420e+06   3.6621094e+01
   5.8930330e+06   6.0791016e+01
   5.8930600e+06   7.1594238e+01
   5.8931050e+06   4.7302246e+01
   5.8931450e+06   4.0039063e+01
   5.8931740e+06   3.4484863e+01
   5.8931960e+06   4.1687012e+01
   5.8932200e+06   4.4982910e+01
   5.8932710e+06   3.2531738e+01
   5.8933040e+06   4.1137695e+01
   5.8933540e+06   4.4677734e+01
   5.8934270e+06   3.6071777e+01
   5.8936020e+06   3.2653809e+01
   5.8940540e+06   3.2592773e+01
   5.8945610e+06   3.3874512e+01
   5.8947860e+06   3.2592773e+01
   5.8958010e+06   4.5654297e+01
   5.9075040e+06   3.4362793e+01
   5.9075310e+06   4.5898438e+01
   5.9075910e+06   4.1442871e+01
   5.9076030e+06   4.9621582e+01
   5.9077050e+06   4.2297363e+01
   5.9077530e+06   3.8085938e+01
   5.9078480e+06   4.2297363e+01
   5.9079320e+06   6.2927246e+01
   5.9080190e+06   3.4301758e+01
   5.9082290e+06   4.7729492e+01
   5.9083900e+06   4.9926758e+01
   5.9087240e+06   3.3630371e+01
   5.9088660e+06   3.6010742e+01
   5.9221360e+06   4.7851563e+01
   5.9222090e+06   5.0781250e+01
   5.9223050e+06   3.2470703e+01
   5.9224270e+06   3.6254883e+01
   5.9226040e+06   3.3203125e+01
   5.9226370e+06   4.2846680e+01
   5.9228070e+06   3.3447266e+01
   5.9231180e+06   3.4179688e+01
   5.9232920e+06   3.6560059e+01
   5.9238280e+06   3.3813477e+01
   5.9371400e+06   5.5297852e+01
   5.9371950e+06   5.3405762e+01
   5.9372150e+06   5.1940918e+01
   5.9372400e+06   5.0781250e+01
   5.9372960e+06   4.0161133e+01
   5.9373910e+06   4.2175293e+01
   5.9374130e+06   4.0710449e+01
   5.9375460e+06   3.8330078e+01
   5.9376960e+06   3.3691406e+01
   5.9378490e+06   3.3813477e+01
   5.9379700e+06   3.3874512e+01
   5.9532090e+06   5.1269531e+01
   5.9532870e+06   4.4921875e+01
   5.9533170e+06   4.6936035e+01
   5.9533420e+06   3.3142090e+01
   5.9533740e+06   3.9184570e+01
   5.9534750e+06   3.6682129e+01
   5.9536030e+06   3.4545898e+01
   5.9537700e+06   3.5217285e+01
   5.9539520e+06   4.3823242e+01
   5.9542020e+06   3.7902832e+01
   5.9563860e+06   3.4790039e+01
   5.9664030e+06   5.6030273e+01
   5.9664830e+06   4.1809082e+01
   5.9665720e+06   3.5461426e+01
   5.9667790e+06   3.3996582e+01
   5.9672020e+06   4.1870117e+01
   5.9674790e+06   3.5461426e+01
   5.9676460e+06   3.2653809e+01
   5.9678540e+06   3.6071777e+01
   5.9681480e+06   3.3752441e+01
   5.9794640e+06   3.9550781e+01
   5.9795470e+06   4.3701172e+01
   5.9796630e+06   3.4118652e+01
   5.9797960e+06   3.6926270e+01
   5.9801910e+06   4.1809082e+01
   5.9929240e+06   5.0415039e+01
   5.9930020e+06   4.9072266e+01
   5.9930810e+06   3.9245605e+01
   5.9932670e+06   3.7841797e+01
   5.9934850e+06   3.2409668e+01
   5.9936530e+06   3.6987305e+01
   5.9941160e+06   3.3081055e+01
   5.9967640e+06   3.5522461e+01
   6.0066190e+06   5.9631348e+01
   6.0066900e+06   4.0954590e+01
   6.0067850e+06   3.4057617e+01
   6.0069120e+06   4.1503906e+01
   6.0210380e+06   5.4199219e+01
   6.0211200e+06   3.8818359e+01
   6.0212180e+06   3.4423828e+01
   6.0213260e+06   3.7841797e+01
   6.0217400e+06   3.6376953e+01
   6.0369100e+06   5.8837891e+01
   6.0369860e+06   4.6936035e+01
   6.0370740e+06   3.8696289e+01
   6.0371920e+06   3.8024902e+01
   6.0373110e+06   3.5522461e+01
   6.0374390e+06   4.4311523e+01
   6.0603000e+06   5.7861328e+01
   6.0603740e+06   6.0852051e+01
   6.0604450e+06   4.0344238e+01
   6.0605880e+06   3.2958984e+01
   6.0608280e+06   3.3508301e+01
   6.0762090e+06   5.5358887e+01
   6.0763430e+06   4.1381836e+01
   6.0765080e+06   3.4973145e+01
   6.0769580e+06   3.4118652e+01
   6.0771500e+06   3.2958984e+01
   6.0880770e+06   4.2236328e+01
   6.0882810e+06   4.1503906e+01
   6.0884250e+06   3.4057617e+01
   6.0997210e+06   4.8461914e+01
   6.0999170e+06   4.3395996e+01
   6.0999410e+06   3.3813477e+01
   6.1000580e+06   3.6071777e+01
   6.1002470e+06   3.3264160e+01
   6.1118500e+06   5.4687500e+01
   6.1119620e+06   3.9428711e+01
   6.1121300e+06   3.5034180e+01
   6.1122450e+06   3.4118652e+01
   6.1229540e+06   4.8339844e+01
   6.1231690e+06   4.4677734e+01
   6.1233170e+06   3.3264160e+01
   6.1234700e+06   4.0771484e+01
   6.1338670e+06   4.2419434e+01
   6.1340190e+06   3.9550781e+01
   6.1341860e+06   4.0161133e+01
   6.1343270e+06   3.4912109e+01
   6.1446460e+06   4.6691895e+01
   6.1448570e+06   4.3029785e+01
   6.1450170e+06   3.7353516e+01
   6.1554890e+06   4.2907715e+01
   6.1556480e+06   4.1320801e+01
   6.1558360e+06   4.9316406e+01
   6.1560010e+06   3.6071777e+01
   6.1566530e+06   3.5156250e+01
   6.1665310e+06   4.9011230e+01
   6.1666590e+06   4.4128418e+01
   6.1668650e+06   4.1992188e+01
   6.1669960e+06   3.3935547e+01
   6.1792120e+06   4.9011230e+01
   6.1793410e+06   4.2236328e+01
   6.1794480e+06   3.4912109e+01
   6.1797690e+06   4.2236328e+01
   6.1799600e+06   3.7475586e+01
   6.1803630e+06   3.3874512e+01
   6.1910040e+06   4.7607422e+01
   6.1912430e+06   5.3527832e+01
   6.1914720e+06   3.9916992e+01
   6.1916170e+06   3.2775879e+01
   6.1917780e+06   3.6315918e+01
   6.1920370e+06   3.3691406e+01
   6.1922760e+06   3.3020020e+01
   6.2052220e+06   4.5166016e+01
   6.2053560e+06   4.2419434e+01
   6.2054940e+06   3.7353516e+01
   6.2057470e+06   5.1574707e+01
   6.2059020e+06   3.5949707e+01
   6.2060660e+06   3.6132813e+01
   6.2217190e+06   4.7607422e+01
   6.2218430e+06   5.1696777e+01
   6.2219530e+06   3.8085938e+01
   6.2221040e+06   3.6254883e+01
   6.2222410e+06   3.9916992e+01
   6.2225770e+06   3.4912109e+01
   6.2232640e+06   3.3569336e+01
   6.2371020e+06   5.2856445e+01
   6.2372310e+06   4.6997070e+01
   6.2373680e+06   4.6997070e+01
   6.2375260e+06   3.6743164e+01
   6.2376930e+06   3.8513184e+01
   6.2378280e+06   3.4240723e+01
   6.2378960e+06   3.8391113e+01
   6.2380110e+06   3.2775879e+01
   6.2513470e+06   5.0048828e+01
   6.2514530e+06   4.3701172e+01
   6.2515770e+06   3.9489746e+01
   6.2517170e+06   4.1198730e+01
   6.2519220e+06   3.6865234e+01
   6.2521300e+06   3.3386230e+01
   6.2525400e+06   3.3142090e+01
   6.2679630e+06   4.7119141e+01
   6.2680980e+06   4.7180176e+01
   6.2682490e+06   3.9062500e+01
   6.2683390e+06   3.5095215e+01
   6.2684660e+06   4.6203613e+01
   6.2685800e+06   4.1137695e+01
   6.2688300e+06   3.8391113e+01
   6.2691470e+06   3.4362793e+01
   6.2787300e+06   4.5776367e+01
   6.2797070e+06   5.2429199e+01
   6.2804240e+06   4.4677734e+01
   6.2861720e+06   4.9072266e+01
   6.2972800e+06   5.2124023e+01
   6.2974250e+06   4.6813965e+01
   6.2976210e+06   4.6325684e+01
   6.2979190e+06   5.2673340e+01
   6.2981200e+06   4.2114258e+01
   6.2983640e+06   3.7414551e+01
   6.2985150e+06   4.0893555e+01
   6.2987280e+06   3.3264160e+01
   6.2989650e+06   4.0100098e+01
   6.2991810e+06   3.3813477e+01
   6.2997590e+06   3.9672852e+01
   6.3073450e+06   4.5288086e+01
   6.3077320e+06   5.0292969e+01
   6.3198710e+06   4.6569824e+01
   6.3200910e+06   5.9631348e+01
   6.3204820e+06   4.9560547e+01
   6.3207140e+06   4.7851563e+01
   6.3209200e+06   4.3884277e+01
   6.3211210e+06   3.8513184e+01
   6.3213630e+06   3.5949707e+01
   6.3216600e+06   3.7536621e+01
   6.3290740e+06   5.4504395e+01
   6.3411590e+06   5.0842285e+01
   6.3415080e+06   5.7739258e+01
   6.3417470e+06   3.3142090e+01
   6.3591800e+06   6.6406250e+01
   6.3593830e+06   3.8635254e+01
   6.3594640e+06   5.6396484e+01
   6.3598200e+06   4.0954590e+01
   6.3598890e+06   5.7861328e+01
   6.3600270e+06   3.3020020e+01
   6.3601410e+06   4.7607422e+01
   6.3604490e+06   3.7414551e+01
   6.3607500e+06   3.8818359e+01
   6.3995730e+06   6.2500000e+01
   6.4071090e+06   5.7189941e+01
   6.4234400e+06   5.9875488e+01
   6.4236970e+06   3.5339355e+01
   6.4334400e+06   3.7475586e+01
   6.4438530e+06   3.2409668e+01
   6.4574070e+06   6.3720703e+01
   6.4575400e+06   3.9611816e+01
   6.4578000e+06   3.4667969e+01
   6.4862900e+06   5.6701660e+01
   6.4863890e+06   3.2836914e+01
   6.4868690e+06   4.3579102e+01
   6.4995990e+06   3.3203125e+01
   6.5161580e+06   3.3813477e+01
   6.5162070e+06   3.6560059e+01
   6.5165030e+06   4.2114258e+01
   6.5318960e+06   3.9978027e+01
   6.5324130e+06   3.6132813e+01
   6.5477290e+06   3.7536621e+01
   6.5485650e+06   3.6682129e+01
   6.5623770e+06   3.5278320e+01
   6.5627990e+06   3.5766602e+01
   6.5754770e+06   4.2480469e+01
   6.5757910e+06   3.5095215e+01
   6.5895760e+06   3.3142090e+01
   6.5899400e+06   3.4423828e+01
   6.6042650e+06   4.0283203e+01
   6.6046370e+06   3.2958984e+01
   6.6196420e+06   3.2775879e+01
   6.6200470e+06   4.3029785e+01
   6.6329660e+06   3.6926270e+01
   6.6481750e+06   3.7963867e+01
   6.6612810e+06   3.5827637e+01
   6.6750700e+06   4.0832520e+01
   6.6913530e+06   4.0039063e+01
   6.8328330e+06   3.8818359e+01
   6.8333920e+06   3.5400391e+01
   6.8335200e+06   4.3395996e+01
   6.8335990e+06   4.0222168e+01
   6.8336860e+06   3.4545898e+01
   6.8337580e+06   3.6315918e+01
   6.8338250e+06   3.2714844e+01
   7.0903140e+06   3.5156250e+01
   7.0905310e+06   3.9001465e+01
   7.0906130e+06   3.2836914e+01
   7.0906720e+06   3.4606934e+01
   7.0907280e+06   3.2531738e+01
   7.0907810e+06   4.8400879e+01
   7.0908860e+06   4.3457031e+01
   7.0910050e+06   3.5095215e+01
   7.0910330e+06   7.3669434e+01
   7.0910770e+06   3.2409668e+01
   7.1313010e+06   3.5400391e+01
   7.1480090e+06   4.3212891e+01
   7.1483640e+06   3.6987305e+01
   7.1487280e+06   5.9875488e+01
   7.1487980e+06   3.5339355e+01
   7.1489960e+06   4.1076660e+01
   7.1490060e+06   5.6579590e+01
   7.1490950e+06   3.9001465e+01
   7.1491430e+06   4.3273926e+01
   7.1491590e+06   3.6071777e+01
   7.1492540e+06   3.8269043e+01
   7.1493780e+06   3.7170410e+01
   7.1584900e+06   3.4729004e+01
   7.1588300e+06   3.3325195e+01
   7.1696970e+06   3.9428711e+01
   7.1698070e+06   4.9926758e+01
   7.1698570e+06   4.3884277e+01
   7.1700200e+06   4.7363281e+01
   7.1709890e+06   3.3081055e+01
   7.1713360e+06   3.8269043e+01
   7.1809100e+06   3.5644531e+01
   7.1810600e+06   5.5908203e+01
   7.1810810e+06   3.5034180e+01
   7.1811610e+06   4.5959473e+01
   7.1814810e+06   3.7597656e+01
   7.1815910e+06   4.5227051e+01
   7.1817500e+06   3.4912109e+01
   7.1817750e+06   3.9123535e+01
   7.1820450e+06   3.2897949e+01
   7.1910030e+06   3.4362793e+01
   7.1911150e+06   5.0842285e+01
   7.1911860e+06   3.8757324e+01
   7.1913400e+06   3.5827637e+01
   7.1916200e+06   4.1259766e+01
   7.1916360e+06   3.3996582e+01
   7.1917400e+06   3.4423828e+01
   7.1918490e+06   3.3325195e+01
   7.1921700e+06   3.3020020e+01
   7.1922620e+06   3.7780762e+01
   7.1927280e+06   3.3142090e+01
   7.2004830e+06   3.5156250e+01
   7.2005850e+06   4.2907715e+01
   7.2006270e+06   3.3569336e+01
   7.2008430e+06   3.4362793e+01
   7.2009920e+06   3.6926270e+01
   7.2011420e+06   3.6865234e+01
   7.2012440e+06   4.4555664e+01
   7.2015730e+06   3.7475586e+01
   7.2089870e+06   3.3264160e+01
   7.2091060e+06   5.0781250e+01
   7.2091390e+06   3.6132813e+01
   7.2091790e+06   3.6376953e+01
   7.2093780e+06   3.8024902e+01
   7.2096300e+06   3.8757324e+01
   7.2098010e+06   3.9306641e+01
   7.2183020e+06   4.4189453e+01
   7.2183900e+06   3.7536621e+01
   7.2184350e+06   3.4362793e+01
   7.2184480e+06   3.8635254e+01
   7.2185320e+06   3.2775879e+01
   7.2186620e+06   3.8513184e+01
   7.2188050e+06   3.2653809e+01
   7.2188220e+06   3.2836914e+01
   7.2189420e+06   3.5827637e+01
   7.2191280e+06   3.3874512e+01
   7.2199280e+06   4.0832520e+01
   7.2269390e+06   3.2470703e+01
   7.2270440e+06   3.8513184e+01
   7.2270960e+06   3.7170410e+01
   7.2272320e+06   5.0720215e+01
   7.2274170e+06   3.3508301e+01
   7.2277300e+06   3.3752441e+01
   7.2356230e+06   3.6376953e+01
   7.2357120e+06   4.4433594e+01
   7.2359060e+06   4.1381836e+01
   7.2359710e+06   3.7719727e+01
   7.2360050e+06   3.8574219e+01
   7.2361180e+06   3.4729004e+01
   7.2436100e+06   3.3081055e+01
   7.2437510e+06   3.3203125e+01
   7.2440520e+06   3.4851074e+01
   7.2442790e+06   3.2470703e+01
   7.2443160e+06   3.5705566e+01
   7.2521350e+06   3.5644531e+01
   7.2522130e+06   4.4311523e+01
   7.2523570e+06   4.3884277e+01
   7.2525050e+06   3.3569336e+01
   7.2526690e+06   3.5949707e+01
   7.2531800e+06   3.6010742e+01
   7.2608670e+06   3.4729004e+01
   7.2610200e+06   3.5461426e+01
   7.2611060e+06   4.6386719e+01
   7.2611930e+06   3.6437988e+01
   7.2614480e+06   3.5217285e+01
   7.2615630e+06   3.2836914e+01
   7.2688930e+06   3.3203125e+01
   7.2689830e+06   3.4790039e+01
   7.2690540e+06   4.3823242e+01
   7.2695220e+06   3.7292480e+01
   7.2767970e+06   3.8391113e+01
   7.2769340e+06   4.3395996e+01
   7.2770790e+06   3.5217285e+01
   7.2772070e+06   3.2531738e+01
   7.2778890e+06   3.4729004e+01
   7.2847180e+06   3.4851074e+01
   7.2847330e+06   4.1931152e+01
   7.2848230e+06   5.2185059e+01
   7.2851560e+06   3.3142090e+01
   7.2921990e+06   4.2480469e+01
   7.2923000e+06   3.5644531e+01
   7.2924900e+06   4.4006348e+01
   7.2926620e+06   3.4362793e+01
   7.2930620e+06   4.3273926e+01
   7.2997060e+06   3.6376953e+01
   7.2997900e+06   3.3447266e+01
   7.2998170e+06   5.0476074e+01
   7.2999920e+06   4.1687012e+01
   7.3001830e+06   4.7912598e+01
   7.3080710e+06   3.3325195e+01
   7.3081370e+06   4.5166016e+01
   7.3083770e+06   3.2958984e+01
   7.3083870e+06   3.3996582e+01
   7.3084760e+06   3.5644531e+01
   7.3087100e+06   3.2470703e+01
   7.3087300e+06   3.5461426e+01
   7.3089770e+06   3.2897949e+01
   7.3091620e+06   3.2714844e+01
   7.3153590e+06   3.2836914e+01
   7.3154500e+06   3.6193848e+01
   7.3155910e+06   3.6315918e+01
   7.3224060e+06   5.0781250e+01
   7.3224790e+06   3.6071777e+01
   7.3225000e+06   3.4057617e+01
   7.3229140e+06   3.6560059e+01
   7.3231720e+06   3.3081055e+01
   7.3415570e+06   4.3640137e+01
   7.3481640e+06   3.8269043e+01
   7.3483400e+06   4.6691895e+01
   7.3484940e+06   3.5827637e+01
   7.3486250e+06   3.4729004e+01
   7.3487280e+06   3.5583496e+01
   7.3491370e+06   3.2592773e+01
   7.3603350e+06   3.2775879e+01
   7.3605760e+06   3.4973145e+01
   7.3675920e+06   4.9316406e+01
   7.3757670e+06   3.4057617e+01
   7.3759190e+06   3.9428711e+01
   7.3761210e+06   3.5339355e+01
   7.3763300e+06   3.7292480e+01
   7.3905560e+06   3.3081055e+01
   7.3909100e+06   3.6193848e+01
   7.3975960e+06   5.4992676e+01
   7.3976590e+06   3.3020020e+01
   7.4042370e+06   3.3081055e+01
   7.4049970e+06   3.3142090e+01
   7.4111010e+06   3.2531738e+01
   7.4199080e+06   4.6752930e+01
   7.4199770e+06   3.2470703e+01
   7.4200400e+06   5.8349609e+01
   7.4202470e+06   5.5175781e+01
   7.4202910e+06   4.1687012e+01
   7.4206230e+06   3.4484863e+01
   7.4206950e+06   5.4077148e+01
   7.4208310e+06   3.7414551e+01
   7.4447350e+06   3.6743164e+01
   7.4448900e+06   3.4362793e+01
   7.4538270e+06   3.3752441e+01
   7.4545010e+06   4.1381836e+01
   7.4628180e+06   3.3142090e+01
   7.4787230e+06   3.3264160e+01
   7.4787640e+06   3.4179688e+01
   7.4787770e+06   6.9702148e+01
   7.4950800e+06   3.3508301e+01
   7.5019890e+06   3.2531738e+01
   7.5117060e+06   3.5644531e+01
   7.5118440e+06   6.3964844e+01
   7.5119880e+06   6.3537598e+01
   7.5120510e+06   4.2053223e+01
   7.5214630e+06   3.2592773e+01
   7.5215860e+06   3.5766602e+01
   7.5217860e+06   3.2897949e+01
   7.5311100e+06   4.1442871e+01
   7.5498560e+06   3.6010742e+01
   7.5585020e+06   3.8635254e+01
   7.5586740e+06   3.4606934e+01
   7.5676170e+06   3.6010742e+01
   7.5680760e+06   5.4870605e+01
   7.5778720e+06   3.4118652e+01
   7.5779950e+06   3.5522461e+01
   7.5893950e+06   3.2958984e+01
   7.6111640e+06   3.3874512e+01
   7.6114990e+06   3.2714844e+01
   7.6115850e+06   6.3354492e+01
   7.6240040e+06   3.3020020e+01
   7.6243810e+06   5.7312012e+01
   7.6243950e+06   3.3081055e+01
   7.6351440e+06   3.4179688e+01
   7.6353040e+06   3.5278320e+01
   7.6356140e+06   3.5400391e+01
   7.6490900e+06   7.2204590e+01
   7.6631190e+06   3.4423828e+01
   7.6634640e+06   3.4484863e+01
   7.6636050e+06   3.7780762e+01
   7.6637640e+06   4.8461914e+01
   7.6752820e+06   3.3081055e+01
   7.6754680e+06   3.2592773e+01
   7.6756570e+06   3.3081055e+01
   7.6760850e+06   3.3935547e+01
   7.6762930e+06   3.4423828e+01
   7.6903440e+06   4.4006348e+01
   7.7047480e+06   3.7231445e+01
   7.7051310e+06   3.7170410e+01
   7.7239750e+06   3.5827637e+01
   7.7241960e+06   3.5217285e+01
   7.7448510e+06   3.5095215e+01
   7.7608580e+06   3.5827637e+01
   8.2778610e+06   4.0039063e+01
   8.2779990e+06   5.2978516e+01
   8.2780990e+06   4.3334961e+01
   8.2782270e+06   4.4799805e+01
   8.2782460e+06   3.3325195e+01
   8.2783080e+06   3.4118652e+01
   8.2784250e+06   3.3203125e+01
   8.2785510e+06   3.5522461e+01
   8.2787650e+06   3.3081055e+01
   8.2793740e+06   3.8940430e+01
   8.5688230e+06   4.7485352e+01
   8.5691770e+06   4.6386719e+01
   8.5693190e+06   3.4118652e+01
   8.5694320e+06   3.8635254e+01
   8.5694850e+06   3.4057617e+01
   8.5695650e+06   3.2897949e+01
   8.5695970e+06   4.8461914e+01
   8.5696890e+06   3.5156250e+01
   8.5697280e+06   6.3903809e+01
   8.5697690e+06   3.7902832e+01
   8.5699040e+06   3.8452148e+01
   8.5699350e+06   3.6987305e+01
   8.6289000e+06   3.6621094e+01
   8.6291510e+06   3.2653809e+01
   8.6293310e+06   3.9123535e+01
   8.6294370e+06   3.5705566e+01
   8.6294950e+06   4.2846680e+01
   8.6295090e+06   3.7414551e+01
   8.6295790e+06   4.0161133e+01
   8.6295900e+06   4.9194336e+01
   8.6297080e+06   3.9428711e+01
   8.6298990e+06   4.6203613e+01
   8.6300160e+06   3.4912109e+01
   8.6301890e+06   3.9855957e+01
   8.6303330e+06   3.2958984e+01
   8.6496930e+06   3.9489746e+01
   8.6499150e+06   3.8940430e+01
   8.6502050e+06   4.1015625e+01
   8.6504510e+06   4.0466309e+01
   8.6505350e+06   4.9072266e+01
   8.6506510e+06   5.0231934e+01
   8.6507690e+06   3.7292480e+01
   8.6509390e+06   3.3508301e+01
   8.6511850e+06   3.4301758e+01
   8.6653820e+06   3.3813477e+01
   8.6655510e+06   3.3752441e+01
   8.6657170e+06   3.2653809e+01
   8.6657820e+06   4.5227051e+01
   8.6658610e+06   3.8269043e+01
   8.6659180e+06   3.6132813e+01
   8.6660170e+06   3.6315918e+01
   8.6661040e+06   3.5217285e+01
   8.6662340e+06   3.4240723e+01
   8.6784720e+06   3.2897949e+01
   8.6784880e+06   4.4860840e+01
   8.6785300e+06   3.4790039e+01
   8.6786140e+06   4.6447754e+01
   8.6787350e+06   3.5766602e+01
   8.6789000e+06   3.6437988e+01
   8.6789960e+06   3.8330078e+01
   8.6793860e+06   3.4729004e+01
   8.6877430e+06   3.4729004e+01
   8.6878960e+06   4.0466309e+01
   8.6880170e+06   4.4311523e+01
   8.6880910e+06   3.2958984e+01
   8.6883880e+06   3.4118652e+01
   8.6886730e+06   3.3203125e+01
   8.6959440e+06   3.3325195e+01
   8.6961940e+06   4.3212891e+01
   8.6963470e+06   3.3142090e+01
   8.6964610e+06   3.3996582e+01
   8.7040520e+06   3.6621094e+01
   8.7041670e+06   3.6315918e+01
   8.7043430e+06   4.1198730e+01
   8.7044240e+06   3.7170410e+01
   8.7046100e+06   4.0344238e+01
   8.7137600e+06   4.7912598e+01
   8.7138700e+06   4.5654297e+01
   8.7140350e+06   3.6010742e+01
   8.7141960e+06   3.8146973e+01
   8.7220760e+06   3.6132813e+01
   8.7221700e+06   3.8696289e+01
   8.7224760e+06   3.7719727e+01
   8.7232160e+06   3.3630371e+01
   8.7305600e+06   3.3020020e+01
   8.7306610e+06   3.2531738e+01
   8.7306710e+06   4.0222168e+01
   8.7307570e+06   3.3081055e+01
   8.7308620e+06   5.2917480e+01
   8.7310680e+06   3.3142090e+01
   8.7390800e+06   3.9550781e+01
   8.7393510e+06   3.9245605e+01
   8.7394650e+06   4.6386719e+01
   8.7395890e+06   3.9672852e+01
   8.7397560e+06   3.8940430e+01
   8.7473130e+06   3.5888672e+01
   8.7476110e+06   3.4057617e+01
   8.7477180e+06   3.6193848e+01
   8.7479400e+06   3.4179688e+01
   8.7550470e+06   4.0344238e+01
   8.7553010e+06   3.7048340e+01
   8.7554310e+06   3.9672852e+01
   8.7559350e+06   4.0710449e+01
   8.7617050e+06   3.2958984e+01
   8.7620930e+06   3.4912109e+01
   8.7622420e+06   4.6325684e+01
   8.7623870e+06   3.4790039e+01
   8.7625370e+06   3.4851074e+01
   8.7626800e+06   3.2714844e+01
   8.7694500e+06   4.0039063e+01
   8.7696480e+06   3.2592773e+01
   8.7697600e+06   3.6437988e+01
   8.7774410e+06   4.5166016e+01
   8.7775330e+06   4.1625977e+01
   8.7846460e+06   4.3701172e+01
   8.7848080e+06   3.4973145e+01
   8.7851930e+06   3.6010742e+01
   8.7906210e+06   3.5217285e+01
   8.7909770e+06   4.3029785e+01
   8.7912740e+06   3.5217285e+01
   8.7980890e+06   3.6499023e+01
   8.7986790e+06   3.6987305e+01
   8.8053300e+06   3.2775879e+01
   8.8053540e+06   4.1931152e+01
   8.8055350e+06   3.6621094e+01
   8.8124130e+06   3.2653809e+01
   8.8125560e+06   4.9743652e+01
   8.8126800e+06   4.0527344e+01
   8.8127570e+06   3.4423828e+01
   8.8128180e+06   3.8146973e+01
   8.8129080e+06   7.1411133e+01
   8.8129630e+06   3.4606934e+01
   8.8204440e+06   4.0100098e+01
   8.8208100e+06   3.6437988e+01
   8.8269530e+06   4.0771484e+01
   8.8270530e+06   3.7414551e+01
   8.8411030e+06   3.3935547e+01
   8.8414580e+06   4.4921875e+01
   8.8416230e+06   3.9123535e+01
   8.8484880e+06   4.1503906e+01
   8.8486720e+06   4.1320801e+01
   8.8487020e+06   6.4025879e+01
   8.8489970e+06   3.4484863e+01
   8.8490220e+06   3.2470703e+01
   8.8568590e+06   3.6376953e+01
   8.8568740e+06   3.5888672e+01
   8.8569650e+06   3.6437988e+01
   8.8570190e+06   6.2316895e+01
   8.8571380e+06   3.6682129e+01
   8.8571700e+06   4.1992188e+01
   8.8643540e+06   3.2775879e+01
   8.8648610e+06   3.6010742e+01
   8.8650660e+06   3.8696289e+01
   8.8712300e+06   3.3081055e+01
   8.8713850e+06   3.8208008e+01
   8.8716330e+06   3.3447266e+01
   8.8716980e+06   3.8391113e+01
   8.8717210e+06   6.1706543e+01
   8.8718010e+06   3.8269043e+01
   8.8718490e+06   4.5959473e+01
   8.8719690e+06   3.6865234e+01
   8.8794000e+06   3.5705566e+01
   8.8794990e+06   6.6162109e+01
   8.8796490e+06   3.7780762e+01
   8.8860520e+06   3.4362793e+01
   8.8865970e+06   3.6560059e+01
   8.8870250e+06   3.6254883e+01
   8.8938310e+06   3.6010742e+01
   8.8939890e+06   4.4738770e+01
   8.8940370e+06   3.3691406e+01
   8.8941690e+06   4.8278809e+01
   8.8941940e+06   4.6081543e+01
   8.8942590e+06   4.8278809e+01
   8.8943060e+06   3.5461426e+01
   8.8943660e+06   3.5888672e+01
   8.8944600e+06   3.7597656e+01
   8.8945220e+06   3.9672852e+01
   8.8945500e+06   3.3569336e+01
   8.8948340e+06   3.6926270e+01
   8.8948990e+06   4.1381836e+01
   8.8950080e+06   3.3813477e+01
   8.9132380e+06   3.5400391e+01
   8.9137410e+06   5.0781250e+01
   8.9193200e+06   3.3874512e+01
   8.9316960e+06   5.4443359e+01
   8.9317690e+06   3.9550781e+01
   8.9318490e+06   4.4494629e+01
   8.9319290e+06   3.8085938e+01
   8.9320550e+06   4.0527344e+01
   8.9320680e+06   3.9978027e+01
   8.9321090e+06   3.9550781e+01
   8.9321440e+06   3.2958984e+01
   8.9321630e+06   3.7963867e+01
   8.9324650e+06   3.7780762e+01
   8.9325810e+06   3.3386230e+01
   8.9329920e+06   3.4301758e+01
   8.9333310e+06   4.6997070e+01
   8.9461220e+06   3.7841797e+01
   8.9462160e+06   6.4331055e+01
   8.9462270e+06   3.4423828e+01
   8.9463030e+06   4.0466309e+01
   8.9463940e+06   4.0161133e+01
   8.9465110e+06   5.2124023e+01
   8.9466790e+06   4.1320801e+01
   8.9467390e+06   4.2846680e+01
   8.9468190e+06   3.6254883e+01
   8.9469480e+06   3.5217285e+01
   8.9470990e+06   3.5400391e+01
   8.9472500e+06   3.7780762e+01
   8.9542300e+06   5.5969238e+01
   8.9544610e+06   5.5786133e+01
   8.9606930e+06   4.6142578e+01
   8.9608790e+06   6.3354492e+01
   8.9667310e+06   3.5949707e+01
   8.9669210e+06   3.7780762e+01
   8.9670350e+06   6.3049316e+01
   8.9672600e+06   4.7546387e+01
   8.9675320e+06   5.0231934e+01
   8.9731550e+06   3.3325195e+01
   8.9736860e+06   5.5603027e+01
   8.9802230e+06   5.1879883e+01
   8.9803220e+06   4.7546387e+01
   8.9805250e+06   4.4982910e+01
   8.9806070e+06   4.3640137e+01
   8.9806320e+06   3.9123535e+01
   8.9807880e+06   3.4362793e+01
   8.9808940e+06   3.2775879e+01
   8.9810380e+06   3.3996582e+01
   8.9812140e+06   3.9672852e+01
   8.9886950e+06   5.1208496e+01
   8.9888190e+06   4.3457031e+01
   8.9889610e+06   4.7302246e+01
   8.9891820e+06   4.4067383e+01
   8.9965300e+06   5.3100586e+01
   8.9965600e+06   3.3935547e+01
   8.9966510e+06   4.3945313e+01
   8.9968040e+06   4.3212891e+01
   8.9969180e+06   4.1992188e+01
