   8.9970000e+06   0.0000000e+00
   6.3450000e+04   3.6804199e+01
   6.4655000e+04   3.8940430e+01
   2.8734100e+05   3.6987305e+01
   3.5192200e+05   3.5400391e+01
   4.8149500e+05   3.4057617e+01
   4.8807600e+05   3.8391113e+01
   4.9240200e+05   3.8330078e+01
   4.9248600e+05   3.6132813e+01
   4.9262900e+05   3.5583496e+01
   5.7287800e+05   3.5888672e+01
   6.4495000e+05   3.5522461e+01
   6.9850400e+05   3.6071777e+01
   7.1795300e+05   3.4423828e+01
   7.7408500e+05   3.7536621e+01
   7.7424000e+05   3.4973145e+01
   8.7984800e+05   3.4545898e+01
   1.0400280e+06   3.5034180e+01
   1.3245830e+06   3.6621094e+01
   1.3247690e+06   3.4057617e+01
   1.3746280e+06   3.3935547e+01
   1.4108380e+06   3.3752441e+01
   1.5098680e+06   3.6193848e+01
   1.5905900e+06   3.6560059e+01
   1.6403430e+06   3.4301758e+01
   1.7614890e+06   3.8452148e+01
   1.8423290e+06   3.3935547e+01
   1.8798430e+06   3.6926270e+01
   1.9713730e+06   3.3874512e+01
   1.9904750e+06   3.4362793e+01
   2.0242070e+06   3.4973145e+01
   2.0765530e+06   4.0588379e+01
   2.1101670e+06   3.3691406e+01
   2.1103010e+06   3.4667969e+01
   2.1103800e+06   3.3508301e+01
   2.1256520e+06   3.8146973e+01
   2.1258000e+06   3.3447266e+01
   2.1406900e+06   3.4973145e+01
   2.1408010e+06   3.8452148e+01
   2.1562970e+06   3.4606934e+01
   2.1564810e+06   3.3813477e+01
   2.1639200e+06   3.3447266e+01
   2.1986280e+06   3.6621094e+01
   2.1987520e+06   3.4729004e+01
   2.2217300e+06   4.3151855e+01
   2.2420540e+06   3.4790039e+01
   2.2493690e+06   3.5583496e+01
   2.2494680e+06   3.4912109e+01
   2.2718720e+06   4.3273926e+01
   2.2719910e+06   3.4973145e+01
   2.2725150e+06   3.4179688e+01
   2.3081290e+06   4.0954590e+01
   2.3081500e+06   3.6010742e+01
   2.3081950e+06   3.5217285e+01
   2.3231430e+06   3.4729004e+01
   2.3232620e+06   3.6010742e+01
   2.3337790e+06   3.7902832e+01
   2.3342800e+06   3.3508301e+01
   2.3494090e+06   3.6743164e+01
   2.3728880e+06   3.4057617e+01
   2.3729760e+06   3.4912109e+01
   2.3879580e+06   3.4729004e+01
   2.3885170e+06   3.4118652e+01
   2.4267810e+06   3.3935547e+01
   2.4268510e+06   3.7353516e+01
   2.4562340e+06   3.6010742e+01
   2.4644590e+06   3.5278320e+01
   2.4733890e+06   3.6926270e+01
   2.4734920e+06   3.4362793e+01
   2.4735760e+06   4.2114258e+01
   2.5081320e+06   3.3691406e+01
   2.5175910e+06   3.5705566e+01
   2.5449460e+06   3.3996582e+01
   2.5537560e+06   3.6437988e+01
   2.5612960e+06   3.6743164e+01
   2.5705230e+06   3.6376953e+01
   2.5707210e+06   3.3935547e+01
   2.5707810e+06   3.5156250e+01
   2.5959370e+06   3.5278320e+01
   2.5961130e+06   3.4179688e+01
   2.6061100e+06   3.5217285e+01
   2.6061810e+06   3.5766602e+01
   2.6254500e+06   3.5278320e+01
   2.6452360e+06   3.4484863e+01
   2.6654570e+06   3.4362793e+01
   2.6654770e+06   4.2236328e+01
   2.6656350e+06   3.3691406e+01
   2.6656830e+06   3.7170410e+01
   2.6657140e+06   4.2907715e+01
   2.6764730e+06   3.7536621e+01
   2.6765640e+06   3.7048340e+01
   2.6977480e+06   3.9245605e+01
   2.6978230e+06   4.1137695e+01
   2.7102740e+06   3.3508301e+01
   2.7105030e+06   3.9672852e+01
   2.7108560e+06   3.4362793e+01
   2.7222520e+06   3.4179688e+01
   2.7223750e+06   3.3691406e+01
   2.7334460e+06   3.4851074e+01
   2.7450830e+06   3.4118652e+01
   2.7451090e+06   3.4484863e+01
   2.7565330e+06   3.6437988e+01
   2.7565470e+06   3.5705566e+01
   2.7812450e+06   3.3569336e+01
   2.7813570e+06   3.4362793e+01
   2.7924720e+06   3.3630371e+01
   2.7927770e+06   3.8085938e+01
   2.8044160e+06   3.7414551e+01
   2.8045700e+06   3.8879395e+01
   2.8158850e+06   3.5522461e+01
   2.8285550e+06   3.5339355e+01
   2.8796920e+06   3.6376953e+01
   2.8928970e+06   3.4912109e+01
   2.8930210e+06   3.5705566e+01
   2.8931700e+06   3.5827637e+01
   2.9068420e+06   4.1564941e+01
   2.9069620e+06   3.3508301e+01
   2.9070810e+06   3.4179688e+01
   2.9335990e+06   3.3447266e+01
   2.9479260e+06   3.3996582e+01
   3.0447930e+06   3.3752441e+01
   3.0451980e+06   3.5949707e+01
   3.3022230e+06   3.4851074e+01
   3.4069620e+06   3.4362793e+01
   3.7313770e+06   3.4973145e+01
   3.9748920e+06   3.7597656e+01
   3.9749950e+06   3.5583496e+01
   4.0923330e+06   3.3386230e+01
   4.0924360e+06   3.5095215e+01
   4.1601000e+06   3.4362793e+01
   4.1896130e+06   3.3386230e+01
   4.2580690e+06   3.5095215e+01
   4.3409070e+06   3.5949707e+01
   4.3987280e+06   3.6071777e+01
   4.4333200e+06   3.7780762e+01
   5.0053450e+06   3.6804199e+01
   5.1304980e+06   3.3813477e+01
   5.1759560e+06   3.8635254e+01
   5.1846140e+06   3.4790039e+01
   5.2005710e+06   3.8818359e+01
   5.2137600e+06   4.0283203e+01
   5.2222740e+06   3.7597656e+01
   5.2223470e+06   3.5766602e+01
   5.2367700e+06   3.3386230e+01
   5.2369320e+06   3.6254883e+01
   5.2484000e+06   3.4912109e+01
   5.2485040e+06   4.5288086e+01
   5.2485400e+06   3.9733887e+01
   5.2555350e+06   3.6254883e+01
   5.2556660e+06   3.4484863e+01
   5.2562050e+06   3.4118652e+01
   5.2663660e+06   3.4423828e+01
   5.2665180e+06   3.8024902e+01
   5.2666370e+06   3.4484863e+01
   5.2668130e+06   3.3508301e+01
   5.2726890e+06   3.3630371e+01
   5.2794700e+06   3.3569336e+01
   5.2865450e+06   3.3447266e+01
   5.2924770e+06   3.9306641e+01
   5.3161350e+06   4.2175293e+01
   5.3337240e+06   3.4301758e+01
   5.3415820e+06   3.4912109e+01
   5.3416380e+06   3.4790039e+01
   5.3416870e+06   3.8879395e+01
   5.3417070e+06   3.4057617e+01
   5.3938260e+06   3.4179688e+01
   5.4014520e+06   3.3569336e+01
   5.4088320e+06   3.8146973e+01
   5.4169760e+06   3.8085938e+01
   5.4169980e+06   4.3701172e+01
   5.4176610e+06   3.4667969e+01
   5.4305550e+06   3.8269043e+01
   5.4307760e+06   3.5095215e+01
   5.4309100e+06   3.6132813e+01
   5.4435670e+06   3.5949707e+01
   5.4581160e+06   3.4912109e+01
   5.4666840e+06   3.4057617e+01
   5.4837850e+06   3.5339355e+01
   5.4936150e+06   3.7780762e+01
   5.4938100e+06   3.5278320e+01
   5.4940200e+06   3.3874512e+01
   5.5542050e+06   3.8330078e+01
   5.5543840e+06   3.5034180e+01
   5.5544530e+06   3.3874512e+01
   5.5741190e+06   3.3508301e+01
   5.6060130e+06   3.4484863e+01
   5.6279410e+06   3.5522461e+01
   5.6280620e+06   3.4362793e+01
   5.6285150e+06   3.9672852e+01
   5.6440330e+06   3.7048340e+01
   5.6738680e+06   3.5034180e+01
   5.6741480e+06   3.7048340e+01
   5.6839020e+06   3.9611816e+01
   5.6840480e+06   3.3752441e+01
   5.6933320e+06   3.4362793e+01
   5.7044340e+06   3.4057617e+01
   5.7267950e+06   3.4301758e+01
   5.7373610e+06   3.4667969e+01
   5.7467310e+06   3.4118652e+01
   5.7574300e+06   3.4667969e+01
   5.7685560e+06   3.4973145e+01
   5.7688390e+06   3.5888672e+01
   5.7787780e+06   3.3386230e+01
   5.7915860e+06   3.4973145e+01
   5.7917920e+06   3.7353516e+01
   5.8169690e+06   3.6560059e+01
   5.8172820e+06   3.3447266e+01
   5.8284750e+06   3.5034180e+01
   5.8400610e+06   3.3447266e+01
   5.8530870e+06   3.6621094e+01
   5.8532220e+06   3.6865234e+01
   5.8791920e+06   3.6376953e+01
   5.8796130e+06   3.3691406e+01
   5.9378260e+06   3.3813477e+01
   5.9667090e+06   4.1198730e+01
   5.9676110e+06   3.3508301e+01
   6.6538350e+06   3.4912109e+01
   7.0912200e+06   3.7231445e+01
   7.1701560e+06   3.6010742e+01
   7.1912870e+06   3.5583496e+01
   7.2090000e+06   3.6193848e+01
   7.2358820e+06   3.9978027e+01
   7.2523980e+06   3.4362793e+01
   7.2770560e+06   3.7048340e+01
   7.2847840e+06   3.4362793e+01
   7.3222870e+06   3.4179688e+01
   7.3224820e+06   3.4423828e+01
   7.3295440e+06   3.4362793e+01
   7.3482570e+06   3.3386230e+01
   7.3484730e+06   3.3386230e+01
   7.3605780e+06   3.3508301e+01
   7.4200500e+06   3.3447266e+01
   7.4201140e+06   3.8146973e+01
   7.4790330e+06   3.6804199e+01
   7.5022390e+06   3.3935547e+01
   7.5116020e+06   3.3508301e+01
   7.5308630e+06   3.4545898e+01
   7.5406130e+06   3.3386230e+01
   7.5683830e+06   3.3691406e+01
   7.5895000e+06   3.4851074e+01
   7.6112250e+06   3.3996582e+01
   7.6112660e+06   3.4606934e+01
   7.6241080e+06   3.9794922e+01
   7.6640520e+06   3.5156250e+01
   7.6758110e+06   3.5522461e+01
   7.6905840e+06   3.7963867e+01
   7.6909060e+06   3.6987305e+01
   7.7047450e+06   3.4484863e+01
   7.7445740e+06   3.4606934e+01
   8.0105150e+06   3.4118652e+01
   8.2780430e+06   3.7780762e+01
   8.3138230e+06   3.3691406e+01
   8.5695680e+06   3.6193848e+01
   8.5699170e+06   3.5034180e+01
   8.5701510e+06   4.1259766e+01
   8.6505440e+06   3.7597656e+01
   8.6658800e+06   3.3630371e+01
   8.7478780e+06   3.3508301e+01
   8.7775350e+06   3.3752441e+01
   8.8940100e+06   4.0405273e+01
   8.8940660e+06   3.3447266e+01
   8.8943350e+06   4.2236328e+01
   8.9138510e+06   3.6499023e+01
   8.9248730e+06   3.6254883e+01
   8.9316770e+06   3.6682129e+01
   8.9465570e+06   3.3630371e+01
   8.9807290e+06   3.4362793e+01
   8.9812570e+06   3.4729004e+01
   8.9888600e+06   3.6560059e+01
