   1.1996000e+07   0.0000000e+00
   8.7448000e+04   3.7963867e+01
   1.4018700e+05   3.5339355e+01
   1.5249400e+05   3.3874512e+01
   1.6633100e+05   3.3691406e+01
   2.2007300e+05   3.4667969e+01
   2.9362700e+05   3.7170410e+01
   2.9366300e+05   3.6193848e+01
   2.9369000e+05   4.2114258e+01
   2.9371300e+05   5.3527832e+01
   2.9375000e+05   4.0832520e+01
   2.9377200e+05   6.3903809e+01
   2.9379100e+05   3.7658691e+01
   2.9382200e+05   3.9550781e+01
   2.9387200e+05   3.4179688e+01
   2.9389400e+05   3.5339355e+01
   2.9393300e+05   3.6071777e+01
   2.9402400e+05   4.3212891e+01
   2.9408300e+05   4.0161133e+01
   2.9410500e+05   3.9855957e+01
   2.9416400e+05   3.8635254e+01
   2.9441900e+05   3.4240723e+01
   2.9454300e+05   3.8635254e+01
   2.9460200e+05   3.6987305e+01
   2.9471600e+05   3.6193848e+01
   2.9474000e+05   3.4790039e+01
   2.9479800e+05   3.3691406e+01
   2.9532100e+05   3.4851074e+01
   3.0120300e+05   3.5461426e+01
   3.5879500e+05   3.5583496e+01
   3.6643100e+05   4.2724609e+01
   3.6644400e+05   4.4616699e+01
   3.6647700e+05   3.6376953e+01
   3.6650100e+05   3.6865234e+01
   3.6652500e+05   3.8085938e+01
   3.6653500e+05   4.8645020e+01
   3.6658500e+05   4.2785645e+01
   3.6662200e+05   3.3691406e+01
   3.6666800e+05   3.8879395e+01
   3.6691700e+05   3.7841797e+01
   3.6697100e+05   3.7353516e+01
   3.6698500e+05   3.7414551e+01
   3.6721600e+05   3.4362793e+01
   3.6795400e+05   3.5766602e+01
   3.9531100e+05   3.3691406e+01
   5.2387700e+05   3.3996582e+01
   6.5187400e+05   4.6997070e+01
   6.5189800e+05   4.9133301e+01
   6.5191000e+05   3.8696289e+01
   6.5193300e+05   3.4118652e+01
   6.5194400e+05   4.3334961e+01
   6.5198400e+05   3.7719727e+01
   6.5207800e+05   3.5827637e+01
   6.5210300e+05   3.4790039e+01
   6.5214800e+05   3.5461426e+01
   6.5238900e+05   3.5949707e+01
   6.5318000e+05   3.4790039e+01
   6.8575000e+05   3.5156250e+01
   6.8579900e+05   4.8095703e+01
   6.8582800e+05   3.4118652e+01
   6.8584600e+05   3.5827637e+01
   6.8588900e+05   3.9855957e+01
   6.8597100e+05   3.5217285e+01
   6.8611800e+05   3.6437988e+01
   7.7255600e+05   3.4606934e+01
   7.7705700e+05   3.4484863e+01
   7.7707800e+05   3.3935547e+01
   7.7712700e+05   3.4545898e+01
   7.7715500e+05   3.3691406e+01
   7.7721200e+05   4.4494629e+01
   7.7723200e+05   3.9184570e+01
   7.7730000e+05   3.8757324e+01
   7.7735300e+05   3.6499023e+01
   7.7755300e+05   3.6010742e+01
   9.3216600e+05   4.1381836e+01
   9.3222400e+05   4.2114258e+01
   9.3223900e+05   4.0405273e+01
   9.3226700e+05   4.0405273e+01
   9.3231300e+05   3.8757324e+01
   9.3232600e+05   3.6865234e+01
   9.3237100e+05   3.4240723e+01
   9.3239800e+05   4.0100098e+01
   9.3243400e+05   4.0771484e+01
   9.3245700e+05   3.7414551e+01
   9.3255200e+05   3.5217285e+01
   9.3272100e+05   4.2663574e+01
   9.3279400e+05   3.4179688e+01
   9.3398700e+05   3.4057617e+01
   9.5850300e+05   3.3874512e+01
   1.0592670e+06   3.5888672e+01
   1.0906570e+06   5.1086426e+01
   1.1854220e+06   3.4790039e+01
   1.2134310e+06   3.5766602e+01
   1.2204900e+06   3.4973145e+01
   1.2425980e+06   3.5766602e+01
   1.2426200e+06   6.1157227e+01
   1.2426320e+06   3.4912109e+01
   1.2426640e+06   3.9733887e+01
   1.2426770e+06   4.2785645e+01
   1.2426970e+06   3.4729004e+01
   1.2427140e+06   3.4790039e+01
   1.2427250e+06   4.6142578e+01
   1.2427530e+06   4.1687012e+01
   1.2427770e+06   3.5461426e+01
   1.2428010e+06   5.7556152e+01
   1.2428220e+06   3.6132813e+01
   1.2429010e+06   3.4667969e+01
   1.2429230e+06   3.3874512e+01
   1.2431050e+06   3.7841797e+01
   1.2431840e+06   3.5278320e+01
   1.2432060e+06   3.4057617e+01
   1.2432720e+06   3.5583496e+01
   1.2433380e+06   3.4667969e+01
   1.2433640e+06   3.4179688e+01
   1.2443500e+06   3.5095215e+01
   1.2444380e+06   3.4790039e+01
   1.2448710e+06   3.5095215e+01
   1.2503380e+06   3.8513184e+01
   1.2508350e+06   3.5644531e+01
   1.3081200e+06   3.4240723e+01
   1.5150920e+06   4.0222168e+01
   1.5151100e+06   6.4880371e+01
   1.5151950e+06   3.5644531e+01
   1.5152080e+06   3.6865234e+01
   1.5152440e+06   4.5593262e+01
   1.5153990e+06   3.8330078e+01
   1.5154640e+06   4.1503906e+01
   1.5157770e+06   3.4301758e+01
   1.5158260e+06   3.3935547e+01
   1.5162850e+06   3.4484863e+01
   1.5165790e+06   3.4667969e+01
   1.5170770e+06   3.3996582e+01
   1.5183670e+06   3.3691406e+01
   1.5871700e+06   3.6682129e+01
   1.5871870e+06   4.0466309e+01
   1.5872470e+06   3.9733887e+01
   1.5872640e+06   4.0710449e+01
   1.5872980e+06   3.4484863e+01
   1.5873420e+06   3.8513184e+01
   1.5873600e+06   5.9875488e+01
   1.5874240e+06   3.4851074e+01
   1.5874720e+06   4.1320801e+01
   1.5875050e+06   3.5644531e+01
   1.5877030e+06   3.8696289e+01
   1.5879220e+06   3.4729004e+01
   1.5881040e+06   3.4240723e+01
   1.5881750e+06   3.3752441e+01
   1.5884140e+06   3.5400391e+01
   1.5886250e+06   3.5888672e+01
   1.5890000e+06   3.5095215e+01
   1.6702620e+06   3.5339355e+01
   1.6703000e+06   4.1564941e+01
   1.6703250e+06   4.6081543e+01
   1.6703540e+06   4.2541504e+01
   1.6705120e+06   3.5278320e+01
   1.6705350e+06   3.5095215e+01
   1.6707690e+06   3.3996582e+01
   1.6707850e+06   3.4179688e+01
   1.6709610e+06   3.9367676e+01
   1.6710940e+06   3.3935547e+01
   1.8694460e+06   3.6560059e+01
   1.8695920e+06   3.9123535e+01
   2.0016240e+06   3.5705566e+01
   2.0016620e+06   5.8471680e+01
   2.0016740e+06   4.1992188e+01
   2.0017100e+06   5.3100586e+01
   2.0017360e+06   3.5461426e+01
   2.0017800e+06   3.8085938e+01
   2.0018160e+06   3.5644531e+01
   2.0018350e+06   4.3090820e+01
   2.0018860e+06   3.4301758e+01
   2.0018980e+06   3.7231445e+01
   2.0019610e+06   3.7048340e+01
   2.0020310e+06   3.5095215e+01
   2.0021470e+06   4.2297363e+01
   2.0021800e+06   4.1809082e+01
   2.0022370e+06   3.3935547e+01
   2.0023100e+06   3.8513184e+01
   2.0024320e+06   3.5827637e+01
   2.0025200e+06   3.6437988e+01
   2.0025930e+06   3.3691406e+01
   2.0026980e+06   3.7109375e+01
   2.0028660e+06   4.1076660e+01
   2.0040000e+06   3.4301758e+01
   2.0056990e+06   3.8757324e+01
   2.0095170e+06   3.6376953e+01
   2.3364980e+06   3.5217285e+01
   2.3611300e+06   3.5095215e+01
   2.3611680e+06   3.5400391e+01
   2.3612240e+06   3.7414551e+01
   2.3612640e+06   3.9672852e+01
   2.3612950e+06   3.5156250e+01
   2.3613110e+06   4.0588379e+01
   2.3613310e+06   4.2480469e+01
   2.3613630e+06   4.2785645e+01
   2.3615460e+06   3.6682129e+01
   2.3617540e+06   3.3813477e+01
   2.3617720e+06   3.8391113e+01
   2.3618030e+06   3.6621094e+01
   2.3618730e+06   3.8146973e+01
   2.3624440e+06   3.9306641e+01
   2.3628370e+06   3.3752441e+01
   2.3646230e+06   3.4606934e+01
   2.4230610e+06   3.8574219e+01
   2.5771260e+06   4.1381836e+01
   2.5771510e+06   3.3996582e+01
   2.5771770e+06   4.2724609e+01
   2.5772000e+06   4.0405273e+01
   2.5772230e+06   4.4250488e+01
   2.5772530e+06   4.1931152e+01
   2.5772750e+06   3.8391113e+01
   2.5772970e+06   3.9367676e+01
   2.5773170e+06   3.9062500e+01
   2.5773910e+06   4.5532227e+01
   2.5774710e+06   4.0771484e+01
   2.5774830e+06   3.4729004e+01
   2.5775330e+06   4.4677734e+01
   2.5776120e+06   3.7292480e+01
   2.5776550e+06   3.5339355e+01
   2.5776790e+06   4.2419434e+01
   2.5777060e+06   3.5644531e+01
   2.5777200e+06   3.5278320e+01
   2.5778730e+06   3.4973145e+01
   2.5780750e+06   3.7170410e+01
   2.5786170e+06   3.4973145e+01
   2.5787170e+06   3.4179688e+01
   2.5788730e+06   4.0771484e+01
   2.5829810e+06   3.3813477e+01
   2.7396850e+06   3.8574219e+01
   2.7396960e+06   4.0222168e+01
   2.7397530e+06   4.2358398e+01
   2.7397760e+06   4.0832520e+01
   2.7398080e+06   3.8513184e+01
   2.7398350e+06   3.7719727e+01
   2.7398670e+06   3.7414551e+01
   2.7399520e+06   3.6010742e+01
   2.7399800e+06   3.9001465e+01
   2.7400000e+06   3.5278320e+01
   2.7402100e+06   4.9194336e+01
   2.7402430e+06   3.4667969e+01
   2.7925230e+06   3.3813477e+01
   2.7925460e+06   5.2795410e+01
   2.7925690e+06   4.2236328e+01
   2.7925990e+06   3.7170410e+01
   2.7926350e+06   4.5349121e+01
   2.7926700e+06   3.7048340e+01
   2.7927200e+06   3.5766602e+01
   2.7927570e+06   4.2724609e+01
   2.7927800e+06   4.0344238e+01
   2.7928910e+06   3.3935547e+01
   2.7929340e+06   3.7414551e+01
   2.7930230e+06   3.4240723e+01
   3.0058600e+06   3.5278320e+01
   3.0893520e+06   3.6682129e+01
   3.4611440e+06   5.6030273e+01
   3.4611710e+06   3.4790039e+01
   3.4611990e+06   3.6865234e+01
   3.4612200e+06   4.8339844e+01
   3.4612430e+06   3.7170410e+01
   3.4612750e+06   4.3701172e+01
   3.4613050e+06   3.9733887e+01
   3.4613200e+06   3.4667969e+01
   3.4613710e+06   5.1940918e+01
   3.4614240e+06   3.8146973e+01
   3.4614860e+06   3.8146973e+01
   3.4615150e+06   3.7963867e+01
   3.4615560e+06   3.4118652e+01
   3.4616240e+06   3.9184570e+01
   3.4616450e+06   4.3212891e+01
   3.4616990e+06   3.4057617e+01
   3.4617110e+06   3.4484863e+01
   3.4617700e+06   3.5095215e+01
   3.4618410e+06   3.4301758e+01
   3.4620310e+06   3.3813477e+01
   3.4620700e+06   3.6437988e+01
   3.4621710e+06   3.6926270e+01
   3.4623890e+06   4.0100098e+01
   3.4629960e+06   3.9428711e+01
   3.4630200e+06   3.6865234e+01
   3.4631360e+06   3.3691406e+01
   3.4645180e+06   3.4179688e+01
   3.4653430e+06   3.3996582e+01
   3.4674580e+06   3.5217285e+01
   3.5255670e+06   3.9611816e+01
   3.5270910e+06   3.3752441e+01
   3.6154060e+06   3.3752441e+01
   3.6802130e+06   3.5644531e+01
   3.9834610e+06   3.8208008e+01
   3.9834870e+06   3.7353516e+01
   3.9835040e+06   3.9184570e+01
   3.9835210e+06   3.4240723e+01
   3.9835420e+06   4.3701172e+01
   3.9835520e+06   3.7780762e+01
   3.9836110e+06   3.7292480e+01
   3.9836730e+06   3.5034180e+01
   3.9836970e+06   3.5156250e+01
   3.9837470e+06   4.2602539e+01
   3.9839130e+06   3.6010742e+01
   3.9839350e+06   4.6813965e+01
   3.9840300e+06   3.4606934e+01
   3.9840480e+06   3.5705566e+01
   3.9841070e+06   3.4545898e+01
   3.9843040e+06   4.9987793e+01
   3.9845700e+06   3.4851074e+01
   3.9872510e+06   3.5034180e+01
   4.1373110e+06   3.7902832e+01
   4.1373220e+06   4.1076660e+01
   4.1373770e+06   4.8034668e+01
   4.1374100e+06   3.4362793e+01
   4.1374350e+06   4.6752930e+01
   4.1374690e+06   4.1198730e+01
   4.1374990e+06   4.6264648e+01
   4.1375600e+06   3.7658691e+01
   4.1376470e+06   3.4790039e+01
   4.1377500e+06   4.4250488e+01
   4.1378050e+06   4.2297363e+01
   4.1379240e+06   4.3579102e+01
   4.1379510e+06   4.7424316e+01
   4.1381570e+06   4.1931152e+01
   4.1386120e+06   4.0832520e+01
   4.1903510e+06   4.4250488e+01
   4.1903670e+06   5.1269531e+01
   4.1903890e+06   3.6254883e+01
   4.1904010e+06   3.4545898e+01
   4.1904530e+06   4.5166016e+01
   4.1904790e+06   4.2175293e+01
   4.1906060e+06   3.4484863e+01
   4.1906860e+06   3.9062500e+01
   4.1907050e+06   3.6437988e+01
   4.1907810e+06   3.6865234e+01
   4.1910420e+06   3.7963867e+01
   4.1911810e+06   3.3996582e+01
   4.1912240e+06   3.9184570e+01
   4.1914140e+06   3.5766602e+01
   4.2484590e+06   3.8940430e+01
   4.2484750e+06   4.0893555e+01
   4.2485520e+06   3.5705566e+01
   4.2485840e+06   3.4118652e+01
   4.2486240e+06   4.6569824e+01
   4.2488920e+06   3.8818359e+01
   4.2489230e+06   3.4179688e+01
   4.2490510e+06   3.4851074e+01
   4.2491290e+06   3.4362793e+01
   4.2496300e+06   3.4240723e+01
   4.3221900e+06   4.7058105e+01
   4.3222210e+06   3.6621094e+01
   4.3222770e+06   5.0170898e+01
   4.3223640e+06   4.5593262e+01
   4.3224770e+06   4.0466309e+01
   4.3225450e+06   3.6376953e+01
   4.3559220e+06   4.0527344e+01
   4.3559750e+06   3.6010742e+01
   4.3560710e+06   3.6254883e+01
   4.5139200e+06   4.0344238e+01
   4.5139530e+06   3.8208008e+01
   4.5139680e+06   4.1015625e+01
   4.5139970e+06   4.0283203e+01
   4.5140300e+06   3.6743164e+01
   4.5141370e+06   3.8818359e+01
   4.5141560e+06   3.3935547e+01
   4.5141850e+06   3.9001465e+01
   4.5144810e+06   3.9062500e+01
   4.5145430e+06   3.3874512e+01
   4.7938970e+06   3.4362793e+01
   4.8669900e+06   3.9123535e+01
   4.8670130e+06   6.1889648e+01
   4.8670350e+06   3.3691406e+01
   4.8670790e+06   3.7170410e+01
   4.8670990e+06   5.6579590e+01
   4.8671400e+06   3.8635254e+01
   4.8671780e+06   3.4240723e+01
   4.8672400e+06   3.4179688e+01
   4.8673050e+06   3.5034180e+01
   4.8673340e+06   3.6010742e+01
   4.8673660e+06   3.5583496e+01
   4.8673930e+06   3.6315918e+01
   4.8674410e+06   3.5949707e+01
   4.8678620e+06   3.4973145e+01
   4.8679790e+06   3.9062500e+01
   4.8680910e+06   3.5827637e+01
   4.8683300e+06   3.8208008e+01
   4.8683960e+06   3.4851074e+01
   4.8686580e+06   3.8757324e+01
   4.8688690e+06   3.4606934e+01
   4.8694180e+06   3.5888672e+01
   4.9394130e+06   5.3161621e+01
   4.9394360e+06   6.3110352e+01
   4.9394630e+06   5.6396484e+01
   4.9394990e+06   4.1198730e+01
   4.9395160e+06   4.9621582e+01
   4.9395500e+06   4.0771484e+01
   4.9395900e+06   4.0222168e+01
   4.9396370e+06   3.8330078e+01
   4.9396680e+06   3.5461426e+01
   4.9397640e+06   3.4362793e+01
   4.9398330e+06   5.1757813e+01
   4.9399090e+06   3.3691406e+01
   4.9399650e+06   3.5156250e+01
   4.9401310e+06   4.1992188e+01
   4.9404920e+06   4.0527344e+01
   4.9411670e+06   3.6621094e+01
   4.9412750e+06   3.4973145e+01
   5.0290970e+06   3.6376953e+01
   5.1984610e+06   4.1748047e+01
   5.1984780e+06   5.1513672e+01
   5.1984980e+06   3.7048340e+01
   5.1985160e+06   3.4057617e+01
   5.1985660e+06   3.5461426e+01
   5.1985990e+06   5.2429199e+01
   5.1986370e+06   3.8696289e+01
   5.1986820e+06   4.0771484e+01
   5.1987220e+06   3.6621094e+01
   5.1988130e+06   3.6132813e+01
   5.1989250e+06   3.8024902e+01
   5.1992600e+06   3.6804199e+01
   5.1993890e+06   4.3579102e+01
   5.1996500e+06   4.1992188e+01
   5.2001010e+06   3.8818359e+01
   5.2508890e+06   4.1015625e+01
   5.2509360e+06   4.3212891e+01
   5.2510140e+06   4.0771484e+01
   5.2510350e+06   3.3752441e+01
   5.2510900e+06   3.7048340e+01
   5.2511080e+06   3.6010742e+01
   5.2511380e+06   3.5766602e+01
   5.2514770e+06   3.4484863e+01
   5.2515080e+06   3.8330078e+01
   5.2515750e+06   3.6743164e+01
   5.2518470e+06   4.3579102e+01
   5.4076670e+06   3.5644531e+01
   5.4076790e+06   5.7434082e+01
   5.4077020e+06   4.1748047e+01
   5.4077380e+06   3.3996582e+01
   5.4078470e+06   4.0161133e+01
   5.4078580e+06   3.7475586e+01
   5.4089120e+06   3.8574219e+01
   5.5454750e+06   3.3691406e+01
   5.5454930e+06   3.6499023e+01
   5.5455360e+06   3.4118652e+01
   5.5455700e+06   4.2297363e+01
   5.5456160e+06   3.7963867e+01
   5.5456400e+06   4.5654297e+01
   5.5456610e+06   3.7414551e+01
   5.5457520e+06   3.6743164e+01
   5.5458310e+06   3.5461426e+01
   5.5720610e+06   4.4433594e+01
   5.5720960e+06   4.1870117e+01
   5.5721480e+06   3.5217285e+01
   5.5721880e+06   3.6376953e+01
   5.5722010e+06   3.4729004e+01
   5.5726840e+06   4.4921875e+01
   5.5729680e+06   3.3996582e+01
   5.6977210e+06   3.5583496e+01
   5.6977460e+06   3.8513184e+01
   5.6978080e+06   3.9672852e+01
   5.6978410e+06   4.1564941e+01
   5.6978970e+06   3.6193848e+01
   5.6979330e+06   3.4423828e+01
   5.6979730e+06   3.8696289e+01
   5.6980710e+06   3.6499023e+01
   5.7422840e+06   3.8208008e+01
   5.7422970e+06   5.0048828e+01
   5.7423560e+06   3.9733887e+01
   5.7424230e+06   3.5034180e+01
   5.7424940e+06   3.5339355e+01
   5.7425200e+06   3.3691406e+01
   5.7856140e+06   4.2236328e+01
   5.7856410e+06   3.9672852e+01
   5.7857130e+06   4.3090820e+01
   5.7857520e+06   3.3691406e+01
   5.7857660e+06   3.5217285e+01
   5.7858810e+06   3.4118652e+01
   5.7869770e+06   3.3935547e+01
   5.9395420e+06   3.7170410e+01
   5.9463560e+06   3.4118652e+01
   5.9464080e+06   4.1809082e+01
   5.9464220e+06   4.1503906e+01
   5.9464590e+06   4.0649414e+01
   5.9464770e+06   3.5766602e+01
   5.9464970e+06   3.4057617e+01
   5.9466070e+06   3.6499023e+01
   5.9468650e+06   3.4667969e+01
   5.9471140e+06   3.5583496e+01
   5.9471940e+06   4.4555664e+01
   5.9474480e+06   3.5278320e+01
   5.9476150e+06   3.4118652e+01
   6.6125650e+06   3.4606934e+01
   6.6353690e+06   3.3752441e+01
   6.6662340e+06   3.6010742e+01
   6.6662540e+06   3.7231445e+01
   6.6662730e+06   3.9672852e+01
   6.6663210e+06   4.8034668e+01
   6.6663520e+06   5.1452637e+01
   6.6664280e+06   3.9184570e+01
   6.6664490e+06   3.5766602e+01
   6.6665520e+06   3.8085938e+01
   6.6666600e+06   3.5766602e+01
   6.6666820e+06   3.4301758e+01
   6.6670240e+06   3.6865234e+01
   6.6673590e+06   3.4606934e+01
   6.6748380e+06   3.4973145e+01
   7.5030100e+06   3.7841797e+01
   7.5030340e+06   4.3212891e+01
   7.5030520e+06   3.9855957e+01
   7.5030760e+06   3.6376953e+01
   7.5030890e+06   3.5949707e+01
   7.5031210e+06   3.9062500e+01
   7.5032650e+06   3.6804199e+01
   7.5033060e+06   4.0588379e+01
   7.5035350e+06   3.6010742e+01
   7.5051260e+06   3.4118652e+01
   7.5051840e+06   3.6621094e+01
   7.5085460e+06   3.4057617e+01
   7.9517330e+06   3.9184570e+01
   7.9517590e+06   3.6315918e+01
   7.9518150e+06   3.6071777e+01
   7.9518720e+06   4.0832520e+01
   7.9518850e+06   3.4606934e+01
   7.9519040e+06   3.3813477e+01
   7.9519590e+06   3.5461426e+01
   7.9523700e+06   3.4423828e+01
   7.9524200e+06   4.0100098e+01
   7.9525270e+06   3.4301758e+01
   7.9526890e+06   3.3691406e+01
   7.9555170e+06   3.5095215e+01
   8.0818410e+06   3.4545898e+01
   8.0819450e+06   4.1870117e+01
   8.0819780e+06   3.8024902e+01
   8.0820270e+06   3.6132813e+01
   8.0820410e+06   3.6010742e+01
   8.0821040e+06   3.4240723e+01
   8.0821300e+06   4.4555664e+01
   8.0822590e+06   3.5278320e+01
   8.0827690e+06   3.7841797e+01
   8.0829950e+06   4.1320801e+01
   8.4927280e+06   4.0039063e+01
   8.4928070e+06   5.4687500e+01
   8.4928300e+06   3.7231445e+01
   8.4929050e+06   3.4423828e+01
   8.4929820e+06   3.9550781e+01
   8.4930550e+06   3.3996582e+01
   8.4931320e+06   3.6010742e+01
   8.4933070e+06   3.5949707e+01
   8.4934160e+06   3.7292480e+01
   8.4942240e+06   3.6804199e+01
   8.6792940e+06   4.3090820e+01
   8.6793540e+06   3.4423828e+01
   8.6793840e+06   3.6926270e+01
   8.6794240e+06   3.4545898e+01
   8.6794800e+06   4.2114258e+01
   8.6795190e+06   3.5034180e+01
   8.6795700e+06   3.4179688e+01
   8.6796220e+06   3.4484863e+01
   8.6799330e+06   3.7353516e+01
   9.3311810e+06   3.4973145e+01
   9.3312110e+06   4.0771484e+01
   9.3312410e+06   3.8940430e+01
   9.3313290e+06   3.8208008e+01
   9.3313750e+06   4.3212891e+01
   9.3314730e+06   3.6682129e+01
   9.3316540e+06   3.3996582e+01
   9.3317360e+06   3.6743164e+01
   9.3318510e+06   3.3691406e+01
   9.3330320e+06   3.4179688e+01
   9.9936840e+06   4.2114258e+01
   9.9937210e+06   3.4729004e+01
   9.9937750e+06   4.4799805e+01
   9.9937860e+06   4.2419434e+01
   9.9938320e+06   3.4301758e+01
   9.9940780e+06   3.8452148e+01
   1.0813333e+07   4.4677734e+01
   1.0813361e+07   5.2490234e+01
   1.0813675e+07   3.7597656e+01
   1.0813921e+07   3.8818359e+01
   1.0814419e+07   3.5034180e+01
   1.0815464e+07   3.4667969e+01
   1.1535672e+07   3.8024902e+01
   1.1535706e+07   3.4912109e+01
   1.1535728e+07   3.5705566e+01
   1.1536151e+07   3.5156250e+01
   1.1536709e+07   3.5217285e+01
   1.1536890e+07   3.7780762e+01
   1.1536958e+07   3.3691406e+01
   1.1724308e+07   3.9001465e+01
   1.1724398e+07   3.8269043e+01
   1.1724410e+07   3.6071777e+01
   1.1724503e+07   3.9489746e+01
   1.1725016e+07   3.4362793e+01
   1.1725069e+07   3.6987305e+01
   1.1726058e+07   3.6926270e+01
