   1.1996000e+07   0.0000000e+00
   3.0300000e+02   5.1757813e+01
   4.7100000e+02   3.8146973e+01
   8.5000000e+02   4.4067383e+01
   1.1600000e+03   4.1381836e+01
   1.2550000e+03   3.7414551e+01
   1.3723000e+04   4.4494629e+01
   1.4608000e+04   5.2307129e+01
   1.5285000e+04   3.9489746e+01
   1.5665000e+04   5.1147461e+01
   1.5685000e+04   5.1513672e+01
   2.9352000e+04   4.8217773e+01
   3.0435000e+04   4.2663574e+01
   3.0781000e+04   4.3945313e+01
   3.2128000e+04   5.6152344e+01
   3.3238000e+04   5.8288574e+01
   3.3463000e+04   5.6823730e+01
   3.3960000e+04   4.8034668e+01
   4.8965000e+04   3.7231445e+01
   4.9519000e+04   3.9001465e+01
   4.9606000e+04   4.4067383e+01
   4.9930000e+04   4.2297363e+01
   5.0971000e+04   4.1137695e+01
   5.1044000e+04   4.0588379e+01
   6.7969000e+04   5.2124023e+01
   6.7989000e+04   4.9255371e+01
   6.8639000e+04   4.0832520e+01
   6.9506000e+04   3.9672852e+01
   8.4577000e+04   4.0283203e+01
   8.5900000e+04   4.0405273e+01
   8.6291000e+04   3.9062500e+01
   8.6341000e+04   4.1503906e+01
   8.6456000e+04   6.4819336e+01
   8.6509000e+04   6.2622070e+01
   8.7236000e+04   6.0485840e+01
   8.7249000e+04   4.3823242e+01
   8.7349000e+04   3.8391113e+01
   8.7406000e+04   4.4860840e+01
   8.7578000e+04   4.5593262e+01
   8.7869000e+04   4.0588379e+01
   8.8186000e+04   4.1137695e+01
   1.1152700e+05   3.9489746e+01
   1.2962600e+05   5.3039551e+01
   1.4428600e+05   3.8146973e+01
   1.4515800e+05   4.3762207e+01
   1.4521100e+05   3.7719727e+01
   1.4569900e+05   3.9916992e+01
   1.4571800e+05   4.5837402e+01
   1.4578500e+05   3.7780762e+01
   1.4621500e+05   4.0283203e+01
   1.4635800e+05   6.1401367e+01
   1.4640600e+05   3.7292480e+01
   1.4735700e+05   6.0241699e+01
   1.4776200e+05   5.3649902e+01
   1.4850200e+05   4.8706055e+01
   1.5295400e+05   4.0710449e+01
   1.8670500e+05   4.3457031e+01
   1.8672700e+05   4.7180176e+01
   1.8674900e+05   3.7109375e+01
   2.0509400e+05   4.4494629e+01
   2.0812700e+05   4.2053223e+01
   2.0816100e+05   4.7668457e+01
   2.1158000e+05   4.5837402e+01
   2.1162600e+05   3.7048340e+01
   2.1212800e+05   4.1992188e+01
   2.3257100e+05   4.9621582e+01
   2.4688200e+05   4.0222168e+01
   2.5502400e+05   4.3334961e+01
   2.8011900e+05   4.1748047e+01
   2.8016000e+05   5.1452637e+01
   2.8022400e+05   4.1687012e+01
   4.4655800e+05   4.9194336e+01
   4.4799100e+05   4.0466309e+01
   4.4800200e+05   3.8391113e+01
   4.6225600e+05   3.7109375e+01
   4.7133200e+05   4.8339844e+01
   4.8428200e+05   4.8889160e+01
   4.8430300e+05   4.6875000e+01
   4.8432000e+05   3.8757324e+01
   4.8435500e+05   4.0405273e+01
   4.9355800e+05   4.3701172e+01
   5.1009600e+05   6.9458008e+01
   5.1010900e+05   8.3984375e+01
   5.1020200e+05   4.1381836e+01
   5.1083800e+05   4.6630859e+01
   5.1162300e+05   5.9448242e+01
   5.2546200e+05   4.6569824e+01
   5.2549100e+05   4.9194336e+01
   5.2554600e+05   5.6762695e+01
   5.3657700e+05   3.9184570e+01
   5.4333800e+05   4.0466309e+01
   5.5515500e+05   4.2297363e+01
   5.5600000e+05   7.1228027e+01
   5.5602500e+05   4.0771484e+01
   5.5607000e+05   3.7231445e+01
   5.5609100e+05   3.9001465e+01
   5.8228900e+05   3.8635254e+01
   5.8230300e+05   4.5532227e+01
   5.8233400e+05   7.1289063e+01
   5.8235100e+05   3.7475586e+01
   6.0163600e+05   4.1076660e+01
   6.0166000e+05   7.6293945e+01
   6.0170600e+05   4.4250488e+01
   6.0176200e+05   4.9316406e+01
   6.0252700e+05   4.3518066e+01
   6.2434500e+05   4.4555664e+01
   6.2489500e+05   4.1687012e+01
   6.3790600e+05   3.9123535e+01
   6.4630000e+05   3.8146973e+01
   6.4777600e+05   4.1320801e+01
   6.4779200e+05   5.4199219e+01
   6.4786000e+05   4.3029785e+01
   6.6323100e+05   7.4340820e+01
   6.6325100e+05   3.8024902e+01
   6.6328300e+05   4.3090820e+01
   6.6329900e+05   3.7292480e+01
   6.7052800e+05   4.3884277e+01
   6.8095100e+05   4.4372559e+01
   6.8097000e+05   5.4565430e+01
   6.9335800e+05   3.9611816e+01
   6.9339800e+05   3.7353516e+01
   6.9346200e+05   3.9672852e+01
   7.0189700e+05   5.0415039e+01
   7.0200700e+05   3.8269043e+01
   7.0841500e+05   5.6030273e+01
   7.0843000e+05   4.3518066e+01
   7.0848300e+05   4.5410156e+01
   7.1697100e+05   3.7109375e+01
   7.1700200e+05   3.7902832e+01
   7.1701900e+05   3.9733887e+01
   7.2089100e+05   3.8146973e+01
   7.2091600e+05   4.5593262e+01
   7.2095900e+05   5.4443359e+01
   7.2156000e+05   4.5593262e+01
   7.2215500e+05   4.3029785e+01
   7.2219900e+05   3.7292480e+01
   7.2259600e+05   4.8278809e+01
   7.2291400e+05   4.5837402e+01
   7.2398200e+05   5.7250977e+01
   7.2437800e+05   6.3293457e+01
   7.2453000e+05   3.8635254e+01
   7.4406400e+05   3.9916992e+01
   7.4414900e+05   4.4921875e+01
   7.7169600e+05   4.7485352e+01
   7.7171500e+05   4.6447754e+01
   7.7173100e+05   4.2907715e+01
   7.7175200e+05   4.8400879e+01
   7.7182300e+05   5.2307129e+01
   7.7233900e+05   4.1931152e+01
   7.7277600e+05   5.6091309e+01
   7.7308700e+05   4.7973633e+01
   7.7332200e+05   3.7170410e+01
   7.7484200e+05   3.9672852e+01
   7.7506200e+05   6.2744141e+01
   7.9167100e+05   3.9184570e+01
   7.9174800e+05   4.5898438e+01
   7.9264600e+05   3.8940430e+01
   7.9288400e+05   4.8889160e+01
   7.9294300e+05   8.4350586e+01
   7.9317600e+05   4.7729492e+01
   7.9390300e+05   5.9082031e+01
   8.0763700e+05   4.0222168e+01
   8.0771700e+05   3.7658691e+01
   8.0773100e+05   3.9123535e+01
   8.0777800e+05   3.9245605e+01
   8.0780600e+05   4.6081543e+01
   8.0834300e+05   3.9489746e+01
   8.0941300e+05   5.3771973e+01
   8.0973200e+05   5.7434082e+01
   8.0993200e+05   4.1809082e+01
   8.1019500e+05   4.6325684e+01
   8.4175700e+05   4.7729492e+01
   8.4177100e+05   3.9489746e+01
   8.4271400e+05   5.1940918e+01
   8.5603300e+05   3.8146973e+01
   8.5655000e+05   4.3029785e+01
   8.5766200e+05   6.2438965e+01
   8.7258100e+05   3.9611816e+01
   8.7264700e+05   3.9306641e+01
   8.7299700e+05   3.8146973e+01
   8.7306600e+05   3.8635254e+01
   8.7318500e+05   3.9245605e+01
   8.7320800e+05   3.9367676e+01
   8.7346200e+05   4.9804688e+01
   8.7386600e+05   6.1218262e+01
   8.7406000e+05   3.7353516e+01
   8.7436800e+05   5.7617188e+01
   8.7469400e+05   5.2551270e+01
   8.7486900e+05   3.7170410e+01
   8.7513100e+05   4.5593262e+01
   8.7532800e+05   3.9916992e+01
   8.7554500e+05   4.1076660e+01
   9.0053700e+05   3.9123535e+01
   9.0062400e+05   3.8024902e+01
   9.0082300e+05   4.4311523e+01
   9.0097800e+05   3.8208008e+01
   9.0115000e+05   3.9245605e+01
   9.0185300e+05   5.3039551e+01
   9.1854600e+05   3.7353516e+01
   9.1861700e+05   5.6640625e+01
   9.1908200e+05   3.9794922e+01
   9.1916800e+05   4.4555664e+01
   9.1964300e+05   4.9621582e+01
   9.1969400e+05   4.1931152e+01
   9.1985000e+05   5.4199219e+01
   9.2015800e+05   3.7658691e+01
   9.2059900e+05   5.4748535e+01
   9.2096100e+05   4.0527344e+01
   9.2128000e+05   5.9753418e+01
   9.2206900e+05   4.5715332e+01
   9.3293800e+05   4.0039063e+01
   9.4501500e+05   3.8513184e+01
   9.4507900e+05   3.9001465e+01
   9.4509000e+05   4.6264648e+01
   9.5030200e+05   3.9978027e+01
   9.5036500e+05   3.7353516e+01
   9.5090500e+05   3.8879395e+01
   9.5092100e+05   6.3659668e+01
   9.5098400e+05   4.8767090e+01
   9.5111100e+05   7.0800781e+01
   9.5146000e+05   4.2480469e+01
   9.5168800e+05   6.4270020e+01
   9.5175300e+05   3.7292480e+01
   9.5187200e+05   3.8696289e+01
   9.5209400e+05   4.2541504e+01
   9.5230500e+05   4.2846680e+01
   9.5248400e+05   4.6508789e+01
   9.5937600e+05   3.7353516e+01
   9.8709600e+05   4.4982910e+01
   9.8718800e+05   4.8034668e+01
   9.8773200e+05   3.8391113e+01
   9.8774400e+05   3.7414551e+01
   9.8907500e+05   4.3762207e+01
   9.8913500e+05   6.0852051e+01
   9.8928100e+05   4.9377441e+01
   9.8980000e+05   5.0354004e+01
   9.9000000e+05   3.6987305e+01
   9.9048400e+05   4.3090820e+01
   9.9083100e+05   4.5898438e+01
   1.0083340e+06   3.8085938e+01
   1.0199100e+06   4.7424316e+01
   1.0199530e+06   3.8513184e+01
   1.0199710e+06   4.8645020e+01
   1.0204180e+06   5.1696777e+01
   1.0208120e+06   4.0161133e+01
   1.0209700e+06   6.2011719e+01
   1.0212340e+06   4.8156738e+01
   1.0214170e+06   3.7292480e+01
   1.0216160e+06   3.8696289e+01
   1.0218170e+06   4.5043945e+01
   1.0239320e+06   3.7109375e+01
   1.0504200e+06   4.1137695e+01
   1.0564200e+06   4.0039063e+01
   1.0575080e+06   3.9123535e+01
   1.0575610e+06   4.3518066e+01
   1.0576680e+06   3.7536621e+01
   1.0578430e+06   4.3701172e+01
   1.0579420e+06   4.3945313e+01
   1.0582000e+06   4.6325684e+01
   1.0592170e+06   5.1696777e+01
   1.0594580e+06   5.2917480e+01
   1.0599820e+06   3.8940430e+01
   1.0604760e+06   4.4067383e+01
   1.0609000e+06   4.0954590e+01
   1.0829580e+06   5.0903320e+01
   1.0829850e+06   3.7841797e+01
   1.0887390e+06   3.7536621e+01
   1.0889150e+06   6.4514160e+01
   1.0892330e+06   5.2429199e+01
   1.0897050e+06   4.9316406e+01
   1.0899620e+06   4.2968750e+01
   1.0901110e+06   3.9733887e+01
   1.0905560e+06   3.7109375e+01
   1.0907610e+06   3.8757324e+01
   1.0913730e+06   3.7414551e+01
   1.0920260e+06   3.7231445e+01
   1.1113230e+06   5.0537109e+01
   1.1114970e+06   3.8635254e+01
   1.1268290e+06   3.8208008e+01
   1.1309710e+06   4.7241211e+01
   1.1346380e+06   4.1503906e+01
   1.1346490e+06   3.7109375e+01
   1.1346900e+06   4.5288086e+01
   1.1413720e+06   3.8940430e+01
   1.1414280e+06   3.9001465e+01
   1.1433910e+06   3.8452148e+01
   1.1437350e+06   4.9560547e+01
   1.1443550e+06   4.5654297e+01
   1.1445910e+06   4.9987793e+01
   1.1448630e+06   5.8227539e+01
   1.1450460e+06   4.5288086e+01
   1.1453020e+06   3.8696289e+01
   1.1457570e+06   4.3395996e+01
   1.1751540e+06   3.8818359e+01
   1.1817910e+06   4.1015625e+01
   1.1818120e+06   4.2236328e+01
   1.1818270e+06   4.2358398e+01
   1.1818780e+06   3.7597656e+01
   1.1819050e+06   4.4433594e+01
   1.1821820e+06   4.1748047e+01
   1.1822180e+06   4.6142578e+01
   1.1822930e+06   3.8330078e+01
   1.1828100e+06   5.4016113e+01
   1.1828620e+06   4.1198730e+01
   1.1832910e+06   3.8940430e+01
   1.2148980e+06   4.0893555e+01
   1.2212640e+06   3.7109375e+01
   1.2212860e+06   4.1809082e+01
   1.2213170e+06   4.5410156e+01
   1.2213780e+06   3.9428711e+01
   1.2221680e+06   4.7241211e+01
   1.2461120e+06   3.8574219e+01
   1.2826830e+06   5.1513672e+01
   1.2947320e+06   4.8828125e+01
   1.3019560e+06   3.8391113e+01
   1.3091090e+06   4.0832520e+01
   1.3384890e+06   3.9428711e+01
   1.3385060e+06   5.6152344e+01
   1.3385230e+06   4.4799805e+01
   1.3385720e+06   4.6752930e+01
   1.3656630e+06   4.8278809e+01
   1.3838640e+06   4.5043945e+01
   1.4597050e+06   4.8278809e+01
   1.4835170e+06   4.4128418e+01
   1.4835520e+06   4.6264648e+01
   1.5004510e+06   3.8940430e+01
   1.5397050e+06   4.4372559e+01
   1.5560540e+06   4.2663574e+01
   1.5768410e+06   4.3273926e+01
   1.5768670e+06   4.9987793e+01
   1.5769000e+06   3.8024902e+01
   1.5859790e+06   3.9184570e+01
   1.5860340e+06   5.1818848e+01
   1.5860720e+06   4.0283203e+01
   1.5860900e+06   5.1757813e+01
   1.6331560e+06   4.3334961e+01
   1.6421720e+06   4.2114258e+01
   1.6422380e+06   4.6508789e+01
   1.6429610e+06   3.8330078e+01
   1.6572500e+06   3.9733887e+01
   1.6923380e+06   5.3466797e+01
   1.6923900e+06   5.0781250e+01
   1.6924000e+06   3.8146973e+01
   1.7166650e+06   5.8654785e+01
   1.7347990e+06   4.2602539e+01
   1.7348180e+06   4.7180176e+01
   1.7348800e+06   4.4860840e+01
   1.7421600e+06   4.4494629e+01
   1.7422150e+06   4.5593262e+01
   1.7426250e+06   4.8889160e+01
   1.7426510e+06   6.0913086e+01
   1.7549980e+06   3.9978027e+01
   1.7550610e+06   4.1687012e+01
   1.7649830e+06   3.7475586e+01
   1.7649930e+06   5.1696777e+01
   1.7665400e+06   4.1381836e+01
   1.7665610e+06   4.4494629e+01
   1.7666070e+06   4.9560547e+01
   1.7666430e+06   4.4982910e+01
   1.7743720e+06   3.8085938e+01
   1.7743860e+06   4.2297363e+01
   1.7750280e+06   4.4372559e+01
   1.7750500e+06   5.6884766e+01
   1.7751070e+06   5.7617188e+01
   1.7751780e+06   3.8574219e+01
   1.7858840e+06   5.0598145e+01
   1.7859540e+06   5.2307129e+01
   1.7859820e+06   5.6030273e+01
   1.7860150e+06   5.4687500e+01
   1.8057000e+06   4.7912598e+01
   1.8057200e+06   6.5979004e+01
   1.8164470e+06   4.8645020e+01
   1.8164750e+06   6.3293457e+01
   1.8164910e+06   3.7597656e+01
   1.8165310e+06   4.3029785e+01
   1.8172270e+06   4.2846680e+01
   1.8173320e+06   3.8208008e+01
   1.8210140e+06   6.3781738e+01
   1.8211160e+06   3.9855957e+01
   1.8212200e+06   4.5593262e+01
   1.8240440e+06   4.5043945e+01
   1.8247440e+06   3.9184570e+01
   1.8379210e+06   4.1320801e+01
   1.8379920e+06   4.2785645e+01
   1.8380310e+06   4.0222168e+01
   1.8380650e+06   4.6203613e+01
   1.8624870e+06   6.4941406e+01
   1.8625600e+06   4.1625977e+01
   1.8661460e+06   3.8391113e+01
   1.8661800e+06   3.9428711e+01
   1.8662000e+06   4.8278809e+01
   1.8662240e+06   4.7607422e+01
   1.8662500e+06   3.8940430e+01
   1.8667670e+06   4.1381836e+01
   1.8861680e+06   4.3945313e+01
   1.8918230e+06   5.4504395e+01
   1.8918420e+06   4.5288086e+01
   1.8918940e+06   3.7902832e+01
   1.8991390e+06   3.7109375e+01
   1.8991850e+06   4.2114258e+01
   1.8992230e+06   6.0607910e+01
   1.9043740e+06   4.5410156e+01
   1.9044050e+06   3.8818359e+01
   1.9045210e+06   3.7414551e+01
   1.9045390e+06   4.5166016e+01
   1.9161340e+06   3.8024902e+01
   1.9161780e+06   5.8349609e+01
   1.9162840e+06   4.6813965e+01
   1.9175370e+06   4.1259766e+01
   1.9175580e+06   3.8879395e+01
   1.9185070e+06   3.7475586e+01
   1.9192640e+06   3.8024902e+01
   1.9271310e+06   4.1503906e+01
   1.9271610e+06   3.8513184e+01
   1.9271930e+06   4.1259766e+01
   1.9396610e+06   4.2236328e+01
   1.9397040e+06   4.2724609e+01
   1.9404870e+06   5.5847168e+01
   1.9559280e+06   5.7922363e+01
   1.9662400e+06   4.3029785e+01
   1.9662810e+06   5.3161621e+01
   1.9810970e+06   4.2602539e+01
   1.9892360e+06   4.3884277e+01
   1.9892610e+06   5.1269531e+01
   1.9893390e+06   4.1870117e+01
   1.9910030e+06   4.2602539e+01
   1.9910290e+06   7.3120117e+01
   1.9996150e+06   3.9733887e+01
   1.9996270e+06   3.8574219e+01
   2.0019330e+06   3.7658691e+01
   2.0288430e+06   5.0659180e+01
   2.0288740e+06   4.7973633e+01
   2.0367060e+06   4.1870117e+01
   2.0368400e+06   3.7231445e+01
   2.0477480e+06   4.4677734e+01
   2.0477700e+06   3.8757324e+01
   2.0527350e+06   4.6386719e+01
   2.0528150e+06   4.7912598e+01
   2.0567240e+06   3.7658691e+01
   2.0567990e+06   4.3273926e+01
   2.0630720e+06   4.6691895e+01
   2.0631030e+06   3.8574219e+01
   2.0676610e+06   3.9306641e+01
   2.0755640e+06   3.9733887e+01
   2.0756180e+06   4.9255371e+01
   2.0756920e+06   3.8391113e+01
   2.0764160e+06   4.2541504e+01
   2.0766760e+06   3.7963867e+01
   2.0770580e+06   3.8146973e+01
   2.0964360e+06   4.5288086e+01
   2.0964460e+06   5.6152344e+01
   2.0964770e+06   5.0354004e+01
   2.0965050e+06   4.0039063e+01
   2.0965160e+06   5.6518555e+01
   2.1155270e+06   3.9001465e+01
   2.1277450e+06   4.4921875e+01
   2.1277730e+06   5.7739258e+01
   2.1278670e+06   4.0100098e+01
   2.1286500e+06   4.4372559e+01
   2.1294150e+06   4.4738770e+01
   2.1296000e+06   4.4433594e+01
   2.1300130e+06   5.4016113e+01
   2.1302590e+06   5.5053711e+01
   2.1305900e+06   5.2429199e+01
   2.1560140e+06   3.8940430e+01
   2.1560330e+06   3.9428711e+01
   2.1560780e+06   3.8146973e+01
   2.1560930e+06   5.3344727e+01
   2.1593140e+06   4.2419434e+01
   2.2039810e+06   4.1137695e+01
   2.2188950e+06   5.2856445e+01
   2.2190310e+06   3.9306641e+01
   2.2325480e+06   3.7414551e+01
   2.2417330e+06   4.3579102e+01
   2.2417710e+06   4.9621582e+01
   2.2418030e+06   3.9978027e+01
   2.2690960e+06   4.6081543e+01
   2.2696270e+06   4.3518066e+01
   2.2701520e+06   4.5532227e+01
   2.2701670e+06   4.5593262e+01
   2.2709010e+06   5.0598145e+01
   2.2825050e+06   4.7973633e+01
   2.3078290e+06   5.7861328e+01
   2.3078440e+06   4.8217773e+01
   2.3236470e+06   4.4555664e+01
   2.3236720e+06   5.1452637e+01
   2.3241660e+06   5.0476074e+01
   2.3241800e+06   4.0832520e+01
   2.3404500e+06   5.1086426e+01
   2.3404780e+06   4.3090820e+01
   2.3406540e+06   4.4006348e+01
   2.3408780e+06   5.5358887e+01
   2.3409020e+06   4.0527344e+01
   2.3413340e+06   4.7302246e+01
   2.3549450e+06   4.9743652e+01
   2.3549750e+06   4.8278809e+01
   2.3555750e+06   4.9133301e+01
   2.3685350e+06   4.1809082e+01
   2.3688940e+06   4.2785645e+01
   2.3690820e+06   4.0405273e+01
   2.3693420e+06   3.9001465e+01
   2.3704330e+06   3.7048340e+01
   2.3718920e+06   4.2053223e+01
   2.4018270e+06   5.1147461e+01
   2.4112410e+06   4.4433594e+01
   2.4174300e+06   5.1513672e+01
   2.4226340e+06   4.2907715e+01
   2.4296980e+06   4.4311523e+01
   2.4382460e+06   3.8879395e+01
   2.4382590e+06   4.3212891e+01
   2.4527350e+06   4.3151855e+01
   2.4527490e+06   4.0527344e+01
   2.4649490e+06   4.4555664e+01
   2.4649740e+06   3.9611816e+01
   2.4649960e+06   4.4128418e+01
   2.4650120e+06   3.7963867e+01
   2.4650510e+06   4.1015625e+01
   2.4660650e+06   3.8879395e+01
   2.5108350e+06   3.8635254e+01
   2.5114200e+06   4.9316406e+01
   2.5114590e+06   4.0832520e+01
   2.5115330e+06   4.2236328e+01
   2.5116290e+06   3.8879395e+01
   2.5126730e+06   3.8146973e+01
   2.5126840e+06   5.0598145e+01
   2.5131160e+06   4.1137695e+01
   2.5131770e+06   4.0344238e+01
   2.5142780e+06   3.8696289e+01
   2.5148600e+06   3.8879395e+01
   2.5404130e+06   4.9377441e+01
   2.5645960e+06   5.3222656e+01
   2.5646250e+06   3.9367676e+01
   2.5646440e+06   5.1086426e+01
   2.5667530e+06   5.2673340e+01
   2.5668190e+06   4.1870117e+01
   2.5668990e+06   4.3579102e+01
   2.5669690e+06   3.8391113e+01
   2.5671310e+06   6.6101074e+01
   2.5674770e+06   8.1909180e+01
   2.5676790e+06   3.8330078e+01
   2.5677250e+06   5.3527832e+01
   2.5678320e+06   4.0771484e+01
   2.5678730e+06   3.7719727e+01
   2.5679620e+06   6.2622070e+01
   2.5680540e+06   3.8696289e+01
   2.5682210e+06   4.5349121e+01
   2.6269630e+06   5.1757813e+01
   2.6472280e+06   6.5429688e+01
   2.6472620e+06   5.0964355e+01
   2.6473130e+06   4.2114258e+01
   2.6476270e+06   4.1137695e+01
   2.6480210e+06   3.8879395e+01
   2.6564840e+06   4.1259766e+01
   2.6567880e+06   4.0954590e+01
   2.6688200e+06   4.1687012e+01
   2.6808980e+06   3.8635254e+01
   2.6809360e+06   3.9916992e+01
   2.6809500e+06   3.7780762e+01
   2.6837240e+06   4.1442871e+01
   2.6837760e+06   4.0100098e+01
   2.6838360e+06   4.2297363e+01
   2.6872430e+06   4.7119141e+01
   2.6872710e+06   4.3823242e+01
   2.6950040e+06   3.9855957e+01
   2.7154740e+06   4.3823242e+01
   2.7156640e+06   6.1462402e+01
   2.7157040e+06   5.1147461e+01
   2.7157480e+06   5.4138184e+01
   2.7158260e+06   4.6264648e+01
   2.7159370e+06   5.5053711e+01
   2.7161600e+06   4.3640137e+01
   2.7291080e+06   3.9611816e+01
   2.7342640e+06   4.1809082e+01
   2.7343040e+06   3.9733887e+01
   2.7487160e+06   4.0771484e+01
   2.7549200e+06   4.0832520e+01
   2.7635000e+06   5.0842285e+01
   2.7635150e+06   4.8217773e+01
   2.7635780e+06   4.3945313e+01
   2.7636050e+06   4.3212891e+01
   2.7712270e+06   5.1025391e+01
   2.7712370e+06   3.8879395e+01
   2.7791140e+06   4.7546387e+01
   2.7792590e+06   7.2753906e+01
   2.7793620e+06   6.6284180e+01
   2.7794360e+06   4.4128418e+01
   2.7798070e+06   4.4433594e+01
   2.7798210e+06   3.8024902e+01
   2.7890940e+06   4.5593262e+01
   2.7902210e+06   4.0466309e+01
   2.8007000e+06   5.8471680e+01
   2.8147800e+06   4.9804688e+01
   2.8147930e+06   5.2307129e+01
   2.8158430e+06   5.1513672e+01
   2.8159290e+06   5.9936523e+01
   2.8162680e+06   4.7180176e+01
   2.8167000e+06   4.4189453e+01
   2.8167920e+06   4.2175293e+01
   2.8273560e+06   3.8330078e+01
   2.8274400e+06   3.7292480e+01
   2.8309020e+06   4.6630859e+01
   2.8309180e+06   4.0283203e+01
   2.8309380e+06   4.7058105e+01
   2.8310800e+06   3.8208008e+01
   2.8313550e+06   4.2907715e+01
   2.8443740e+06   6.5063477e+01
   2.8443960e+06   4.5654297e+01
   2.8444300e+06   4.5288086e+01
   2.8444530e+06   7.6477051e+01
   2.8450320e+06   4.2846680e+01
   2.8454070e+06   5.9814453e+01
   2.8458920e+06   4.4860840e+01
   2.8462210e+06   6.9580078e+01
   2.8463970e+06   4.9926758e+01
   2.8465370e+06   3.7719727e+01
   2.8527560e+06   3.7719727e+01
   2.8752390e+06   4.4067383e+01
   2.8752940e+06   4.4433594e+01
   2.8875170e+06   3.9733887e+01
   2.8875830e+06   3.6987305e+01
   2.8877870e+06   3.7109375e+01
   2.8881400e+06   4.2907715e+01
   2.8882410e+06   3.9489746e+01
   2.8919790e+06   6.0180664e+01
   2.8936610e+06   6.4147949e+01
   2.9165600e+06   4.3823242e+01
   2.9165740e+06   4.0832520e+01
   2.9176300e+06   3.8146973e+01
   2.9177010e+06   3.7658691e+01
   2.9178920e+06   3.8085938e+01
   2.9179450e+06   3.8635254e+01
   2.9184470e+06   4.5776367e+01
   2.9331450e+06   5.2307129e+01
   2.9332070e+06   5.4260254e+01
   2.9332500e+06   3.9001465e+01
   2.9332710e+06   4.8034668e+01
   2.9334880e+06   4.1259766e+01
   2.9340090e+06   3.8757324e+01
   2.9342630e+06   4.1198730e+01
   2.9343180e+06   5.2795410e+01
   2.9345010e+06   4.4433594e+01
   2.9350640e+06   6.5551758e+01
   2.9352920e+06   4.8095703e+01
   2.9354050e+06   3.9184570e+01
   2.9356800e+06   4.0588379e+01
   2.9357390e+06   3.7048340e+01
   2.9652670e+06   4.3457031e+01
   2.9653470e+06   4.4494629e+01
   2.9654350e+06   4.3823242e+01
   2.9654550e+06   3.7597656e+01
   2.9656150e+06   4.7058105e+01
   2.9666030e+06   5.6152344e+01
   2.9860620e+06   4.2663574e+01
   2.9861250e+06   4.7973633e+01
   2.9862850e+06   4.2724609e+01
   2.9863470e+06   4.2541504e+01
   2.9865150e+06   5.8166504e+01
   2.9878960e+06   5.0354004e+01
   2.9882610e+06   4.6325684e+01
   2.9883770e+06   4.1870117e+01
   2.9894550e+06   5.8288574e+01
   3.0022530e+06   3.8085938e+01
   3.0087770e+06   4.0832520e+01
   3.0087980e+06   3.8757324e+01
   3.0088510e+06   4.2175293e+01
   3.0094200e+06   4.7851563e+01
   3.0094660e+06   3.8513184e+01
   3.0094840e+06   6.1218262e+01
   3.0096720e+06   4.2846680e+01
   3.0100220e+06   5.8166504e+01
   3.0103740e+06   3.7414551e+01
   3.0107040e+06   4.0771484e+01
   3.0109100e+06   5.6091309e+01
   3.0421780e+06   4.7058105e+01
   3.0427380e+06   7.2753906e+01
   3.0427610e+06   3.7841797e+01
   3.0430350e+06   3.7780762e+01
   3.0432020e+06   5.9692383e+01
   3.0447240e+06   4.4311523e+01
   3.0450810e+06   4.7790527e+01
   3.0575810e+06   4.1076660e+01
   3.0584470e+06   4.2419434e+01
   3.0585030e+06   6.0913086e+01
   3.0585240e+06   4.1381836e+01
   3.0587340e+06   3.8940430e+01
   3.0588570e+06   6.4941406e+01
   3.0590060e+06   4.1198730e+01
   3.0592880e+06   5.5053711e+01
   3.0599480e+06   5.2673340e+01
   3.0605000e+06   5.0964355e+01
   3.0607820e+06   4.5104980e+01
   3.0609380e+06   3.8330078e+01
   3.0612720e+06   4.5593262e+01
   3.0880660e+06   4.5288086e+01
   3.0881290e+06   4.4494629e+01
   3.0882320e+06   4.2358398e+01
   3.0883130e+06   4.4982910e+01
   3.0883690e+06   3.7780762e+01
   3.0887410e+06   4.0832520e+01
   3.0888740e+06   6.5368652e+01
   3.0889070e+06   3.7109375e+01
   3.0894290e+06   5.0109863e+01
   3.0897240e+06   6.0302734e+01
   3.0900880e+06   3.9184570e+01
   3.0903520e+06   3.8940430e+01
   3.0907220e+06   3.6987305e+01
   3.0974350e+06   4.7119141e+01
   3.1290180e+06   4.0954590e+01
   3.1292730e+06   4.9011230e+01
   3.1293010e+06   4.1381836e+01
   3.1301680e+06   3.9489746e+01
   3.1305880e+06   5.1330566e+01
   3.1309920e+06   5.2307129e+01
   3.1314340e+06   4.2968750e+01
   3.1316520e+06   4.1992188e+01
   3.1322470e+06   3.8879395e+01
   3.1326030e+06   4.6875000e+01
   3.1601480e+06   4.4677734e+01
   3.1601800e+06   5.3039551e+01
   3.1602060e+06   4.4128418e+01
   3.1604940e+06   3.7963867e+01
   3.1725550e+06   7.0007324e+01
   3.1729410e+06   4.5532227e+01
   3.1730220e+06   3.7048340e+01
   3.1731240e+06   5.3344727e+01
   3.1731960e+06   3.7048340e+01
   3.1914640e+06   5.0537109e+01
   3.1960900e+06   4.0466309e+01
   3.2170270e+06   5.5175781e+01
   3.2178330e+06   5.0476074e+01
   3.2178430e+06   4.3640137e+01
   3.2179790e+06   7.7575684e+01
   3.2400710e+06   3.9184570e+01
   3.2451890e+06   3.7292480e+01
   3.2452050e+06   4.4494629e+01
   3.2452390e+06   3.7170410e+01
   3.2457810e+06   5.7373047e+01
   3.2634810e+06   4.3884277e+01
   3.2635070e+06   5.7617188e+01
   3.2635290e+06   3.7414551e+01
   3.2639220e+06   3.7902832e+01
   3.2742940e+06   4.1015625e+01
   3.2835210e+06   4.1748047e+01
   3.2835520e+06   5.4321289e+01
   3.2836040e+06   3.7658691e+01
   3.2836500e+06   3.8757324e+01
   3.2844460e+06   3.7597656e+01
   3.3044870e+06   4.4311523e+01
   3.3045320e+06   4.3212891e+01
   3.3045580e+06   4.3334961e+01
   3.3046280e+06   4.7180176e+01
   3.3046530e+06   4.4860840e+01
   3.3056420e+06   3.9611816e+01
   3.3258920e+06   4.1015625e+01
   3.3259670e+06   4.1625977e+01
   3.3359600e+06   3.7109375e+01
   3.3359730e+06   4.2968750e+01
   3.3360140e+06   4.3090820e+01
   3.3370510e+06   3.7353516e+01
   3.3597750e+06   4.3762207e+01
   3.3597950e+06   3.8330078e+01
   3.3598460e+06   4.5715332e+01
   3.3599090e+06   3.9062500e+01
   3.3602320e+06   3.8269043e+01
   3.3603080e+06   3.9794922e+01
   3.3605740e+06   4.1503906e+01
   3.3982060e+06   3.9184570e+01
   3.3982320e+06   4.0893555e+01
   3.4026860e+06   4.0710449e+01
   3.4027050e+06   4.6203613e+01
   3.4079190e+06   5.9204102e+01
   3.4089470e+06   4.5593262e+01
   3.4090060e+06   4.6142578e+01
   3.4159540e+06   6.0913086e+01
   3.4160590e+06   3.7475586e+01
   3.4236560e+06   5.7312012e+01
   3.4306410e+06   4.4189453e+01
   3.4306540e+06   3.8696289e+01
   3.4308210e+06   4.9072266e+01
   3.4432040e+06   3.8330078e+01
   3.4432500e+06   3.7841797e+01
   3.4432660e+06   4.5471191e+01
   3.4518330e+06   3.8208008e+01
   3.4518560e+06   3.8269043e+01
   3.4519470e+06   4.0344238e+01
   3.4528610e+06   4.5410156e+01
   3.4615340e+06   3.8452148e+01
   3.4615970e+06   4.6325684e+01
   3.4616430e+06   5.1574707e+01
   3.4876120e+06   4.3579102e+01
   3.5410970e+06   4.4921875e+01
   3.5416710e+06   4.1442871e+01
   3.5557760e+06   4.3762207e+01
   3.5707030e+06   4.4616699e+01
   3.6068060e+06   3.7109375e+01
   3.6159530e+06   4.4616699e+01
   3.6159810e+06   4.3518066e+01
   3.6616840e+06   4.1992188e+01
   3.7021040e+06   4.1564941e+01
   3.7382190e+06   4.2480469e+01
   3.7382400e+06   5.5419922e+01
   3.7832830e+06   3.8085938e+01
   3.8034260e+06   4.5837402e+01
   3.8034530e+06   4.2236328e+01
   3.8034900e+06   3.9550781e+01
   3.8035490e+06   5.4748535e+01
   3.8143000e+06   3.8391113e+01
   3.8159460e+06   4.8339844e+01
   3.8346490e+06   5.0476074e+01
   3.8346780e+06   3.7719727e+01
   3.8386750e+06   5.4077148e+01
   3.8391830e+06   4.2968750e+01
   3.8392000e+06   5.4199219e+01
   3.8494640e+06   3.7719727e+01
   3.8548180e+06   5.2062988e+01
   3.8553960e+06   3.7475586e+01
   3.8554530e+06   4.6020508e+01
   3.8554680e+06   4.3090820e+01
   3.8561480e+06   4.8217773e+01
   3.8562860e+06   6.3659668e+01
   3.8565390e+06   3.8818359e+01
   3.8565510e+06   6.3842773e+01
   3.8566010e+06   3.9855957e+01
   3.8566110e+06   4.4433594e+01
   3.8568600e+06   5.7312012e+01
   3.8569000e+06   3.8940430e+01
   3.8570570e+06   5.5358887e+01
   3.8573480e+06   5.4687500e+01
   3.8574860e+06   4.5837402e+01
   3.8577950e+06   4.1931152e+01
   3.8588380e+06   4.1076660e+01
   3.8852090e+06   3.8085938e+01
   3.8918650e+06   3.8391113e+01
   3.8918860e+06   5.6701660e+01
   3.8919110e+06   3.9550781e+01
   3.8925380e+06   4.3579102e+01
   3.9078720e+06   4.0832520e+01
   3.9085720e+06   4.0039063e+01
   3.9086380e+06   3.8940430e+01
   3.9086890e+06   4.0466309e+01
   3.9087920e+06   6.9885254e+01
   3.9088420e+06   3.7536621e+01
   3.9227160e+06   5.9143066e+01
   3.9227400e+06   5.2124023e+01
   3.9227590e+06   4.4555664e+01
   3.9227830e+06   4.7851563e+01
   3.9228060e+06   4.0710449e+01
   3.9350170e+06   3.7414551e+01
   3.9414170e+06   4.7363281e+01
   3.9420600e+06   4.0649414e+01
   3.9420880e+06   3.7536621e+01
   3.9421020e+06   4.2663574e+01
   3.9421280e+06   5.3222656e+01
   3.9421690e+06   4.0100098e+01
   3.9427380e+06   4.3884277e+01
   3.9428600e+06   6.7443848e+01
   3.9578340e+06   4.6447754e+01
   3.9578950e+06   4.0649414e+01
   3.9586070e+06   5.3955078e+01
   3.9660490e+06   4.1137695e+01
   3.9660700e+06   5.2307129e+01
   3.9661210e+06   3.7963867e+01
   3.9687660e+06   4.1076660e+01
   3.9688760e+06   4.1442871e+01
   3.9748670e+06   3.9978027e+01
   3.9749000e+06   5.3588867e+01
   3.9749650e+06   4.3579102e+01
   3.9818210e+06   4.9438477e+01
   3.9818470e+06   4.1870117e+01
   3.9819300e+06   5.1086426e+01
   3.9825330e+06   4.2480469e+01
   3.9826220e+06   4.3762207e+01
   3.9829450e+06   4.3762207e+01
   3.9829800e+06   4.6752930e+01
   3.9831780e+06   6.3659668e+01
   3.9834010e+06   4.7851563e+01
   3.9915900e+06   3.7414551e+01
   4.0169570e+06   5.0354004e+01
   4.0186050e+06   3.8635254e+01
   4.0313530e+06   5.2673340e+01
   4.0313880e+06   3.8024902e+01
   4.0314130e+06   5.1208496e+01
   4.0407800e+06   3.9550781e+01
   4.0469830e+06   5.2062988e+01
   4.0505180e+06   4.9133301e+01
   4.0543390e+06   3.8208008e+01
   4.0543770e+06   3.7109375e+01
   4.0544400e+06   3.8940430e+01
   4.0637020e+06   4.8522949e+01
   4.0642160e+06   4.5227051e+01
   4.0642370e+06   4.0222168e+01
   4.0642870e+06   4.0344238e+01
   4.0643030e+06   4.5776367e+01
   4.0746060e+06   5.0659180e+01
   4.0844950e+06   3.8452148e+01
   4.0845200e+06   4.0222168e+01
   4.0895640e+06   3.9794922e+01
   4.0896620e+06   6.8725586e+01
   4.0897410e+06   4.1748047e+01
   4.0898110e+06   4.2602539e+01
   4.0900560e+06   4.0039063e+01
   4.0905590e+06   3.7414551e+01
   4.0915950e+06   3.9184570e+01
   4.1127680e+06   4.5288086e+01
   4.1127950e+06   4.3518066e+01
   4.1128970e+06   4.1687012e+01
   4.1135250e+06   3.7231445e+01
   4.1135400e+06   4.6508789e+01
   4.1136530e+06   4.0161133e+01
   4.1264840e+06   4.3945313e+01
   4.1386320e+06   4.1992188e+01
   4.1389350e+06   3.8085938e+01
   4.1629600e+06   4.2541504e+01
   4.1634450e+06   5.1147461e+01
   4.1776610e+06   4.2541504e+01
   4.1776870e+06   4.0588379e+01
   4.1777160e+06   3.9733887e+01
   4.1777830e+06   3.9855957e+01
   4.1777990e+06   5.2001953e+01
   4.1779520e+06   8.3374023e+01
   4.1969090e+06   3.8635254e+01
   4.2340400e+06   3.9428711e+01
   4.2462710e+06   4.1687012e+01
   4.2462940e+06   4.6752930e+01
   4.2575090e+06   4.3701172e+01
   4.2744190e+06   4.8339844e+01
   4.2744620e+06   3.8940430e+01
   4.2867960e+06   4.1564941e+01
   4.2868130e+06   3.9001465e+01
   4.3006730e+06   4.3518066e+01
   4.3177650e+06   4.1564941e+01
   4.3177780e+06   3.7658691e+01
   4.3178210e+06   6.6040039e+01
   4.3178440e+06   3.9367676e+01
   4.3178810e+06   4.0649414e+01
   4.3304060e+06   4.9926758e+01
   4.3304740e+06   5.3039551e+01
   4.3305300e+06   4.9011230e+01
   4.3313740e+06   4.0649414e+01
   4.3313840e+06   4.1076660e+01
   4.3314810e+06   4.5898438e+01
   4.3319870e+06   3.8024902e+01
   4.3321410e+06   3.8635254e+01
   4.3325780e+06   4.9316406e+01
   4.3327440e+06   5.9753418e+01
   4.3328340e+06   4.7546387e+01
   4.3329350e+06   5.1147461e+01
   4.3330760e+06   4.0527344e+01
   4.3365360e+06   3.7170410e+01
   4.3369060e+06   3.7475586e+01
   4.3378500e+06   4.7241211e+01
   4.3541770e+06   3.9184570e+01
   4.3698000e+06   5.1208496e+01
   4.3772670e+06   4.4982910e+01
   4.3772940e+06   4.5532227e+01
   4.3773560e+06   3.8208008e+01
   4.3843800e+06   4.8767090e+01
   4.3844130e+06   4.4616699e+01
   4.3844570e+06   4.7790527e+01
   4.3904600e+06   3.9550781e+01
   4.3904810e+06   5.7739258e+01
   4.3905360e+06   4.0893555e+01
   4.3953210e+06   5.0964355e+01
   4.3956560e+06   7.8002930e+01
   4.3963340e+06   4.1198730e+01
   4.3967230e+06   3.7658691e+01
   4.3968150e+06   5.6945801e+01
   4.3969630e+06   4.0954590e+01
   4.3973560e+06   6.7810059e+01
   4.3984650e+06   3.7597656e+01
   4.3985920e+06   4.7851563e+01
   4.4043690e+06   3.9489746e+01
   4.4044070e+06   4.5837402e+01
   4.4044890e+06   4.1320801e+01
   4.4131420e+06   4.1381836e+01
   4.4131770e+06   4.1320801e+01
   4.4279060e+06   3.7292480e+01
   4.4279250e+06   3.8024902e+01
   4.4279780e+06   6.2744141e+01
   4.4280380e+06   4.4433594e+01
   4.4418320e+06   4.5715332e+01
   4.4418620e+06   5.8227539e+01
   4.4419090e+06   5.7678223e+01
   4.4506180e+06   4.0710449e+01
   4.4506820e+06   5.5786133e+01
   4.4508330e+06   3.8574219e+01
   4.4515900e+06   3.8452148e+01
   4.4517310e+06   5.5847168e+01
   4.4648260e+06   3.9978027e+01
   4.4648690e+06   4.6630859e+01
   4.4904430e+06   3.7414551e+01
   4.4904830e+06   4.3518066e+01
   4.4905060e+06   3.9978027e+01
   4.4905170e+06   3.7475586e+01
   4.4905490e+06   3.9306641e+01
   4.4906310e+06   3.7719727e+01
   4.5099810e+06   5.1696777e+01
   4.5178820e+06   3.9245605e+01
   4.5180210e+06   4.9987793e+01
   4.5267350e+06   3.9550781e+01
   4.5267590e+06   5.0598145e+01
   4.5364580e+06   6.2683105e+01
   4.5365740e+06   3.9367676e+01
   4.5534340e+06   6.3842773e+01
   4.5534580e+06   3.8085938e+01
   4.5534790e+06   5.3283691e+01
   4.5534900e+06   4.1687012e+01
   4.5535110e+06   3.7231445e+01
   4.5535210e+06   3.8452148e+01
   4.5535490e+06   3.7658691e+01
   4.5550180e+06   4.9926758e+01
   4.5729560e+06   4.3884277e+01
   4.5729710e+06   4.1809082e+01
   4.5730240e+06   3.9978027e+01
   4.5730510e+06   3.7597656e+01
   4.5730820e+06   3.8513184e+01
   4.5832380e+06   4.2785645e+01
   4.5832790e+06   4.1442871e+01
   4.5833110e+06   6.0058594e+01
   4.5833860e+06   4.8095703e+01
   4.5967260e+06   3.7292480e+01
   4.5967420e+06   7.0068359e+01
   4.5967650e+06   3.7475586e+01
   4.5968030e+06   4.2785645e+01
   4.5968780e+06   3.9367676e+01
   4.5974120e+06   3.9672852e+01
   4.5978420e+06   4.0039063e+01
   4.6164000e+06   5.7006836e+01
   4.6164630e+06   5.4931641e+01
   4.6259400e+06   4.4433594e+01
   4.6264850e+06   4.2236328e+01
   4.6265290e+06   3.7292480e+01
   4.6278340e+06   4.1442871e+01
   4.6278550e+06   3.7902832e+01
   4.6522140e+06   3.7170410e+01
   4.6522980e+06   4.2236328e+01
   4.6528650e+06   5.3161621e+01
   4.6689440e+06   4.0527344e+01
   4.6689630e+06   5.6762695e+01
   4.6689850e+06   5.4809570e+01
   4.6690480e+06   3.8757324e+01
   4.6697280e+06   3.8391113e+01
   4.6864800e+06   5.1818848e+01
   4.6867060e+06   5.7067871e+01
   4.7125160e+06   3.7658691e+01
   4.7188410e+06   6.4270020e+01
   4.7188740e+06   4.6081543e+01
   4.7196890e+06   3.7597656e+01
   4.7288760e+06   3.7414551e+01
   4.7366260e+06   3.7353516e+01
   4.7433100e+06   3.7597656e+01
   4.7536540e+06   4.8461914e+01
   4.7683420e+06   3.9245605e+01
   4.7683670e+06   4.0832520e+01
   4.7828330e+06   3.7658691e+01
   4.7828480e+06   5.9509277e+01
   4.7917550e+06   4.1442871e+01
   4.8213700e+06   4.4372559e+01
   4.8214130e+06   3.8452148e+01
   4.8322650e+06   4.1015625e+01
   4.8328040e+06   4.3090820e+01
   4.8328210e+06   3.8513184e+01
   4.8328560e+06   3.9916992e+01
   4.8561530e+06   5.8471680e+01
   4.8639910e+06   4.6020508e+01
   4.8640120e+06   4.4494629e+01
   4.8650090e+06   3.8696289e+01
   4.8785840e+06   4.5654297e+01
   4.9025840e+06   4.5104980e+01
   4.9064230e+06   3.8208008e+01
   4.9116970e+06   4.6936035e+01
   4.9233670e+06   4.5410156e+01
   4.9233940e+06   4.2297363e+01
   4.9238980e+06   3.8208008e+01
   4.9359820e+06   4.1259766e+01
   4.9688660e+06   4.4616699e+01
   4.9972580e+06   4.7607422e+01
   5.0983350e+06   3.6987305e+01
   5.2305020e+06   5.3649902e+01
   5.2598200e+06   4.0893555e+01
   5.2954180e+06   5.3588867e+01
   5.2954730e+06   4.3090820e+01
   5.2955010e+06   4.6386719e+01
   5.2955290e+06   4.5410156e+01
   5.2959050e+06   3.8085938e+01
   5.2962230e+06   5.7128906e+01
   5.3068970e+06   3.8635254e+01
   5.3170830e+06   3.8024902e+01
   5.3217010e+06   3.9978027e+01
   5.3217610e+06   4.9682617e+01
   5.3428480e+06   4.8706055e+01
   5.3567060e+06   4.5776367e+01
   5.3628030e+06   5.6030273e+01
   5.3628280e+06   4.4372559e+01
   5.3628400e+06   4.2541504e+01
   5.3628720e+06   4.3090820e+01
   5.3630950e+06   4.9011230e+01
   5.3633430e+06   6.9091797e+01
   5.3633650e+06   4.2297363e+01
   5.3760430e+06   4.4555664e+01
   5.3760630e+06   4.1564941e+01
   5.3760960e+06   4.8583984e+01
   5.3761770e+06   3.7841797e+01
   5.3856360e+06   4.2541504e+01
   5.3948210e+06   4.1687012e+01
   5.3949530e+06   4.1381836e+01
   5.3952700e+06   4.4799805e+01
   5.4213930e+06   3.8879395e+01
   5.4214180e+06   4.4189453e+01
   5.4214460e+06   4.9560547e+01
   5.4214770e+06   4.7546387e+01
   5.4358230e+06   4.3701172e+01
   5.4358560e+06   4.2602539e+01
   5.4472790e+06   4.1259766e+01
   5.4473490e+06   4.2480469e+01
   5.4473750e+06   5.1086426e+01
   5.4473960e+06   4.0344238e+01
   5.4477580e+06   3.7597656e+01
   5.4478060e+06   3.8208008e+01
   5.4478660e+06   6.0485840e+01
   5.4482210e+06   6.6467285e+01
   5.4485100e+06   6.4270020e+01
   5.4489650e+06   3.7902832e+01
   5.4489920e+06   5.0842285e+01
   5.4490220e+06   3.9733887e+01
   5.4492060e+06   5.2062988e+01
   5.4492270e+06   3.8146973e+01
   5.4494620e+06   3.7048340e+01
   5.4523800e+06   4.0893555e+01
   5.4642650e+06   4.7302246e+01
   5.4643300e+06   4.9011230e+01
   5.4643470e+06   3.7109375e+01
   5.4643860e+06   3.9367676e+01
   5.4772130e+06   4.0039063e+01
   5.4774260e+06   3.8818359e+01
   5.4775020e+06   4.1503906e+01
   5.4776700e+06   4.8400879e+01
   5.4779000e+06   3.7414551e+01
   5.4781910e+06   4.5166016e+01
   5.4785750e+06   4.3273926e+01
   5.4800790e+06   5.6579590e+01
   5.4808290e+06   5.0109863e+01
   5.4810120e+06   5.7128906e+01
   5.4812190e+06   4.1931152e+01
   5.5006930e+06   3.8391113e+01
   5.5045490e+06   5.4260254e+01
   5.5046050e+06   3.8940430e+01
   5.5102100e+06   4.3090820e+01
   5.5102700e+06   4.0527344e+01
   5.5160050e+06   4.5410156e+01
   5.5161110e+06   3.7902832e+01
   5.5205660e+06   4.7241211e+01
   5.5206370e+06   4.4494629e+01
   5.5261440e+06   4.0893555e+01
   5.5261760e+06   4.0710449e+01
   5.5262170e+06   5.2062988e+01
   5.5262470e+06   3.8330078e+01
   5.5323690e+06   3.7231445e+01
   5.5324000e+06   4.7546387e+01
   5.5366110e+06   4.1992188e+01
   5.5457670e+06   5.2124023e+01
   5.5464230e+06   3.7170410e+01
   5.5601320e+06   3.8574219e+01
   5.5601480e+06   4.1748047e+01
   5.5601720e+06   5.0964355e+01
   5.5602040e+06   3.9855957e+01
   5.5602340e+06   4.1015625e+01
   5.5684920e+06   4.4677734e+01
   5.5685130e+06   3.9611816e+01
   5.5747160e+06   4.5227051e+01
   5.5820660e+06   4.1381836e+01
   5.5821520e+06   4.0588379e+01
   5.5827470e+06   4.2602539e+01
   5.5940760e+06   4.0466309e+01
   5.5941130e+06   4.5349121e+01
   5.5942100e+06   4.0405273e+01
   5.6070450e+06   4.8889160e+01
   5.6070710e+06   4.2602539e+01
   5.6174260e+06   5.1574707e+01
   5.6174860e+06   4.0771484e+01
   5.6333650e+06   4.1137695e+01
   5.6337560e+06   5.0231934e+01
   5.6337730e+06   3.8818359e+01
   5.6338440e+06   4.2602539e+01
   5.6457040e+06   3.7292480e+01
   5.6457230e+06   3.8452148e+01
   5.6457650e+06   4.8461914e+01
   5.6458920e+06   3.9001465e+01
   5.6540950e+06   4.2114258e+01
   5.6541450e+06   3.7109375e+01
   5.6542010e+06   4.3273926e+01
   5.6653430e+06   4.3395996e+01
   5.6654000e+06   4.3701172e+01
   5.6787870e+06   4.2480469e+01
   5.6788320e+06   4.7180176e+01
   5.6922890e+06   3.9367676e+01
   5.6923600e+06   7.0373535e+01
   5.6924210e+06   4.7058105e+01
   5.7027240e+06   4.1870117e+01
   5.7027790e+06   4.3945313e+01
   5.7153920e+06   3.9855957e+01
   5.7154050e+06   3.8635254e+01
   5.7154560e+06   4.5166016e+01
   5.7313200e+06   4.2480469e+01
   5.7313790e+06   4.6997070e+01
   5.7314790e+06   3.8940430e+01
   5.7316540e+06   3.7963867e+01
   5.7323730e+06   3.7170410e+01
   5.7427320e+06   4.3029785e+01
   5.7676070e+06   4.0954590e+01
   5.8726510e+06   4.7546387e+01
   5.8735600e+06   3.8085938e+01
   5.9034610e+06   4.1992188e+01
   5.9362220e+06   3.7902832e+01
   5.9853940e+06   4.0405273e+01
   5.9905150e+06   4.0588379e+01
   6.0331840e+06   3.9001465e+01
   6.0332110e+06   4.0771484e+01
   6.0333500e+06   4.3945313e+01
   6.0433390e+06   3.8024902e+01
   6.0433670e+06   4.4250488e+01
   6.0434440e+06   3.9306641e+01
   6.0530320e+06   3.8696289e+01
   6.0530460e+06   3.8208008e+01
   6.0738640e+06   3.8879395e+01
   6.0798680e+06   3.7902832e+01
   6.0931340e+06   4.1687012e+01
   6.0996990e+06   4.8889160e+01
   6.0998390e+06   4.2968750e+01
   6.0999000e+06   3.9367676e+01
   6.1162740e+06   3.7536621e+01
   6.1247250e+06   3.9916992e+01
   6.1247440e+06   5.4443359e+01
   6.1248140e+06   4.0893555e+01
   6.1338990e+06   4.0161133e+01
   6.1339800e+06   4.1809082e+01
   6.1340200e+06   4.5532227e+01
   6.1429470e+06   4.1748047e+01
   6.1535660e+06   4.6386719e+01
   6.1536580e+06   5.0170898e+01
   6.1537980e+06   3.8879395e+01
   6.1642720e+06   3.7902832e+01
   6.1760730e+06   3.8269043e+01
   6.1760920e+06   4.8706055e+01
   6.1761650e+06   4.3334961e+01
   6.1834170e+06   4.0161133e+01
   6.1927290e+06   4.6569824e+01
   6.1927620e+06   4.7912598e+01
   6.1928140e+06   5.0781250e+01
   6.1928280e+06   3.8696289e+01
   6.2011420e+06   3.7109375e+01
   6.2013180e+06   4.5471191e+01
   6.2094320e+06   3.9428711e+01
   6.2094860e+06   3.7292480e+01
   6.2095700e+06   3.7292480e+01
   6.2207480e+06   4.3273926e+01
   6.2207930e+06   3.9855957e+01
   6.2208410e+06   4.2724609e+01
   6.2210350e+06   5.4382324e+01
   6.2219100e+06   4.5227051e+01
   6.2219700e+06   3.8330078e+01
   6.2431700e+06   4.8278809e+01
   6.2432080e+06   4.1320801e+01
   6.2432340e+06   4.9011230e+01
   6.2560600e+06   4.0039062e+01
   6.2651600e+06   3.7658691e+01
   6.2655290e+06   4.8034668e+01
   6.2796990e+06   4.3334961e+01
   6.2798690e+06   4.3701172e+01
   6.2799390e+06   4.7424316e+01
   6.2959630e+06   4.0954590e+01
   6.3140440e+06   4.2480469e+01
   6.3283890e+06   3.7475586e+01
   6.3284060e+06   4.2175293e+01
   6.3284650e+06   4.1931152e+01
   6.3285420e+06   3.8696289e+01
   6.3288060e+06   3.7841797e+01
   6.3468630e+06   4.1076660e+01
   6.3468950e+06   4.2053223e+01
   6.3604910e+06   4.8767090e+01
   6.3605170e+06   4.3273926e+01
   6.3838390e+06   3.7963867e+01
   6.3885810e+06   5.0842285e+01
   6.3886160e+06   4.3273926e+01
   6.3887810e+06   3.8452148e+01
   6.3990720e+06   4.1076660e+01
   6.3992130e+06   3.8513184e+01
   6.4065620e+06   5.9020996e+01
   6.4068200e+06   4.3090820e+01
   6.4162090e+06   5.7434082e+01
   6.4202440e+06   4.3029785e+01
   6.4293660e+06   4.0710449e+01
   6.4294050e+06   3.9550781e+01
   6.4294550e+06   3.8452148e+01
   6.4295770e+06   3.7597656e+01
   6.4357830e+06   5.1025391e+01
   6.4357930e+06   4.7790527e+01
   6.4358670e+06   3.7475586e+01
   6.4423420e+06   3.7048340e+01
   6.4522610e+06   4.5227051e+01
   6.4614170e+06   5.0415039e+01
   6.4692750e+06   3.7475586e+01
   6.4692890e+06   5.8593750e+01
   6.4694460e+06   5.2795410e+01
   6.4798790e+06   3.8513184e+01
   6.4800070e+06   3.8085938e+01
   6.4800230e+06   3.9733887e+01
   6.4868630e+06   3.7109375e+01
   6.4956830e+06   4.2602539e+01
   6.5021790e+06   3.9306641e+01
   6.5022080e+06   4.6142578e+01
   6.5086490e+06   3.7109375e+01
   6.5196740e+06   4.9072266e+01
   6.5197500e+06   4.3518066e+01
   6.5198990e+06   4.0039063e+01
   6.5363100e+06   4.2968750e+01
   6.5363330e+06   4.4494629e+01
   6.5363840e+06   3.8085938e+01
   6.5364130e+06   3.7109375e+01
   6.5559870e+06   4.4921875e+01
   6.5560990e+06   3.8574219e+01
   6.5985390e+06   3.7719727e+01
   6.7712680e+06   4.3151855e+01
   6.8579130e+06   4.2114258e+01
   7.1440960e+06   3.8085938e+01
   7.2578170e+06   4.3212891e+01
   7.3383830e+06   3.7353516e+01
   7.3792840e+06   3.8269043e+01
   7.3805960e+06   4.1625977e+01
   7.3806110e+06   6.2133789e+01
   7.4014120e+06   4.0344238e+01
   7.4356340e+06   3.9367676e+01
   7.4739250e+06   3.9184570e+01
   7.4743850e+06   3.8635254e+01
   7.4744010e+06   4.1137695e+01
   7.4744400e+06   3.7902832e+01
   7.4941130e+06   3.9306641e+01
   7.4941480e+06   4.4921875e+01
   7.5403120e+06   4.0771484e+01
   7.5627710e+06   3.9794922e+01
   7.6042750e+06   4.5532227e+01
   7.6060880e+06   4.0710449e+01
   7.6673750e+06   4.5776367e+01
   7.6674160e+06   3.7963867e+01
   7.6822730e+06   6.9519043e+01
   7.7122550e+06   4.1442871e+01
   7.7204560e+06   4.0283203e+01
   7.7433550e+06   5.0537109e+01
   7.7449930e+06   3.7963867e+01
   7.7643400e+06   4.0344238e+01
   7.7806750e+06   4.1320801e+01
   7.8076880e+06   6.3293457e+01
   7.8544490e+06   3.7841797e+01
   7.8545200e+06   4.2053223e+01
   7.8715480e+06   3.8940430e+01
   7.8849130e+06   4.9316406e+01
   7.9059740e+06   3.7231445e+01
   7.9060150e+06   3.9367676e+01
   7.9180970e+06   4.0283203e+01
   7.9374620e+06   4.3762207e+01
   8.0365830e+06   3.9611816e+01
   8.2503580e+06   3.9428711e+01
   8.3202770e+06   4.1442871e+01
   8.6051440e+06   5.2429199e+01
   8.7112160e+06   4.1137695e+01
   8.7112660e+06   3.9184570e+01
   8.8367850e+06   3.8879395e+01
   8.9401680e+06   3.7597656e+01
   8.9401830e+06   4.1870117e+01
   8.9602240e+06   4.1442871e+01
   8.9602380e+06   4.7058105e+01
   9.1031060e+06   4.3640137e+01
   9.1031810e+06   3.9489746e+01
   9.1032020e+06   4.5837402e+01
   9.1032170e+06   3.8269043e+01
   9.1032400e+06   4.2480469e+01
   9.1043920e+06   4.0100098e+01
   9.1044710e+06   4.3334961e+01
   9.1045020e+06   4.1870117e+01
   9.1049620e+06   3.8330078e+01
   9.1055750e+06   5.2734375e+01
   9.1475880e+06   4.0588379e+01
   9.1476770e+06   3.8574219e+01
   9.1477770e+06   4.1076660e+01
   9.2801890e+06   4.1687012e+01
   9.2974550e+06   4.2053223e+01
   9.3101100e+06   4.3395996e+01
   9.3352540e+06   4.1442871e+01
   9.4916040e+06   3.9489746e+01
   9.4916780e+06   5.5175781e+01
   9.4917510e+06   3.8696289e+01
   9.5187540e+06   4.4616699e+01
   9.5570770e+06   3.8024902e+01
   9.5974480e+06   4.8645020e+01
   9.8001750e+06   3.8818359e+01
   9.8471230e+06   3.8940430e+01
   9.9183500e+06   5.8837891e+01
   1.0349973e+07   3.8452148e+01
   1.0777239e+07   4.0588379e+01
   1.0778444e+07   3.7902832e+01
