   1.1996000e+07   0.0000000e+00
   4.0310000e+03   3.6193848e+01
   8.6461000e+04   3.7597656e+01
   8.8159000e+04   3.7902832e+01
   1.2157600e+05   4.0710449e+01
   1.5155500e+05   3.6987305e+01
   1.5264500e+05   3.6987305e+01
   1.6969700e+05   3.7658691e+01
   1.8975400e+05   3.9245605e+01
   1.9092500e+05   4.0100098e+01
   2.1813400e+05   4.1564941e+01
   2.1899300e+05   4.2968750e+01
   2.2778800e+05   4.5288086e+01
   2.4351200e+05   3.8391113e+01
   2.4394800e+05   3.8818359e+01
   2.5523600e+05   3.8452148e+01
   2.5609100e+05   3.6437988e+01
   2.6310500e+05   3.7963867e+01
   2.9370300e+05   2.2491455e+02
   2.9374800e+05   3.7597656e+01
   2.9376700e+05   1.1102295e+02
   2.9378900e+05   4.9255371e+01
   2.9388800e+05   3.9855957e+01
   2.9392900e+05   4.4372559e+01
   2.9404800e+05   4.6142578e+01
   2.9531300e+05   3.8635254e+01
   2.9579500e+05   3.7414551e+01
   2.9646800e+05   3.6193848e+01
   2.9689600e+05   4.2114258e+01
   2.9719400e+05   6.5246582e+01
   2.9792700e+05   4.2114258e+01
   2.9819000e+05   1.2524414e+02
   2.9824900e+05   3.7536621e+01
   3.6636200e+05   3.8330078e+01
   3.6638600e+05   5.8715820e+01
   3.6639800e+05   5.0781250e+01
   3.6642400e+05   4.5410156e+01
   3.6647600e+05   4.3579102e+01
   3.6657100e+05   3.9855957e+01
   3.6662900e+05   3.8391113e+01
   3.6664000e+05   3.6071777e+01
   3.6693200e+05   3.8452148e+01
   3.6910800e+05   4.3884277e+01
   3.6939700e+05   5.7373047e+01
   3.6970000e+05   8.3862305e+01
   3.7045400e+05   4.4067383e+01
   3.9628100e+05   3.7536621e+01
   4.3601400e+05   3.9306641e+01
   4.3844600e+05   3.7475586e+01
   5.5612900e+05   3.7170410e+01
   5.8416000e+05   3.6132813e+01
   6.5193700e+05   2.0129395e+02
   6.5197700e+05   6.5063477e+01
   6.5199800e+05   3.6926270e+01
   6.5211700e+05   3.6804199e+01
   6.5219800e+05   5.0903320e+01
   6.5221100e+05   4.0222168e+01
   6.5227200e+05   5.0170898e+01
   6.5232100e+05   3.6682129e+01
   6.5236200e+05   4.5104980e+01
   6.5250500e+05   3.7048340e+01
   6.5267100e+05   1.0784912e+02
   6.5280600e+05   8.7036133e+01
   6.8570800e+05   4.1503906e+01
   6.8573900e+05   1.9049072e+02
   6.8578600e+05   7.3242188e+01
   6.8591800e+05   5.1269531e+01
   7.2119400e+05   4.1381836e+01
   7.2551000e+05   3.6071777e+01
   7.7202400e+05   3.7963867e+01
   7.7713700e+05   1.9891357e+02
   7.7720400e+05   1.1077881e+02
   7.7724300e+05   4.3579102e+01
   7.7728300e+05   1.1181641e+02
   7.7733700e+05   3.8085938e+01
   8.2371900e+05   3.6682129e+01
   8.7682400e+05   4.3273926e+01
   8.8294300e+05   3.8940430e+01
   8.8487400e+05   3.6926270e+01
   9.3222200e+05   3.7170410e+01
   9.3223500e+05   2.1942139e+02
   9.3228500e+05   9.2407227e+01
   9.3231900e+05   4.7851563e+01
   9.3235400e+05   5.2001953e+01
   9.3237000e+05   4.7912598e+01
   9.3245600e+05   6.7138672e+01
   9.3248000e+05   4.3640137e+01
   9.3253600e+05   4.2968750e+01
   9.3259300e+05   4.5532227e+01
   9.3268900e+05   4.4128418e+01
   9.3279700e+05   6.9519043e+01
   9.3299100e+05   9.4665527e+01
   9.3335900e+05   1.2573242e+02
   9.3433400e+05   3.6315918e+01
   9.4922700e+05   3.7353516e+01
   9.5532100e+05   4.0527344e+01
   9.6716300e+05   3.6682129e+01
   9.8917500e+05   3.6376953e+01
   1.0106430e+06   4.0466309e+01
   1.0206500e+06   4.1503906e+01
   1.0211360e+06   6.2194824e+01
   1.0239090e+06   3.9001465e+01
   1.0251420e+06   3.8391113e+01
   1.0277120e+06   3.9184570e+01
   1.0579530e+06   3.6437988e+01
   1.0606220e+06   3.9978027e+01
   1.0678550e+06   3.7658691e+01
   1.0889500e+06   3.6254883e+01
   1.1262510e+06   3.8940430e+01
   1.1472000e+06   3.7292480e+01
   1.1703470e+06   3.7841797e+01
   1.2425740e+06   3.6926270e+01
   1.2425860e+06   4.8706055e+01
   1.2426160e+06   5.2612305e+01
   1.2426650e+06   4.1503906e+01
   1.2427300e+06   3.8330078e+01
   1.2427980e+06   5.2490234e+01
   1.2429440e+06   3.6804199e+01
   1.2431810e+06   3.7109375e+01
   1.2439000e+06   3.9123535e+01
   1.2459000e+06   3.6682129e+01
   1.2462690e+06   3.8208008e+01
   1.2465340e+06   5.3161621e+01
   1.2467630e+06   5.5053711e+01
   1.2474670e+06   3.6376953e+01
   1.2476300e+06   9.4482422e+01
   1.2492240e+06   3.8513184e+01
   1.2507750e+06   3.8208008e+01
   1.2546500e+06   3.6010742e+01
   1.3142990e+06   3.7353516e+01
   1.3360730e+06   3.6926270e+01
   1.3386170e+06   4.4677734e+01
   1.3389760e+06   4.6447754e+01
   1.4462740e+06   4.1503906e+01
   1.4676330e+06   4.0649414e+01
   1.4872870e+06   3.6804199e+01
   1.5150260e+06   6.4331055e+01
   1.5151120e+06   3.9001465e+01
   1.5151660e+06   4.2053223e+01
   1.5152810e+06   3.6987305e+01
   1.5153030e+06   3.8391113e+01
   1.5156770e+06   4.3518066e+01
   1.5157540e+06   3.7475586e+01
   1.5165240e+06   4.1015625e+01
   1.5168560e+06   3.8696289e+01
   1.5171250e+06   5.1330566e+01
   1.5175750e+06   6.9824219e+01
   1.5871130e+06   3.9733887e+01
   1.5871320e+06   2.1563721e+02
   1.5871530e+06   5.7800293e+01
   1.5871720e+06   8.7829590e+01
   1.5872340e+06   7.9772949e+01
   1.5873120e+06   5.3833008e+01
   1.5873980e+06   6.2194824e+01
   1.5875380e+06   8.6486816e+01
   1.5876050e+06   4.0039062e+01
   1.5876470e+06   8.5021973e+01
   1.5878340e+06   1.1065674e+02
   1.6701350e+06   4.2907715e+01
   1.6701630e+06   4.6508789e+01
   1.6701760e+06   5.1025391e+01
   1.6702350e+06   3.9550781e+01
   1.6702510e+06   5.6396484e+01
   1.6702770e+06   3.7536621e+01
   1.6703220e+06   4.3151855e+01
   1.6704870e+06   3.6926270e+01
   1.6706550e+06   1.1541748e+02
   1.7538460e+06   3.7780762e+01
   1.7602540e+06   3.8574219e+01
   1.8664230e+06   3.6560059e+01
   1.8919740e+06   3.6926270e+01
   1.9163340e+06   5.0415039e+01
   1.9266860e+06   3.6010742e+01
   1.9398940e+06   4.1320801e+01
   1.9560640e+06   4.9987793e+01
   1.9997900e+06   3.9733887e+01
   2.0015590e+06   3.8146973e+01
   2.0015770e+06   5.0292969e+01
   2.0015960e+06   5.1757813e+01
   2.0016400e+06   3.7902832e+01
   2.0017360e+06   3.6254883e+01
   2.0033280e+06   3.6499023e+01
   2.0042900e+06   3.6254883e+01
   2.0044780e+06   3.6376953e+01
   2.0046840e+06   5.7556152e+01
   2.0049600e+06   4.8583984e+01
   2.1279200e+06   4.5288086e+01
   2.1298640e+06   4.2358398e+01
   2.1403790e+06   3.6437988e+01
   2.1561770e+06   4.6936035e+01
   2.3357830e+06   4.0893555e+01
   2.3361870e+06   4.5898438e+01
   2.3392550e+06   3.8330078e+01
   2.3426040e+06   3.8146973e+01
   2.3524510e+06   3.6071777e+01
   2.3611790e+06   3.7170410e+01
   2.3612000e+06   1.8255615e+02
   2.3612430e+06   6.2072754e+01
   2.3612790e+06   3.9367676e+01
   2.3612930e+06   6.5612793e+01
   2.3613290e+06   4.2358398e+01
   2.3613900e+06   5.8166504e+01
   2.3614020e+06   3.8085938e+01
   2.3614420e+06   4.4494629e+01
   2.3615240e+06   4.0405273e+01
   2.3615820e+06   3.7597656e+01
   2.3617900e+06   3.9550781e+01
   2.3636840e+06   3.6010742e+01
   2.3638720e+06   3.7597656e+01
   2.3642900e+06   5.9326172e+01
   2.3647000e+06   8.2580566e+01
   2.3652120e+06   9.7473145e+01
   2.3655260e+06   3.8513184e+01
   2.4470280e+06   3.6621094e+01
   2.5087550e+06   4.6691895e+01
   2.5770630e+06   4.2785645e+01
   2.5770780e+06   2.3333740e+02
   2.5771060e+06   5.2124023e+01
   2.5771430e+06   4.2053223e+01
   2.5772150e+06   4.0344238e+01
   2.5773350e+06   3.8513184e+01
   2.5774930e+06   3.6315918e+01
   2.5781200e+06   3.7719727e+01
   2.5789460e+06   3.6682129e+01
   2.5793500e+06   3.6132813e+01
   2.5803290e+06   3.7658691e+01
   2.5803520e+06   4.4860840e+01
   2.5806260e+06   4.0771484e+01
   2.5807750e+06   4.0588379e+01
   2.5809740e+06   4.6203613e+01
   2.5813140e+06   7.0617676e+01
   2.5816540e+06   7.7209473e+01
   2.5819640e+06   9.4055176e+01
   2.5835640e+06   3.8452148e+01
   2.5837370e+06   1.2670898e+02
   2.6748280e+06   3.9001465e+01
   2.7396200e+06   4.0405273e+01
   2.7396320e+06   2.2302246e+02
   2.7396540e+06   4.9194336e+01
   2.7396660e+06   4.3579102e+01
   2.7397120e+06   5.2124023e+01
   2.7397240e+06   4.2053223e+01
   2.7397560e+06   3.6987305e+01
   2.7397870e+06   5.6518555e+01
   2.7398570e+06   4.1381836e+01
   2.7399440e+06   1.0327148e+02
   2.7399570e+06   3.8696289e+01
   2.7401210e+06   1.2738037e+02
   2.7925820e+06   3.6315918e+01
   2.7926110e+06   2.2735596e+02
   2.7926750e+06   1.2506104e+02
   2.8446420e+06   4.0954590e+01
   2.8452250e+06   4.1442871e+01
   2.8460980e+06   4.5532227e+01
   2.8877130e+06   4.0954590e+01
   2.9177280e+06   3.6560059e+01
   2.9180520e+06   4.4921875e+01
   2.9333060e+06   3.7597656e+01
   2.9368560e+06   3.7597656e+01
   2.9381410e+06   4.4738770e+01
   3.0089860e+06   4.4555664e+01
   3.0096870e+06   3.6437988e+01
   3.0144220e+06   3.7658691e+01
   3.0596620e+06   3.6682129e+01
   3.0894820e+06   4.4555664e+01
   3.0900970e+06   3.8940430e+01
   3.0931910e+06   3.8513184e+01
   3.1301930e+06   3.8513184e+01
   3.2053750e+06   3.6193848e+01
   3.2285100e+06   3.6010742e+01
   3.2773700e+06   3.9184570e+01
   3.3603960e+06   4.3518066e+01
   3.4612010e+06   2.3107910e+02
   3.4612420e+06   8.1115723e+01
   3.4612750e+06   4.9743652e+01
   3.4613070e+06   4.4982910e+01
   3.4613540e+06   4.6997070e+01
   3.4613820e+06   5.0292969e+01
   3.4614100e+06   4.4555664e+01
   3.4615230e+06   3.6010742e+01
   3.4628670e+06   3.7475586e+01
   3.4640760e+06   3.8635254e+01
   3.4641930e+06   3.6621094e+01
   3.4649870e+06   3.8574219e+01
   3.4650040e+06   4.7607422e+01
   3.4652720e+06   3.9672852e+01
   3.4654890e+06   6.6528320e+01
   3.4661190e+06   8.1787109e+01
   3.4681760e+06   3.6010742e+01
   3.4698530e+06   3.6071777e+01
   3.4830340e+06   3.6499023e+01
   3.5264060e+06   3.6193848e+01
   3.5472390e+06   4.0954590e+01
   3.5751920e+06   3.9184570e+01
   3.6247220e+06   4.5959473e+01
   3.6252630e+06   3.7597656e+01
   3.6466020e+06   4.8828125e+01
   3.6648470e+06   3.6193848e+01
   3.7291950e+06   5.5480957e+01
   3.8605380e+06   3.9978027e+01
   3.9229510e+06   3.9489746e+01
   3.9835060e+06   2.3382568e+02
   3.9835300e+06   4.0222168e+01
   3.9835580e+06   1.0540771e+02
   3.9836040e+06   4.9987793e+01
   3.9836430e+06   4.6203613e+01
   3.9836720e+06   3.7536621e+01
   3.9836870e+06   3.8269043e+01
   3.9837250e+06   3.6682129e+01
   3.9837580e+06   3.6254883e+01
   3.9838490e+06   3.8085938e+01
   3.9839230e+06   3.6437988e+01
   3.9869660e+06   3.6987305e+01
   3.9872810e+06   3.7841797e+01
   3.9874480e+06   5.2673340e+01
   3.9897450e+06   3.6621094e+01
   4.1372600e+06   1.9989014e+02
   4.1372800e+06   6.4819336e+01
   4.1372940e+06   4.0954590e+01
   4.1373230e+06   4.7729492e+01
   4.1373330e+06   4.1503906e+01
   4.1373560e+06   4.1137695e+01
   4.1373800e+06   5.7739258e+01
   4.1374000e+06   3.7109375e+01
   4.1374960e+06   4.1198730e+01
   4.1375060e+06   4.4189453e+01
   4.1375330e+06   3.8635254e+01
   4.1375710e+06   4.1442871e+01
   4.1377340e+06   3.7719727e+01
   4.1378340e+06   5.1391602e+01
   4.1379410e+06   5.3161621e+01
   4.1381530e+06   6.5917969e+01
   4.1382630e+06   5.4687500e+01
   4.1383860e+06   6.2255859e+01
   4.1385600e+06   4.3823242e+01
   4.1387460e+06   5.3222656e+01
   4.1389310e+06   8.8317871e+01
   4.1390830e+06   3.7536621e+01
   4.1896930e+06   3.6071777e+01
   4.1902990e+06   5.1086426e+01
   4.1903370e+06   4.2480469e+01
   4.1903850e+06   3.6499023e+01
   4.1904060e+06   4.4250488e+01
   4.1904440e+06   4.1625977e+01
   4.1905470e+06   4.1992188e+01
   4.1905830e+06   4.0893555e+01
   4.1906320e+06   4.4006348e+01
   4.1907010e+06   4.6691895e+01
   4.1907600e+06   3.8024902e+01
   4.1908090e+06   3.9611816e+01
   4.1908930e+06   4.5349121e+01
   4.1909990e+06   4.1564941e+01
   4.1910100e+06   3.8391113e+01
   4.1910660e+06   3.8452148e+01
   4.1911120e+06   4.0222168e+01
   4.1912590e+06   5.1025391e+01
   4.1915610e+06   8.4594727e+01
   4.1916390e+06   3.7170410e+01
   4.2484920e+06   2.1856689e+02
   4.2485590e+06   1.0620117e+02
   4.2486200e+06   6.0485840e+01
   4.2487290e+06   8.1359863e+01
   4.2489730e+06   3.7170410e+01
   4.2595220e+06   3.8696289e+01
   4.2700710e+06   3.7658691e+01
   4.2868150e+06   3.6193848e+01
   4.3222580e+06   2.1374512e+02
   4.3223080e+06   7.7209473e+01
   4.3223380e+06   3.9855957e+01
   4.3223610e+06   4.9499512e+01
   4.3224840e+06   3.6437988e+01
   4.4133390e+06   3.7292480e+01
   4.4281200e+06   4.0344238e+01
   4.4420480e+06   4.3518066e+01
   4.4650680e+06   3.8818359e+01
   4.4906320e+06   4.1076660e+01
   4.5139950e+06   6.5795898e+01
   4.5140330e+06   7.7758789e+01
   4.5140740e+06   4.1015625e+01
   4.5141840e+06   6.3049316e+01
   4.5142930e+06   3.6499023e+01
   4.5143240e+06   1.2158203e+02
   4.5145540e+06   3.6315918e+01
   4.5536550e+06   5.1818848e+01
   4.5731450e+06   3.9489746e+01
   4.6266800e+06   3.7841797e+01
   4.6529740e+06   3.9978027e+01
   4.7366800e+06   3.6437988e+01
   4.7434210e+06   4.5837402e+01
   4.7750620e+06   4.8767090e+01
   4.7939150e+06   3.8757324e+01
   4.8635070e+06   4.3884277e+01
   4.8670280e+06   1.9799805e+02
   4.8670620e+06   7.0068359e+01
   4.8670900e+06   5.4931641e+01
   4.8671270e+06   4.6203613e+01
   4.8671950e+06   4.1748047e+01
   4.8682700e+06   3.6987305e+01
   4.8690220e+06   3.8452148e+01
   4.8700390e+06   4.0954590e+01
   4.8706410e+06   1.0101318e+02
   4.8720030e+06   1.3848877e+02
   4.9393720e+06   4.1503906e+01
   4.9394070e+06   5.3955078e+01
   4.9394240e+06   4.0893555e+01
   4.9394650e+06   3.8146973e+01
   4.9395080e+06   3.9306641e+01
   4.9395530e+06   3.6437988e+01
   4.9399630e+06   3.9550781e+01
   4.9402050e+06   3.9001465e+01
   4.9404270e+06   3.6071777e+01
   4.9429850e+06   3.6499023e+01
   4.9433370e+06   3.9611816e+01
   4.9435420e+06   5.2124023e+01
   4.9442620e+06   7.8979492e+01
   4.9468970e+06   4.0954590e+01
   4.9815510e+06   3.8818359e+01
   5.0626960e+06   3.9062500e+01
   5.1065100e+06   3.7475586e+01
   5.1369760e+06   3.9794922e+01
   5.1454780e+06   3.6682129e+01
   5.1493710e+06   4.0588379e+01
   5.1857460e+06   3.9184570e+01
   5.1864670e+06   4.4250488e+01
   5.1922940e+06   3.6315918e+01
   5.1984300e+06   5.0170898e+01
   5.1984580e+06   3.8330078e+01
   5.1984920e+06   3.9367676e+01
   5.1986540e+06   4.1931152e+01
   5.1988630e+06   3.8635254e+01
   5.1988790e+06   3.6926270e+01
   5.1989270e+06   3.8879395e+01
   5.1994450e+06   3.9672852e+01
   5.1996300e+06   3.7353516e+01
   5.1999540e+06   4.6447754e+01
   5.2000980e+06   5.2673340e+01
   5.2005330e+06   9.8876953e+01
   5.2048450e+06   4.0466309e+01
   5.2508830e+06   2.2143555e+02
   5.2509300e+06   4.5837402e+01
   5.2509580e+06   4.6569824e+01
   5.2510170e+06   9.6740723e+01
   5.2510450e+06   4.2419434e+01
   5.2510850e+06   3.8330078e+01
   5.2511870e+06   6.7382813e+01
   5.2513790e+06   4.0710449e+01
   5.2608780e+06   5.0964355e+01
   5.4052030e+06   3.6193848e+01
   5.4076100e+06   4.7424316e+01
   5.4076270e+06   2.0281982e+02
   5.4076470e+06   7.7331543e+01
   5.4076570e+06   4.4250488e+01
   5.4077220e+06   4.8156738e+01
   5.4077560e+06   4.0222168e+01
   5.4078730e+06   4.7668457e+01
   5.4079250e+06   4.0649414e+01
   5.4081720e+06   3.7109375e+01
   5.4086710e+06   6.9702148e+01
   5.4087450e+06   3.7841797e+01
   5.4090090e+06   5.0781250e+01
   5.4091270e+06   6.2133789e+01
   5.4094880e+06   9.8144531e+01
   5.4094980e+06   3.7719727e+01
   5.4645120e+06   5.1452637e+01
   5.4737760e+06   3.7170410e+01
   5.5326170e+06   3.6254883e+01
   5.5454040e+06   4.2785645e+01
   5.5454410e+06   1.8164063e+02
   5.5454860e+06   7.9223633e+01
   5.5455000e+06   3.8330078e+01
   5.5455480e+06   6.9030762e+01
   5.5456200e+06   8.6730957e+01
   5.5456510e+06   3.8269043e+01
   5.5457090e+06   8.3557129e+01
   5.5457820e+06   3.9062500e+01
   5.5603710e+06   3.8146973e+01
   5.5720060e+06   7.6721191e+01
   5.5720480e+06   7.9162598e+01
   5.5943310e+06   3.9062500e+01
   5.6072580e+06   5.5419922e+01
   5.6176240e+06   4.5654297e+01
   5.6542620e+06   3.9489746e+01
   5.6655980e+06   5.0231934e+01
   5.6925820e+06   3.9550781e+01
   5.6976870e+06   4.4250488e+01
   5.6977140e+06   1.8548584e+02
   5.6977760e+06   1.0974121e+02
   5.6979610e+06   3.6865234e+01
   5.7155630e+06   4.6447754e+01
   5.7422410e+06   4.2053223e+01
   5.7422530e+06   2.1026611e+02
   5.7423040e+06   7.6904297e+01
   5.7425160e+06   2.1136475e+02
   5.7855660e+06   4.5410156e+01
   5.7855960e+06   5.7006836e+01
   5.7856610e+06   7.7026367e+01
   5.7857380e+06   6.6589355e+01
   5.7857490e+06   3.9123535e+01
   5.7858980e+06   1.2634277e+02
   5.9213020e+06   3.8085938e+01
   5.9395270e+06   5.8166504e+01
   5.9462670e+06   2.6959229e+02
   5.9463020e+06   5.5541992e+01
   5.9463690e+06   4.4006348e+01
   5.9463960e+06   4.0283203e+01
   5.9464110e+06   3.8879395e+01
   5.9464820e+06   4.8339844e+01
   5.9464950e+06   4.3029785e+01
   5.9466810e+06   6.5490723e+01
   5.9467770e+06   4.1076660e+01
   5.9469080e+06   4.7851563e+01
   5.9470390e+06   7.1655273e+01
   5.9478510e+06   4.1381836e+01
   5.9479830e+06   5.2307129e+01
   5.9481390e+06   6.7382812e+01
   5.9485440e+06   8.3984375e+01
   5.9490650e+06   3.6315918e+01
   6.3470830e+06   4.6997070e+01
   6.3686230e+06   4.2297363e+01
   6.5603440e+06   4.0466309e+01
   6.5728750e+06   4.8522949e+01
   6.6209330e+06   3.8330078e+01
   6.6353980e+06   3.7170410e+01
   6.6448330e+06   5.1452637e+01
   6.6599570e+06   4.0039063e+01
   6.6661590e+06   3.7780762e+01
   6.6661990e+06   2.0806885e+02
   6.6662130e+06   5.9570313e+01
   6.6662640e+06   3.8757324e+01
   6.6663320e+06   4.9194336e+01
   6.6663520e+06   4.1870117e+01
   6.6663950e+06   3.6682129e+01
   6.6665110e+06   4.3579102e+01
   6.6712050e+06   3.8208008e+01
   6.6723590e+06   5.8776855e+01
   6.6731740e+06   6.7871094e+01
   6.7428140e+06   3.8513184e+01
   6.7636540e+06   4.6875000e+01
   6.7829430e+06   3.6865234e+01
   6.8278550e+06   4.2785645e+01
   7.5029720e+06   3.9978027e+01
   7.5029970e+06   4.1870117e+01
   7.5030380e+06   3.7414551e+01
   7.5030650e+06   3.7170410e+01
   7.5043530e+06   3.6071777e+01
   7.5084030e+06   3.6499023e+01
   7.5086530e+06   4.7119141e+01
   7.5096690e+06   4.8156738e+01
   7.6953000e+06   3.8635254e+01
   7.9516640e+06   5.1818848e+01
   7.9516850e+06   4.5288086e+01
   7.9517010e+06   5.5419922e+01
   7.9517220e+06   3.6621094e+01
   7.9518000e+06   3.7231445e+01
   7.9555410e+06   4.2968750e+01
   7.9560340e+06   5.0354004e+01
   7.9565360e+06   6.3476563e+01
   7.9569340e+06   7.2021484e+01
   7.9574750e+06   8.0688477e+01
   7.9600470e+06   1.1138916e+02
   8.0064760e+06   3.7353516e+01
   8.0511530e+06   3.7658691e+01
   8.0819450e+06   4.3273926e+01
   8.0819620e+06   2.0056152e+02
   8.0820070e+06   7.7392578e+01
   8.0820270e+06   4.7241211e+01
   8.0820750e+06   3.8085938e+01
   8.0821410e+06   4.4250488e+01
   8.0821680e+06   3.7902832e+01
   8.0821790e+06   3.6621094e+01
   8.0822350e+06   3.6437988e+01
   8.0823450e+06   4.0771484e+01
   8.0824450e+06   3.8024902e+01
   8.0844410e+06   3.9550781e+01
   8.0851770e+06   3.7902832e+01
   8.0854260e+06   4.6936035e+01
   8.3513560e+06   4.6447754e+01
   8.3872130e+06   4.6020508e+01
   8.4926440e+06   4.1381836e+01
   8.4926640e+06   1.7614746e+02
   8.4926820e+06   4.8461914e+01
   8.4927230e+06   3.7109375e+01
   8.4927690e+06   4.7912598e+01
   8.4928010e+06   4.2053223e+01
   8.4928810e+06   3.9611816e+01
   8.4929310e+06   4.9560547e+01
   8.4949260e+06   3.6865234e+01
   8.4953110e+06   4.8156738e+01
   8.4954700e+06   4.4067383e+01
   8.4956110e+06   4.9621582e+01
   8.4957770e+06   4.8950195e+01
   8.6793800e+06   4.0100098e+01
   8.6794330e+06   8.1542969e+01
   8.6794900e+06   6.6772461e+01
   8.6795580e+06   7.5988770e+01
   8.6795690e+06   3.6926270e+01
   8.6796010e+06   4.7485352e+01
   8.6796220e+06   5.2185059e+01
   8.6796350e+06   4.5959473e+01
   8.6797610e+06   3.8330078e+01
   8.6797990e+06   3.8085938e+01
   8.6798850e+06   3.8879395e+01
   8.6800390e+06   4.7424316e+01
   8.6800520e+06   4.3212891e+01
   8.6801310e+06   3.6865234e+01
   8.6802660e+06   4.1381836e+01
   8.6804510e+06   3.7719727e+01
   8.6805640e+06   6.2072754e+01
   8.6807160e+06   4.9743652e+01
   8.6808770e+06   4.4189453e+01
   9.3311530e+06   4.7424316e+01
   9.3311840e+06   4.2785645e+01
   9.3312170e+06   4.1137695e+01
   9.3312790e+06   3.6499023e+01
   9.3329970e+06   3.6804199e+01
   9.9937370e+06   3.9794922e+01
   9.9937810e+06   7.0800781e+01
   9.9937950e+06   4.5288086e+01
   9.9938110e+06   3.8269043e+01
   9.9939040e+06   4.2968750e+01
   9.9985960e+06   3.8879395e+01
   1.0004035e+07   3.7658691e+01
   1.0053608e+07   4.3640137e+01
   1.0813281e+07   1.6491699e+02
   1.0813299e+07   4.3029785e+01
   1.0813332e+07   4.3884277e+01
   1.0813374e+07   3.9428711e+01
   1.0813509e+07   3.9123535e+01
   1.0814008e+07   3.7231445e+01
   1.0822785e+07   3.7048340e+01
   1.1535695e+07   1.5289307e+02
   1.1535721e+07   4.4372559e+01
   1.1535735e+07   6.7565918e+01
   1.1535767e+07   3.8330078e+01
   1.1540350e+07   4.1076660e+01
   1.1724212e+07   3.6315918e+01
   1.1724246e+07   1.9903564e+02
   1.1724281e+07   5.6640625e+01
   1.1724337e+07   3.7475586e+01
   1.1724351e+07   4.0954590e+01
   1.1724409e+07   3.7780762e+01
   1.1724593e+07   3.6804199e+01
   1.1724799e+07   3.8146973e+01
   1.1727589e+07   3.6926270e+01
   1.1728103e+07   4.0100098e+01
   1.1728115e+07   3.6010742e+01
