   1.1996000e+07   0.0000000e+00
   2.9376600e+05   2.8576660e+02
   2.9380800e+05   1.8737793e+02
   2.9384500e+05   6.5307617e+01
   2.9386300e+05   3.6926270e+01
   2.9389400e+05   6.6711426e+01
   2.9390400e+05   3.9916992e+01
   2.9392700e+05   4.0344238e+01
   2.9395900e+05   4.0344238e+01
   2.9397800e+05   4.5776367e+01
   2.9405900e+05   5.2673340e+01
   2.9407700e+05   3.4118652e+01
   2.9427600e+05   3.5827637e+01
   2.9433800e+05   4.4006348e+01
   2.9438600e+05   4.7180176e+01
   2.9442000e+05   3.4240723e+01
   2.9446700e+05   3.5644531e+01
   2.9449600e+05   3.6804199e+01
   2.9453100e+05   6.4147949e+01
   2.9459700e+05   6.8420410e+01
   2.9467600e+05   7.5500488e+01
   2.9477100e+05   1.0925293e+02
   2.9484400e+05   9.5214844e+01
   2.9492200e+05   1.0839844e+02
   2.9523400e+05   1.6131592e+02
   3.6624800e+05   4.7973633e+01
   3.6628400e+05   4.2602539e+01
   3.6632500e+05   5.1513672e+01
   3.6634600e+05   5.6457520e+01
   3.6638700e+05   7.6904297e+01
   3.6643000e+05   6.0607910e+01
   3.6647900e+05   4.9560547e+01
   3.6651000e+05   3.5461426e+01
   3.6655100e+05   4.1931152e+01
   3.6659700e+05   3.6071777e+01
   3.6663000e+05   3.7719727e+01
   3.6668000e+05   3.5705566e+01
   3.6684000e+05   3.7170410e+01
   3.6694600e+05   4.9133301e+01
   3.6701800e+05   5.1391602e+01
   3.6708000e+05   5.2185059e+01
   3.6718900e+05   1.0241699e+02
   3.6721200e+05   3.3691406e+01
   3.6726900e+05   1.1914063e+02
   3.6735100e+05   1.4086914e+02
   3.6748600e+05   1.4733887e+02
   3.6760400e+05   1.4044189e+02
   3.6771300e+05   1.7303467e+02
   6.5197100e+05   2.1813965e+02
   6.5200700e+05   1.7315674e+02
   6.5203600e+05   3.4790039e+01
   6.5205000e+05   1.4331055e+02
   6.5208900e+05   7.2143555e+01
   6.5213000e+05   5.0170898e+01
   6.5215600e+05   3.6926270e+01
   6.5217900e+05   5.2612305e+01
   6.5223100e+05   4.5043945e+01
   6.5228500e+05   6.7687988e+01
   6.5230100e+05   3.9428711e+01
   6.5237600e+05   9.3627930e+01
   6.5253000e+05   1.6900635e+02
   6.5263200e+05   1.7724609e+02
   6.8556900e+05   2.7386475e+02
   6.8562500e+05   2.2418213e+02
   6.8563800e+05   3.5278320e+01
   6.8567100e+05   1.5606689e+02
   7.7717400e+05   2.5939941e+02
   7.7722900e+05   2.4462891e+02
   7.7729900e+05   3.5766602e+01
   7.7731700e+05   2.1148682e+02
   8.8586800e+05   3.5949707e+01
   9.3228800e+05   2.4224854e+02
   9.3232100e+05   3.6315918e+01
   9.3234000e+05   2.1801758e+02
   9.3238100e+05   1.2847900e+02
   9.3242700e+05   7.7575684e+01
   9.3246800e+05   5.8715820e+01
   9.3249700e+05   3.5339355e+01
   9.3252200e+05   4.1015625e+01
   9.3258100e+05   3.6682129e+01
   9.3262300e+05   4.3762207e+01
   9.3268800e+05   6.4758301e+01
   9.3277400e+05   8.7768555e+01
   9.3280200e+05   3.3935547e+01
   9.3282900e+05   6.1706543e+01
   9.3288200e+05   6.3720703e+01
   9.3299000e+05   1.1474609e+02
   1.2425190e+06   2.7618408e+02
   1.2425450e+06   1.2701416e+02
   1.2425760e+06   5.8227539e+01
   1.2425980e+06   4.3457031e+01
   1.2426360e+06   3.9794922e+01
   1.2426660e+06   3.5522461e+01
   1.2426930e+06   4.8950195e+01
   1.2427470e+06   4.3884277e+01
   1.2427900e+06   3.3447266e+01
   1.2428900e+06   3.6254883e+01
   1.2429610e+06   3.5278320e+01
   1.2430800e+06   3.7048340e+01
   1.2431350e+06   3.7902832e+01
   1.2431830e+06   3.5339355e+01
   1.2432090e+06   3.4667969e+01
   1.2432630e+06   5.4016113e+01
   1.2433740e+06   6.6772461e+01
   1.2433990e+06   3.9916992e+01
   1.2434530e+06   3.4973145e+01
   1.2434810e+06   6.1645508e+01
   1.2434910e+06   5.1696777e+01
   1.2435640e+06   8.4533691e+01
   1.2436830e+06   9.8754883e+01
   1.2439300e+06   1.4562988e+02
   1.2439400e+06   4.4555664e+01
   1.2440600e+06   1.3836670e+02
   1.2442360e+06   1.4843750e+02
   1.2445230e+06   1.6345215e+02
   1.2449580e+06   1.9146729e+02
   1.2452000e+06   3.8024902e+01
   1.5149310e+06   4.0222168e+01
   1.5149600e+06   5.9875488e+01
   1.5149710e+06   1.4257813e+02
   1.5150020e+06   3.4362793e+01
   1.5150240e+06   5.1696777e+01
   1.5150610e+06   5.5419922e+01
   1.5150930e+06   3.8696289e+01
   1.5151430e+06   3.9306641e+01
   1.5151680e+06   5.8715820e+01
   1.5152170e+06   5.5847168e+01
   1.5152640e+06   3.8635254e+01
   1.5153410e+06   4.8828125e+01
   1.5154200e+06   6.6406250e+01
   1.5154980e+06   7.1716309e+01
   1.5155480e+06   4.6936035e+01
   1.5156070e+06   7.1960449e+01
   1.5157530e+06   1.4703369e+02
   1.5159410e+06   1.6461182e+02
   1.5869910e+06   2.1301270e+02
   1.5870330e+06   1.7175293e+02
   1.5870680e+06   4.7241211e+01
   1.5870820e+06   1.2847900e+02
   1.5871370e+06   1.0131836e+02
   1.5871470e+06   3.5827637e+01
   1.5871830e+06   9.1003418e+01
   1.5872670e+06   1.6400146e+02
   1.5873460e+06   1.6607666e+02
   1.5874380e+06   2.1942139e+02
   1.6700340e+06   3.8085938e+01
   1.6700580e+06   4.5654297e+01
   1.6700720e+06   1.5936279e+02
   1.6700960e+06   5.0354004e+01
   1.6701270e+06   5.1086426e+01
   1.6701660e+06   6.0424805e+01
   1.6701810e+06   3.6437988e+01
   1.6702250e+06   4.4860840e+01
   1.6702590e+06   4.9926758e+01
   1.6705020e+06   2.1405029e+02
   1.8680220e+06   3.3752441e+01
   2.0014770e+06   2.5537109e+02
   2.0015090e+06   1.4746094e+02
   2.0015410e+06   9.4909668e+01
   2.0015880e+06   5.1147461e+01
   2.0016260e+06   4.1748047e+01
   2.0016540e+06   3.3691406e+01
   2.0017350e+06   3.6560059e+01
   2.0018310e+06   4.2419434e+01
   2.0018990e+06   3.4179688e+01
   2.0019500e+06   3.7536621e+01
   2.0020390e+06   4.2846680e+01
   2.0020960e+06   3.4667969e+01
   2.0021760e+06   6.1584473e+01
   2.0022030e+06   4.3579102e+01
   2.0022690e+06   9.5214844e+01
   2.0023670e+06   1.1291504e+02
   2.0024500e+06   1.3171387e+02
   2.0025240e+06   1.2445068e+02
   2.0028660e+06   1.9787598e+02
   2.0033040e+06   2.1990967e+02
   2.1279340e+06   3.5034180e+01
   2.2708950e+06   3.3630371e+01
   2.3612540e+06   2.1582031e+02
   2.3612990e+06   1.7785645e+02
   2.3613140e+06   3.3630371e+01
   2.3613250e+06   3.5278320e+01
   2.3613390e+06   6.2744141e+01
   2.3613800e+06   4.0405273e+01
   2.3614250e+06   5.2978516e+01
   2.3614560e+06   5.1269531e+01
   2.3614900e+06   3.8024902e+01
   2.3615150e+06   5.1757813e+01
   2.3616130e+06   3.3996582e+01
   2.3616350e+06   3.4423828e+01
   2.3616670e+06   4.1076660e+01
   2.3617340e+06   3.4484863e+01
   2.3619130e+06   3.4057617e+01
   2.3619680e+06   3.9733887e+01
   2.3620780e+06   8.1787109e+01
   2.3622090e+06   6.4575195e+01
   2.3627460e+06   1.9873047e+02
   2.5769920e+06   3.6926270e+01
   2.5770130e+06   3.9733887e+01
   2.5770280e+06   1.0858154e+02
   2.5770570e+06   6.6650391e+01
   2.5770880e+06   7.9345703e+01
   2.5771220e+06   5.9997559e+01
   2.5771530e+06   3.5095215e+01
   2.5772900e+06   3.4179688e+01
   2.5773280e+06   3.3569336e+01
   2.5773430e+06   4.6813965e+01
   2.5774170e+06   5.5419922e+01
   2.5775400e+06   3.5278320e+01
   2.5776080e+06   3.7170410e+01
   2.5776430e+06   3.3081055e+01
   2.5776950e+06   3.3935547e+01
   2.5777870e+06   4.9011230e+01
   2.5778120e+06   4.7607422e+01
   2.5778770e+06   6.9763184e+01
   2.5779310e+06   5.1452637e+01
   2.5779890e+06   8.5571289e+01
   2.5780470e+06   8.1909180e+01
   2.5781220e+06   1.0803223e+02
   2.5781940e+06   9.7473145e+01
   2.5783160e+06   1.0772705e+02
   2.5783320e+06   3.5705566e+01
   2.5784150e+06   1.1450195e+02
   2.5786880e+06   1.2866211e+02
   2.5794270e+06   1.6229248e+02
   2.5797110e+06   6.9030762e+01
   2.7394560e+06   2.4670410e+02
   2.7395040e+06   1.9451904e+02
   2.7395170e+06   3.8269043e+01
   2.7395550e+06   1.7102051e+02
   2.7395870e+06   3.8757324e+01
   2.7396170e+06   1.5747070e+02
   2.7396930e+06   1.3818359e+02
   2.7397470e+06   1.0656738e+02
   2.7397570e+06   4.5349121e+01
   2.7398030e+06   1.2115479e+02
   2.7398330e+06   3.3386230e+01
   2.7926250e+06   2.1887207e+02
   2.7928040e+06   2.6306152e+02
   3.3598540e+06   3.4057617e+01
   3.3601810e+06   3.4545898e+01
   3.4612600e+06   2.6129150e+02
   3.4612920e+06   5.3649902e+01
   3.4613020e+06   1.7840576e+02
   3.4613360e+06   3.7536621e+01
   3.4613640e+06   4.0832520e+01
   3.4614000e+06   3.6010742e+01
   3.4614150e+06   4.1931152e+01
   3.4614430e+06   3.4729004e+01
   3.4615250e+06   3.4667969e+01
   3.4617080e+06   4.1625977e+01
   3.4617520e+06   3.4118652e+01
   3.4617900e+06   3.7658691e+01
   3.4619790e+06   4.3151855e+01
   3.4620120e+06   5.3344727e+01
   3.4620350e+06   4.3273926e+01
   3.4620910e+06   4.7790527e+01
   3.4621410e+06   7.7636719e+01
   3.4622320e+06   9.1430664e+01
   3.4623090e+06   1.0418701e+02
   3.4623300e+06   3.5888672e+01
   3.4624410e+06   1.1273193e+02
   3.4624510e+06   3.3264160e+01
   3.4625150e+06   1.2915039e+02
   3.4626210e+06   1.4715576e+02
   3.4627240e+06   1.2481689e+02
   3.7145210e+06   2.5500488e+02
   3.9835710e+06   2.4847412e+02
   3.9836130e+06   1.8188477e+02
   3.9836520e+06   1.0986328e+02
   3.9837010e+06   1.0095215e+02
   3.9837310e+06   5.4199219e+01
   3.9837690e+06   3.9184570e+01
   3.9838350e+06   4.2114258e+01
   3.9838660e+06   3.7658691e+01
   3.9839280e+06   3.4240723e+01
   3.9840300e+06   3.5766602e+01
   3.9842630e+06   6.2683105e+01
   3.9843150e+06   3.9123535e+01
   3.9843600e+06   4.8706055e+01
   3.9844670e+06   3.4606934e+01
   3.9845450e+06   9.1064453e+01
   3.9845680e+06   3.4484863e+01
   3.9846150e+06   8.4899902e+01
   3.9847920e+06   1.4447021e+02
   3.9848930e+06   1.4361572e+02
   3.9850070e+06   1.3848877e+02
   3.9850760e+06   3.3569336e+01
   3.9852030e+06   1.4355469e+02
   3.9853580e+06   1.5844727e+02
   3.9922950e+06   3.6560059e+01
   4.1371260e+06   2.5506592e+02
   4.1371590e+06   3.3630371e+01
   4.1371840e+06   2.0806885e+02
   4.1372390e+06   1.5246582e+02
   4.1372920e+06   1.3806152e+02
   4.1373260e+06   4.2724609e+01
   4.1373970e+06   1.8048096e+02
   4.1374480e+06   1.3299561e+02
   4.1374600e+06   4.1442871e+01
   4.1375000e+06   1.0986328e+02
   4.1375680e+06   1.3000488e+02
   4.1375990e+06   3.4912109e+01
   4.1376810e+06   1.8310547e+02
   4.1901940e+06   4.6691895e+01
   4.1902270e+06   4.0344238e+01
   4.1902370e+06   1.3024902e+02
   4.1902740e+06   9.1796875e+01
   4.1903200e+06   6.6833496e+01
   4.1903610e+06   7.0129395e+01
   4.1904300e+06   4.0283203e+01
   4.1904730e+06   3.6315918e+01
   4.1905130e+06   3.5400391e+01
   4.1905960e+06   4.2846680e+01
   4.1906410e+06   3.4912109e+01
   4.1907670e+06   1.0430908e+02
   4.1908350e+06   1.0711670e+02
   4.1909790e+06   1.7596436e+02
   4.2485410e+06   2.4914551e+02
   4.2485810e+06   3.8879395e+01
   4.2486010e+06   2.0269775e+02
   4.2486140e+06   5.1940918e+01
   4.2486560e+06   1.5515137e+02
   4.2486960e+06   4.9743652e+01
   4.2487110e+06   4.1015625e+01
   4.2487480e+06   1.0833740e+02
   4.2488190e+06   4.3090820e+01
   4.2488380e+06   1.3433838e+02
   4.3222380e+06   2.5482178e+02
   4.3222840e+06   2.1185303e+02
   4.3223090e+06   4.3212891e+01
   4.3223380e+06   1.7004395e+02
   4.3223590e+06   4.4799805e+01
   4.3223810e+06   7.0251465e+01
   4.3224050e+06   6.4636230e+01
   4.3225090e+06   1.8536377e+02
   4.4990800e+06   2.6873779e+02
   4.4991080e+06   4.7424316e+01
   4.5139890e+06   2.5848389e+02
   4.5140250e+06   1.6131592e+02
   4.5140350e+06   5.2795410e+01
   4.5140690e+06   1.7010498e+02
   4.5140940e+06   3.6376953e+01
   4.5141140e+06   8.5388184e+01
   4.5141710e+06   1.3751221e+02
   4.5142030e+06   4.4006348e+01
   4.5142350e+06   1.0931396e+02
   4.7941040e+06   3.6499023e+01
   4.8670350e+06   2.7673340e+02
   4.8670810e+06   1.9726563e+02
   4.8671140e+06   8.8867188e+01
   4.8671310e+06   4.9682617e+01
   4.8671610e+06   5.8593750e+01
   4.8671710e+06   4.7668457e+01
   4.8672290e+06   4.1442871e+01
   4.8672530e+06   3.3691406e+01
   4.8672930e+06   3.8574219e+01
   4.8673460e+06   3.6621094e+01
   4.8673960e+06   4.3151855e+01
   4.8675640e+06   3.5034180e+01
   4.8676230e+06   4.7912598e+01
   4.8677030e+06   3.8635254e+01
   4.8677210e+06   7.6110840e+01
   4.8678140e+06   9.0087891e+01
   4.8679390e+06   1.3476563e+02
   4.8680480e+06   1.3964844e+02
   4.8681600e+06   1.6186523e+02
   4.8683800e+06   1.7340088e+02
   4.9393090e+06   1.8554688e+02
   4.9393370e+06   9.0148926e+01
   4.9393660e+06   9.0942383e+01
   4.9394010e+06   4.5532227e+01
   4.9394300e+06   6.0729980e+01
   4.9396610e+06   3.4118652e+01
   4.9397550e+06   3.5339355e+01
   4.9398640e+06   3.3813477e+01
   4.9400240e+06   3.5888672e+01
   4.9401130e+06   3.7048340e+01
   4.9401550e+06   3.4423828e+01
   4.9402130e+06   3.3203125e+01
   4.9402240e+06   3.3142090e+01
   4.9402650e+06   3.9855957e+01
   4.9402960e+06   4.0832520e+01
   4.9404230e+06   7.3059082e+01
   4.9405000e+06   7.0861816e+01
   4.9405780e+06   7.3181152e+01
   4.9406390e+06   7.8918457e+01
   4.9407080e+06   7.1777344e+01
   4.9407840e+06   7.5927734e+01
   4.9408570e+06   8.8745117e+01
   4.9409750e+06   8.4716797e+01
   4.9409920e+06   3.7719727e+01
   4.9410710e+06   1.2530518e+02
   4.9411760e+06   1.0565186e+02
   4.9413320e+06   1.2341309e+02
   4.9414230e+06   1.1724854e+02
   4.9415730e+06   1.1840820e+02
   4.9431040e+06   3.3813477e+01
   4.9518260e+06   5.5114746e+01
   4.9518650e+06   2.2125244e+02
   4.9520780e+06   3.4179688e+01
   5.1983500e+06   2.5286865e+02
   5.1983620e+06   4.9804688e+01
   5.1983840e+06   1.7315674e+02
   5.1984130e+06   6.0058594e+01
   5.1984270e+06   3.5888672e+01
   5.1984450e+06   4.7973633e+01
   5.1984700e+06   3.6621094e+01
   5.1984940e+06   4.2907715e+01
   5.1985270e+06   3.7719727e+01
   5.1985620e+06   4.5471191e+01
   5.1986280e+06   4.4616699e+01
   5.1986920e+06   4.9072266e+01
   5.1987780e+06   6.0913086e+01
   5.1988340e+06   5.4260254e+01
   5.1989540e+06   1.0650635e+02
   5.1989650e+06   3.5400391e+01
   5.1990570e+06   1.3848877e+02
   5.2510010e+06   2.6043701e+02
   5.2510320e+06   3.5949707e+01
   5.2510480e+06   1.6979980e+02
   5.2510860e+06   7.0983887e+01
   5.2511540e+06   1.3836670e+02
   5.2512810e+06   3.8513184e+01
   5.4075400e+06   3.4790039e+01
   5.4075520e+06   4.3884277e+01
   5.4075810e+06   1.1743164e+02
   5.4076110e+06   6.6162109e+01
   5.4076370e+06   4.4799805e+01
   5.4076570e+06   3.9245605e+01
   5.4076840e+06   4.1503906e+01
   5.4077250e+06   4.2114258e+01
   5.4077510e+06   3.6804199e+01
   5.4078130e+06   3.4851074e+01
   5.4078740e+06   3.8574219e+01
   5.4079510e+06   3.8146973e+01
   5.4079890e+06   3.9489746e+01
   5.4080250e+06   3.3874512e+01
   5.4080700e+06   3.5949707e+01
   5.4081670e+06   8.1420898e+01
   5.4081930e+06   4.2053223e+01
   5.4082490e+06   1.0089111e+02
   5.4083360e+06   1.3183594e+02
   5.4084240e+06   1.4843750e+02
   5.4085260e+06   1.5155029e+02
   5.5453070e+06   2.1575928e+02
   5.5453170e+06   3.4729004e+01
   5.5453540e+06   1.9146729e+02
   5.5454010e+06   4.0283203e+01
   5.5454120e+06   8.3740234e+01
   5.5454540e+06   1.3519287e+02
   5.5455100e+06   1.7181396e+02
   5.5455500e+06   4.1870117e+01
   5.5455760e+06   1.6717529e+02
   5.5456000e+06   3.9855957e+01
   5.5456170e+06   8.6486816e+01
   5.5456680e+06   9.1064453e+01
   5.5457470e+06   1.6845703e+02
   5.5459330e+06   2.2320557e+02
   5.5718900e+06   2.6202393e+02
   5.5719170e+06   3.6560059e+01
   5.5719600e+06   9.4238281e+01
   5.5720140e+06   1.1334229e+02
   5.5720800e+06   1.2274170e+02
   5.6176000e+06   3.4851074e+01
   5.6973200e+06   2.1667480e+02
   5.6973440e+06   4.7302246e+01
   5.6973800e+06   1.9915771e+02
   5.6975100e+06   2.4322510e+02
   5.6977290e+06   2.2784424e+02
   5.6977720e+06   3.9306641e+01
   5.6977910e+06   1.9787598e+02
   5.6978740e+06   2.2210693e+02
   5.7420880e+06   2.5177002e+02
   5.7421370e+06   3.3081055e+01
   5.7421550e+06   4.3518066e+01
   5.7421890e+06   1.4477539e+02
   5.7422040e+06   4.8950195e+01
   5.7423050e+06   1.7938232e+02
   5.7424110e+06   2.3095703e+02
   5.7854660e+06   3.5034180e+01
   5.7854840e+06   3.6682129e+01
   5.7855090e+06   1.5686035e+02
   5.7855450e+06   7.1716309e+01
   5.7855880e+06   6.7932129e+01
   5.7856080e+06   3.3264160e+01
   5.7856400e+06   9.5214844e+01
   5.7856800e+06   4.1809082e+01
   5.7856900e+06   8.0688477e+01
   5.7857850e+06   1.4434814e+02
   5.7858090e+06   3.7719727e+01
   5.7858920e+06   1.8780518e+02
   5.9461700e+06   2.7966309e+02
   5.9461950e+06   4.3334961e+01
   5.9462130e+06   1.4123535e+02
   5.9462480e+06   7.2326660e+01
   5.9462910e+06   8.0932617e+01
   5.9463310e+06   5.6945801e+01
   5.9463440e+06   3.7597656e+01
   5.9463710e+06   4.3884277e+01
   5.9463900e+06   3.5400391e+01
   5.9464190e+06   3.4057617e+01
   5.9464300e+06   8.2031250e+01
   5.9464980e+06   8.8806152e+01
   5.9466000e+06   1.4569092e+02
   5.9466220e+06   4.7729492e+01
   5.9466530e+06   7.7636719e+01
   5.9467310e+06   1.2921143e+02
   5.9467570e+06   3.9672852e+01
   6.6660640e+06   5.2429199e+01
   6.6661130e+06   3.9611816e+01
