   1.1996000e+07   0.0000000e+00
   5.1898000e+04   4.1992188e+01
   5.2027000e+04   5.1513672e+01
   5.2054000e+04   3.6315918e+01
   5.2115000e+04   4.7180176e+01
   5.2133000e+04   3.8513184e+01
   5.2154000e+04   4.9499512e+01
   5.2169000e+04   3.5217285e+01
   5.2188000e+04   4.7424316e+01
   5.2215000e+04   4.4555664e+01
   5.2248000e+04   4.6447754e+01
   5.2273000e+04   3.6926270e+01
   5.2305000e+04   3.8513184e+01
   5.2364000e+04   4.5776367e+01
   5.2397000e+04   5.2368164e+01
   5.2412000e+04   3.7841797e+01
   5.2460000e+04   4.6936035e+01
   5.2749000e+04   3.5766602e+01
   1.2058000e+05   3.5034180e+01
   1.2070900e+05   3.9611816e+01
   1.2076100e+05   3.4973145e+01
   1.2081700e+05   4.1137695e+01
   1.2084300e+05   3.5705566e+01
   1.2088800e+05   3.5522461e+01
   1.2090400e+05   3.4790039e+01
   1.2097300e+05   4.0527344e+01
   1.2102100e+05   4.6508789e+01
   1.2103100e+05   3.8085938e+01
   1.2107400e+05   3.6743164e+01
   1.2112100e+05   4.0710449e+01
   1.2114800e+05   3.9794922e+01
   1.2116900e+05   3.7902832e+01
   1.2121300e+05   3.7902832e+01
   1.2124500e+05   3.9855957e+01
   1.2185600e+05   3.4851074e+01
   1.8919700e+05   4.2114258e+01
   1.8932700e+05   3.8452148e+01
   1.8939200e+05   3.8940430e+01
   1.8941400e+05   3.7597656e+01
   1.8943800e+05   3.5583496e+01
   1.8949400e+05   3.6804199e+01
   1.8951900e+05   4.3273926e+01
   1.8952900e+05   3.5766602e+01
   1.8956200e+05   5.8776855e+01
   1.8959700e+05   3.5095215e+01
   1.8964800e+05   3.7475586e+01
   1.8966600e+05   3.8513184e+01
   1.8968200e+05   3.6499023e+01
   1.8972200e+05   3.8146973e+01
   1.8980500e+05   3.5461426e+01
   1.8994600e+05   4.0100098e+01
   2.2611500e+05   3.8208008e+01
   2.2623100e+05   5.2062988e+01
   2.2625400e+05   3.6682129e+01
   2.2630500e+05   3.5583496e+01
   2.2632500e+05   3.9428711e+01
   2.2636000e+05   3.7048340e+01
   2.2639000e+05   4.4250488e+01
   2.2642200e+05   4.5227051e+01
   2.2644100e+05   4.2663574e+01
   2.2645400e+05   3.9367676e+01
   2.2646900e+05   4.4982910e+01
   2.2650300e+05   3.4851074e+01
   2.2653100e+05   4.2419434e+01
   2.2656400e+05   4.5104980e+01
   2.2657600e+05   3.5217285e+01
   2.2661600e+05   3.5827637e+01
   2.2672100e+05   4.1198730e+01
   2.2674700e+05   3.8085938e+01
   2.2678700e+05   3.7109375e+01
   2.2684100e+05   3.9733887e+01
   2.2687700e+05   3.4912109e+01
   2.2797100e+05   3.7902832e+01
   2.2806300e+05   3.5095215e+01
   3.1052800e+05   3.9733887e+01
   3.1065400e+05   3.7963867e+01
   3.1070400e+05   3.8208008e+01
   3.1074700e+05   3.6621094e+01
   3.1077800e+05   3.6193848e+01
   3.1081300e+05   5.0964355e+01
   3.1083900e+05   5.6640625e+01
   3.1085200e+05   3.6499023e+01
   3.1087000e+05   4.0344238e+01
   3.1091400e+05   4.0954590e+01
   3.1093800e+05   3.9550781e+01
   3.1095900e+05   4.6813965e+01
   3.1099500e+05   4.6813965e+01
   3.1106300e+05   3.5705566e+01
   3.1123100e+05   3.5400391e+01
   3.1135400e+05   3.4790039e+01
   3.1227000e+05   3.4851074e+01
   3.5228900e+05   3.6315918e+01
   3.5240000e+05   4.1259766e+01
   3.5248700e+05   6.0668945e+01
   3.5252200e+05   3.9245605e+01
   3.5254500e+05   4.6447754e+01
   3.5257200e+05   4.8889160e+01
   3.5263800e+05   3.7597656e+01
   3.5266100e+05   3.6682129e+01
   3.5273000e+05   3.5095215e+01
   3.5274500e+05   4.9987793e+01
   3.5276700e+05   5.1025391e+01
   3.5278000e+05   3.4790039e+01
   3.5289100e+05   4.4982910e+01
   3.5373300e+05   3.6560059e+01
   3.5403900e+05   3.7841797e+01
   4.4334400e+05   4.2602539e+01
   4.4335500e+05   4.1259766e+01
   4.4338200e+05   4.1809082e+01
   4.4340900e+05   3.7841797e+01
   4.4342800e+05   3.8818359e+01
   4.4344700e+05   3.7170410e+01
   4.4347600e+05   4.9560547e+01
   4.4350200e+05   4.3151855e+01
   4.4352500e+05   5.0476074e+01
   4.4355100e+05   6.0974121e+01
   4.4357300e+05   4.3701172e+01
   4.4358700e+05   3.7536621e+01
   4.4363000e+05   3.5339355e+01
   4.4365700e+05   4.2297363e+01
   4.4387100e+05   3.5766602e+01
   4.4481300e+05   4.2724609e+01
   4.5571300e+05   3.8513184e+01
   4.5614900e+05   3.5766602e+01
   4.5617300e+05   3.7353516e+01
   4.5623600e+05   3.9184570e+01
   4.5629400e+05   4.0283203e+01
   4.5631800e+05   3.7292480e+01
   4.5641000e+05   4.0954590e+01
   4.5644400e+05   3.8574219e+01
   4.5653900e+05   3.8940430e+01
   4.5660000e+05   3.7719727e+01
   4.5678700e+05   3.6254883e+01
   5.4140400e+05   3.6499023e+01
   5.4155400e+05   3.5705566e+01
   5.4159000e+05   4.3823242e+01
   5.4160400e+05   4.8645020e+01
   5.4163300e+05   4.0832520e+01
   5.4164800e+05   4.0222168e+01
   5.4167700e+05   3.5827637e+01
   5.4170600e+05   5.3222656e+01
   5.4172300e+05   3.8940430e+01
   5.4175800e+05   4.1442871e+01
   5.4178500e+05   4.1442871e+01
   5.4180300e+05   4.0893555e+01
   5.4182700e+05   3.4912109e+01
   5.4186200e+05   4.3090820e+01
   5.4190400e+05   3.5156250e+01
   5.4192300e+05   3.8696289e+01
   6.0471200e+05   3.7658691e+01
   6.0486400e+05   3.8757324e+01
   6.0492400e+05   3.6437988e+01
   6.0497700e+05   4.9072266e+01
   6.0505100e+05   4.4982910e+01
   6.0507700e+05   5.9936523e+01
   6.0510100e+05   4.4921875e+01
   6.0515400e+05   4.0893555e+01
   6.0520200e+05   3.5949707e+01
   6.0522400e+05   4.0344238e+01
   6.0527500e+05   3.8696289e+01
   6.0531700e+05   3.4912109e+01
   6.0532800e+05   3.6132813e+01
   6.6506400e+05   4.7851562e+01
   6.6517600e+05   3.8757324e+01
   6.6522700e+05   3.6071777e+01
   6.6529400e+05   3.8269043e+01
   6.6532600e+05   4.4921875e+01
   6.6534000e+05   4.2663574e+01
   6.6536500e+05   4.0954590e+01
   6.6538900e+05   3.6254883e+01
   6.6541700e+05   4.1381836e+01
   6.6544900e+05   3.5034180e+01
   6.6546400e+05   4.7973633e+01
   6.6551500e+05   3.5034180e+01
   6.6556800e+05   3.5400391e+01
   6.6600300e+05   3.9123535e+01
   6.6614300e+05   4.3151855e+01
   6.6743900e+05   3.5217285e+01
   7.1832400e+05   4.6569824e+01
   7.1852500e+05   4.5288086e+01
   7.1857900e+05   4.1442871e+01
   7.1862400e+05   4.1931152e+01
   7.1863800e+05   4.0100098e+01
   7.1868300e+05   4.5776367e+01
   7.1869700e+05   4.1870117e+01
   7.1878100e+05   3.6071777e+01
   7.1880700e+05   3.6254883e+01
   7.1884300e+05   3.8330078e+01
   7.1885900e+05   3.5949707e+01
   7.1888700e+05   4.6630859e+01
   7.1894300e+05   3.7048340e+01
   7.1957400e+05   3.5278320e+01
   7.3149500e+05   3.8696289e+01
   7.8302500e+05   3.8391113e+01
   7.8310500e+05   4.6813965e+01
   7.8311700e+05   3.4790039e+01
   7.8317000e+05   3.8085938e+01
   7.8319000e+05   4.1809082e+01
   7.8323200e+05   5.0659180e+01
   7.8326700e+05   5.3588867e+01
   7.8329000e+05   4.1442871e+01
   7.8331200e+05   3.4851074e+01
   7.8336100e+05   4.1625977e+01
   7.8338800e+05   3.5827637e+01
   7.8341800e+05   3.6987305e+01
   7.8347300e+05   4.0039063e+01
   7.8360000e+05   4.1503906e+01
   7.8364100e+05   3.6071777e+01
   7.8375400e+05   3.5522461e+01
   8.3188000e+05   5.0476074e+01
   8.3198800e+05   5.5480957e+01
   8.3212200e+05   4.3884277e+01
   8.3213500e+05   5.5053711e+01
   8.3216400e+05   5.3588867e+01
   8.3217800e+05   3.8513184e+01
   8.3219300e+05   3.5400391e+01
   8.3221300e+05   4.5715332e+01
   8.3224900e+05   3.9184570e+01
   9.0219800e+05   4.2724609e+01
   9.0236100e+05   4.2663574e+01
   9.0237600e+05   4.3151855e+01
   9.0239400e+05   4.3395996e+01
   9.0240900e+05   4.5837402e+01
   9.0243000e+05   3.5827637e+01
   9.0245100e+05   4.8889160e+01
   9.0247400e+05   3.9428711e+01
   9.0253300e+05   3.8024902e+01
   9.0254400e+05   4.2053223e+01
   9.0258600e+05   3.7597656e+01
   9.0265500e+05   3.8146973e+01
   9.0281300e+05   3.5522461e+01
   9.0356400e+05   3.6254883e+01
   9.5435200e+05   4.7973633e+01
   9.5447900e+05   3.7902832e+01
   9.5449300e+05   3.5888672e+01
   9.5452800e+05   3.4851074e+01
   9.5460200e+05   3.4973145e+01
   9.5461300e+05   4.9560547e+01
   9.5462600e+05   3.7597656e+01
   9.5464800e+05   3.4912109e+01
   9.5467300e+05   4.2236328e+01
   9.5469600e+05   3.5583496e+01
   9.5473500e+05   3.5888672e+01
   9.5475400e+05   3.7597656e+01
   9.5479800e+05   3.5095215e+01
   9.5482300e+05   3.6621094e+01
   9.5494300e+05   3.9062500e+01
   9.5507300e+05   4.3273926e+01
   9.5558200e+05   3.5461426e+01
   9.5589600e+05   3.5766602e+01
   9.8866000e+05   4.1320801e+01
   9.8882400e+05   4.2724609e+01
   9.8891400e+05   4.6813965e+01
   9.8892800e+05   3.7719727e+01
   9.8899300e+05   4.3212891e+01
   9.8904100e+05   4.4555664e+01
   9.8906700e+05   4.5288086e+01
   9.8907900e+05   4.2785645e+01
   9.8910800e+05   3.9550781e+01
   9.8912500e+05   3.5278320e+01
   9.8918200e+05   3.5461426e+01
   9.8925500e+05   3.9672852e+01
   9.8928200e+05   3.5339355e+01
   9.8945300e+05   3.7109375e+01
   9.8948000e+05   3.7597656e+01
   9.8953400e+05   3.9001465e+01
   9.8964900e+05   3.6560059e+01
   1.0761250e+06   3.6437988e+01
   1.0761900e+06   3.5278320e+01
   1.0762500e+06   3.5461426e+01
   1.0762720e+06   3.4973145e+01
   1.0763140e+06   4.2053223e+01
   1.0763270e+06   3.6376953e+01
   1.0763410e+06   3.8940430e+01
   1.0763890e+06   4.0222168e+01
   1.0764120e+06   4.5227051e+01
   1.0764470e+06   3.5034180e+01
   1.0765210e+06   3.8269043e+01
   1.0765490e+06   3.7353516e+01
   1.0765610e+06   3.5400391e+01
   1.0766010e+06   3.8024902e+01
   1.0766180e+06   4.2968750e+01
   1.0766500e+06   3.6987305e+01
   1.0766790e+06   4.4921875e+01
   1.0767520e+06   3.5461426e+01
   1.0768380e+06   3.7048340e+01
   1.0769120e+06   3.8146973e+01
   1.1228550e+06   4.0161133e+01
   1.1230490e+06   4.0710449e+01
   1.1230810e+06   3.7719727e+01
   1.1231150e+06   4.1870117e+01
   1.1231680e+06   4.1992188e+01
   1.1232620e+06   3.9916992e+01
   1.1233280e+06   4.1687012e+01
   1.1233740e+06   3.7170410e+01
   1.1233890e+06   3.9245605e+01
   1.1234050e+06   3.8269043e+01
   1.1234320e+06   3.7414551e+01
   1.1235760e+06   3.7841797e+01
   1.1240410e+06   3.9733887e+01
   1.1242010e+06   3.5400391e+01
   1.1897200e+06   3.5339355e+01
   1.1897750e+06   4.6997070e+01
   1.1898270e+06   3.7048340e+01
   1.1898480e+06   3.4912109e+01
   1.1898650e+06   3.8696289e+01
   1.1899010e+06   4.2968750e+01
   1.1899190e+06   4.0832520e+01
   1.1899530e+06   4.4555664e+01
   1.1899950e+06   3.4851074e+01
   1.1900730e+06   3.7292480e+01
   1.1901450e+06   4.3701172e+01
   1.1903370e+06   3.6315918e+01
   1.2311170e+06   3.6132813e+01
   1.2312940e+06   4.0161133e+01
   1.2313180e+06   3.7780762e+01
   1.2313440e+06   3.9672852e+01
   1.2313650e+06   4.7363281e+01
   1.2313840e+06   3.9733887e+01
   1.2314320e+06   3.6560059e+01
   1.2314430e+06   3.7414551e+01
   1.2314660e+06   4.1015625e+01
   1.2315050e+06   3.9062500e+01
   1.2315580e+06   3.9550781e+01
   1.2315770e+06   4.8583984e+01
   1.2316940e+06   3.9855957e+01
   1.2317210e+06   3.6499023e+01
   1.2317650e+06   3.8146973e+01
   1.2317970e+06   3.5400391e+01
   1.2318450e+06   3.5217285e+01
   1.2321860e+06   3.4973145e+01
   1.2739530e+06   4.0283203e+01
   1.2740810e+06   4.0466309e+01
   1.2741560e+06   3.8513184e+01
   1.2741920e+06   3.7536621e+01
   1.2742100e+06   4.6508789e+01
   1.2742300e+06   4.4616699e+01
   1.2742730e+06   3.6254883e+01
   1.2742900e+06   4.3395996e+01
   1.2743110e+06   4.2419434e+01
   1.2743450e+06   3.9550781e+01
   1.2743630e+06   3.6621094e+01
   1.2743860e+06   3.6010742e+01
   1.2744310e+06   3.7475586e+01
   1.2744440e+06   4.2053223e+01
   1.2745010e+06   3.6926270e+01
   1.2745830e+06   3.6376953e+01
   1.2746710e+06   3.7963867e+01
   1.2750200e+06   4.2419434e+01
   1.2754730e+06   3.5400391e+01
   1.2858200e+06   3.6315918e+01
   1.2858880e+06   3.5644531e+01
   1.2859530e+06   3.9916992e+01
   1.2859850e+06   4.0710449e+01
   1.2860440e+06   3.9001465e+01
   1.2860820e+06   3.6560059e+01
   1.2861310e+06   4.2785645e+01
   1.2861910e+06   3.7292480e+01
   1.2862360e+06   3.6376953e+01
   1.2863830e+06   3.5705566e+01
   1.2870230e+06   3.7170410e+01
   1.2995870e+06   3.5095215e+01
   1.2998490e+06   3.9916992e+01
   1.2998850e+06   4.5959473e+01
   1.2999190e+06   4.0649414e+01
   1.2999910e+06   3.4973145e+01
   1.3000920e+06   3.8696289e+01
   1.3001940e+06   3.9733887e+01
   1.3002910e+06   3.9489746e+01
   1.3004690e+06   4.0710449e+01
   1.3098270e+06   3.7292480e+01
   1.3099130e+06   3.5400391e+01
   1.3099860e+06   3.7231445e+01
   1.3101740e+06   3.7963867e+01
   1.3103540e+06   3.5095215e+01
   1.3192440e+06   3.5705566e+01
   1.3195780e+06   3.5339355e+01
   1.3196780e+06   3.5644531e+01
   1.3197570e+06   3.7719727e+01
   1.3572740e+06   3.7902832e+01
   1.3573590e+06   3.9550781e+01
   1.3574350e+06   3.6010742e+01
   1.3575470e+06   3.5705566e+01
   1.3576120e+06   4.2480469e+01
   1.3576540e+06   3.8391113e+01
   1.3579370e+06   3.5705566e+01
   1.3581700e+06   3.5400391e+01
   1.3719960e+06   3.5339355e+01
   1.3721220e+06   5.3466797e+01
   1.3722130e+06   3.5156250e+01
   1.3729910e+06   3.6743164e+01
   1.3878680e+06   3.5705566e+01
   1.3881140e+06   3.9916992e+01
   1.3882260e+06   3.5339355e+01
   1.3882660e+06   3.4790039e+01
   1.3886330e+06   3.5095215e+01
   1.4124810e+06   3.5644531e+01
   1.4126770e+06   4.2419434e+01
   1.4128250e+06   3.6010742e+01
   1.4128580e+06   3.5339355e+01
   1.4129930e+06   3.5095215e+01
   1.4136000e+06   3.6560059e+01
   1.5277620e+06   3.5705566e+01
   1.5278670e+06   4.3579102e+01
   1.5279370e+06   3.6193848e+01
   1.5279660e+06   3.7170410e+01
   1.5280330e+06   4.3151855e+01
   1.5280560e+06   3.5095215e+01
   1.5280720e+06   4.4433594e+01
   1.5281180e+06   4.2236328e+01
   1.5281430e+06   5.1147461e+01
   1.5281720e+06   4.2053223e+01
   1.5281920e+06   3.8635254e+01
   1.5282130e+06   3.9062500e+01
   1.5282330e+06   4.1809082e+01
   1.5282510e+06   3.4912109e+01
   1.5282620e+06   4.3090820e+01
   1.5283070e+06   3.9916992e+01
   1.5283360e+06   3.8208008e+01
   1.5283470e+06   3.4851074e+01
   1.5284460e+06   3.7719727e+01
   1.5285900e+06   3.5095215e+01
   1.5286770e+06   3.5217285e+01
   1.5288220e+06   4.1259766e+01
   1.6092410e+06   4.2175293e+01
   1.6092950e+06   3.6315918e+01
   1.6093600e+06   3.7658691e+01
   1.6094220e+06   3.5644531e+01
   1.6095200e+06   3.5217285e+01
   1.6095690e+06   3.8879395e+01
   1.6095830e+06   4.1625977e+01
   1.6096150e+06   4.6997070e+01
   1.6096330e+06   4.5043945e+01
   1.6096660e+06   3.6743164e+01
   1.6096910e+06   3.7109375e+01
   1.6097200e+06   4.6569824e+01
   1.6097380e+06   3.9978027e+01
   1.6097570e+06   3.7902832e+01
   1.6705510e+06   4.5104980e+01
   1.6707740e+06   5.5297852e+01
   1.6708150e+06   3.5766602e+01
   1.6708390e+06   3.6926270e+01
   1.6708760e+06   3.5888672e+01
   1.6708920e+06   4.1381836e+01
   1.6709760e+06   3.9062500e+01
   1.6709920e+06   3.8940430e+01
   1.6710900e+06   3.9123535e+01
   1.6711180e+06   3.7292480e+01
   1.6711480e+06   3.9306641e+01
   1.6711610e+06   3.7658691e+01
   1.6712130e+06   4.4799805e+01
   1.6718410e+06   3.4851074e+01
   1.6724450e+06   3.5217285e+01
   1.6725010e+06   3.5400391e+01
   1.7294740e+06   4.6447754e+01
   1.7294860e+06   3.5461426e+01
   1.7295160e+06   3.5949707e+01
   1.7295540e+06   3.8818359e+01
   1.7295660e+06   4.8706055e+01
   1.7296140e+06   3.5278320e+01
   1.7296430e+06   4.7912598e+01
   1.7296600e+06   3.5156250e+01
   1.7297050e+06   3.7597656e+01
   1.7297320e+06   4.8583984e+01
   1.7297810e+06   3.7353516e+01
   1.7298090e+06   3.4851074e+01
   1.7298640e+06   4.2358398e+01
   1.7299290e+06   3.8146973e+01
   1.7299540e+06   3.4912109e+01
   1.7299760e+06   3.6621094e+01
   1.7309660e+06   3.5583496e+01
   1.7776360e+06   4.2358398e+01
   1.7776940e+06   3.5217285e+01
   1.7777420e+06   3.6437988e+01
   1.7777520e+06   3.6743164e+01
   1.7777660e+06   4.2114258e+01
   1.7777820e+06   4.8095703e+01
   1.7778140e+06   3.6865234e+01
   1.7778390e+06   3.9184570e+01
   1.7778550e+06   3.9001465e+01
   1.7779010e+06   4.2053223e+01
   1.7779260e+06   4.3945313e+01
   1.7779410e+06   4.1870117e+01
   1.7779740e+06   3.5705566e+01
   1.7780130e+06   3.9611816e+01
   1.8387000e+06   4.8095703e+01
   1.8387990e+06   3.5644531e+01
   1.8388390e+06   4.7424316e+01
   1.8389030e+06   3.6682129e+01
   1.8389180e+06   3.7719727e+01
   1.8389330e+06   3.7963867e+01
   1.8389700e+06   3.6560059e+01
   1.8389950e+06   4.8278809e+01
   1.8390190e+06   3.7170410e+01
   1.8390700e+06   3.7536621e+01
   1.8391090e+06   4.6264648e+01
   1.8391280e+06   3.6804199e+01
   1.8391640e+06   6.3049316e+01
   1.8391880e+06   4.0100098e+01
   1.8393500e+06   3.5339355e+01
   1.9010950e+06   3.8696289e+01
   1.9012280e+06   4.1809082e+01
   1.9012860e+06   5.2978516e+01
   1.9013160e+06   4.2175293e+01
   1.9013810e+06   4.1442871e+01
   1.9014610e+06   4.3212891e+01
   1.9014770e+06   5.2185059e+01
   1.9015050e+06   4.1625977e+01
   1.9015430e+06   3.9916992e+01
   1.9016050e+06   3.8818359e+01
   1.9017980e+06   3.4851074e+01
   1.9023830e+06   3.7841797e+01
   1.9031890e+06   3.8513184e+01
   1.9273610e+06   3.9672852e+01
   1.9275120e+06   4.1259766e+01
   1.9275760e+06   3.8513184e+01
   1.9276510e+06   3.8940430e+01
   1.9276750e+06   3.4851074e+01
   1.9276860e+06   4.3762207e+01
   1.9277580e+06   3.9794922e+01
   1.9278280e+06   5.9997559e+01
   1.9279170e+06   3.7536621e+01
   1.9279400e+06   3.5949707e+01
   1.9280000e+06   3.7841797e+01
   1.9280530e+06   3.5888672e+01
   1.9282990e+06   3.8269043e+01
   1.9284200e+06   4.1076660e+01
   1.9807570e+06   3.5705566e+01
   1.9808730e+06   3.5522461e+01
   1.9809060e+06   3.6743164e+01
   1.9809330e+06   3.6499023e+01
   1.9809690e+06   3.5888672e+01
   1.9809830e+06   3.9855957e+01
   1.9810050e+06   3.7475586e+01
   1.9810530e+06   3.8269043e+01
   1.9810850e+06   4.5166016e+01
   1.9811160e+06   3.6865234e+01
   1.9811330e+06   3.4973145e+01
   1.9811940e+06   3.9245605e+01
   1.9812040e+06   3.8940430e+01
   1.9814170e+06   3.4790039e+01
   1.9819920e+06   3.5095215e+01
   2.0273390e+06   3.6865234e+01
   2.0274190e+06   4.2480469e+01
   2.0274540e+06   3.7536621e+01
   2.0275550e+06   4.0771484e+01
   2.0275720e+06   4.4616699e+01
   2.0275970e+06   4.5715332e+01
   2.0276250e+06   3.7475586e+01
   2.0276360e+06   4.0710449e+01
   2.0276600e+06   4.5288086e+01
   2.0276850e+06   3.9062500e+01
   2.0277140e+06   4.4677734e+01
   2.0277410e+06   4.4128418e+01
   2.0277940e+06   3.5949707e+01
   2.0278290e+06   4.5654297e+01
   2.0278580e+06   3.8452148e+01
   2.0279210e+06   4.3640137e+01
   2.0279340e+06   3.8879395e+01
   2.0281290e+06   4.6936035e+01
   2.1008380e+06   3.6254883e+01
   2.1009670e+06   3.7109375e+01
   2.1009970e+06   3.6804199e+01
   2.1010150e+06   4.1748047e+01
   2.1010400e+06   3.7109375e+01
   2.1010890e+06   4.1320801e+01
   2.1011520e+06   3.5217285e+01
   2.1011650e+06   4.6691895e+01
   2.1012100e+06   4.1809082e+01
   2.1012440e+06   3.5522461e+01
   2.1012650e+06   4.4799805e+01
   2.1012960e+06   3.7658691e+01
   2.1013330e+06   3.6437988e+01
   2.1013610e+06   3.6560059e+01
   2.1014470e+06   4.4616699e+01
   2.1532520e+06   3.7902832e+01
   2.1532660e+06   5.2978516e+01
   2.1533460e+06   4.2480469e+01
   2.1533760e+06   4.3212891e+01
   2.1534340e+06   3.6804199e+01
   2.1534630e+06   3.6682129e+01
   2.1534980e+06   4.0893555e+01
   2.1535620e+06   4.3762207e+01
   2.1536450e+06   3.8085938e+01
   2.1536670e+06   3.9001465e+01
   2.1536800e+06   4.3151855e+01
   2.1537280e+06   3.5644531e+01
   2.1537720e+06   3.8818359e+01
   2.1537820e+06   3.6743164e+01
   2.1922120e+06   4.3212891e+01
   2.1924150e+06   3.7292480e+01
   2.1924670e+06   4.1809082e+01
   2.1925260e+06   3.6010742e+01
   2.1925620e+06   3.8085938e+01
   2.1925840e+06   4.0344238e+01
   2.1926220e+06   4.0039063e+01
   2.1926660e+06   3.7719727e+01
   2.1926980e+06   3.9550781e+01
   2.1927140e+06   3.7780762e+01
   2.1927300e+06   5.3100586e+01
   2.1927660e+06   4.4921875e+01
   2.1928830e+06   3.6499023e+01
   2.1929300e+06   3.8269043e+01
   2.1929630e+06   3.5705566e+01
   2.1930360e+06   3.4790039e+01
   2.1931240e+06   3.5644531e+01
   2.1931650e+06   3.5705566e+01
   2.1935410e+06   4.4067383e+01
   2.2398450e+06   4.1564941e+01
   2.2398710e+06   3.7170410e+01
   2.2399320e+06   3.7841797e+01
   2.2400120e+06   3.5339355e+01
   2.2400350e+06   3.5095215e+01
   2.2400560e+06   4.2419434e+01
   2.2400810e+06   3.5156250e+01
   2.2401030e+06   4.5532227e+01
   2.2401620e+06   4.2358398e+01
   2.2402270e+06   4.4738770e+01
   2.2403460e+06   4.4616699e+01
   2.3016530e+06   4.7180176e+01
   2.3017010e+06   3.9916992e+01
   2.3017230e+06   3.7841797e+01
   2.3017730e+06   3.6376953e+01
   2.3018000e+06   3.5156250e+01
   2.3018300e+06   3.5644531e+01
   2.3019070e+06   4.2114258e+01
   2.3019390e+06   3.8635254e+01
   2.3019640e+06   4.4921875e+01
   2.3019880e+06   4.9377441e+01
   2.3020730e+06   4.5654297e+01
   2.3021370e+06   3.5278320e+01
   2.3021690e+06   4.0344238e+01
   2.3022540e+06   4.5227051e+01
   2.3023160e+06   4.0283203e+01
   2.3030280e+06   3.6621094e+01
   2.3447740e+06   3.7841797e+01
   2.3448450e+06   3.6010742e+01
   2.3448990e+06   3.5827637e+01
   2.3449210e+06   4.1564941e+01
   2.3449470e+06   3.6315918e+01
   2.3449700e+06   4.0527344e+01
   2.3450050e+06   4.3762207e+01
   2.3450920e+06   3.6926270e+01
   2.3451360e+06   4.1442871e+01
   2.3451920e+06   3.9367676e+01
   2.3452030e+06   3.8940430e+01
   2.3453250e+06   3.5583496e+01
   2.3453970e+06   3.6376953e+01
   2.3455430e+06   3.5827637e+01
   2.4078380e+06   3.5400391e+01
   2.4079740e+06   3.8574219e+01
   2.4080210e+06   3.8452148e+01
   2.4080350e+06   4.2663574e+01
   2.4080980e+06   4.0344238e+01
   2.4081990e+06   5.5419922e+01
   2.4082360e+06   3.7414551e+01
   2.4082700e+06   3.5888672e+01
   2.4083330e+06   3.6804199e+01
   2.4083960e+06   3.6560059e+01
   2.4084940e+06   3.9916992e+01
   2.4088360e+06   3.5461426e+01
   2.4099460e+06   4.1381836e+01
   2.4551220e+06   3.9855957e+01
   2.4553440e+06   4.3579102e+01
   2.4553590e+06   4.1809082e+01
   2.4553820e+06   4.0405273e+01
   2.4554650e+06   3.4790039e+01
   2.4554900e+06   4.1015625e+01
   2.4555020e+06   4.5898438e+01
   2.4555800e+06   3.6376953e+01
   2.4556140e+06   3.9489746e+01
   2.4556380e+06   3.9611816e+01
   2.4556610e+06   3.8940430e+01
   2.4557350e+06   3.6071777e+01
   2.4558180e+06   3.5156250e+01
   2.4558340e+06   3.5522461e+01
   2.4566370e+06   3.5583496e+01
   2.4981530e+06   4.1320801e+01
   2.4981810e+06   4.6325684e+01
   2.4982860e+06   3.9550781e+01
   2.4983590e+06   3.4851074e+01
   2.4984260e+06   3.8208008e+01
   2.4985100e+06   5.2673340e+01
   2.4985230e+06   3.9062500e+01
   2.4986760e+06   3.5827637e+01
   2.4988530e+06   3.6499023e+01
   2.4993180e+06   3.4912109e+01
   2.5471840e+06   3.7170410e+01
   2.5473240e+06   4.1503906e+01
   2.5473610e+06   5.6518555e+01
   2.5474390e+06   4.1320801e+01
   2.5475250e+06   3.6437988e+01
   2.5475440e+06   4.4067383e+01
   2.5475600e+06   3.6437988e+01
   2.5475840e+06   3.9428711e+01
   2.5475960e+06   4.1687012e+01
   2.5476490e+06   4.0527344e+01
   2.5477080e+06   3.6254883e+01
   2.5477440e+06   3.6315918e+01
   2.5477890e+06   4.4555664e+01
   2.5478990e+06   4.6142578e+01
   2.5479330e+06   3.4790039e+01
   2.6085150e+06   4.0527344e+01
   2.6086150e+06   3.6193848e+01
   2.6086800e+06   3.6560059e+01
   2.6087110e+06   3.5095215e+01
   2.6087300e+06   3.9978027e+01
   2.6088250e+06   4.7119141e+01
   2.6088450e+06   3.7170410e+01
   2.6088660e+06   3.4790039e+01
   2.6088850e+06   3.6865234e+01
   2.6089410e+06   3.6376953e+01
   2.6089710e+06   3.9367676e+01
   2.6090110e+06   3.5583496e+01
   2.6090620e+06   4.1809082e+01
   2.6090950e+06   3.5156250e+01
   2.6091460e+06   3.6621094e+01
   2.6093150e+06   3.6621094e+01
   2.6547040e+06   3.5522461e+01
   2.6548070e+06   4.1564941e+01
   2.6548470e+06   4.4189453e+01
   2.6548640e+06   4.7607422e+01
   2.6549070e+06   3.8818359e+01
   2.6549400e+06   3.6804199e+01
   2.6549560e+06   4.2175293e+01
   2.6550170e+06   5.2612305e+01
   2.6550650e+06   3.8391113e+01
   2.6550980e+06   3.8146973e+01
   2.6551500e+06   4.1381836e+01
   2.6551900e+06   3.6682129e+01
   2.6552130e+06   3.5034180e+01
   2.6552700e+06   3.6621094e+01
   2.6553750e+06   3.8146973e+01
   2.6569840e+06   3.5095215e+01
   2.7071660e+06   3.6682129e+01
   2.7072960e+06   3.8696289e+01
   2.7074130e+06   5.5969238e+01
   2.7074490e+06   3.9062500e+01
   2.7074660e+06   3.8757324e+01
   2.7075210e+06   4.9682617e+01
   2.7075500e+06   4.5104980e+01
   2.7076000e+06   3.6254883e+01
   2.7076290e+06   3.6132813e+01
   2.7077380e+06   3.4851074e+01
   2.7078450e+06   3.7536621e+01
   2.7589760e+06   3.6987305e+01
   2.7590800e+06   3.5095215e+01
   2.7591380e+06   3.5034180e+01
   2.7592160e+06   3.5217285e+01
   2.7592340e+06   3.9245605e+01
   2.7592930e+06   3.5888672e+01
   2.7593220e+06   3.4912109e+01
   2.7594400e+06   3.6743164e+01
   2.7594680e+06   3.6132813e+01
   2.7594830e+06   4.1503906e+01
   2.7595220e+06   4.1931152e+01
   2.7595650e+06   4.7058105e+01
   2.7595920e+06   3.7170410e+01
   2.7596400e+06   3.6804199e+01
   2.7597100e+06   3.8208008e+01
   2.7597290e+06   3.7292480e+01
   2.7597740e+06   5.3833008e+01
   2.7958400e+06   3.4912109e+01
   2.7959430e+06   3.5461426e+01
   2.7959720e+06   3.5095215e+01
   2.7961730e+06   3.7414551e+01
   2.7962350e+06   4.0771484e+01
   2.7962590e+06   4.4311523e+01
   2.7963530e+06   3.9611816e+01
   2.7964180e+06   3.5522461e+01
   2.7964470e+06   3.9978027e+01
   2.7966580e+06   3.7353516e+01
   2.7967760e+06   3.5034180e+01
   2.7970490e+06   3.8635254e+01
   2.7978850e+06   3.5461426e+01
   2.8343630e+06   3.7658691e+01
   2.8344840e+06   4.2236328e+01
   2.8345120e+06   4.1564941e+01
   2.8346590e+06   4.3518066e+01
   2.8348050e+06   3.7292480e+01
   2.8348260e+06   3.9611816e+01
   2.8348450e+06   4.2114258e+01
   2.8348710e+06   3.6987305e+01
   2.8348960e+06   3.9611816e+01
   2.8349510e+06   3.4851074e+01
   2.8349960e+06   3.9367676e+01
   2.8350950e+06   3.9428711e+01
   2.8900360e+06   3.6132813e+01
   2.8902710e+06   4.1625977e+01
   2.8903420e+06   5.4138184e+01
   2.8904930e+06   3.5034180e+01
   2.8905560e+06   3.5949707e+01
   2.8905770e+06   4.7241211e+01
   2.8908080e+06   3.5644531e+01
   2.8908770e+06   3.7597656e+01
   2.9274350e+06   3.7780762e+01
   2.9276070e+06   3.9184570e+01
   2.9276310e+06   5.1574707e+01
   2.9278260e+06   3.6865234e+01
   2.9283270e+06   3.9794922e+01
   2.9393260e+06   3.9062500e+01
   2.9394140e+06   3.5644531e+01
   2.9991190e+06   4.1076660e+01
   2.9994320e+06   3.8757324e+01
   2.9994590e+06   3.5827637e+01
   2.9994940e+06   3.7109375e+01
   2.9995370e+06   3.6987305e+01
   2.9995790e+06   3.7536621e+01
   2.9997090e+06   4.0466309e+01
   2.9997560e+06   4.0649414e+01
   2.9998970e+06   3.8085938e+01
   3.0000310e+06   3.5766602e+01
   3.0004230e+06   3.4790039e+01
   3.0152870e+06   4.0283203e+01
   3.0519440e+06   4.6508789e+01
   3.0521380e+06   3.5644531e+01
   3.0522040e+06   3.8391113e+01
   3.0522410e+06   3.8085938e+01
   3.0523180e+06   4.3701172e+01
   3.0525510e+06   4.0283203e+01
   3.0527300e+06   3.8635254e+01
   3.0530440e+06   4.1381836e+01
   3.0832560e+06   3.5644531e+01
   3.0835160e+06   3.6926270e+01
   3.0838010e+06   4.1137695e+01
   3.0842280e+06   3.4912109e+01
   3.1136130e+06   3.7414551e+01
   3.1138120e+06   3.9367676e+01
   3.1138240e+06   3.6804199e+01
   3.1140820e+06   3.4790039e+01
   3.1141880e+06   3.7902832e+01
   3.1687220e+06   4.1259766e+01
   3.1693210e+06   3.5217285e+01
   3.1694340e+06   4.0039063e+01
   3.1694660e+06   3.6621094e+01
   3.1695710e+06   3.5766602e+01
   3.2018100e+06   3.5827637e+01
   3.2020500e+06   3.6499023e+01
   3.2022380e+06   3.5888672e+01
   3.2023350e+06   4.0893555e+01
   3.2028010e+06   3.7353516e+01
   3.2403080e+06   3.7658691e+01
   3.2403720e+06   3.5339355e+01
   3.2404470e+06   3.7170410e+01
   3.2405700e+06   3.4973145e+01
   3.2408370e+06   3.5156250e+01
   3.2419120e+06   3.5522461e+01
   3.2777950e+06   3.5827637e+01
   3.2779430e+06   3.6743164e+01
   3.2779820e+06   3.4973145e+01
   3.2780750e+06   3.7841797e+01
   3.2780860e+06   3.5217285e+01
   3.2781230e+06   3.9062500e+01
   3.2782070e+06   3.5217285e+01
   3.2783260e+06   3.4973145e+01
   3.2783580e+06   3.5827637e+01
   3.3204540e+06   3.6132813e+01
   3.3205600e+06   3.8940430e+01
   3.3205780e+06   3.6804199e+01
   3.3206180e+06   3.4973145e+01
   3.3206330e+06   3.4973145e+01
   3.3208240e+06   3.5278320e+01
   3.3210130e+06   3.6682129e+01
   3.3211030e+06   3.4851074e+01
   3.3213390e+06   3.9428711e+01
   3.3398170e+06   4.0100098e+01
   3.3400730e+06   3.6987305e+01
   3.3404420e+06   3.9001465e+01
   3.3407860e+06   3.8696289e+01
   3.3683000e+06   3.7231445e+01
   3.3684340e+06   3.7353516e+01
   3.3686750e+06   3.6621094e+01
   3.3903560e+06   3.6621094e+01
   3.3904980e+06   3.6071777e+01
   3.4237320e+06   3.7780762e+01
   3.4238500e+06   3.7841797e+01
   3.4243150e+06   3.8330078e+01
   3.4388880e+06   3.5827637e+01
   3.4395330e+06   4.0466309e+01
   3.4745650e+06   4.0283203e+01
   3.4747050e+06   3.8146973e+01
   3.5210430e+06   4.4799805e+01
   3.5211770e+06   3.8757324e+01
   3.5213580e+06   3.5156250e+01
   3.5214760e+06   3.6315918e+01
   3.5215420e+06   3.9428711e+01
   3.5216510e+06   4.4372559e+01
   3.5217120e+06   3.5339355e+01
   3.5217410e+06   3.6499023e+01
   3.5218140e+06   4.2846680e+01
   3.5600910e+06   3.9672852e+01
   3.5602560e+06   3.6804199e+01
   3.5603760e+06   4.8156738e+01
   3.5606340e+06   3.8757324e+01
   3.5610020e+06   3.7658691e+01
   3.5611230e+06   4.1137695e+01
   3.5612410e+06   3.8635254e+01
   3.5995820e+06   4.5715332e+01
   3.5997360e+06   3.8391113e+01
   3.6000500e+06   3.6926270e+01
   3.6001010e+06   3.6376953e+01
   3.6002110e+06   3.7231445e+01
   3.6002490e+06   5.0598145e+01
   3.6002840e+06   4.4921875e+01
   3.6004760e+06   3.6010742e+01
   3.6005720e+06   3.6560059e+01
   3.6136300e+06   4.7058105e+01
   3.6140130e+06   4.1992188e+01
   3.6141960e+06   3.9306641e+01
   3.6147120e+06   3.6193848e+01
   3.6568730e+06   3.7902832e+01
   3.6570140e+06   4.0161133e+01
   3.6570910e+06   3.5827637e+01
   3.6572660e+06   4.0649414e+01
   3.6573980e+06   3.7353516e+01
   3.6574300e+06   4.1076660e+01
   3.6575090e+06   3.6987305e+01
   3.6576370e+06   4.9865723e+01
   3.6577230e+06   3.8024902e+01
   3.6581380e+06   3.7536621e+01
   3.6584180e+06   3.6499023e+01
   3.6586590e+06   3.6132813e+01
   3.6701790e+06   4.4372559e+01
   3.6838290e+06   3.5095215e+01
   3.6839740e+06   3.7719727e+01
   3.6840850e+06   3.6193848e+01
   3.6842700e+06   4.0039063e+01
   3.7084580e+06   4.2236328e+01
   3.7085760e+06   3.4912109e+01
   3.7086080e+06   4.1625977e+01
   3.7086630e+06   3.5095215e+01
   3.7087340e+06   3.6132813e+01
   3.7215740e+06   3.9489746e+01
   3.7219120e+06   3.6132813e+01
   3.7219520e+06   4.3457031e+01
   3.7402930e+06   3.4851074e+01
   3.7403430e+06   3.5400391e+01
   3.7405480e+06   3.9916992e+01
   3.7681560e+06   3.8452148e+01
   3.7686270e+06   3.5095215e+01
   3.7687230e+06   3.5644531e+01
   3.7688340e+06   4.0039063e+01
   3.7689620e+06   3.6926270e+01
   3.7690760e+06   3.6926270e+01
   3.7692170e+06   3.5888672e+01
   3.7825030e+06   3.6010742e+01
   3.7829460e+06   3.5522461e+01
   3.8387440e+06   3.4973145e+01
   3.8388140e+06   4.0405273e+01
   3.8388780e+06   3.5644531e+01
   3.8390480e+06   4.0222168e+01
   3.8390770e+06   3.5705566e+01
   3.8391290e+06   3.9367676e+01
   3.8391760e+06   3.6682129e+01
   3.8393310e+06   3.5156250e+01
   3.8393410e+06   4.2175293e+01
   3.8393900e+06   3.6315918e+01
   3.8395320e+06   3.8269043e+01
   3.8395640e+06   4.2724609e+01
   3.8396470e+06   4.7912598e+01
   3.8500490e+06   4.0588379e+01
   3.8502180e+06   4.5227051e+01
   3.8503260e+06   4.1442871e+01
   3.8503430e+06   4.1076660e+01
   3.8503760e+06   3.9367676e+01
   3.8504240e+06   3.8757324e+01
   3.8504500e+06   3.5583496e+01
   3.8504770e+06   3.8024902e+01
   3.8505100e+06   3.6682129e+01
   3.8505230e+06   3.8635254e+01
   3.8505770e+06   4.1259766e+01
   3.8506110e+06   3.5522461e+01
   3.8506460e+06   4.6020508e+01
   3.8507800e+06   3.9855957e+01
   3.8510990e+06   4.2297363e+01
   3.8681720e+06   3.5034180e+01
   3.8681990e+06   3.7231445e+01
   3.8845590e+06   3.6437988e+01
   3.8846840e+06   5.4809570e+01
   3.8847180e+06   3.8024902e+01
   3.8847990e+06   4.2846680e+01
   3.8848800e+06   3.6987305e+01
   3.8848950e+06   4.1503906e+01
   3.8849500e+06   3.7048340e+01
   3.8849910e+06   3.6254883e+01
   3.8850210e+06   3.8757324e+01
   3.8851310e+06   3.6254883e+01
   3.8851470e+06   3.7414551e+01
   3.8852560e+06   3.8879395e+01
   3.8854740e+06   3.9916992e+01
   3.8999900e+06   3.4790039e+01
   3.9001220e+06   3.5095215e+01
   3.9001970e+06   3.6437988e+01
   3.9863140e+06   4.3518066e+01
   3.9865190e+06   3.6804199e+01
   3.9865390e+06   3.9184570e+01
   3.9866020e+06   4.9865723e+01
   3.9866710e+06   3.4790039e+01
   3.9867000e+06   3.8818359e+01
   3.9867180e+06   4.1442871e+01
   3.9867320e+06   4.3212891e+01
   3.9867510e+06   4.6203613e+01
   3.9867870e+06   3.7780762e+01
   3.9868170e+06   3.6804199e+01
   3.9868730e+06   3.4973145e+01
   3.9878790e+06   3.6071777e+01
   4.0837950e+06   4.3334961e+01
   4.0839980e+06   3.5644531e+01
   4.0840420e+06   4.3395996e+01
   4.0840650e+06   5.4077148e+01
   4.0840940e+06   3.9550781e+01
   4.0841390e+06   3.9306641e+01
   4.0841570e+06   4.8400879e+01
   4.0841960e+06   4.1198730e+01
   4.0842220e+06   3.6193848e+01
   4.0842390e+06   3.8085938e+01
   4.0842650e+06   4.8950195e+01
   4.0842840e+06   3.6193848e+01
   4.0843170e+06   3.8818359e+01
   4.0843760e+06   3.8940430e+01
   4.0844070e+06   3.8452148e+01
   4.0845640e+06   3.6254883e+01
   4.1537640e+06   4.1748047e+01
   4.1537800e+06   3.9001465e+01
   4.1538110e+06   4.0161133e+01
   4.1538440e+06   3.5949707e+01
   4.1538980e+06   3.5400391e+01
   4.1539320e+06   3.8330078e+01
   4.1539920e+06   3.7658691e+01
   4.1540060e+06   4.2907715e+01
   4.1542430e+06   3.5949707e+01
   4.1553650e+06   3.9733887e+01
   4.2124920e+06   4.1564941e+01
   4.2125980e+06   4.0771484e+01
   4.2126110e+06   5.6213379e+01
   4.2126490e+06   4.0466309e+01
   4.2126920e+06   3.5766602e+01
   4.2127060e+06   4.4189453e+01
   4.2127250e+06   4.1137695e+01
   4.2127490e+06   3.5339355e+01
   4.2127720e+06   7.0312500e+01
   4.2128220e+06   4.4433594e+01
   4.2128380e+06   4.6813965e+01
   4.2129030e+06   3.7902832e+01
   4.2130430e+06   3.5095215e+01
   4.2134220e+06   3.5278320e+01
   4.2808840e+06   3.9489746e+01
   4.2810530e+06   3.5400391e+01
   4.2810690e+06   4.6081543e+01
   4.2811120e+06   3.6682129e+01
   4.2811700e+06   3.7475586e+01
   4.2812120e+06   3.6193848e+01
   4.2812650e+06   3.9123535e+01
   4.2812850e+06   3.6499023e+01
   4.2813080e+06   3.5705566e+01
   4.2813360e+06   3.8940430e+01
   4.2813820e+06   3.7353516e+01
   4.2813970e+06   4.4128418e+01
   4.2814380e+06   3.9550781e+01
   4.2814850e+06   3.7780762e+01
   4.2815160e+06   3.5766602e+01
   4.2815560e+06   3.9062500e+01
   4.2815730e+06   3.5095215e+01
   4.3233580e+06   3.8635254e+01
   4.3233810e+06   3.9916992e+01
   4.3234110e+06   4.9865723e+01
   4.3234360e+06   3.8269043e+01
   4.3234550e+06   3.8024902e+01
   4.3234790e+06   3.8818359e+01
   4.3235110e+06   3.6682129e+01
   4.3235490e+06   3.8818359e+01
   4.3235880e+06   4.2419434e+01
   4.3236190e+06   4.0771484e+01
   4.3236810e+06   3.8452148e+01
   4.3237560e+06   4.5593262e+01
   4.3238170e+06   3.8879395e+01
   4.3238420e+06   3.5644531e+01
   4.3855370e+06   4.5166016e+01
   4.3855860e+06   3.9245605e+01
   4.3856280e+06   4.0527344e+01
   4.3856530e+06   4.6813965e+01
   4.3856760e+06   4.5593262e+01
   4.3856870e+06   3.6437988e+01
   4.3857480e+06   3.7963867e+01
   4.3857750e+06   3.5888672e+01
   4.3858460e+06   3.9733887e+01
   4.3858680e+06   4.1015625e+01
   4.3858790e+06   3.7536621e+01
   4.3859050e+06   3.7048340e+01
   4.3863420e+06   3.7353516e+01
   4.3873210e+06   3.5766602e+01
   4.4620060e+06   3.5644531e+01
   4.4620980e+06   3.7353516e+01
   4.4621500e+06   3.7536621e+01
   4.4621840e+06   3.6621094e+01
   4.4622110e+06   3.9062500e+01
   4.4622210e+06   4.8156738e+01
   4.4622690e+06   3.9062500e+01
   4.4623020e+06   3.7536621e+01
   4.4623400e+06   3.5339355e+01
   4.4623650e+06   4.3457031e+01
   4.4623950e+06   3.6193848e+01
   4.4624050e+06   5.0231934e+01
   4.4624670e+06   3.8085938e+01
   4.4624980e+06   3.8024902e+01
   4.4625230e+06   3.5888672e+01
   4.4626110e+06   3.7841797e+01
   4.4636530e+06   3.5522461e+01
   4.5300980e+06   3.8452148e+01
   4.5302700e+06   5.1208496e+01
   4.5302980e+06   3.7902832e+01
   4.5303370e+06   4.0588379e+01
   4.5303560e+06   4.1320801e+01
   4.5303830e+06   4.0710449e+01
   4.5304390e+06   4.7058105e+01
   4.5304610e+06   4.9560547e+01
   4.5304940e+06   4.4616699e+01
   4.5305410e+06   4.3395996e+01
   4.5305630e+06   4.0588379e+01
   4.5305870e+06   4.0161133e+01
   4.5306300e+06   3.7841797e+01
   4.5308130e+06   3.5339355e+01
   4.5310830e+06   3.6071777e+01
   4.6101060e+06   4.1748047e+01
   4.6103490e+06   3.7658691e+01
   4.6103590e+06   4.4189453e+01
   4.6104260e+06   4.3701172e+01
   4.6104620e+06   4.3579102e+01
   4.6104800e+06   4.2358398e+01
   4.6105010e+06   3.7170410e+01
   4.6105250e+06   3.7658691e+01
   4.6105870e+06   4.5898438e+01
   4.6106190e+06   4.9194336e+01
   4.6106430e+06   3.5400391e+01
   4.6106720e+06   4.1259766e+01
   4.6107200e+06   3.9611816e+01
   4.6501830e+06   4.1259766e+01
   4.6502100e+06   4.3945313e+01
   4.6502380e+06   4.0649414e+01
   4.6502580e+06   3.5705566e+01
   4.6502730e+06   3.8391113e+01
   4.6503170e+06   3.5644531e+01
   4.6503310e+06   3.6804199e+01
   4.6503740e+06   4.4616699e+01
   4.6504470e+06   5.1940918e+01
   4.6504610e+06   4.0466309e+01
   4.6504820e+06   3.6010742e+01
   4.6505360e+06   4.2236328e+01
   4.6509990e+06   3.9611816e+01
   4.7205320e+06   3.8391113e+01
   4.7206780e+06   3.5949707e+01
   4.7207170e+06   3.5461426e+01
   4.7207480e+06   3.5949707e+01
   4.7207780e+06   4.1748047e+01
   4.7207910e+06   3.7902832e+01
   4.7208170e+06   3.8269043e+01
   4.7208510e+06   3.8574219e+01
   4.7208680e+06   3.6193848e+01
   4.7208840e+06   4.1076660e+01
   4.7209560e+06   3.7292480e+01
   4.7209810e+06   3.6376953e+01
   4.7210570e+06   3.8513184e+01
   4.7982230e+06   3.6987305e+01
   4.7983610e+06   3.9916992e+01
   4.7984380e+06   3.4973145e+01
   4.7984870e+06   3.5278320e+01
   4.7985690e+06   4.1015625e+01
   4.7985790e+06   3.7109375e+01
   4.7986000e+06   3.9001465e+01
   4.7986300e+06   3.9855957e+01
   4.7986600e+06   3.8513184e+01
   4.7986830e+06   4.0283203e+01
   4.7987130e+06   3.5400391e+01
   4.7987370e+06   3.7292480e+01
   4.7988720e+06   3.8635254e+01
   4.7991000e+06   3.6865234e+01
   4.7992680e+06   3.7109375e+01
   4.8801020e+06   5.0659180e+01
   4.8802320e+06   3.5705566e+01
   4.8802680e+06   4.1503906e+01
   4.8803410e+06   3.9245605e+01
   4.8803610e+06   5.2734375e+01
   4.8803830e+06   4.9804688e+01
   4.8804120e+06   3.5217285e+01
   4.8804280e+06   3.8085938e+01
   4.8804500e+06   4.8461914e+01
   4.8804800e+06   3.7231445e+01
   4.8805300e+06   3.5766602e+01
   4.8805720e+06   3.7292480e+01
   4.8806050e+06   4.1870117e+01
   4.8806390e+06   4.0527344e+01
   4.8807000e+06   3.6499023e+01
   4.9726990e+06   3.7597656e+01
   4.9727870e+06   4.3395996e+01
   4.9728000e+06   4.6630859e+01
   4.9728100e+06   3.7353516e+01
   4.9728570e+06   3.6682129e+01
   4.9728710e+06   4.2724609e+01
   4.9729110e+06   3.7536621e+01
   4.9729340e+06   3.9733887e+01
   4.9729460e+06   3.7231445e+01
   4.9730320e+06   4.0344238e+01
   4.9730720e+06   3.5034180e+01
   4.9730930e+06   4.0832520e+01
   4.9731190e+06   3.8513184e+01
   4.9731520e+06   3.5034180e+01
   4.9731750e+06   4.2053223e+01
   4.9732260e+06   3.8391113e+01
   4.9732860e+06   3.6987305e+01
   4.9736950e+06   3.5949707e+01
   4.9737530e+06   3.7414551e+01
   4.9755200e+06   3.8085938e+01
   5.0284240e+06   3.7048340e+01
   5.0284890e+06   3.7048340e+01
   5.0285890e+06   4.6630859e+01
   5.0285990e+06   3.8208008e+01
   5.0286540e+06   4.0283203e+01
   5.0287150e+06   4.3212891e+01
   5.0287420e+06   3.8269043e+01
   5.0287640e+06   3.6010742e+01
   5.0288240e+06   4.3029785e+01
   5.0288610e+06   4.1564941e+01
   5.0288730e+06   4.6508789e+01
   5.0288970e+06   3.6437988e+01
   5.0289530e+06   3.6743164e+01
   5.0291310e+06   3.6254883e+01
   5.0740980e+06   3.7841797e+01
   5.0741910e+06   3.8330078e+01
   5.0742660e+06   3.4973145e+01
   5.0742880e+06   3.7170410e+01
   5.0743520e+06   3.9733887e+01
   5.0743990e+06   3.5217285e+01
   5.0744970e+06   4.0649414e+01
   5.0748070e+06   3.6987305e+01
   5.0748910e+06   3.6987305e+01
   5.0751050e+06   3.5766602e+01
   5.1445300e+06   3.4973145e+01
   5.1447380e+06   4.0649414e+01
   5.1447710e+06   3.7597656e+01
   5.1447810e+06   4.3823242e+01
   5.1448050e+06   3.6193848e+01
   5.1448350e+06   3.9978027e+01
   5.1448750e+06   3.5461426e+01
   5.1449060e+06   4.0771484e+01
   5.1449720e+06   3.8513184e+01
   5.1450360e+06   3.5095215e+01
   5.1450540e+06   3.8330078e+01
   5.1450750e+06   4.1381836e+01
   5.1451310e+06   3.5705566e+01
   5.1451770e+06   3.6315918e+01
   5.1453240e+06   4.0344238e+01
   5.1457840e+06   3.8696289e+01
   5.1463160e+06   3.6193848e+01
   5.2013700e+06   4.0893555e+01
   5.2015620e+06   3.5217285e+01
   5.2016100e+06   4.0344238e+01
   5.2016320e+06   4.2724609e+01
   5.2016640e+06   3.7170410e+01
   5.2017300e+06   4.3884277e+01
   5.2017470e+06   3.6560059e+01
   5.2017710e+06   4.0832520e+01
   5.2017890e+06   3.7719727e+01
   5.2018070e+06   4.3151855e+01
   5.2018770e+06   4.4067383e+01
   5.2019140e+06   4.8339844e+01
   5.2019400e+06   3.6132813e+01
   5.2019830e+06   3.8635254e+01
   5.2022080e+06   3.7109375e+01
   5.2022890e+06   3.8146973e+01
   5.2416300e+06   3.6804199e+01
   5.2427920e+06   3.6621094e+01
   5.2429430e+06   3.7780762e+01
   5.2430440e+06   4.1015625e+01
   5.2430810e+06   3.8085938e+01
   5.2431010e+06   4.4006348e+01
   5.2431470e+06   4.0039063e+01
   5.2431690e+06   3.7475586e+01
   5.2432520e+06   3.4790039e+01
   5.2433370e+06   3.6254883e+01
   5.2433590e+06   3.7841797e+01
   5.2434220e+06   3.4851074e+01
   5.2434610e+06   3.5217285e+01
   5.2436340e+06   3.7475586e+01
   5.2437340e+06   3.8085938e+01
   5.2444100e+06   3.6499023e+01
   5.3228940e+06   3.5888672e+01
   5.3229820e+06   3.6254883e+01
   5.3230190e+06   3.8024902e+01
   5.3230940e+06   3.7231445e+01
   5.3231090e+06   3.5095215e+01
   5.3231480e+06   4.3884277e+01
   5.3231850e+06   3.6193848e+01
   5.3232610e+06   3.9245605e+01
   5.3233050e+06   3.9794922e+01
   5.3233530e+06   4.3212891e+01
   5.3234410e+06   4.6936035e+01
   5.3234530e+06   3.5766602e+01
   5.3907600e+06   4.8950195e+01
   5.3909050e+06   4.0161133e+01
   5.3909600e+06   4.0771484e+01
   5.3909750e+06   3.6132813e+01
   5.3910340e+06   3.5949707e+01
   5.3910620e+06   3.9978027e+01
   5.3910720e+06   4.1015625e+01
   5.3910990e+06   3.8208008e+01
   5.3911140e+06   3.7963867e+01
   5.3911410e+06   4.1320801e+01
   5.3911710e+06   4.2114258e+01
   5.3912220e+06   4.0527344e+01
   5.3913520e+06   4.2419434e+01
   5.3917020e+06   3.6926270e+01
   5.3919720e+06   3.6987305e+01
   5.4784250e+06   4.3273926e+01
   5.4787000e+06   3.9184570e+01
   5.4787570e+06   4.3395996e+01
   5.4787730e+06   4.1442871e+01
   5.4787930e+06   3.6071777e+01
   5.4788230e+06   3.7536621e+01
   5.4788610e+06   3.5888672e+01
   5.4788870e+06   4.6081543e+01
   5.4789050e+06   4.5227051e+01
   5.4789460e+06   3.9062500e+01
   5.4789730e+06   4.4555664e+01
   5.4790010e+06   3.6499023e+01
   5.4790560e+06   3.9245605e+01
   5.4790690e+06   4.1931152e+01
   5.5548610e+06   3.8085938e+01
   5.5549530e+06   3.7719727e+01
   5.5550130e+06   3.5827637e+01
   5.5550820e+06   4.2724609e+01
   5.5551050e+06   4.9377441e+01
   5.5551280e+06   3.7414551e+01
   5.5551530e+06   3.7292480e+01
   5.5551990e+06   3.8085938e+01
   5.5552250e+06   3.7658691e+01
   5.5552530e+06   4.8583984e+01
   5.5553990e+06   3.9184570e+01
   5.5567340e+06   3.9245605e+01
   5.6013890e+06   3.8208008e+01
   5.6014010e+06   5.4199219e+01
   5.6014450e+06   5.8471680e+01
   5.6014820e+06   3.9978027e+01
   5.6014970e+06   3.9611816e+01
   5.6015210e+06   4.4372559e+01
   5.6015470e+06   3.9184570e+01
   5.6016400e+06   3.8757324e+01
   5.6017150e+06   3.6254883e+01
   5.6017890e+06   3.5095215e+01
   5.6018920e+06   3.6865234e+01
   5.6714490e+06   4.0771484e+01
   5.6715600e+06   3.5705566e+01
   5.6716070e+06   4.1137695e+01
   5.6716310e+06   3.5705566e+01
   5.6716580e+06   4.4433594e+01
   5.6716870e+06   4.0100098e+01
   5.6717140e+06   4.8217773e+01
   5.6717420e+06   3.6132813e+01
   5.6717680e+06   4.2541504e+01
   5.6717980e+06   3.6437988e+01
   5.6718110e+06   4.0405273e+01
   5.6718480e+06   5.0109863e+01
   5.6718970e+06   3.6315918e+01
   5.6719750e+06   4.1748047e+01
   5.6720270e+06   4.8889160e+01
   5.6721130e+06   3.5400391e+01
   5.7289090e+06   3.9245605e+01
   5.7290160e+06   3.9550781e+01
   5.7290860e+06   4.2358398e+01
   5.7291350e+06   3.8208008e+01
   5.7291490e+06   4.3395996e+01
   5.7291850e+06   3.8452148e+01
   5.7292030e+06   3.5034180e+01
   5.7292520e+06   4.3395996e+01
   5.7292680e+06   3.8330078e+01
   5.7293280e+06   4.0100098e+01
   5.7294250e+06   3.4851074e+01
   5.7294540e+06   3.8208008e+01
   5.7294880e+06   3.8024902e+01
   5.7295430e+06   3.7292480e+01
   5.7296470e+06   3.4790039e+01
   5.7303540e+06   3.9123535e+01
   5.7310430e+06   3.8757324e+01
   5.7312990e+06   3.6254883e+01
   5.7765840e+06   3.8574219e+01
   5.7766200e+06   3.7109375e+01
   5.7766580e+06   4.1198730e+01
   5.7767240e+06   3.4790039e+01
   5.7767530e+06   3.9550781e+01
   5.7767640e+06   3.7658691e+01
   5.7768160e+06   4.3457031e+01
   5.7768380e+06   4.5104980e+01
   5.7768660e+06   3.6071777e+01
   5.7768970e+06   4.1076660e+01
   5.7769240e+06   3.9794922e+01
   5.7769750e+06   4.3701172e+01
   5.7770560e+06   4.1748047e+01
   5.8203100e+06   3.5034180e+01
   5.8204160e+06   3.5217285e+01
   5.8205260e+06   4.1870117e+01
   5.8205540e+06   5.0048828e+01
   5.8205860e+06   5.2124023e+01
   5.8206170e+06   4.0954590e+01
   5.8206570e+06   4.4677734e+01
   5.8206920e+06   4.1320801e+01
   5.8207160e+06   4.4250488e+01
   5.8207460e+06   4.1015625e+01
   5.8207760e+06   4.0832520e+01
   5.8207970e+06   4.0222168e+01
   5.8208210e+06   3.6193848e+01
   5.8208530e+06   4.0344238e+01
   5.8209500e+06   3.7414551e+01
   5.8209910e+06   3.6804199e+01
   5.8712650e+06   3.7414551e+01
   5.8713940e+06   3.5583496e+01
   5.8714130e+06   3.7597656e+01
   5.8714350e+06   3.6499023e+01
   5.8714600e+06   3.9123535e+01
   5.8714870e+06   3.9001465e+01
   5.8715370e+06   4.8095703e+01
   5.8715570e+06   3.8391113e+01
   5.8715880e+06   3.6376953e+01
   5.8716050e+06   4.0832520e+01
   5.8716250e+06   3.7597656e+01
   5.8716650e+06   3.6315918e+01
   5.8716790e+06   3.8696289e+01
   5.8717140e+06   3.9672852e+01
   5.8717470e+06   3.7414551e+01
   5.8818580e+06   3.8391113e+01
   5.8820400e+06   4.0161133e+01
   5.8820990e+06   3.8818359e+01
   5.8824130e+06   3.6987305e+01
   5.9717820e+06   4.8767090e+01
   5.9719700e+06   3.8635254e+01
   5.9719930e+06   4.9621582e+01
   5.9720060e+06   3.5522461e+01
   5.9720190e+06   3.6071777e+01
   5.9720790e+06   4.8034668e+01
   5.9721300e+06   3.9184570e+01
   5.9721400e+06   3.4851074e+01
   5.9721630e+06   4.3273926e+01
   5.9721850e+06   3.6804199e+01
   5.9722370e+06   4.8950195e+01
   5.9722490e+06   4.9987793e+01
   5.9722900e+06   4.8156738e+01
   6.0445270e+06   3.8146973e+01
   6.0445850e+06   5.1513672e+01
   6.0446180e+06   3.9245605e+01
   6.0446370e+06   3.4912109e+01
   6.0446960e+06   3.9306641e+01
   6.0447180e+06   4.2114258e+01
   6.0447300e+06   4.6752930e+01
   6.0447540e+06   3.5522461e+01
   6.0447920e+06   3.5278320e+01
   6.0448250e+06   3.5522461e+01
   6.0448490e+06   3.7231445e+01
   6.0448890e+06   3.8146973e+01
   6.0449150e+06   4.0222168e+01
   6.0449710e+06   3.6132813e+01
   6.0450050e+06   3.5217285e+01
   6.0450450e+06   3.8757324e+01
   6.0451050e+06   3.5827637e+01
   6.1021210e+06   3.4851074e+01
   6.1023350e+06   3.9306641e+01
   6.1023520e+06   3.9550781e+01
   6.1024400e+06   3.5583496e+01
   6.1024510e+06   5.1879883e+01
   6.1024920e+06   3.5522461e+01
   6.1025130e+06   3.6499023e+01
   6.1025610e+06   4.4555664e+01
   6.1026510e+06   4.0466309e+01
   6.1027140e+06   3.6987305e+01
   6.1027660e+06   4.3395996e+01
   6.1029060e+06   3.5827637e+01
   6.1677050e+06   4.8461914e+01
   6.1679460e+06   5.0598145e+01
   6.1679900e+06   4.2114258e+01
   6.1680490e+06   4.1015625e+01
   6.1680680e+06   4.3090820e+01
   6.1681030e+06   4.1137695e+01
   6.1681140e+06   3.7963867e+01
   6.1683550e+06   3.5766602e+01
   6.1684560e+06   3.8635254e+01
   6.1688710e+06   3.6010742e+01
   6.2480920e+06   4.6325684e+01
   6.2482220e+06   3.6437988e+01
   6.2482870e+06   4.4189453e+01
   6.2483200e+06   4.1931152e+01
   6.2483590e+06   3.5705566e+01
   6.2483850e+06   5.1879883e+01
   6.2484140e+06   3.7048340e+01
   6.2484620e+06   4.9438477e+01
   6.2484760e+06   3.6926270e+01
   6.2485340e+06   3.6621094e+01
   6.2485610e+06   3.9245605e+01
   6.2486050e+06   4.0100098e+01
   6.2979840e+06   3.6621094e+01
   6.2980930e+06   3.4851074e+01
   6.2981650e+06   3.6804199e+01
   6.2981870e+06   3.7841797e+01
   6.2982110e+06   4.0527344e+01
   6.2982330e+06   4.1625977e+01
   6.2982640e+06   3.8391113e+01
   6.2982820e+06   5.0292969e+01
   6.2982970e+06   3.8330078e+01
   6.2983220e+06   4.5104980e+01
   6.2983600e+06   4.1564941e+01
   6.2983890e+06   3.6743164e+01
   6.2984400e+06   4.4738770e+01
   6.2987800e+06   3.8085938e+01
   6.2996750e+06   3.8208008e+01
   6.3797870e+06   4.2236328e+01
   6.3799210e+06   3.8391113e+01
   6.3800340e+06   3.9855957e+01
   6.3800780e+06   4.5166016e+01
   6.3801020e+06   3.6193848e+01
   6.3801290e+06   3.5156250e+01
   6.3801740e+06   4.7241211e+01
   6.3801930e+06   3.8024902e+01
   6.3802290e+06   3.7963867e+01
   6.3802940e+06   3.5339355e+01
   6.3803180e+06   4.9316406e+01
   6.3803320e+06   3.8574219e+01
   6.4302430e+06   3.6682129e+01
   6.4304490e+06   3.5034180e+01
   6.4304870e+06   3.7902832e+01
   6.4305240e+06   4.4372559e+01
   6.4305420e+06   4.2663574e+01
   6.4305560e+06   3.7231445e+01
   6.4306030e+06   3.6987305e+01
   6.4306390e+06   3.8269043e+01
   6.4306910e+06   3.9428711e+01
   6.4307220e+06   3.9123535e+01
   6.4307390e+06   3.6804199e+01
   6.4307700e+06   3.9550781e+01
   6.4307840e+06   3.7414551e+01
   6.4310040e+06   3.5034180e+01
   6.4313220e+06   3.9367676e+01
   6.5146860e+06   3.9550781e+01
   6.5147010e+06   5.8410645e+01
   6.5147500e+06   3.6560059e+01
   6.5148330e+06   3.8513184e+01
   6.5149040e+06   3.6132813e+01
   6.5149690e+06   3.5156250e+01
   6.5149830e+06   4.8278809e+01
   6.5150280e+06   3.7780762e+01
   6.5150840e+06   3.8146973e+01
   6.5152310e+06   3.5156250e+01
   6.5700210e+06   4.1687012e+01
   6.5701580e+06   3.9550781e+01
   6.5703860e+06   3.6193848e+01
   6.5704140e+06   4.0100098e+01
   6.5704490e+06   3.9001465e+01
   6.5704680e+06   3.6071777e+01
   6.5705200e+06   3.9916992e+01
   6.5705300e+06   4.4677734e+01
   6.5705920e+06   3.6743164e+01
   6.5706460e+06   3.8024902e+01
   6.6406180e+06   3.6987305e+01
   6.6407490e+06   3.9001465e+01
   6.6407830e+06   4.4677734e+01
   6.6408520e+06   4.0405273e+01
   6.6408980e+06   3.8513184e+01
   6.6409480e+06   3.8818359e+01
   6.6409710e+06   3.5583496e+01
   6.6409860e+06   4.9377441e+01
   6.6410250e+06   3.5888672e+01
   6.6411360e+06   4.7546387e+01
   6.6411530e+06   3.6010742e+01
   6.6411750e+06   4.0832520e+01
   6.6412980e+06   3.8269043e+01
   6.7258180e+06   3.8330078e+01
   6.7258920e+06   3.5583496e+01
   6.7259500e+06   4.2663574e+01
   6.7259870e+06   3.7658691e+01
   6.7260040e+06   3.7475586e+01
   6.7260410e+06   4.2724609e+01
   6.7260870e+06   4.0161133e+01
   6.7261110e+06   5.8044434e+01
   6.7261210e+06   4.4128418e+01
   6.7261500e+06   3.7231445e+01
   6.7262510e+06   3.5522461e+01
   6.7265560e+06   3.6682129e+01
   6.8158690e+06   4.1503906e+01
   6.8159750e+06   3.7719727e+01
   6.8160530e+06   4.8889160e+01
   6.8160820e+06   3.6865234e+01
   6.8160970e+06   3.7719727e+01
   6.8161200e+06   3.6865234e+01
   6.8161600e+06   4.0405273e+01
   6.8161900e+06   4.2297363e+01
   6.8162160e+06   3.7292480e+01
   6.8162990e+06   3.9672852e+01
   6.8163740e+06   3.7719727e+01
   6.8164390e+06   4.3212891e+01
   6.8164870e+06   3.8208008e+01
   6.8697740e+06   4.0771484e+01
   6.8699770e+06   4.4006348e+01
   6.8700350e+06   3.7109375e+01
   6.8700560e+06   3.6315918e+01
   6.8700780e+06   4.3395996e+01
   6.8701090e+06   3.8574219e+01
   6.8701220e+06   4.0405273e+01
   6.8701390e+06   3.5461426e+01
   6.8701610e+06   3.8513184e+01
   6.8702060e+06   3.8391113e+01
   6.8702310e+06   3.6010742e+01
   6.8702650e+06   4.0039063e+01
   6.8709190e+06   3.5156250e+01
   6.8709680e+06   3.5095215e+01
   6.9325460e+06   4.4677734e+01
   6.9325930e+06   3.5400391e+01
   6.9326650e+06   3.5827637e+01
   6.9327130e+06   3.5888672e+01
   6.9327300e+06   4.7302246e+01
   6.9327660e+06   4.8828125e+01
   6.9328590e+06   4.2663574e+01
   6.9328940e+06   3.8391113e+01
   6.9329200e+06   3.6743164e+01
   6.9329360e+06   4.1442871e+01
   6.9329690e+06   3.7414551e+01
   6.9330300e+06   4.4067383e+01
   6.9331540e+06   3.5461426e+01
   6.9334790e+06   3.6560059e+01
   6.9933890e+06   3.8391113e+01
   6.9935680e+06   4.4494629e+01
   6.9935790e+06   5.0415039e+01
   6.9936070e+06   4.5776367e+01
   6.9936410e+06   4.8889160e+01
   6.9936590e+06   4.1381836e+01
   6.9936980e+06   4.7485352e+01
   6.9937220e+06   4.3029785e+01
   6.9937730e+06   4.5837402e+01
   6.9937860e+06   4.6997070e+01
   6.9938570e+06   4.1015625e+01
   6.9941960e+06   3.4973145e+01
   6.9952700e+06   3.4973145e+01
   7.0680240e+06   4.3334961e+01
   7.0680950e+06   3.6865234e+01
   7.0681190e+06   4.3151855e+01
   7.0681470e+06   4.0893555e+01
   7.0681840e+06   3.6682129e+01
   7.0682230e+06   5.0842285e+01
   7.0682340e+06   3.7902832e+01
   7.0682630e+06   4.0832520e+01
   7.0683010e+06   4.2175293e+01
   7.0683610e+06   3.5461426e+01
   7.0684130e+06   3.6010742e+01
   7.0684280e+06   4.3395996e+01
   7.0684860e+06   4.3151855e+01
   7.0694150e+06   3.9245605e+01
   7.1345900e+06   4.2663574e+01
   7.1346680e+06   4.4067383e+01
   7.1347240e+06   3.7597656e+01
   7.1347380e+06   3.6437988e+01
   7.1347630e+06   3.8330078e+01
   7.1347820e+06   4.0588379e+01
   7.1348080e+06   3.8696289e+01
   7.1348240e+06   3.6804199e+01
   7.1348920e+06   4.8889160e+01
   7.1349590e+06   3.6193848e+01
   7.1349720e+06   3.6071777e+01
   7.1350130e+06   3.7414551e+01
   7.1350380e+06   3.4912109e+01
   7.1351460e+06   4.2663574e+01
   7.1351740e+06   3.5949707e+01
   7.1356290e+06   3.5278320e+01
   7.1361380e+06   3.6254883e+01
   7.1946300e+06   3.5644531e+01
   7.1947610e+06   3.7414551e+01
   7.1948340e+06   4.2846680e+01
   7.1948560e+06   4.6508789e+01
   7.1948900e+06   3.6926270e+01
   7.1949340e+06   3.6560059e+01
   7.1949770e+06   3.7475586e+01
   7.1950180e+06   3.5095215e+01
   7.1951080e+06   3.9794922e+01
   7.1952070e+06   3.6621094e+01
   7.1952170e+06   4.0832520e+01
   7.1957360e+06   3.8879395e+01
   7.2783010e+06   3.9855957e+01
   7.2783290e+06   3.5949707e+01
   7.2783570e+06   3.5278320e+01
   7.2784090e+06   4.7546387e+01
   7.2785160e+06   4.5898438e+01
   7.2785480e+06   3.6376953e+01
   7.2786220e+06   4.4555664e+01
   7.2787990e+06   3.6926270e+01
   7.2788610e+06   3.7292480e+01
   7.3507140e+06   4.7485352e+01
   7.3507360e+06   4.9316406e+01
   7.3507570e+06   4.5227051e+01
   7.3508350e+06   4.1931152e+01
   7.3508850e+06   3.9184570e+01
   7.3508960e+06   4.9865723e+01
   7.3509660e+06   5.0598145e+01
   7.3509770e+06   3.5461426e+01
   7.3509890e+06   3.8452148e+01
   7.3510380e+06   3.6193848e+01
   7.3511110e+06   4.0344238e+01
   7.3511800e+06   3.7658691e+01
   7.4108020e+06   3.8513184e+01
   7.4110250e+06   3.6560059e+01
   7.4110610e+06   4.3579102e+01
   7.4110920e+06   4.2236328e+01
   7.4111040e+06   3.7475586e+01
   7.4111280e+06   3.7963867e+01
   7.4111400e+06   4.6264648e+01
   7.4111680e+06   3.7109375e+01
   7.4112310e+06   4.4372559e+01
   7.4112570e+06   4.0588379e+01
   7.4112700e+06   3.5888672e+01
   7.4113330e+06   3.7048340e+01
   7.4114770e+06   3.5827637e+01
   7.4115050e+06   3.8208008e+01
   7.5137250e+06   3.9123535e+01
   7.5137990e+06   3.4973145e+01
   7.5138700e+06   5.1574707e+01
   7.5139050e+06   4.5104980e+01
   7.5139290e+06   4.4677734e+01
   7.5139440e+06   3.9062500e+01
   7.5139710e+06   3.7658691e+01
   7.5140400e+06   3.8879395e+01
   7.5142740e+06   3.7109375e+01
   7.5144950e+06   3.7841797e+01
   7.5619570e+06   3.5217285e+01
   7.5620620e+06   3.8818359e+01
   7.5620720e+06   4.2663574e+01
   7.5621140e+06   3.8635254e+01
   7.5621370e+06   4.5959473e+01
   7.5621710e+06   3.7963867e+01
   7.5622140e+06   4.5349121e+01
   7.5622390e+06   4.0527344e+01
   7.5622490e+06   4.5898438e+01
   7.5622860e+06   4.0405273e+01
   7.5623190e+06   3.7292480e+01
   7.5623460e+06   3.5217285e+01
   7.5623950e+06   3.5705566e+01
   7.5624810e+06   4.1687012e+01
   7.5627790e+06   3.5217285e+01
   7.5640870e+06   4.0771484e+01
   7.6184960e+06   3.6926270e+01
   7.6185830e+06   3.5522461e+01
   7.6186110e+06   4.0222168e+01
   7.6186580e+06   4.1687012e+01
   7.6186730e+06   3.6682129e+01
   7.6187380e+06   3.9916992e+01
   7.6187610e+06   4.8156738e+01
   7.6188260e+06   4.0649414e+01
   7.6188660e+06   4.6447754e+01
   7.6189000e+06   3.4912109e+01
   7.6189380e+06   4.7729492e+01
   7.6189690e+06   3.4851074e+01
   7.6190070e+06   4.4067383e+01
   7.6190170e+06   4.1015625e+01
   7.6190710e+06   3.6865234e+01
   7.6195630e+06   3.5705566e+01
   7.6761570e+06   4.2602539e+01
   7.6762300e+06   3.5034180e+01
   7.6762890e+06   4.4799805e+01
   7.6763370e+06   3.7231445e+01
   7.6763800e+06   3.5766602e+01
   7.6763950e+06   3.5034180e+01
   7.6764370e+06   3.6682129e+01
   7.6764680e+06   3.8574219e+01
   7.6765000e+06   3.8024902e+01
   7.6765860e+06   3.5034180e+01
   7.6767460e+06   3.4851074e+01
   7.6768250e+06   4.0100098e+01
   7.7457080e+06   4.4799805e+01
   7.7457290e+06   3.9978027e+01
   7.7457510e+06   3.5766602e+01
   7.7458070e+06   4.0222168e+01
   7.7458440e+06   3.6621094e+01
   7.7458740e+06   3.8024902e+01
   7.7458940e+06   3.7841797e+01
   7.7459290e+06   3.5034180e+01
   7.7459620e+06   4.0344238e+01
   7.7459960e+06   3.4851074e+01
   7.7460700e+06   3.8635254e+01
   7.7461390e+06   3.5278320e+01
   7.8379550e+06   3.8818359e+01
   7.8380790e+06   3.7536621e+01
   7.8381010e+06   3.8391113e+01
   7.8381490e+06   4.2541504e+01
   7.8381660e+06   3.9550781e+01
   7.8381980e+06   4.4250488e+01
   7.8382150e+06   3.8269043e+01
   7.8382260e+06   3.5705566e+01
   7.8382700e+06   5.0537109e+01
   7.8383020e+06   3.5949707e+01
   7.8383210e+06   3.5949707e+01
   7.8383510e+06   4.4311523e+01
   7.8383740e+06   3.9855957e+01
   7.8384590e+06   3.9611816e+01
   7.8384710e+06   4.4189453e+01
   7.8385660e+06   4.0954590e+01
   7.8390560e+06   3.6132813e+01
   7.8574100e+06   3.5095215e+01
   7.8574470e+06   4.2419434e+01
   7.8575490e+06   3.4790039e+01
   7.8576470e+06   3.5644531e+01
   7.8577000e+06   3.6376953e+01
   7.8578110e+06   3.5522461e+01
   7.8578460e+06   4.0039063e+01
   7.8579010e+06   3.6743164e+01
   7.8579460e+06   4.9804688e+01
   7.8579760e+06   3.7658691e+01
   7.8581750e+06   4.0710449e+01
   7.9083030e+06   3.4973145e+01
   7.9084140e+06   4.8339844e+01
   7.9084520e+06   3.6010742e+01
   7.9085040e+06   3.6254883e+01
   7.9085570e+06   4.7363281e+01
   7.9085690e+06   3.7597656e+01
   7.9086030e+06   3.5766602e+01
   7.9086280e+06   4.0100098e+01
   7.9086570e+06   3.8024902e+01
   7.9087620e+06   3.5949707e+01
   7.9088820e+06   3.8757324e+01
   7.9089160e+06   3.8513184e+01
   7.9089280e+06   3.6621094e+01
   7.9093950e+06   5.0170898e+01
   7.9276410e+06   3.5339355e+01
   8.0260300e+06   3.6499023e+01
   8.0260550e+06   3.8757324e+01
   8.0261120e+06   4.1992188e+01
   8.0261510e+06   3.6315918e+01
   8.0262370e+06   3.6193848e+01
   8.0262720e+06   3.5644531e+01
   8.0262890e+06   3.5034180e+01
   8.0263400e+06   4.2663574e+01
   8.0264610e+06   3.5827637e+01
   8.0265010e+06   4.0588379e+01
   8.0942250e+06   4.0100098e+01
   8.0942560e+06   4.0222168e+01
   8.0943110e+06   3.6682129e+01
   8.0943790e+06   4.1259766e+01
   8.0944640e+06   3.7597656e+01
   8.0944890e+06   5.8654785e+01
   8.0945700e+06   4.1564941e+01
   8.0945920e+06   3.6560059e+01
   8.0946290e+06   3.5461426e+01
   8.0946690e+06   4.3273926e+01
   8.0947280e+06   3.8635254e+01
   8.0947490e+06   3.9733887e+01
   8.0948150e+06   3.6804199e+01
   8.1818190e+06   3.6010742e+01
   8.1819140e+06   3.5095215e+01
   8.1819930e+06   4.2663574e+01
   8.1820150e+06   4.6020508e+01
   8.1820480e+06   4.8950195e+01
   8.1820930e+06   3.9306641e+01
   8.1821060e+06   4.5288086e+01
   8.1821360e+06   4.3884277e+01
   8.1821610e+06   4.5532227e+01
   8.1821750e+06   4.3151855e+01
   8.1822710e+06   3.9306641e+01
   8.1822970e+06   3.4912109e+01
   8.1823130e+06   3.4790039e+01
   8.1823530e+06   3.8085938e+01
   8.1825680e+06   3.6254883e+01
   8.2344610e+06   4.3273926e+01
   8.2347040e+06   3.7719727e+01
   8.2347420e+06   3.6254883e+01
   8.2348310e+06   3.5644531e+01
   8.2349480e+06   3.6193848e+01
   8.2349870e+06   3.7902832e+01
   8.2350550e+06   3.6315918e+01
   8.2351420e+06   3.7109375e+01
   8.2354800e+06   3.5400391e+01
   8.2358030e+06   3.7109375e+01
   8.2976340e+06   4.2663574e+01
   8.2978270e+06   3.8146973e+01
   8.2979830e+06   3.5644531e+01
   8.2980390e+06   4.2053223e+01
   8.2980650e+06   4.1076660e+01
   8.2980780e+06   3.7780762e+01
   8.2981190e+06   4.2419434e+01
   8.2981310e+06   3.6071777e+01
   8.2981800e+06   3.5217285e+01
   8.2982170e+06   4.5776367e+01
   8.2982470e+06   3.5217285e+01
   8.2982660e+06   3.9794922e+01
   8.2983470e+06   3.9184570e+01
   8.2984140e+06   3.6560059e+01
   8.2984980e+06   3.9855957e+01
   8.2985340e+06   3.7963867e+01
   8.2986820e+06   3.5400391e+01
   8.2986970e+06   3.5400391e+01
   8.3583080e+06   4.5715332e+01
   8.3585440e+06   4.1076660e+01
   8.3585660e+06   3.8024902e+01
   8.3585880e+06   4.2175293e+01
   8.3586450e+06   3.6621094e+01
   8.3587190e+06   4.1564941e+01
   8.3587370e+06   3.9123535e+01
   8.3587660e+06   4.6447754e+01
   8.3588470e+06   3.7414551e+01
   8.3588690e+06   3.4973145e+01
   8.3589660e+06   3.8879395e+01
   8.3589920e+06   3.8757324e+01
   8.3590200e+06   3.6560059e+01
   8.3590880e+06   4.0588379e+01
   8.3591390e+06   3.4912109e+01
   8.3594960e+06   3.6865234e+01
   8.3595940e+06   3.9123535e+01
   8.3604520e+06   3.5888672e+01
   8.4308200e+06   3.9978027e+01
   8.4308460e+06   3.8146973e+01
   8.4309230e+06   3.5522461e+01
   8.4309710e+06   5.0048828e+01
   8.4309970e+06   4.6936035e+01
   8.4310440e+06   4.2785645e+01
   8.4311380e+06   4.7607422e+01
   8.4312540e+06   3.7414551e+01
   8.4316540e+06   3.8269043e+01
   8.5454050e+06   4.0832520e+01
   8.5455350e+06   4.2480469e+01
   8.5456200e+06   4.1076660e+01
   8.5456920e+06   3.6621094e+01
   8.5457230e+06   3.6926270e+01
   8.5457380e+06   4.1931152e+01
   8.5458000e+06   3.7170410e+01
   8.5458100e+06   3.6926270e+01
   8.5458390e+06   5.1025391e+01
   8.5459280e+06   3.5949707e+01
   8.5461000e+06   3.6010742e+01
   8.5462140e+06   3.7597656e+01
   8.6093680e+06   4.1809082e+01
   8.6094830e+06   4.7241211e+01
   8.6095480e+06   4.0222168e+01
   8.6095740e+06   3.5095215e+01
   8.6096060e+06   4.9011230e+01
   8.6096170e+06   4.0832520e+01
   8.6096390e+06   4.3212891e+01
   8.6096940e+06   3.8269043e+01
   8.6097530e+06   3.6315918e+01
   8.6097790e+06   3.8208008e+01
   8.6098050e+06   3.8024902e+01
   8.6098280e+06   4.7241211e+01
   8.6101870e+06   3.4912109e+01
   8.6117950e+06   3.4973145e+01
   8.7155030e+06   4.3945313e+01
   8.7156030e+06   3.6621094e+01
   8.7156360e+06   3.6132813e+01
   8.7156750e+06   5.5541992e+01
   8.7157090e+06   4.1809082e+01
   8.7157270e+06   4.4189453e+01
   8.7157380e+06   6.3964844e+01
   8.7157700e+06   3.7536621e+01
   8.7157850e+06   5.0476074e+01
   8.7158390e+06   3.6254883e+01
   8.7158690e+06   4.0649414e+01
   8.7159020e+06   4.5532227e+01
   8.7159650e+06   4.0161133e+01
   8.7159800e+06   3.7475586e+01
   8.7788930e+06   4.1076660e+01
   8.7789850e+06   3.5400391e+01
   8.7790280e+06   4.3579102e+01
   8.7790510e+06   4.3151855e+01
   8.7790830e+06   3.6376953e+01
   8.7791230e+06   3.8391113e+01
   8.7791370e+06   4.2419434e+01
   8.7791610e+06   4.0100098e+01
   8.7792610e+06   4.8400879e+01
   8.7792920e+06   3.6926270e+01
   8.7793080e+06   5.1879883e+01
   8.7793420e+06   4.4860840e+01
   8.7793820e+06   4.0039063e+01
   8.7794720e+06   3.7231445e+01
   8.7795810e+06   3.6560059e+01
   8.8312620e+06   4.1198730e+01
   8.8314610e+06   3.7597656e+01
   8.8314890e+06   5.0415039e+01
   8.8315450e+06   4.2724609e+01
   8.8315740e+06   3.5888672e+01
   8.8316280e+06   3.5034180e+01
   8.8316740e+06   5.2246094e+01
   8.8316860e+06   4.4982910e+01
   8.9118350e+06   3.8757324e+01
   8.9119800e+06   3.8085938e+01
   8.9120520e+06   4.3334961e+01
   8.9120900e+06   3.7048340e+01
   8.9121080e+06   3.6376953e+01
   8.9121420e+06   3.7048340e+01
   8.9121830e+06   3.7902832e+01
   8.9121950e+06   4.7302246e+01
   8.9122230e+06   4.0832520e+01
   8.9123220e+06   3.9001465e+01
   8.9123840e+06   3.8146973e+01
   8.9124940e+06   3.6560059e+01
   8.9132250e+06   3.5949707e+01
   8.9990780e+06   3.5339355e+01
   8.9991000e+06   3.5156250e+01
   8.9991720e+06   4.1564941e+01
   8.9991980e+06   4.1931152e+01
   8.9992270e+06   4.4738770e+01
   8.9992440e+06   4.7119141e+01
   8.9992730e+06   4.1625977e+01
   8.9993060e+06   3.4790039e+01
   8.9993360e+06   3.7658691e+01
   8.9994260e+06   3.5644531e+01
   8.9995550e+06   3.7353516e+01
   9.0794810e+06   4.3273926e+01
   9.0796110e+06   3.6926270e+01
   9.0796620e+06   4.0527344e+01
   9.0797000e+06   3.8269043e+01
   9.0797180e+06   4.2236328e+01
   9.0797760e+06   3.7170410e+01
   9.0797950e+06   3.9916992e+01
   9.0798440e+06   4.0100098e+01
   9.0798630e+06   4.6447754e+01
   9.0799350e+06   4.1748047e+01
   9.0799730e+06   3.5522461e+01
   9.0799980e+06   3.9733887e+01
   9.0800200e+06   3.5339355e+01
   9.0800920e+06   3.8208008e+01
   9.1468420e+06   3.8757324e+01
   9.1469290e+06   3.9306641e+01
   9.1469560e+06   4.2175293e+01
   9.1470030e+06   3.9245605e+01
   9.1470590e+06   3.9062500e+01
   9.1470720e+06   4.1564941e+01
   9.1471070e+06   4.3945313e+01
   9.1471580e+06   3.9367676e+01
   9.1471860e+06   4.2236328e+01
   9.1472300e+06   3.8208008e+01
   9.1472450e+06   3.7536621e+01
   9.1472770e+06   4.4189453e+01
   9.1472990e+06   4.1748047e+01
   9.1473840e+06   3.4851074e+01
   9.1474220e+06   3.5278320e+01
   9.2290240e+06   3.7170410e+01
   9.2291950e+06   4.0344238e+01
   9.2292160e+06   3.5522461e+01
   9.2292340e+06   3.6743164e+01
   9.2292630e+06   4.7973633e+01
   9.2292940e+06   4.2541504e+01
   9.2293260e+06   3.5461426e+01
   9.2293390e+06   3.5888672e+01
   9.2293920e+06   3.8574219e+01
   9.2294650e+06   4.7241211e+01
   9.2294860e+06   3.7414551e+01
   9.2295190e+06   3.6254883e+01
   9.2295810e+06   3.9306641e+01
   9.2834470e+06   3.6132813e+01
   9.2835930e+06   3.5766602e+01
   9.2836460e+06   3.5705566e+01
   9.2836980e+06   3.5095215e+01
   9.2837260e+06   3.7902832e+01
   9.2837870e+06   3.4912109e+01
   9.2838100e+06   3.5888672e+01
   9.2838280e+06   3.8757324e+01
   9.2838800e+06   3.5705566e+01
   9.2839330e+06   3.9367676e+01
   9.2840190e+06   3.6621094e+01
   9.2841050e+06   4.6203613e+01
   9.2856960e+06   3.5400391e+01
   9.3637400e+06   4.0832520e+01
   9.3638270e+06   3.6926270e+01
   9.3638880e+06   3.7414551e+01
   9.3639150e+06   4.3395996e+01
   9.3639500e+06   4.1564941e+01
   9.3639740e+06   3.8574219e+01
   9.3640290e+06   3.8574219e+01
   9.3640400e+06   4.5654297e+01
   9.3641090e+06   3.6926270e+01
   9.3641240e+06   4.4494629e+01
   9.3641710e+06   4.7790527e+01
   9.3642700e+06   3.9855957e+01
   9.3643510e+06   3.6987305e+01
   9.4080670e+06   4.0344238e+01
   9.4081000e+06   3.9184570e+01
   9.4081430e+06   3.9489746e+01
   9.4081680e+06   3.9489746e+01
   9.4082240e+06   4.1503906e+01
   9.4082490e+06   3.5766602e+01
   9.4083030e+06   3.6499023e+01
   9.4083520e+06   3.6743164e+01
   9.4083960e+06   3.6926270e+01
   9.4084350e+06   4.0222168e+01
   9.4085990e+06   4.2480469e+01
   9.4087630e+06   3.8513184e+01
   9.4093910e+06   3.9245605e+01
   9.4793630e+06   3.5827637e+01
   9.4794730e+06   4.3884277e+01
   9.4795010e+06   3.9428711e+01
   9.4795440e+06   4.5532227e+01
   9.4796070e+06   3.9550781e+01
   9.4796250e+06   3.5461426e+01
   9.4797000e+06   5.4687500e+01
   9.4797300e+06   3.6560059e+01
   9.4797670e+06   5.1208496e+01
   9.4798380e+06   4.1992188e+01
   9.4798580e+06   3.6682129e+01
   9.4799060e+06   4.6447754e+01
   9.4799350e+06   3.9733887e+01
   9.4800340e+06   3.6315918e+01
   9.4801460e+06   3.6499023e+01
   9.4808680e+06   3.5095215e+01
   9.5364870e+06   3.6682129e+01
   9.5365910e+06   4.2114258e+01
   9.5366160e+06   3.6376953e+01
   9.5366520e+06   3.8452148e+01
   9.5366740e+06   3.4912109e+01
   9.5366930e+06   3.5339355e+01
   9.5367300e+06   4.0466309e+01
   9.5367550e+06   3.5949707e+01
   9.5367820e+06   3.9428711e+01
   9.5368230e+06   5.4809570e+01
   9.5368470e+06   3.8330078e+01
   9.5368790e+06   4.0344238e+01
   9.5368970e+06   3.7231445e+01
   9.5369340e+06   4.4189453e+01
   9.5369790e+06   3.6743164e+01
   9.5370840e+06   4.1992188e+01
   9.6428310e+06   4.3579102e+01
   9.6429540e+06   3.5217285e+01
   9.6430480e+06   3.6254883e+01
   9.6431310e+06   5.0354004e+01
   9.6431430e+06   3.5766602e+01
   9.6431700e+06   3.9916992e+01
   9.6431840e+06   3.7170410e+01
   9.6432380e+06   4.1564941e+01
   9.6432610e+06   3.5522461e+01
   9.6432850e+06   4.1564941e+01
   9.6433170e+06   3.7841797e+01
   9.6433490e+06   3.8024902e+01
   9.6433780e+06   3.7292480e+01
   9.6434110e+06   3.8940430e+01
   9.7387510e+06   4.2846680e+01
   9.7388840e+06   3.7048340e+01
   9.7389020e+06   3.9001465e+01
   9.7389440e+06   4.0466309e+01
   9.7389660e+06   3.7719727e+01
   9.7389820e+06   5.0781250e+01
   9.7389930e+06   4.1687012e+01
   9.7390370e+06   5.0109863e+01
   9.7390740e+06   3.5827637e+01
   9.7390990e+06   3.5522461e+01
   9.7391480e+06   4.2541504e+01
   9.7391770e+06   3.5217285e+01
   9.7391990e+06   4.6386719e+01
   9.7392280e+06   3.5278320e+01
   9.7395240e+06   3.6499023e+01
   9.7790250e+06   3.7597656e+01
   9.7792250e+06   3.6621094e+01
   9.7793200e+06   3.5583496e+01
   9.7793400e+06   3.4973145e+01
   9.7793630e+06   3.5217285e+01
   9.7794000e+06   3.4851074e+01
   9.7794400e+06   3.5522461e+01
   9.7795210e+06   3.7170410e+01
   9.7795550e+06   3.6315918e+01
   9.7795820e+06   3.6315918e+01
   9.7796300e+06   3.5095215e+01
   9.7796700e+06   3.7719727e+01
   9.7797690e+06   3.5217285e+01
   9.7801400e+06   3.5217285e+01
   9.8732140e+06   4.0649414e+01
   9.8733430e+06   3.6499023e+01
   9.8733860e+06   3.6560059e+01
   9.8734170e+06   3.8574219e+01
   9.8734990e+06   3.8696289e+01
   9.8735170e+06   4.2419434e+01
   9.8736150e+06   3.6621094e+01
   9.8736260e+06   4.6875000e+01
   9.8736650e+06   3.7231445e+01
   9.8736760e+06   3.5705566e+01
   9.8736980e+06   3.6804199e+01
   9.9517580e+06   3.5827637e+01
   9.9517720e+06   3.6315918e+01
   9.9518960e+06   4.1809082e+01
   9.9519680e+06   3.9916992e+01
   9.9519970e+06   3.5705566e+01
   9.9520450e+06   4.0771484e+01
   9.9520640e+06   3.7292480e+01
   9.9521240e+06   3.5644531e+01
   9.9521400e+06   3.8635254e+01
   1.0019899e+07   3.5400391e+01
   1.0019974e+07   3.5156250e+01
   1.0019989e+07   3.8513184e+01
   1.0020060e+07   3.8330078e+01
   1.0020073e+07   4.1015625e+01
   1.0020116e+07   3.6682129e+01
   1.0020151e+07   4.1687012e+01
   1.0020165e+07   3.7353516e+01
   1.0020323e+07   4.2358398e+01
   1.0021111e+07   3.7780762e+01
   1.0097218e+07   4.5349121e+01
   1.0097241e+07   4.3334961e+01
   1.0097300e+07   4.4616699e+01
   1.0097334e+07   5.4260254e+01
   1.0097353e+07   4.8278809e+01
   1.0097376e+07   3.8818359e+01
   1.0097388e+07   3.8513184e+01
   1.0097408e+07   4.1076660e+01
   1.0097443e+07   4.3762207e+01
   1.0097541e+07   4.1076660e+01
   1.0098583e+07   3.7170410e+01
   1.0098696e+07   3.5339355e+01
   1.0151572e+07   3.5644531e+01
   1.0151603e+07   3.6254883e+01
   1.0151682e+07   3.6315918e+01
   1.0151741e+07   5.1757813e+01
   1.0151779e+07   3.9733887e+01
   1.0151814e+07   4.6142578e+01
   1.0151837e+07   3.8085938e+01
   1.0151924e+07   3.8391113e+01
   1.0152018e+07   3.9550781e+01
   1.0152084e+07   3.8146973e+01
   1.0152098e+07   3.9184570e+01
   1.0152115e+07   3.9245605e+01
   1.0152256e+07   3.6010742e+01
   1.0152342e+07   4.1687012e+01
   1.0221710e+07   3.6804199e+01
   1.0221725e+07   5.8715820e+01
   1.0221761e+07   3.5461426e+01
   1.0221793e+07   4.2297363e+01
   1.0221812e+07   3.7414551e+01
   1.0221955e+07   3.7963867e+01
   1.0222015e+07   4.0039063e+01
   1.0222253e+07   3.4912109e+01
   1.0222709e+07   3.6071777e+01
   1.0309157e+07   3.5461426e+01
   1.0309179e+07   3.9550781e+01
   1.0309243e+07   3.5583496e+01
   1.0309306e+07   3.9672852e+01
   1.0309348e+07   3.8146973e+01
   1.0309374e+07   3.5400391e+01
   1.0309448e+07   3.7475586e+01
   1.0309675e+07   3.5339355e+01
   1.0309749e+07   3.5522461e+01
   1.0310021e+07   3.5949707e+01
   1.0378886e+07   4.0039063e+01
   1.0379109e+07   3.4973145e+01
   1.0379160e+07   3.9916992e+01
   1.0379171e+07   4.4006348e+01
   1.0379202e+07   4.5898438e+01
   1.0379242e+07   3.6132813e+01
   1.0379302e+07   3.6743164e+01
   1.0379330e+07   3.7475586e+01
   1.0379344e+07   3.6865234e+01
   1.0379445e+07   4.2724609e+01
   1.0379483e+07   4.0344238e+01
   1.0379699e+07   3.5278320e+01
   1.0379763e+07   3.5278320e+01
   1.0379911e+07   3.5644531e+01
   1.0476882e+07   3.5766602e+01
   1.0477016e+07   3.8574219e+01
   1.0477097e+07   3.6682129e+01
   1.0477123e+07   3.6865234e+01
   1.0477223e+07   3.6437988e+01
   1.0477279e+07   4.6569824e+01
   1.0477330e+07   3.8696289e+01
   1.0477371e+07   3.6254883e+01
   1.0477475e+07   3.7658691e+01
   1.0477625e+07   3.9855957e+01
   1.0477721e+07   3.9184570e+01
   1.0534701e+07   3.9062500e+01
   1.0534855e+07   3.8269043e+01
   1.0534973e+07   3.5278320e+01
   1.0535046e+07   4.2114258e+01
   1.0535072e+07   3.5461426e+01
   1.0535146e+07   3.6499023e+01
   1.0535193e+07   3.7170410e+01
   1.0535225e+07   3.7902832e+01
   1.0535311e+07   3.6376953e+01
   1.0535661e+07   3.7048340e+01
   1.0607848e+07   4.0405273e+01
   1.0607922e+07   3.7597656e+01
   1.0607979e+07   4.0588379e+01
   1.0607993e+07   3.9611816e+01
   1.0608043e+07   4.4860840e+01
   1.0608055e+07   3.6499023e+01
   1.0608110e+07   3.7719727e+01
   1.0608166e+07   3.5034180e+01
   1.0608268e+07   4.2114258e+01
   1.0608281e+07   4.3090820e+01
   1.0608366e+07   3.4851074e+01
   1.0706113e+07   4.7119141e+01
   1.0706240e+07   3.6132813e+01
   1.0706338e+07   4.3701172e+01
   1.0706392e+07   3.9184570e+01
   1.0706428e+07   4.5227051e+01
   1.0706456e+07   3.5766602e+01
   1.0706493e+07   4.0161133e+01
   1.0706517e+07   3.8635254e+01
   1.0706542e+07   3.9978027e+01
   1.0706778e+07   3.8574219e+01
   1.0777099e+07   3.5339355e+01
   1.0777223e+07   4.5227051e+01
   1.0777291e+07   4.1076660e+01
   1.0777303e+07   3.5583496e+01
   1.0777317e+07   3.9672852e+01
   1.0777336e+07   3.4790039e+01
   1.0777347e+07   4.0954590e+01
   1.0777390e+07   4.9194336e+01
   1.0777413e+07   3.9916992e+01
   1.0777432e+07   3.4973145e+01
   1.0777450e+07   3.7048340e+01
   1.0777462e+07   4.2419434e+01
   1.0777495e+07   3.6437988e+01
   1.0777535e+07   4.2846680e+01
   1.0777571e+07   4.1137695e+01
   1.0777592e+07   3.5888672e+01
   1.0777637e+07   3.6010742e+01
   1.0777665e+07   3.6804199e+01
   1.0777725e+07   3.5766602e+01
   1.0848118e+07   3.7170410e+01
   1.0848260e+07   3.5705566e+01
   1.0848358e+07   4.4128418e+01
   1.0848380e+07   4.7241211e+01
   1.0848417e+07   5.5480957e+01
   1.0848433e+07   3.5461426e+01
   1.0848488e+07   4.6386719e+01
   1.0848565e+07   3.7902832e+01
   1.0848617e+07   3.7170410e+01
   1.0848679e+07   3.9855957e+01
   1.0848763e+07   4.9743652e+01
   1.0848814e+07   3.5705566e+01
   1.0848881e+07   3.7048340e+01
   1.0926558e+07   3.5156250e+01
   1.0926743e+07   3.8940430e+01
   1.0926762e+07   3.7597656e+01
   1.0926824e+07   4.5349121e+01
   1.0926858e+07   3.5827637e+01
   1.0926941e+07   3.5156250e+01
   1.0926961e+07   4.5104980e+01
   1.0927019e+07   4.5959473e+01
   1.0927146e+07   3.4851074e+01
   1.0927696e+07   3.4912109e+01
   1.1022538e+07   3.7658691e+01
   1.1022604e+07   3.7231445e+01
   1.1022616e+07   4.3640137e+01
   1.1022638e+07   4.6264648e+01
   1.1022666e+07   4.2175293e+01
   1.1022705e+07   4.3029785e+01
   1.1022720e+07   4.2236328e+01
   1.1022741e+07   6.0485840e+01
   1.1022776e+07   3.5095215e+01
   1.1022810e+07   3.7597656e+01
   1.1022846e+07   3.6437988e+01
   1.1022865e+07   3.4790039e+01
   1.1022973e+07   3.4790039e+01
   1.1023020e+07   3.9306641e+01
   1.1076336e+07   3.7902832e+01
   1.1076353e+07   4.2236328e+01
   1.1076431e+07   4.5288086e+01
   1.1076446e+07   3.8574219e+01
   1.1076471e+07   3.5583496e+01
   1.1076506e+07   4.1381836e+01
   1.1076532e+07   3.8757324e+01
   1.1076564e+07   3.6132813e+01
   1.1076586e+07   3.9855957e+01
   1.1076603e+07   3.8513184e+01
   1.1076617e+07   3.4790039e+01
   1.1076653e+07   4.0405273e+01
   1.1076816e+07   3.6437988e+01
   1.1168309e+07   4.3334961e+01
   1.1168419e+07   3.5583496e+01
   1.1168441e+07   4.3640137e+01
   1.1168492e+07   3.8085938e+01
   1.1168504e+07   4.9011230e+01
   1.1168529e+07   5.2307129e+01
   1.1168543e+07   3.8452148e+01
   1.1168557e+07   4.0283203e+01
   1.1168660e+07   4.9499512e+01
   1.1168694e+07   4.3395996e+01
   1.1168852e+07   3.5644531e+01
   1.1168944e+07   3.6987305e+01
   1.1169071e+07   3.8940430e+01
   1.1226056e+07   3.7902832e+01
   1.1226137e+07   3.9123535e+01
   1.1226162e+07   3.5400391e+01
   1.1226204e+07   3.4851074e+01
   1.1226236e+07   4.6325684e+01
   1.1226264e+07   4.8706055e+01
   1.1226298e+07   3.6865234e+01
   1.1226321e+07   3.8940430e+01
   1.1226339e+07   3.6010742e+01
   1.1226651e+07   3.9794922e+01
   1.1226889e+07   3.4851074e+01
   1.1300449e+07   3.8940430e+01
   1.1300475e+07   4.2358398e+01
   1.1300512e+07   3.5095215e+01
   1.1300532e+07   3.5034180e+01
   1.1300572e+07   4.5410156e+01
   1.1300623e+07   5.0292969e+01
   1.1300646e+07   4.0466309e+01
   1.1300703e+07   4.5410156e+01
   1.1300743e+07   3.5705566e+01
   1.1300885e+07   3.9978027e+01
   1.1300970e+07   3.7658691e+01
   1.1301068e+07   4.3945313e+01
   1.1301256e+07   3.9978027e+01
   1.1301317e+07   3.9306641e+01
   1.1338080e+07   3.9001465e+01
   1.1338200e+07   3.9184570e+01
   1.1338288e+07   3.6804199e+01
   1.1338307e+07   4.0283203e+01
   1.1338329e+07   3.9184570e+01
   1.1338354e+07   3.8574219e+01
   1.1338421e+07   3.6499023e+01
   1.1338449e+07   4.2846680e+01
   1.1338469e+07   3.8024902e+01
   1.1338501e+07   5.4016113e+01
   1.1338589e+07   3.5095215e+01
   1.1338671e+07   3.5705566e+01
   1.1338907e+07   3.9306641e+01
   1.1445835e+07   3.7841797e+01
   1.1446000e+07   3.7231445e+01
   1.1446028e+07   3.9489746e+01
   1.1446069e+07   3.5766602e+01
   1.1446102e+07   3.5705566e+01
   1.1446187e+07   3.5583496e+01
   1.1446229e+07   3.9001465e+01
   1.1446255e+07   3.9184570e+01
   1.1446283e+07   4.0832520e+01
   1.1446319e+07   3.6437988e+01
   1.1446364e+07   3.8940430e+01
   1.1446379e+07   3.9123535e+01
   1.1446427e+07   3.7414551e+01
   1.1446490e+07   3.6926270e+01
   1.1446599e+07   3.6376953e+01
   1.1526892e+07   3.8635254e+01
   1.1526992e+07   3.9306641e+01
   1.1527071e+07   3.6193848e+01
   1.1527145e+07   4.5837402e+01
   1.1527188e+07   4.5593262e+01
   1.1527207e+07   4.3212891e+01
   1.1527227e+07   5.4138184e+01
   1.1527253e+07   3.7353516e+01
   1.1527281e+07   3.5034180e+01
   1.1527367e+07   3.6865234e+01
   1.1527437e+07   3.4912109e+01
   1.1527679e+07   3.8024902e+01
   1.1575032e+07   3.6132812e+01
   1.1575122e+07   4.6447754e+01
   1.1575156e+07   3.7719727e+01
   1.1575196e+07   3.9672852e+01
   1.1575212e+07   4.5593262e+01
   1.1575290e+07   3.4790039e+01
   1.1575320e+07   3.5400391e+01
   1.1575440e+07   4.0405273e+01
   1.1575471e+07   5.3466797e+01
   1.1575610e+07   3.5827637e+01
   1.1575631e+07   3.5095215e+01
   1.1575687e+07   3.6987305e+01
   1.1575780e+07   3.4851074e+01
   1.1682351e+07   3.5339355e+01
   1.1682456e+07   5.0537109e+01
   1.1682473e+07   4.9560547e+01
   1.1682518e+07   4.1687012e+01
   1.1682530e+07   3.6682129e+01
   1.1682554e+07   4.3579102e+01
   1.1682574e+07   3.6926270e+01
   1.1682598e+07   4.2602539e+01
   1.1682682e+07   3.6865234e+01
   1.1682724e+07   4.0100098e+01
   1.1682759e+07   4.5349121e+01
   1.1682871e+07   3.6254883e+01
   1.1683579e+07   3.5034180e+01
   1.1775422e+07   3.6315918e+01
   1.1775613e+07   3.5644531e+01
   1.1775647e+07   3.5888672e+01
   1.1775670e+07   3.6987305e+01
   1.1775724e+07   3.9184570e+01
   1.1775749e+07   4.0100098e+01
   1.1775776e+07   3.5583496e+01
   1.1775799e+07   3.5339355e+01
   1.1775809e+07   3.6376953e+01
   1.1775858e+07   3.5339355e+01
   1.1775929e+07   3.9855957e+01
   1.1776102e+07   3.5217285e+01
   1.1776216e+07   4.5349121e+01
   1.1893430e+07   3.8146973e+01
   1.1893589e+07   3.9367676e+01
   1.1893658e+07   3.7536621e+01
   1.1893678e+07   3.9855957e+01
   1.1893700e+07   4.0893555e+01
   1.1893780e+07   4.0527344e+01
   1.1893791e+07   4.0954590e+01
   1.1893806e+07   3.7109375e+01
   1.1893848e+07   3.8330078e+01
   1.1893938e+07   4.4738770e+01
   1.1894075e+07   3.8452148e+01
   1.1894560e+07   3.5217285e+01
   1.1977837e+07   3.5583496e+01
   1.1977946e+07   3.6315918e+01
   1.1977980e+07   4.1137695e+01
   1.1977996e+07   4.1503906e+01
   1.1978031e+07   4.2114258e+01
   1.1978043e+07   4.1992188e+01
   1.1978076e+07   3.7597656e+01
   1.1978104e+07   4.4372559e+01
   1.1978137e+07   4.0039063e+01
   1.1978158e+07   3.7780762e+01
   1.1978232e+07   3.4912109e+01
   1.1978308e+07   3.5827637e+01
   1.1978331e+07   3.6010742e+01
   1.1978485e+07   3.6621094e+01
   1.1979015e+07   3.5339355e+01
