   1.1996000e+07   0.0000000e+00
   5.2200000e+04   4.1809082e+01
   5.2297000e+04   5.3222656e+01
   5.2348000e+04   3.9550781e+01
   5.2440000e+04   4.3884277e+01
   5.2525000e+04   3.7719727e+01
   5.4311000e+04   3.8330078e+01
   1.2082100e+05   4.0893555e+01
   1.2085600e+05   3.6621094e+01
   1.2089400e+05   3.6804199e+01
   1.2090400e+05   3.6865234e+01
   1.2099500e+05   3.7109375e+01
   1.2106900e+05   4.6264648e+01
   1.8960500e+05   3.6926270e+01
   1.8967200e+05   3.9794922e+01
   1.9090800e+05   3.6926270e+01
   2.2636500e+05   3.6865234e+01
   2.2641900e+05   4.2053223e+01
   2.2647100e+05   3.6926270e+01
   2.2655000e+05   5.9082031e+01
   2.2660600e+05   3.7231445e+01
   2.2665500e+05   4.0527344e+01
   3.1080900e+05   3.9550781e+01
   3.1087900e+05   3.7109375e+01
   3.1089000e+05   3.7475586e+01
   3.1094700e+05   3.8208008e+01
   3.1135500e+05   4.1320801e+01
   3.5254500e+05   3.6682129e+01
   3.5263400e+05   3.6865234e+01
   3.5270400e+05   3.6682129e+01
   3.5272500e+05   4.7729492e+01
   3.5279200e+05   4.2419434e+01
   4.4349000e+05   3.9794922e+01
   4.4351400e+05   3.9428711e+01
   4.4354700e+05   4.6936035e+01
   4.4355800e+05   3.9123535e+01
   4.4359700e+05   3.9062500e+01
   4.4365300e+05   3.7719727e+01
   4.4377000e+05   3.7353516e+01
   4.5636600e+05   3.7841797e+01
   4.5652900e+05   4.3090820e+01
   4.5659500e+05   4.0100098e+01
   5.4161300e+05   4.5166016e+01
   5.4168700e+05   3.7658691e+01
   5.4173400e+05   3.7231445e+01
   5.4184000e+05   4.1931152e+01
   5.4189200e+05   4.6630859e+01
   5.4194700e+05   4.0100098e+01
   5.4199600e+05   3.7109375e+01
   6.0504100e+05   4.1320801e+01
   6.0508400e+05   5.4016113e+01
   6.0521100e+05   3.6621094e+01
   6.0526200e+05   3.7414551e+01
   6.6542300e+05   3.8574219e+01
   6.6543700e+05   3.8574219e+01
   6.6568400e+05   3.8085938e+01
   7.1859700e+05   3.9733887e+01
   7.1873700e+05   3.7536621e+01
   7.8310800e+05   3.6865234e+01
   7.8325400e+05   4.0466309e+01
   7.8326800e+05   3.8757324e+01
   7.8338300e+05   4.2968750e+01
   8.3215500e+05   3.9123535e+01
   8.3231900e+05   4.0344238e+01
   8.3236900e+05   4.3090820e+01
   8.3349500e+05   3.8452148e+01
   9.0244400e+05   4.4494629e+01
   9.0249900e+05   3.6926270e+01
   9.0253800e+05   4.8034668e+01
   9.0259000e+05   3.9978027e+01
   9.5458300e+05   3.7658691e+01
   9.5472400e+05   4.9804688e+01
   9.5481200e+05   3.8024902e+01
   9.5487600e+05   4.3518066e+01
   9.5494700e+05   3.6804199e+01
   9.5512000e+05   3.7536621e+01
   9.5532300e+05   3.6926270e+01
   9.8909100e+05   3.9062500e+01
   9.9029400e+05   3.7963867e+01
   1.0765050e+06   3.7719727e+01
   1.0770200e+06   3.7475586e+01
   1.0779120e+06   4.0954590e+01
   1.1229950e+06   3.8452148e+01
   1.1230600e+06   4.1015625e+01
   1.1231940e+06   4.0527344e+01
   1.1232400e+06   4.1931152e+01
   1.1898520e+06   3.7048340e+01
   1.1899210e+06   4.5532227e+01
   1.1899870e+06   4.5288086e+01
   1.2316010e+06   3.7536621e+01
   1.2743570e+06   3.8879395e+01
   1.2744010e+06   4.0771484e+01
   1.2744530e+06   3.8208008e+01
   1.2750770e+06   3.6804199e+01
   1.2862580e+06   3.9855957e+01
   1.2863450e+06   3.9123535e+01
   1.2999990e+06   3.7292480e+01
   1.3004820e+06   3.8818359e+01
   1.3099260e+06   3.8085938e+01
   1.3576390e+06   3.7414551e+01
   1.3721670e+06   3.6987305e+01
   1.3881400e+06   3.7048340e+01
   1.4127440e+06   4.0527344e+01
   1.5282320e+06   4.1687012e+01
   1.6095660e+06   3.7841797e+01
   1.6096850e+06   4.3518066e+01
   1.6708180e+06   3.7658691e+01
   1.6708290e+06   4.3029785e+01
   1.6709280e+06   4.7180176e+01
   1.6709630e+06   3.9733887e+01
   1.6709970e+06   3.9306641e+01
   1.6711070e+06   3.7170410e+01
   1.6711910e+06   4.0954590e+01
   1.7295060e+06   3.9184570e+01
   1.7295370e+06   3.7963867e+01
   1.7296220e+06   3.6743164e+01
   1.7296910e+06   4.1564941e+01
   1.7297490e+06   3.8269043e+01
   1.7778740e+06   3.9184570e+01
   1.8390140e+06   3.9245605e+01
   1.8390560e+06   3.7048340e+01
   1.8390680e+06   4.2785645e+01
   1.8392810e+06   4.0161133e+01
   1.9015110e+06   4.2968750e+01
   1.9015820e+06   3.8391113e+01
   1.9018010e+06   3.7231445e+01
   1.9276540e+06   4.1320801e+01
   1.9809360e+06   5.0720215e+01
   1.9810910e+06   4.4799805e+01
   1.9811500e+06   3.7231445e+01
   1.9812210e+06   4.4128418e+01
   2.0277790e+06   4.2297363e+01
   2.0278280e+06   3.7963867e+01
   2.0278750e+06   3.7048340e+01
   2.1011100e+06   3.6987305e+01
   2.1011920e+06   4.1198730e+01
   2.1012660e+06   3.7292480e+01
   2.1013320e+06   3.9733887e+01
   2.1014360e+06   4.0710449e+01
   2.1030730e+06   3.9428711e+01
   2.1534510e+06   3.9123535e+01
   2.1535550e+06   3.8757324e+01
   2.1536180e+06   4.3579102e+01
   2.1537190e+06   3.8269043e+01
   2.1542870e+06   4.3029785e+01
   2.1925850e+06   3.6682129e+01
   2.1927820e+06   3.7109375e+01
   2.1928100e+06   4.0222168e+01
   2.1928720e+06   3.6865234e+01
   2.2400880e+06   5.8227539e+01
   2.2401020e+06   3.6987305e+01
   2.2402130e+06   3.8818359e+01
   2.3020630e+06   3.9367676e+01
   2.3022210e+06   3.7414551e+01
   2.4083230e+06   3.7353516e+01
   2.4083990e+06   4.6569824e+01
   2.4085230e+06   3.9916992e+01
   2.4554410e+06   3.6865234e+01
   2.4555920e+06   3.9489746e+01
   2.4556400e+06   3.7536621e+01
   2.4557340e+06   3.8391113e+01
   2.4983700e+06   3.6621094e+01
   2.5475880e+06   4.6752930e+01
   2.5477150e+06   4.3457031e+01
   2.5479040e+06   3.6621094e+01
   2.5481830e+06   3.6621094e+01
   2.6087880e+06   3.8574219e+01
   2.6089270e+06   3.7780762e+01
   2.6089470e+06   4.3945313e+01
   2.6089790e+06   3.7841797e+01
   2.6090290e+06   3.7963867e+01
   2.6090910e+06   3.9916992e+01
   2.6091230e+06   3.6804199e+01
   2.6550850e+06   3.7719727e+01
   2.6552030e+06   3.7048340e+01
   2.6552560e+06   3.9794922e+01
   2.6553320e+06   4.7058105e+01
   2.7074950e+06   3.9611816e+01
   2.7076080e+06   3.9428711e+01
   2.7077570e+06   3.6682129e+01
   2.7593660e+06   4.1015625e+01
   2.7597300e+06   3.9367676e+01
   2.7598410e+06   4.0649414e+01
   2.7599600e+06   3.7536621e+01
   2.7962710e+06   3.8452148e+01
   2.7963430e+06   3.9306641e+01
   2.7967730e+06   3.7780762e+01
   2.8347280e+06   4.0649414e+01
   2.8348250e+06   3.6682129e+01
   2.8350490e+06   4.1687012e+01
   2.8907000e+06   3.8574219e+01
   2.8907830e+06   3.6926270e+01
   2.8909240e+06   3.7109375e+01
   2.9284510e+06   3.9550781e+01
   2.9996870e+06   4.0649414e+01
   2.9998260e+06   3.8146973e+01
   3.0524010e+06   4.0466309e+01
   3.0528470e+06   3.8635254e+01
   3.1692400e+06   3.7414551e+01
   3.1694990e+06   3.7719727e+01
   3.1701330e+06   3.8818359e+01
   3.2781950e+06   4.1687012e+01
   3.3212970e+06   3.7170410e+01
   3.5221550e+06   4.3029785e+01
   3.5222480e+06   3.8879395e+01
   3.5610110e+06   3.7170410e+01
   3.5611210e+06   4.2297363e+01
   3.5619530e+06   3.8574219e+01
   3.6000280e+06   3.9306641e+01
   3.6575550e+06   3.8269043e+01
   3.6579400e+06   3.7719727e+01
   3.6842000e+06   4.2907715e+01
   3.8392970e+06   4.4677734e+01
   3.8393540e+06   4.6264648e+01
   3.8504430e+06   3.7902832e+01
   3.8595370e+06   4.0161133e+01
   3.9002470e+06   4.2114258e+01
   3.9866840e+06   3.9794922e+01
   3.9867160e+06   4.6813965e+01
   3.9867970e+06   3.8146973e+01
   3.9869630e+06   4.2907715e+01
   4.0842740e+06   3.7048340e+01
   4.0843160e+06   3.9001465e+01
   4.1538930e+06   4.4921875e+01
   4.1539660e+06   3.7353516e+01
   4.1540030e+06   3.7048340e+01
   4.1540510e+06   3.7841797e+01
   4.1540930e+06   4.3151855e+01
   4.1541970e+06   3.7536621e+01
   4.1559990e+06   3.8391113e+01
   4.2126340e+06   3.7536621e+01
   4.2126630e+06   3.6743164e+01
   4.2127370e+06   3.9611816e+01
   4.2140090e+06   4.3273926e+01
   4.2812450e+06   3.9184570e+01
   4.2814280e+06   3.7170410e+01
   4.3235770e+06   3.6926270e+01
   4.3237010e+06   4.1748047e+01
   4.3856770e+06   3.9123535e+01
   4.3857220e+06   3.8574219e+01
   4.3857930e+06   4.3823242e+01
   4.3858140e+06   3.7109375e+01
   4.4623410e+06   3.7292480e+01
   4.4624830e+06   3.6743164e+01
   4.4625100e+06   3.9001465e+01
   4.5304390e+06   3.9489746e+01
   4.5306770e+06   4.6875000e+01
   4.6105220e+06   4.0283203e+01
   4.6106140e+06   4.2663574e+01
   4.6106570e+06   3.7231445e+01
   4.6106880e+06   4.3884277e+01
   4.6107410e+06   3.7475586e+01
   4.6111470e+06   3.9184570e+01
   4.6504060e+06   4.4982910e+01
   4.6504420e+06   3.9733887e+01
   4.6504880e+06   3.7963867e+01
   4.6505330e+06   3.8146973e+01
   4.7208090e+06   3.8574219e+01
   4.7209840e+06   3.9184570e+01
   4.7210660e+06   4.1625977e+01
   4.7210870e+06   3.7475586e+01
   4.7986680e+06   3.6682129e+01
   4.7986920e+06   4.6447754e+01
   4.7987500e+06   3.7231445e+01
   4.8804750e+06   5.4199219e+01
   4.8807050e+06   3.7170410e+01
   4.8808050e+06   3.8635254e+01
   4.9730380e+06   4.3884277e+01
   4.9730790e+06   4.4006348e+01
   4.9731840e+06   4.4860840e+01
   5.0287750e+06   3.9123535e+01
   5.0287960e+06   4.0039063e+01
   5.0288770e+06   4.1442871e+01
   5.0289710e+06   3.7475586e+01
   5.0743290e+06   3.8452148e+01
   5.0743450e+06   4.7668457e+01
   5.0744860e+06   4.1809082e+01
   5.0746090e+06   3.6804199e+01
   5.1449310e+06   3.7475586e+01
   5.1449680e+06   4.3029785e+01
   5.1449940e+06   3.9062500e+01
   5.1451040e+06   3.8024902e+01
   5.1451520e+06   4.3029785e+01
   5.1457360e+06   3.6804199e+01
   5.2019010e+06   4.5593262e+01
   5.2020150e+06   3.9184570e+01
   5.2040200e+06   3.8574219e+01
   5.2432970e+06   3.8146973e+01
   5.2434050e+06   3.9672852e+01
   5.2434380e+06   3.9123535e+01
   5.2434760e+06   4.0039063e+01
   5.3233680e+06   4.1320801e+01
   5.3234230e+06   3.7658691e+01
   5.3911120e+06   3.7597656e+01
   5.3911690e+06   4.0039063e+01
   5.3912490e+06   5.4443359e+01
   5.3913050e+06   3.8757324e+01
   5.3915120e+06   4.4067383e+01
   5.4787670e+06   3.8452148e+01
   5.4788260e+06   4.5410156e+01
   5.4789380e+06   3.9428711e+01
   5.5553070e+06   3.8330078e+01
   5.6015700e+06   4.6447754e+01
   5.6016610e+06   3.8818359e+01
   5.6019200e+06   3.9245605e+01
   5.6717750e+06   4.4738770e+01
   5.6718080e+06   4.4982910e+01
   5.6719590e+06   3.6682129e+01
   5.6720190e+06   4.5166016e+01
   5.6721710e+06   4.1381836e+01
   5.7290910e+06   3.8452148e+01
   5.7291670e+06   3.9001465e+01
   5.7291880e+06   3.6804199e+01
   5.7292450e+06   3.6804199e+01
   5.7293190e+06   4.1442871e+01
   5.7294480e+06   3.8940430e+01
   5.7295090e+06   3.7048340e+01
   5.7769590e+06   3.8146973e+01
   5.8206420e+06   3.7597656e+01
   5.8207420e+06   3.8818359e+01
   5.8210380e+06   3.8513184e+01
   5.8717450e+06   3.9611816e+01
   5.8734010e+06   3.7963867e+01
   5.9721590e+06   3.7475586e+01
   5.9722200e+06   3.9489746e+01
   5.9722780e+06   3.9245605e+01
   5.9723490e+06   3.9489746e+01
   5.9725110e+06   3.8818359e+01
   6.0447460e+06   3.8513184e+01
   6.0448120e+06   4.6752930e+01
   6.0450560e+06   3.6743164e+01
   6.1024790e+06   4.6508789e+01
   6.1025820e+06   4.2053223e+01
   6.1026400e+06   4.0832520e+01
   6.1027120e+06   3.8696289e+01
   6.1029810e+06   4.0161133e+01
   6.1681310e+06   5.0109863e+01
   6.1681920e+06   3.7475586e+01
   6.1682110e+06   3.7048340e+01
   6.1683370e+06   4.2236328e+01
   6.1685640e+06   3.7902832e+01
   6.2483700e+06   3.9428711e+01
   6.2485780e+06   3.7841797e+01
   6.2488380e+06   5.1574707e+01
   6.2982740e+06   3.7414551e+01
   6.2983320e+06   4.0466309e+01
   6.2983860e+06   4.2114258e+01
   6.3801980e+06   4.1198730e+01
   6.3803150e+06   3.7536621e+01
   6.3803760e+06   4.1503906e+01
   6.4305970e+06   3.6804199e+01
   6.4307080e+06   3.7536621e+01
   6.4309020e+06   4.0161133e+01
   6.5147490e+06   3.6804199e+01
   6.5149220e+06   3.7719727e+01
   6.5149650e+06   4.1381836e+01
   6.5150390e+06   4.0649414e+01
   6.5705750e+06   4.1442871e+01
   6.5705850e+06   3.9794922e+01
   6.5707070e+06   3.9428711e+01
   6.6409600e+06   3.8879395e+01
   6.6410920e+06   3.6621094e+01
   6.6411340e+06   3.7780762e+01
   6.6411460e+06   4.1809082e+01
   6.6414170e+06   3.9184570e+01
   6.7261350e+06   4.3518066e+01
   6.7262060e+06   4.0832520e+01
   6.7263140e+06   3.7292480e+01
   6.8160640e+06   4.0588379e+01
   6.8161820e+06   4.4860840e+01
   6.8162400e+06   3.7353516e+01
   6.8163880e+06   4.1687012e+01
   6.8164300e+06   4.0283203e+01
   6.8700310e+06   3.7475586e+01
   6.8702290e+06   3.6682129e+01
   6.9328940e+06   3.8574219e+01
   6.9329490e+06   3.6621094e+01
   6.9330030e+06   4.1992187e+01
   6.9344740e+06   3.9489746e+01
   6.9936620e+06   3.7597656e+01
   6.9938910e+06   3.9123535e+01
   6.9939920e+06   3.9978027e+01
   7.0681060e+06   3.9001465e+01
   7.0681770e+06   5.1818848e+01
   7.0683310e+06   3.7963867e+01
   7.0684640e+06   3.9306641e+01
   7.1349390e+06   3.8696289e+01
   7.1350900e+06   3.7536621e+01
   7.1351390e+06   3.7231445e+01
   7.1351670e+06   3.7109375e+01
   7.1950180e+06   3.9855957e+01
   7.1950730e+06   4.3945313e+01
   7.1952350e+06   3.7780762e+01
   7.1955880e+06   3.8146973e+01
   7.2785460e+06   3.7597656e+01
   7.2786060e+06   4.0283203e+01
   7.2786330e+06   4.6081543e+01
   7.2786650e+06   3.6987305e+01
   7.2786920e+06   3.9428711e+01
   7.2787630e+06   4.0649414e+01
   7.3509350e+06   4.1564941e+01
   7.3510600e+06   4.0344238e+01
   7.4111630e+06   4.1076660e+01
   7.4112140e+06   3.8085938e+01
   7.5138450e+06   4.2480469e+01
   7.5138860e+06   3.8574219e+01
   7.5140410e+06   5.0659180e+01
   7.5626280e+06   3.7475586e+01
   7.6188720e+06   4.2968750e+01
   7.6189500e+06   4.0344238e+01
   7.6191960e+06   3.7780762e+01
   7.6765550e+06   4.7607422e+01
   7.6766270e+06   3.9550781e+01
   7.7458810e+06   4.6508789e+01
   7.7459400e+06   3.7536621e+01
   7.7460380e+06   3.6987305e+01
   7.7465600e+06   4.4067383e+01
   7.8381380e+06   3.8574219e+01
   7.8382000e+06   4.1015625e+01
   7.8385660e+06   3.9428711e+01
   7.8576710e+06   3.9672852e+01
   7.8580140e+06   4.6813965e+01
   7.9085750e+06   3.9489746e+01
   7.9086510e+06   3.8024902e+01
   7.9087150e+06   3.9489746e+01
   8.0261630e+06   3.6926270e+01
   8.0262060e+06   3.7292480e+01
   8.0262860e+06   4.0649414e+01
   8.0263080e+06   4.0283203e+01
   8.0264370e+06   3.8085938e+01
   8.0944560e+06   3.9245605e+01
   8.0946040e+06   4.1625977e+01
   8.0946610e+06   4.0649414e+01
   8.0947270e+06   3.7109375e+01
   8.1821910e+06   3.7841797e+01
   8.1822610e+06   3.8635254e+01
   8.2348450e+06   3.6926270e+01
   8.2349300e+06   4.1687012e+01
   8.2350140e+06   4.0344238e+01
   8.2351400e+06   3.7353516e+01
   8.2981220e+06   4.0954590e+01
   8.2983400e+06   3.7048340e+01
   8.2984180e+06   3.6804199e+01
   8.2984580e+06   3.9489746e+01
   8.3588890e+06   4.4738770e+01
   8.3589510e+06   3.8024902e+01
   8.3590010e+06   4.1320801e+01
   8.4309610e+06   3.8024902e+01
   8.4310270e+06   3.9489746e+01
   8.4311080e+06   3.8085938e+01
   8.5457930e+06   4.2846680e+01
   8.5458810e+06   4.7851562e+01
   8.5459410e+06   4.0466309e+01
   8.5461330e+06   3.8269043e+01
   8.6095090e+06   3.9245605e+01
   8.6097250e+06   3.6987305e+01
   8.6099190e+06   4.1870117e+01
   8.7156160e+06   3.7170410e+01
   8.7157290e+06   3.6987305e+01
   8.7158100e+06   3.9001465e+01
   8.7158600e+06   4.2297363e+01
   8.7159520e+06   3.8085938e+01
   8.7793760e+06   3.9001465e+01
   8.7794440e+06   3.9489746e+01
   8.7795340e+06   3.9672852e+01
   8.8316080e+06   4.1076660e+01
   8.8316930e+06   3.7841797e+01
   8.8317180e+06   4.1809082e+01
   8.8317420e+06   4.3518066e+01
   8.9122940e+06   4.0466309e+01
   8.9124130e+06   3.8085938e+01
   8.9990590e+06   3.7353516e+01
   8.9991830e+06   4.3029785e+01
   8.9993210e+06   4.0710449e+01
   8.9993350e+06   4.5043945e+01
   8.9994210e+06   3.8513184e+01
   9.0798380e+06   4.4555664e+01
   9.0801780e+06   3.7414551e+01
   9.1472210e+06   3.9245605e+01
   9.1474410e+06   3.9123535e+01
   9.2293550e+06   3.6926270e+01
   9.2294340e+06   4.3823242e+01
   9.2837570e+06   4.3090820e+01
   9.2838380e+06   3.6987305e+01
   9.3640560e+06   3.8513184e+01
   9.3641280e+06   4.0466309e+01
   9.3642400e+06   3.9916992e+01
   9.4084800e+06   3.7231445e+01
   9.4796670e+06   3.7902832e+01
   9.5367400e+06   4.0405273e+01
   9.5367550e+06   3.8146973e+01
   9.5368160e+06   4.1992188e+01
   9.5368980e+06   3.6804199e+01
   9.5369170e+06   3.7963867e+01
   9.5369630e+06   3.8452148e+01
   9.6431880e+06   4.0588379e+01
   9.6433320e+06   4.5166016e+01
   9.7392010e+06   3.8146973e+01
   9.7392390e+06   3.9978027e+01
   9.7796610e+06   4.0344238e+01
   9.8735620e+06   4.1198730e+01
   9.8735800e+06   4.3945313e+01
   9.8736410e+06   3.8146973e+01
   9.8737200e+06   4.2297363e+01
   9.8738130e+06   4.0649414e+01
   9.8739340e+06   3.9123535e+01
   9.9519130e+06   4.4372559e+01
   9.9520670e+06   4.2419434e+01
   9.9521760e+06   3.6621094e+01
   9.9522300e+06   3.8085938e+01
   1.0020355e+07   3.6621094e+01
   1.0097226e+07   3.7292480e+01
   1.0097265e+07   3.7292480e+01
   1.0097303e+07   4.4006348e+01
   1.0097522e+07   4.0161133e+01
   1.0151796e+07   4.0161133e+01
   1.0151874e+07   3.6804199e+01
   1.0151933e+07   3.9611816e+01
   1.0221893e+07   4.3945313e+01
   1.0221919e+07   3.6804199e+01
   1.0222048e+07   4.5654297e+01
   1.0309311e+07   4.1809082e+01
   1.0379280e+07   3.9916992e+01
   1.0379349e+07   4.6264648e+01
   1.0379420e+07   3.8574219e+01
   1.0379581e+07   3.9245605e+01
   1.0380961e+07   3.9794922e+01
   1.0477440e+07   3.6682129e+01
   1.0477600e+07   3.8269043e+01
   1.0535260e+07   5.0781250e+01
   1.0535325e+07   4.2541504e+01
   1.0608333e+07   4.1198730e+01
   1.0608390e+07   3.7048340e+01
   1.0706463e+07   3.7780762e+01
   1.0706528e+07   4.1870117e+01
   1.0706589e+07   4.1198730e+01
   1.0706800e+07   3.8330078e+01
   1.0777467e+07   3.8146973e+01
   1.0777553e+07   3.8879395e+01
   1.0777614e+07   3.9794922e+01
   1.0777668e+07   3.7109375e+01
   1.0848511e+07   4.5837402e+01
   1.0848662e+07   4.0954590e+01
   1.0848772e+07   3.6987305e+01
   1.0926945e+07   3.7902832e+01
   1.0927019e+07   3.7170410e+01
   1.0927139e+07   3.8146973e+01
   1.1022609e+07   4.1503906e+01
   1.1022664e+07   4.2541504e+01
   1.1022732e+07   4.2297363e+01
   1.1076698e+07   3.7597656e+01
   1.1168472e+07   4.2236328e+01
   1.1168614e+07   3.8208008e+01
   1.1226128e+07   3.6621094e+01
   1.1226145e+07   3.9978027e+01
   1.1226214e+07   3.7780762e+01
   1.1226384e+07   4.0588379e+01
   1.1226575e+07   3.7841797e+01
   1.1300640e+07   4.9865723e+01
   1.1300754e+07   3.7048340e+01
   1.1338621e+07   3.8696289e+01
   1.1446273e+07   3.8269043e+01
   1.1446304e+07   3.7963867e+01
   1.1527024e+07   4.5104980e+01
   1.1527062e+07   3.7414551e+01
   1.1527210e+07   3.8696289e+01
   1.1575302e+07   3.7841797e+01
   1.1575591e+07   3.9733887e+01
   1.1575803e+07   4.2724609e+01
   1.1682545e+07   3.7597656e+01
   1.1682687e+07   4.2907715e+01
   1.1893552e+07   3.7048340e+01
   1.1893634e+07   4.3090820e+01
   1.1893705e+07   3.9001465e+01
   1.1893762e+07   3.7536621e+01
   1.1893806e+07   3.6987305e+01
   1.1978043e+07   3.8024902e+01
