   6.0000000e+06   0.0000000e+00
   6.4867300e+05   3.5156250e+01
   6.4878200e+05   3.5766602e+01
   6.4882000e+05   9.2407227e+01
   6.4896100e+05   5.8227539e+01
   6.6365800e+05   3.5766602e+01
   6.7261400e+05   7.2998047e+01
   6.7307800e+05   5.4199219e+01
   6.7356600e+05   5.6030273e+01
   7.0467200e+05   7.8125000e+01
   7.0520400e+05   5.9143066e+01
   1.0406790e+06   3.9245605e+01
   1.0407230e+06   1.0101318e+02
   1.0408690e+06   6.2561035e+01
   1.0447270e+06   3.7963867e+01
   1.0618690e+06   7.3913574e+01
   1.0622960e+06   5.0598145e+01
   1.0626020e+06   5.1147461e+01
   1.0879400e+06   6.8420410e+01
   1.0884860e+06   6.8420410e+01
   1.0889890e+06   4.5227051e+01
   1.1133320e+06   3.6193848e+01
   1.1157760e+06   8.7341309e+01
   1.1160540e+06   4.8339844e+01
   1.1165980e+06   5.9143066e+01
   1.1170960e+06   5.1696777e+01
   1.3272570e+06   3.4484863e+01
   1.3273590e+06   3.8146973e+01
   1.3273880e+06   3.5827637e+01
   1.3274330e+06   8.6730957e+01
   1.3275600e+06   3.5705566e+01
   1.3276260e+06   6.0607910e+01
   1.3278040e+06   3.5766602e+01
   1.3531720e+06   9.2041016e+01
   1.3536240e+06   6.8054199e+01
   1.3540620e+06   5.9448242e+01
   1.3544950e+06   4.8706055e+01
   1.3550080e+06   3.6560059e+01
   1.3819750e+06   7.5988770e+01
   1.3824130e+06   7.0678711e+01
   1.3828290e+06   5.9082031e+01
   1.8723560e+06   8.7097168e+01
   1.8723840e+06   4.0466309e+01
   1.8725000e+06   6.8542480e+01
   1.8935720e+06   7.3364258e+01
   1.8939480e+06   5.4199219e+01
   1.8943590e+06   4.9011230e+01
   1.8949990e+06   4.0649414e+01
   1.9199700e+06   3.5461426e+01
   1.9205160e+06   7.5683594e+01
   1.9214700e+06   6.0485840e+01
   2.3929480e+06   3.7170410e+01
   2.3930930e+06   8.9538574e+01
   2.3931620e+06   3.6132813e+01
   2.3932470e+06   7.4707031e+01
   2.3974480e+06   3.9978027e+01
   2.4122810e+06   3.5461426e+01
   2.4139190e+06   6.9030762e+01
   2.4142680e+06   7.8979492e+01
   2.4148450e+06   3.8330078e+01
   2.4154650e+06   3.8818359e+01
   2.4394820e+06   7.6416016e+01
   2.4403600e+06   4.2602539e+01
   2.9941120e+06   3.6499023e+01
   2.9942850e+06   4.1320801e+01
   2.9943240e+06   3.6865234e+01
   2.9943840e+06   9.1857910e+01
   2.9944670e+06   3.7170410e+01
   2.9945420e+06   6.4331055e+01
   2.9947110e+06   3.7658691e+01
   3.0056700e+06   3.5949707e+01
   3.0066750e+06   7.7026367e+01
   3.0072010e+06   6.5002441e+01
   3.6712300e+06   3.7353516e+01
   3.6712820e+06   4.2114258e+01
   3.6713700e+06   8.5021973e+01
   3.6715380e+06   6.9213867e+01
   3.6910820e+06   6.7321777e+01
   3.6916570e+06   5.7312012e+01
   3.6921830e+06   5.7067871e+01
   3.6930130e+06   3.9489746e+01
   3.7163070e+06   6.7810059e+01
   4.2101410e+06   4.7790527e+01
   4.2102620e+06   9.5886230e+01
   4.2102840e+06   4.1687012e+01
   4.2104070e+06   6.8359375e+01
   4.2301560e+06   3.5644531e+01
   4.2303020e+06   7.2937012e+01
   4.2307240e+06   5.2734375e+01
   4.2310810e+06   4.7729492e+01
   4.2314620e+06   3.9550781e+01
   4.2320890e+06   3.4362793e+01
   4.2548840e+06   3.4790039e+01
   4.2555610e+06   7.5317383e+01
   4.2562330e+06   5.0476074e+01
   5.4673950e+06   3.6437988e+01
   5.4675110e+06   1.0168457e+02
   5.4676370e+06   7.3974609e+01
   5.4677650e+06   3.7231445e+01
   5.4875330e+06   6.2988281e+01
   5.4883120e+06   6.0424805e+01
   5.4890380e+06   4.2480469e+01
   5.5116350e+06   6.4331055e+01
   5.5391740e+06   8.3312988e+01
   5.5396100e+06   6.5612793e+01
   5.5402710e+06   5.7800293e+01
   5.9492930e+06   8.7951660e+01
   5.9494180e+06   5.7495117e+01
   5.9527940e+06   3.4423828e+01
   5.9681320e+06   7.1777344e+01
   5.9685830e+06   5.7250977e+01
   5.9689970e+06   6.2438965e+01
   5.9697090e+06   4.2297363e+01
