   1.1996000e+07   0.0000000e+00
   4.2000000e+02   5.9020996e+01
   1.4545000e+04   4.9682617e+01
   2.4405600e+05   5.9814453e+01
   4.1486200e+05   5.1757813e+01
   5.8622000e+05   6.0974121e+01
   5.8623200e+05   5.4870605e+01
   5.8625100e+05   5.2062988e+01
   5.8628700e+05   5.6457520e+01
   5.8632500e+05   5.5847168e+01
   5.8637100e+05   5.6518555e+01
   5.8641800e+05   4.9438477e+01
   6.7596300e+05   5.1757813e+01
   6.7600400e+05   5.0659180e+01
   6.7603300e+05   6.5063477e+01
   6.7608800e+05   6.3232422e+01
   6.7615000e+05   5.2917480e+01
   7.2602100e+05   4.9987793e+01
   7.2605600e+05   5.0598145e+01
   7.2607000e+05   5.5236816e+01
   7.2611800e+05   5.3344727e+01
   7.2614200e+05   5.8288574e+01
   7.2620600e+05   5.4809570e+01
   7.3746300e+05   5.3527832e+01
   7.4681500e+05   5.2490234e+01
   7.8430800e+05   4.9194336e+01
   7.8438300e+05   6.7321777e+01
   7.8441200e+05   5.5541992e+01
   7.8450000e+05   4.9377441e+01
   7.8454800e+05   5.3894043e+01
   7.8457000e+05   5.1086426e+01
   8.0981900e+05   5.1696777e+01
   8.0996500e+05   5.6213379e+01
   8.2086900e+05   5.4016113e+01
   8.3053700e+05   5.8044434e+01
   8.3062400e+05   4.9865723e+01
   9.0259300e+05   5.3833008e+01
   9.0260900e+05   7.6843262e+01
   9.0267500e+05   5.0231934e+01
   9.0270600e+05   5.3588867e+01
   9.0277900e+05   5.5786133e+01
   9.0283600e+05   5.7312012e+01
   9.1074900e+05   5.3527832e+01
   9.1078000e+05   8.3435059e+01
   9.1083700e+05   5.2246094e+01
   9.7572300e+05   5.3710938e+01
   9.7578400e+05   5.1513672e+01
   9.7588600e+05   5.5786133e+01
   1.0203840e+06   4.9133301e+01
   1.0204260e+06   5.1757813e+01
   1.0205750e+06   5.4260254e+01
   1.0542320e+06   5.0842285e+01
   1.0543150e+06   5.3710938e+01
   1.1138700e+06   5.1330566e+01
   1.2707880e+06   5.0048828e+01
   1.2819640e+06   5.1513672e+01
   1.3553090e+06   5.5175781e+01
   1.3553650e+06   5.0476074e+01
   1.4080410e+06   5.0476074e+01
   1.4080700e+06   5.3283691e+01
   1.4081010e+06   5.3771973e+01
   1.4081400e+06   5.9997559e+01
   1.4763560e+06   5.1818848e+01
   1.4764160e+06   6.5307617e+01
   1.4764750e+06   5.2368164e+01
   1.4765210e+06   5.7128906e+01
   1.5410840e+06   5.4138184e+01
   1.6403740e+06   8.5693359e+01
   1.6404130e+06   5.6030273e+01
   1.6404240e+06   5.8532715e+01
   1.7125760e+06   6.2622070e+01
   1.7126580e+06   4.9682617e+01
   1.7127080e+06   5.8227539e+01
   1.7437450e+06   5.5847168e+01
   1.7438400e+06   5.2551270e+01
   1.8157570e+06   5.1391602e+01
   1.8158200e+06   5.1391602e+01
   1.9078940e+06   5.4260254e+01
   1.9080970e+06   6.2133789e+01
   1.9081790e+06   6.2500000e+01
   1.9909230e+06   5.1696777e+01
   2.0196950e+06   6.1523438e+01
   2.0197530e+06   5.2978516e+01
   2.0198460e+06   5.8715820e+01
   2.0592670e+06   5.9692383e+01
   2.0894150e+06   6.4514160e+01
   2.0895540e+06   5.3039551e+01
   2.0896480e+06   4.9499512e+01
   2.0898660e+06   5.2978516e+01
   2.2129200e+06   5.0720215e+01
   2.2614530e+06   5.5236816e+01
   2.2614980e+06   5.0415039e+01
   2.2760920e+06   5.1086426e+01
   2.2898050e+06   4.8889160e+01
   2.2898540e+06   5.1635742e+01
   2.2899040e+06   4.9743652e+01
   2.3177650e+06   6.4941406e+01
   2.3177890e+06   6.7016602e+01
   2.3178090e+06   5.0109863e+01
   2.3178580e+06   4.9865723e+01
   2.3179100e+06   5.6945801e+01
   2.3180080e+06   5.7556152e+01
   2.3316430e+06   5.2856445e+01
   2.3317260e+06   5.5419922e+01
   2.3480360e+06   5.3039551e+01
   2.3633330e+06   5.1208496e+01
   2.3758220e+06   4.9316406e+01
   2.3993370e+06   7.4401855e+01
   2.3993650e+06   5.4687500e+01
   2.3994290e+06   5.1696777e+01
   2.3994590e+06   4.9011230e+01
   2.4867260e+06   4.9865723e+01
   2.4867540e+06   5.1147461e+01
   2.4868300e+06   5.5725098e+01
   2.5217520e+06   5.9326172e+01
   2.5218010e+06   7.1655273e+01
   2.5220310e+06   4.9621582e+01
   2.5744310e+06   5.2490234e+01
   2.6220190e+06   5.1635742e+01
   2.6220440e+06   5.2917480e+01
   2.6220890e+06   5.3833008e+01
   2.6221260e+06   5.1757813e+01
   2.6558770e+06   5.9692383e+01
   2.6559050e+06   5.8166504e+01
   2.6559330e+06   5.3100586e+01
   2.6559590e+06   6.4147949e+01
   2.7671780e+06   4.9621582e+01
   2.8030450e+06   5.2429199e+01
   2.8359650e+06   5.0781250e+01
   2.8362900e+06   4.9011230e+01
   2.8788630e+06   4.9316406e+01
   2.9285630e+06   6.1462402e+01
   2.9667200e+06   5.4138184e+01
   3.0132260e+06   5.3222656e+01
   3.0505660e+06   5.7373047e+01
   3.1035240e+06   4.9011230e+01
   3.1632080e+06   5.1391602e+01
   3.1632600e+06   6.0913086e+01
   3.2229800e+06   5.1818848e+01
   3.2230010e+06   4.9743652e+01
   3.2230590e+06   5.4382324e+01
   3.2744270e+06   5.4016113e+01
   3.2744570e+06   5.7556152e+01
   3.2744980e+06   5.1574707e+01
   3.3187360e+06   4.9316406e+01
   3.3189620e+06   6.5979004e+01
   3.3885180e+06   5.0598145e+01
   3.3886090e+06   6.5734863e+01
   3.3886710e+06   5.0415039e+01
   3.3887510e+06   4.9560547e+01
   3.3984280e+06   4.9499512e+01
   3.4652050e+06   5.2978516e+01
   3.4652210e+06   6.0424805e+01
   3.4652660e+06   5.8654785e+01
   3.4653230e+06   5.1391602e+01
   3.4989930e+06   5.9631348e+01
   3.4990900e+06   5.6030273e+01
   3.4992840e+06   5.3894043e+01
   3.5235440e+06   5.7434082e+01
   3.5237110e+06   5.1391602e+01
   3.7622170e+06   5.2673340e+01
   3.8143850e+06   5.1635742e+01
   3.8595050e+06   5.5053711e+01
   3.8596360e+06   5.3710938e+01
   3.8742010e+06   4.9804688e+01
   3.9023650e+06   4.9194336e+01
   3.9163400e+06   6.4514160e+01
   3.9379720e+06   5.6457520e+01
   3.9380890e+06   5.3710937e+01
   3.9381350e+06   5.1086426e+01
   3.9382940e+06   5.3161621e+01
   3.9896420e+06   4.9133301e+01
   3.9897910e+06   5.8532715e+01
   4.0148450e+06   5.2062988e+01
   4.0148800e+06   5.4382324e+01
   4.0149030e+06   6.0302734e+01
   4.0149400e+06   5.4016113e+01
   4.0149730e+06   5.5603027e+01
   4.0150940e+06   5.1574707e+01
   4.0321680e+06   4.8889160e+01
   4.0538840e+06   6.1340332e+01
   4.0541240e+06   5.0842285e+01
   4.0662830e+06   5.0964355e+01
   4.0663030e+06   5.5480957e+01
   4.0663710e+06   5.1086426e+01
   4.0804690e+06   5.3222656e+01
   4.0805230e+06   5.1025391e+01
   4.0805830e+06   4.9865723e+01
   4.0808060e+06   5.4138184e+01
   4.0908080e+06   5.1818848e+01
   4.1107290e+06   7.3913574e+01
   4.1107520e+06   5.6274414e+01
   4.1107710e+06   6.5063477e+01
   4.1108080e+06   6.7504883e+01
   4.1108260e+06   5.7312012e+01
   4.1109010e+06   5.3710938e+01
   4.1109660e+06   4.9560547e+01
   4.1117150e+06   4.9194336e+01
   4.1133750e+06   5.0659180e+01
   4.1249130e+06   5.6762695e+01
   4.1292640e+06   5.6396484e+01
   4.1292790e+06   5.3283691e+01
   4.1343980e+06   5.3527832e+01
   4.1397580e+06   5.0109863e+01
   4.1397840e+06   6.5979004e+01
   4.1398080e+06   5.1208496e+01
   4.1454610e+06   4.9072266e+01
   4.1455200e+06   5.1086426e+01
   4.1455430e+06   4.9255371e+01
   4.1508920e+06   5.5664063e+01
   4.1509700e+06   5.5786133e+01
   4.1572010e+06   5.6884766e+01
   4.1572360e+06   5.8410645e+01
   4.1572790e+06   5.0720215e+01
   4.1573020e+06   5.4809570e+01
   4.1573230e+06   6.4575195e+01
   4.1642040e+06   5.0476074e+01
   4.1642260e+06   5.8654785e+01
   4.1642910e+06   5.4748535e+01
   4.1643390e+06   5.5725098e+01
   4.1716780e+06   6.4392090e+01
   4.1717170e+06   5.9692383e+01
   4.1717430e+06   5.0903320e+01
   4.1718000e+06   5.7922363e+01
   4.1795110e+06   5.9692383e+01
   4.1796150e+06   5.2062988e+01
   4.1797240e+06   5.2001953e+01
   4.1869600e+06   5.4016113e+01
   4.1908340e+06   5.5236816e+01
   4.1952370e+06   5.6091309e+01
   4.1952810e+06   5.2612305e+01
   4.1953940e+06   4.9926758e+01
   4.2015630e+06   4.8889160e+01
   4.2016540e+06   5.1391602e+01
   4.2064680e+06   6.5246582e+01
   4.2065160e+06   5.3283691e+01
   4.2117240e+06   5.8044434e+01
   4.2117990e+06   6.2805176e+01
   4.2178550e+06   5.0781250e+01
   4.2271530e+06   5.8288574e+01
   4.2272310e+06   5.1269531e+01
   4.2272620e+06   5.2917480e+01
   4.2307380e+06   4.9438477e+01
   4.2348490e+06   5.9265137e+01
   4.2349220e+06   5.0109863e+01
   4.2407350e+06   5.6396484e+01
   4.2407970e+06   5.3344727e+01
   4.2408120e+06   4.9133301e+01
   4.2410070e+06   5.0903320e+01
   4.2467020e+06   5.7800293e+01
   4.2522830e+06   6.6772461e+01
   4.2523320e+06   4.9621582e+01
   4.2567790e+06   5.4748535e+01
   4.2615570e+06   5.0170898e+01
   4.2617010e+06   4.9621582e+01
   4.2685230e+06   5.1696777e+01
   4.2743550e+06   5.0842285e+01
   4.2787300e+06   5.0354004e+01
   4.2787720e+06   6.2255859e+01
   4.2787940e+06   5.4138184e+01
   4.2788060e+06   4.9377441e+01
   4.2835410e+06   6.2438965e+01
   4.2835770e+06   5.0109863e+01
   4.2836060e+06   5.2551270e+01
   4.2837050e+06   5.0109863e+01
   4.2910840e+06   5.4870605e+01
   4.2911570e+06   5.1147461e+01
   4.2912280e+06   5.9448242e+01
   4.2961650e+06   7.3425293e+01
   4.2962210e+06   5.9753418e+01
   4.3006520e+06   5.2246094e+01
   4.3007710e+06   6.7138672e+01
   4.3056840e+06   7.4157715e+01
   4.3056940e+06   4.9438477e+01
   4.3057210e+06   6.0058594e+01
   4.3088310e+06   8.4960938e+01
   4.3128550e+06   5.6030273e+01
   4.3214460e+06   5.8837891e+01
   4.3266790e+06   5.3955078e+01
   4.3312390e+06   5.7128906e+01
   4.3312940e+06   4.9560547e+01
   4.3361490e+06   7.0373535e+01
   4.3361910e+06   5.0720215e+01
   4.3432010e+06   6.1096191e+01
   4.3482770e+06   5.2246094e+01
   4.3589210e+06   5.0109863e+01
   4.3589700e+06   4.9621582e+01
   4.3677830e+06   6.6223145e+01
   4.3678260e+06   4.9560547e+01
   4.3724540e+06   5.0903320e+01
   4.3769010e+06   5.3222656e+01
   4.3769130e+06   6.7565918e+01
   4.3812520e+06   5.2185059e+01
   4.3870010e+06   5.4382324e+01
   4.3931480e+06   6.0974121e+01
   4.3932140e+06   5.5725098e+01
   4.3979020e+06   5.1818848e+01
   4.3979150e+06   6.3842773e+01
   4.3979640e+06   5.3283691e+01
   4.4030940e+06   5.9570312e+01
   4.4031620e+06   5.0354004e+01
   4.4085220e+06   5.1757813e+01
   4.4085410e+06   6.2133789e+01
   4.4085510e+06   5.7861328e+01
   4.4086170e+06   6.1645508e+01
   4.4154390e+06   5.6457520e+01
   4.4154780e+06   5.1269531e+01
   4.4155500e+06   5.2673340e+01
   4.4156210e+06   5.7128906e+01
   4.4212600e+06   5.9997559e+01
   4.4213530e+06   4.8950195e+01
   4.4213940e+06   5.2490234e+01
   4.4274890e+06   4.9926758e+01
   4.4275200e+06   5.5786133e+01
   4.4275340e+06   5.5114746e+01
   4.4275900e+06   5.7922363e+01
   4.4338860e+06   5.4016113e+01
   4.4339630e+06   5.2368164e+01
   4.4394890e+06   5.0109863e+01
   4.4395040e+06   6.9030762e+01
   4.4395490e+06   5.9020996e+01
   4.4460590e+06   5.4016113e+01
   4.4461630e+06   5.3527832e+01
   4.4524550e+06   5.7678223e+01
   4.4525550e+06   5.0476074e+01
   4.4525670e+06   5.4565430e+01
   4.4526410e+06   5.2368164e+01
   4.4590780e+06   5.2246094e+01
   4.4647320e+06   5.2368164e+01
   4.4647460e+06   5.2429199e+01
   4.4648180e+06   5.9448242e+01
   4.4722470e+06   4.9926758e+01
   4.4722580e+06   5.8776855e+01
   4.4724000e+06   4.9011230e+01
   4.4789700e+06   4.9316406e+01
   4.4853670e+06   5.2734375e+01
   4.4854540e+06   5.3894043e+01
   4.4938480e+06   4.9560547e+01
   4.4938830e+06   5.5114746e+01
   4.4939200e+06   5.3100586e+01
   4.5018140e+06   4.9743652e+01
   4.5018420e+06   5.0903320e+01
   4.5018980e+06   7.3425293e+01
   4.5019570e+06   5.3833008e+01
   4.5104250e+06   5.0537109e+01
   4.5104490e+06   5.5847168e+01
   4.5177740e+06   6.2622070e+01
   4.5178000e+06   6.4758301e+01
   4.5179160e+06   4.9743652e+01
   4.5269190e+06   5.7617188e+01
   4.5269430e+06   5.1513672e+01
   4.5270720e+06   5.5969238e+01
   4.5271150e+06   5.0354004e+01
   4.5349060e+06   7.1350098e+01
   4.5349340e+06   5.0231934e+01
   4.5349650e+06   5.3894043e+01
   4.5349890e+06   5.1147461e+01
   4.5439720e+06   5.0659180e+01
   4.5440070e+06   5.4809570e+01
   4.5440380e+06   4.9987793e+01
   4.5561140e+06   5.8532715e+01
   4.5679750e+06   5.0903320e+01
   4.5807720e+06   5.2795410e+01
   4.5808130e+06   4.9316406e+01
   4.9899030e+06   5.3161621e+01
   5.1264000e+06   4.9316406e+01
   5.2720530e+06   5.7495117e+01
   5.4190700e+06   4.9255371e+01
   5.7023570e+06   4.9133301e+01
   5.7835110e+06   5.4870605e+01
   5.7835640e+06   5.4504395e+01
   5.7836580e+06   5.0048828e+01
   6.0132390e+06   5.0659180e+01
   6.0431720e+06   4.9194336e+01
   6.0432700e+06   5.1940918e+01
   6.0565370e+06   5.1269531e+01
   6.0566090e+06   5.3649902e+01
   6.0760700e+06   4.9560547e+01
   6.1264960e+06   5.0964355e+01
   6.1749260e+06   5.4138184e+01
   6.1749700e+06   5.1635742e+01
   6.1963720e+06   4.9682617e+01
   6.2005890e+06   5.4809570e+01
   6.2091950e+06   4.8950195e+01
   6.2254080e+06   5.6030273e+01
   6.2254290e+06   5.2795410e+01
   6.2254740e+06   5.2124023e+01
   6.2409660e+06   5.9020996e+01
   6.2409820e+06   5.4687500e+01
   6.2410100e+06   6.3964844e+01
   6.2410470e+06   5.4565430e+01
   6.2411070e+06   6.2194824e+01
   6.2411310e+06   5.4931641e+01
   6.2411430e+06   4.9438477e+01
   6.2522580e+06   5.0048828e+01
   6.2523020e+06   5.0170898e+01
   6.2563790e+06   5.6091309e+01
   6.2563990e+06   5.2795410e+01
   6.2566690e+06   5.5847168e+01
   6.2614280e+06   5.1452637e+01
   6.2666900e+06   5.3039551e+01
   6.2667300e+06   6.0729980e+01
   6.2735160e+06   5.1818848e+01
   6.2735350e+06   6.2133789e+01
   6.2735530e+06   5.9326172e+01
   6.2735950e+06   5.4931641e+01
   6.2736360e+06   5.0231934e+01
   6.2807130e+06   5.8776855e+01
   6.2807610e+06   5.1269531e+01
   6.2808590e+06   5.0048828e+01
   6.2884240e+06   5.1940918e+01
   6.2885060e+06   5.1025391e+01
   6.2944180e+06   6.7687988e+01
   6.2997780e+06   4.9072266e+01
   6.2998030e+06   5.5969238e+01
   6.2998630e+06   5.0598145e+01
   6.3062280e+06   6.6040039e+01
   6.3091460e+06   5.2429199e+01
   6.3092220e+06   5.6701660e+01
   6.3138000e+06   4.9621582e+01
   6.3138310e+06   5.2551270e+01
   6.3138500e+06   5.5114746e+01
   6.3259890e+06   6.4270020e+01
   6.3260150e+06   5.8471680e+01
   6.3261210e+06   5.2917480e+01
   6.3261690e+06   5.0048828e+01
   6.3318590e+06   5.4931641e+01
   6.3351240e+06   5.3405762e+01
   6.3351400e+06   5.1818848e+01
   6.3352400e+06   5.0170898e+01
   6.3402270e+06   5.6518555e+01
   6.3459440e+06   5.4260254e+01
   6.3499020e+06   5.4443359e+01
   6.3558660e+06   5.4443359e+01
   6.3558760e+06   7.4462891e+01
   6.3559350e+06   5.7128906e+01
   6.3627640e+06   4.9743652e+01
   6.3628310e+06   5.9204102e+01
   6.3680000e+06   7.3059082e+01
   6.3680370e+06   6.6284180e+01
   6.3680690e+06   5.9204102e+01
   6.3737120e+06   5.2001953e+01
   6.3737660e+06   5.0781250e+01
   6.3781390e+06   5.3833008e+01
   6.3835450e+06   5.3527832e+01
   6.3894560e+06   6.5246582e+01
   6.3894730e+06   5.0231934e+01
   6.3948720e+06   6.0546875e+01
   6.3949420e+06   5.4138184e+01
   6.4036530e+06   5.2185059e+01
   6.4074290e+06   5.1879883e+01
   6.4074700e+06   5.8898926e+01
   6.4120730e+06   5.1452637e+01
   6.4180450e+06   6.1340332e+01
   6.4180990e+06   5.2490234e+01
   6.4243110e+06   5.3710938e+01
   6.4243630e+06   5.6518555e+01
   6.4244150e+06   4.9011230e+01
   6.4244520e+06   5.0048828e+01
   6.4300450e+06   4.9377441e+01
   6.4301210e+06   5.1879883e+01
   6.4345010e+06   4.9743652e+01
   6.4399940e+06   5.1330566e+01
   6.4401140e+06   5.0659180e+01
   6.4506830e+06   4.9743652e+01
   6.4507400e+06   5.7495117e+01
   6.4507600e+06   5.9387207e+01
   6.4508250e+06   6.0546875e+01
   6.4509240e+06   5.0354004e+01
   6.4580060e+06   5.0720215e+01
   6.4580530e+06   6.0729980e+01
   6.4638830e+06   6.4514160e+01
   6.4682140e+06   4.9072266e+01
   6.4727050e+06   5.7617188e+01
   6.4727350e+06   5.6701660e+01
   6.4769450e+06   5.8898926e+01
   6.4770640e+06   5.3955078e+01
   6.4827130e+06   5.0720215e+01
   6.4827350e+06   5.0415039e+01
   6.4827680e+06   5.0476074e+01
   6.4894590e+06   5.1513672e+01
   6.4895300e+06   5.2673340e+01
   6.4954230e+06   7.1716309e+01
   6.4954600e+06   5.6030273e+01
   6.5016240e+06   5.9448242e+01
   6.5018470e+06   4.9133301e+01
   6.5084630e+06   5.4565430e+01
   6.5148540e+06   5.2429199e+01
   6.5218400e+06   5.3466797e+01
   6.5273250e+06   4.9011230e+01
   6.5341670e+06   6.0424805e+01
   6.5413570e+06   6.0485840e+01
   6.5501020e+06   4.9316406e+01
   6.5501270e+06   5.0964355e+01
   6.5501700e+06   5.6884766e+01
   6.5568070e+06   5.8532715e+01
   6.5568760e+06   5.5053711e+01
   6.5638470e+06   5.2612305e+01
   6.5638780e+06   6.1096191e+01
   6.5639540e+06   6.4392090e+01
   6.5717230e+06   4.9011230e+01
   6.5717660e+06   5.3955078e+01
   6.5718330e+06   5.8593750e+01
   6.5719460e+06   5.1818848e+01
   6.5790270e+06   6.4086914e+01
   6.5833710e+06   5.5114746e+01
   6.5834490e+06   5.1208496e+01
   6.5940330e+06   5.0903320e+01
   6.5941730e+06   5.0537109e+01
   6.6005200e+06   6.7810059e+01
   6.6005400e+06   5.0354004e+01
   6.6005890e+06   6.1462402e+01
   6.6068380e+06   5.4077148e+01
   6.6164710e+06   7.3913574e+01
   6.6165220e+06   5.2917480e+01
   6.6166870e+06   4.9682617e+01
   6.6238590e+06   4.9255371e+01
   6.6240300e+06   5.3100586e+01
   6.6290610e+06   5.5236816e+01
   6.6291830e+06   5.5664063e+01
   6.6344380e+06   5.1330566e+01
   6.6408280e+06   5.0476074e+01
   6.6408950e+06   4.9865723e+01
   6.6409410e+06   5.1757813e+01
   6.6494100e+06   5.1757813e+01
   6.6494650e+06   4.9804688e+01
   6.6495950e+06   5.9997559e+01
   6.6575890e+06   5.0598145e+01
   6.6662360e+06   5.6579590e+01
   6.6748500e+06   6.0241699e+01
   6.6826970e+06   4.9316406e+01
   6.6909830e+06   5.9753418e+01
   6.6910040e+06   5.7312012e+01
   6.6910410e+06   4.9255371e+01
   6.6911720e+06   5.6701660e+01
   6.7011060e+06   7.0007324e+01
   6.7011300e+06   5.1452637e+01
   6.7011740e+06   5.0415039e+01
   6.7021340e+06   4.9560547e+01
   6.7107860e+06   5.4870605e+01
   6.7271150e+06   5.6579590e+01
   6.7388710e+06   5.2795410e+01
   6.7389140e+06   5.1452637e+01
   7.1557000e+06   5.5786133e+01
   7.1569340e+06   5.0598145e+01
   7.1664710e+06   4.9560547e+01
   7.1950870e+06   5.0415039e+01
   7.2188930e+06   5.6213379e+01
   7.2315330e+06   5.2246094e+01
   7.2386480e+06   5.3894043e+01
   7.2433210e+06   5.0476074e+01
   7.2539620e+06   5.2490234e+01
   7.2582110e+06   5.0415039e+01
   7.2582330e+06   4.9560547e+01
   7.2644880e+06   5.4565430e+01
   7.2645060e+06   5.4626465e+01
   7.2645330e+06   5.0109863e+01
   7.2700290e+06   5.1452637e+01
   7.2739450e+06   5.2551270e+01
   7.2740000e+06   4.9865723e+01
   7.2741180e+06   5.0903320e+01
   7.2782460e+06   5.8044434e+01
   7.2931910e+06   5.1025391e+01
   7.3035360e+06   5.1452637e+01
   7.3087820e+06   4.8889160e+01
   7.3088830e+06   5.5297852e+01
   7.3140290e+06   5.4016113e+01
   7.3205750e+06   5.1757813e+01
   7.3278530e+06   5.1208496e+01
   7.3278930e+06   5.0476074e+01
   7.3354800e+06   5.0048828e+01
   7.3354910e+06   4.9255371e+01
   7.3355170e+06   4.8889160e+01
   7.3355670e+06   5.0781250e+01
   7.3428580e+06   5.2429199e+01
   7.3428950e+06   5.2795410e+01
   7.3429730e+06   4.9377441e+01
   7.3496860e+06   5.3100586e+01
   7.3497510e+06   5.3039551e+01
   7.3550830e+06   4.9438477e+01
   7.3566590e+06   5.2368164e+01
   7.3566830e+06   4.9072266e+01
   7.3566980e+06   4.9133301e+01
   7.3698150e+06   5.2673340e+01
   7.3699100e+06   5.2368164e+01
   7.3700990e+06   5.0720215e+01
   7.3779390e+06   5.0903320e+01
   7.3836780e+06   5.1635742e+01
   7.3923960e+06   5.4809570e+01
   7.3924460e+06   5.2612305e+01
   7.3924880e+06   5.0598145e+01
   7.3925260e+06   5.1574707e+01
   7.3926500e+06   4.9011230e+01
   7.3928360e+06   4.9438477e+01
   7.4004430e+06   5.1391602e+01
   7.4095940e+06   5.1513672e+01
   7.4096440e+06   5.7373047e+01
   7.4096690e+06   5.0476074e+01
   7.4097020e+06   5.4931641e+01
   7.4097610e+06   5.0048828e+01
   7.4098050e+06   4.9194336e+01
   7.4111930e+06   5.4016113e+01
   7.4172050e+06   4.9926758e+01
   7.4218470e+06   5.0109863e+01
   7.4351520e+06   4.9072266e+01
   7.4455370e+06   5.8227539e+01
   7.4455520e+06   4.9499512e+01
   7.4455950e+06   5.1696777e+01
   7.4456420e+06   5.4748535e+01
   7.4457290e+06   5.3222656e+01
   7.4458380e+06   5.7678223e+01
   7.4591720e+06   5.4199219e+01
   7.4593650e+06   4.9621582e+01
   7.4844210e+06   5.2307129e+01
   7.4844750e+06   5.3649902e+01
   7.4844930e+06   5.2551270e+01
   7.4845530e+06   5.8532715e+01
   7.4846250e+06   5.2490234e+01
   7.4927430e+06   5.0292969e+01
   7.5107570e+06   5.6274414e+01
   7.5203520e+06   5.7128906e+01
   7.5397820e+06   5.4504395e+01
   7.5398090e+06   5.9692383e+01
   7.5399090e+06   5.8166504e+01
   7.5533380e+06   5.0292969e+01
   7.5533770e+06   5.7922363e+01
   7.8404760e+06   4.9926758e+01
   8.1295290e+06   5.5908203e+01
   8.3144470e+06   4.9194336e+01
   8.4032450e+06   5.8166504e+01
   8.4978650e+06   5.2490234e+01
   8.4979810e+06   5.5297852e+01
   8.5085490e+06   5.2368164e+01
   8.5087100e+06   5.2551270e+01
   8.7543810e+06   5.1696777e+01
   8.7980800e+06   5.2490234e+01
   8.7981960e+06   4.9072266e+01
   8.8533430e+06   5.2490234e+01
   8.8537120e+06   5.5969238e+01
   8.9504780e+06   5.4443359e+01
   8.9505090e+06   5.3039551e+01
   8.9601090e+06   5.6396484e+01
   9.0057590e+06   5.1818848e+01
   9.0058350e+06   5.8715820e+01
   9.0059250e+06   4.8950195e+01
   9.0060920e+06   5.1574707e+01
   9.0062010e+06   5.6396484e+01
   9.0062740e+06   5.0598145e+01
   9.0158900e+06   5.1147461e+01
   9.0159540e+06   5.0048828e+01
   9.0243610e+06   5.6945801e+01
   9.0361190e+06   5.8898926e+01
   9.0451230e+06   5.1269531e+01
   9.0451460e+06   5.0537109e+01
   9.0527740e+06   5.0964355e+01
   9.0528110e+06   4.9987793e+01
   9.0611710e+06   5.0476074e+01
   9.0612520e+06   5.9020996e+01
   9.0612890e+06   5.4870605e+01
   9.0741140e+06   5.4016113e+01
   9.0742590e+06   4.9194336e+01
   9.0840090e+06   4.9926758e+01
   9.0922980e+06   4.9865723e+01
   9.0923640e+06   5.3588867e+01
   9.0972230e+06   5.1940918e+01
   9.1031340e+06   5.1452637e+01
   9.1138820e+06   4.9377441e+01
   9.1138930e+06   5.0720215e+01
   9.1251460e+06   5.1635742e+01
   9.1251610e+06   5.1879883e+01
   9.1300970e+06   4.8889160e+01
   9.1301130e+06   5.3894043e+01
   9.1301290e+06   4.9194336e+01
   9.1355550e+06   4.9499512e+01
   9.1355800e+06   5.2917480e+01
   9.1356290e+06   4.9377441e+01
   9.1356510e+06   5.4199219e+01
   9.1356740e+06   4.9072266e+01
   9.1357030e+06   5.2734375e+01
   9.1420980e+06   5.9204102e+01
   9.1494880e+06   5.7678223e+01
   9.1558520e+06   5.0292969e+01
   9.1558710e+06   5.2490234e+01
   9.1623440e+06   5.9570313e+01
   9.1623720e+06   5.8471680e+01
   9.1623990e+06   5.0781250e+01
   9.1657910e+06   5.1879883e+01
   9.1658140e+06   5.1208496e+01
   9.1692180e+06   5.5419922e+01
   9.1726850e+06   5.4138184e+01
   9.1773550e+06   5.9265137e+01
   9.1773790e+06   5.1513672e+01
   9.1777060e+06   5.0659180e+01
   9.1871470e+06   4.9926758e+01
   9.1871640e+06   5.3405762e+01
   9.1926710e+06   5.1330566e+01
   9.1928160e+06   5.5358887e+01
   9.1975120e+06   5.6762695e+01
   9.1976360e+06   5.1025391e+01
   9.1980290e+06   4.9560547e+01
   9.2052250e+06   5.2307129e+01
   9.2137520e+06   6.2255859e+01
   9.2137680e+06   5.4138184e+01
   9.2138320e+06   5.1513672e+01
   9.2210980e+06   6.5002441e+01
   9.2211130e+06   4.9255371e+01
   9.2211720e+06   5.1086426e+01
   9.2257760e+06   5.0720215e+01
   9.2316960e+06   5.1330566e+01
   9.2378730e+06   5.0048828e+01
   9.2379040e+06   5.1757813e+01
   9.2431440e+06   5.1025391e+01
   9.2481060e+06   5.2551270e+01
   9.2520700e+06   6.2805176e+01
   9.2654900e+06   5.2612305e+01
   9.2660690e+06   5.0170898e+01
   9.2703010e+06   4.9194336e+01
   9.2781850e+06   5.4687500e+01
   9.2811070e+06   5.5908203e+01
   9.2890140e+06   4.9072266e+01
   9.2890340e+06   4.9133301e+01
   9.2890540e+06   5.4077148e+01
   9.2891220e+06   5.0292969e+01
   9.2938340e+06   6.0852051e+01
   9.2985820e+06   5.3833008e+01
   9.2987000e+06   5.0720215e+01
   9.3034760e+06   4.9316406e+01
   9.3069390e+06   5.2185059e+01
   9.3113590e+06   5.2612305e+01
   9.3113850e+06   4.9377441e+01
   9.3115000e+06   5.5358887e+01
   9.3164510e+06   5.6274414e+01
   9.3207260e+06   5.0109863e+01
   9.3244420e+06   6.7199707e+01
   9.3288490e+06   4.8889160e+01
   9.3364610e+06   5.0109863e+01
   9.3365330e+06   5.8349609e+01
   9.3401870e+06   6.3232422e+01
   9.3443860e+06   4.9987793e+01
   9.3488610e+06   5.0109863e+01
   9.3489710e+06   5.2368164e+01
   9.3538490e+06   5.5725098e+01
   9.3578460e+06   5.0659180e+01
   9.3579000e+06   6.7321777e+01
   9.3633910e+06   5.1635742e+01
   9.3675210e+06   4.9316406e+01
   9.3718650e+06   6.2011719e+01
   9.3719750e+06   5.3527832e+01
   9.3720970e+06   4.9682617e+01
   9.3756870e+06   4.8950195e+01
   9.3789690e+06   4.9072266e+01
   9.3790250e+06   4.9499512e+01
   9.3791180e+06   5.6945801e+01
   9.3791410e+06   5.4321289e+01
   9.3883440e+06   5.1147461e+01
   9.3930020e+06   5.0231934e+01
   9.3931630e+06   5.0415039e+01
   9.3985550e+06   5.1208496e+01
   9.3985650e+06   5.8044434e+01
   9.3986410e+06   5.0048828e+01
   9.3986960e+06   4.9682617e+01
   9.4091500e+06   4.8889160e+01
   9.4144900e+06   5.3222656e+01
   9.4248430e+06   5.0231934e+01
   9.4303670e+06   5.0537109e+01
   9.4354150e+06   5.9631348e+01
   9.4355290e+06   5.2734375e+01
   9.4400900e+06   5.6945801e+01
   9.4401080e+06   5.1025391e+01
   9.4462110e+06   5.0537109e+01
   9.4463050e+06   5.2978516e+01
   9.4463500e+06   6.1157227e+01
   9.4530490e+06   6.4392090e+01
   9.4594790e+06   5.3466797e+01
   9.4595030e+06   5.7434082e+01
   9.4647400e+06   5.3222656e+01
   9.4708900e+06   6.9274902e+01
   9.4709420e+06   5.2612305e+01
   9.4710200e+06   5.1086426e+01
   9.4711860e+06   5.4565430e+01
   9.4785680e+06   4.9499512e+01
   9.4786030e+06   4.9499512e+01
   9.4849340e+06   5.6579590e+01
   9.4850450e+06   5.1391602e+01
   9.4909350e+06   5.2185059e+01
   9.4911570e+06   4.9560547e+01
   9.4987710e+06   5.1574707e+01
   9.4988380e+06   5.0415039e+01
   9.5116890e+06   6.3842773e+01
   9.5118940e+06   5.0537109e+01
   9.5179920e+06   5.2307129e+01
   9.5182260e+06   5.1025391e+01
   9.5262270e+06   5.0720215e+01
   9.5262550e+06   6.0974121e+01
   9.5263260e+06   5.0231934e+01
   9.5346000e+06   5.2429199e+01
   9.5429520e+06   5.3527832e+01
   9.5431420e+06   5.0781250e+01
   9.5515900e+06   5.9692383e+01
   9.5516280e+06   5.0598145e+01
   9.5516540e+06   5.5969238e+01
   9.5516930e+06   5.9936523e+01
   9.5517190e+06   5.6762695e+01
   9.5626240e+06   4.9255371e+01
   9.5626660e+06   6.5246582e+01
   9.5627010e+06   6.1279297e+01
   9.5627430e+06   5.4077148e+01
   9.5630790e+06   4.8889160e+01
   9.5788520e+06   5.0903320e+01
   9.5789230e+06   5.7128906e+01
   9.5989150e+06   7.9895020e+01
   9.5989660e+06   5.2917480e+01
   9.5991150e+06   4.9865723e+01
   9.6083200e+06   5.3283691e+01
   9.6227250e+06   6.2683105e+01
   9.6227710e+06   5.7006836e+01
   1.0029130e+07   5.2185059e+01
   1.0150618e+07   4.9987793e+01
   1.0257529e+07   5.1818848e+01
   1.0344044e+07   5.1208496e+01
   1.0449831e+07   5.6823730e+01
   1.0450219e+07   5.0720215e+01
   1.0492802e+07   5.3039551e+01
   1.0492825e+07   5.0415039e+01
   1.0492877e+07   6.1584473e+01
   1.0492936e+07   4.9499512e+01
   1.0532956e+07   5.4199219e+01
   1.0533004e+07   4.9072266e+01
   1.0533655e+07   5.2856445e+01
   1.0655885e+07   5.3344727e+01
   1.0656037e+07   5.0964355e+01
   1.0656137e+07   5.1025391e+01
   1.0817118e+07   5.4382324e+01
   1.0864254e+07   5.0781250e+01
   1.0864491e+07   4.9926758e+01
   1.0877750e+07   5.0659180e+01
   1.0889238e+07   5.4199219e+01
   1.0889290e+07   4.9621582e+01
   1.0889386e+07   5.0720215e+01
   1.0900774e+07   5.1147461e+01
   1.0900847e+07   5.1269531e+01
   1.0900966e+07   5.8227539e+01
   1.0911428e+07   5.1940918e+01
   1.0922273e+07   5.3833008e+01
   1.0922297e+07   5.2978516e+01
   1.0922501e+07   5.0109863e+01
   1.0925616e+07   4.9804688e+01
   1.0935517e+07   5.3100586e+01
   1.0941706e+07   5.2124023e+01
   1.0941875e+07   6.0302734e+01
   1.0950756e+07   5.8410645e+01
   1.0950802e+07   8.2763672e+01
   1.0950874e+07   5.1208496e+01
   1.0950976e+07   5.1025391e+01
   1.0957423e+07   5.4321289e+01
   1.0957452e+07   4.9743652e+01
   1.0963258e+07   5.2612305e+01
   1.0969286e+07   5.0415039e+01
   1.0969317e+07   4.9438477e+01
   1.0976844e+07   5.0903320e+01
   1.0976907e+07   5.0354004e+01
   1.0976949e+07   5.2734375e+01
   1.0976969e+07   5.7312012e+01
   1.0977029e+07   5.1147461e+01
   1.0987257e+07   4.9255371e+01
   1.0993840e+07   4.9499512e+01
   1.0993860e+07   5.6335449e+01
   1.0993880e+07   5.6274414e+01
   1.0998180e+07   5.1696777e+01
   1.0998220e+07   5.1574707e+01
   1.1004340e+07   4.9133301e+01
   1.1012000e+07   6.6528320e+01
   1.1012082e+07   5.3710938e+01
   1.1016838e+07   5.1391602e+01
   1.1020644e+07   5.8837891e+01
   1.1020656e+07   5.0842285e+01
   1.1029919e+07   5.1696777e+01
   1.1030010e+07   5.2246094e+01
   1.1030064e+07   5.1269531e+01
   1.1054083e+07   7.3303223e+01
   1.1054103e+07   6.0180664e+01
   1.1054127e+07   6.4025879e+01
   1.1054289e+07   5.7556152e+01
   1.1060730e+07   5.0598145e+01
   1.1060837e+07   4.9194336e+01
   1.1060947e+07   5.3222656e+01
   1.1060991e+07   5.9692383e+01
   1.1066954e+07   5.5664063e+01
   1.1070158e+07   5.4687500e+01
   1.1075213e+07   7.7880859e+01
   1.1075241e+07   5.0170898e+01
   1.1075254e+07   5.3161621e+01
   1.1075277e+07   4.9255371e+01
   1.1075292e+07   4.9621582e+01
   1.1084355e+07   5.4992676e+01
   1.1087492e+07   5.2429199e+01
   1.1094496e+07   5.7067871e+01
   1.1097589e+07   4.9316406e+01
   1.1101418e+07   6.2866211e+01
   1.1101530e+07   4.9438477e+01
   1.1105817e+07   5.1696777e+01
   1.1105830e+07   5.0659180e+01
   1.1105884e+07   4.9316406e+01
   1.1105905e+07   5.2551270e+01
   1.1105921e+07   4.9743652e+01
   1.1112210e+07   6.2683105e+01
   1.1112275e+07   5.5358887e+01
   1.1117240e+07   5.2856445e+01
   1.1122809e+07   7.2937012e+01
   1.1122860e+07   4.9499512e+01
   1.1128205e+07   5.4992676e+01
   1.1130459e+07   6.1584473e+01
   1.1134346e+07   5.1757813e+01
   1.1134357e+07   8.1359863e+01
   1.1138897e+07   7.4584961e+01
   1.1139116e+07   5.0415039e+01
   1.1142827e+07   5.0720215e+01
   1.1147522e+07   8.0261230e+01
   1.1147611e+07   5.7556152e+01
   1.1154922e+07   4.9987793e+01
   1.1160363e+07   5.8776855e+01
   1.1160444e+07   5.7067871e+01
   1.1160555e+07   4.9499512e+01
   1.1168556e+07   5.0476074e+01
   1.1168739e+07   5.2978516e+01
   1.1174851e+07   5.4321289e+01
   1.1174981e+07   5.0476074e+01
   1.1181922e+07   5.3833008e+01
   1.1188081e+07   6.2866211e+01
   1.1188190e+07   5.3100586e+01
   1.1193533e+07   6.4941406e+01
   1.1200147e+07   6.1523438e+01
   1.1200256e+07   5.3527832e+01
   1.1200577e+07   5.0964355e+01
   1.1216091e+07   5.0170898e+01
   1.1216211e+07   5.4138184e+01
   1.1221860e+07   5.4565430e+01
   1.1221917e+07   5.2001953e+01
   1.1230936e+07   5.7006836e+01
   1.1230949e+07   6.4025879e+01
   1.1231071e+07   5.7067871e+01
   1.1235610e+07   4.9072266e+01
   1.1240377e+07   4.9804688e+01
   1.1246074e+07   5.7556152e+01
   1.1246114e+07   4.9682617e+01
   1.1246149e+07   4.9560547e+01
   1.1249759e+07   5.3955078e+01
   1.1249821e+07   5.7861328e+01
   1.1260193e+07   5.3222656e+01
   1.1260255e+07   4.9499512e+01
   1.1266108e+07   4.9926758e+01
   1.1271965e+07   6.1279297e+01
   1.1272054e+07   5.6884766e+01
   1.1276586e+07   5.4260254e+01
   1.1276706e+07   5.4565430e+01
   1.1276747e+07   5.3283691e+01
   1.1281205e+07   5.0354004e+01
   1.1281251e+07   5.4382324e+01
   1.1291949e+07   5.3466797e+01
   1.1291984e+07   5.0537109e+01
   1.1297371e+07   4.9682617e+01
   1.1297487e+07   5.2673340e+01
   1.1304027e+07   4.9072266e+01
   1.1304233e+07   4.9682617e+01
   1.1304373e+07   4.9743652e+01
   1.1315467e+07   5.1086426e+01
   1.1315571e+07   4.9316406e+01
   1.1315770e+07   4.9560547e+01
   1.1322655e+07   5.5908203e+01
   1.1325929e+07   4.9438477e+01
   1.1339643e+07   5.0354004e+01
   1.1339754e+07   5.2062988e+01
   1.1349573e+07   4.9255371e+01
   1.1349695e+07   5.3222656e+01
   1.1356862e+07   5.5175781e+01
   1.1356922e+07   5.1513672e+01
   1.1365057e+07   5.3710938e+01
   1.1365121e+07   5.0048828e+01
   1.1372322e+07   5.0903320e+01
   1.1372433e+07   5.1757812e+01
   1.1372573e+07   5.0415039e+01
   1.1378249e+07   5.1147461e+01
   1.1378280e+07   4.9072266e+01
   1.1378425e+07   5.4748535e+01
   1.1378459e+07   6.7993164e+01
   1.1385802e+07   5.1757813e+01
   1.1393127e+07   6.0668945e+01
   1.1393150e+07   5.5114746e+01
   1.1402645e+07   4.9743652e+01
   1.1402683e+07   5.7128906e+01
   1.1402705e+07   6.6955566e+01
   1.1402773e+07   5.8959961e+01
   1.1417959e+07   5.2490234e+01
   1.1425071e+07   5.0659180e+01
   1.1425290e+07   4.9316406e+01
   1.1430275e+07   5.1696777e+01
   1.1436253e+07   5.5541992e+01
   1.1443380e+07   5.3222656e+01
   1.1459026e+07   4.8950195e+01
   1.1459137e+07   4.9255371e+01
   1.1467820e+07   5.6762695e+01
   1.1467853e+07   5.1696777e+01
   1.1477003e+07   5.7312012e+01
   1.1477027e+07   5.3405762e+01
   1.1485166e+07   4.9072266e+01
   1.1495135e+07   4.9133301e+01
   1.1495173e+07   4.9804688e+01
   1.1495411e+07   5.1147461e+01
   1.1516891e+07   5.3283691e+01
   1.1516960e+07   6.9274902e+01
   1.1517304e+07   4.9438477e+01
   1.1539301e+07   4.9255371e+01
