   1.1996000e+07   0.0000000e+00
   2.8100000e+02   4.8278809e+01
   7.4207000e+04   5.0903320e+01
   2.4432100e+05   5.5664063e+01
   4.0332500e+05   4.9316406e+01
   4.0336100e+05   6.0791016e+01
   4.3505200e+05   5.0476074e+01
   5.4336500e+05   4.8767090e+01
   5.4346700e+05   4.9926758e+01
   5.8634700e+05   4.7607422e+01
   5.8638700e+05   5.4931641e+01
   5.8641400e+05   6.1584473e+01
   5.8645900e+05   5.2490234e+01
   5.8648500e+05   5.9020996e+01
   5.8649500e+05   4.8767090e+01
   6.7602800e+05   5.0048828e+01
   6.7622600e+05   4.9560547e+01
   7.2619000e+05   4.8278809e+01
   7.8460000e+05   4.9316406e+01
   8.0977500e+05   4.8889160e+01
   8.0988300e+05   5.4382324e+01
   8.0994200e+05   4.8278809e+01
   9.0267300e+05   5.3649902e+01
   9.0269100e+05   4.8461914e+01
   9.0270500e+05   4.8706055e+01
   9.0279900e+05   4.8583984e+01
   9.7580600e+05   5.2185059e+01
   9.7582800e+05   5.0170898e+01
   9.7587100e+05   6.7321777e+01
   9.7596700e+05   5.0598145e+01
   9.7606100e+05   5.7983398e+01
   1.0206260e+06   5.0598145e+01
   1.0207130e+06   6.3781738e+01
   1.0207950e+06   4.9316406e+01
   1.0544010e+06   4.9865723e+01
   1.0544530e+06   4.8156738e+01
   1.1024400e+06   5.3649902e+01
   1.1026120e+06   5.0720215e+01
   1.2706710e+06   4.8339844e+01
   1.3553410e+06   4.7546387e+01
   1.3715070e+06   4.8767090e+01
   1.4081830e+06   5.0537109e+01
   1.4081990e+06   4.9438477e+01
   1.4765700e+06   4.8156738e+01
   1.4766580e+06   4.9133301e+01
   1.5287250e+06   5.0476074e+01
   1.5409100e+06   4.8156738e+01
   1.5409620e+06   5.0231934e+01
   1.5410110e+06   5.1452637e+01
   1.6404760e+06   4.8461914e+01
   1.6406060e+06   5.0048828e+01
   1.6406760e+06   5.3039551e+01
   1.6406890e+06   4.8522949e+01
   1.7127030e+06   6.1218262e+01
   1.7127270e+06   5.0720215e+01
   1.7128720e+06   5.1879883e+01
   1.7436890e+06   5.0231934e+01
   1.7438150e+06   6.1584473e+01
   1.8158370e+06   5.4016113e+01
   1.8158500e+06   5.5664063e+01
   1.8158700e+06   5.1696777e+01
   1.9081270e+06   5.6762695e+01
   1.9081950e+06   6.0791016e+01
   1.9082130e+06   4.7668457e+01
   1.9395810e+06   5.3283691e+01
   1.9396410e+06   5.3100586e+01
   1.9396510e+06   4.8706055e+01
   2.0199710e+06   4.9987793e+01
   2.0199970e+06   6.0668945e+01
   2.0200360e+06   5.4016113e+01
   2.0200840e+06   5.4504395e+01
   2.0593730e+06   4.9011230e+01
   2.0894100e+06   5.3649902e+01
   2.0894560e+06   4.9255371e+01
   2.0894760e+06   5.6762695e+01
   2.0895080e+06   4.9621582e+01
   2.0895450e+06   4.8828125e+01
   2.1825530e+06   5.8471680e+01
   2.1826140e+06   4.9072266e+01
   2.2127300e+06   5.1757813e+01
   2.2127700e+06   5.1696777e+01
   2.2128840e+06   5.9875488e+01
   2.2616280e+06   4.9682617e+01
   2.3315820e+06   5.4016113e+01
   2.3479700e+06   5.3466797e+01
   2.3480480e+06   5.1879883e+01
   2.3996310e+06   5.0720215e+01
   2.4867120e+06   5.2001953e+01
   2.4867250e+06   4.7851563e+01
   2.4868000e+06   6.0791016e+01
   2.4869010e+06   5.4199219e+01
   2.5217200e+06   4.8950195e+01
   2.5217300e+06   5.4199219e+01
   2.5217630e+06   4.7973633e+01
   2.5218030e+06   5.6152344e+01
   2.5218440e+06   5.5236816e+01
   2.5218870e+06   5.2978516e+01
   2.5219500e+06   4.8461914e+01
   2.6220220e+06   4.9011230e+01
   2.6220340e+06   5.3283691e+01
   2.6221040e+06   5.3344727e+01
   2.6221640e+06   5.6579590e+01
   2.6221870e+06   5.7250977e+01
   2.6222290e+06   5.2062988e+01
   2.6224060e+06   4.9194336e+01
   2.6558920e+06   5.3588867e+01
   2.6559260e+06   5.0598145e+01
   2.6559500e+06   5.3466797e+01
   2.6559770e+06   6.1645508e+01
   2.6560770e+06   5.2612305e+01
   2.6560930e+06   5.0781250e+01
   2.6561240e+06   5.5419922e+01
   2.6561510e+06   5.7373047e+01
   2.7673590e+06   5.2429199e+01
   2.7674570e+06   4.7729492e+01
   2.7675020e+06   4.9133301e+01
   2.7675220e+06   5.4443359e+01
   2.7675550e+06   5.1330566e+01
   2.7676810e+06   5.0231934e+01
   2.8030750e+06   4.8645020e+01
   2.8030990e+06   4.8583984e+01
   2.8361840e+06   4.7790527e+01
   2.8362230e+06   5.3344727e+01
   2.8788020e+06   6.8359375e+01
   2.8790400e+06   4.9743652e+01
   2.8791100e+06   5.7861328e+01
   2.9283590e+06   4.9133301e+01
   2.9284160e+06   6.3720703e+01
   2.9286520e+06   4.7912598e+01
   2.9667700e+06   5.4138184e+01
   2.9668040e+06   5.0842285e+01
   2.9668560e+06   5.2612305e+01
   2.9670170e+06   5.4870605e+01
   3.0134380e+06   4.8461914e+01
   3.0135280e+06   4.8217773e+01
   3.1037930e+06   4.7729492e+01
   3.1069310e+06   5.9082031e+01
   3.1630950e+06   5.3527832e+01
   3.1631240e+06   6.0791016e+01
   3.1631750e+06   5.9143066e+01
   3.1632430e+06   4.8950195e+01
   3.1633020e+06   5.1513672e+01
   3.1633540e+06   5.0354004e+01
   3.1634000e+06   4.9987793e+01
   3.1952060e+06   5.2917480e+01
   3.2231730e+06   6.5246582e+01
   3.2232010e+06   5.1330566e+01
   3.2743180e+06   4.7668457e+01
   3.2743740e+06   4.8706055e+01
   3.2744320e+06   4.8339844e+01
   3.2744770e+06   5.5358887e+01
   3.3362370e+06   5.3100586e+01
   3.3362750e+06   4.8156738e+01
   3.3363310e+06   5.9936523e+01
   3.3886910e+06   4.8828125e+01
   3.3888270e+06   5.4504395e+01
   3.3888940e+06   4.8889160e+01
   3.3889040e+06   5.6823730e+01
   3.3889140e+06   4.8522949e+01
   3.4653710e+06   4.7668457e+01
   3.4654410e+06   4.8645020e+01
   3.4654750e+06   6.8725586e+01
   3.4655330e+06   5.2978516e+01
   3.4991720e+06   5.6274414e+01
   3.4992700e+06   5.3222656e+01
   3.4993090e+06   5.4138184e+01
   3.4993710e+06   4.9072266e+01
   3.4994290e+06   5.0415039e+01
   3.4999960e+06   5.1757813e+01
   3.5237710e+06   5.7006836e+01
   3.5238390e+06   6.2316895e+01
   3.5238500e+06   5.2612305e+01
   3.5239190e+06   5.2307129e+01
   3.5239460e+06   5.0720215e+01
   3.5239900e+06   4.8889160e+01
   3.5592090e+06   5.4748535e+01
   3.7021850e+06   4.8645020e+01
   3.7617130e+06   4.8095703e+01
   3.8287960e+06   5.3894043e+01
   3.8399280e+06   4.8034668e+01
   3.8867570e+06   5.2001953e+01
   3.8867710e+06   4.8645020e+01
   3.9022430e+06   5.1452637e+01
   3.9380720e+06   5.7556152e+01
   3.9381550e+06   4.9804688e+01
   3.9382150e+06   4.8095703e+01
   3.9563810e+06   4.9011230e+01
   3.9895130e+06   4.7607422e+01
   3.9896700e+06   4.7424316e+01
   3.9897410e+06   5.2062988e+01
   4.0149200e+06   4.9560547e+01
   4.0149430e+06   4.7912598e+01
   4.0665790e+06   5.1269531e+01
   4.0667370e+06   5.2368164e+01
   4.0805940e+06   5.2856445e+01
   4.0806300e+06   4.8034668e+01
   4.0808630e+06   5.0109863e+01
   4.0908100e+06   5.2062988e+01
   4.1107490e+06   5.9265137e+01
   4.1108040e+06   4.7607422e+01
   4.1108410e+06   5.0781250e+01
   4.1108790e+06   5.1452637e+01
   4.1109400e+06   4.9987793e+01
   4.1109870e+06   5.4016113e+01
   4.1110330e+06   5.3405762e+01
   4.1111600e+06   4.8889160e+01
   4.1490720e+06   4.9072266e+01
   4.1573770e+06   5.3710938e+01
   4.1574240e+06   5.5236816e+01
   4.1575110e+06   4.9072266e+01
   4.1643710e+06   5.7922363e+01
   4.1644610e+06   5.5786133e+01
   4.1645660e+06   5.3710938e+01
   4.1718140e+06   4.9560547e+01
   4.1719460e+06   5.2673340e+01
   4.1719810e+06   4.8156738e+01
   4.1796390e+06   4.7424316e+01
   4.1797410e+06   4.9255371e+01
   4.1797720e+06   5.2978516e+01
   4.1798620e+06   4.9072266e+01
   4.1871840e+06   4.9987793e+01
   4.1954040e+06   4.9133301e+01
   4.1954890e+06   5.2246094e+01
   4.1955060e+06   4.9682617e+01
   4.2066460e+06   4.9743652e+01
   4.2066710e+06   5.0964355e+01
   4.2067700e+06   5.1696777e+01
   4.2178670e+06   4.8828125e+01
   4.2179220e+06   5.5236816e+01
   4.2180720e+06   4.8522949e+01
   4.2181070e+06   5.8654785e+01
   4.2274660e+06   4.7485352e+01
   4.2350040e+06   5.6457520e+01
   4.2350380e+06   5.7128906e+01
   4.2350660e+06   4.7790527e+01
   4.2352150e+06   4.9316406e+01
   4.2410060e+06   5.2673340e+01
   4.2468540e+06   4.7546387e+01
   4.2469420e+06   4.7485352e+01
   4.2470560e+06   4.9926758e+01
   4.2525000e+06   5.2368164e+01
   4.2526220e+06   5.1025391e+01
   4.2526400e+06   5.7495117e+01
   4.2526880e+06   5.1452637e+01
   4.2617180e+06   5.7617188e+01
   4.2619470e+06   4.7424316e+01
   4.2686820e+06   5.3405762e+01
   4.2689100e+06   4.9804688e+01
   4.2745620e+06   4.8889160e+01
   4.2745960e+06   5.3100586e+01
   4.2836770e+06   4.9438477e+01
   4.2838530e+06   4.8278809e+01
   4.2911840e+06   5.4321289e+01
   4.3007500e+06   5.4016113e+01
   4.3009470e+06   5.3588867e+01
   4.3058590e+06   4.7668457e+01
   4.3059020e+06   5.0109863e+01
   4.3215520e+06   5.6030273e+01
   4.3215910e+06   5.1513672e+01
   4.3216840e+06   5.0659180e+01
   4.3363950e+06   6.1584473e+01
   4.3433940e+06   4.7485352e+01
   4.3434600e+06   4.8828125e+01
   4.3483840e+06   5.0354004e+01
   4.3590530e+06   5.3100586e+01
   4.3679180e+06   4.8706055e+01
   4.3681500e+06   4.7485352e+01
   4.3873120e+06   4.7851563e+01
   4.3982970e+06   4.8278809e+01
   4.4087790e+06   4.8767090e+01
   4.4088240e+06   4.8583984e+01
   4.4277140e+06   5.3527832e+01
   4.4277660e+06   5.3527832e+01
   4.4396660e+06   5.2795410e+01
   4.4397720e+06   5.2429199e+01
   4.4524660e+06   4.8034668e+01
   4.4526380e+06   5.2795410e+01
   4.4648300e+06   4.7607422e+01
   4.4649340e+06   4.7485352e+01
   4.4723450e+06   5.9204102e+01
   4.4724710e+06   5.0720215e+01
   4.4725830e+06   5.2551270e+01
   4.4855550e+06   4.9804688e+01
   4.4856130e+06   5.1513672e+01
   4.4939540e+06   5.2124023e+01
   4.5107100e+06   4.7607422e+01
   4.5442110e+06   5.7983398e+01
   4.5442640e+06   4.7607422e+01
   4.5565120e+06   4.9194336e+01
   4.8836560e+06   4.7790527e+01
   5.1262400e+06   4.8828125e+01
   5.3454080e+06   4.8217773e+01
   5.3454660e+06   5.5908203e+01
   5.3454950e+06   4.9377441e+01
   5.3455870e+06   5.1391602e+01
   5.4189100e+06   5.1452637e+01
   5.4189400e+06   6.1462402e+01
   5.4189800e+06   5.4382324e+01
   5.4190970e+06   5.1879883e+01
   5.4191350e+06   4.8095703e+01
   5.4191670e+06   5.0354004e+01
   5.5336040e+06   4.7790527e+01
   5.5336560e+06   5.2978516e+01
   5.5339300e+06   4.9011230e+01
   5.6901450e+06   5.2246094e+01
   5.7022600e+06   5.1208496e+01
   5.7025030e+06   4.9560547e+01
   5.7834960e+06   4.8522949e+01
   5.7836350e+06   4.9194336e+01
   5.8678630e+06   5.3649902e+01
   5.8683320e+06   4.8522949e+01
   5.8835370e+06   5.0781250e+01
   5.8836400e+06   4.9377441e+01
   5.9683750e+06   4.9743652e+01
   6.0131360e+06   4.8583984e+01
   6.0243950e+06   4.8400879e+01
   6.0432870e+06   4.9621582e+01
   6.0564650e+06   4.8767090e+01
   6.0564930e+06   5.0659180e+01
   6.0760190e+06   5.5541992e+01
   6.0761320e+06   4.9987793e+01
   6.0990940e+06   5.0109863e+01
   6.0991210e+06   4.8156738e+01
   6.0992250e+06   5.2551270e+01
   6.0992440e+06   4.8400879e+01
   6.0993990e+06   6.2011719e+01
   6.1122120e+06   4.9255371e+01
   6.1263520e+06   4.8583984e+01
   6.1400830e+06   4.9499512e+01
   6.1402030e+06   4.9560547e+01
   6.1402580e+06   4.9499512e+01
   6.1537700e+06   5.7495117e+01
   6.1538710e+06   4.8156738e+01
   6.1748230e+06   5.0537109e+01
   6.1749450e+06   5.4870605e+01
   6.1749790e+06   5.1269531e+01
   6.1750440e+06   5.8776855e+01
   6.1750820e+06   5.0476074e+01
   6.1751250e+06   4.8156738e+01
   6.1752030e+06   5.1025391e+01
   6.2091290e+06   4.9926758e+01
   6.2255130e+06   5.1330566e+01
   6.2408620e+06   4.8889160e+01
   6.2409060e+06   5.3283691e+01
   6.2410750e+06   4.8400879e+01
   6.2411440e+06   5.0537109e+01
   6.2411700e+06   5.6884766e+01
   6.2412380e+06   4.9743652e+01
   6.2565340e+06   4.8767090e+01
   6.2667650e+06   4.9133301e+01
   6.2736000e+06   5.8898926e+01
   6.2736610e+06   4.9865723e+01
   6.2737090e+06   4.7729492e+01
   6.2737880e+06   4.7485352e+01
   6.2885980e+06   4.8278809e+01
   6.2886360e+06   4.8217773e+01
   6.2886720e+06   5.6335449e+01
   6.2997410e+06   5.0109863e+01
   6.2998140e+06   4.7790527e+01
   6.3092920e+06   5.4931641e+01
   6.3137600e+06   5.0109863e+01
   6.3139300e+06   4.9072266e+01
   6.3139610e+06   4.9865723e+01
   6.3194670e+06   6.2683105e+01
   6.3261560e+06   4.8583984e+01
   6.3264330e+06   4.9438477e+01
   6.3402700e+06   5.0476074e+01
   6.3501590e+06   5.0231934e+01
   6.3560510e+06   5.0231934e+01
   6.3560770e+06   5.0048828e+01
   6.3561610e+06   4.8645020e+01
   6.3561940e+06   4.8583984e+01
   6.3740630e+06   5.1208496e+01
   6.3741190e+06   4.8645020e+01
   6.3782360e+06   4.8889160e+01
   6.3836250e+06   5.1513672e+01
   6.3838390e+06   5.0292969e+01
   6.3838780e+06   4.8400879e+01
   6.3948870e+06   6.5063477e+01
   6.3949170e+06   4.9255371e+01
   6.4009150e+06   5.0354004e+01
   6.4009560e+06   4.9011230e+01
   6.4038480e+06   5.0476074e+01
   6.4077780e+06   4.7485352e+01
   6.4181900e+06   5.1391602e+01
   6.4182980e+06   5.1391602e+01
   6.4183210e+06   4.9560547e+01
   6.4245020e+06   5.1025391e+01
   6.4245910e+06   5.5358887e+01
   6.4346530e+06   4.7790527e+01
   6.4400820e+06   5.2612305e+01
   6.4509480e+06   4.7973633e+01
   6.4510550e+06   4.9865723e+01
   6.4581190e+06   4.8034668e+01
   6.4582350e+06   5.1208496e+01
   6.4684580e+06   5.3161621e+01
   6.4772970e+06   5.0903320e+01
   6.4828950e+06   5.5297852e+01
   6.4829060e+06   5.0781250e+01
   6.4895550e+06   5.4138184e+01
   6.5018270e+06   4.8217773e+01
   6.5019820e+06   5.1818848e+01
   6.5147470e+06   5.3100586e+01
   6.5147980e+06   4.7546387e+01
   6.5149270e+06   5.0109863e+01
   6.5343630e+06   4.9865723e+01
   6.5343870e+06   5.5541992e+01
   6.5345670e+06   5.1330566e+01
   6.5570250e+06   5.5725098e+01
   6.5719780e+06   5.1574707e+01
   6.5720020e+06   4.7546387e+01
   6.6070320e+06   4.8583984e+01
   6.6070840e+06   4.7973633e+01
   6.6165750e+06   4.9621582e+01
   6.6166300e+06   4.8767090e+01
   6.6168050e+06   5.2429199e+01
   6.6412030e+06   5.4626465e+01
   6.6495530e+06   4.8583984e+01
   6.6496530e+06   5.4138184e+01
   6.6577870e+06   4.7424316e+01
   6.6663430e+06   5.1818848e+01
   6.6664310e+06   4.7485352e+01
   6.6664550e+06   4.8461914e+01
   6.6665230e+06   5.8898926e+01
   6.6911860e+06   5.0659180e+01
   6.7012280e+06   5.2490234e+01
   6.7014020e+06   5.0781250e+01
   6.7270610e+06   4.7973633e+01
   6.7271570e+06   5.3771973e+01
   6.7389060e+06   5.0842285e+01
   6.7389780e+06   4.9316406e+01
   6.9491660e+06   4.9194336e+01
   7.0838780e+06   5.1635742e+01
   7.0840500e+06   4.7851563e+01
   7.1127640e+06   6.3964844e+01
   7.1129350e+06   5.4504395e+01
   7.1129890e+06   4.8522949e+01
   7.1131100e+06   5.3649902e+01
   7.1455530e+06   4.8522949e+01
   7.1457450e+06   5.1574707e+01
   7.1555690e+06   5.0354004e+01
   7.1555960e+06   4.9377441e+01
   7.1556990e+06   5.8349609e+01
   7.1557440e+06   5.6518555e+01
   7.1557830e+06   5.2734375e+01
   7.1664390e+06   5.0109863e+01
   7.1664620e+06   5.8105469e+01
   7.1664990e+06   4.9926758e+01
   7.1665290e+06   4.8217773e+01
   7.1666080e+06   5.4504395e+01
   7.1666570e+06   5.4626465e+01
   7.1666960e+06   5.4321289e+01
   7.1772550e+06   5.1696777e+01
   7.1772690e+06   4.8583984e+01
   7.1772900e+06   5.0659180e+01
   7.1863810e+06   4.7790527e+01
   7.1864370e+06   5.4016113e+01
   7.1948760e+06   6.1584473e+01
   7.2037810e+06   5.0964355e+01
   7.2037940e+06   5.4687500e+01
   7.2038770e+06   5.2368164e+01
   7.2039750e+06   4.7851563e+01
   7.2039860e+06   5.3833008e+01
   7.2114900e+06   4.8889160e+01
   7.2115300e+06   5.1208496e+01
   7.2187850e+06   5.2246094e+01
   7.2188100e+06   5.3039551e+01
   7.2188410e+06   5.8410645e+01
   7.2250500e+06   4.8278809e+01
   7.2314100e+06   5.1513672e+01
   7.2315620e+06   5.4443359e+01
   7.2316260e+06   5.0415039e+01
   7.2384060e+06   4.7546387e+01
   7.2385400e+06   5.1391602e+01
   7.2429580e+06   5.0292969e+01
   7.2430050e+06   5.5725098e+01
   7.2482120e+06   4.8461914e+01
   7.2538380e+06   4.7424316e+01
   7.2539300e+06   5.2246094e+01
   7.2581950e+06   5.2246094e+01
   7.2643770e+06   5.4138184e+01
   7.2644240e+06   4.9072266e+01
   7.2645800e+06   6.2194824e+01
   7.2645960e+06   4.9682617e+01
   7.2698460e+06   5.3344727e+01
   7.2699260e+06   5.4138184e+01
   7.2738580e+06   4.9255371e+01
   7.2739090e+06   5.6396484e+01
   7.2781230e+06   4.7485352e+01
   7.2840550e+06   5.2124023e+01
   7.2841290e+06   4.9865723e+01
   7.2841600e+06   5.6457520e+01
   7.2930120e+06   5.2551270e+01
   7.2980790e+06   5.6823730e+01
   7.3034080e+06   4.8522949e+01
   7.3086050e+06   5.5541992e+01
   7.3138380e+06   5.3100586e+01
   7.3138870e+06   4.7851563e+01
   7.3203720e+06   5.5114746e+01
   7.3277710e+06   5.2856445e+01
   7.3354350e+06   4.8889160e+01
   7.3427950e+06   4.9987793e+01
   7.3429510e+06   4.8095703e+01
   7.3496880e+06   4.8156738e+01
   7.3497560e+06   5.2001953e+01
   7.3628520e+06   4.8278809e+01
   7.3697360e+06   5.7861328e+01
   7.3697700e+06   5.0659180e+01
   7.3779590e+06   5.0109863e+01
   7.3923480e+06   5.1818848e+01
   7.3924270e+06   4.9194336e+01
   7.3924680e+06   5.2124023e+01
   7.3924820e+06   5.1269531e+01
   7.3925250e+06   4.7729492e+01
   7.4002830e+06   4.7973633e+01
   7.4096750e+06   4.9133301e+01
   7.4456660e+06   5.0659180e+01
   7.4456990e+06   5.0354004e+01
   7.4458780e+06   4.7546387e+01
   7.4459340e+06   5.0476074e+01
   7.4592120e+06   4.9255371e+01
   7.4845150e+06   4.8706055e+01
   7.5108120e+06   5.1696777e+01
   7.5286710e+06   4.7729492e+01
   7.5397890e+06   5.1391602e+01
   7.5398110e+06   5.4077148e+01
   8.1401640e+06   4.8950195e+01
   8.4978490e+06   4.7485352e+01
   8.6445710e+06   4.9682617e+01
   8.6446340e+06   4.8461914e+01
   8.6451000e+06   5.0109863e+01
   8.6559430e+06   4.7729492e+01
   8.6560610e+06   4.7851563e+01
   8.6561000e+06   5.0659180e+01
   8.7543050e+06   4.8522949e+01
   8.7980360e+06   5.7800293e+01
   8.7981050e+06   4.9499512e+01
   8.7981520e+06   4.9926758e+01
   8.7985840e+06   5.0415039e+01
   8.8533390e+06   4.9743652e+01
   8.8534300e+06   4.8217773e+01
   8.8535010e+06   4.7546387e+01
   8.9505000e+06   4.8767090e+01
   8.9505210e+06   5.8776855e+01
   8.9505880e+06   5.2612305e+01
   8.9507330e+06   5.0903320e+01
   8.9508810e+06   4.8461914e+01
   8.9599920e+06   4.8706055e+01
   8.9833630e+06   5.0415039e+01
   9.0057620e+06   4.7546387e+01
   9.0058420e+06   5.1269531e+01
   9.0059200e+06   5.2124023e+01
   9.0059750e+06   5.8532715e+01
   9.0060870e+06   5.1086426e+01
   9.0160590e+06   5.2856445e+01
   9.0361960e+06   4.8034668e+01
   9.0362590e+06   5.1879883e+01
   9.0363530e+06   4.7912598e+01
   9.0450650e+06   4.8583984e+01
   9.0610850e+06   5.0720215e+01
   9.0613680e+06   5.7617188e+01
   9.0742060e+06   5.1025391e+01
   9.0745040e+06   4.8034668e+01
   9.0973000e+06   5.5786133e+01
   9.0975680e+06   5.2124023e+01
   9.1034610e+06   5.3100586e+01
   9.1034880e+06   5.3344727e+01
   9.1090120e+06   5.0598145e+01
   9.1091030e+06   5.6884766e+01
   9.1139820e+06   4.8278809e+01
   9.1140110e+06   4.8278809e+01
   9.1142900e+06   7.3669434e+01
   9.1355490e+06   4.7546387e+01
   9.1421900e+06   5.0415039e+01
   9.1422670e+06   4.9438477e+01
   9.1496290e+06   4.8461914e+01
   9.1497230e+06   4.7546387e+01
   9.1498970e+06   4.9133301e+01
   9.1561850e+06   4.7790527e+01
   9.1562370e+06   4.7424316e+01
   9.1776160e+06   4.9560547e+01
   9.1826100e+06   5.3039551e+01
   9.1826780e+06   4.9438477e+01
   9.1872920e+06   5.0354004e+01
   9.1927760e+06   5.2917480e+01
   9.1974690e+06   5.2734375e+01
   9.1976200e+06   5.0231934e+01
   9.2089790e+06   4.7485352e+01
   9.2172910e+06   4.8461914e+01
   9.2258530e+06   5.5664063e+01
   9.2259740e+06   5.8776855e+01
   9.2259840e+06   4.8156738e+01
   9.2261080e+06   5.2246094e+01
   9.2657210e+06   4.7485352e+01
   9.2657440e+06   5.0720215e+01
   9.2663510e+06   4.9926758e+01
   9.2987610e+06   4.9926758e+01
   9.3032110e+06   4.9072266e+01
   9.3113960e+06   5.2917480e+01
   9.3114650e+06   5.2001953e+01
   9.3115680e+06   4.7973633e+01
   9.3116680e+06   5.2795410e+01
   9.3208460e+06   5.3527832e+01
   9.3208840e+06   4.8522949e+01
   9.3491310e+06   4.9499512e+01
   9.3579920e+06   4.8889160e+01
   9.3671710e+06   5.0964355e+01
   9.3836120e+06   5.1147461e+01
   9.3986790e+06   5.3161621e+01
   9.3987110e+06   4.7973633e+01
   9.3987640e+06   6.0180664e+01
   9.3987880e+06   5.2062988e+01
   9.3988410e+06   4.9865723e+01
   9.4356640e+06   4.9072266e+01
   9.4463690e+06   4.9804688e+01
   9.4465560e+06   4.8034668e+01
   9.4710870e+06   5.1086426e+01
   9.4711400e+06   5.3833008e+01
   9.4711850e+06   4.8645020e+01
   9.4849580e+06   5.5603027e+01
   9.4988580e+06   4.8522949e+01
   9.4988990e+06   4.8767090e+01
   9.5263370e+06   5.1391602e+01
   1.0150624e+07   4.7912598e+01
   1.0257553e+07   4.7546387e+01
   1.0257636e+07   5.1452637e+01
   1.0343951e+07   4.7546387e+01
   1.0344010e+07   4.9865723e+01
   1.0449584e+07   5.0415039e+01
   1.0449702e+07   5.0476074e+01
   1.0449713e+07   5.5908203e+01
   1.0449864e+07   5.0903320e+01
   1.0492977e+07   4.7668457e+01
   1.0533079e+07   4.7912598e+01
   1.0655831e+07   4.7912598e+01
   1.0655914e+07   5.7189941e+01
   1.0656127e+07   4.8095703e+01
   1.0717810e+07   4.8217773e+01
   1.0771772e+07   4.9316406e+01
   1.0808093e+07   4.9316406e+01
   1.0864229e+07   5.0109863e+01
   1.0864281e+07   4.9194336e+01
   1.0864434e+07   4.8522949e+01
   1.0877882e+07   4.9682617e+01
   1.0878057e+07   4.7424316e+01
   1.0889260e+07   4.8828125e+01
   1.0900690e+07   5.1391602e+01
   1.0935538e+07   5.2062988e+01
   1.0935671e+07   5.2490234e+01
   1.0950862e+07   5.2062988e+01
   1.0969312e+07   4.8034668e+01
   1.0976944e+07   5.0781250e+01
   1.0993978e+07   5.1513672e+01
   1.1004449e+07   4.7912598e+01
   1.1004654e+07   5.8044434e+01
   1.1012064e+07   5.3649902e+01
   1.1012359e+07   4.8095703e+01
   1.1029877e+07   4.7912598e+01
   1.1047883e+07   5.1757812e+01
   1.1060976e+07   5.4260254e+01
   1.1061119e+07   5.7861328e+01
   1.1067157e+07   4.9499512e+01
   1.1075223e+07   4.7424316e+01
   1.1075269e+07   5.2734375e+01
   1.1075305e+07   5.2551270e+01
   1.1075350e+07   4.7607422e+01
   1.1084464e+07   4.8156738e+01
   1.1084722e+07   4.8156738e+01
   1.1084762e+07   5.5480957e+01
   1.1090632e+07   4.7790527e+01
   1.1090684e+07   4.8217773e+01
   1.1105934e+07   4.7973633e+01
   1.1105989e+07   6.1218262e+01
   1.1117301e+07   4.9255371e+01
   1.1122922e+07   4.9438477e+01
   1.1147661e+07   5.0476074e+01
   1.1154884e+07   4.8400879e+01
   1.1168628e+07   5.4687500e+01
   1.1168657e+07   4.7424316e+01
   1.1168743e+07   5.1330566e+01
   1.1168770e+07   4.9072266e+01
   1.1174993e+07   5.4870605e+01
   1.1181825e+07   4.7546387e+01
   1.1181883e+07   5.0292969e+01
   1.1181925e+07   4.9011230e+01
   1.1188055e+07   4.9682617e+01
   1.1200265e+07   4.7912598e+01
   1.1200522e+07   4.7729492e+01
   1.1222138e+07   5.0292969e+01
   1.1230846e+07   4.8889160e+01
   1.1230946e+07   4.8889160e+01
   1.1240359e+07   5.1574707e+01
   1.1240390e+07   5.4443359e+01
   1.1240454e+07   5.0781250e+01
   1.1260451e+07   4.8767090e+01
   1.1266089e+07   5.1757813e+01
   1.1378104e+07   6.1889648e+01
   1.1402713e+07   4.7485352e+01
   1.1403201e+07   5.2062988e+01
   1.1443621e+07   4.7912598e+01
   1.1459336e+07   4.9743652e+01
   1.1467918e+07   4.9255371e+01
   1.1468031e+07   4.7668457e+01
   1.1877802e+07   4.9133301e+01
   1.1877984e+07   5.4077148e+01
   1.1878222e+07   5.9082031e+01
