   5.9980000e+06   0.0000000e+00
   8.3481000e+04   4.9255371e+01
   8.3537000e+04   3.7170410e+01
   8.3570000e+04   3.6682129e+01
   8.8245000e+04   5.8227539e+01
   8.8272000e+04   4.4921875e+01
   1.4964860e+06   4.0710449e+01
   1.4966060e+06   3.6193848e+01
   1.4966740e+06   3.6376953e+01
   1.4968460e+06   3.5766602e+01
   1.4970370e+06   4.0649414e+01
   1.4972010e+06   4.0771484e+01
   1.4976150e+06   4.9255371e+01
   1.4986940e+06   3.9245605e+01
   1.4997360e+06   3.4484863e+01
   1.5033070e+06   3.4362793e+01
   1.5101800e+06   3.6499023e+01
   1.5104530e+06   3.7902832e+01
   1.5288500e+06   3.8024902e+01
   1.5292790e+06   3.9550781e+01
   1.5297830e+06   3.5278320e+01
   1.5300950e+06   3.6437988e+01
   1.5307920e+06   3.6682129e+01
   1.5314200e+06   4.1259766e+01
   1.5329020e+06   3.7963867e+01
   1.5857540e+06   3.9978027e+01
   1.5997430e+06   3.7963867e+01
   2.1299570e+06   4.0710449e+01
   2.1344350e+06   4.1320801e+01
   2.1347780e+06   4.8156738e+01
   2.1351490e+06   4.0283203e+01
   2.1355750e+06   3.4912109e+01
   2.1361430e+06   4.6020508e+01
   2.1372030e+06   3.7170410e+01
   2.1376260e+06   3.7780762e+01
   2.1426820e+06   3.4423828e+01
   2.1720920e+06   3.4545898e+01
   2.9848050e+06   4.1931152e+01
   3.3083480e+06   4.2480469e+01
   3.3087800e+06   3.8818359e+01
   3.3090600e+06   3.6926270e+01
   3.3092610e+06   4.0771484e+01
   3.3096780e+06   4.5166016e+01
   3.3112340e+06   3.9123535e+01
   3.3126450e+06   3.7109375e+01
   3.3127410e+06   3.9123535e+01
   3.3136030e+06   4.0039063e+01
   3.3159170e+06   3.6193848e+01
   3.3441120e+06   4.3701172e+01
   3.3446480e+06   3.5461426e+01
   3.3447360e+06   3.9611816e+01
   3.3449770e+06   4.1137695e+01
   3.4231670e+06   3.7841797e+01
   3.6388740e+06   3.4606934e+01
   3.7216590e+06   3.8513184e+01
   3.7221820e+06   4.7790527e+01
   3.7226190e+06   3.7109375e+01
   3.7230590e+06   4.4616699e+01
   3.7234380e+06   3.8879395e+01
   3.7244550e+06   4.4189453e+01
   3.7277200e+06   3.6437988e+01
   3.7285860e+06   4.1992188e+01
   3.7320980e+06   3.6926270e+01
   3.7560160e+06   3.4912109e+01
   3.7572020e+06   3.4362793e+01
   3.7661560e+06   3.4851074e+01
   3.8271740e+06   3.9672852e+01
   4.0106010e+06   3.8757324e+01
   4.2742850e+06   4.1076660e+01
   4.2748330e+06   4.0771484e+01
   4.2758020e+06   3.4362793e+01
   4.2769400e+06   3.4790039e+01
   4.2776790e+06   3.6376953e+01
   4.2780980e+06   4.6081543e+01
   4.2783410e+06   3.9672852e+01
   4.2787510e+06   3.5339355e+01
   4.2792660e+06   3.5888672e+01
   4.2795400e+06   4.1748047e+01
   4.2836760e+06   3.6010742e+01
   4.2973790e+06   4.0405273e+01
   4.3122270e+06   3.7109375e+01
   4.3152710e+06   3.9672852e+01
   4.3359730e+06   3.9367676e+01
   4.9828700e+06   4.2602539e+01
   5.0907090e+06   4.0405273e+01
   5.0917010e+06   3.7902832e+01
   5.0920760e+06   3.4301758e+01
   5.0945370e+06   3.8391113e+01
   5.0950980e+06   3.4545898e+01
   5.0953930e+06   4.2480469e+01
   5.0963220e+06   4.9133301e+01
   5.0967500e+06   3.7109375e+01
   5.0969320e+06   3.8757324e+01
   5.0974240e+06   3.5644531e+01
   5.0983110e+06   3.6560059e+01
   5.1021610e+06   3.5278320e+01
   5.1082250e+06   3.5400391e+01
   5.1280480e+06   3.6132813e+01
   5.1602430e+06   3.7963867e+01
   5.4269650e+06   3.9123535e+01
   5.4286560e+06   3.9123535e+01
   5.4302640e+06   3.8574219e+01
   5.4305480e+06   3.4851074e+01
   5.4308490e+06   3.6437988e+01
   5.6721090e+06   4.2602539e+01
   5.6724910e+06   3.9794922e+01
   5.6728590e+06   4.0344238e+01
   5.6733270e+06   4.0222168e+01
   5.6735860e+06   3.4545898e+01
   5.6743770e+06   3.7780762e+01
   5.6752050e+06   3.4729004e+01
   5.6768220e+06   3.8879395e+01
   5.6776250e+06   3.8513184e+01
   5.6780400e+06   3.6376953e+01
   5.6782310e+06   4.5532227e+01
   5.6918380e+06   3.5522461e+01
   5.7146840e+06   3.4362793e+01
   5.7455650e+06   4.1076660e+01
