   5.9980000e+06   0.0000000e+00
   1.0004000e+04   3.5705566e+01
   2.3497000e+04   3.2714844e+01
   3.8347000e+04   3.4606934e+01
   5.2615000e+04   3.3203125e+01
   6.4898000e+04   3.2714844e+01
   8.3179000e+04   3.3325195e+01
   9.4163000e+04   3.8208008e+01
   9.6486000e+04   4.2968750e+01
   9.7507000e+04   3.4912109e+01
   9.7547000e+04   3.5949707e+01
   9.8136000e+04   3.6071777e+01
   1.0039900e+05   3.2897949e+01
   1.0042300e+05   3.8818359e+01
   1.0047200e+05   3.8696289e+01
   1.0074900e+05   3.6193848e+01
   1.0828200e+05   3.4606934e+01
   1.2715600e+05   3.3142090e+01
   1.2971400e+05   3.2897949e+01
   1.3814800e+05   3.4179688e+01
   1.8700300e+05   3.4179688e+01
   1.8979500e+05   3.8513184e+01
   2.0018600e+05   3.5583496e+01
   2.0977100e+05   3.6193848e+01
   2.1531100e+05   3.2958984e+01
   2.2051300e+05   3.3447266e+01
   2.2554000e+05   3.2531738e+01
   2.3335600e+05   3.2409668e+01
   2.4451800e+05   3.2409668e+01
   2.5706500e+05   3.4179688e+01
   2.5813900e+05   3.3386230e+01
   2.6006400e+05   3.3630371e+01
   2.6929000e+05   3.2714844e+01
   2.7263300e+05   3.3081055e+01
   2.7502000e+05   3.3569336e+01
   2.8245200e+05   3.3508301e+01
   2.8835400e+05   3.3569336e+01
   3.1048000e+05   3.3752441e+01
   3.1925200e+05   3.4179688e+01
   3.2283100e+05   3.4545898e+01
   3.2494300e+05   3.2470703e+01
   3.2774400e+05   3.2470703e+01
   3.2869400e+05   3.3569336e+01
   3.5188000e+05   3.7475586e+01
   3.5684900e+05   3.3142090e+01
   3.5890400e+05   3.5034180e+01
   3.6328900e+05   3.2836914e+01
   3.6552500e+05   3.3752441e+01
   3.7997600e+05   3.3447266e+01
   3.8247300e+05   3.2836914e+01
   4.0069500e+05   3.5888672e+01
   4.0271600e+05   3.2470703e+01
   4.1543000e+05   3.6682129e+01
   4.2566500e+05   3.8208008e+01
   4.3200900e+05   3.6193848e+01
   4.5023500e+05   3.4484863e+01
   4.5344200e+05   3.4729004e+01
   4.5501300e+05   3.5766602e+01
   4.5812300e+05   3.4851074e+01
   4.6665500e+05   3.8757324e+01
   4.8142400e+05   3.3630371e+01
   4.8504300e+05   3.3447266e+01
   4.8681700e+05   3.5583496e+01
   5.0054700e+05   3.7109375e+01
   5.0794500e+05   3.2531738e+01
   5.1670400e+05   3.2897949e+01
   5.4248700e+05   3.4362793e+01
   5.5774100e+05   3.4484863e+01
   5.6079400e+05   3.3813477e+01
   5.6454700e+05   3.4912109e+01
   5.6724700e+05   3.6682129e+01
   5.7050900e+05   3.3447266e+01
   5.7222600e+05   3.5461426e+01
   5.7997500e+05   3.4912109e+01
   5.8186600e+05   3.3142090e+01
   5.8367500e+05   3.2470703e+01
   5.9334000e+05   3.7963867e+01
   5.9407400e+05   3.4179688e+01
   6.0306300e+05   3.7170410e+01
   6.2596400e+05   3.3264160e+01
   6.2754900e+05   3.7841797e+01
   6.4152500e+05   3.9062500e+01
   6.5212800e+05   3.3935547e+01
   6.6058700e+05   3.8574219e+01
   6.6336500e+05   3.3325195e+01
   6.6693800e+05   3.5400391e+01
   6.8781600e+05   3.8269043e+01
   6.9346000e+05   3.2653809e+01
   6.9617700e+05   3.6560059e+01
   7.0661900e+05   3.4729004e+01
   7.0929300e+05   3.3874512e+01
   7.1109900e+05   3.4057617e+01
   7.1216900e+05   3.2897949e+01
   7.1599900e+05   3.3752441e+01
   7.2054400e+05   3.7536621e+01
   7.2433500e+05   3.7719727e+01
   7.3034000e+05   3.3447266e+01
   7.3208300e+05   3.4973145e+01
   7.3496200e+05   3.5644531e+01
   7.4461800e+05   3.8452148e+01
   7.5945700e+05   3.4118652e+01
   7.6681600e+05   3.4301758e+01
   7.6899000e+05   3.6010742e+01
   7.8212400e+05   3.6926270e+01
   7.8547900e+05   3.6132813e+01
   7.8795800e+05   3.4606934e+01
   7.8997400e+05   3.4057617e+01
   7.9776400e+05   3.2409668e+01
   8.0415600e+05   3.3935547e+01
   8.0968700e+05   3.2714844e+01
   8.1239900e+05   3.4851074e+01
   8.1767400e+05   3.7780762e+01
   8.1983900e+05   3.2470703e+01
   8.2595300e+05   3.5400391e+01
   8.3193900e+05   3.6499023e+01
   8.3911300e+05   3.4729004e+01
   8.4339200e+05   3.7475586e+01
   8.4452400e+05   3.7658691e+01
   8.4818000e+05   3.3020020e+01
   8.5339800e+05   3.4484863e+01
   8.6825700e+05   3.3020020e+01
   8.7421900e+05   3.3386230e+01
   8.7611500e+05   3.4301758e+01
   8.7954200e+05   3.3264160e+01
   8.8147600e+05   3.3020020e+01
   8.8975800e+05   3.4179688e+01
   8.9654400e+05   3.4057617e+01
   8.9721800e+05   4.3029785e+01
   9.0227500e+05   3.4118652e+01
   9.0463500e+05   4.1992188e+01
   9.1209700e+05   3.5522461e+01
   9.1603100e+05   3.5034180e+01
   9.1845600e+05   3.3142090e+01
   9.2278600e+05   3.4484863e+01
   9.2654200e+05   3.2653809e+01
   9.2787700e+05   4.1198730e+01
   9.2892200e+05   3.4118652e+01
   9.3827000e+05   3.4057617e+01
   9.4172800e+05   3.7414551e+01
   9.4370500e+05   3.3569336e+01
   9.4545800e+05   3.8269043e+01
   9.5049500e+05   3.2592773e+01
   9.5282500e+05   3.3203125e+01
   9.5380300e+05   3.7536621e+01
   9.5581500e+05   3.5339355e+01
   9.6146100e+05   3.3752441e+01
   9.6489200e+05   3.3752441e+01
   9.6822800e+05   3.3447266e+01
   9.7038700e+05   3.7292480e+01
   9.7790900e+05   3.3935547e+01
   9.8701800e+05   3.3630371e+01
   1.0082190e+06   4.2907715e+01
   1.0094090e+06   3.4423828e+01
   1.0142920e+06   3.7902832e+01
   1.0187210e+06   3.2775879e+01
   1.0255140e+06   3.3081055e+01
   1.0306490e+06   3.3264160e+01
   1.0339010e+06   3.5461426e+01
   1.0382130e+06   3.2958984e+01
   1.0389570e+06   3.7841797e+01
   1.0447080e+06   3.2897949e+01
   1.0479360e+06   3.3691406e+01
   1.0525220e+06   3.5034180e+01
   1.0567400e+06   3.8146973e+01
   1.0644620e+06   3.6132813e+01
   1.0653590e+06   3.4484863e+01
   1.0672710e+06   3.3935547e+01
   1.0681470e+06   3.7780762e+01
   1.0693330e+06   3.6682129e+01
   1.0748270e+06   3.3508301e+01
   1.0914970e+06   3.3630371e+01
   1.0922920e+06   3.3020020e+01
   1.0964490e+06   3.5583496e+01
   1.1016220e+06   3.4484863e+01
   1.1026570e+06   3.3691406e+01
   1.1096370e+06   3.4118652e+01
   1.1108690e+06   3.6926270e+01
   1.1160030e+06   3.5461426e+01
   1.1259510e+06   3.8757324e+01
   1.1284570e+06   3.4729004e+01
   1.1333210e+06   3.2531738e+01
   1.1372550e+06   3.7109375e+01
   1.1413380e+06   3.4790039e+01
   1.1433120e+06   3.4179688e+01
   1.1481720e+06   3.6743164e+01
   1.1488240e+06   3.3081055e+01
   1.1544510e+06   3.5156250e+01
   1.1620350e+06   3.5949707e+01
   1.1769490e+06   3.3142090e+01
   1.1804300e+06   3.6193848e+01
   1.1869100e+06   3.3447266e+01
   1.1878870e+06   3.6071777e+01
   1.2062220e+06   3.5400391e+01
   1.2070050e+06   3.3691406e+01
   1.2077670e+06   3.6682129e+01
   1.2222350e+06   4.3212891e+01
   1.2245440e+06   3.5217285e+01
   1.2255490e+06   3.5522461e+01
   1.2324860e+06   3.4606934e+01
   1.2373490e+06   3.6193848e+01
   1.2399160e+06   3.3813477e+01
   1.2445930e+06   3.3447266e+01
   1.2481900e+06   3.2958984e+01
   1.2506890e+06   3.8513184e+01
   1.2533930e+06   3.4545898e+01
   1.2644080e+06   3.3996582e+01
   1.2683840e+06   3.4667969e+01
   1.2777540e+06   3.6254883e+01
   1.2824660e+06   3.3325195e+01
   1.2847620e+06   3.5095215e+01
   1.2864790e+06   3.3813477e+01
   1.2875760e+06   3.2714844e+01
   1.2887010e+06   3.3691406e+01
   1.2908770e+06   3.4423828e+01
   1.2915840e+06   3.4423828e+01
   1.2979280e+06   3.3752441e+01
   1.3073430e+06   3.4118652e+01
   1.3083420e+06   3.5705566e+01
   1.3104590e+06   3.7353516e+01
   1.3105070e+06   3.2836914e+01
   1.3113400e+06   3.4362793e+01
   1.3135260e+06   3.2836914e+01
   1.3150290e+06   3.7170410e+01
   1.3178770e+06   3.5583496e+01
   1.3196560e+06   4.0588379e+01
   1.3213010e+06   3.6315918e+01
   1.3289690e+06   3.4606934e+01
   1.3362400e+06   3.3081055e+01
   1.3371490e+06   3.2653809e+01
   1.3401930e+06   3.5949707e+01
   1.3522400e+06   3.3874512e+01
   1.3583850e+06   3.3508301e+01
   1.3595480e+06   3.7109375e+01
   1.3642180e+06   3.3386230e+01
   1.3710360e+06   3.5644531e+01
   1.3747960e+06   3.2958984e+01
   1.3783170e+06   3.4240723e+01
   1.3796470e+06   3.9062500e+01
   1.3823750e+06   3.6865234e+01
   1.3849690e+06   3.4545898e+01
   1.3872620e+06   3.4118652e+01
   1.3916670e+06   3.3203125e+01
   1.3991140e+06   3.7597656e+01
   1.4033490e+06   3.8146973e+01
   1.4132600e+06   4.6142578e+01
   1.4159490e+06   3.3081055e+01
   1.4178140e+06   3.2592773e+01
   1.4188880e+06   3.6315918e+01
   1.4212480e+06   3.4057617e+01
   1.4270850e+06   3.2653809e+01
   1.4281610e+06   4.5227051e+01
   1.4290170e+06   3.6804199e+01
   1.4354540e+06   3.4179688e+01
   1.4460370e+06   3.8574219e+01
   1.4500650e+06   3.3569336e+01
   1.4576060e+06   3.2592773e+01
   1.4612050e+06   3.2409668e+01
   1.4623070e+06   3.3447266e+01
   1.4661310e+06   3.6926270e+01
   1.4706360e+06   3.2836914e+01
   1.4716070e+06   3.2775879e+01
   1.4750910e+06   3.7475586e+01
   1.4793500e+06   3.3142090e+01
   1.4815320e+06   3.3874512e+01
   1.4843360e+06   3.4301758e+01
   1.4863670e+06   3.3447266e+01
   1.4871390e+06   3.2897949e+01
   1.4879110e+06   3.3447266e+01
   1.4925460e+06   3.3935547e+01
   1.4942910e+06   3.8513184e+01
   1.4957440e+06   4.4677734e+01
   1.4963010e+06   4.5654297e+01
   1.4964400e+06   3.6315918e+01
   1.4966070e+06   3.2897949e+01
   1.4967310e+06   3.4240723e+01
   1.4968020e+06   3.8146973e+01
   1.4968220e+06   8.4289551e+01
   1.4968650e+06   3.9367676e+01
   1.4970250e+06   3.2775879e+01
   1.4970680e+06   3.4362793e+01
   1.4971790e+06   3.8757324e+01
   1.4972060e+06   3.4118652e+01
   1.4972650e+06   6.4208984e+01
   1.4974560e+06   3.5827637e+01
   1.4977490e+06   4.7241211e+01
   1.4977680e+06   3.7536621e+01
   1.4983240e+06   3.4484863e+01
   1.5020110e+06   3.3081055e+01
   1.5043790e+06   3.3264160e+01
   1.5152750e+06   3.8269043e+01
   1.5180780e+06   3.2897949e+01
   1.5201850e+06   3.2470703e+01
   1.5211440e+06   3.6010742e+01
   1.5288900e+06   3.4179688e+01
   1.5312180e+06   3.2653809e+01
   1.5313870e+06   3.2470703e+01
   1.5385100e+06   3.4545898e+01
   1.5417190e+06   3.5400391e+01
   1.5494440e+06   3.8513184e+01
   1.5553780e+06   3.4973145e+01
   1.5595250e+06   3.3813477e+01
   1.5631810e+06   3.8085938e+01
   1.5636410e+06   3.6254883e+01
   1.5731020e+06   3.4301758e+01
   1.5831200e+06   3.6926270e+01
   1.5856210e+06   3.2775879e+01
   1.5910470e+06   3.4118652e+01
   1.5929310e+06   3.3142090e+01
   1.5985150e+06   3.2470703e+01
   1.5996370e+06   4.4006348e+01
   1.6008240e+06   3.2592773e+01
   1.6094630e+06   3.7963867e+01
   1.6106050e+06   3.3020020e+01
   1.6124370e+06   3.2836914e+01
   1.6170170e+06   3.6376953e+01
   1.6242370e+06   3.3874512e+01
   1.6314300e+06   4.3945313e+01
   1.6346000e+06   4.0344238e+01
   1.6420030e+06   4.0039063e+01
   1.6440280e+06   3.5522461e+01
   1.6461800e+06   3.5888672e+01
   1.6486750e+06   3.3325195e+01
   1.6615160e+06   3.7109375e+01
   1.6708440e+06   3.2592773e+01
   1.6739690e+06   3.3935547e+01
   1.6756240e+06   3.5156250e+01
   1.6788120e+06   3.5278320e+01
   1.6801470e+06   3.7841797e+01
   1.6839980e+06   3.4729004e+01
   1.6859060e+06   3.2531738e+01
   1.6989650e+06   3.3630371e+01
   1.7027650e+06   3.2958984e+01
   1.7068630e+06   3.5461426e+01
   1.7120340e+06   3.4667969e+01
   1.7160600e+06   3.5583496e+01
   1.7167610e+06   3.5888672e+01
   1.7248050e+06   3.9428711e+01
   1.7309730e+06   3.2714844e+01
   1.7345880e+06   3.3264160e+01
   1.7410040e+06   3.3203125e+01
   1.7430050e+06   3.2836914e+01
   1.7458510e+06   3.8085938e+01
   1.7479010e+06   3.3325195e+01
   1.7601700e+06   3.3142090e+01
   1.7619050e+06   3.2836914e+01
   1.7725120e+06   3.6193848e+01
   1.7818630e+06   3.4545898e+01
   1.7888920e+06   3.4423828e+01
   1.8022580e+06   3.5827637e+01
   1.8097890e+06   3.5644531e+01
   1.8184770e+06   3.3935547e+01
   1.8228260e+06   3.3630371e+01
   1.8248010e+06   3.3386230e+01
   1.8280860e+06   3.6071777e+01
   1.8359400e+06   3.5400391e+01
   1.8448780e+06   3.5339355e+01
   1.8491650e+06   3.2897949e+01
   1.8509720e+06   3.7414551e+01
   1.8534390e+06   3.3142090e+01
   1.8552000e+06   3.4362793e+01
   1.8611610e+06   3.2897949e+01
   1.8625050e+06   3.3203125e+01
   1.8682470e+06   3.2592773e+01
   1.8742660e+06   4.0283203e+01
   1.8773180e+06   3.2897949e+01
   1.8821890e+06   3.6926270e+01
   1.8925650e+06   3.6499023e+01
   1.8976430e+06   3.6560059e+01
   1.8997430e+06   3.6743164e+01
   1.9181730e+06   3.9184570e+01
   1.9226390e+06   3.6010742e+01
   1.9299980e+06   3.3081055e+01
   1.9387620e+06   3.3813477e+01
   1.9476370e+06   3.2836914e+01
   1.9520300e+06   3.4301758e+01
   1.9599920e+06   3.3569336e+01
   1.9609400e+06   3.5583496e+01
   1.9707910e+06   3.8574219e+01
   1.9776260e+06   3.6193848e+01
   1.9793520e+06   3.5400391e+01
   1.9801990e+06   3.2592773e+01
   1.9837850e+06   3.3996582e+01
   1.9861720e+06   3.3203125e+01
   1.9947540e+06   3.4973145e+01
   2.0011050e+06   3.8269043e+01
   2.0057070e+06   3.8696289e+01
   2.0118050e+06   3.4545898e+01
   2.0158300e+06   3.2836914e+01
   2.0184720e+06   3.3142090e+01
   2.0233560e+06   3.7475586e+01
   2.0310910e+06   3.9794922e+01
   2.0360310e+06   3.4240723e+01
   2.0473620e+06   3.2592773e+01
   2.0517920e+06   3.3447266e+01
   2.0549130e+06   3.3508301e+01
   2.0643520e+06   3.5705566e+01
   2.0732510e+06   3.8940430e+01
   2.0796370e+06   3.2470703e+01
   2.0835280e+06   3.5339355e+01
   2.0880430e+06   3.3264160e+01
   2.0897510e+06   3.5278320e+01
   2.0918070e+06   3.6193848e+01
   2.0979700e+06   3.2775879e+01
   2.1018740e+06   3.4240723e+01
   2.1134190e+06   3.3935547e+01
   2.1188410e+06   3.6560059e+01
   2.1207350e+06   3.3081055e+01
   2.1221780e+06   3.3020020e+01
   2.1238370e+06   4.0832520e+01
   2.1242940e+06   3.3752441e+01
   2.1247370e+06   3.4301758e+01
   2.1251370e+06   3.8391113e+01
   2.1255550e+06   3.5583496e+01
   2.1263500e+06   3.2653809e+01
   2.1266320e+06   4.6752930e+01
   2.1268730e+06   3.7353516e+01
   2.1287060e+06   3.3996582e+01
   2.1307530e+06   4.0710449e+01
   2.1318710e+06   3.3020020e+01
   2.1322300e+06   3.2531738e+01
   2.1336900e+06   4.3823242e+01
   2.1345990e+06   3.7841797e+01
   2.1346770e+06   4.3579102e+01
   2.1348210e+06   8.5815430e+01
   2.1349020e+06   5.3894043e+01
   2.1351300e+06   3.9428711e+01
   2.1353810e+06   6.5979004e+01
   2.1353910e+06   3.2836914e+01
   2.1358520e+06   3.7109375e+01
   2.1359010e+06   3.6437988e+01
   2.1359660e+06   6.3171387e+01
   2.1364080e+06   3.3203125e+01
   2.1369330e+06   3.7231445e+01
   2.1380970e+06   3.3813477e+01
   2.1405570e+06   3.5705566e+01
   2.1417510e+06   3.7109375e+01
   2.1576610e+06   3.4118652e+01
   2.1588650e+06   3.6010742e+01
   2.1596700e+06   3.3142090e+01
   2.1602090e+06   3.3020020e+01
   2.1613340e+06   3.2897949e+01
   2.1628630e+06   4.0344238e+01
   2.1651110e+06   3.2592773e+01
   2.1683650e+06   3.9794922e+01
   2.1717380e+06   4.0893555e+01
   2.1751790e+06   3.7841797e+01
   2.1790830e+06   3.4118652e+01
   2.1848960e+06   3.3203125e+01
   2.1944380e+06   3.9428711e+01
   2.1972180e+06   3.5522461e+01
   2.2038820e+06   3.7719727e+01
   2.2065490e+06   3.6865234e+01
   2.2091050e+06   3.2775879e+01
   2.2109840e+06   3.6071777e+01
   2.2125150e+06   3.6804199e+01
   2.2136920e+06   3.3691406e+01
   2.2156720e+06   3.7536621e+01
   2.2237030e+06   3.8024902e+01
   2.2268560e+06   3.8085938e+01
   2.2302150e+06   3.6010742e+01
   2.2336560e+06   3.9062500e+01
   2.2358910e+06   4.4921875e+01
   2.2375510e+06   3.3020020e+01
   2.2401440e+06   3.6560059e+01
   2.2462170e+06   3.3325195e+01
   2.2536460e+06   3.3386230e+01
   2.2568910e+06   4.2297363e+01
   2.2615940e+06   3.5522461e+01
   2.2665550e+06   3.4729004e+01
   2.2704500e+06   3.3813477e+01
   2.2740820e+06   3.3203125e+01
   2.2775110e+06   3.5583496e+01
   2.2789120e+06   3.4790039e+01
   2.2851400e+06   3.3325195e+01
   2.2859350e+06   3.7353516e+01
   2.2917260e+06   3.9184570e+01
   2.2978880e+06   3.3203125e+01
   2.2997170e+06   3.4729004e+01
   2.3066760e+06   3.6376953e+01
   2.3116430e+06   3.3813477e+01
   2.3198590e+06   3.6621094e+01
   2.3242130e+06   3.7109375e+01
   2.3301210e+06   3.3020020e+01
   2.3312390e+06   3.4790039e+01
   2.3321990e+06   3.5827637e+01
   2.3349920e+06   3.5644531e+01
   2.3373110e+06   3.6926270e+01
   2.3395430e+06   4.3579102e+01
   2.3454690e+06   3.6621094e+01
   2.3485660e+06   3.3508301e+01
   2.3509790e+06   3.3020020e+01
   2.3521200e+06   3.5644531e+01
   2.3570740e+06   4.0100098e+01
   2.3587600e+06   3.4240723e+01
   2.3642530e+06   3.6193848e+01
   2.3664900e+06   4.3823242e+01
   2.3680890e+06   3.4606934e+01
   2.3719420e+06   4.1687012e+01
   2.3769280e+06   3.5705566e+01
   2.3826890e+06   3.3874512e+01
   2.3843650e+06   3.2470703e+01
   2.3885410e+06   3.5522461e+01
   2.3944570e+06   3.7414551e+01
   2.3953220e+06   3.6010742e+01
   2.4001020e+06   3.3569336e+01
   2.4049180e+06   3.9428711e+01
   2.4062970e+06   3.4606934e+01
   2.4102710e+06   3.5766602e+01
   2.4198790e+06   3.3874512e+01
   2.4285630e+06   3.3508301e+01
   2.4301190e+06   3.3325195e+01
   2.4327020e+06   3.5461426e+01
   2.4408590e+06   3.5400391e+01
   2.4437480e+06   3.5400391e+01
   2.4500720e+06   3.7963867e+01
   2.4569810e+06   3.7597656e+01
   2.4614410e+06   3.3752441e+01
   2.4691080e+06   3.5400391e+01
   2.4734040e+06   3.5156250e+01
   2.4778030e+06   3.3813477e+01
   2.4819590e+06   3.6193848e+01
   2.4857580e+06   4.0771484e+01
   2.4879300e+06   3.6193848e+01
   2.4906650e+06   3.2897949e+01
   2.4923800e+06   3.2897949e+01
   2.4942970e+06   3.3386230e+01
   2.4961200e+06   3.5156250e+01
   2.5042500e+06   3.2653809e+01
   2.5086520e+06   3.3630371e+01
   2.5162400e+06   4.0588379e+01
   2.5265030e+06   3.6132813e+01
   2.5313130e+06   3.3630371e+01
   2.5344820e+06   3.7902832e+01
   2.5363370e+06   3.8452148e+01
   2.5477630e+06   3.8879395e+01
   2.5485210e+06   3.3630371e+01
   2.5507820e+06   3.6804199e+01
   2.5589390e+06   3.4851074e+01
   2.5604270e+06   3.8513184e+01
   2.5687110e+06   3.3752441e+01
   2.5761400e+06   4.2968750e+01
   2.5777890e+06   3.5095215e+01
   2.5803570e+06   3.4606934e+01
   2.5822080e+06   3.8024902e+01
   2.5958920e+06   3.4912109e+01
   2.5971120e+06   3.7414551e+01
   2.6008340e+06   3.3142090e+01
   2.6053130e+06   3.8452148e+01
   2.6096680e+06   4.0893555e+01
   2.6122040e+06   3.6071777e+01
   2.6142020e+06   3.8757324e+01
   2.6199010e+06   3.2653809e+01
   2.6228170e+06   3.2531738e+01
   2.6241900e+06   3.6621094e+01
   2.6259370e+06   3.3325195e+01
   2.6285570e+06   3.3325195e+01
   2.6317630e+06   3.6376953e+01
   2.6378450e+06   3.5461426e+01
   2.6404540e+06   3.6926270e+01
   2.6434320e+06   3.2470703e+01
   2.6454950e+06   3.6254883e+01
   2.6467990e+06   3.7048340e+01
   2.6487580e+06   3.3630371e+01
   2.6543840e+06   3.2958984e+01
   2.6592730e+06   3.2836914e+01
   2.6606890e+06   3.5766602e+01
   2.6649570e+06   3.3752441e+01
   2.6672800e+06   3.3874512e+01
   2.6691530e+06   3.6132813e+01
   2.6711440e+06   4.1931152e+01
   2.6767350e+06   3.4301758e+01
   2.6769240e+06   3.7109375e+01
   2.6777010e+06   4.4067383e+01
   2.6792950e+06   3.9794922e+01
   2.6795390e+06   3.5217285e+01
   2.6842550e+06   3.5217285e+01
   2.6927270e+06   3.4545898e+01
   2.6980950e+06   3.6865234e+01
   2.7043300e+06   3.3020020e+01
   2.7109770e+06   3.2714844e+01
   2.7131880e+06   3.7780762e+01
   2.7156640e+06   3.9184570e+01
   2.7298370e+06   3.4912109e+01
   2.7334330e+06   3.6865234e+01
   2.7356560e+06   3.3813477e+01
   2.7400390e+06   3.4301758e+01
   2.7431430e+06   3.4423828e+01
   2.7456460e+06   4.0832520e+01
   2.7474600e+06   3.9245605e+01
   2.7500920e+06   3.5461426e+01
   2.7510500e+06   3.4240723e+01
   2.7520650e+06   3.3813477e+01
   2.7523060e+06   3.2653809e+01
   2.7549230e+06   3.3935547e+01
   2.7608190e+06   3.5766602e+01
   2.7625520e+06   3.3020020e+01
   2.7716970e+06   3.4240723e+01
   2.7781290e+06   3.5217285e+01
   2.7790890e+06   3.3996582e+01
   2.7802800e+06   4.6997070e+01
   2.7813750e+06   3.3447266e+01
   2.7889080e+06   3.2897949e+01
   2.7949100e+06   3.3264160e+01
   2.7992990e+06   3.2592773e+01
   2.8055120e+06   3.4179688e+01
   2.8096490e+06   3.6865234e+01
   2.8112130e+06   3.7292480e+01
   2.8124790e+06   3.3691406e+01
   2.8138970e+06   3.5888672e+01
   2.8178960e+06   3.5644531e+01
   2.8222700e+06   3.6254883e+01
   2.8229420e+06   3.4362793e+01
   2.8249280e+06   3.4118652e+01
   2.8258740e+06   3.4912109e+01
   2.8264190e+06   4.5532227e+01
   2.8288210e+06   3.6865234e+01
   2.8297250e+06   3.3691406e+01
   2.8361980e+06   3.6254883e+01
   2.8370240e+06   3.4484863e+01
   2.8431350e+06   3.3691406e+01
   2.8455450e+06   3.7109375e+01
   2.8494270e+06   3.3569336e+01
   2.8515570e+06   3.4973145e+01
   2.8568790e+06   3.3508301e+01
   2.8580330e+06   3.5095215e+01
   2.8667160e+06   3.3020020e+01
   2.8691450e+06   3.4240723e+01
   2.8717210e+06   3.4790039e+01
   2.8742830e+06   3.5705566e+01
   2.8779330e+06   3.6560059e+01
   2.8784780e+06   3.4362793e+01
   2.8845110e+06   3.2531738e+01
   2.8880540e+06   3.7658691e+01
   2.8895900e+06   3.5461426e+01
   2.8928090e+06   3.4240723e+01
   2.8951720e+06   3.7902832e+01
   2.8968660e+06   3.3142090e+01
   2.8986660e+06   3.5156250e+01
   2.9007780e+06   3.6743164e+01
   2.9070130e+06   3.8574219e+01
   2.9078220e+06   3.8269043e+01
   2.9086440e+06   4.1564941e+01
   2.9091980e+06   3.2775879e+01
   2.9106350e+06   3.8330078e+01
   2.9151640e+06   3.6071777e+01
   2.9179380e+06   3.8879395e+01
   2.9203180e+06   3.2958984e+01
   2.9276940e+06   3.4179688e+01
   2.9297490e+06   4.4006348e+01
   2.9335370e+06   3.3447266e+01
   2.9347440e+06   4.9865723e+01
   2.9371350e+06   3.5888672e+01
   2.9405150e+06   3.3691406e+01
   2.9429910e+06   3.2836914e+01
   2.9444400e+06   3.9184570e+01
   2.9453340e+06   3.3691406e+01
   2.9507570e+06   3.3813477e+01
   2.9518210e+06   3.3020020e+01
   2.9608190e+06   3.6987305e+01
   2.9614300e+06   3.7536621e+01
   2.9648500e+06   3.6071777e+01
   2.9665390e+06   3.2409668e+01
   2.9755410e+06   3.4240723e+01
   2.9782680e+06   3.4606934e+01
   2.9815780e+06   3.7536621e+01
   2.9827070e+06   3.4667969e+01
   2.9848640e+06   4.4921875e+01
   2.9870870e+06   3.4118652e+01
   2.9876580e+06   3.3508301e+01
   3.0012690e+06   3.3325195e+01
   3.0038520e+06   3.6315918e+01
   3.0072730e+06   3.2714844e+01
   3.0159450e+06   5.0170898e+01
   3.0182420e+06   3.4851074e+01
   3.0208810e+06   3.3264160e+01
   3.0227070e+06   3.2897949e+01
   3.0240840e+06   3.3386230e+01
   3.0276950e+06   3.6621094e+01
   3.0294390e+06   3.7170410e+01
   3.0318190e+06   3.2592773e+01
   3.0327760e+06   3.7902832e+01
   3.0422390e+06   3.2836914e+01
   3.0443280e+06   3.7170410e+01
   3.0488850e+06   4.0344238e+01
   3.0512380e+06   3.2836914e+01
   3.0545310e+06   3.6682129e+01
   3.0593940e+06   3.3020020e+01
   3.0634220e+06   3.5217285e+01
   3.0646590e+06   3.4057617e+01
   3.0720990e+06   3.6376953e+01
   3.0772180e+06   3.6437988e+01
   3.0820570e+06   4.2724609e+01
   3.0823750e+06   3.5888672e+01
   3.0841010e+06   3.4423828e+01
   3.0885320e+06   3.6376953e+01
   3.0961880e+06   3.2592773e+01
   3.0985330e+06   3.8757324e+01
   3.1034600e+06   3.5156250e+01
   3.1055460e+06   3.3264160e+01
   3.1129900e+06   4.1687012e+01
   3.1185300e+06   3.4545898e+01
   3.1204910e+06   3.2714844e+01
   3.1208380e+06   3.5278320e+01
   3.1211310e+06   3.4973145e+01
   3.1221900e+06   3.7414551e+01
   3.1275780e+06   4.4677734e+01
   3.1290240e+06   3.5888672e+01
   3.1337280e+06   4.3640137e+01
   3.1376920e+06   3.3142090e+01
   3.1406980e+06   3.4606934e+01
   3.1475260e+06   3.2409668e+01
   3.1505710e+06   3.8818359e+01
   3.1558360e+06   3.3996582e+01
   3.1570550e+06   3.9062500e+01
   3.1592010e+06   3.4545898e+01
   3.1616850e+06   3.5644531e+01
   3.1628250e+06   3.2714844e+01
   3.1667980e+06   3.3569336e+01
   3.1675360e+06   4.1320801e+01
   3.1683380e+06   4.2785645e+01
   3.1704580e+06   3.5217285e+01
   3.1781900e+06   3.7902832e+01
   3.1811410e+06   4.1320801e+01
   3.1816950e+06   3.6132813e+01
   3.1823620e+06   3.7658691e+01
   3.1838140e+06   3.3020020e+01
   3.1838950e+06   3.6682129e+01
   3.1874520e+06   3.4912109e+01
   3.1891570e+06   3.2897949e+01
   3.1939860e+06   3.4240723e+01
   3.1963950e+06   3.4973145e+01
   3.1997550e+06   3.2653809e+01
   3.2052010e+06   3.2897949e+01
   3.2072980e+06   3.5705566e+01
   3.2096960e+06   3.4484863e+01
   3.2133190e+06   3.6376953e+01
   3.2172670e+06   3.6254883e+01
   3.2199990e+06   3.4912109e+01
   3.2208980e+06   3.6010742e+01
   3.2255070e+06   3.4912109e+01
   3.2285250e+06   4.0588379e+01
   3.2294240e+06   3.6315918e+01
   3.2323580e+06   4.1381836e+01
   3.2344610e+06   4.0588379e+01
   3.2403010e+06   4.0222168e+01
   3.2415280e+06   3.2470703e+01
   3.2423110e+06   3.4912109e+01
   3.2457340e+06   3.3203125e+01
   3.2508090e+06   3.3874512e+01
   3.2531770e+06   3.9428711e+01
   3.2536090e+06   4.5654297e+01
   3.2541660e+06   3.3325195e+01
   3.2554760e+06   3.4606934e+01
   3.2584740e+06   3.3264160e+01
   3.2591020e+06   3.2653809e+01
   3.2635950e+06   4.2968750e+01
   3.2689050e+06   3.2958984e+01
   3.2744460e+06   3.2775879e+01
   3.2799570e+06   3.2592773e+01
   3.2814540e+06   3.3752441e+01
   3.2820850e+06   3.7780762e+01
   3.2852260e+06   3.3569336e+01
   3.2858380e+06   3.4790039e+01
   3.2860690e+06   3.8391113e+01
   3.2903560e+06   3.5705566e+01
   3.2906490e+06   3.5339355e+01
   3.3014970e+06   3.4851074e+01
   3.3015760e+06   3.2836914e+01
   3.3022970e+06   3.5339355e+01
   3.3024030e+06   3.7414551e+01
   3.3025520e+06   3.3813477e+01
   3.3028710e+06   4.4555664e+01
   3.3040560e+06   3.4179688e+01
   3.3044040e+06   3.3142090e+01
   3.3047850e+06   3.3996582e+01
   3.3051120e+06   3.6621094e+01
   3.3067710e+06   3.6621094e+01
   3.3124140e+06   3.3813477e+01
   3.3126750e+06   3.4790039e+01
   3.3128070e+06   3.7902832e+01
   3.3129570e+06   4.0527344e+01
   3.3129930e+06   8.5937500e+01
   3.3132350e+06   3.7902832e+01
   3.3133550e+06   3.3447266e+01
   3.3133750e+06   3.6804199e+01
   3.3134120e+06   7.1166992e+01
   3.3138990e+06   5.0415039e+01
   3.3142310e+06   3.3142090e+01
   3.3142770e+06   4.7363281e+01
   3.3144120e+06   3.3874512e+01
   3.3147010e+06   3.6071777e+01
   3.3155300e+06   3.5583496e+01
   3.3158400e+06   3.5522461e+01
   3.3286620e+06   3.2958984e+01
   3.3308130e+06   3.6560059e+01
   3.3369820e+06   3.3020020e+01
   3.3396830e+06   3.5217285e+01
   3.3486170e+06   3.3142090e+01
   3.3515090e+06   3.7170410e+01
   3.3548000e+06   3.8269043e+01
   3.3601020e+06   3.7292480e+01
   3.3646090e+06   3.2531738e+01
   3.3686750e+06   3.3142090e+01
   3.3697240e+06   3.4851074e+01
   3.3786240e+06   3.7963867e+01
   3.3809040e+06   3.3386230e+01
   3.3842620e+06   3.7963867e+01
   3.3868670e+06   3.5278320e+01
   3.3897360e+06   3.3447266e+01
   3.3924340e+06   3.5583496e+01
   3.3935450e+06   3.7048340e+01
   3.3970020e+06   3.3020020e+01
   3.4026070e+06   3.3386230e+01
   3.4108710e+06   3.3874512e+01
   3.4145640e+06   3.3203125e+01
   3.4175970e+06   3.7231445e+01
   3.4208720e+06   3.3081055e+01
   3.4238930e+06   3.6499023e+01
   3.4382220e+06   3.2836914e+01
   3.4454060e+06   3.9550781e+01
   3.4466870e+06   3.3630371e+01
   3.4476740e+06   3.5949707e+01
   3.4574820e+06   3.7475586e+01
   3.4587940e+06   3.3813477e+01
   3.4607710e+06   3.5278320e+01
   3.4627050e+06   3.2653809e+01
   3.4636230e+06   3.5705566e+01
   3.4658270e+06   3.4240723e+01
   3.4733010e+06   3.3142090e+01
   3.4756070e+06   3.2958984e+01
   3.4818530e+06   3.3020020e+01
   3.4858340e+06   3.3386230e+01
   3.4869220e+06   3.4545898e+01
   3.4932900e+06   3.4973145e+01
   3.4975580e+06   3.9306641e+01
   3.4993130e+06   3.4790039e+01
   3.5000660e+06   4.1198730e+01
   3.5098090e+06   3.4057617e+01
   3.5175040e+06   3.5156250e+01
   3.5244630e+06   3.6132813e+01
   3.5273220e+06   3.3020020e+01
   3.5290180e+06   3.7292480e+01
   3.5328110e+06   3.2592773e+01
   3.5355980e+06   3.2836914e+01
   3.5378690e+06   3.3630371e+01
   3.5543530e+06   3.3020020e+01
   3.5575520e+06   3.4240723e+01
   3.5621480e+06   3.3081055e+01
   3.5665830e+06   3.7048340e+01
   3.5691020e+06   3.4545898e+01
   3.5705890e+06   3.2836914e+01
   3.5730560e+06   3.3691406e+01
   3.5747430e+06   3.4545898e+01
   3.5783020e+06   3.3325195e+01
   3.5816860e+06   3.9123535e+01
   3.5839880e+06   3.4118652e+01
   3.5881900e+06   3.5766602e+01
   3.5923180e+06   3.4851074e+01
   3.5965160e+06   4.2846680e+01
   3.5974220e+06   3.5278320e+01
   3.6007050e+06   3.7414551e+01
   3.6117500e+06   3.3142090e+01
   3.6143420e+06   3.3630371e+01
   3.6161510e+06   3.2897949e+01
   3.6227720e+06   3.7231445e+01
   3.6253650e+06   3.3203125e+01
   3.6313990e+06   4.0588379e+01
   3.6354040e+06   3.3813477e+01
   3.6375200e+06   3.4973145e+01
   3.6395820e+06   3.2470703e+01
   3.6463490e+06   3.5095215e+01
   3.6493290e+06   3.6132813e+01
   3.6503200e+06   3.2531738e+01
   3.6532400e+06   3.5034180e+01
   3.6555530e+06   3.3508301e+01
   3.6602590e+06   4.0954590e+01
   3.6649400e+06   4.4860840e+01
   3.6673900e+06   3.7170410e+01
   3.6707610e+06   3.2958984e+01
   3.6750510e+06   3.6926270e+01
   3.6753550e+06   4.0405273e+01
   3.6764740e+06   3.9123535e+01
   3.6897160e+06   3.9306641e+01
   3.6920220e+06   3.2714844e+01
   3.6959880e+06   3.6254883e+01
   3.7007760e+06   3.5217285e+01
   3.7107920e+06   3.3996582e+01
   3.7122610e+06   3.8146973e+01
   3.7171450e+06   3.3752441e+01
   3.7175270e+06   3.8635254e+01
   3.7189410e+06   3.8635254e+01
   3.7194140e+06   3.2775879e+01
   3.7194900e+06   3.5827637e+01
   3.7199820e+06   3.3386230e+01
   3.7205730e+06   3.4057617e+01
   3.7222720e+06   3.7536621e+01
   3.7224380e+06   4.0649414e+01
   3.7243550e+06   3.5217285e+01
   3.7244840e+06   3.4362793e+01
   3.7269130e+06   3.4057617e+01
   3.7269900e+06   3.4912109e+01
   3.7274070e+06   3.4729004e+01
   3.7276660e+06   3.4118652e+01
   3.7278200e+06   3.3386230e+01
   3.7280360e+06   3.2897949e+01
   3.7283340e+06   4.5532227e+01
   3.7285550e+06   6.9091797e+01
   3.7289140e+06   3.3203125e+01
   3.7292230e+06   3.7902832e+01
   3.7293120e+06   3.4606934e+01
   3.7294930e+06   3.3874512e+01
   3.7304780e+06   3.2470703e+01
   3.7321230e+06   3.8208008e+01
   3.7336060e+06   3.2470703e+01
   3.7350930e+06   3.2470703e+01
   3.7358710e+06   3.4118652e+01
   3.7442420e+06   3.2653809e+01
   3.7502910e+06   3.6376953e+01
   3.7534480e+06   3.4240723e+01
   3.7602910e+06   3.8574219e+01
   3.7624700e+06   3.5583496e+01
   3.7639740e+06   4.1076660e+01
   3.7648320e+06   3.6071777e+01
   3.7675040e+06   3.3020020e+01
   3.7752770e+06   3.3081055e+01
   3.7815980e+06   3.3691406e+01
   3.7845660e+06   3.5644531e+01
   3.7858730e+06   3.2470703e+01
   3.7879370e+06   3.4118652e+01
   3.7881210e+06   3.4118652e+01
   3.7939600e+06   3.6071777e+01
   3.7962820e+06   4.1381836e+01
   3.7978500e+06   3.4667969e+01
   3.7998260e+06   3.9367676e+01
   3.8039900e+06   3.3142090e+01
   3.8083210e+06   3.5461426e+01
   3.8119830e+06   3.2836914e+01
   3.8213650e+06   3.6987305e+01
   3.8254430e+06   3.5461426e+01
   3.8271400e+06   3.2592773e+01
   3.8318350e+06   3.3081055e+01
   3.8341940e+06   3.3386230e+01
   3.8430270e+06   3.8696289e+01
   3.8452160e+06   3.4118652e+01
   3.8541180e+06   3.2958984e+01
   3.8548370e+06   3.7597656e+01
   3.8566860e+06   3.4729004e+01
   3.8575740e+06   3.4423828e+01
   3.8678260e+06   3.3020020e+01
   3.8698250e+06   3.4240723e+01
   3.8766370e+06   3.5766602e+01
   3.8779170e+06   3.9550781e+01
   3.8814640e+06   3.3569336e+01
   3.8916120e+06   3.2897949e+01
   3.8940560e+06   3.4851074e+01
   3.8980150e+06   3.6437988e+01
   3.9049690e+06   3.8208008e+01
   3.9056950e+06   3.4057617e+01
   3.9086920e+06   3.3569336e+01
   3.9112080e+06   3.4301758e+01
   3.9130510e+06   3.2897949e+01
   3.9145300e+06   3.3081055e+01
   3.9190630e+06   3.2836914e+01
   3.9200970e+06   3.3508301e+01
   3.9253350e+06   3.9001465e+01
   3.9279250e+06   3.2836914e+01
   3.9333990e+06   3.4729004e+01
   3.9343070e+06   4.2846680e+01
   3.9413500e+06   3.5034180e+01
   3.9434250e+06   3.9978027e+01
   3.9460380e+06   3.3447266e+01
   3.9495230e+06   3.7170410e+01
   3.9502740e+06   3.3447266e+01
   3.9559080e+06   3.3264160e+01
   3.9576220e+06   3.5278320e+01
   3.9621900e+06   3.3691406e+01
   3.9637040e+06   3.4179688e+01
   3.9656900e+06   3.5217285e+01
   3.9757960e+06   3.8024902e+01
   3.9808450e+06   3.4179688e+01
   3.9900670e+06   3.6071777e+01
   3.9927940e+06   3.5095215e+01
   3.9994490e+06   3.2470703e+01
   4.0016940e+06   3.5278320e+01
   4.0070160e+06   3.2836914e+01
   4.0115730e+06   3.4179688e+01
   4.0125480e+06   3.5522461e+01
   4.0128330e+06   3.2775879e+01
   4.0128990e+06   3.2836914e+01
   4.0132050e+06   3.4118652e+01
   4.0139580e+06   3.6621094e+01
   4.0144010e+06   3.5095215e+01
   4.0211720e+06   3.3386230e+01
   4.0243020e+06   3.4790039e+01
   4.0262920e+06   3.3874512e+01
   4.0372130e+06   3.9184570e+01
   4.0423740e+06   4.0161133e+01
   4.0506500e+06   3.6132813e+01
   4.0533870e+06   3.6682129e+01
   4.0574480e+06   3.6804199e+01
   4.0602470e+06   3.4606934e+01
   4.0614530e+06   3.5156250e+01
   4.0669050e+06   3.3691406e+01
   4.0687000e+06   3.4484863e+01
   4.0700880e+06   3.6254883e+01
   4.0714320e+06   3.4606934e+01
   4.0734820e+06   3.6315918e+01
   4.0736900e+06   4.0222168e+01
   4.0739330e+06   3.2531738e+01
   4.0884450e+06   3.7597656e+01
   4.0965650e+06   3.2958984e+01
   4.1075020e+06   3.3508301e+01
   4.1129730e+06   3.6437988e+01
   4.1223090e+06   3.8208008e+01
   4.1263950e+06   4.0100098e+01
   4.1271470e+06   3.7414551e+01
   4.1311090e+06   3.4118652e+01
   4.1411160e+06   3.2714844e+01
   4.1447150e+06   3.3447266e+01
   4.1456000e+06   3.2897949e+01
   4.1504770e+06   3.5095215e+01
   4.1547970e+06   3.6865234e+01
   4.1603360e+06   3.7841797e+01
   4.1629390e+06   3.5095215e+01
   4.1648560e+06   4.0283203e+01
   4.1658050e+06   3.4973145e+01
   4.1708270e+06   3.8513184e+01
   4.1752460e+06   3.2775879e+01
   4.1793280e+06   3.3569336e+01
   4.1873430e+06   3.8696289e+01
   4.1940070e+06   3.5827637e+01
   4.1998770e+06   3.4606934e+01
   4.2010740e+06   3.4362793e+01
   4.2084430e+06   3.3081055e+01
   4.2107210e+06   3.5949707e+01
   4.2121560e+06   3.5583496e+01
   4.2137530e+06   3.9916992e+01
   4.2179340e+06   3.2897949e+01
   4.2258330e+06   3.5705566e+01
   4.2282560e+06   3.4484863e+01
   4.2289520e+06   3.3203125e+01
   4.2300520e+06   3.4118652e+01
   4.2312130e+06   4.2297363e+01
   4.2325160e+06   4.5837402e+01
   4.2329930e+06   4.0161133e+01
   4.2388780e+06   3.9184570e+01
   4.2442280e+06   3.9794922e+01
   4.2478560e+06   3.3691406e+01
   4.2508040e+06   3.4301758e+01
   4.2571310e+06   3.2836914e+01
   4.2627010e+06   3.5156250e+01
   4.2679240e+06   3.6071777e+01
   4.2699880e+06   3.4118652e+01
   4.2707830e+06   4.6386719e+01
   4.2710980e+06   3.6254883e+01
   4.2719330e+06   3.5766602e+01
   4.2731730e+06   3.7841797e+01
   4.2753320e+06   3.3264160e+01
   4.2753780e+06   4.0405273e+01
   4.2765540e+06   3.5095215e+01
   4.2765860e+06   3.2836914e+01
   4.2772370e+06   4.6997070e+01
   4.2774770e+06   3.4423828e+01
   4.2782780e+06   3.2958984e+01
   4.2784000e+06   3.3813477e+01
   4.2784870e+06   3.8452148e+01
   4.2786080e+06   7.5622559e+01
   4.2788040e+06   3.9062500e+01
   4.2788220e+06   3.5644531e+01
   4.2788580e+06   3.4606934e+01
   4.2789380e+06   4.0283203e+01
   4.2791510e+06   3.3691406e+01
   4.2792790e+06   6.3293457e+01
   4.2796750e+06   6.8237305e+01
   4.2796980e+06   3.2653809e+01
   4.2800490e+06   3.3752441e+01
   4.2801780e+06   4.1625977e+01
   4.2807360e+06   3.2775879e+01
   4.2842710e+06   3.3569336e+01
   4.3008690e+06   3.8635254e+01
   4.3038880e+06   3.3508301e+01
   4.3045910e+06   3.3874512e+01
   4.3059030e+06   3.5827637e+01
   4.3063380e+06   3.5522461e+01
   4.3117390e+06   3.4606934e+01
   4.3173820e+06   3.6376953e+01
   4.3265440e+06   3.5644531e+01
   4.3356810e+06   3.7902832e+01
   4.3431800e+06   3.7048340e+01
   4.3465300e+06   3.2409668e+01
   4.3511650e+06   3.2592773e+01
   4.3520120e+06   3.3447266e+01
   4.3594050e+06   3.5278320e+01
   4.3625780e+06   3.3447266e+01
   4.3669250e+06   3.2836914e+01
   4.3719020e+06   3.8024902e+01
   4.3743650e+06   3.3996582e+01
   4.3785370e+06   3.5400391e+01
   4.3856800e+06   4.4860840e+01
   4.3941120e+06   3.6376953e+01
   4.4089470e+06   3.7414551e+01
   4.4100080e+06   3.3020020e+01
   4.4160970e+06   3.6193848e+01
   4.4202850e+06   3.3630371e+01
   4.4299470e+06   3.5888672e+01
   4.4395200e+06   3.6437988e+01
   4.4409110e+06   3.5217285e+01
   4.4487200e+06   3.3935547e+01
   4.4532610e+06   3.7536621e+01
   4.4629040e+06   3.2409668e+01
   4.4666580e+06   3.4301758e+01
   4.4673420e+06   3.6437988e+01
   4.4685060e+06   3.3142090e+01
   4.4740190e+06   3.8269043e+01
   4.4781270e+06   3.2958984e+01
   4.4808610e+06   3.2775879e+01
   4.4902400e+06   3.6193848e+01
   4.4912610e+06   4.0039063e+01
   4.4936210e+06   3.3325195e+01
   4.4969180e+06   3.6071777e+01
   4.5008930e+06   3.3264160e+01
   4.5037970e+06   3.6926270e+01
   4.5083570e+06   3.5766602e+01
   4.5095250e+06   4.0405273e+01
   4.5155780e+06   3.4057617e+01
   4.5178160e+06   3.4118652e+01
   4.5210240e+06   3.3508301e+01
   4.5305430e+06   3.9001465e+01
   4.5369940e+06   3.5583496e+01
   4.5379580e+06   3.3081055e+01
   4.5441200e+06   3.3020020e+01
   4.5473160e+06   3.8024902e+01
   4.5517770e+06   3.2775879e+01
   4.5551410e+06   3.3020020e+01
   4.5574850e+06   3.3508301e+01
   4.5631930e+06   3.6804199e+01
   4.5686100e+06   3.4301758e+01
   4.5757560e+06   3.5583496e+01
   4.5803640e+06   3.3325195e+01
   4.5930210e+06   3.4301758e+01
   4.5944620e+06   3.7292480e+01
   4.5965420e+06   3.3630371e+01
   4.6042280e+06   3.2897949e+01
   4.6069760e+06   3.2409668e+01
   4.6085090e+06   3.2775879e+01
   4.6104400e+06   3.4912109e+01
   4.6164100e+06   3.5583496e+01
   4.6430510e+06   3.3386230e+01
   4.6449330e+06   3.5461426e+01
   4.6490150e+06   3.6193848e+01
   4.6520750e+06   3.2409668e+01
   4.6602280e+06   4.0222168e+01
   4.6630030e+06   3.8513184e+01
   4.6669010e+06   3.7231445e+01
   4.6723340e+06   3.3081055e+01
   4.6818000e+06   3.7170410e+01
   4.6843760e+06   4.0527344e+01
   4.6954930e+06   3.3081055e+01
   4.7023410e+06   3.6682129e+01
   4.7070170e+06   3.5095215e+01
   4.7151580e+06   3.6682129e+01
   4.7204520e+06   3.3386230e+01
   4.7269880e+06   3.2470703e+01
   4.7300350e+06   3.8085938e+01
   4.7378000e+06   3.4240723e+01
   4.7401500e+06   3.4179688e+01
   4.7424410e+06   3.4667969e+01
   4.7448780e+06   3.8879395e+01
   4.7470670e+06   3.4423828e+01
   4.7543240e+06   3.4484863e+01
   4.7607730e+06   3.3081055e+01
   4.7639240e+06   3.8879395e+01
   4.7656930e+06   3.2592773e+01
   4.7735880e+06   3.9489746e+01
   4.7804250e+06   3.5217285e+01
   4.7836260e+06   3.7292480e+01
   4.7878410e+06   4.2968750e+01
   4.7936550e+06   3.8818359e+01
   4.7985110e+06   3.3142090e+01
   4.8005090e+06   3.4057617e+01
   4.8037610e+06   3.3996582e+01
   4.8064490e+06   4.5471191e+01
   4.8114970e+06   3.3020020e+01
   4.8127340e+06   3.9245605e+01
   4.8146030e+06   3.6132813e+01
   4.8178200e+06   3.5095215e+01
   4.8202300e+06   3.3264160e+01
   4.8233780e+06   3.8146973e+01
   4.8323660e+06   4.0039062e+01
   4.8346470e+06   3.4667969e+01
   4.8352130e+06   4.0161133e+01
   4.8389760e+06   3.7536621e+01
   4.8425380e+06   3.4362793e+01
   4.8434950e+06   3.4301758e+01
   4.8451300e+06   4.0100098e+01
   4.8476620e+06   3.6743164e+01
   4.8499490e+06   3.6987305e+01
   4.8566170e+06   3.6865234e+01
   4.8589660e+06   3.7719727e+01
   4.8619260e+06   3.7841797e+01
   4.8648250e+06   3.2714844e+01
   4.8683450e+06   3.2714844e+01
   4.8707220e+06   4.7729492e+01
   4.8751250e+06   4.0161133e+01
   4.8794070e+06   3.5522461e+01
   4.8856170e+06   3.5095215e+01
   4.8905230e+06   3.4240723e+01
   4.8945280e+06   4.0649414e+01
   4.9000260e+06   3.5156250e+01
   4.9073010e+06   3.4790039e+01
   4.9105960e+06   3.8513184e+01
   4.9150680e+06   3.6560059e+01
   4.9192560e+06   3.6560059e+01
   4.9207400e+06   3.2653809e+01
   4.9255750e+06   3.3325195e+01
   4.9299990e+06   3.2836914e+01
   4.9350710e+06   3.6621094e+01
   4.9372920e+06   3.3996582e+01
   4.9382830e+06   3.5583496e+01
   4.9418490e+06   3.5034180e+01
   4.9509510e+06   3.2775879e+01
   4.9541820e+06   3.5949707e+01
   4.9568790e+06   3.3508301e+01
   4.9590490e+06   3.2653809e+01
   4.9649610e+06   3.5766602e+01
   4.9672480e+06   3.3203125e+01
   4.9709950e+06   3.7963867e+01
   4.9718490e+06   3.9855957e+01
   4.9734080e+06   3.3203125e+01
   4.9750220e+06   3.3081055e+01
   4.9798990e+06   3.6560059e+01
   4.9837770e+06   3.3020020e+01
   4.9846340e+06   3.5766602e+01
   4.9856660e+06   4.4799805e+01
   4.9964050e+06   3.2531738e+01
   4.9981700e+06   3.3508301e+01
   5.0017600e+06   3.6560059e+01
   5.0088760e+06   3.4179688e+01
   5.0139100e+06   3.9855957e+01
   5.0164630e+06   4.3090820e+01
   5.0185390e+06   3.2897949e+01
   5.0209030e+06   3.2470703e+01
   5.0239100e+06   3.4545898e+01
   5.0301680e+06   3.6254883e+01
   5.0338650e+06   3.4606934e+01
   5.0347310e+06   3.2775879e+01
   5.0353520e+06   3.2531738e+01
   5.0365660e+06   3.3874512e+01
   5.0372910e+06   3.5522461e+01
   5.0383240e+06   3.6621094e+01
   5.0402600e+06   3.4301758e+01
   5.0442750e+06   3.4362793e+01
   5.0448880e+06   3.3142090e+01
   5.0454900e+06   3.2409668e+01
   5.0460780e+06   4.6325684e+01
   5.0467440e+06   3.5278320e+01
   5.0476240e+06   4.5837402e+01
   5.0529840e+06   4.0771484e+01
   5.0550390e+06   4.0832520e+01
   5.0570870e+06   3.5400391e+01
   5.0638330e+06   3.2897949e+01
   5.0669920e+06   3.2836914e+01
   5.0732600e+06   3.2958984e+01
   5.0761550e+06   3.3996582e+01
   5.0772660e+06   3.3874512e+01
   5.0813380e+06   4.0039063e+01
   5.0844390e+06   3.4362793e+01
   5.0853680e+06   4.1442871e+01
   5.0858120e+06   3.7719727e+01
   5.0858470e+06   4.0527344e+01
   5.0867550e+06   3.5217285e+01
   5.0911330e+06   3.3569336e+01
   5.0941610e+06   4.3518066e+01
   5.0953350e+06   4.1015625e+01
   5.0955880e+06   3.4179688e+01
   5.0956610e+06   3.5766602e+01
   5.0957290e+06   3.6315918e+01
   5.0958130e+06   3.4545898e+01
   5.0958730e+06   3.4912109e+01
   5.0959790e+06   3.7292480e+01
   5.0960130e+06   9.3505859e+01
   5.0960660e+06   4.2602539e+01
   5.0963070e+06   4.0161133e+01
   5.0963680e+06   3.6560059e+01
   5.0963820e+06   3.6315918e+01
   5.0964110e+06   6.3720703e+01
   5.0966950e+06   4.3090820e+01
   5.0967160e+06   3.3386230e+01
   5.0968110e+06   6.1889648e+01
   5.0969350e+06   3.7597656e+01
   5.0972100e+06   3.8818359e+01
   5.0972310e+06   4.7119141e+01
   5.0973700e+06   3.3447266e+01
   5.0979850e+06   3.8757324e+01
   5.0984610e+06   4.1137695e+01
   5.1106870e+06   3.2897949e+01
   5.1116620e+06   3.2775879e+01
   5.1169680e+06   3.3325195e+01
   5.1175660e+06   3.3630371e+01
   5.1193450e+06   3.2775879e+01
   5.1204860e+06   3.8452148e+01
   5.1211160e+06   3.5583496e+01
   5.1303850e+06   3.8024902e+01
   5.1312680e+06   3.3325195e+01
   5.1319400e+06   3.5461426e+01
   5.1381250e+06   3.3081055e+01
   5.1433470e+06   3.9611816e+01
   5.1460190e+06   3.4240723e+01
   5.1491970e+06   3.4545898e+01
   5.1647240e+06   3.3508301e+01
   5.1693810e+06   3.3264160e+01
   5.1704200e+06   3.5583496e+01
   5.1792480e+06   3.6315918e+01
   5.1830800e+06   3.3813477e+01
   5.1916610e+06   3.4667969e+01
   5.1932920e+06   3.2592773e+01
   5.1963100e+06   3.5583496e+01
   5.2049240e+06   3.4545898e+01
   5.2070170e+06   3.6132813e+01
   5.2084760e+06   3.3264160e+01
   5.2142090e+06   3.2958984e+01
   5.2157360e+06   3.5461426e+01
   5.2217450e+06   4.6020508e+01
   5.2241100e+06   3.6071777e+01
   5.2283710e+06   3.9550781e+01
   5.2392010e+06   3.3813477e+01
   5.2460850e+06   3.7170410e+01
   5.2529910e+06   3.9184570e+01
   5.2602350e+06   3.6621094e+01
   5.2621620e+06   3.2775879e+01
   5.2655870e+06   3.3325195e+01
   5.2671420e+06   3.8330078e+01
   5.2716640e+06   3.4606934e+01
   5.2734730e+06   3.4973145e+01
   5.2780720e+06   3.5461426e+01
   5.2812530e+06   4.3090820e+01
   5.2838430e+06   3.6254883e+01
   5.2857280e+06   3.4423828e+01
   5.2969990e+06   3.8146973e+01
   5.3010430e+06   3.3081055e+01
   5.3042830e+06   3.9245605e+01
   5.3103910e+06   3.4606934e+01
   5.3175080e+06   3.9611816e+01
   5.3239260e+06   3.5949707e+01
   5.3257580e+06   3.7353516e+01
   5.3268410e+06   3.3508301e+01
   5.3345960e+06   3.2470703e+01
   5.3389120e+06   3.7109375e+01
   5.3465630e+06   3.5949707e+01
   5.3517970e+06   3.3691406e+01
   5.3582350e+06   3.9611816e+01
   5.3611690e+06   3.8024902e+01
   5.3810590e+06   3.7353516e+01
   5.3833020e+06   3.3874512e+01
   5.3859960e+06   3.8330078e+01
   5.3920150e+06   3.4729004e+01
   5.3948900e+06   3.7902832e+01
   5.3962300e+06   3.2714844e+01
   5.3962420e+06   3.3630371e+01
   5.3984060e+06   3.4973145e+01
   5.4086280e+06   4.0588379e+01
   5.4177660e+06   3.8818359e+01
   5.4214550e+06   4.0161133e+01
   5.4228000e+06   3.6560059e+01
   5.4263690e+06   3.3081055e+01
   5.4264540e+06   4.6813965e+01
   5.4266660e+06   3.5217285e+01
   5.4268520e+06   3.9978027e+01
   5.4272840e+06   3.5644531e+01
   5.4275460e+06   4.2175293e+01
   5.4279240e+06   3.7475586e+01
   5.4280760e+06   3.5949707e+01
   5.4284570e+06   3.5705566e+01
   5.4285320e+06   3.9611816e+01
   5.4288970e+06   3.3020020e+01
   5.4289440e+06   3.3569336e+01
   5.4304460e+06   3.6132813e+01
   5.4321120e+06   3.7475586e+01
   5.4591800e+06   3.6743164e+01
   5.4641710e+06   3.8024902e+01
   5.4664170e+06   3.4545898e+01
   5.4677240e+06   3.3630371e+01
   5.4787620e+06   3.3325195e+01
   5.4806190e+06   3.3447266e+01
   5.4819290e+06   3.8085938e+01
   5.4832990e+06   3.7536621e+01
   5.4902720e+06   3.2653809e+01
   5.4953430e+06   3.3508301e+01
   5.4969750e+06   3.4790039e+01
   5.4995860e+06   3.5217285e+01
   5.5070430e+06   3.2531738e+01
   5.5107810e+06   3.2714844e+01
   5.5181940e+06   3.9184570e+01
   5.5207800e+06   3.7414551e+01
   5.5364860e+06   3.4851074e+01
   5.5403560e+06   3.6437988e+01
   5.5469860e+06   3.8513184e+01
   5.5532250e+06   3.6193848e+01
   5.5675340e+06   3.3020020e+01
   5.5696640e+06   3.5095215e+01
   5.5823530e+06   3.2409668e+01
   5.5946090e+06   3.4667969e+01
   5.6013580e+06   3.7902832e+01
   5.6106620e+06   3.3569336e+01
   5.6136260e+06   3.7719727e+01
   5.6185200e+06   3.9550781e+01
   5.6355870e+06   3.3081055e+01
   5.6372310e+06   3.3325195e+01
   5.6420290e+06   3.4179688e+01
   5.6495560e+06   3.4362793e+01
   5.6508400e+06   3.3874512e+01
   5.6545440e+06   3.3020020e+01
   5.6558800e+06   3.4179688e+01
   5.6571990e+06   3.6926270e+01
   5.6681960e+06   4.6081543e+01
   5.6683790e+06   3.5522461e+01
   5.6687750e+06   4.9987793e+01
   5.6690570e+06   3.4545898e+01
   5.6700260e+06   3.3264160e+01
   5.6708340e+06   4.1503906e+01
   5.6731210e+06   3.2836914e+01
   5.6744480e+06   3.5766602e+01
   5.6754280e+06   3.4484863e+01
   5.6765090e+06   4.1625977e+01
   5.6770240e+06   3.2897949e+01
   5.6775730e+06   3.8879395e+01
   5.6776580e+06   3.8513184e+01
   5.6777860e+06   3.6132813e+01
   5.6778310e+06   4.3395996e+01
   5.6778980e+06   8.6364746e+01
   5.6781440e+06   3.3752441e+01
   5.6781540e+06   4.9438477e+01
   5.6782730e+06   3.6376953e+01
   5.6783400e+06   6.6528320e+01
   5.6787020e+06   3.3142090e+01
   5.6788160e+06   5.6640625e+01
   5.6793880e+06   4.4128418e+01
   5.6800040e+06   3.8146973e+01
   5.6801290e+06   3.5827637e+01
   5.6801930e+06   3.3325195e+01
   5.6828500e+06   3.2592773e+01
   5.6833120e+06   3.3325195e+01
   5.6839400e+06   3.6437988e+01
   5.6988350e+06   3.2958984e+01
   5.7023840e+06   4.2175293e+01
   5.7076540e+06   3.2775879e+01
   5.7102980e+06   4.6691895e+01
   5.7114720e+06   3.7963867e+01
   5.7155370e+06   3.2958984e+01
   5.7312560e+06   3.8818359e+01
   5.7392890e+06   3.6437988e+01
   5.7444590e+06   3.4057617e+01
   5.7476140e+06   3.7475586e+01
   5.7495280e+06   3.2897949e+01
   5.7603480e+06   3.9367676e+01
   5.7614340e+06   3.5156250e+01
   5.7663520e+06   3.2775879e+01
   5.7725380e+06   3.9550781e+01
   5.7795360e+06   3.3203125e+01
   5.7807790e+06   3.7414551e+01
   5.7855200e+06   3.3386230e+01
   5.7882950e+06   3.3691406e+01
   5.7962240e+06   3.6743164e+01
   5.7993210e+06   3.4606934e+01
   5.8026810e+06   4.1442871e+01
   5.8079380e+06   3.7902832e+01
   5.8120940e+06   3.2897949e+01
   5.8162360e+06   3.5827637e+01
   5.8221110e+06   3.2592773e+01
   5.8240260e+06   3.6865234e+01
   5.8342940e+06   3.4423828e+01
   5.8366140e+06   3.6254883e+01
   5.8528780e+06   4.4982910e+01
   5.8562830e+06   3.5339355e+01
   5.8646120e+06   3.5888672e+01
   5.8700140e+06   3.4973145e+01
   5.8796140e+06   3.5644531e+01
   5.8831570e+06   3.7536621e+01
   5.8857600e+06   3.2897949e+01
   5.8897180e+06   3.5034180e+01
   5.8909110e+06   3.4179688e+01
   5.8932310e+06   3.4973145e+01
   5.9013200e+06   3.2958984e+01
   5.9042440e+06   3.2653809e+01
   5.9086100e+06   3.3447266e+01
   5.9125670e+06   3.4240723e+01
   5.9153760e+06   3.3691406e+01
   5.9249430e+06   3.8208008e+01
   5.9283920e+06   3.9672852e+01
   5.9357010e+06   3.6132813e+01
   5.9391650e+06   3.4729004e+01
   5.9400260e+06   3.5217285e+01
   5.9422090e+06   3.6865234e+01
   5.9459090e+06   3.9123535e+01
   5.9521940e+06   3.4667969e+01
   5.9589050e+06   3.3630371e+01
   5.9620980e+06   3.5766602e+01
   5.9677600e+06   3.3020020e+01
   5.9744980e+06   3.4240723e+01
   5.9759920e+06   3.3203125e+01
   5.9794690e+06   3.8757324e+01
   5.9842930e+06   3.3264160e+01
   5.9972200e+06   3.9855957e+01
