   1.1996000e+07   0.0000000e+00
   4.6026000e+04   6.6955566e+01
   4.6087000e+04   7.0312500e+01
   8.9504000e+04   6.2805176e+01
   1.4330100e+05   5.1757812e+01
   1.4334600e+05   7.4890137e+01
   1.4341800e+05   5.7312012e+01
   1.9944000e+05   5.2612305e+01
   1.9961500e+05   6.3842773e+01
   2.5311000e+05   5.2185059e+01
   2.5314800e+05   7.8002930e+01
   2.5317500e+05   5.6701660e+01
   2.5323000e+05   5.9509277e+01
   3.6107300e+05   5.1635742e+01
   3.6112000e+05   7.5317383e+01
   3.6123500e+05   5.6640625e+01
   3.6135000e+05   5.9020996e+01
   4.2867100e+05   5.9936523e+01
   4.2871100e+05   8.7219238e+01
   4.2878900e+05   5.4321289e+01
   4.2879900e+05   6.3232422e+01
   4.2905100e+05   5.9997559e+01
   4.5911200e+05   6.3781738e+01
   4.5974000e+05   8.2397461e+01
   5.0040100e+05   7.8613281e+01
   5.0044900e+05   5.3466797e+01
   5.0048600e+05   5.9631348e+01
   5.4854100e+05   7.6721191e+01
   5.4869900e+05   6.3964844e+01
   5.4871900e+05   5.9692383e+01
   5.8840600e+05   5.1879883e+01
   5.8849700e+05   7.1838379e+01
   5.8872200e+05   6.6650391e+01
   5.8884700e+05   7.0739746e+01
   5.8908800e+05   7.1472168e+01
   5.8909800e+05   5.2490234e+01
   5.8925900e+05   6.2988281e+01
   6.4946700e+05   5.2429199e+01
   6.5041300e+05   5.4992676e+01
   6.5047600e+05   6.7871094e+01
   6.5091800e+05   7.3730469e+01
   6.5099200e+05   5.6945801e+01
   6.5738500e+05   7.5134277e+01
   6.5748700e+05   5.9753418e+01
   7.7983000e+05   7.3913574e+01
   7.7990100e+05   5.2429199e+01
   7.9549400e+05   5.3222656e+01
   8.5359600e+05   8.8134766e+01
   8.5363600e+05   5.3771973e+01
   8.5367800e+05   6.0791016e+01
   9.1118300e+05   5.5908203e+01
   9.1246100e+05   6.6650391e+01
   9.1649100e+05   6.6772461e+01
   9.1680800e+05   5.1818848e+01
   9.8905300e+05   7.7392578e+01
   1.0425760e+06   5.2124023e+01
   1.0428550e+06   5.8471680e+01
   1.1022310e+06   7.2265625e+01
   1.1023200e+06   6.2744141e+01
   1.1523300e+06   5.9020996e+01
   1.2155850e+06   7.5561523e+01
   1.2158680e+06   5.1391602e+01
   1.2655660e+06   5.4748535e+01
   1.3273540e+06   5.2795410e+01
   1.3273850e+06   7.3730469e+01
   1.3274440e+06   5.7800293e+01
   1.3333660e+06   7.9101563e+01
   1.3335030e+06   6.4392090e+01
   1.3786730e+06   5.3039551e+01
   1.4530630e+06   5.5358887e+01
   1.5150250e+06   5.7556152e+01
   1.5150690e+06   8.0932617e+01
   1.5151270e+06   6.1889648e+01
   1.6484130e+06   1.3537598e+02
   1.6485290e+06   6.0180664e+01
   1.7199360e+06   6.9641113e+01
   1.7205770e+06   7.2326660e+01
   1.7606630e+06   7.9711914e+01
   1.7607570e+06   5.3222656e+01
   1.7608100e+06   5.2795410e+01
   1.7610000e+06   6.1767578e+01
   1.8197500e+06   5.2551270e+01
   1.8310230e+06   7.0007324e+01
   1.8311030e+06   5.6945801e+01
   1.8311280e+06   5.3161621e+01
   1.8777470e+06   6.9763184e+01
   1.8780850e+06   5.4687500e+01
   1.8964090e+06   8.2641602e+01
   1.8964700e+06   5.4870605e+01
   1.9316140e+06   5.4260254e+01
   1.9889760e+06   7.2448730e+01
   1.9890460e+06   5.5847168e+01
   2.0960320e+06   6.4880371e+01
   2.0962080e+06   5.6457520e+01
   2.0963200e+06   5.2001953e+01
   2.1675590e+06   5.2673340e+01
   2.1677090e+06   5.7189941e+01
   2.1677790e+06   5.3039551e+01
   2.1680340e+06   6.6345215e+01
   2.1683620e+06   7.6904297e+01
   2.1768040e+06   5.1940918e+01
   2.2059490e+06   5.6945801e+01
   2.2059810e+06   6.6589355e+01
   2.2060540e+06   6.3354492e+01
   2.2757130e+06   5.2978516e+01
   2.2899870e+06   5.5480957e+01
   2.2900200e+06   5.4077148e+01
   2.2901240e+06   6.9885254e+01
   2.2904570e+06   5.7495117e+01
   2.3430740e+06   5.7861328e+01
   2.3431100e+06   8.0200195e+01
   2.3431580e+06   5.4748535e+01
   2.3431940e+06   6.1340332e+01
   2.3983950e+06   5.4626465e+01
   2.3985380e+06   7.3913574e+01
   2.3989990e+06   5.7617187e+01
   2.4116030e+06   5.7800293e+01
   2.4696920e+06   6.4208984e+01
   2.4699830e+06   8.0078125e+01
   2.4702790e+06   6.2927246e+01
   2.5010840e+06   6.9213867e+01
   2.5011400e+06   5.3955078e+01
   2.5011570e+06   7.9589844e+01
   2.5067990e+06   7.5134277e+01
   2.5069230e+06   5.3283691e+01
   2.5690260e+06   5.4931641e+01
   2.6360180e+06   7.8918457e+01
   2.6360860e+06   5.4260254e+01
   2.6361860e+06   6.5917969e+01
   2.6682300e+06   7.7087402e+01
   2.6683130e+06   5.5053711e+01
   2.7350460e+06   5.3039551e+01
   2.7352380e+06   8.9721680e+01
   2.7364740e+06   7.3547363e+01
   2.7805740e+06   7.0800781e+01
   2.7806620e+06   5.6884766e+01
   2.8456760e+06   6.6589355e+01
   2.8461000e+06   7.2753906e+01
   2.8919530e+06   6.3964844e+01
   2.8920840e+06   6.3781738e+01
   2.9141340e+06   5.4748535e+01
   2.9141440e+06   1.3018799e+02
   2.9142340e+06   5.1940918e+01
   2.9528910e+06   6.0729980e+01
   2.9529710e+06   8.3129883e+01
   2.9530080e+06   5.8349609e+01
   2.9530740e+06   5.2307129e+01
   3.0130970e+06   5.1452637e+01
   3.0131550e+06   6.2316895e+01
   3.0134300e+06   7.6660156e+01
   3.0135610e+06   5.2856445e+01
   3.0136950e+06   6.2622070e+01
   3.0802280e+06   5.7434082e+01
   3.0802500e+06   7.3364258e+01
   3.0803150e+06   5.7434082e+01
   3.1054730e+06   7.8613281e+01
   3.1054890e+06   5.2978516e+01
   3.1058820e+06   5.5297852e+01
   3.1572360e+06   6.7993164e+01
   3.2144420e+06   6.7077637e+01
   3.2833100e+06   5.3344727e+01
   3.2833510e+06   6.8908691e+01
   3.2834050e+06   5.9509277e+01
   3.2834460e+06   5.7861328e+01
   3.3637510e+06   5.2978516e+01
   3.3644040e+06   9.4909668e+01
   3.3644850e+06   5.5297852e+01
   3.3644970e+06   5.1940918e+01
   3.3901550e+06   7.6721191e+01
   3.3902180e+06   5.6457520e+01
   3.3903150e+06   5.6030273e+01
   3.4427840e+06   7.7697754e+01
   3.4428330e+06   7.1838379e+01
   3.4572640e+06   8.1298828e+01
   3.4573640e+06   5.2856445e+01
   3.4574740e+06   5.4260254e+01
   3.5553200e+06   7.3669434e+01
   3.5554060e+06   5.9692383e+01
   3.5554520e+06   6.1157227e+01
   3.6111860e+06   5.2368164e+01
   3.6113120e+06   6.2622070e+01
   3.6141100e+06   6.9152832e+01
   3.6141710e+06   5.3222656e+01
   3.6141810e+06   5.8410645e+01
   3.6850070e+06   5.3833008e+01
   3.6853090e+06   6.4636230e+01
   3.6854840e+06   6.8847656e+01
   3.7230350e+06   5.3039551e+01
   3.7230660e+06   7.1960449e+01
   3.7232360e+06   5.2612305e+01
   3.8526300e+06   5.7495117e+01
   3.8527340e+06   5.7189941e+01
   3.8689910e+06   7.1350098e+01
   3.8691260e+06   5.2246094e+01
   3.9160940e+06   8.1420898e+01
   3.9161840e+06   5.3039551e+01
   3.9169570e+06   5.1940918e+01
   3.9170620e+06   5.5541992e+01
   3.9877830e+06   8.5693359e+01
   3.9878240e+06   5.5908203e+01
   3.9878790e+06   5.6457520e+01
   4.0356600e+06   5.6213379e+01
   4.0496510e+06   8.5327148e+01
   4.0497000e+06   5.1452637e+01
   4.0497740e+06   5.7495117e+01
   4.0550640e+06   7.6782227e+01
   4.1296390e+06   6.8603516e+01
   4.1299860e+06   7.7087402e+01
   4.1301140e+06   6.5124512e+01
   4.1489180e+06   7.1533203e+01
   4.1490070e+06   5.6579590e+01
   4.2345790e+06   5.3955078e+01
   4.2350180e+06   5.6213379e+01
   4.2352530e+06   7.2204590e+01
   4.2354170e+06   7.0739746e+01
   4.2592000e+06   8.8012695e+01
   4.2592430e+06   5.3161621e+01
   4.3314260e+06   5.2551270e+01
   4.3314860e+06   7.9895020e+01
   4.3317410e+06   6.3964844e+01
   4.3509910e+06   5.4870605e+01
   4.3510920e+06   6.6345215e+01
   4.3511510e+06   5.9204102e+01
   4.3511840e+06   5.8288574e+01
   4.4182080e+06   5.2917480e+01
   4.4182790e+06   5.4626465e+01
   4.4468790e+06   6.6223145e+01
   4.4469980e+06   5.4321289e+01
   4.4471480e+06   6.7199707e+01
   4.4964290e+06   7.4096680e+01
   4.5798880e+06   5.1696777e+01
   4.5801280e+06   5.5358887e+01
   4.5804170e+06   6.3842773e+01
   4.5930250e+06   5.4687500e+01
   4.5930590e+06   7.1044922e+01
   4.5932870e+06   6.9702148e+01
   4.6555900e+06   8.3862305e+01
   4.7183530e+06   6.4086914e+01
   4.7184310e+06   5.4809570e+01
   4.7908500e+06   5.4321289e+01
   4.7909010e+06   9.1125488e+01
   4.7909910e+06   5.8898926e+01
   4.8457400e+06   5.6457520e+01
   4.8457820e+06   8.1054688e+01
   4.8459860e+06   5.2734375e+01
   4.9554960e+06   5.3405762e+01
   4.9569210e+06   7.6049805e+01
   5.0254580e+06   5.2978516e+01
   5.0254880e+06   8.3557129e+01
   5.0255970e+06   7.6660156e+01
   5.0695180e+06   6.7443848e+01
   5.0698570e+06   5.1757813e+01
   5.1319910e+06   8.4472656e+01
   5.1320280e+06   5.4687500e+01
   5.1320690e+06   5.6030273e+01
   5.1991180e+06   5.1818848e+01
   5.1991660e+06   8.7341309e+01
   5.1992910e+06   6.0668945e+01
   5.2631420e+06   7.3974609e+01
   5.2632590e+06   6.3537598e+01
   5.2633650e+06   5.9387207e+01
   5.2633870e+06   5.3771973e+01
   5.3220740e+06   5.6945801e+01
   5.3224630e+06   6.6650391e+01
   5.3226860e+06   6.5429688e+01
   5.3804210e+06   5.2124023e+01
   5.3804860e+06   6.5673828e+01
   5.3807150e+06   6.0852051e+01
   5.3807280e+06   6.1340332e+01
   5.3809630e+06   5.2429199e+01
   5.4068040e+06   7.4951172e+01
   5.4634560e+06   6.0058594e+01
   5.4634900e+06   5.9997559e+01
   5.4635260e+06   6.7382813e+01
   5.5274240e+06   5.9020996e+01
   5.5739840e+06   9.3505859e+01
   5.5743480e+06   5.3466797e+01
   5.6400660e+06   7.6965332e+01
   5.6401890e+06   5.8654785e+01
   5.6403140e+06   5.6457520e+01
   5.6882610e+06   8.0810547e+01
   5.7485880e+06   5.1635742e+01
   5.7486810e+06   6.8176270e+01
   5.7487510e+06   5.1574707e+01
   5.7763580e+06   6.4758301e+01
   5.7764560e+06   5.2124023e+01
   5.7765610e+06   5.6762695e+01
   5.7765860e+06   5.4687500e+01
   5.8452850e+06   7.2265625e+01
   5.8462700e+06   6.1950684e+01
   5.8845680e+06   5.1940918e+01
   5.8846010e+06   7.0312500e+01
   5.8846700e+06   6.4819336e+01
   5.9659480e+06   7.8125000e+01
   5.9661620e+06   5.8288574e+01
   6.0209680e+06   6.4025879e+01
   6.0211570e+06   7.0739746e+01
   6.0457100e+06   5.3955078e+01
   6.0457660e+06   7.8613281e+01
   6.0458750e+06   5.5969238e+01
   6.1331720e+06   8.9721680e+01
   6.1333300e+06   6.4758301e+01
   6.1334140e+06   6.4819336e+01
   6.1334530e+06   7.6416016e+01
   6.1479060e+06   6.9519043e+01
   6.1479950e+06   6.7932129e+01
   6.2315400e+06   5.1391602e+01
   6.2316120e+06   7.9345703e+01
   6.2318340e+06   5.9936523e+01
   6.2577730e+06   7.0739746e+01
   6.2578660e+06   5.4382324e+01
   6.2578940e+06   5.6518555e+01
   6.3012830e+06   5.4870605e+01
   6.3015930e+06   7.0922852e+01
   6.3449360e+06   7.3120117e+01
   6.3450090e+06   6.6833496e+01
   6.3451070e+06   5.6274414e+01
   6.3987220e+06   7.5683594e+01
   6.4009400e+06   7.8186035e+01
   6.4011960e+06   6.6589355e+01
   6.4655130e+06   7.1289063e+01
   6.4656590e+06   5.5969238e+01
   6.4657500e+06   5.3894043e+01
   6.5053860e+06   6.9702148e+01
   6.5311190e+06   6.9580078e+01
   6.5319370e+06   5.3466797e+01
   6.5319560e+06   7.0129395e+01
   6.5580610e+06   7.4768066e+01
   6.5581040e+06   6.0241699e+01
   6.5581600e+06   7.2631836e+01
   6.6289450e+06   8.2153320e+01
   6.6291860e+06   6.3903809e+01
   6.6293460e+06   5.6762695e+01
   6.6846320e+06   5.9936523e+01
   6.6849980e+06   5.4565430e+01
   6.6852010e+06   7.3547363e+01
   6.6852580e+06   5.2978516e+01
   6.6855830e+06   5.4016113e+01
   6.6856610e+06   5.3222656e+01
   6.7421940e+06   7.7331543e+01
   6.7422680e+06   5.5297852e+01
   6.7950660e+06   5.3771973e+01
   6.7956110e+06   6.8786621e+01
   6.8174980e+06   5.1452637e+01
   6.8175310e+06   6.4331055e+01
   6.8176270e+06   5.8166504e+01
   6.8553200e+06   6.5734863e+01
   6.8553910e+06   5.2124023e+01
   6.8555090e+06   5.2673340e+01
   6.9090590e+06   5.7983398e+01
   6.9138530e+06   7.5439453e+01
   6.9138880e+06   5.8532715e+01
   6.9711620e+06   7.3303223e+01
   6.9713680e+06   6.8420410e+01
   6.9996370e+06   5.3894043e+01
   6.9996810e+06   6.9702148e+01
   6.9997720e+06   5.2307129e+01
   7.0509100e+06   7.0007324e+01
   7.1179160e+06   5.3100586e+01
   7.1179720e+06   7.8796387e+01
   7.1466860e+06   5.2185059e+01
   7.1468670e+06   6.5673828e+01
   7.1508120e+06   8.1115723e+01
   7.2024660e+06   5.3405762e+01
   7.2029690e+06   5.2062988e+01
   7.2688900e+06   6.4086914e+01
   7.2690520e+06   5.4443359e+01
   7.2691190e+06   5.2062988e+01
   7.2905730e+06   5.2246094e+01
   7.2905990e+06   6.9335938e+01
   7.2906190e+06   5.8044434e+01
   7.2906780e+06   5.6762695e+01
   7.2907340e+06   5.2734375e+01
   7.3595620e+06   5.5480957e+01
   7.4138760e+06   6.8908691e+01
   7.4139850e+06   8.9599609e+01
   7.4140900e+06   5.8349609e+01
   7.4573080e+06   5.4565430e+01
   7.4573750e+06   7.3303223e+01
   7.4575530e+06   5.7617188e+01
   7.5021290e+06   8.5815430e+01
   7.5022180e+06   5.4138184e+01
   7.5653700e+06   5.2124023e+01
   7.5654060e+06   5.1757813e+01
   7.5659830e+06   6.5490723e+01
   7.5660160e+06   5.3405762e+01
   7.6258700e+06   6.8481445e+01
   7.6261170e+06   5.9936523e+01
   7.6262200e+06   5.3039551e+01
   7.6263250e+06   5.4870605e+01
   7.6767800e+06   7.3852539e+01
   7.6769040e+06   5.4443359e+01
   7.6772110e+06   5.5053711e+01
   7.7330750e+06   5.4077148e+01
   7.7332160e+06   6.1584473e+01
   7.7335220e+06   6.9519043e+01
   7.7336520e+06   5.5114746e+01
   7.7701070e+06   6.9396973e+01
   7.8166570e+06   6.5124512e+01
   7.8167750e+06   6.2500000e+01
   7.8618360e+06   5.7495117e+01
   7.8621450e+06   6.8359375e+01
   7.8629220e+06   6.5979004e+01
   7.8954320e+06   7.5744629e+01
   7.9080320e+06   5.8227539e+01
   7.9081700e+06   5.8166504e+01
   7.9310330e+06   7.9895020e+01
   7.9311320e+06   6.4880371e+01
   7.9776430e+06   6.3659668e+01
   7.9778440e+06   5.1452637e+01
   7.9925470e+06   6.2011719e+01
   7.9929770e+06   6.0607910e+01
   7.9931390e+06   5.4138184e+01
   7.9932620e+06   5.3344727e+01
   8.0022780e+06   5.4138184e+01
   8.0023730e+06   6.9519043e+01
   8.0024290e+06   5.3466797e+01
   8.0024980e+06   5.7006836e+01
   8.0251030e+06   9.0942383e+01
   8.0252010e+06   6.3720703e+01
   8.0253300e+06   5.3405762e+01
   8.0887490e+06   7.7392578e+01
   8.0887600e+06   5.4321289e+01
   8.0888820e+06   5.4199219e+01
   8.1214420e+06   6.8847656e+01
   8.1215590e+06   7.0312500e+01
   8.1547700e+06   7.4707031e+01
   8.1548120e+06   5.3466797e+01
   8.1548510e+06   5.5786133e+01
   8.1551560e+06   5.3527832e+01
   8.2396580e+06   6.0424805e+01
   8.2399290e+06   5.2612305e+01
   8.2400450e+06   5.3039551e+01
   8.2400810e+06   8.2885742e+01
   8.2401530e+06   6.1767578e+01
   8.2910620e+06   7.3486328e+01
   8.2911450e+06   6.0363770e+01
   8.2912840e+06   5.8654785e+01
   8.3385000e+06   5.2612305e+01
   8.4084870e+06   6.3903809e+01
   8.4087420e+06   7.0495605e+01
   8.4088510e+06   5.2368164e+01
   8.4091320e+06   6.0546875e+01
   8.4299470e+06   8.2885742e+01
   8.4300240e+06   8.9782715e+01
   8.4300730e+06   5.2246094e+01
   8.5004590e+06   7.8979492e+01
   8.5005950e+06   5.4809570e+01
   8.5007150e+06   5.2795410e+01
   8.5253870e+06   6.6955566e+01
   8.5254750e+06   5.9265137e+01
   8.5590350e+06   6.5734863e+01
   8.5591200e+06   5.8471680e+01
   8.5592380e+06   5.3344727e+01
   8.6261910e+06   6.0119629e+01
   8.6265840e+06   7.1289063e+01
   8.6266780e+06   5.4321289e+01
   8.6759170e+06   7.9406738e+01
   8.6760190e+06   6.6406250e+01
   8.6760410e+06   5.7556152e+01
   8.6763340e+06   5.4077148e+01
   8.7306250e+06   6.8054199e+01
   8.7306470e+06   5.2001953e+01
   8.7307540e+06   5.5053711e+01
   8.7876220e+06   5.1696777e+01
   8.7876790e+06   6.9152832e+01
   8.7878040e+06   5.6762695e+01
   8.7881550e+06   5.1635742e+01
   8.8181520e+06   5.2795410e+01
   8.8181990e+06   7.2204590e+01
   8.8183420e+06   6.0729980e+01
   8.8630030e+06   5.5969238e+01
   8.8631010e+06   5.1391602e+01
   8.9135050e+06   7.3852539e+01
   8.9136370e+06   5.9082031e+01
   8.9420250e+06   7.2875977e+01
   8.9420710e+06   5.7983398e+01
   9.0420800e+06   5.4626465e+01
   9.0421310e+06   7.2387695e+01
   9.0421870e+06   5.4870605e+01
   9.0422050e+06   6.9824219e+01
   9.0425510e+06   7.2326660e+01
   9.1633620e+06   7.3791504e+01
   9.1634490e+06   5.1635742e+01
   9.1637070e+06   5.2001953e+01
   9.1855400e+06   8.0688477e+01
   9.1856490e+06   5.3344727e+01
   9.2290770e+06   6.8115234e+01
   9.2291980e+06   6.2133789e+01
   9.2297610e+06   6.0180664e+01
   9.2774550e+06   7.1350098e+01
   9.2775590e+06   5.8715820e+01
   9.2777270e+06   6.5856934e+01
   9.3103050e+06   7.1289063e+01
   9.3103630e+06   5.7373047e+01
   9.3103790e+06   5.8044434e+01
   9.3105170e+06   5.3894043e+01
   9.3693440e+06   5.3161621e+01
   9.3702890e+06   5.6274414e+01
   9.3776640e+06   7.7636719e+01
   9.3777450e+06   5.1879883e+01
   9.4521910e+06   6.4331055e+01
   9.4524260e+06   5.4199219e+01
   9.4849860e+06   7.5622559e+01
   9.4850860e+06   6.6162109e+01
   9.4854760e+06   5.1696777e+01
   9.5359590e+06   7.3791504e+01
   9.5365370e+06   5.2368164e+01
   9.6137360e+06   5.3222656e+01
   9.6140050e+06   6.5002441e+01
   9.6142080e+06   8.4899902e+01
   9.6477130e+06   7.4768066e+01
   9.6478070e+06   6.2500000e+01
   9.7415300e+06   7.0312500e+01
   9.7419570e+06   5.2124023e+01
   9.7420890e+06   5.3466797e+01
   9.7422730e+06   5.4809570e+01
   9.7582670e+06   5.7617188e+01
   9.7583270e+06   9.3811035e+01
   9.7585590e+06   5.4443359e+01
   9.8190430e+06   5.3771973e+01
   9.8264660e+06   5.2490234e+01
   9.8265260e+06   7.9284668e+01
   9.8266010e+06   5.2490234e+01
   9.9340530e+06   7.5866699e+01
   9.9340720e+06   7.0678711e+01
   1.0014949e+07   8.1298828e+01
   1.0015035e+07   5.8288574e+01
   1.0027415e+07   5.5419922e+01
   1.0056939e+07   7.1899414e+01
   1.0061331e+07   7.3486328e+01
   1.0061462e+07   5.7189941e+01
   1.0061588e+07   5.4931641e+01
   1.0126600e+07   6.5612793e+01
   1.0126755e+07   6.0302734e+01
   1.0126956e+07   6.4392090e+01
   1.0159697e+07   7.2937012e+01
   1.0159820e+07   6.5063477e+01
   1.0159962e+07   5.4870605e+01
   1.0191382e+07   8.0078125e+01
   1.0191524e+07   6.8847656e+01
   1.0206821e+07   6.3781738e+01
   1.0206942e+07   5.7983398e+01
   1.0207063e+07   6.1584473e+01
   1.0259849e+07   5.9020996e+01
   1.0259934e+07   6.5795898e+01
   1.0260001e+07   5.8166504e+01
   1.0307601e+07   8.7280273e+01
   1.0307654e+07   5.4077148e+01
   1.0307669e+07   6.0424805e+01
   1.0382709e+07   6.8481445e+01
   1.0382799e+07   5.6091309e+01
   1.0382977e+07   5.1818848e+01
   1.0430787e+07   6.6467285e+01
   1.0430801e+07   5.3466797e+01
   1.0430888e+07   5.5664063e+01
   1.0484924e+07   6.7749023e+01
   1.0485073e+07   5.4077148e+01
   1.0529676e+07   7.3242188e+01
   1.0529758e+07   5.4809570e+01
   1.0529862e+07   5.9265137e+01
   1.0590133e+07   7.5256348e+01
   1.0590223e+07   5.3344727e+01
   1.0644804e+07   6.9641113e+01
   1.0644890e+07   5.1940918e+01
   1.0644921e+07   5.9204102e+01
   1.0698043e+07   7.2753906e+01
   1.0698164e+07   6.8908691e+01
   1.0698643e+07   6.4819336e+01
   1.0721461e+07   7.7087402e+01
   1.0721813e+07   6.6711426e+01
   1.0751809e+07   6.6589355e+01
   1.0752087e+07   6.9396973e+01
   1.0772751e+07   7.8796387e+01
   1.0772834e+07   6.4758301e+01
   1.0772925e+07   5.4260254e+01
   1.0772952e+07   5.8044434e+01
   1.0829786e+07   8.6059570e+01
   1.0904107e+07   7.1472168e+01
   1.0904252e+07   5.6457520e+01
   1.0927616e+07   5.8227539e+01
   1.0927650e+07   6.5307617e+01
   1.0927733e+07   6.4941406e+01
   1.0928050e+07   5.2795410e+01
   1.0994654e+07   7.2631836e+01
   1.0994776e+07   6.1889648e+01
   1.0994899e+07   5.6884766e+01
   1.1023394e+07   8.2824707e+01
   1.1023468e+07   5.3771973e+01
   1.1023539e+07   5.8288574e+01
   1.1069193e+07   6.3537598e+01
   1.1069299e+07   7.5744629e+01
   1.1069478e+07   5.8227539e+01
   1.1098683e+07   5.7312012e+01
   1.1126813e+07   8.3618164e+01
   1.1126917e+07   5.5603027e+01
   1.1176214e+07   5.2917480e+01
   1.1176252e+07   8.9477539e+01
   1.1289003e+07   8.4289551e+01
   1.1289129e+07   5.6152344e+01
   1.1348741e+07   5.3710938e+01
   1.1356247e+07   5.9997559e+01
   1.1356357e+07   5.8349609e+01
   1.1391369e+07   7.7270508e+01
   1.1448505e+07   7.7453613e+01
   1.1448742e+07   5.5664063e+01
   1.1481566e+07   6.7871094e+01
   1.1481711e+07   5.1757813e+01
   1.1482026e+07   5.1818848e+01
   1.1522755e+07   5.9753418e+01
   1.1522834e+07   5.9204102e+01
   1.1576678e+07   8.6547852e+01
   1.1576778e+07   6.6833496e+01
   1.1598358e+07   7.3486328e+01
   1.1598391e+07   5.2978516e+01
   1.1598444e+07   5.5236816e+01
   1.1598583e+07   5.2734375e+01
   1.1634653e+07   5.9936523e+01
   1.1634743e+07   5.6701660e+01
   1.1706211e+07   7.4340820e+01
   1.1706503e+07   7.2998047e+01
   1.1757424e+07   7.2021484e+01
   1.1757532e+07   6.4941406e+01
   1.1792042e+07   6.1401367e+01
   1.1792126e+07   5.9020996e+01
   1.1871061e+07   6.8908691e+01
   1.1871248e+07   5.1635742e+01
   1.1871469e+07   5.5297852e+01
   1.1942134e+07   7.0617676e+01
   1.1942218e+07   5.6640625e+01
   1.1942305e+07   5.3771973e+01
   1.1994172e+07   5.4016113e+01
