   5.9980000e+06   0.0000000e+00
   2.1848000e+04   8.3801270e+01
   2.2083000e+04   7.3669434e+01
   2.2286000e+04   6.0546875e+01
   2.3044000e+04   3.9184570e+01
   2.3367000e+04   5.1574707e+01
   2.3969000e+04   4.6203613e+01
   1.3452100e+05   8.2885742e+01
   1.3473800e+05   6.1828613e+01
   1.3495200e+05   5.6152344e+01
   1.3511100e+05   4.0161133e+01
   1.3591500e+05   4.5349121e+01
   1.3630800e+05   4.5288086e+01
   1.3686700e+05   4.3395996e+01
   2.2955000e+05   9.3627930e+01
   2.2979300e+05   6.8176270e+01
   2.3002100e+05   5.7922363e+01
   2.3019900e+05   5.0964355e+01
   2.3070800e+05   4.9011230e+01
   2.3105600e+05   4.4921875e+01
   2.3155500e+05   4.4189453e+01
   2.3229300e+05   4.8400879e+01
   3.4903900e+05   7.2265625e+01
   3.4938400e+05   7.3181152e+01
   3.4983300e+05   7.4035645e+01
   3.5004800e+05   6.8664551e+01
   3.5025200e+05   3.9550781e+01
   3.5074100e+05   3.8574219e+01
   3.5107200e+05   4.2785645e+01
   3.5154900e+05   4.4738770e+01
   4.9126200e+05   8.2885742e+01
   4.9151100e+05   8.5815430e+01
   4.9168700e+05   4.1259766e+01
   4.9240400e+05   3.8696289e+01
   4.9272800e+05   4.2663574e+01
   4.9314300e+05   4.8767090e+01
   4.9403200e+05   5.1757813e+01
   5.8297600e+05   7.9528809e+01
   5.8324000e+05   7.8918457e+01
   5.8341900e+05   6.4819336e+01
   5.8359000e+05   3.9672852e+01
   5.8383000e+05   4.1320801e+01
   5.8409700e+05   4.2175293e+01
   5.8434900e+05   4.9804688e+01
   5.8474200e+05   3.7475586e+01
   5.8541300e+05   3.7719727e+01
   6.2008000e+05   7.1777344e+01
   6.2038400e+05   7.5195313e+01
   6.2060700e+05   6.5612793e+01
   6.2082300e+05   5.1025391e+01
   6.2109700e+05   4.7302246e+01
   6.2142300e+05   4.8400879e+01
   6.2181000e+05   5.0842285e+01
   6.2218600e+05   4.3579102e+01
   6.2272400e+05   4.6630859e+01
   6.4824900e+05   7.6293945e+01
   6.4857400e+05   6.0485840e+01
   6.4885400e+05   8.0932617e+01
   6.4911500e+05   4.4006348e+01
   6.4942400e+05   5.9448242e+01
   6.4975600e+05   4.7729492e+01
   6.5021700e+05   5.0292969e+01
   6.5065500e+05   4.9743652e+01
   6.5119100e+05   4.0405273e+01
   8.1996700e+05   8.0139160e+01
   8.2017700e+05   7.6416016e+01
   8.2037600e+05   6.2805176e+01
   8.2115200e+05   4.9194336e+01
   8.2149100e+05   5.1330566e+01
   8.2182700e+05   4.8706055e+01
   8.2239400e+05   4.8034668e+01
   9.9419200e+05   8.7829590e+01
   9.9436800e+05   7.1960449e+01
   9.9454700e+05   4.7058105e+01
   9.9506300e+05   3.8269043e+01
   9.9536800e+05   4.5166016e+01
   9.9575700e+05   4.5959473e+01
   9.9627900e+05   5.0415039e+01
   1.1355110e+06   8.5571289e+01
   1.1357890e+06   7.4584961e+01
   1.1359820e+06   5.8654785e+01
   1.1368530e+06   4.5104980e+01
   1.1371780e+06   3.9489746e+01
   1.1375830e+06   4.4860840e+01
   1.1381820e+06   3.9123535e+01
   1.1682730e+06   9.0881348e+01
   1.1685140e+06   8.1665039e+01
   1.1687200e+06   6.0485840e+01
   1.1689430e+06   4.9560547e+01
   1.1692210e+06   4.4677734e+01
   1.1695180e+06   5.3405762e+01
   1.1698800e+06   5.6457520e+01
   1.1701960e+06   3.9978027e+01
   1.1707300e+06   4.7668457e+01
   1.1712390e+06   4.6447754e+01
   1.3586450e+06   8.3862305e+01
   1.3588430e+06   6.9824219e+01
   1.3589950e+06   5.2001953e+01
   1.3591910e+06   4.8400879e+01
   1.3594200e+06   4.8522949e+01
   1.3596610e+06   4.3762207e+01
   1.3599200e+06   3.7414551e+01
   1.3602420e+06   4.5898438e+01
   1.3607650e+06   3.8146973e+01
   1.3615950e+06   5.5603027e+01
   1.5533760e+06   8.5510254e+01
   1.5536080e+06   7.7026367e+01
   1.5537680e+06   6.4941406e+01
   1.5541760e+06   3.8940430e+01
   1.5544200e+06   4.2846680e+01
   1.5546690e+06   4.6997070e+01
   1.5550370e+06   4.2297363e+01
   1.5555200e+06   5.1696777e+01
   1.5563540e+06   4.6325684e+01
   1.5908260e+06   9.0087891e+01
   1.5920530e+06   8.9111328e+01
   1.5924290e+06   6.6711426e+01
   1.5926610e+06   4.7485352e+01
   1.5928720e+06   4.4616699e+01
   1.5931200e+06   4.0954590e+01
   1.5934480e+06   3.9489746e+01
   1.5938040e+06   3.9916992e+01
   1.5942420e+06   4.3762207e+01
   1.5947970e+06   4.6142578e+01
   1.5957890e+06   5.6213379e+01
   1.7818090e+06   9.3078613e+01
   1.7820170e+06   7.8491211e+01
   1.7821870e+06   6.5551758e+01
   1.7828880e+06   4.2358398e+01
   1.7831610e+06   4.7668457e+01
   1.7835490e+06   4.4555664e+01
   1.7840170e+06   4.4128418e+01
   1.9456490e+06   9.4970703e+01
   1.9458880e+06   6.5490723e+01
   1.9460590e+06   5.9082031e+01
   1.9465420e+06   4.0527344e+01
   1.9468310e+06   4.5410156e+01
   1.9471140e+06   4.6386719e+01
   1.9474930e+06   4.6752930e+01
   1.9481100e+06   4.4128418e+01
   2.0783750e+06   9.0270996e+01
   2.0785870e+06   7.0556641e+01
   2.0787420e+06   4.9804688e+01
   2.0789050e+06   4.7424316e+01
   2.0791190e+06   3.7475586e+01
   2.0793620e+06   3.9978027e+01
   2.0796520e+06   5.3344727e+01
   2.0799710e+06   5.4809570e+01
   2.0804510e+06   3.7414551e+01
   2.0812770e+06   3.9794922e+01
   2.1910550e+06   9.3627930e+01
   2.1913570e+06   9.1430664e+01
   2.1915340e+06   6.7504883e+01
   2.1917470e+06   5.0964355e+01
   2.1920000e+06   3.8818359e+01
   2.1922710e+06   5.2185059e+01
   2.1925330e+06   3.8085938e+01
   2.1929400e+06   4.8278809e+01
   2.1937140e+06   3.9550781e+01
   2.3567280e+06   8.1237793e+01
   2.3571610e+06   8.1237793e+01
   2.3574340e+06   6.3415527e+01
   2.3575900e+06   4.4189453e+01
   2.3584930e+06   4.5288086e+01
   2.3589570e+06   4.7424316e+01
   2.3595880e+06   5.5725098e+01
   2.5620940e+06   8.9599609e+01
   2.5624030e+06   8.5266113e+01
   2.5624480e+06   3.7475586e+01
   2.5626200e+06   6.7565918e+01
   2.5635950e+06   4.5715332e+01
   2.5639290e+06   5.6640625e+01
   2.5642560e+06   4.7973633e+01
   2.5650140e+06   4.6691895e+01
   2.6066600e+06   8.7951660e+01
   2.6069090e+06   7.7148438e+01
   2.6071460e+06   6.1218262e+01
   2.6073250e+06   4.4128418e+01
   2.6075420e+06   4.1442871e+01
   2.6078330e+06   4.8706055e+01
   2.6082020e+06   5.1513672e+01
   2.6086540e+06   5.2368164e+01
   2.6093660e+06   5.4626465e+01
   2.7465930e+06   8.2031250e+01
   2.7470020e+06   8.4716797e+01
   2.7472080e+06   7.8979492e+01
   2.7473950e+06   6.5673828e+01
   2.7478240e+06   3.8269043e+01
   2.7481260e+06   4.3090820e+01
   2.7485410e+06   5.6213379e+01
   2.7490520e+06   5.4992676e+01
   2.7502720e+06   6.0241699e+01
   2.9053940e+06   9.3200684e+01
   2.9058860e+06   7.9467773e+01
   2.9061420e+06   5.8898926e+01
   2.9063170e+06   5.0964355e+01
   2.9071740e+06   4.0893555e+01
   2.9076360e+06   4.7058105e+01
   2.9082810e+06   5.0903320e+01
   2.9353460e+06   8.6669922e+01
   2.9355900e+06   8.1665039e+01
   2.9358240e+06   7.5500488e+01
   2.9360400e+06   7.2143555e+01
   2.9362760e+06   6.7993164e+01
   2.9365260e+06   4.9011230e+01
   2.9368560e+06   5.7983398e+01
   2.9372750e+06   4.4006348e+01
   2.9377890e+06   5.4931641e+01
   2.9387780e+06   4.7302246e+01
   3.0541310e+06   1.0028076e+02
   3.0544080e+06   9.1674805e+01
   3.0545960e+06   6.6223145e+01
   3.0548080e+06   4.9987793e+01
   3.0550240e+06   5.7556152e+01
   3.0552960e+06   5.7739258e+01
   3.0555980e+06   4.8095703e+01
   3.0559450e+06   5.0048828e+01
   3.0564200e+06   5.5847168e+01
   3.1222930e+06   9.1491699e+01
   3.1225420e+06   8.4899902e+01
   3.1228510e+06   7.5012207e+01
   3.1231270e+06   6.6528320e+01
   3.1233550e+06   4.7912598e+01
   3.1236080e+06   4.3640137e+01
   3.1239130e+06   4.0405273e+01
   3.1243730e+06   4.9865723e+01
   3.1252130e+06   4.6081543e+01
   3.3127350e+06   9.0820312e+01
   3.3129410e+06   8.7646484e+01
   3.3131120e+06   6.2377930e+01
   3.3132960e+06   4.2419434e+01
   3.3135390e+06   3.8513184e+01
   3.3137720e+06   4.7546387e+01
   3.3140370e+06   5.2734375e+01
   3.3144830e+06   4.2053223e+01
   3.3152300e+06   3.9428711e+01
   3.3374510e+06   9.1247559e+01
   3.3377620e+06   8.3923340e+01
   3.3380050e+06   7.1655273e+01
   3.3382130e+06   7.0983887e+01
   3.3385040e+06   6.6223145e+01
   3.3388100e+06   6.0363770e+01
   3.3391380e+06   4.8950195e+01
   3.3394900e+06   4.7363281e+01
   3.3399510e+06   5.0964355e+01
   3.3407570e+06   5.4199219e+01
   3.5045690e+06   9.7290039e+01
   3.5049450e+06   8.5144043e+01
   3.5052120e+06   7.1655273e+01
   3.5053960e+06   7.0678711e+01
   3.5062010e+06   5.9509277e+01
   3.5066090e+06   4.6875000e+01
   3.5072840e+06   5.6884766e+01
   3.6635910e+06   8.5571289e+01
   3.6638760e+06   7.9589844e+01
   3.6640630e+06   5.7678223e+01
   3.6650400e+06   3.9245605e+01
   3.6655410e+06   5.7434082e+01
   3.6664570e+06   5.0354004e+01
   3.6892640e+06   1.0107422e+02
   3.6896280e+06   8.0017090e+01
   3.6898470e+06   6.3659668e+01
   3.6900920e+06   6.2622070e+01
   3.6903720e+06   4.8095703e+01
   3.6906630e+06   5.1635742e+01
   3.6910140e+06   4.6264648e+01
   3.6913840e+06   5.2001953e+01
   3.6918240e+06   5.4870605e+01
   3.6924010e+06   5.6152344e+01
   3.7539190e+06   8.2519531e+01
   3.7541790e+06   8.9599609e+01
   3.7543610e+06   6.9885254e+01
   3.7545610e+06   5.3222656e+01
   3.7548160e+06   5.3344727e+01
   3.7551090e+06   4.9255371e+01
   3.7554320e+06   4.6325684e+01
   3.7557680e+06   5.6396484e+01
   3.7562950e+06   4.6569824e+01
   3.8905470e+06   9.3566895e+01
   3.8907630e+06   8.3190918e+01
   3.8909300e+06   6.8176270e+01
   3.8911130e+06   5.5358887e+01
   3.8913780e+06   4.5898438e+01
   3.8916510e+06   4.8889160e+01
   3.8919840e+06   5.0231934e+01
   3.8923770e+06   4.5593262e+01
   3.9726510e+06   9.8388672e+01
   3.9728380e+06   7.5988770e+01
   3.9730410e+06   6.7199707e+01
   3.9732300e+06   4.3273926e+01
   3.9734490e+06   4.7790527e+01
   3.9737290e+06   4.0405273e+01
   3.9741150e+06   5.2368164e+01
   3.9746990e+06   5.3466797e+01
   4.1892240e+06   9.4360352e+01
   4.1897400e+06   8.9355469e+01
   4.1900220e+06   8.4045410e+01
   4.1902200e+06   6.7993164e+01
   4.1903760e+06   4.1320801e+01
   4.1909610e+06   4.3762207e+01
   4.1913570e+06   4.6691895e+01
   4.1919270e+06   4.5227051e+01
   4.3096650e+06   9.3261719e+01
   4.3100450e+06   9.4238281e+01
   4.3103400e+06   7.2875977e+01
   4.3105060e+06   4.2297363e+01
   4.3114100e+06   4.9560547e+01
   4.3120200e+06   4.5104980e+01
   4.3550710e+06   9.6618652e+01
   4.3552670e+06   8.6547852e+01
   4.3554380e+06   5.4931641e+01
   4.3556240e+06   4.4738770e+01
   4.3559220e+06   6.1950684e+01
   4.3561910e+06   4.7973633e+01
   4.3565550e+06   5.1147461e+01
   4.3570170e+06   3.8085938e+01
   4.3576250e+06   5.3649902e+01
   4.4549880e+06   9.1064453e+01
   4.4551900e+06   7.9162598e+01
   4.4553590e+06   6.0058594e+01
   4.4558310e+06   4.0893555e+01
   4.4561810e+06   5.1513672e+01
   4.4568660e+06   5.2246094e+01
   4.4854860e+06   9.3933105e+01
   4.4858600e+06   7.8857422e+01
   4.4860750e+06   6.7810059e+01
   4.4862990e+06   5.3039551e+01
   4.4865690e+06   6.2683105e+01
   4.4868660e+06   6.5917969e+01
   4.4871920e+06   5.7128906e+01
   4.4875130e+06   4.5227051e+01
   4.4882570e+06   4.7668457e+01
   4.6195710e+06   9.0393066e+01
   4.6197940e+06   6.8542480e+01
   4.6199930e+06   7.0495605e+01
   4.6201930e+06   4.6936035e+01
   4.6204080e+06   4.6936035e+01
   4.6207100e+06   5.0720215e+01
   4.6210430e+06   5.5786133e+01
   4.6214260e+06   5.5847168e+01
   4.8066330e+06   9.2163086e+01
   4.8068330e+06   7.8308105e+01
   4.8069980e+06   7.9528809e+01
   4.8071560e+06   4.0649414e+01
   4.8073990e+06   3.7536621e+01
   4.8076710e+06   4.9926758e+01
   4.8079300e+06   5.6030273e+01
   4.8082770e+06   4.5043945e+01
   4.8087390e+06   4.8400879e+01
   4.8315090e+06   9.6313477e+01
   4.8317880e+06   8.5083008e+01
   4.8319840e+06   5.7495117e+01
   4.8321740e+06   7.4890137e+01
   4.8324560e+06   6.3293457e+01
   4.8327330e+06   5.6457520e+01
   4.8330230e+06   4.9926758e+01
   4.8333910e+06   4.3273926e+01
   4.8338600e+06   5.0659180e+01
   4.8344160e+06   5.1269531e+01
   5.1508870e+06   9.7351074e+01
   5.1510740e+06   7.5317383e+01
   5.1512310e+06   4.8645020e+01
   5.1519400e+06   4.5532227e+01
   5.1522840e+06   6.0363770e+01
   5.1526390e+06   4.8217773e+01
   5.1532220e+06   5.0415039e+01
   5.1538490e+06   4.9255371e+01
   5.3060650e+06   9.1064453e+01
   5.3062920e+06   8.6547852e+01
   5.3064570e+06   7.0800781e+01
   5.3066460e+06   3.7536621e+01
   5.3070700e+06   3.8024902e+01
   5.3073370e+06   4.1748047e+01
   5.3075970e+06   4.9255371e+01
   5.3080850e+06   5.2307129e+01
   5.3086820e+06   3.7536621e+01
   5.3907290e+06   8.9050293e+01
   5.3914150e+06   9.1186523e+01
   5.3917420e+06   7.4645996e+01
   5.3920070e+06   8.2519531e+01
   5.3922060e+06   3.8330078e+01
   5.3924260e+06   3.7780762e+01
   5.3927170e+06   3.7658691e+01
   5.3931010e+06   5.2001953e+01
   5.3935100e+06   6.1706543e+01
   5.5158430e+06   9.6557617e+01
   5.5160260e+06   8.3679199e+01
   5.5161830e+06   5.8166504e+01
   5.5163630e+06   3.7902832e+01
   5.5165720e+06   4.3640137e+01
   5.5168430e+06   5.0292969e+01
   5.5171510e+06   5.4016113e+01
   5.5175340e+06   5.1269531e+01
   5.5182020e+06   5.2368164e+01
   5.6007760e+06   9.4177246e+01
   5.6010160e+06   8.7585449e+01
   5.6011840e+06   5.0781250e+01
   5.6013810e+06   4.4433594e+01
   5.6016450e+06   5.6274414e+01
   5.6018900e+06   4.6936035e+01
   5.6022030e+06   3.9794922e+01
   5.6025300e+06   5.1940918e+01
   5.6031080e+06   5.4687500e+01
   5.6556490e+06   9.2041016e+01
   5.6558640e+06   9.0820313e+01
   5.6560190e+06   6.6040039e+01
   5.6562250e+06   4.5837402e+01
   5.6565150e+06   5.5603027e+01
   5.6567900e+06   6.5002441e+01
   5.6570960e+06   5.2978516e+01
   5.6574530e+06   5.7556152e+01
   5.6580790e+06   4.9865723e+01
   5.7674580e+06   9.3261719e+01
   5.7676630e+06   7.5866699e+01
   5.7678680e+06   7.2204590e+01
   5.7680620e+06   6.6040039e+01
   5.7682630e+06   4.0832520e+01
   5.7685340e+06   5.0476074e+01
   5.7688590e+06   4.9560547e+01
   5.7692900e+06   5.6457520e+01
   5.7700220e+06   5.0781250e+01
   5.8764840e+06   9.8388672e+01
   5.8770340e+06   8.1054688e+01
   5.8772860e+06   7.1105957e+01
   5.8774680e+06   5.5419922e+01
   5.8779630e+06   4.2480469e+01
   5.8783120e+06   4.6081543e+01
   5.8788570e+06   5.8959961e+01
