   5.9980000e+06   0.0000000e+00
   2.2380000e+04   3.7902832e+01
   2.2767000e+04   2.6367188e+01
   2.2814000e+04   3.9611816e+01
   2.2848000e+04   2.6428223e+01
   2.3099000e+04   3.7048340e+01
   2.3444000e+04   3.4301758e+01
   2.3777000e+04   3.0761719e+01
   2.4210000e+04   2.7587891e+01
   9.9048000e+04   3.3752441e+01
   1.3354300e+05   4.4433594e+01
   1.3444600e+05   3.8452148e+01
   1.3456800e+05   2.9357910e+01
   1.3484300e+05   3.7841797e+01
   1.3510400e+05   2.5329590e+01
   1.3516500e+05   2.8625488e+01
   1.3555200e+05   2.5756836e+01
   1.3558400e+05   2.6428223e+01
   1.3610400e+05   2.8381348e+01
   2.0757500e+05   3.1188965e+01
   2.2728300e+05   4.8583984e+01
   2.2882600e+05   2.7343750e+01
   2.2909700e+05   2.6672363e+01
   2.2920500e+05   2.7770996e+01
   2.2925100e+05   2.6611328e+01
   2.2928800e+05   3.6804199e+01
   2.2971100e+05   3.6010742e+01
   2.3010000e+05   2.8503418e+01
   2.3053500e+05   2.6611328e+01
   2.3106900e+05   2.5817871e+01
   2.3252100e+05   2.6123047e+01
   3.3080500e+05   4.2358398e+01
   3.4972000e+05   3.1494141e+01
   3.5035200e+05   2.5268555e+01
   3.5040800e+05   3.3325195e+01
   3.5048200e+05   3.0578613e+01
   3.5067400e+05   2.6855469e+01
   3.5080200e+05   4.3273926e+01
   3.5086600e+05   2.5695801e+01
   3.5113600e+05   3.4423828e+01
   3.5193700e+05   2.8442383e+01
   3.5243700e+05   2.5695801e+01
   3.5330400e+05   2.5756836e+01
   4.9023600e+05   3.8024902e+01
   4.9217300e+05   3.3935547e+01
   4.9223300e+05   2.9235840e+01
   4.9238300e+05   2.6611328e+01
   4.9250900e+05   3.9062500e+01
   4.9289000e+05   3.0395508e+01
   4.9331100e+05   2.6245117e+01
   4.9376600e+05   3.2653809e+01
   4.9378200e+05   2.6977539e+01
   5.8142900e+05   3.5095215e+01
   5.8396300e+05   2.7160645e+01
   5.8402000e+05   3.5400391e+01
   5.8403300e+05   2.8930664e+01
   5.8411300e+05   2.6367188e+01
   5.8431900e+05   3.1066895e+01
   5.8438700e+05   2.8198242e+01
   5.8473800e+05   2.9418945e+01
   5.8514700e+05   2.6489258e+01
   5.8557900e+05   2.9785156e+01
   5.8690800e+05   2.7526855e+01
   6.2101100e+05   2.7343750e+01
   6.2136600e+05   3.3996582e+01
   6.2141500e+05   2.6794434e+01
   6.2171000e+05   3.4423828e+01
   6.2180900e+05   2.6000977e+01
   6.2207400e+05   3.2531738e+01
   6.2242600e+05   3.2531738e+01
   6.2289200e+05   2.7893066e+01
   6.2424600e+05   2.7343750e+01
   6.4986900e+05   2.6916504e+01
   6.5039200e+05   3.1677246e+01
   6.5077000e+05   3.3691406e+01
   6.5120300e+05   3.0456543e+01
   6.5175600e+05   3.3203125e+01
   6.5229800e+05   2.7160645e+01
   6.5282800e+05   2.6367188e+01
   8.2018700e+05   3.4301758e+01
   8.2109000e+05   2.6611328e+01
   8.2111500e+05   2.6672363e+01
   8.2118200e+05   2.8076172e+01
   8.2128100e+05   3.6010742e+01
   8.2152900e+05   3.3325195e+01
   8.2161300e+05   3.6254883e+01
   8.2194300e+05   3.1616211e+01
   8.2234300e+05   3.2104492e+01
   8.2286900e+05   4.1564941e+01
   9.9378800e+05   4.4860840e+01
   9.9491600e+05   3.6560059e+01
   9.9494400e+05   3.7109375e+01
   9.9526100e+05   3.2958984e+01
   9.9562200e+05   2.6245117e+01
   9.9567400e+05   2.5329590e+01
   9.9575700e+05   2.6855469e+01
   9.9607300e+05   2.9785156e+01
   9.9654200e+05   2.8625488e+01
   1.1173640e+06   3.5583496e+01
   1.1365330e+06   5.1208496e+01
   1.1365920e+06   2.9479980e+01
   1.1368250e+06   4.2053223e+01
   1.1371210e+06   3.6804199e+01
   1.1374820e+06   3.5461426e+01
   1.1379560e+06   3.1982422e+01
   1.1386810e+06   2.5939941e+01
   1.1693970e+06   3.2287598e+01
   1.1694820e+06   2.8930664e+01
   1.1696610e+06   2.5634766e+01
   1.1698000e+06   3.7414551e+01
   1.1702030e+06   3.3386230e+01
   1.1706490e+06   2.7038574e+01
   1.1710960e+06   3.4301758e+01
   1.1726140e+06   2.5878906e+01
   1.3594870e+06   4.1442871e+01
   1.3595700e+06   2.7160645e+01
   1.3598220e+06   2.9724121e+01
   1.3601240e+06   3.2958984e+01
   1.3604940e+06   3.3447266e+01
   1.3609070e+06   2.7770996e+01
   1.5017810e+06   3.6193848e+01
   1.5542450e+06   6.3110352e+01
   1.5543020e+06   2.8076172e+01
   1.5545310e+06   3.8696289e+01
   1.5548230e+06   2.9907227e+01
   1.5551970e+06   2.7343750e+01
   1.5556660e+06   3.4057617e+01
   1.5571470e+06   2.6428223e+01
   1.5913970e+06   3.2714844e+01
   1.5923350e+06   2.9602051e+01
   1.5924450e+06   4.4067383e+01
   1.5928600e+06   2.6855469e+01
   1.5932320e+06   4.1992188e+01
   1.5937890e+06   2.7099609e+01
   1.5939180e+06   2.9724121e+01
   1.5942800e+06   2.6672363e+01
   1.5947530e+06   2.6245117e+01
   1.5956390e+06   2.6000977e+01
   1.7827660e+06   2.8015137e+01
   1.7827870e+06   2.8991699e+01
   1.7828690e+06   2.7099609e+01
   1.7830800e+06   3.8024902e+01
   1.7833510e+06   2.9418945e+01
   1.7837620e+06   2.8259277e+01
   1.7842670e+06   2.8198242e+01
   1.7847510e+06   3.8757324e+01
   1.9462090e+06   2.5756836e+01
   1.9465340e+06   4.2236328e+01
   1.9465930e+06   2.8076172e+01
   1.9466110e+06   2.6794434e+01
   1.9467510e+06   2.9418945e+01
   1.9468890e+06   3.9245605e+01
   1.9471980e+06   4.6569824e+01
   1.9476180e+06   2.6916504e+01
   1.9480770e+06   2.6794434e+01
   1.9486150e+06   2.7770996e+01
   1.9495290e+06   3.1250000e+01
   1.9863310e+06   3.0151367e+01
   2.0792070e+06   2.5756836e+01
   2.0793100e+06   5.5175781e+01
   2.0793560e+06   2.9724121e+01
   2.0796260e+06   4.0527344e+01
   2.0797170e+06   2.8869629e+01
   2.0799610e+06   2.7282715e+01
   2.0803610e+06   3.6499023e+01
   2.0808520e+06   3.0334473e+01
   2.0816610e+06   2.6062012e+01
   2.1915670e+06   2.7282715e+01
   2.1920380e+06   3.4362793e+01
   2.1923660e+06   4.3395996e+01
   2.1925090e+06   2.6489258e+01
   2.1926480e+06   3.1555176e+01
   2.1926780e+06   2.5695801e+01
   2.1930340e+06   2.6733398e+01
   2.1934970e+06   3.4545898e+01
   2.3570720e+06   3.6193848e+01
   2.3576130e+06   3.3752441e+01
   2.3576720e+06   3.8208008e+01
   2.3576960e+06   2.6428223e+01
   2.3579880e+06   2.6123047e+01
   2.3583540e+06   3.4973145e+01
   2.3587340e+06   2.8442383e+01
   2.5621400e+06   3.6621094e+01
   2.5626420e+06   2.6794434e+01
   2.5627120e+06   2.6977539e+01
   2.5627440e+06   2.5268555e+01
   2.5627660e+06   2.7526855e+01
   2.5628410e+06   2.6733398e+01
   2.5630090e+06   3.4301758e+01
   2.5633620e+06   2.7038574e+01
   2.5638370e+06   3.6254883e+01
   2.5642500e+06   3.5400391e+01
   2.5652390e+06   2.7648926e+01
   2.6060520e+06   3.8635254e+01
   2.6070690e+06   4.3334961e+01
   2.6073940e+06   3.4790039e+01
   2.6078340e+06   3.5034180e+01
   2.6085720e+06   2.5329590e+01
   2.6087400e+06   2.7587891e+01
   2.7462260e+06   4.0893555e+01
   2.7468700e+06   2.9174805e+01
   2.7469400e+06   2.8320313e+01
   2.7470320e+06   3.1921387e+01
   2.7471720e+06   3.5644531e+01
   2.7474830e+06   2.5390625e+01
   2.7475160e+06   2.7282715e+01
   2.7483640e+06   3.5156250e+01
   2.7488480e+06   3.1555176e+01
   2.7495880e+06   2.7832031e+01
   2.9056840e+06   3.3203125e+01
   2.9062510e+06   3.1616211e+01
   2.9062820e+06   2.9174805e+01
   2.9063140e+06   3.6437988e+01
   2.9066620e+06   2.5817871e+01
   2.9069940e+06   3.3630371e+01
   2.9083530e+06   2.5268555e+01
   2.9344840e+06   3.8818359e+01
   2.9350140e+06   3.6376953e+01
   2.9351270e+06   2.7282715e+01
   2.9354590e+06   3.0761719e+01
   2.9358460e+06   2.8686523e+01
   2.9367440e+06   2.5451660e+01
   2.9384280e+06   2.7343750e+01
   3.0548540e+06   3.5583496e+01
   3.0552000e+06   3.2226563e+01
   3.0552360e+06   2.6977539e+01
   3.0552850e+06   2.7893066e+01
   3.0553110e+06   2.7465820e+01
   3.0556240e+06   2.8991699e+01
   3.0559930e+06   2.7770996e+01
   3.0563980e+06   3.1250000e+01
   3.0568640e+06   2.8381348e+01
   3.0576420e+06   2.5207520e+01
   3.1201730e+06   3.1311035e+01
   3.1211170e+06   3.6010742e+01
   3.1218230e+06   3.4057617e+01
   3.1222630e+06   3.7658691e+01
   3.1228070e+06   3.3691406e+01
   3.1233070e+06   3.9794922e+01
   3.1241720e+06   2.9052734e+01
   3.3136440e+06   4.1748047e+01
   3.3136610e+06   3.0639648e+01
   3.3137440e+06   2.9113770e+01
   3.3139500e+06   3.5888672e+01
   3.3139860e+06   3.0090332e+01
   3.3140650e+06   2.6000977e+01
   3.3142710e+06   3.0029297e+01
   3.3146930e+06   2.7709961e+01
   3.3151070e+06   2.6550293e+01
   3.3155970e+06   3.0212402e+01
   3.3166910e+06   2.8503418e+01
   3.3388810e+06   3.1188965e+01
   3.3389660e+06   3.8574219e+01
   3.3393330e+06   3.6010742e+01
   3.3397520e+06   3.1188965e+01
   3.3397930e+06   2.7038574e+01
   3.3403700e+06   2.8747559e+01
   3.3422440e+06   2.5878906e+01
   3.5044800e+06   3.7902832e+01
   3.5051730e+06   3.0212402e+01
   3.5052260e+06   2.9052734e+01
   3.5052360e+06   3.4729004e+01
   3.5055450e+06   3.6804199e+01
   3.5058450e+06   3.3508301e+01
   3.5062050e+06   2.7343750e+01
   3.5076790e+06   2.5451660e+01
   3.6635200e+06   3.3020020e+01
   3.6641550e+06   2.9296875e+01
   3.6643220e+06   4.1809082e+01
   3.6645940e+06   3.5278320e+01
   3.6653390e+06   2.9724121e+01
   3.6664640e+06   2.7099609e+01
   3.6908170e+06   4.2358398e+01
   3.6911900e+06   4.4494629e+01
   3.6912430e+06   2.6428223e+01
   3.6915500e+06   3.1921387e+01
   3.6919520e+06   2.5390625e+01
   3.6931010e+06   2.9785156e+01
   3.7547490e+06   2.5634766e+01
   3.7552230e+06   4.1076660e+01
   3.7552670e+06   2.9602051e+01
   3.7553790e+06   3.3630371e+01
   3.7555550e+06   3.1738281e+01
   3.7559590e+06   3.2104492e+01
   3.7570320e+06   3.0578613e+01
   3.7576610e+06   2.8442383e+01
   3.8913510e+06   2.8625488e+01
   3.8916420e+06   2.9174805e+01
   3.8916710e+06   3.0456543e+01
   3.8918010e+06   2.7343750e+01
   3.8919580e+06   2.9602051e+01
   3.8921210e+06   2.5756836e+01
   3.8922480e+06   3.8818359e+01
   3.8926350e+06   3.1860352e+01
   3.8931060e+06   3.0151367e+01
   3.9713930e+06   3.1677246e+01
   3.9725060e+06   3.3203125e+01
   3.9725950e+06   2.5268555e+01
   3.9727780e+06   3.0151367e+01
   3.9731980e+06   2.5573730e+01
   3.9736750e+06   2.6062012e+01
   3.9741690e+06   2.9907227e+01
   4.0814040e+06   3.6804199e+01
   4.1896660e+06   3.7109375e+01
   4.1902650e+06   2.6062012e+01
   4.1902780e+06   3.8757324e+01
   4.1905690e+06   3.6926270e+01
   4.1908740e+06   3.0456543e+01
   4.1912800e+06   2.8808594e+01
   4.1918220e+06   2.6550293e+01
   4.3096300e+06   4.4494629e+01
   4.3102840e+06   3.7902832e+01
   4.3104520e+06   2.6489258e+01
   4.3105160e+06   2.8198242e+01
   4.3106260e+06   4.6264648e+01
   4.3106560e+06   3.0456543e+01
   4.3108410e+06   2.5329590e+01
   4.3109140e+06   3.6804199e+01
   4.3113230e+06   3.0090332e+01
   4.3121410e+06   2.6428223e+01
   4.3561290e+06   3.9184570e+01
   4.3561680e+06   3.3752441e+01
   4.3562100e+06   3.0151367e+01
   4.3562340e+06   3.2897949e+01
   4.3562540e+06   2.8381348e+01
   4.3565330e+06   3.4118652e+01
   4.3565720e+06   2.8076172e+01
   4.3569220e+06   2.9296875e+01
   4.3569630e+06   2.5634766e+01
   4.3573200e+06   2.7770996e+01
   4.3578110e+06   3.0822754e+01
   4.3590230e+06   2.7038574e+01
   4.3599950e+06   2.6000977e+01
   4.4535330e+06   3.8757324e+01
   4.4540940e+06   2.5756836e+01
   4.4544600e+06   3.1677246e+01
   4.4551500e+06   3.4179688e+01
   4.4555610e+06   2.8259277e+01
   4.4559280e+06   2.6123047e+01
   4.4563740e+06   3.2165527e+01
   4.4870000e+06   3.2714844e+01
   4.4870490e+06   3.6132813e+01
   4.4874700e+06   3.5461426e+01
   4.4879030e+06   2.5573730e+01
   4.4883980e+06   3.1127930e+01
   4.4891510e+06   2.9724121e+01
   4.6206340e+06   2.5695801e+01
   4.6207140e+06   3.1738281e+01
   4.6207970e+06   2.5207520e+01
   4.6208270e+06   2.6672363e+01
   4.6208790e+06   2.6062012e+01
   4.6210340e+06   3.1311035e+01
   4.6212680e+06   3.3630371e+01
   4.6214070e+06   3.0029297e+01
   4.6218950e+06   3.6804199e+01
   4.6224890e+06   3.0395508e+01
   4.8074950e+06   2.8015137e+01
   4.8075390e+06   3.5766602e+01
   4.8075610e+06   2.5268555e+01
   4.8076170e+06   2.8625488e+01
   4.8078100e+06   4.7607422e+01
   4.8078860e+06   2.9785156e+01
   4.8081160e+06   3.3874512e+01
   4.8084970e+06   3.0883789e+01
   4.8085340e+06   2.6672363e+01
   4.8089300e+06   3.0395508e+01
   4.8094390e+06   2.7648926e+01
   4.8106000e+06   2.5695801e+01
   4.8327900e+06   2.8686523e+01
   4.8328590e+06   3.1799316e+01
   4.8332280e+06   5.1086426e+01
   4.8332530e+06   2.9479980e+01
   4.8335790e+06   3.1677246e+01
   4.8344990e+06   2.6367188e+01
   5.1516160e+06   3.9001465e+01
   5.1516300e+06   2.6184082e+01
   5.1516530e+06   4.0832520e+01
   5.1519000e+06   2.7770996e+01
   5.1520440e+06   2.6672363e+01
   5.1521570e+06   2.8320313e+01
   5.1524800e+06   4.6936035e+01
   5.1528310e+06   2.6977539e+01
   5.1538410e+06   2.5634766e+01
   5.1546910e+06   2.6428223e+01
   5.3068170e+06   3.6499023e+01
   5.3069460e+06   3.6193848e+01
   5.3069860e+06   2.8625488e+01
   5.3070000e+06   2.7282715e+01
   5.3070550e+06   2.9479980e+01
   5.3071220e+06   4.8522949e+01
   5.3072810e+06   2.6550293e+01
   5.3073720e+06   3.2836914e+01
   5.3077450e+06   3.2409668e+01
   5.3078970e+06   2.7648926e+01
   5.3081830e+06   2.5573730e+01
   5.3086230e+06   3.0578613e+01
   5.3913310e+06   3.6010742e+01
   5.3920340e+06   2.6306152e+01
   5.3920920e+06   2.9785156e+01
   5.3921470e+06   2.9235840e+01
   5.3921730e+06   3.8146973e+01
   5.3924010e+06   3.4118652e+01
   5.3926780e+06   3.2287598e+01
   5.3930390e+06   2.8076172e+01
   5.3935180e+06   2.7282715e+01
   5.5166600e+06   4.8461914e+01
   5.5167410e+06   3.4118652e+01
   5.5167920e+06   2.5634766e+01
   5.5169430e+06   2.9052734e+01
   5.5170390e+06   2.6916504e+01
   5.5172660e+06   3.5339355e+01
   5.5176440e+06   2.9602051e+01
   5.5177600e+06   2.7160645e+01
   5.5180580e+06   2.8137207e+01
   5.5185560e+06   2.8076172e+01
   5.6019260e+06   4.1015625e+01
   5.6019580e+06   2.5817871e+01
   5.6019730e+06   2.6733398e+01
   5.6022410e+06   4.5593262e+01
   5.6025280e+06   3.2470703e+01
   5.6030000e+06   3.4240723e+01
   5.6034480e+06   2.8076172e+01
   5.6039990e+06   2.5207520e+01
   5.6566730e+06   3.7292480e+01
   5.6568500e+06   2.9479980e+01
   5.6569000e+06   2.7770996e+01
   5.6570170e+06   3.2165527e+01
   5.6572830e+06   2.9113770e+01
   5.6573170e+06   2.8686523e+01
   5.6577050e+06   3.3081055e+01
   5.6581780e+06   2.8869629e+01
   5.6587040e+06   2.9968262e+01
   5.6599970e+06   2.8259277e+01
   5.7664330e+06   3.6315918e+01
   5.7672030e+06   3.4912109e+01
   5.7676190e+06   3.0090332e+01
   5.7676290e+06   3.1616211e+01
   5.7680430e+06   2.5329590e+01
   5.7684700e+06   3.1005859e+01
   5.7690110e+06   2.6000977e+01
   5.7695330e+06   2.6611328e+01
   5.8764350e+06   3.9611816e+01
   5.8768340e+06   2.5390625e+01
   5.8771880e+06   4.0161133e+01
   5.8774480e+06   3.0456543e+01
   5.8775130e+06   3.8330078e+01
   5.8777410e+06   4.0161133e+01
   5.8777520e+06   3.1372070e+01
   5.8780990e+06   2.8991699e+01
   5.8785460e+06   2.7343750e+01
   5.8789780e+06   3.0944824e+01
