   5.9980000e+06   0.0000000e+00
   2.2736000e+04   3.3813477e+01
   2.3147000e+04   3.2043457e+01
   2.3470000e+04   3.6560059e+01
   2.3902000e+04   2.9724121e+01
   1.3399200e+05   3.1494141e+01
   1.3414700e+05   2.9724121e+01
   1.3442700e+05   2.9052734e+01
   1.3463700e+05   3.6071777e+01
   1.3501700e+05   2.9846191e+01
   1.3502900e+05   2.8198242e+01
   1.3599700e+05   2.9052734e+01
   2.2879800e+05   3.0517578e+01
   2.8516600e+05   2.9846191e+01
   3.3176400e+05   2.7099609e+01
   3.5041700e+05   3.8024902e+01
   3.5078000e+05   2.7343750e+01
   3.5086000e+05   3.3508301e+01
   4.5563400e+05   3.1066895e+01
   4.9103500e+05   2.7282715e+01
   4.9286800e+05   2.9418945e+01
   4.9471000e+05   3.3691406e+01
   5.2561400e+05   3.0700684e+01
   5.6486200e+05   2.8869629e+01
   5.8398600e+05   3.6804199e+01
   5.8442700e+05   2.8808594e+01
   5.8479800e+05   2.8686523e+01
   5.8481500e+05   2.7770996e+01
   5.8537700e+05   2.7404785e+01
   6.2140800e+05   2.9357910e+01
   6.2189300e+05   2.9968262e+01
   6.2248700e+05   2.8259277e+01
   6.5377500e+05   2.8259277e+01
   8.2076300e+05   2.8198242e+01
   8.2102000e+05   2.9785156e+01
   8.2178800e+05   2.7770996e+01
   8.2274200e+05   2.7465820e+01
   9.7479100e+05   2.7099609e+01
   9.9426600e+05   3.1494141e+01
   9.9492600e+05   2.7832031e+01
   9.9536300e+05   2.9602051e+01
   9.9807500e+05   2.6977539e+01
   1.1196110e+06   3.5217285e+01
   1.1365800e+06   2.9418945e+01
   1.1372260e+06   2.7343750e+01
   1.1373350e+06   2.7099609e+01
   1.1376450e+06   2.7221680e+01
   1.1695120e+06   2.7893066e+01
   1.1699510e+06   3.5217285e+01
   1.2852810e+06   2.7160645e+01
   1.3594350e+06   2.9052734e+01
   1.3595580e+06   2.8259277e+01
   1.3597800e+06   3.1860352e+01
   1.3599510e+06   3.2226563e+01
   1.3601260e+06   2.7282715e+01
   1.3603520e+06   2.7038574e+01
   1.5541670e+06   3.8208008e+01
   1.5545210e+06   2.9602051e+01
   1.5545440e+06   2.8625488e+01
   1.5553360e+06   2.8198242e+01
   1.5921160e+06   2.7893066e+01
   1.5925190e+06   2.9602051e+01
   1.5930340e+06   2.9968262e+01
   1.7828020e+06   2.9235840e+01
   1.7836090e+06   2.7099609e+01
   1.9465560e+06   2.7709961e+01
   1.9467180e+06   2.7832031e+01
   1.9473250e+06   2.8259277e+01
   1.9486640e+06   2.7465820e+01
   2.0440910e+06   2.7343750e+01
   2.0793610e+06   3.6132813e+01
   2.0795020e+06   2.9357910e+01
   2.1921790e+06   2.9602051e+01
   2.1922260e+06   3.9550781e+01
   2.1926150e+06   3.0151367e+01
   2.1935430e+06   2.9541016e+01
   2.2671000e+06   2.8137207e+01
   2.3574690e+06   2.9907227e+01
   2.3587830e+06   3.3203125e+01
   2.3594050e+06   3.3081055e+01
   2.5624050e+06   3.0639648e+01
   2.5625760e+06   3.2287598e+01
   2.5628470e+06   2.8076172e+01
   2.5628880e+06   3.1555176e+01
   2.5632930e+06   2.7832031e+01
   2.6066240e+06   2.8381348e+01
   2.6071830e+06   3.1250000e+01
   2.6076170e+06   3.1799316e+01
   2.6081060e+06   2.8442383e+01
   2.7467520e+06   2.7465820e+01
   2.7471480e+06   2.7954102e+01
   2.7474450e+06   2.9846191e+01
   2.7481330e+06   2.9968262e+01
   2.7483930e+06   2.8259277e+01
   2.9063720e+06   2.7038574e+01
   2.9064020e+06   2.7099609e+01
   2.9068240e+06   3.1860352e+01
   2.9073600e+06   3.1127930e+01
   2.9080610e+06   2.7587891e+01
   2.9088580e+06   2.8320313e+01
   2.9353250e+06   2.9174805e+01
   2.9358920e+06   3.0944824e+01
   2.9373250e+06   3.1311035e+01
   3.0554940e+06   2.9907227e+01
   3.0555760e+06   2.7343750e+01
   3.0559570e+06   3.2165527e+01
   3.0565340e+06   2.8869629e+01
   3.1224220e+06   3.0090332e+01
   3.1239390e+06   3.1127930e+01
   3.2952970e+06   3.0029297e+01
   3.3136190e+06   2.7160645e+01
   3.3140450e+06   3.1005859e+01
   3.3144090e+06   3.5034180e+01
   3.3148540e+06   2.8259277e+01
   3.3389710e+06   2.7648926e+01
   3.3391800e+06   2.8015137e+01
   3.5048250e+06   3.4606934e+01
   3.5052870e+06   4.5837402e+01
   3.5055600e+06   2.6977539e+01
   3.5057400e+06   2.9602051e+01
   3.5062500e+06   2.7954102e+01
   3.5063960e+06   2.8747559e+01
   3.5069830e+06   3.1555176e+01
   3.6640780e+06   2.7404785e+01
   3.6643760e+06   2.7099609e+01
   3.6644330e+06   2.7526855e+01
   3.6653060e+06   2.7526855e+01
   3.6658730e+06   2.7343750e+01
   3.6667670e+06   2.7770996e+01
   3.6908700e+06   3.2592773e+01
   3.6913750e+06   4.1259766e+01
   3.6919070e+06   2.7465820e+01
   3.7553260e+06   2.9113770e+01
   3.7553810e+06   2.8686523e+01
   3.7557820e+06   2.8198242e+01
   3.7563040e+06   2.7526855e+01
   3.7568930e+06   2.9846191e+01
   3.7572340e+06   2.6977539e+01
   3.8894350e+06   3.3630371e+01
   3.8916040e+06   2.7709961e+01
   3.8920070e+06   2.7770996e+01
   3.8921000e+06   2.6977539e+01
   3.8925320e+06   2.8320313e+01
   3.8939310e+06   3.0456543e+01
   3.9733120e+06   3.1677246e+01
   3.9740380e+06   2.7404785e+01
   4.1075830e+06   3.1860352e+01
   4.1897780e+06   2.9663086e+01
   4.1902500e+06   2.7343750e+01
   4.1903210e+06   4.0466309e+01
   4.1906800e+06   4.3518066e+01
   4.1911280e+06   2.9479980e+01
   4.1917090e+06   3.1616211e+01
   4.3101120e+06   3.2531738e+01
   4.3106140e+06   3.3996582e+01
   4.3107500e+06   2.7404785e+01
   4.3121540e+06   2.7343750e+01
   4.3137020e+06   2.7893066e+01
   4.3238520e+06   3.0151367e+01
   4.3560990e+06   3.3813477e+01
   4.3562440e+06   2.9724121e+01
   4.3563720e+06   2.7160645e+01
   4.3571750e+06   2.7587891e+01
   4.4545280e+06   3.3447266e+01
   4.4551670e+06   2.7465820e+01
   4.4556510e+06   2.8381348e+01
   4.4562350e+06   3.0273438e+01
   4.4868500e+06   3.0517578e+01
   4.4869660e+06   3.3691406e+01
   4.4872870e+06   2.8747559e+01
   4.4874450e+06   3.0212402e+01
   4.4875820e+06   2.7770996e+01
   4.4880570e+06   2.7282715e+01
   4.4889310e+06   3.0029297e+01
   4.6206590e+06   2.8991699e+01
   4.6208390e+06   3.0456543e+01
   4.6212640e+06   3.3325195e+01
   4.6217060e+06   3.3325195e+01
   4.8076720e+06   3.5095215e+01
   4.8080340e+06   3.5888672e+01
   4.8084610e+06   2.8747559e+01
   4.8090080e+06   3.1311035e+01
   4.8097460e+06   2.7282715e+01
   4.8331330e+06   3.3325195e+01
   4.8331780e+06   3.0212402e+01
   4.8342040e+06   2.7526855e+01
   4.8349460e+06   2.8381348e+01
   5.1517420e+06   4.1259766e+01
   5.1519190e+06   3.3386230e+01
   5.1520910e+06   3.5766602e+01
   5.1525030e+06   3.2348633e+01
   5.1529900e+06   3.4240723e+01
   5.3069570e+06   2.8930664e+01
   5.3070020e+06   3.3203125e+01
   5.3073770e+06   3.5339355e+01
   5.3077100e+06   3.0090332e+01
   5.3081930e+06   2.8869629e+01
   5.3918930e+06   2.7587891e+01
   5.3924260e+06   2.9418945e+01
   5.3924740e+06   3.5095215e+01
   5.3928500e+06   2.7770996e+01
   5.5166080e+06   3.0822754e+01
   5.5166650e+06   2.7099609e+01
   5.5170930e+06   4.3395996e+01
   5.5174810e+06   3.2470703e+01
   5.5197460e+06   2.7343750e+01
   5.6018150e+06   3.3630371e+01
   5.6019160e+06   2.8869629e+01
   5.6022810e+06   3.0395508e+01
   5.6026590e+06   3.3447266e+01
   5.6030940e+06   2.9235840e+01
   5.6045000e+06   2.8442383e+01
   5.6567590e+06   2.8259277e+01
   5.6568040e+06   3.3630371e+01
   5.6571800e+06   2.8808594e+01
   5.6572620e+06   3.2348633e+01
   5.6588880e+06   2.7221680e+01
   5.7670650e+06   3.0090332e+01
   5.7676500e+06   3.4179688e+01
   5.7680940e+06   3.0761719e+01
   5.7695360e+06   2.7526855e+01
   5.8770310e+06   3.1555176e+01
   5.8774660e+06   3.3386230e+01
   5.8775260e+06   2.7648926e+01
   5.8779440e+06   2.9479980e+01
