   5.9980000e+06   0.0000000e+00
   2.2686000e+04   3.8574219e+01
   2.2900000e+04   3.1738281e+01
   2.2972000e+04   2.9785156e+01
   2.3145000e+04   2.7343750e+01
   2.3514000e+04   2.6855469e+01
   2.3916000e+04   2.5268555e+01
   2.4374000e+04   3.3569336e+01
   2.4846000e+04   3.3142090e+01
   2.5389000e+04   3.7353516e+01
   2.6127000e+04   3.1311035e+01
   2.8008000e+04   3.2165527e+01
   7.9801000e+04   2.5024414e+01
   1.3355900e+05   4.0893555e+01
   1.3391100e+05   2.8869629e+01
   1.3448400e+05   3.6437988e+01
   1.3457300e+05   2.5390625e+01
   1.3483900e+05   3.0334473e+01
   1.3514000e+05   2.8503418e+01
   1.3522900e+05   2.4780273e+01
   1.3568500e+05   2.6367188e+01
   1.3615200e+05   2.7465820e+01
   1.3667400e+05   3.2470703e+01
   1.3733000e+05   3.1066895e+01
   1.3797400e+05   2.8747559e+01
   1.3890400e+05   2.4902344e+01
   2.2712500e+05   3.7475586e+01
   2.2803900e+05   2.8076172e+01
   2.2878300e+05   3.2958984e+01
   2.2897500e+05   2.8442383e+01
   2.2920000e+05   2.6794434e+01
   2.2925100e+05   3.2592773e+01
   2.3005300e+05   2.7038574e+01
   2.3053200e+05   2.5512695e+01
   2.3099900e+05   3.0090332e+01
   2.3150100e+05   2.6611328e+01
   2.3222700e+05   3.1066895e+01
   2.3300600e+05   2.8564453e+01
   3.3113300e+05   3.6499023e+01
   3.3273100e+05   3.8696289e+01
   3.4961200e+05   3.7292480e+01
   3.5017400e+05   3.2287598e+01
   3.5049500e+05   2.8991699e+01
   3.5093300e+05   2.4719238e+01
   3.5136700e+05   2.7954102e+01
   3.5184200e+05   2.5451660e+01
   3.5233100e+05   3.3569336e+01
   3.5296300e+05   2.8564453e+01
   3.5380300e+05   2.6000977e+01
   4.9060900e+05   3.1982422e+01
   4.9155500e+05   2.8808594e+01
   4.9191900e+05   2.5512695e+01
   4.9195200e+05   3.3020020e+01
   4.9232900e+05   3.7902832e+01
   4.9271500e+05   2.7832031e+01
   4.9308800e+05   2.7038574e+01
   4.9350100e+05   3.0578613e+01
   4.9407400e+05   2.7893066e+01
   4.9467100e+05   3.0639648e+01
   4.9562900e+05   3.0395508e+01
   5.2187000e+05   2.7343750e+01
   5.4499300e+05   2.5634766e+01
   5.8387800e+05   3.1066895e+01
   5.8397400e+05   3.1433105e+01
   5.8404000e+05   4.3518066e+01
   5.8420400e+05   2.6123047e+01
   5.8433400e+05   3.6010742e+01
   5.8468500e+05   3.0944824e+01
   5.8557700e+05   2.5329590e+01
   5.8618900e+05   3.7353516e+01
   5.8682600e+05   2.8503418e+01
   5.8782300e+05   2.5939941e+01
   6.2145300e+05   3.5156250e+01
   6.2149500e+05   2.6916504e+01
   6.2173600e+05   2.6611328e+01
   6.2180500e+05   3.4606934e+01
   6.2225200e+05   3.4851074e+01
   6.2271600e+05   3.2470703e+01
   6.2333300e+05   3.4790039e+01
   6.2391500e+05   2.7587891e+01
   6.2474400e+05   2.9602051e+01
   6.4988900e+05   3.5461426e+01
   6.5036700e+05   3.1494141e+01
   6.5085600e+05   2.7526855e+01
   6.5127900e+05   2.9785156e+01
   6.5179200e+05   3.4973145e+01
   6.5239100e+05   3.1005859e+01
   6.5306400e+05   3.0456543e+01
   6.9290100e+05   2.4719238e+01
   7.5255600e+05   2.6428223e+01
   7.9297600e+05   2.4719238e+01
   8.2097200e+05   3.2226563e+01
   8.2123100e+05   2.7832031e+01
   8.2157300e+05   3.0517578e+01
   8.2193000e+05   2.7526855e+01
   8.2228200e+05   3.2104492e+01
   8.2271500e+05   2.6977539e+01
   8.2311100e+05   3.2897949e+01
   8.2369400e+05   2.9418945e+01
   8.2433900e+05   3.2043457e+01
   8.2576000e+05   2.7893066e+01
   9.2766300e+05   2.4902344e+01
   9.9467000e+05   4.0588379e+01
   9.9495500e+05   3.9611816e+01
   9.9507200e+05   2.9907227e+01
   9.9518900e+05   2.5268555e+01
   9.9554400e+05   2.8259277e+01
   9.9589700e+05   2.6245117e+01
   9.9630700e+05   3.0639648e+01
   9.9672800e+05   2.6794434e+01
   9.9719900e+05   2.8015137e+01
   9.9775900e+05   2.4841309e+01
   9.9842300e+05   2.7465820e+01
   1.0645730e+06   2.5634766e+01
   1.0798140e+06   2.4780273e+01
   1.1174160e+06   3.9123535e+01
   1.1364510e+06   5.4382324e+01
   1.1367250e+06   3.2958984e+01
   1.1368560e+06   3.1005859e+01
   1.1370330e+06   3.3142090e+01
   1.1374180e+06   2.8198242e+01
   1.1378290e+06   2.9968262e+01
   1.1387240e+06   3.1677246e+01
   1.1392920e+06   2.8198242e+01
   1.1400740e+06   3.5217285e+01
   1.1417740e+06   2.8198242e+01
   1.1693200e+06   3.5583496e+01
   1.1697560e+06   3.4667969e+01
   1.1701310e+06   3.2226563e+01
   1.1705750e+06   2.8686523e+01
   1.1710720e+06   3.5461426e+01
   1.1716000e+06   3.3935547e+01
   1.1722940e+06   3.3020020e+01
   1.1729410e+06   2.6184082e+01
   1.1744410e+06   2.5085449e+01
   1.3594320e+06   4.3823242e+01
   1.3597130e+06   2.9968262e+01
   1.3600440e+06   2.8930664e+01
   1.3604340e+06   3.4179688e+01
   1.3609250e+06   2.7893066e+01
   1.3613850e+06   2.8381348e+01
   1.3619270e+06   2.6062012e+01
   1.3625260e+06   2.8869629e+01
   1.3633800e+06   3.2043457e+01
   1.4062650e+06   2.5817871e+01
   1.5541770e+06   4.6264648e+01
   1.5544160e+06   3.4179688e+01
   1.5547260e+06   3.1921387e+01
   1.5550770e+06   3.1250000e+01
   1.5555060e+06   2.9418945e+01
   1.5560170e+06   2.7404785e+01
   1.5570060e+06   3.2470703e+01
   1.5578150e+06   3.3142090e+01
   1.5592560e+06   3.2531738e+01
   1.5917500e+06   3.4118652e+01
   1.5921800e+06   3.0212402e+01
   1.5924820e+06   2.5146484e+01
   1.5925610e+06   3.3752441e+01
   1.5928360e+06   2.5085449e+01
   1.5929740e+06   3.1799316e+01
   1.5934050e+06   3.4423828e+01
   1.5939230e+06   2.9907227e+01
   1.5944530e+06   2.8686523e+01
   1.5950350e+06   2.7160645e+01
   1.5956310e+06   2.6855469e+01
   1.5966860e+06   2.7709961e+01
   1.7730420e+06   2.4902344e+01
   1.7826700e+06   4.0222168e+01
   1.7829270e+06   2.8747559e+01
   1.7830290e+06   2.6245117e+01
   1.7832280e+06   3.0517578e+01
   1.7836170e+06   3.2226563e+01
   1.7840210e+06   2.8625488e+01
   1.7844710e+06   3.2470703e+01
   1.7849440e+06   2.5512695e+01
   1.7854910e+06   2.9724121e+01
   1.7861640e+06   2.5390625e+01
   1.7863390e+06   3.1005859e+01
   1.9465710e+06   3.6132813e+01
   1.9467940e+06   2.7465820e+01
   1.9468430e+06   3.1677246e+01
   1.9471710e+06   3.2226563e+01
   1.9475810e+06   2.6733398e+01
   1.9479990e+06   3.2531738e+01
   1.9484790e+06   3.1860352e+01
   1.9489890e+06   2.5634766e+01
   1.9495860e+06   2.5634766e+01
   1.9504600e+06   2.8076172e+01
   1.9853570e+06   2.5512695e+01
   2.0791170e+06   4.0344238e+01
   2.0793610e+06   2.9663086e+01
   2.0794400e+06   3.8879395e+01
   2.0797530e+06   2.7832031e+01
   2.0801200e+06   3.3935547e+01
   2.0805440e+06   3.3569336e+01
   2.0810020e+06   3.1982422e+01
   2.0815450e+06   3.0517578e+01
   2.0821140e+06   3.3630371e+01
   2.0827520e+06   2.7587891e+01
   2.0841070e+06   3.0944824e+01
   2.1919190e+06   3.3874512e+01
   2.1921570e+06   2.8808594e+01
   2.1922070e+06   3.2165527e+01
   2.1924560e+06   2.6184082e+01
   2.1928190e+06   3.0334473e+01
   2.1932670e+06   2.7160645e+01
   2.1937550e+06   3.4973145e+01
   2.1943230e+06   3.5461426e+01
   2.1949510e+06   2.5024414e+01
   2.1958050e+06   2.9052734e+01
   2.2657740e+06   2.4902344e+01
   2.2980890e+06   2.6245117e+01
   2.3572000e+06   3.1127930e+01
   2.3574790e+06   2.5573730e+01
   2.3575240e+06   3.7597656e+01
   2.3575810e+06   2.5268555e+01
   2.3577910e+06   3.2836914e+01
   2.3581500e+06   3.1005859e+01
   2.3585280e+06   2.8259277e+01
   2.3589840e+06   2.8564453e+01
   2.3594390e+06   3.1188965e+01
   2.3607200e+06   3.3386230e+01
   2.3615320e+06   3.1311035e+01
   2.3622200e+06   2.5756836e+01
   2.4156030e+06   2.6794434e+01
   2.5620330e+06   2.5756836e+01
   2.5622360e+06   3.7048340e+01
   2.5626150e+06   2.5390625e+01
   2.5626330e+06   2.5817871e+01
   2.5629160e+06   3.6132813e+01
   2.5632630e+06   2.5390625e+01
   2.5636670e+06   3.0151367e+01
   2.5640420e+06   2.5390625e+01
   2.5645540e+06   2.5756836e+01
   2.5650900e+06   3.8330078e+01
   2.5664910e+06   3.0761719e+01
   2.6060450e+06   3.5461426e+01
   2.6066020e+06   2.6489258e+01
   2.6069650e+06   3.1311035e+01
   2.6073450e+06   2.5329590e+01
   2.6077190e+06   2.4841309e+01
   2.6081250e+06   3.2165527e+01
   2.6086380e+06   2.9235840e+01
   2.6091180e+06   3.0395508e+01
   2.6097380e+06   2.8503418e+01
   2.6105890e+06   2.8686523e+01
   2.7397300e+06   2.6123047e+01
   2.7465570e+06   3.3569336e+01
   2.7469080e+06   3.3691406e+01
   2.7471100e+06   3.9794922e+01
   2.7472210e+06   3.2592773e+01
   2.7475840e+06   3.0151367e+01
   2.7479670e+06   2.5085449e+01
   2.7484000e+06   2.4963379e+01
   2.7488430e+06   2.8625488e+01
   2.7493770e+06   2.5268555e+01
   2.7500790e+06   2.9418945e+01
   2.7511470e+06   3.1555176e+01
   2.9058170e+06   4.3823242e+01
   2.9060690e+06   2.4902344e+01
   2.9062400e+06   3.8635254e+01
   2.9065640e+06   2.9357910e+01
   2.9069740e+06   2.6794434e+01
   2.9074010e+06   2.5573730e+01
   2.9078960e+06   2.6428223e+01
   2.9084050e+06   2.6428223e+01
   2.9089450e+06   2.7526855e+01
   2.9096350e+06   2.5695801e+01
   2.9346040e+06   3.3569336e+01
   2.9350180e+06   2.5329590e+01
   2.9355010e+06   3.6071777e+01
   2.9359530e+06   2.8747559e+01
   2.9363960e+06   3.7231445e+01
   2.9369020e+06   2.9602051e+01
   2.9374070e+06   2.5085449e+01
   2.9381520e+06   2.6428223e+01
   2.9395400e+06   3.0151367e+01
   3.0549190e+06   3.9062500e+01
   3.0551880e+06   2.4719238e+01
   3.0552610e+06   2.7526855e+01
   3.0555830e+06   3.6315918e+01
   3.0559490e+06   3.1677246e+01
   3.0563760e+06   3.8330078e+01
   3.0568970e+06   2.5695801e+01
   3.0574060e+06   2.6794434e+01
   3.0580270e+06   2.5268555e+01
   3.1209650e+06   3.6010742e+01
   3.1215470e+06   2.9418945e+01
   3.1219310e+06   2.6489258e+01
   3.1220000e+06   3.2470703e+01
   3.1224480e+06   2.8625488e+01
   3.1228870e+06   3.5644531e+01
   3.1232690e+06   2.4719238e+01
   3.1233720e+06   2.5573730e+01
   3.1235700e+06   2.4902344e+01
   3.1239230e+06   2.5817871e+01
   3.1245960e+06   3.5034180e+01
   3.1253100e+06   2.9418945e+01
   3.3135460e+06   3.6071777e+01
   3.3138040e+06   4.3273926e+01
   3.3138750e+06   2.6550293e+01
   3.3141000e+06   3.9367676e+01
   3.3144730e+06   2.9113770e+01
   3.3148550e+06   2.7648926e+01
   3.3153600e+06   2.7038574e+01
   3.3158380e+06   2.9479980e+01
   3.3164270e+06   3.2409668e+01
   3.3175680e+06   3.5766602e+01
   3.3386440e+06   3.8024902e+01
   3.3389910e+06   3.3142090e+01
   3.3391400e+06   2.9968262e+01
   3.3393550e+06   2.9602051e+01
   3.3398000e+06   2.5878906e+01
   3.3402830e+06   2.9418945e+01
   3.3408050e+06   2.7770996e+01
   3.3413950e+06   3.1982422e+01
   3.3421630e+06   3.1372070e+01
   3.3434080e+06   2.5329590e+01
   3.4560860e+06   2.6611328e+01
   3.5047990e+06   3.9855957e+01
   3.5050180e+06   2.4780273e+01
   3.5050770e+06   3.1433105e+01
   3.5054180e+06   3.7414551e+01
   3.5054530e+06   2.5390625e+01
   3.5057840e+06   2.4902344e+01
   3.5061720e+06   2.9174805e+01
   3.5070180e+06   2.5024414e+01
   3.5075600e+06   2.5390625e+01
   3.5081890e+06   2.6489258e+01
   3.5671050e+06   2.4841309e+01
   3.5907760e+06   2.4963379e+01
   3.6638360e+06   3.4790039e+01
   3.6640450e+06   2.5268555e+01
   3.6641680e+06   3.6682129e+01
   3.6643390e+06   2.8381348e+01
   3.6644270e+06   3.1677246e+01
   3.6648490e+06   3.2531738e+01
   3.6652880e+06   2.5817871e+01
   3.6657550e+06   3.2165527e+01
   3.6662720e+06   2.5146484e+01
   3.6668870e+06   2.5634766e+01
   3.6676460e+06   2.7526855e+01
   3.6811010e+06   2.8503418e+01
   3.6905080e+06   3.2287598e+01
   3.6909110e+06   3.2165527e+01
   3.6913220e+06   2.6367188e+01
   3.6913630e+06   2.6794434e+01
   3.6918140e+06   3.4729004e+01
   3.6922520e+06   3.3325195e+01
   3.6927650e+06   2.8320313e+01
   3.6933430e+06   2.6550293e+01
   3.6939410e+06   3.5461426e+01
   3.6950690e+06   3.2714844e+01
   3.7430790e+06   2.5268555e+01
   3.7551210e+06   2.9724121e+01
   3.7554620e+06   3.3325195e+01
   3.7557800e+06   3.5095215e+01
   3.7562320e+06   2.9907227e+01
   3.7566700e+06   3.4606934e+01
   3.7571280e+06   2.7893066e+01
   3.7585040e+06   3.3325195e+01
   3.8914960e+06   4.0283203e+01
   3.8918280e+06   3.0273438e+01
   3.8921220e+06   3.5583496e+01
   3.8924990e+06   2.6123047e+01
   3.8929210e+06   3.4057617e+01
   3.8935390e+06   3.0334473e+01
   3.8942210e+06   2.7770996e+01
   3.8958670e+06   2.8076172e+01
   3.9710020e+06   2.5268555e+01
   3.9717020e+06   3.2958984e+01
   3.9722480e+06   3.5949707e+01
   3.9727020e+06   3.0883789e+01
   3.9731240e+06   2.9907227e+01
   3.9736060e+06   2.5207520e+01
   3.9739980e+06   2.6855469e+01
   3.9746570e+06   2.6245117e+01
   3.9753530e+06   2.5512695e+01
   4.0802770e+06   4.0283203e+01
   4.0818570e+06   3.4423828e+01
   4.1866890e+06   2.5146484e+01
   4.1899170e+06   4.4006348e+01
   4.1900710e+06   2.5634766e+01
   4.1901620e+06   3.5583496e+01
   4.1904740e+06   3.1005859e+01
   4.1908200e+06   2.9907227e+01
   4.1912460e+06   2.5756836e+01
   4.1917410e+06   3.1921387e+01
   4.1922670e+06   3.2043457e+01
   4.1929300e+06   2.8198242e+01
   4.1939590e+06   3.5644531e+01
   4.2899090e+06   2.5939941e+01
   4.3097890e+06   3.0944824e+01
   4.3102990e+06   3.1494141e+01
   4.3104350e+06   2.4719238e+01
   4.3105460e+06   3.6987305e+01
   4.3108820e+06   3.1311035e+01
   4.3112920e+06   2.8808594e+01
   4.3117370e+06   2.8503418e+01
   4.3122180e+06   2.8015137e+01
   4.3127830e+06   2.8564453e+01
   4.3135760e+06   2.8320313e+01
   4.3558260e+06   4.1992188e+01
   4.3562430e+06   3.1005859e+01
   4.3565750e+06   3.7109375e+01
   4.3569650e+06   3.2775879e+01
   4.3575090e+06   2.6489258e+01
   4.3581540e+06   2.9479980e+01
   4.3590840e+06   2.6794434e+01
   4.4540490e+06   3.5095215e+01
   4.4547100e+06   3.4423828e+01
   4.4550520e+06   2.8442383e+01
   4.4551860e+06   2.7587891e+01
   4.4555030e+06   2.7282715e+01
   4.4559360e+06   2.7160645e+01
   4.4564240e+06   3.1616211e+01
   4.4569830e+06   3.0273438e+01
   4.4576540e+06   2.7465820e+01
   4.4588680e+06   3.1677246e+01
   4.4867790e+06   3.6682129e+01
   4.4872680e+06   3.2043457e+01
   4.4876790e+06   4.3518066e+01
   4.4881550e+06   3.3264160e+01
   4.4887420e+06   2.9113770e+01
   4.4895640e+06   3.2531738e+01
   4.5830400e+06   2.4719238e+01
   4.6205120e+06   3.0151367e+01
   4.6208140e+06   2.7465820e+01
   4.6209060e+06   3.0212402e+01
   4.6211730e+06   2.7648926e+01
   4.6215170e+06   2.7832031e+01
   4.6219530e+06   4.0100098e+01
   4.6223860e+06   3.1372070e+01
   4.6229940e+06   2.5756836e+01
   4.6237840e+06   2.8991699e+01
   4.8072920e+06   3.9062500e+01
   4.8075670e+06   3.2226563e+01
   4.8077470e+06   2.8320313e+01
   4.8078180e+06   2.5207520e+01
   4.8081770e+06   2.9357910e+01
   4.8082240e+06   2.7526855e+01
   4.8085870e+06   2.7343750e+01
   4.8090910e+06   3.5034180e+01
   4.8096200e+06   2.6306152e+01
   4.8114020e+06   2.9174805e+01
   4.8325870e+06   4.0588379e+01
   4.8326740e+06   2.5329590e+01
   4.8329310e+06   3.2897949e+01
   4.8332880e+06   3.0883789e+01
   4.8337100e+06   3.3874512e+01
   4.8341240e+06   2.7648926e+01
   4.8346100e+06   2.6062012e+01
   4.8351340e+06   2.8198242e+01
   4.8357700e+06   2.8686523e+01
   4.9991360e+06   2.5024414e+01
   5.0028240e+06   2.8076172e+01
   5.1514820e+06   3.0578613e+01
   5.1517380e+06   3.0700684e+01
   5.1520070e+06   2.7038574e+01
   5.1523140e+06   3.3691406e+01
   5.1527270e+06   2.9235840e+01
   5.1531150e+06   3.2592773e+01
   5.1535980e+06   2.7770996e+01
   5.1541340e+06   2.7343750e+01
   5.1547000e+06   2.4841309e+01
   5.1553560e+06   2.5512695e+01
   5.1563370e+06   2.9357910e+01
   5.1579180e+06   2.6123047e+01
   5.2335410e+06   2.7954102e+01
   5.3067320e+06   3.5583496e+01
   5.3069640e+06   3.3752441e+01
   5.3070060e+06   2.7770996e+01
   5.3072340e+06   3.0639648e+01
   5.3082930e+06   2.4963379e+01
   5.3087320e+06   2.8686523e+01
   5.3091690e+06   3.0578613e+01
   5.3097050e+06   2.9113770e+01
   5.3102740e+06   2.7709961e+01
   5.3109840e+06   2.4719238e+01
   5.3121800e+06   2.6062012e+01
   5.3488620e+06   2.7465820e+01
   5.3502500e+06   2.8564453e+01
   5.3916170e+06   3.2958984e+01
   5.3919010e+06   2.5634766e+01
   5.3919300e+06   3.3813477e+01
   5.3920940e+06   2.6367188e+01
   5.3922620e+06   3.1677246e+01
   5.3926070e+06   2.5939941e+01
   5.3929850e+06   2.9785156e+01
   5.3933830e+06   2.6489258e+01
   5.3938990e+06   2.7954102e+01
   5.3943680e+06   2.6489258e+01
   5.3948590e+06   2.4902344e+01
   5.3954800e+06   2.6977539e+01
   5.3964540e+06   2.7465820e+01
   5.5123750e+06   2.5024414e+01
   5.5165660e+06   3.0700684e+01
   5.5167670e+06   3.1311035e+01
   5.5169060e+06   2.5085449e+01
   5.5170210e+06   2.7343750e+01
   5.5173810e+06   2.8930664e+01
   5.5178140e+06   2.9602051e+01
   5.5182400e+06   2.5146484e+01
   5.5192550e+06   2.7099609e+01
   5.6018310e+06   3.9550781e+01
   5.6021110e+06   2.6916504e+01
   5.6024580e+06   3.0883789e+01
   5.6028890e+06   2.5512695e+01
   5.6033800e+06   2.7832031e+01
   5.6039180e+06   2.6672363e+01
   5.6046090e+06   2.9113770e+01
   5.6053350e+06   2.7465820e+01
   5.6062700e+06   2.9235840e+01
   5.6564990e+06   3.6865234e+01
   5.6567910e+06   3.0517578e+01
   5.6571250e+06   2.6306152e+01
   5.6575170e+06   3.0639648e+01
   5.6580070e+06   3.4423828e+01
   5.6585130e+06   3.3142090e+01
   5.6590580e+06   3.1860352e+01
   5.6596640e+06   2.5329590e+01
   5.6605540e+06   2.4902344e+01
   5.7668720e+06   3.1005859e+01
   5.7672730e+06   2.5024414e+01
   5.7673360e+06   3.0151367e+01
   5.7675500e+06   2.7038574e+01
   5.7677000e+06   3.2592773e+01
   5.7681020e+06   2.8686523e+01
   5.7685090e+06   3.5339355e+01
   5.7689610e+06   2.7282715e+01
   5.7695090e+06   3.1799316e+01
   5.7701680e+06   2.7160645e+01
   5.7709280e+06   3.1921387e+01
   5.8317170e+06   3.5156250e+01
   5.8769320e+06   3.5095215e+01
   5.8772790e+06   3.0334473e+01
   5.8776010e+06   3.4118652e+01
   5.8777230e+06   3.5400391e+01
   5.8780120e+06   3.2592773e+01
   5.8784720e+06   3.4545898e+01
   5.8789610e+06   2.7648926e+01
   5.8794930e+06   3.1005859e+01
   5.8801000e+06   2.6611328e+01
   5.8808150e+06   2.4719238e+01
   5.9683720e+06   3.0090332e+01
