   5.9980000e+06   0.0000000e+00
   6.4036000e+04   3.8269043e+01
   1.1537500e+05   3.9306641e+01
   1.1552500e+05   3.6987305e+01
   1.1570900e+05   3.5461426e+01
   1.6414400e+05   4.2480469e+01
   1.6622900e+05   5.6457520e+01
   1.6799200e+05   4.1381836e+01
   1.8877500e+05   4.7302246e+01
   1.9020100e+05   4.8461914e+01
   1.9032900e+05   3.9611816e+01
   1.9166200e+05   5.7128906e+01
   1.9232900e+05   4.4128418e+01
   1.9236700e+05   3.9245605e+01
   2.0046300e+05   4.0588379e+01
   2.0601200e+05   4.5959473e+01
   2.0627900e+05   3.8208008e+01
   2.2135000e+05   4.9987793e+01
   2.2233700e+05   4.2297363e+01
   2.2275800e+05   4.4433594e+01
   2.2333400e+05   4.0466309e+01
   2.2406400e+05   4.1259766e+01
   2.2494600e+05   5.9082031e+01
   2.2538600e+05   5.2246094e+01
   2.2609800e+05   3.9733887e+01
   2.2628600e+05   3.8452148e+01
   2.2665000e+05   5.1879883e+01
   2.2723200e+05   3.8330078e+01
   2.2732200e+05   3.6682129e+01
   2.2845700e+05   4.2175293e+01
   2.3375000e+05   3.9001465e+01
   2.5916200e+05   4.3579102e+01
   2.6014700e+05   4.3151855e+01
   2.6040100e+05   3.7719727e+01
   2.6091800e+05   3.5644531e+01
   2.9596400e+05   5.2062988e+01
   2.9770400e+05   4.0466309e+01
   2.9782700e+05   3.8818359e+01
   2.9802500e+05   3.6560059e+01
   2.9843400e+05   4.2602539e+01
   3.0026900e+05   4.3640137e+01
   3.0227200e+05   4.3090820e+01
   3.0303300e+05   3.6193848e+01
   3.2792900e+05   3.5339355e+01
   3.4276200e+05   4.1625977e+01
   3.4322700e+05   3.8208008e+01
   5.2630800e+05   3.8818359e+01
   5.6595800e+05   3.5095215e+01
   6.0365700e+05   3.7109375e+01
   6.0410300e+05   4.8583984e+01
   6.0885200e+05   3.9245605e+01
   6.0941700e+05   4.6569824e+01
   6.0964500e+05   3.6682129e+01
   6.0978500e+05   4.0039063e+01
   6.2689500e+05   4.5715332e+01
   6.5516000e+05   4.3884277e+01
   6.5533600e+05   3.8269043e+01
   6.5567800e+05   3.8024902e+01
   6.5581700e+05   3.5034180e+01
   6.5702300e+05   4.4067383e+01
   6.5801700e+05   3.5400391e+01
   6.6337700e+05   3.7475586e+01
   6.6481200e+05   4.6630859e+01
   6.8879800e+05   4.3334961e+01
   6.8952200e+05   4.6203613e+01
   6.9062700e+05   5.2490234e+01
   6.9092000e+05   5.2246094e+01
   6.9094300e+05   3.8696289e+01
   6.9117700e+05   3.7963867e+01
   6.9147600e+05   3.7780762e+01
   6.9167000e+05   4.1809082e+01
   6.9168300e+05   3.9367676e+01
   6.9212100e+05   4.4189453e+01
   6.9631300e+05   3.9001465e+01
   7.2370600e+05   5.3405762e+01
   7.2412600e+05   3.6193848e+01
   7.2463800e+05   4.1503906e+01
   7.2614600e+05   4.3884277e+01
   7.2714800e+05   3.9978027e+01
   7.2762000e+05   3.6376953e+01
   7.2823700e+05   3.5278320e+01
   7.2837000e+05   3.5766602e+01
   7.2906000e+05   3.4667969e+01
   7.2967600e+05   4.0832520e+01
   7.5208400e+05   3.7902832e+01
   7.5266900e+05   3.8024902e+01
   7.5329000e+05   4.0405273e+01
   7.5415500e+05   4.0466309e+01
   7.5639100e+05   3.5156250e+01
   7.6906100e+05   4.3273926e+01
   7.7318300e+05   3.6315918e+01
   7.7366700e+05   4.8950195e+01
   7.7518000e+05   3.7719727e+01
   7.7644300e+05   4.1320801e+01
   7.7691700e+05   3.6254883e+01
   7.7759400e+05   3.8085938e+01
   7.7959700e+05   3.5705566e+01
   8.0466800e+05   4.4128418e+01
   8.0519100e+05   3.8696289e+01
   8.1411100e+05   4.0466309e+01
   8.1790000e+05   5.3833008e+01
   8.7762100e+05   5.3222656e+01
   1.1416510e+06   4.0588379e+01
   1.1418710e+06   3.7719727e+01
   1.1420330e+06   4.2053223e+01
   1.1424090e+06   5.2185059e+01
   1.1424600e+06   3.7841797e+01
   1.1426000e+06   3.5705566e+01
   1.1426530e+06   4.3518066e+01
   1.1781770e+06   3.9184570e+01
   1.1796210e+06   5.2124023e+01
   1.1798390e+06   4.0100098e+01
   1.1842210e+06   3.8330078e+01
   1.1882540e+06   3.9916992e+01
   1.1898040e+06   3.7414551e+01
   1.1901220e+06   3.4973145e+01
   1.1934310e+06   5.0659180e+01
   1.1935960e+06   3.5034180e+01
   1.1997900e+06   3.7231445e+01
   1.2033250e+06   4.0344238e+01
   1.2050420e+06   4.1076660e+01
   1.2052670e+06   4.1931152e+01
   1.2059300e+06   4.1015625e+01
   1.2059670e+06   3.9062500e+01
   1.2065230e+06   4.0161133e+01
   1.2072630e+06   3.8024902e+01
   1.2104130e+06   3.4912109e+01
   1.2385200e+06   4.8278809e+01
   1.2456350e+06   4.5166016e+01
   1.2467830e+06   5.0048828e+01
   1.2468930e+06   3.6621094e+01
   1.2555610e+06   3.9428711e+01
   1.2820030e+06   4.4738770e+01
   1.2860750e+06   4.9316406e+01
   1.2864150e+06   4.0344238e+01
   1.2866570e+06   3.8208008e+01
   1.2870820e+06   3.8757324e+01
   1.2872490e+06   3.4912109e+01
   1.2884660e+06   4.5715332e+01
   1.2891520e+06   3.4973145e+01
   1.3331340e+06   4.9682617e+01
   1.3333840e+06   3.6621094e+01
   1.3763020e+06   4.9438477e+01
   1.6272760e+06   4.9743652e+01
   1.6275050e+06   4.5959473e+01
   1.6311860e+06   4.1503906e+01
   1.6342010e+06   3.9550781e+01
   1.6348520e+06   3.6315918e+01
   1.6423700e+06   4.1076660e+01
   1.6425440e+06   4.2968750e+01
   1.6426680e+06   3.6071777e+01
   1.6427940e+06   3.8024902e+01
   1.6646120e+06   3.5766602e+01
   1.7004760e+06   4.6752930e+01
   1.7017950e+06   4.4006348e+01
   1.7031040e+06   3.9611816e+01
   1.7031660e+06   5.2917480e+01
   1.7035710e+06   4.1076660e+01
   1.7037440e+06   3.5095215e+01
   1.7037550e+06   3.5949707e+01
   1.7040580e+06   3.8818359e+01
   1.7042920e+06   4.2114258e+01
   1.7050510e+06   3.5095215e+01
   1.7081960e+06   3.8635254e+01
   1.7098870e+06   3.5217285e+01
   1.7109650e+06   3.5034180e+01
   1.7358050e+06   4.7424316e+01
   1.7420550e+06   5.8898926e+01
   1.7424980e+06   3.7780762e+01
   1.7430100e+06   3.6743164e+01
   1.7434940e+06   4.8706055e+01
   1.7438280e+06   3.5644531e+01
   1.7443030e+06   3.8757324e+01
   1.7771370e+06   3.8391113e+01
   1.7774290e+06   4.1748047e+01
   1.7777110e+06   3.9978027e+01
   1.7880460e+06   4.2175293e+01
   1.7887990e+06   4.4982910e+01
   1.7888170e+06   3.5522461e+01
   1.7897680e+06   4.4616699e+01
   1.7899440e+06   3.9367676e+01
   1.7903230e+06   3.5339355e+01
   1.7909130e+06   3.5766602e+01
   1.8263640e+06   4.1259766e+01
   1.8264880e+06   3.7536621e+01
   1.8313880e+06   3.9428711e+01
   1.8823370e+06   4.3579102e+01
   1.8825120e+06   3.7780762e+01
   1.9134890e+06   4.6630859e+01
   1.9179020e+06   4.9682617e+01
   1.9748900e+06   3.9123535e+01
   1.9753240e+06   3.8330078e+01
   2.1291340e+06   3.8208008e+01
   2.1535060e+06   4.8522949e+01
   2.1536730e+06   3.8146973e+01
   2.1538990e+06   4.0527344e+01
   2.1836390e+06   3.4667969e+01
   2.2015310e+06   5.1696777e+01
   2.2024090e+06   4.4982910e+01
   2.2025240e+06   3.5156250e+01
   2.2037670e+06   4.4799805e+01
   2.2213480e+06   4.8400879e+01
   2.2232030e+06   3.9062500e+01
   2.2233370e+06   3.5583496e+01
   2.2254320e+06   3.9978027e+01
   2.2255170e+06   4.3395996e+01
   2.2259710e+06   4.4860840e+01
   2.2262680e+06   4.7485352e+01
   2.2676180e+06   5.1635742e+01
   2.2686010e+06   4.4921875e+01
   2.2693560e+06   3.6071777e+01
   2.2694690e+06   4.1076660e+01
   2.2695890e+06   3.7292480e+01
   2.2697410e+06   3.5766602e+01
   2.2699820e+06   3.4912109e+01
   2.2703740e+06   4.4189453e+01
   2.2746960e+06   3.5522461e+01
   2.3085810e+06   3.4851074e+01
   2.3117560e+06   4.7668457e+01
   2.3122080e+06   4.0222168e+01
   2.3140930e+06   3.6254883e+01
   2.3148210e+06   3.5766602e+01
   2.3346670e+06   3.5156250e+01
   2.3887150e+06   4.9194336e+01
   2.3888370e+06   3.5095215e+01
   2.3973080e+06   5.0903320e+01
   2.4314890e+06   5.5786133e+01
   2.4317470e+06   3.6560059e+01
   2.4422550e+06   5.2734375e+01
   2.5173700e+06   5.0720215e+01
   2.5177150e+06   3.6315918e+01
   2.5178740e+06   3.7231445e+01
   2.5668090e+06   5.3222656e+01
   2.5669710e+06   3.6865234e+01
   2.5862310e+06   4.3884277e+01
   2.5865260e+06   4.2358398e+01
   2.5877380e+06   3.8696289e+01
   2.5894600e+06   4.3334961e+01
   2.6596660e+06   5.7250977e+01
   2.6600060e+06   3.9001465e+01
   2.6611420e+06   4.7546387e+01
   2.6616860e+06   3.4729004e+01
   2.6630810e+06   3.8208008e+01
   2.6633690e+06   4.4250488e+01
   2.6638220e+06   4.1015625e+01
   2.6643370e+06   3.5644531e+01
   2.6646460e+06   4.9011230e+01
   2.6654050e+06   3.6193848e+01
   2.6950400e+06   4.5043945e+01
   2.7049510e+06   4.5227051e+01
   2.7062140e+06   3.6254883e+01
   2.7063800e+06   3.8818359e+01
   2.7166440e+06   4.7912598e+01
   2.7409590e+06   3.9855957e+01
   2.7412600e+06   3.9184570e+01
   2.7752450e+06   4.0710449e+01
   2.7757440e+06   4.4433594e+01
   2.8708180e+06   5.2368164e+01
   2.8718050e+06   4.3212891e+01
   2.8721030e+06   3.8879395e+01
   2.9036340e+06   4.8034668e+01
   2.9040650e+06   5.3222656e+01
   2.9047470e+06   4.9560547e+01
   2.9119220e+06   5.6701660e+01
   2.9142180e+06   4.3945313e+01
   2.9370290e+06   4.7851563e+01
   2.9380680e+06   3.4790039e+01
   2.9386770e+06   4.4250488e+01
   2.9391260e+06   4.1931152e+01
   2.9408880e+06   3.5583496e+01
   2.9427440e+06   5.0048828e+01
   2.9431870e+06   4.7851563e+01
   2.9492610e+06   3.8269043e+01
   2.9496190e+06   3.5522461e+01
   2.9500060e+06   3.5522461e+01
   2.9723440e+06   3.7292480e+01
   2.9731190e+06   4.2602539e+01
   2.9738820e+06   4.4433594e+01
   2.9756690e+06   3.6621094e+01
   2.9784110e+06   4.2053223e+01
   3.0513480e+06   4.6752930e+01
   3.0517610e+06   4.4372559e+01
   3.0524110e+06   5.8471680e+01
   3.0578230e+06   3.5766602e+01
   3.0578640e+06   3.5156250e+01
   3.0589000e+06   3.6987305e+01
   3.0596790e+06   4.1442871e+01
   3.0619970e+06   4.4311523e+01
   3.0628840e+06   4.8400879e+01
   3.0636470e+06   3.6621094e+01
   3.0922730e+06   4.2785645e+01
   3.0997600e+06   4.7546387e+01
   3.1106270e+06   3.5827637e+01
   3.1108050e+06   3.4667969e+01
   3.1284660e+06   4.4250488e+01
   3.1510290e+06   4.6813965e+01
   3.1857190e+06   3.6376953e+01
   3.2418360e+06   5.2185059e+01
   3.2611360e+06   5.0964355e+01
   3.2614970e+06   4.5288086e+01
   3.3340720e+06   5.5603027e+01
   3.3388540e+06   5.9082031e+01
   3.3708430e+06   5.0170898e+01
   3.3710150e+06   4.0954590e+01
   3.3724300e+06   4.2114258e+01
   3.3730140e+06   4.0710449e+01
   3.3733770e+06   4.5898438e+01
   3.3957990e+06   4.1625977e+01
   3.3960730e+06   3.9489746e+01
   3.3996090e+06   4.3579102e+01
   3.4016730e+06   3.5705566e+01
   3.4028200e+06   4.0466309e+01
   3.4259290e+06   3.5400391e+01
   3.4265900e+06   4.6875000e+01
   3.4277520e+06   3.6254883e+01
   3.4280080e+06   4.0954590e+01
   3.4281310e+06   3.5217285e+01
   3.4289900e+06   4.0039063e+01
   3.4330070e+06   3.6010742e+01
   3.4376750e+06   4.2785645e+01
   3.4387610e+06   3.9978027e+01
   3.4392400e+06   3.8146973e+01
   3.4476600e+06   3.8879395e+01
   3.4478040e+06   3.4973145e+01
   3.4481850e+06   3.7841797e+01
   3.4487090e+06   4.6386719e+01
   3.4496800e+06   3.4912109e+01
   3.4499920e+06   3.8085938e+01
   3.4747300e+06   4.4189453e+01
   3.4923990e+06   4.8461914e+01
   3.5087390e+06   4.5532227e+01
   3.5093490e+06   4.1992188e+01
   3.5671670e+06   5.5908203e+01
   3.6123390e+06   4.6630859e+01
   3.6126440e+06   5.2368164e+01
   3.6536880e+06   3.5583496e+01
   3.7155570e+06   3.5827637e+01
   3.7206470e+06   4.7424316e+01
   3.7207810e+06   3.8574219e+01
   3.7278850e+06   5.2124023e+01
   3.7298740e+06   4.1992188e+01
   3.7751290e+06   3.6743164e+01
   3.8341020e+06   5.3649902e+01
   3.8342750e+06   4.3579102e+01
   3.8423290e+06   5.0231934e+01
   3.8425340e+06   4.0771484e+01
   3.8442470e+06   4.7302246e+01
   3.8447600e+06   3.9062500e+01
   3.8475830e+06   4.0100098e+01
   3.8477520e+06   4.6936035e+01
   3.8483730e+06   3.5644531e+01
   3.8486110e+06   3.9916992e+01
   3.8488920e+06   4.3457031e+01
   3.8491310e+06   3.5705566e+01
   3.8493360e+06   3.9855957e+01
   3.8515790e+06   3.6315918e+01
   3.8770850e+06   3.8269043e+01
   3.8777690e+06   4.3823242e+01
   3.8876210e+06   4.6203613e+01
   3.8971880e+06   3.8452148e+01
   3.9078460e+06   4.5043945e+01
   3.9142640e+06   3.9245605e+01
   3.9170780e+06   3.9306641e+01
   3.9175350e+06   4.1870117e+01
   3.9183770e+06   3.9978027e+01
   3.9437050e+06   5.1513672e+01
   3.9438650e+06   3.4667969e+01
   3.9617940e+06   4.3457031e+01
   3.9930950e+06   5.1879883e+01
   4.0006770e+06   4.2053223e+01
   4.0008240e+06   3.7414551e+01
   4.0018400e+06   4.1320801e+01
   4.0027000e+06   4.0405273e+01
   4.0513870e+06   4.7058105e+01
   4.0516700e+06   3.9184570e+01
   4.0529850e+06   4.4372559e+01
   4.0530920e+06   3.6926270e+01
   4.0536440e+06   4.1992188e+01
   4.0545810e+06   4.0161133e+01
   4.0639640e+06   4.3701172e+01
   4.0661590e+06   4.5349121e+01
   4.0919300e+06   4.5959473e+01
   4.0956620e+06   5.2429199e+01
   4.0958300e+06   4.1931152e+01
   4.0997110e+06   4.1320801e+01
   4.1016830e+06   4.2114258e+01
   4.1200920e+06   4.1320801e+01
   4.1203680e+06   4.2419434e+01
   4.1360730e+06   4.6203613e+01
   4.1376350e+06   3.7231445e+01
   4.1504860e+06   5.1269531e+01
   4.1517480e+06   6.1157227e+01
   4.1560920e+06   5.4382324e+01
   4.1912190e+06   5.0048828e+01
   4.2032900e+06   5.1574707e+01
   4.2036340e+06   3.8085938e+01
   4.2041490e+06   4.7607422e+01
   4.2046630e+06   3.8085938e+01
   4.2053890e+06   3.8574219e+01
   4.2083270e+06   3.7841797e+01
   4.2088220e+06   4.8217773e+01
   4.2090670e+06   3.5888672e+01
   4.2098120e+06   3.4912109e+01
   4.2101880e+06   3.8757324e+01
   4.2107020e+06   3.5034180e+01
   4.2110710e+06   4.2114258e+01
   4.2476480e+06   4.2968750e+01
   4.2480090e+06   3.5705566e+01
   4.2566470e+06   4.3457031e+01
   4.2568620e+06   3.4912109e+01
   4.3537530e+06   4.8950195e+01
   4.3538770e+06   3.8757324e+01
   4.5035060e+06   4.3273926e+01
   4.5181900e+06   4.6264648e+01
   4.5185450e+06   5.8654785e+01
   4.5401570e+06   4.7546387e+01
   4.5403380e+06   3.7963867e+01
   4.5409300e+06   4.2297363e+01
   4.5419050e+06   3.5583496e+01
   4.5429290e+06   3.5827637e+01
   4.5436390e+06   3.8024902e+01
   4.5960960e+06   4.2236328e+01
   4.5983380e+06   4.5776367e+01
   4.5992370e+06   4.7180176e+01
   4.6006200e+06   4.4799805e+01
   4.6150840e+06   4.0466309e+01
   4.6196200e+06   4.6630859e+01
   4.6231260e+06   4.0466309e+01
   4.6371570e+06   4.7241211e+01
   4.6415720e+06   3.5522461e+01
   4.6440810e+06   3.4667969e+01
   4.6500990e+06   3.8879395e+01
   4.6502490e+06   3.5278320e+01
   4.6503180e+06   3.8269043e+01
   4.6504920e+06   4.5410156e+01
   4.6509240e+06   4.3029785e+01
   4.6514020e+06   3.8269043e+01
   4.6813840e+06   4.8339844e+01
   4.6950090e+06   3.6621094e+01
   4.6956790e+06   4.8889160e+01
   4.7187570e+06   4.5532227e+01
   4.7189060e+06   4.4738770e+01
   4.7348750e+06   4.3884277e+01
   4.7351230e+06   4.4372559e+01
   4.7804620e+06   5.9265137e+01
   4.7815280e+06   5.2001953e+01
   4.8088180e+06   4.3640137e+01
   4.8096790e+06   4.1259766e+01
   4.8534510e+06   5.7434082e+01
   4.8561610e+06   4.4616699e+01
   4.8563760e+06   3.5705566e+01
   4.8759850e+06   5.3771973e+01
   4.8772440e+06   4.9499512e+01
   4.8799720e+06   3.9489746e+01
   4.8823250e+06   3.6621094e+01
   4.8837750e+06   4.1503906e+01
   4.9274460e+06   5.0231934e+01
   4.9276050e+06   3.9978027e+01
   4.9289860e+06   4.6020508e+01
   4.9591170e+06   5.2856445e+01
   4.9593390e+06   3.8635254e+01
   4.9604900e+06   3.8818359e+01
   4.9616360e+06   3.9428711e+01
   5.0011590e+06   4.7851563e+01
   5.0215760e+06   4.5166016e+01
   5.0288070e+06   4.7546387e+01
   5.0316700e+06   5.3039551e+01
   5.0343670e+06   4.1931152e+01
   5.0343940e+06   4.3273926e+01
   5.0346180e+06   5.9631348e+01
   5.0348650e+06   4.2480469e+01
   5.0353430e+06   4.6936035e+01
   5.0354970e+06   4.0039063e+01
   5.0357680e+06   3.6682129e+01
   5.0360780e+06   3.6376953e+01
   5.0737520e+06   4.7607422e+01
   5.0928050e+06   5.5541992e+01
   5.0932070e+06   3.9062500e+01
   5.1410430e+06   4.9682617e+01
   5.1825750e+06   4.1564941e+01
   5.1827210e+06   3.8330078e+01
   5.2270640e+06   4.6447754e+01
   5.2271950e+06   3.6499023e+01
   5.2985110e+06   6.0852051e+01
   5.2986320e+06   3.6193848e+01
   5.3995700e+06   4.1809082e+01
   5.3997130e+06   4.0161133e+01
   5.4005110e+06   4.0100098e+01
   5.4010810e+06   3.9489746e+01
   5.4010950e+06   3.6437988e+01
   5.4023660e+06   4.6386719e+01
   5.4026330e+06   4.3884277e+01
   5.4032120e+06   3.5583496e+01
   5.4045310e+06   3.5888672e+01
   5.4050500e+06   4.0710449e+01
   5.4380170e+06   4.1076660e+01
   5.4414830e+06   4.2541504e+01
   5.4438270e+06   4.2968750e+01
   5.4474960e+06   4.5715332e+01
   5.4481030e+06   3.9062500e+01
   5.4489120e+06   4.1015625e+01
   5.4514860e+06   3.5400391e+01
   5.4519270e+06   4.1442871e+01
   5.4529560e+06   5.1452637e+01
   5.4529680e+06   3.9550781e+01
   5.4843440e+06   4.4372559e+01
   5.4860860e+06   4.1076660e+01
   5.4863960e+06   4.0832520e+01
   5.5030600e+06   4.6081543e+01
   5.5098410e+06   3.8696289e+01
   5.5104060e+06   3.7963867e+01
   5.5109640e+06   4.3640137e+01
   5.5111530e+06   4.2053223e+01
   5.5115020e+06   3.6315918e+01
   5.5120330e+06   4.0893555e+01
   5.5124140e+06   3.5217285e+01
   5.5126050e+06   4.4799805e+01
   5.5127810e+06   3.5583496e+01
   5.5184650e+06   3.5095215e+01
   5.5505640e+06   4.5837402e+01
   5.6038060e+06   4.8339844e+01
   5.6040000e+06   4.1381836e+01
   5.6132600e+06   4.6569824e+01
   5.6278500e+06   4.2053223e+01
   5.6463070e+06   3.8513184e+01
   5.6465630e+06   3.6743164e+01
   5.6539310e+06   5.0537109e+01
   5.6540570e+06   4.2236328e+01
   5.6544510e+06   3.5095215e+01
   5.6639780e+06   4.8583984e+01
   5.6643970e+06   3.9306641e+01
   5.6651270e+06   3.9916992e+01
   5.6658370e+06   4.0466309e+01
   5.6938010e+06   3.9245605e+01
   5.7091260e+06   4.5715332e+01
   5.7093480e+06   3.6926270e+01
   5.7096140e+06   4.5959473e+01
   5.7108790e+06   4.1381836e+01
   5.7132980e+06   3.9489746e+01
   5.7144040e+06   3.8024902e+01
   5.7168660e+06   4.0588379e+01
   5.7218230e+06   4.1809082e+01
   5.7390120e+06   5.0354004e+01
   5.7421810e+06   4.4372559e+01
   5.7462260e+06   3.4790039e+01
   5.7467490e+06   5.3161621e+01
   5.7470030e+06   4.3640137e+01
   5.7480790e+06   3.8940430e+01
   5.7494720e+06   4.9316406e+01
   5.7684310e+06   4.0893555e+01
   5.7748930e+06   4.6630859e+01
   5.7889610e+06   4.8156738e+01
   5.7893340e+06   3.9245605e+01
   5.7902580e+06   3.9428711e+01
   5.7918320e+06   3.6621094e+01
   5.7930770e+06   4.4372559e+01
   5.8030810e+06   3.7170410e+01
   5.8244580e+06   4.4799805e+01
   5.8498540e+06   5.0964355e+01
   5.8563600e+06   5.5114746e+01
   5.8566680e+06   4.1137695e+01
   5.8573650e+06   4.3151855e+01
   5.8584090e+06   4.2480469e+01
   5.8585060e+06   4.1442871e+01
   5.8599350e+06   4.1259766e+01
   5.8920680e+06   5.0903320e+01
   5.8942300e+06   4.4189453e+01
   5.8950100e+06   5.5480957e+01
   5.8983470e+06   3.8269043e+01
   5.9001530e+06   3.4973145e+01
   5.9003530e+06   3.5461426e+01
   5.9006040e+06   4.4738770e+01
   5.9007740e+06   3.7170410e+01
   5.9036740e+06   3.4729004e+01
   5.9447760e+06   4.1931152e+01
   5.9565010e+06   3.6193848e+01
   5.9704770e+06   4.3395996e+01
   5.9710240e+06   4.3273926e+01
