   5.9980000e+06   0.0000000e+00
   3.0682000e+04   1.5917969e+02
   3.0903000e+04   1.1932373e+02
   6.5432000e+04   1.5148926e+02
   6.5918000e+04   1.3513184e+02
   6.6005000e+04   5.6884766e+01
   6.6251000e+04   5.0415039e+01
   9.0167000e+04   1.4910889e+02
   1.1540300e+05   1.5246582e+02
   1.1557600e+05   1.4068604e+02
   1.5237100e+05   1.6229248e+02
   1.7014100e+05   5.9936523e+01
   1.7637100e+05   1.6711426e+02
   1.9073600e+05   1.5478516e+02
   1.9100100e+05   1.4080811e+02
   1.9107400e+05   4.0893555e+01
   1.9320500e+05   5.6518555e+01
   1.9346500e+05   4.8828125e+01
   2.0012200e+05   5.3100586e+01
   2.0921600e+05   1.6198730e+02
   2.0934000e+05   9.9487305e+01
   2.0955000e+05   9.5214844e+01
   2.1854900e+05   6.6406250e+01
   2.2839400e+05   7.3486328e+01
   2.2905300e+05   1.3055420e+02
   2.2956500e+05   1.6363525e+02
   2.2958700e+05   1.3055420e+02
   2.2970200e+05   1.0296631e+02
   2.3037500e+05   1.2799072e+02
   2.3179400e+05   6.1584473e+01
   2.3180900e+05   6.4086914e+01
   2.3188000e+05   4.5837402e+01
   2.3190800e+05   4.8950195e+01
   2.3199400e+05   4.2907715e+01
   2.3299700e+05   7.5378418e+01
   2.3374900e+05   6.3476563e+01
   2.3379600e+05   6.5673828e+01
   2.3381500e+05   4.8461914e+01
   2.3391200e+05   4.6508789e+01
   2.3397900e+05   4.3823242e+01
   2.3421100e+05   5.4382324e+01
   2.3428500e+05   5.4016113e+01
   2.3440500e+05   5.1696777e+01
   2.3477300e+05   7.1594238e+01
   2.3497900e+05   6.5673828e+01
   2.3505200e+05   1.2994385e+02
   2.3516500e+05   4.0100098e+01
   2.3518800e+05   8.5266113e+01
   2.3541700e+05   5.3161621e+01
   2.3553000e+05   1.0693359e+02
   2.3573300e+05   6.6650391e+01
   2.3574800e+05   4.8583984e+01
   2.3605900e+05   4.8645020e+01
   2.3617400e+05   3.9245605e+01
   2.3675200e+05   1.0284424e+02
   2.3680800e+05   5.2673340e+01
   2.3695800e+05   5.0476074e+01
   2.3726200e+05   9.6069336e+01
   2.5205200e+05   4.7241211e+01
   2.5647400e+05   5.3039551e+01
   2.5970700e+05   7.8613281e+01
   2.5984800e+05   4.8095703e+01
   2.5988800e+05   4.7607422e+01
   2.6010400e+05   6.0546875e+01
   2.6020200e+05   4.2846680e+01
   2.6023300e+05   1.4617920e+02
   2.6036600e+05   6.4758301e+01
   2.6039100e+05   6.7932129e+01
   2.6050800e+05   4.0283203e+01
   2.6052900e+05   1.2615967e+02
   2.6060200e+05   4.1748047e+01
   2.6062400e+05   5.7250977e+01
   2.6064000e+05   5.2673340e+01
   2.6073700e+05   4.9438477e+01
   2.6082000e+05   1.4166260e+02
   2.6103500e+05   4.6813965e+01
   2.6104500e+05   5.9448242e+01
   2.6129900e+05   7.5500488e+01
   2.6134600e+05   1.0729980e+02
   2.6146000e+05   4.1320801e+01
   2.6151300e+05   9.6374512e+01
   2.6160500e+05   3.9550781e+01
   2.6166900e+05   1.1968994e+02
   2.6177000e+05   4.0344238e+01
   2.6192700e+05   7.9895020e+01
   2.6219700e+05   4.4982910e+01
   2.6234900e+05   4.4433594e+01
   2.6236800e+05   4.1198730e+01
   2.6243900e+05   8.3923340e+01
   2.6254100e+05   9.4116211e+01
   2.6281700e+05   4.9194336e+01
   2.6321300e+05   1.0198975e+02
   2.6333200e+05   4.0100098e+01
   2.6336900e+05   8.9599609e+01
   2.6408300e+05   4.6752930e+01
   2.6409400e+05   7.6843262e+01
   2.6416900e+05   4.1259766e+01
   2.6428600e+05   3.8146973e+01
   2.6515100e+05   4.4799805e+01
   2.6582700e+05   4.5043945e+01
   2.6601300e+05   7.7392578e+01
   2.6620200e+05   5.8349609e+01
   2.6623700e+05   4.1992188e+01
   2.6635700e+05   3.9428711e+01
   2.6780400e+05   5.3466797e+01
   2.6852100e+05   5.1574707e+01
   2.9777700e+05   6.3964844e+01
   2.9781800e+05   5.6640625e+01
   2.9789700e+05   5.6335449e+01
   2.9791700e+05   4.6875000e+01
   2.9796100e+05   4.0405273e+01
   2.9798400e+05   4.6936035e+01
   2.9801900e+05   1.6821289e+02
   2.9805200e+05   3.9672852e+01
   2.9819600e+05   5.4809570e+01
   2.9830300e+05   6.8054199e+01
   2.9831700e+05   1.4672852e+02
   2.9836400e+05   5.5603027e+01
   2.9839000e+05   4.7119141e+01
   2.9847800e+05   4.7058105e+01
   2.9849400e+05   6.2377930e+01
   2.9865600e+05   4.8950195e+01
   2.9868700e+05   1.0864258e+02
   2.9874800e+05   1.2982178e+02
   2.9883500e+05   4.8095703e+01
   2.9886700e+05   4.4860840e+01
   2.9902900e+05   4.3823242e+01
   2.9909800e+05   9.8449707e+01
   2.9916300e+05   5.1574707e+01
   2.9923000e+05   1.1413574e+02
   2.9958200e+05   4.9804688e+01
   2.9967600e+05   9.8693848e+01
   2.9984400e+05   5.4382324e+01
   2.9995000e+05   4.8034668e+01
   3.0031800e+05   7.3425293e+01
   3.0041300e+05   4.9621582e+01
   3.0054200e+05   1.1260986e+02
   3.0062400e+05   4.5227051e+01
   3.0096700e+05   4.7729492e+01
   3.0103500e+05   8.1298828e+01
   3.0155200e+05   3.9306641e+01
   3.0196700e+05   3.9245605e+01
   3.0226400e+05   3.8574219e+01
   3.0245400e+05   8.7829590e+01
   3.0264100e+05   4.6936035e+01
   3.0265300e+05   3.8757324e+01
   3.0285700e+05   4.0527344e+01
   3.0299100e+05   4.0283203e+01
   3.0319800e+05   6.9091797e+01
   3.0331200e+05   1.1541748e+02
   3.0404300e+05   5.2734375e+01
   3.0444100e+05   4.2175293e+01
   3.0508200e+05   6.8725586e+01
   3.0535500e+05   4.7302246e+01
   3.0611600e+05   6.7016602e+01
   3.0661100e+05   4.2114258e+01
   3.0691200e+05   4.5837402e+01
   3.0716000e+05   4.7119141e+01
   3.0758300e+05   4.5471191e+01
   3.0817100e+05   4.4738770e+01
   3.0901300e+05   3.8085938e+01
   3.3712200e+05   6.4636230e+01
   3.4438000e+05   1.2414551e+02
   3.7072300e+05   6.5612793e+01
   3.7424000e+05   1.5673828e+02
   3.7440200e+05   1.1645508e+02
   3.7455800e+05   9.0332031e+01
   4.1513900e+05   1.6143799e+02
   4.3067600e+05   1.6595459e+02
   4.3077900e+05   1.0198975e+02
   4.3085600e+05   4.3273926e+01
   4.5578900e+05   1.6217041e+02
   4.5596400e+05   1.0876465e+02
   4.5604100e+05   4.5104980e+01
   4.8279100e+05   1.4276123e+02
   4.8724900e+05   1.3171387e+02
   4.9144800e+05   1.4587402e+02
   4.9154300e+05   7.2143555e+01
   5.3830100e+05   1.5631104e+02
   5.3843800e+05   1.2304688e+02
   5.3851400e+05   4.0771484e+01
   5.9404400e+05   1.5820313e+02
   5.9664700e+05   6.0546875e+01
   5.9831800e+05   1.4550781e+02
   5.9851200e+05   1.3079834e+02
   6.2253300e+05   1.6082764e+02
   6.5921400e+05   1.5582275e+02
   6.6851600e+05   6.1584473e+01
   6.6863300e+05   6.1218262e+01
   6.8066800e+05   1.7376709e+02
   6.8614700e+05   1.6864014e+02
   6.8625000e+05   8.9538574e+01
   6.9053900e+05   7.0190430e+01
   6.9134800e+05   4.7546387e+01
   6.9196900e+05   5.4687500e+01
   6.9207700e+05   6.8481445e+01
   6.9261700e+05   6.2011719e+01
   6.9269700e+05   6.2133789e+01
   6.9303800e+05   6.7993164e+01
   6.9312000e+05   1.2976074e+02
   6.9345300e+05   4.5471191e+01
   6.9348900e+05   5.8471680e+01
   6.9356000e+05   5.5114746e+01
   6.9362100e+05   7.7819824e+01
   6.9365200e+05   1.3287354e+02
   6.9367000e+05   3.8269043e+01
   6.9378600e+05   4.7485352e+01
   6.9388900e+05   1.1505127e+02
   6.9408900e+05   6.7749023e+01
   6.9416700e+05   5.8227539e+01
   6.9424300e+05   5.0903320e+01
   6.9449200e+05   1.2713623e+02
   6.9464000e+05   4.7241211e+01
   6.9479900e+05   4.3029785e+01
   6.9486200e+05   4.7180176e+01
   6.9509000e+05   4.0710449e+01
   6.9512300e+05   6.2622070e+01
   6.9520600e+05   3.9245605e+01
   6.9545200e+05   6.0485840e+01
   6.9591800e+05   4.2358398e+01
   6.9608600e+05   3.9916992e+01
   6.9631600e+05   1.3214111e+02
   6.9637600e+05   3.9306641e+01
   6.9644500e+05   8.4472656e+01
   6.9663200e+05   4.1259766e+01
   6.9674300e+05   5.3894043e+01
   6.9692400e+05   8.9538574e+01
   6.9722000e+05   7.3913574e+01
   6.9738100e+05   4.6447754e+01
   6.9758600e+05   5.0231934e+01
   6.9794200e+05   4.8156738e+01
   6.9811000e+05   7.1411133e+01
   6.9824600e+05   4.6203613e+01
   6.9837100e+05   5.0964355e+01
   6.9855700e+05   3.8574219e+01
   6.9885500e+05   4.4372559e+01
   6.9917500e+05   4.5715332e+01
   6.9938300e+05   6.5246582e+01
   6.9970600e+05   5.3161621e+01
   7.0011700e+05   5.3955078e+01
   7.0046800e+05   6.7932129e+01
   7.0080200e+05   5.4931641e+01
   7.0409200e+05   5.5969238e+01
   7.2786900e+05   7.9162598e+01
   7.2799100e+05   5.8349609e+01
   7.2804800e+05   6.4392090e+01
   7.2812800e+05   5.0720215e+01
   7.2818900e+05   5.7434082e+01
   7.2822000e+05   1.6009521e+02
   7.2828300e+05   5.8898926e+01
   7.2831200e+05   5.1635742e+01
   7.2839500e+05   3.9306641e+01
   7.2842800e+05   5.7495117e+01
   7.2854200e+05   4.1259766e+01
   7.2868600e+05   5.2734375e+01
   7.2871600e+05   4.5593262e+01
   7.2887600e+05   5.3161621e+01
   7.2909200e+05   6.3781738e+01
   7.2918100e+05   4.6386719e+01
   7.2920300e+05   4.4189453e+01
   7.2925300e+05   1.0607910e+02
   7.2949200e+05   5.5053711e+01
   7.2967400e+05   4.9133301e+01
   7.2977800e+05   8.2519531e+01
   7.2980300e+05   1.1755371e+02
   7.3017900e+05   3.8635254e+01
   7.3026900e+05   8.7463379e+01
   7.3041600e+05   4.1503906e+01
   7.3076700e+05   4.6752930e+01
   7.3077900e+05   5.1269531e+01
   7.3080200e+05   1.3006592e+02
   7.3086300e+05   9.1735840e+01
   7.3098800e+05   4.0710449e+01
   7.3131300e+05   5.1940918e+01
   7.3150200e+05   4.7851563e+01
   7.3257900e+05   3.8574219e+01
   7.3271500e+05   5.3466797e+01
   7.3317400e+05   5.2795410e+01
   7.3350200e+05   4.9316406e+01
   7.3367100e+05   8.7646484e+01
   7.5438600e+05   5.9204102e+01
   7.5452300e+05   1.3024902e+02
   7.5522100e+05   1.2225342e+02
   7.5961900e+05   6.7993164e+01
   7.6384300e+05   5.5480957e+01
   7.6393500e+05   5.2978516e+01
   7.7377800e+05   5.9936523e+01
   7.7386900e+05   5.2795410e+01
   7.7390400e+05   5.4443359e+01
   7.7396000e+05   6.4880371e+01
   7.7398300e+05   1.6821289e+02
   7.7440300e+05   7.5439453e+01
   7.7442200e+05   5.4565430e+01
   7.7446200e+05   1.4697266e+02
   7.7449700e+05   4.8645020e+01
   7.7452500e+05   7.4218750e+01
   7.7455900e+05   7.9223633e+01
   7.7474000e+05   6.6894531e+01
   7.7478800e+05   4.4189453e+01
   7.7486800e+05   7.1228027e+01
   7.7497200e+05   1.2463379e+02
   7.7498200e+05   4.3457031e+01
   7.7502300e+05   1.4013672e+02
   7.7522000e+05   6.5246582e+01
   7.7524300e+05   5.2429199e+01
   7.7528500e+05   1.2042236e+02
   7.7577600e+05   4.7607422e+01
   7.7580900e+05   5.5908203e+01
   7.7584700e+05   4.0222168e+01
   7.7601100e+05   4.2846680e+01
   7.7612100e+05   4.8217773e+01
   7.7613800e+05   5.0537109e+01
   7.7628100e+05   3.8208008e+01
   7.7637200e+05   1.1218262e+02
   7.7642900e+05   5.3894043e+01
   7.7663300e+05   4.4433594e+01
   7.7672200e+05   4.1503906e+01
   7.7677400e+05   8.8073730e+01
   7.7685100e+05   3.9306641e+01
   7.7694800e+05   1.0961914e+02
   7.7698200e+05   4.2175293e+01
   7.7722700e+05   7.2265625e+01
   7.7779500e+05   3.7719727e+01
   7.7800200e+05   4.2175293e+01
   7.7856700e+05   1.2725830e+02
   7.7871600e+05   4.6813965e+01
   7.7897500e+05   4.6142578e+01
   7.7913700e+05   3.9489746e+01
   7.7917000e+05   1.0107422e+02
   7.7965700e+05   5.9020996e+01
   7.7993900e+05   4.4799805e+01
   7.8007500e+05   4.5959473e+01
   7.8025200e+05   5.2917480e+01
   7.8044600e+05   8.1909180e+01
   7.8075900e+05   4.2297363e+01
   7.8080100e+05   9.0698242e+01
   7.8816900e+05   6.0058594e+01
   8.0556100e+05   1.2152100e+02
   8.1724300e+05   5.5725098e+01
   8.1741600e+05   7.3730469e+01
   8.4387700e+05   1.2707520e+02
   8.6434700e+05   1.6912842e+02
   8.6449100e+05   1.2664795e+02
   8.7539200e+05   1.3421631e+02
   8.9798600e+05   1.4685059e+02
   8.9817200e+05   1.3513184e+02
   8.9826900e+05   5.1574707e+01
   9.1906300e+05   1.6381836e+02
   9.4258800e+05   1.6876221e+02
   9.4274400e+05   1.3470459e+02
   9.4281400e+05   3.8452148e+01
   9.6758000e+05   1.5002441e+02
   9.7553600e+05   1.5344238e+02
   9.8344000e+05   1.4703369e+02
   9.8361000e+05   1.2493896e+02
   1.0028700e+06   1.4587402e+02
   1.0440590e+06   1.4892578e+02
   1.0441790e+06   1.1340332e+02
   1.0531670e+06   1.4709473e+02
   1.0532900e+06   9.4421387e+01
   1.0854540e+06   1.7028809e+02
   1.0899480e+06   1.5985107e+02
   1.0922920e+06   1.1834717e+02
   1.1122400e+06   1.5496826e+02
   1.1124030e+06   1.2121582e+02
   1.1261340e+06   7.6232910e+01
   1.1476520e+06   7.7331543e+01
   1.1564380e+06   7.1044922e+01
   1.2010860e+06   6.4208984e+01
   1.2039910e+06   1.5124512e+02
   1.2045280e+06   1.5362549e+02
   1.2051460e+06   4.8217773e+01
   1.2052470e+06   7.1472168e+01
   1.2059320e+06   1.4233398e+02
   1.2060700e+06   6.8786621e+01
   1.2061460e+06   1.0705566e+02
   1.2061950e+06   5.6640625e+01
   1.2062340e+06   3.9245605e+01
   1.2062830e+06   4.4128418e+01
   1.2062990e+06   6.5063477e+01
   1.2063870e+06   3.8940430e+01
   1.2064180e+06   7.1289063e+01
   1.2066050e+06   4.1137695e+01
   1.2068890e+06   4.4677734e+01
   1.2069720e+06   4.5898438e+01
   1.2072810e+06   1.5905762e+02
   1.2073370e+06   5.0048828e+01
   1.2073740e+06   4.7790527e+01
   1.2075740e+06   4.7668457e+01
   1.2077110e+06   5.0109863e+01
   1.2078450e+06   5.1330566e+01
   1.2078910e+06   1.1212158e+02
   1.2079710e+06   6.2072754e+01
   1.2080740e+06   3.9367676e+01
   1.2083570e+06   5.2917480e+01
   1.2083930e+06   1.2695313e+02
   1.2084550e+06   7.1838379e+01
   1.2085550e+06   3.9916992e+01
   1.2086020e+06   4.3090820e+01
   1.2087130e+06   5.7250977e+01
   1.2091840e+06   4.3090820e+01
   1.2093070e+06   4.1992188e+01
   1.2093350e+06   6.4025879e+01
   1.2094160e+06   3.9245605e+01
   1.2102520e+06   4.7119141e+01
   1.2103090e+06   3.8146973e+01
   1.2104100e+06   4.5959473e+01
   1.2105340e+06   4.2602539e+01
   1.2105870e+06   1.3201904e+02
   1.2107720e+06   9.2102051e+01
   1.2108440e+06   5.0842285e+01
   1.2109060e+06   4.6936035e+01
   1.2113070e+06   5.6030273e+01
   1.2114020e+06   4.8767090e+01
   1.2115370e+06   8.3679199e+01
   1.2116230e+06   4.3518066e+01
   1.2122750e+06   4.8583984e+01
   1.2123550e+06   8.9599609e+01
   1.2163420e+06   5.7556152e+01
   1.2456990e+06   4.8950195e+01
   1.2458050e+06   7.0251465e+01
   1.2458170e+06   5.7067871e+01
   1.2459180e+06   6.5185547e+01
   1.2459290e+06   4.7363281e+01
   1.2460240e+06   1.6131592e+02
   1.2462900e+06   4.4616699e+01
   1.2463100e+06   1.4379883e+02
   1.2463570e+06   6.1340332e+01
   1.2463780e+06   5.0842285e+01
   1.2466320e+06   1.1907959e+02
   1.2466840e+06   1.4141846e+02
   1.2467220e+06   6.1401367e+01
   1.2469210e+06   6.2255859e+01
   1.2470160e+06   1.2139893e+02
   1.2470330e+06   4.7546387e+01
   1.2472010e+06   5.0720215e+01
   1.2472590e+06   8.5815430e+01
   1.2473470e+06   4.5654297e+01
   1.2474660e+06   1.2670898e+02
   1.2475190e+06   7.3303223e+01
   1.2476630e+06   5.2429199e+01
   1.2478240e+06   5.0231934e+01
   1.2478380e+06   8.5266113e+01
   1.2480340e+06   8.3679199e+01
   1.2481630e+06   4.8522949e+01
   1.2483850e+06   4.9438477e+01
   1.2486500e+06   5.0476074e+01
   1.2491160e+06   5.4870605e+01
   1.2492130e+06   1.2310791e+02
   1.2493180e+06   4.4372559e+01
   1.2496180e+06   8.5754395e+01
   1.2498030e+06   5.1513672e+01
   1.2499000e+06   5.3710938e+01
   1.2503620e+06   4.8461914e+01
   1.2504080e+06   6.6955566e+01
   1.2506750e+06   5.6579590e+01
   1.2515040e+06   4.4006348e+01
   1.2518560e+06   8.3251953e+01
   1.2518800e+06   3.7841797e+01
   1.2527580e+06   4.9377441e+01
   1.2531310e+06   5.3344727e+01
   1.2534240e+06   4.5837402e+01
   1.2535350e+06   4.6691895e+01
   1.2539130e+06   5.4199219e+01
   1.2540070e+06   7.6782227e+01
   1.2562480e+06   4.1442871e+01
   1.2567010e+06   5.3771973e+01
   1.2574330e+06   4.2297363e+01
   1.2596860e+06   3.9855957e+01
   1.2858660e+06   5.4931641e+01
   1.2858920e+06   5.0292969e+01
   1.2866610e+06   7.6660156e+01
   1.2866980e+06   5.0659180e+01
   1.2867510e+06   5.6396484e+01
   1.2868220e+06   5.3161621e+01
   1.2868840e+06   1.8487549e+02
   1.2869950e+06   5.6945801e+01
   1.2870970e+06   4.7485352e+01
   1.2871360e+06   1.5026855e+02
   1.2872780e+06   5.1818848e+01
   1.2875040e+06   4.8889160e+01
   1.2875210e+06   1.2884521e+02
   1.2875500e+06   1.2414551e+02
   1.2876170e+06   6.2133789e+01
   1.2876370e+06   6.0974121e+01
   1.2879080e+06   4.2053223e+01
   1.2879200e+06   1.2091064e+02
   1.2879790e+06   3.8085938e+01
   1.2880320e+06   1.0650635e+02
   1.2882430e+06   4.6142578e+01
   1.2882790e+06   1.1120605e+02
   1.2883030e+06   5.2490234e+01
   1.2883310e+06   1.1212158e+02
   1.2884850e+06   4.4006348e+01
   1.2885700e+06   5.0903320e+01
   1.2887410e+06   1.1529541e+02
   1.2888060e+06   6.6223145e+01
   1.2889550e+06   5.1818848e+01
   1.2890810e+06   4.0100098e+01
   1.2893240e+06   7.4829102e+01
   1.2893440e+06   1.1053467e+02
   1.2894790e+06   4.6569824e+01
   1.2895650e+06   4.5898438e+01
   1.2897170e+06   1.0327148e+02
   1.2899090e+06   4.0161133e+01
   1.2902390e+06   7.9223633e+01
   1.2903350e+06   9.6679688e+01
   1.2904300e+06   7.0434570e+01
   1.2911660e+06   5.8593750e+01
   1.2913350e+06   3.8146973e+01
   1.2914810e+06   4.5227051e+01
   1.2916500e+06   5.0964355e+01
   1.2922730e+06   4.3029785e+01
   1.2923660e+06   4.4494629e+01
   1.2932010e+06   1.1737061e+02
   1.2932860e+06   5.5969238e+01
   1.2936250e+06   3.9428711e+01
   1.2938660e+06   4.2663574e+01
   1.2938990e+06   1.1724854e+02
   1.2947590e+06   3.8208008e+01
   1.2950110e+06   5.2917480e+01
   1.2953990e+06   3.9184570e+01
   1.2955980e+06   4.7912598e+01
   1.2959120e+06   4.2480469e+01
   1.2967700e+06   4.2663574e+01
   1.2972110e+06   6.5307617e+01
   1.2972430e+06   5.0292969e+01
   1.2974330e+06   4.3212891e+01
   1.2974930e+06   3.8757324e+01
   1.2984500e+06   4.2663574e+01
   1.3330200e+06   6.1767578e+01
   1.3392430e+06   1.3061523e+02
   1.4693540e+06   1.6107178e+02
   1.4694780e+06   1.1907959e+02
   1.4695510e+06   4.1076660e+01
   1.4915670e+06   1.4770508e+02
   1.4916770e+06   6.6040039e+01
   1.4918200e+06   1.3909912e+02
   1.4919670e+06   9.5520020e+01
   1.4921130e+06   6.2805176e+01
   1.5295000e+06   1.6387939e+02
   1.5296370e+06   1.1151123e+02
   1.5297020e+06   3.8269043e+01
   1.6397280e+06   1.5576172e+02
   1.6400770e+06   1.4294434e+02
   1.6401570e+06   6.3476563e+01
   1.6727650e+06   6.9152832e+01
   1.6993980e+06   6.6101074e+01
   1.7012220e+06   1.2103271e+02
   1.7036750e+06   5.2612305e+01
   1.7044850e+06   1.7126465e+02
   1.7046390e+06   6.8054199e+01
   1.7055090e+06   1.2640381e+02
   1.7056860e+06   5.6335449e+01
   1.7057920e+06   6.0241699e+01
   1.7058310e+06   6.5185547e+01
   1.7058580e+06   5.7678223e+01
   1.7059480e+06   4.1809082e+01
   1.7061250e+06   8.4106445e+01
   1.7066750e+06   1.4086914e+02
   1.7071280e+06   4.7180176e+01
   1.7072390e+06   5.6091309e+01
   1.7073510e+06   4.4372559e+01
   1.7075220e+06   1.4306641e+02
   1.7077230e+06   4.2724609e+01
   1.7078340e+06   3.9428711e+01
   1.7080700e+06   4.5471191e+01
   1.7081810e+06   6.0974121e+01
   1.7083290e+06   1.2158203e+02
   1.7083430e+06   6.0546875e+01
   1.7085370e+06   5.6701660e+01
   1.7086750e+06   5.6823730e+01
   1.7087020e+06   9.9792480e+01
   1.7090920e+06   4.9804688e+01
   1.7092290e+06   4.4616699e+01
   1.7093380e+06   1.0137939e+02
   1.7095460e+06   5.0598145e+01
   1.7097510e+06   7.0007324e+01
   1.7100150e+06   5.9692383e+01
   1.7101190e+06   6.3476562e+01
   1.7103460e+06   4.5654297e+01
   1.7105960e+06   5.2429199e+01
   1.7106470e+06   4.6508789e+01
   1.7110720e+06   5.9631348e+01
   1.7113870e+06   1.1169434e+02
   1.7120970e+06   9.6557617e+01
   1.7121420e+06   4.7607422e+01
   1.7121960e+06   4.2907715e+01
   1.7139690e+06   3.9855957e+01
   1.7159820e+06   4.9743652e+01
   1.7234070e+06   5.4626465e+01
   1.7238350e+06   4.8217773e+01
   1.7238590e+06   5.7312012e+01
   1.7419600e+06   7.1533203e+01
   1.7421590e+06   8.3251953e+01
   1.7422220e+06   4.8156738e+01
   1.7422960e+06   7.1044922e+01
   1.7424030e+06   1.4440918e+02
   1.7424910e+06   5.6640625e+01
   1.7425440e+06   6.7810059e+01
   1.7425800e+06   4.7546387e+01
   1.7427810e+06   5.0354004e+01
   1.7427990e+06   1.2084961e+02
   1.7429750e+06   5.7434082e+01
   1.7430000e+06   1.3812256e+02
   1.7432110e+06   7.4340820e+01
   1.7434690e+06   6.5551758e+01
   1.7436250e+06   1.5228271e+02
   1.7436940e+06   4.5349121e+01
   1.7437720e+06   1.1633301e+02
   1.7440170e+06   4.8522949e+01
   1.7441090e+06   4.7790527e+01
   1.7441850e+06   1.1584473e+02
   1.7442920e+06   4.1748047e+01
   1.7443570e+06   4.0161133e+01
   1.7444990e+06   4.8461914e+01
   1.7445210e+06   1.2768555e+02
   1.7446870e+06   1.0345459e+02
   1.7448560e+06   8.4350586e+01
   1.7450890e+06   6.7260742e+01
   1.7451120e+06   4.1503906e+01
   1.7454610e+06   5.9387207e+01
   1.7455590e+06   5.1086426e+01
   1.7455920e+06   4.4616699e+01
   1.7457290e+06   4.1870117e+01
   1.7457930e+06   1.0131836e+02
   1.7460560e+06   4.7851563e+01
   1.7461220e+06   5.2307129e+01
   1.7462400e+06   4.1076660e+01
   1.7464010e+06   4.2236328e+01
   1.7465100e+06   4.7241211e+01
   1.7468210e+06   7.5195313e+01
   1.7472590e+06   4.3090820e+01
   1.7472960e+06   4.2297363e+01
   1.7475260e+06   4.4006348e+01
   1.7477240e+06   3.9794922e+01
   1.7480740e+06   4.1564941e+01
   1.7487650e+06   4.6020508e+01
   1.7488190e+06   4.1259766e+01
   1.7489200e+06   8.1726074e+01
   1.7493000e+06   3.9428711e+01
   1.7500400e+06   4.8706055e+01
   1.7505050e+06   4.6325684e+01
   1.7762190e+06   1.3275146e+02
   1.7768400e+06   1.1444092e+02
   1.7772780e+06   1.2506104e+02
   1.7776770e+06   9.8449707e+01
   1.7780900e+06   1.1376953e+02
   1.7785190e+06   1.0919189e+02
   1.7793020e+06   1.0516357e+02
   1.7881970e+06   5.0964355e+01
   1.7883030e+06   5.3833008e+01
   1.7883550e+06   5.0170898e+01
   1.7883800e+06   5.5236816e+01
   1.7884520e+06   7.0251465e+01
   1.7885950e+06   6.1889648e+01
   1.7886120e+06   7.4523926e+01
   1.7887640e+06   6.5368652e+01
   1.7889910e+06   6.2744141e+01
   1.7890410e+06   6.2438965e+01
   1.7891140e+06   5.3466797e+01
   1.7892300e+06   1.5045166e+02
   1.7893570e+06   5.4809570e+01
   1.7893900e+06   1.2561035e+02
   1.7894010e+06   7.1044922e+01
   1.7894390e+06   3.7719727e+01
   1.7894670e+06   3.9367676e+01
   1.7895980e+06   4.4494629e+01
   1.7897850e+06   1.4184570e+02
   1.7898170e+06   4.6936035e+01
   1.7898830e+06   6.4453125e+01
   1.7900030e+06   1.1486816e+02
   1.7902850e+06   5.8410645e+01
   1.7904250e+06   6.3476563e+01
   1.7904440e+06   5.2307129e+01
   1.7904640e+06   1.2982178e+02
   1.7906390e+06   5.0415039e+01
   1.7909190e+06   1.0961914e+02
   1.7912200e+06   5.6152344e+01
   1.7913620e+06   5.9143066e+01
   1.7916090e+06   1.1053467e+02
   1.7916660e+06   3.8879395e+01
   1.7917270e+06   3.9794922e+01
   1.7917450e+06   1.1114502e+02
   1.7919740e+06   4.5776367e+01
   1.7919920e+06   8.5266113e+01
   1.7922730e+06   4.9133301e+01
   1.7926160e+06   4.9438477e+01
   1.7927450e+06   4.4555664e+01
   1.7928650e+06   4.1137695e+01
   1.7928890e+06   3.8696289e+01
   1.7929320e+06   9.2468262e+01
   1.7934120e+06   5.2490234e+01
   1.7935630e+06   1.2762451e+02
   1.7936170e+06   4.1503906e+01
   1.7936610e+06   4.9438477e+01
   1.7937560e+06   4.9865723e+01
   1.7942940e+06   4.7485352e+01
   1.7943420e+06   8.0505371e+01
   1.7946980e+06   5.5297852e+01
   1.7947270e+06   1.3659668e+02
   1.7948940e+06   3.9489746e+01
   1.7956020e+06   4.2602539e+01
   1.7959090e+06   4.3151855e+01
   1.7962100e+06   4.1687012e+01
   1.7963220e+06   4.2907715e+01
   1.7963520e+06   7.2631836e+01
   1.7968260e+06   3.8330078e+01
   1.7968720e+06   5.2673340e+01
   1.7971390e+06   4.8034668e+01
   1.7973880e+06   4.5349121e+01
   1.7975170e+06   4.1503906e+01
   1.7975690e+06   7.9711914e+01
   1.7976870e+06   3.9245605e+01
   1.7978960e+06   4.6203613e+01
   1.7985200e+06   5.6457520e+01
   1.7985550e+06   4.6752930e+01
   1.7993920e+06   4.7668457e+01
   1.7995680e+06   4.1503906e+01
   1.7998030e+06   7.1594238e+01
   1.8326010e+06   4.0344238e+01
   1.8788110e+06   1.4471436e+02
   1.9133160e+06   1.1889648e+02
   1.9139960e+06   1.2994385e+02
   1.9430960e+06   1.3964844e+02
   1.9432040e+06   1.2011719e+02
   1.9586910e+06   1.6033936e+02
   1.9591190e+06   1.4721680e+02
   1.9591930e+06   4.2236328e+01
   1.9917000e+06   1.5631104e+02
   1.9918990e+06   1.3848877e+02
   1.9919770e+06   4.6508789e+01
   2.0140120e+06   1.4782715e+02
   2.0143590e+06   1.4013672e+02
   2.0144380e+06   4.4494629e+01
   2.0353220e+06   1.4831543e+02
   2.1780460e+06   1.6638184e+02
   2.2214310e+06   5.6579590e+01
   2.2234920e+06   1.3964844e+02
   2.2247750e+06   1.7565918e+02
   2.2249500e+06   1.4202881e+02
   2.2250200e+06   3.8269043e+01
   2.2268840e+06   1.4501953e+02
   2.2298890e+06   6.4147949e+01
   2.2326010e+06   6.8664551e+01
   2.2326720e+06   5.1696777e+01
   2.2359620e+06   6.3964844e+01
   2.2654880e+06   6.6528320e+01
   2.2694630e+06   6.2500000e+01
   2.2695280e+06   1.5039063e+02
   2.2696970e+06   6.9396973e+01
   2.2697110e+06   6.4575195e+01
   2.2703900e+06   1.2597656e+02
   2.2711000e+06   6.1401367e+01
   2.2712330e+06   6.6223145e+01
   2.2713040e+06   6.4514160e+01
   2.2713470e+06   4.7973633e+01
   2.2715090e+06   5.4870605e+01
   2.2715480e+06   7.2509766e+01
   2.2716880e+06   1.2396240e+02
   2.2718180e+06   1.7352295e+02
   2.2718280e+06   5.1818848e+01
   2.2718810e+06   5.0537109e+01
   2.2719370e+06   4.9194336e+01
   2.2722960e+06   5.2062988e+01
   2.2724120e+06   6.9152832e+01
   2.2724690e+06   1.6229248e+02
   2.2727220e+06   3.7963867e+01
   2.2731340e+06   1.3305664e+02
   2.2731730e+06   6.0791016e+01
   2.2732930e+06   5.1940918e+01
   2.2733400e+06   6.1706543e+01
   2.2733860e+06   1.1944580e+02
   2.2734830e+06   6.6528320e+01
   2.2735450e+06   4.9011230e+01
   2.2735770e+06   4.0100098e+01
   2.2736540e+06   4.8095703e+01
   2.2738860e+06   4.1076660e+01
   2.2740460e+06   1.5924072e+02
   2.2742750e+06   4.1015625e+01
   2.2743750e+06   4.4372559e+01
   2.2746350e+06   3.8269043e+01
   2.2749240e+06   5.7250977e+01
   2.2751380e+06   1.2353516e+02
   2.2753160e+06   4.5104980e+01
   2.2754080e+06   3.8330078e+01
   2.2754210e+06   1.1315918e+02
   2.2757010e+06   4.2602539e+01
   2.2759560e+06   4.4799805e+01
   2.2761070e+06   4.0893555e+01
   2.2761380e+06   1.0113525e+02
   2.2763210e+06   3.8879395e+01
   2.2763430e+06   6.8420410e+01
   2.2766180e+06   6.6345215e+01
   2.2767060e+06   8.7951660e+01
   2.2768790e+06   4.4006348e+01
   2.2771250e+06   4.3884277e+01
   2.2773520e+06   5.8654785e+01
   2.2776230e+06   4.2663574e+01
   2.2776410e+06   7.9650879e+01
   2.2778720e+06   4.2724609e+01
   2.2782020e+06   5.0964355e+01
   2.2784580e+06   5.6762695e+01
   2.2786300e+06   3.8635254e+01
   2.2793780e+06   4.0039063e+01
   2.2817670e+06   5.2917480e+01
   2.3113580e+06   7.0556641e+01
   2.3639990e+06   1.3623047e+02
   2.3648500e+06   1.3781738e+02
   2.3879030e+06   1.2652588e+02
   2.3886080e+06   6.2500000e+01
   2.3889370e+06   1.2390137e+02
   2.3921530e+06   1.3391113e+02
   2.3996490e+06   5.7678223e+01
   2.3998280e+06   4.4921875e+01
   2.4214770e+06   1.7144775e+02
   2.4312950e+06   1.3861084e+02
   2.4317240e+06   1.2158203e+02
   2.4324570e+06   1.3159180e+02
   2.4333800e+06   1.3232422e+02
   2.4590040e+06   1.6424561e+02
   2.4693650e+06   1.6101074e+02
   2.4695500e+06   1.3531494e+02
   2.4696300e+06   4.7790527e+01
   2.4791290e+06   1.5008545e+02
   2.5126720e+06   1.6064453e+02
   2.5128540e+06   1.3366699e+02
   2.5160450e+06   1.4355469e+02
   2.5253380e+06   3.9001465e+01
   2.5355540e+06   1.5277100e+02
   2.5542440e+06   1.5649414e+02
   2.5544870e+06   1.3598633e+02
   2.5606020e+06   7.8552246e+01
   2.5744400e+06   1.5118408e+02
   2.5874080e+06   1.1035156e+02
   2.5877800e+06   1.3739014e+02
   2.5882680e+06   1.2408447e+02
   2.5894560e+06   1.2384033e+02
   2.5899110e+06   6.8603516e+01
   2.5957180e+06   1.5820313e+02
   2.5958910e+06   1.1584473e+02
   2.5959600e+06   3.9428711e+01
   2.6046340e+06   5.5786133e+01
   2.6186890e+06   1.6406250e+02
   2.6342850e+06   6.3476563e+01
   2.6356860e+06   6.5795898e+01
   2.6610190e+06   1.4660645e+02
   2.6613950e+06   1.2921143e+02
   2.6622370e+06   1.3378906e+02
   2.6624470e+06   5.8288574e+01
   2.6635320e+06   4.6691895e+01
   2.6635830e+06   6.7687988e+01
   2.6636230e+06   1.0107422e+02
   2.6636570e+06   5.9143066e+01
   2.6645300e+06   6.0668945e+01
   2.6646200e+06   5.8959961e+01
   2.6646820e+06   4.2358398e+01
   2.6648010e+06   5.3100586e+01
   2.6648780e+06   5.6152344e+01
   2.6650210e+06   1.2347412e+02
   2.6650430e+06   1.6888428e+02
   2.6652980e+06   8.2336426e+01
   2.6654260e+06   7.6660156e+01
   2.6654940e+06   1.6357422e+02
   2.6655650e+06   5.1452637e+01
   2.6656060e+06   1.0296631e+02
   2.6656270e+06   4.1381836e+01
   2.6657980e+06   4.3273926e+01
   2.6658710e+06   5.2673340e+01
   2.6660460e+06   1.1877441e+02
   2.6665010e+06   4.9560547e+01
   2.6665580e+06   4.3273926e+01
   2.6666850e+06   1.2036133e+02
   2.6667650e+06   4.1259766e+01
   2.6668370e+06   9.0942383e+01
   2.6669820e+06   3.9550781e+01
   2.6670670e+06   5.7739258e+01
   2.6670840e+06   1.0058594e+02
   2.6671310e+06   5.7128906e+01
   2.6672060e+06   5.0537109e+01
   2.6673420e+06   4.2480469e+01
   2.6676640e+06   4.1015625e+01
   2.6678140e+06   6.9213867e+01
   2.6678760e+06   8.8256836e+01
   2.6680950e+06   1.2719727e+02
   2.6684200e+06   6.8664551e+01
   2.6684430e+06   5.6823730e+01
   2.6685580e+06   5.8166504e+01
   2.6685830e+06   8.0749512e+01
   2.6687850e+06   4.5227051e+01
   2.6689090e+06   3.9916992e+01
   2.6690050e+06   4.5166016e+01
   2.6690150e+06   8.8745117e+01
   2.6690730e+06   4.6508789e+01
   2.6691470e+06   3.7902832e+01
   2.6694450e+06   6.6101074e+01
   2.6694830e+06   4.4250488e+01
   2.6696950e+06   4.5227051e+01
   2.6701540e+06   4.7729492e+01
   2.6703990e+06   4.2358398e+01
   2.6704520e+06   5.4321289e+01
   2.6704750e+06   4.1748047e+01
   2.6704970e+06   7.1472168e+01
   2.6706560e+06   4.1809082e+01
   2.6712230e+06   4.5166016e+01
   2.6712450e+06   5.4931641e+01
   2.6713210e+06   1.2561035e+02
   2.6714420e+06   4.5776367e+01
   2.6717380e+06   3.9978027e+01
   2.6719690e+06   5.2551270e+01
   2.6720630e+06   5.3283691e+01
   2.6721320e+06   1.3580322e+02
   2.6725240e+06   5.0292969e+01
   2.6725880e+06   6.1157227e+01
   2.6727160e+06   1.1785889e+02
   2.6727720e+06   4.1687012e+01
   2.6729410e+06   4.0710449e+01
   2.6730370e+06   4.6997070e+01
   2.6731110e+06   1.2286377e+02
   2.6732490e+06   4.0954590e+01
   2.6735810e+06   1.1499023e+02
   2.6737750e+06   4.2724609e+01
   2.6737900e+06   4.3457031e+01
   2.6740950e+06   4.2541504e+01
   2.6741920e+06   1.0913086e+02
   2.6742040e+06   3.9916992e+01
   2.6746150e+06   4.3579102e+01
   2.6752280e+06   3.8757324e+01
   2.6756770e+06   4.9255371e+01
   2.6758500e+06   5.8959961e+01
   2.6760180e+06   6.0791016e+01
   2.6769110e+06   4.0405273e+01
   2.6769660e+06   4.3090820e+01
   2.6771600e+06   4.2663574e+01
   2.6773030e+06   6.5551758e+01
   2.6780970e+06   5.9692383e+01
   2.6799780e+06   5.0537109e+01
   2.7158510e+06   5.7678223e+01
   2.7188590e+06   5.5969238e+01
   2.8689400e+06   1.2695313e+02
   2.8695210e+06   1.3031006e+02
   2.8700790e+06   1.1193848e+02
   2.8704220e+06   1.1047363e+02
   2.8707860e+06   1.0290527e+02
   2.8715290e+06   9.9731445e+01
   2.8808930e+06   1.6827393e+02
   2.8810320e+06   1.3659668e+02
   2.9036630e+06   1.3464355e+02
   2.9056310e+06   1.2426758e+02
   2.9117590e+06   1.6833496e+02
   2.9337420e+06   1.6430664e+02
   2.9338730e+06   1.2707520e+02
   2.9339570e+06   5.0781250e+01
   2.9340740e+06   3.8940430e+01
   2.9492460e+06   1.2225342e+02
   2.9499660e+06   5.1940918e+01
   2.9500100e+06   5.3222656e+01
   2.9502410e+06   1.3659668e+02
   2.9509370e+06   1.3836670e+02
   2.9509930e+06   7.3913574e+01
   2.9510730e+06   6.3781738e+01
   2.9679070e+06   1.5655518e+02
   2.9680210e+06   1.1437988e+02
   2.9681020e+06   4.3701172e+01
   3.0411780e+06   1.5484619e+02
   3.0519690e+06   1.4068604e+02
   3.0534580e+06   1.2890625e+02
   3.0545100e+06   1.1102295e+02
   3.0580880e+06   6.4575195e+01
   3.0593650e+06   5.1635742e+01
   3.0608820e+06   1.5447998e+02
   3.0628860e+06   4.8095703e+01
   3.0629150e+06   5.6701660e+01
   3.0629350e+06   5.1452637e+01
   3.0629800e+06   1.5307617e+02
   3.0632730e+06   8.7463379e+01
   3.0633340e+06   5.5908203e+01
   3.0633790e+06   1.3775635e+02
   3.0634790e+06   1.0144043e+02
   3.0635390e+06   5.2612305e+01
   3.0635900e+06   5.6213379e+01
   3.0636770e+06   7.9528809e+01
   3.0637600e+06   2.0849609e+02
   3.0637930e+06   4.8828125e+01
   3.0639470e+06   6.1889648e+01
   3.0639710e+06   5.9509277e+01
   3.0640360e+06   1.1071777e+02
   3.0641040e+06   4.6020508e+01
   3.0641960e+06   4.3090820e+01
   3.0642860e+06   1.3629150e+02
   3.0644150e+06   4.5654297e+01
   3.0644870e+06   4.7790527e+01
   3.0647050e+06   5.7250977e+01
   3.0648280e+06   1.0913086e+02
   3.0649410e+06   4.7180176e+01
   3.0651200e+06   5.1513672e+01
   3.0652310e+06   1.3732910e+02
   3.0653150e+06   4.8950195e+01
   3.0654700e+06   5.1818848e+01
   3.0657120e+06   4.5776367e+01
   3.0657320e+06   3.9733887e+01
   3.0658230e+06   9.8693848e+01
   3.0663230e+06   5.1269531e+01
   3.0664460e+06   8.8989258e+01
   3.0665990e+06   1.2072754e+02
   3.0666630e+06   4.4677734e+01
   3.0666990e+06   4.6997070e+01
   3.0670180e+06   4.9072266e+01
   3.0670720e+06   4.5410156e+01
   3.0671950e+06   3.9123535e+01
   3.0673090e+06   7.5500488e+01
   3.0675790e+06   5.3955078e+01
   3.0678290e+06   4.1015625e+01
   3.0680280e+06   6.3476563e+01
   3.0682160e+06   4.7729492e+01
   3.0682290e+06   7.4707031e+01
   3.0689070e+06   6.4392090e+01
   3.0691040e+06   4.8217773e+01
   3.0693480e+06   4.3823242e+01
   3.0760550e+06   5.9509277e+01
   3.0763770e+06   5.3039551e+01
   3.2051830e+06   6.4025879e+01
   3.2055480e+06   5.2978516e+01
   3.2622920e+06   1.2597656e+02
   3.2754080e+06   6.5551758e+01
   3.2824020e+06   7.1411133e+01
   3.3507600e+06   1.6760254e+02
   3.3575000e+06   5.3344727e+01
   3.3700050e+06   1.2976074e+02
   3.3708400e+06   1.2084961e+02
   3.3714190e+06   1.2249756e+02
   3.3719430e+06   1.1163330e+02
   3.3723520e+06   1.0223389e+02
   3.3726800e+06   9.4726563e+01
   3.3731920e+06   1.2640381e+02
   3.3736350e+06   1.1828613e+02
   3.3741600e+06   1.0986328e+02
   3.3746890e+06   1.0656738e+02
   3.3754390e+06   1.0137939e+02
   3.3775650e+06   6.3293457e+01
   3.3800290e+06   6.5063477e+01
   3.4000960e+06   1.3763428e+02
   3.4013420e+06   1.2200928e+02
   3.4017510e+06   1.2103271e+02
   3.4020990e+06   1.1724854e+02
   3.4023800e+06   7.6965332e+01
   3.4031010e+06   1.0192871e+02
   3.4096200e+06   5.5175781e+01
   3.4140120e+06   7.4707031e+01
   3.4167180e+06   1.4117432e+02
   3.4269830e+06   1.3525391e+02
   3.4379880e+06   1.2579346e+02
   3.4390800e+06   1.2548828e+02
   3.4397320e+06   1.2231445e+02
   3.4400940e+06   7.5622559e+01
   3.4411710e+06   1.0729980e+02
   3.4416620e+06   5.4870605e+01
   3.4465930e+06   7.6843262e+01
   3.4469750e+06   6.6711426e+01
   3.4477970e+06   5.1025391e+01
   3.4479900e+06   4.9072266e+01
   3.4480550e+06   1.8231201e+02
   3.4480710e+06   4.7485352e+01
   3.4486100e+06   5.6213379e+01
   3.4486540e+06   1.1541748e+02
   3.4488840e+06   8.6364746e+01
   3.4489670e+06   6.5734863e+01
   3.4490530e+06   6.4575195e+01
   3.4491630e+06   5.1147461e+01
   3.4492080e+06   1.5441895e+02
   3.4493550e+06   4.9255371e+01
   3.4494120e+06   1.3043213e+02
   3.4494910e+06   7.3852539e+01
   3.4495280e+06   1.6308594e+02
   3.4496570e+06   6.3964844e+01
   3.4497000e+06   4.2114258e+01
   3.4500530e+06   6.4575195e+01
   3.4500720e+06   4.6447754e+01
   3.4500860e+06   1.2359619e+02
   3.4501470e+06   1.0595703e+02
   3.4502630e+06   5.8776855e+01
   3.4503670e+06   1.1138916e+02
   3.4503970e+06   4.2968750e+01
   3.4504410e+06   3.9184570e+01
   3.4506080e+06   5.4870605e+01
   3.4508400e+06   5.9265137e+01
   3.4509540e+06   4.4860840e+01
   3.4509680e+06   4.9011230e+01
   3.4511330e+06   4.6936035e+01
   3.4511490e+06   1.1743164e+02
   3.4511740e+06   4.8461914e+01
   3.4512310e+06   1.0253906e+02
   3.4512990e+06   3.9611816e+01
   3.4513520e+06   4.7180176e+01
   3.4514430e+06   3.8452148e+01
   3.4514640e+06   7.7209473e+01
   3.4516470e+06   5.4138184e+01
   3.4517900e+06   4.3640137e+01
   3.4519460e+06   5.8471680e+01
   3.4520680e+06   3.8391113e+01
   3.4522620e+06   5.7556152e+01
   3.4523800e+06   4.0344238e+01
   3.4524210e+06   5.8410645e+01
   3.4529380e+06   4.4006348e+01
   3.4529490e+06   9.0209961e+01
   3.4531430e+06   1.1749268e+02
   3.4533900e+06   4.2053223e+01
   3.4534490e+06   8.2031250e+01
   3.4536950e+06   6.4331055e+01
   3.4537290e+06   4.4921875e+01
   3.4541100e+06   4.1259766e+01
   3.4541940e+06   1.1450195e+02
   3.4545130e+06   3.8391113e+01
   3.4546040e+06   4.9804688e+01
   3.4546680e+06   3.9001465e+01
   3.4546780e+06   6.3659668e+01
   3.4548660e+06   3.8513184e+01
   3.4548990e+06   1.1962891e+02
   3.4552200e+06   5.5175781e+01
   3.4554090e+06   1.1608887e+02
   3.4555820e+06   3.8024902e+01
   3.4556970e+06   5.5175781e+01
   3.4559270e+06   4.9438477e+01
   3.4559910e+06   5.8532715e+01
   3.4561130e+06   9.6984863e+01
   3.4562480e+06   4.2724609e+01
   3.4565160e+06   5.4260254e+01
   3.4567250e+06   9.8693848e+01
   3.4570890e+06   7.9956055e+01
   3.4572910e+06   1.1187744e+02
   3.4577430e+06   9.9182129e+01
   3.4580770e+06   6.0546875e+01
   3.4581000e+06   4.0405273e+01
   3.4581850e+06   7.0312500e+01
   3.4584570e+06   4.5288086e+01
   3.4587320e+06   7.8735352e+01
   3.4591060e+06   5.7312012e+01
   3.4591630e+06   3.8085938e+01
   3.4593750e+06   6.8420410e+01
   3.4597550e+06   3.8391113e+01
   3.4598190e+06   4.8889160e+01
   3.4607610e+06   8.5754395e+01
   3.4609000e+06   5.2062988e+01
   3.4614640e+06   5.6213379e+01
   3.4619900e+06   3.8635254e+01
   3.4628420e+06   9.7839355e+01
   3.4630960e+06   5.8471680e+01
   3.4652520e+06   4.8583984e+01
   3.4750110e+06   1.1883545e+02
   3.5092420e+06   1.2384033e+02
   3.5101400e+06   1.2835693e+02
   3.6944850e+06   1.7010498e+02
   3.7129140e+06   7.2937012e+01
   3.7518270e+06   6.0974121e+01
   3.8439220e+06   1.3256836e+02
   3.8444890e+06   1.4697266e+02
   3.8462520e+06   1.6088867e+02
   3.8463180e+06   6.6772461e+01
   3.8481490e+06   5.5236816e+01
   3.8481960e+06   9.1796875e+01
   3.8483510e+06   5.3833008e+01
   3.8493800e+06   6.6467285e+01
   3.8494470e+06   4.4067383e+01
   3.8494630e+06   5.6579590e+01
   3.8494970e+06   4.1137695e+01
   3.8500910e+06   1.2811279e+02
   3.8501010e+06   4.8095703e+01
   3.8501570e+06   1.4373779e+02
   3.8502460e+06   4.6936035e+01
   3.8504530e+06   6.2683105e+01
   3.8505290e+06   1.4331055e+02
   3.8505390e+06   5.0170898e+01
   3.8506180e+06   4.0039063e+01
   3.8507940e+06   4.2175293e+01
   3.8509570e+06   1.2884521e+02
   3.8509680e+06   4.2175293e+01
   3.8510670e+06   5.0781250e+01
   3.8514000e+06   4.3518066e+01
   3.8516030e+06   5.2551270e+01
   3.8517260e+06   1.3006592e+02
   3.8518170e+06   4.8645020e+01
   3.8518990e+06   4.9072266e+01
   3.8519670e+06   4.2480469e+01
   3.8522040e+06   4.4555664e+01
   3.8522900e+06   9.8510742e+01
   3.8523180e+06   4.6081543e+01
   3.8524960e+06   1.1907959e+02
   3.8525070e+06   4.4311523e+01
   3.8525850e+06   1.0412598e+02
   3.8527110e+06   4.4250488e+01
   3.8528460e+06   5.5664063e+01
   3.8529130e+06   8.7890625e+01
   3.8530980e+06   5.8837891e+01
   3.8531780e+06   6.7626953e+01
   3.8532280e+06   4.4555664e+01
   3.8534140e+06   4.4616699e+01
   3.8534810e+06   7.6171875e+01
   3.8537060e+06   4.5837402e+01
   3.8537650e+06   6.5979004e+01
   3.8539330e+06   5.2490234e+01
   3.8540550e+06   5.7983398e+01
   3.8540730e+06   5.6213379e+01
   3.8542330e+06   5.0354004e+01
   3.8543610e+06   5.7434082e+01
   3.8544080e+06   6.3537598e+01
   3.8546680e+06   1.2969971e+02
   3.8547980e+06   4.9011230e+01
   3.8550890e+06   4.3151855e+01
   3.8552800e+06   6.3598633e+01
   3.8555780e+06   4.0466309e+01
   3.8561100e+06   5.2185059e+01
   3.8561840e+06   6.0119629e+01
   3.8564710e+06   5.7006836e+01
   3.8565840e+06   5.9204102e+01
   3.8571360e+06   4.0466309e+01
   3.8572050e+06   4.2541504e+01
   3.8572810e+06   5.9570313e+01
   3.8573760e+06   4.0466309e+01
   3.8577150e+06   1.2072754e+02
   3.8578520e+06   4.5104980e+01
   3.8580510e+06   4.4250488e+01
   3.8580970e+06   5.0659180e+01
   3.8586020e+06   5.9448242e+01
   3.9721250e+06   3.7780762e+01
   3.9998160e+06   1.4617920e+02
   4.0002990e+06   1.4038086e+02
   4.0012230e+06   1.2475586e+02
   4.0015990e+06   1.1090088e+02
   4.0021300e+06   1.1883545e+02
   4.0026650e+06   1.1706543e+02
   4.0032400e+06   1.1499023e+02
   4.0276150e+06   6.3293457e+01
   4.0510910e+06   1.3677979e+02
   4.0514270e+06   1.2066650e+02
   4.0525220e+06   1.4001465e+02
   4.0957940e+06   1.3079834e+02
   4.0962430e+06   1.2487793e+02
   4.0969440e+06   1.3061523e+02
   4.0979090e+06   1.1627197e+02
   4.1018960e+06   1.3110352e+02
   4.1419580e+06   6.2316895e+01
   4.1492910e+06   6.0302734e+01
   4.1519700e+06   1.1614990e+02
   4.1772480e+06   1.5435791e+02
   4.1799840e+06   7.1350098e+01
   4.1902580e+06   6.5246582e+01
   4.1902920e+06   6.3964844e+01
   4.1939410e+06   1.5722656e+02
   4.1943010e+06   1.4691162e+02
   4.1943720e+06   4.4921875e+01
   4.2057280e+06   1.3366699e+02
   4.2061230e+06   1.2152100e+02
   4.2067740e+06   1.0632324e+02
   4.2092930e+06   6.4086914e+01
   4.2093460e+06   5.5419922e+01
   4.2093810e+06   5.7250977e+01
   4.2094500e+06   3.9001465e+01
   4.2097610e+06   5.9631348e+01
   4.2098840e+06   4.4860840e+01
   4.2101860e+06   7.9589844e+01
   4.2102490e+06   4.1137695e+01
   4.2102790e+06   5.5419922e+01
   4.2103100e+06   1.4978027e+02
   4.2104350e+06   5.8837891e+01
   4.2104550e+06   1.1358643e+02
   4.2105920e+06   6.1767578e+01
   4.2106750e+06   5.3039551e+01
   4.2106920e+06   5.2856445e+01
   4.2107540e+06   1.2194824e+02
   4.2108540e+06   5.5847168e+01
   4.2111340e+06   7.2448730e+01
   4.2111750e+06   5.2307129e+01
   4.2115500e+06   6.7443848e+01
   4.2118350e+06   5.1391602e+01
   4.2118540e+06   7.0251465e+01
   4.2119220e+06   1.2689209e+02
   4.2120110e+06   4.6264648e+01
   4.2121180e+06   9.6069336e+01
   4.2122660e+06   4.6875000e+01
   4.2122790e+06   4.5959473e+01
   4.2124680e+06   3.9367676e+01
   4.2124850e+06   5.6274414e+01
   4.2125160e+06   1.2512207e+02
   4.2125790e+06   9.6313477e+01
   4.2126380e+06   4.6569824e+01
   4.2127110e+06   5.1818848e+01
   4.2127460e+06   6.1157227e+01
   4.2127890e+06   4.1748047e+01
   4.2130370e+06   3.9611816e+01
   4.2132080e+06   4.0954590e+01
   4.2132620e+06   5.1696777e+01
   4.2133930e+06   4.3945313e+01
   4.2134490e+06   8.6242676e+01
   4.2135730e+06   3.8146973e+01
   4.2136650e+06   5.4565430e+01
   4.2137010e+06   4.1625977e+01
   4.2138960e+06   4.8217773e+01
   4.2140450e+06   4.9499512e+01
   4.2141070e+06   7.8552246e+01
   4.2143410e+06   4.2968750e+01
   4.2143520e+06   4.4433594e+01
   4.2146240e+06   5.5603027e+01
   4.2146480e+06   3.7963867e+01
   4.2149770e+06   4.4616699e+01
   4.2150390e+06   6.4331055e+01
   4.2151890e+06   5.0903320e+01
   4.2155070e+06   4.0588379e+01
   4.2156940e+06   1.1541748e+02
   4.2158670e+06   5.5541992e+01
   4.2161180e+06   4.7302246e+01
   4.2164320e+06   1.1059570e+02
   4.2165290e+06   4.2297363e+01
   4.2166960e+06   5.5908203e+01
   4.2171650e+06   4.8706055e+01
   4.2172760e+06   4.9194336e+01
   4.2175720e+06   4.1015625e+01
   4.2175860e+06   1.2365723e+02
   4.2177090e+06   6.8359375e+01
   4.2180680e+06   1.1578369e+02
   4.2183160e+06   4.3640137e+01
   4.2184510e+06   6.0241699e+01
   4.2185240e+06   6.4147949e+01
   4.2188250e+06   1.0937500e+02
   4.2188690e+06   4.1198730e+01
   4.2190650e+06   4.0100098e+01
   4.2191190e+06   4.6936035e+01
   4.2191970e+06   4.9438477e+01
   4.2192510e+06   3.8513184e+01
   4.2193200e+06   4.5471191e+01
   4.2196140e+06   1.0406494e+02
   4.2197310e+06   4.1748047e+01
   4.2200060e+06   4.7424316e+01
   4.2201690e+06   4.3273926e+01
   4.2202210e+06   1.0241699e+02
   4.2206020e+06   3.9794922e+01
   4.2206570e+06   5.1208496e+01
   4.2209020e+06   4.1137695e+01
   4.2211020e+06   3.8574219e+01
   4.2214640e+06   4.0405273e+01
   4.2215070e+06   9.4116211e+01
   4.2218510e+06   6.1096191e+01
   4.2219930e+06   6.2744141e+01
   4.2224470e+06   4.0710449e+01
   4.2230150e+06   4.2358398e+01
   4.2232200e+06   5.8288574e+01
   4.2233700e+06   5.7434082e+01
   4.2242990e+06   3.9733887e+01
   4.2247330e+06   4.8156738e+01
   4.2261930e+06   4.2419434e+01
   4.2272310e+06   4.5593262e+01
   4.2281020e+06   4.1503906e+01
   4.2549470e+06   5.8349609e+01
   4.2657500e+06   7.1533203e+01
   4.2659010e+06   4.2175293e+01
   4.2659740e+06   4.0222168e+01
   4.2660620e+06   4.4433594e+01
   4.2929040e+06   5.7739258e+01
   4.5397070e+06   1.4196777e+02
   4.5402020e+06   1.3714600e+02
   4.5406080e+06   1.3494873e+02
   4.5411000e+06   1.1834717e+02
   4.5414820e+06   1.2353516e+02
   4.5419940e+06   1.2359619e+02
   4.5425160e+06   1.2353516e+02
   4.5432440e+06   1.0949707e+02
   4.5586160e+06   7.7453613e+01
   4.5797830e+06   1.6540527e+02
   4.5983860e+06   1.2579346e+02
   4.5992630e+06   1.2994385e+02
   4.6088420e+06   5.9326172e+01
   4.6122100e+06   1.6833496e+02
   4.6449270e+06   6.7810059e+01
   4.6471330e+06   1.6510010e+02
   4.6479190e+06   1.3928223e+02
   4.6480320e+06   8.3374023e+01
   4.6481580e+06   6.3598633e+01
   4.6501970e+06   5.3588867e+01
   4.6502260e+06   5.5908203e+01
   4.6502570e+06   5.4931641e+01
   4.6503400e+06   5.1086426e+01
   4.6505940e+06   3.9367676e+01
   4.6506780e+06   5.1208496e+01
   4.6507500e+06   1.2530518e+02
   4.6513660e+06   1.1901855e+02
   4.6516920e+06   6.7016602e+01
   4.6517850e+06   6.5490723e+01
   4.6519160e+06   4.8950195e+01
   4.6519260e+06   6.4086914e+01
   4.6519970e+06   1.3275146e+02
   4.6521060e+06   5.2856445e+01
   4.6524310e+06   5.8654785e+01
   4.6524520e+06   1.3604736e+02
   4.6525370e+06   7.1411133e+01
   4.6526780e+06   4.5593262e+01
   4.6527170e+06   1.1877441e+02
   4.6530120e+06   4.8950195e+01
   4.6532120e+06   4.5715332e+01
   4.6534010e+06   4.7119141e+01
   4.6534780e+06   1.1700439e+02
   4.6537220e+06   3.9978027e+01
   4.6539240e+06   4.6386719e+01
   4.6541980e+06   3.9550781e+01
   4.6542310e+06   5.3710938e+01
   4.6543340e+06   5.5603027e+01
   4.6543750e+06   1.1688232e+02
   4.6544820e+06   4.4555664e+01
   4.6545620e+06   1.0064697e+02
   4.6547050e+06   4.2053223e+01
   4.6549610e+06   5.0842285e+01
   4.6550080e+06   4.1687012e+01
   4.6551580e+06   5.5603027e+01
   4.6552070e+06   9.7473145e+01
   4.6553380e+06   4.2785645e+01
   4.6555440e+06   1.2091064e+02
   4.6560490e+06   9.3750000e+01
   4.6561700e+06   4.9621582e+01
   4.6562320e+06   5.7861328e+01
   4.6563160e+06   4.9804688e+01
   4.6566610e+06   4.5593262e+01
   4.6566890e+06   5.4809570e+01
   4.6568410e+06   6.1584473e+01
   4.6569880e+06   5.7983398e+01
   4.6571200e+06   5.1635742e+01
   4.6574220e+06   6.9152832e+01
   4.6577940e+06   4.0161133e+01
   4.6578500e+06   4.8217773e+01
   4.6579100e+06   7.0190430e+01
   4.6581430e+06   6.8664551e+01
   4.6583010e+06   4.3395996e+01
   4.6587660e+06   5.5175781e+01
   4.6588620e+06   6.2561035e+01
   4.6588860e+06   3.8391113e+01
   4.6950060e+06   1.5008545e+02
   4.7813960e+06   6.5368652e+01
   4.7815540e+06   7.6232910e+01
   4.7818460e+06   1.5960693e+02
   4.8290650e+06   1.6528320e+02
   4.8291910e+06   9.1918945e+01
   4.8292850e+06   7.6660156e+01
   4.8777650e+06   1.3568115e+02
   4.8785030e+06   1.3830566e+02
   4.8798530e+06   1.1370850e+02
   4.8904500e+06   6.6406250e+01
   4.8909520e+06   6.1035156e+01
   4.9266890e+06   1.3317871e+02
   4.9272200e+06   1.2890625e+02
   4.9277720e+06   1.2512207e+02
   4.9283950e+06   1.2457275e+02
   4.9288750e+06   1.2042236e+02
   4.9293370e+06   9.8754883e+01
   4.9360420e+06   5.7556152e+01
   4.9369020e+06   5.0598145e+01
   4.9589210e+06   1.2353516e+02
   4.9595450e+06   1.2304688e+02
   4.9609730e+06   1.2243652e+02
   4.9739420e+06   5.8776855e+01
   4.9739650e+06   7.8063965e+01
   5.0002510e+06   6.3842773e+01
   5.0068160e+06   1.5930176e+02
   5.0069540e+06   1.3061523e+02
   5.0070300e+06   6.3476563e+01
   5.0071240e+06   4.4189453e+01
   5.0155900e+06   4.8583984e+01
   5.0305850e+06   1.2976074e+02
   5.0340840e+06   6.5185547e+01
   5.0354400e+06   1.3885498e+02
   5.0357190e+06   5.1452637e+01
   5.0362510e+06   5.9387207e+01
   5.0362730e+06   4.7302246e+01
   5.0363110e+06   1.4569092e+02
   5.0364850e+06   6.1218262e+01
   5.0365500e+06   4.8583984e+01
   5.0368630e+06   5.4748535e+01
   5.0369670e+06   6.0546875e+01
   5.0370410e+06   1.2371826e+02
   5.0370820e+06   5.6579590e+01
   5.0373160e+06   5.2246094e+01
   5.0375910e+06   1.4666748e+02
   5.0376080e+06   6.5063477e+01
   5.0376920e+06   1.3055420e+02
   5.0377090e+06   4.1015625e+01
   5.0378120e+06   4.2541504e+01
   5.0378260e+06   3.8391113e+01
   5.0379170e+06   4.0588379e+01
   5.0379580e+06   1.2207031e+02
   5.0382080e+06   3.8696289e+01
   5.0382500e+06   9.9060059e+01
   5.0384010e+06   4.9011230e+01
   5.0385130e+06   5.1696777e+01
   5.0386410e+06   9.6191406e+01
   5.0386570e+06   4.9865723e+01
   5.0387190e+06   1.2286377e+02
   5.0387880e+06   3.7841797e+01
   5.0389000e+06   4.3823242e+01
   5.0389750e+06   6.5185547e+01
   5.0391860e+06   5.0048828e+01
   5.0392250e+06   8.4716797e+01
   5.0392400e+06   5.2612305e+01
   5.0394030e+06   3.9733887e+01
   5.0395140e+06   7.3120117e+01
   5.0395510e+06   5.9143066e+01
   5.0397090e+06   5.3710938e+01
   5.0397560e+06   1.0986328e+02
   5.0398870e+06   3.9733887e+01
   5.0402170e+06   7.2448730e+01
   5.0402970e+06   3.7780762e+01
   5.0405520e+06   1.1895752e+02
   5.0406420e+06   4.6508789e+01
   5.0408080e+06   7.6477051e+01
   5.0409240e+06   4.0710449e+01
   5.0410750e+06   3.9367676e+01
   5.0413690e+06   4.1137695e+01
   5.0415320e+06   6.9396973e+01
   5.0415500e+06   3.8635254e+01
   5.0418230e+06   4.4738770e+01
   5.0420080e+06   6.6833496e+01
   5.0421360e+06   5.1269531e+01
   5.0425810e+06   1.2207031e+02
   5.0426390e+06   5.8593750e+01
   5.0426540e+06   4.2419434e+01
   5.0427830e+06   4.0954590e+01
   5.0429990e+06   5.6152344e+01
   5.0430710e+06   5.3161621e+01
   5.0432790e+06   4.4067383e+01
   5.0433720e+06   5.9387207e+01
   5.0437610e+06   4.2480469e+01
   5.0439500e+06   4.6875000e+01
   5.0439830e+06   3.9062500e+01
   5.0442660e+06   4.8583984e+01
   5.0443600e+06   5.5297852e+01
   5.0446680e+06   4.6020508e+01
   5.0449320e+06   4.6325684e+01
   5.0450880e+06   5.5297852e+01
   5.0454850e+06   4.3151855e+01
   5.0455650e+06   5.1452637e+01
   5.0460530e+06   1.1962891e+02
   5.0461080e+06   4.6447754e+01
   5.0462420e+06   4.4555664e+01
   5.0463390e+06   5.6457520e+01
   5.0464980e+06   4.9743652e+01
   5.0469260e+06   1.2817383e+02
   5.0470070e+06   7.9284668e+01
   5.0471600e+06   4.6081543e+01
   5.0474040e+06   4.5410156e+01
   5.0475050e+06   4.4738770e+01
   5.0475760e+06   4.3334961e+01
   5.0479610e+06   1.1199951e+02
   5.0480440e+06   3.9733887e+01
   5.0483550e+06   5.2124023e+01
   5.0484490e+06   4.9011230e+01
   5.0485280e+06   4.6203613e+01
   5.0485770e+06   1.1236572e+02
   5.0489890e+06   4.2785645e+01
   5.0490210e+06   6.0180664e+01
   5.0490610e+06   1.0736084e+02
   5.0495490e+06   3.9306641e+01
   5.0501470e+06   5.9570313e+01
   5.0502920e+06   4.3640137e+01
   5.0503390e+06   9.4238281e+01
   5.0506150e+06   4.7363281e+01
   5.0508810e+06   4.8461914e+01
   5.0512000e+06   1.0913086e+02
   5.0513880e+06   6.1340332e+01
   5.0515420e+06   5.6884766e+01
   5.0520270e+06   4.6081543e+01
   5.0523110e+06   5.1147461e+01
   5.0535270e+06   4.9194336e+01
   5.0542550e+06   3.7841797e+01
   5.0543220e+06   7.7148438e+01
   5.0578040e+06   5.5541992e+01
   5.1023020e+06   7.5195313e+01
   5.1028220e+06   7.5866699e+01
   5.2924000e+06   6.9274902e+01
   5.3262050e+06   7.6293945e+01
   5.3991260e+06   1.3598633e+02
   5.3999210e+06   1.2493896e+02
   5.4006700e+06   1.1938477e+02
   5.4011820e+06   1.3989258e+02
   5.4025490e+06   1.0729980e+02
   5.4484000e+06   1.5875244e+02
   5.4487420e+06   1.5411377e+02
   5.4489110e+06   1.1688232e+02
   5.4504000e+06   1.3513184e+02
   5.4514710e+06   6.7382813e+01
   5.4522350e+06   1.4855957e+02
   5.4522740e+06   6.3903809e+01
   5.4794550e+06   1.5399170e+02
   5.5243270e+06   1.7840576e+02
   5.5392900e+06   5.6091309e+01
   5.5478580e+06   1.6351318e+02
   5.6129360e+06   6.7260742e+01
   5.6534380e+06   6.1523438e+01
   5.6635280e+06   1.1737061e+02
   5.6640600e+06   1.3067627e+02
   5.6644150e+06   1.3104248e+02
   5.6646360e+06   5.5541992e+01
   5.6657690e+06   1.0290527e+02
   5.6661890e+06   9.6130371e+01
   5.6666210e+06   1.0992432e+02
   5.6669920e+06   8.3496094e+01
   5.6673660e+06   9.0881348e+01
   5.6678510e+06   9.0209961e+01
   5.7095710e+06   1.2841797e+02
   5.7103000e+06   1.2945557e+02
   5.7109330e+06   1.1187744e+02
   5.7115910e+06   1.2860107e+02
   5.7123310e+06   1.2194824e+02
   5.7183980e+06   6.7443848e+01
   5.7240880e+06   5.7922363e+01
   5.7471410e+06   1.2573242e+02
   5.7475650e+06   1.1999512e+02
   5.7616810e+06   6.2805176e+01
   5.7923300e+06   1.3568115e+02
   5.7991110e+06   1.5264893e+02
   5.8029070e+06   6.7382813e+01
   5.8049800e+06   1.5734863e+02
   5.8051230e+06   1.2493896e+02
   5.8052200e+06   6.0607910e+01
   5.8575280e+06   1.2689209e+02
   5.8585590e+06   1.2841797e+02
   5.8593430e+06   1.1676025e+02
   5.8601820e+06   1.1700439e+02
   5.8981440e+06   7.4218750e+01
   5.8987670e+06   1.2158203e+02
   5.8995380e+06   1.2719727e+02
   5.9003760e+06   5.9448242e+01
   5.9003950e+06   6.2622070e+01
   5.9006190e+06   6.4208984e+01
   5.9006490e+06   6.3476563e+01
   5.9009250e+06   7.1655273e+01
   5.9009810e+06   4.7729492e+01
   5.9009990e+06   6.4147949e+01
   5.9012860e+06   5.0903320e+01
   5.9013680e+06   1.6229248e+02
   5.9013980e+06   5.5786133e+01
   5.9014850e+06   4.2175293e+01
   5.9016300e+06   1.2585449e+02
   5.9016570e+06   4.7485352e+01
   5.9017840e+06   1.5191650e+02
   5.9019710e+06   6.4392090e+01
   5.9020530e+06   4.2541504e+01
   5.9022270e+06   5.1513672e+01
   5.9023140e+06   1.2353516e+02
   5.9023820e+06   6.1035156e+01
   5.9024180e+06   6.8725586e+01
   5.9025220e+06   5.4870605e+01
   5.9026920e+06   6.2316895e+01
   5.9027040e+06   6.5307617e+01
   5.9028500e+06   5.1269531e+01
   5.9029590e+06   5.3649902e+01
   5.9030440e+06   1.1499023e+02
   5.9031110e+06   5.6335449e+01
   5.9031590e+06   1.1676025e+02
   5.9032260e+06   4.0771484e+01
   5.9033970e+06   3.7841797e+01
   5.9035700e+06   7.4279785e+01
   5.9036940e+06   9.9975586e+01
   5.9037880e+06   3.7963867e+01
   5.9039000e+06   6.6528320e+01
   5.9039340e+06   4.5166016e+01
   5.9040940e+06   1.2207031e+02
   5.9042290e+06   8.1787109e+01
   5.9044150e+06   5.3588867e+01
   5.9044450e+06   7.3486328e+01
   5.9045740e+06   3.9367676e+01
   5.9046900e+06   4.3151855e+01
   5.9047310e+06   4.3395996e+01
   5.9047470e+06   5.5969238e+01
   5.9049880e+06   5.4687500e+01
   5.9051860e+06   4.5227051e+01
   5.9054740e+06   5.2673340e+01
   5.9054870e+06   6.6955566e+01
   5.9057720e+06   5.0476074e+01
   5.9058950e+06   4.4128418e+01
   5.9060860e+06   5.1025391e+01
   5.9062200e+06   6.8847656e+01
   5.9063520e+06   4.6325684e+01
   5.9064570e+06   4.4738770e+01
   5.9067640e+06   5.6884766e+01
   5.9068880e+06   1.2158203e+02
   5.9070290e+06   5.6091309e+01
   5.9072950e+06   4.4067383e+01
   5.9076180e+06   4.8217773e+01
   5.9077000e+06   7.1838379e+01
   5.9078260e+06   3.9062500e+01
   5.9079580e+06   3.8513184e+01
   5.9085810e+06   4.6813965e+01
   5.9086210e+06   5.7373047e+01
   5.9086670e+06   6.4086914e+01
   5.9088190e+06   4.3029785e+01
   5.9089090e+06   4.4982910e+01
   5.9092130e+06   4.3518066e+01
   5.9095420e+06   4.9438477e+01
   5.9095690e+06   7.0800781e+01
   5.9096380e+06   5.0842285e+01
   5.9099730e+06   5.4260254e+01
   5.9103040e+06   3.8818359e+01
   5.9104420e+06   3.8757324e+01
   5.9106390e+06   4.4006348e+01
   5.9106510e+06   1.1395264e+02
   5.9122680e+06   6.2438965e+01
   5.9124320e+06   4.6569824e+01
   5.9127370e+06   3.9916992e+01
   5.9157790e+06   6.7504883e+01
   5.9160480e+06   3.9855957e+01
   5.9161520e+06   4.7180176e+01
   5.9181880e+06   7.3242188e+01
   5.9183680e+06   4.8889160e+01
   5.9185950e+06   5.3833008e+01
   5.9366790e+06   5.5419922e+01
   5.9389850e+06   4.2358398e+01
   5.9672880e+06   8.0810547e+01
