   1.1996000e+07   0.0000000e+00
   3.3397000e+04   2.6977539e+01
   3.3589000e+04   2.8930664e+01
   3.3872000e+04   2.9296875e+01
   6.5332000e+04   2.5329590e+01
   6.6443000e+04   2.9541016e+01
   1.1694700e+05   3.1005859e+01
   1.2201000e+05   2.6123047e+01
   1.9566700e+05   2.6916504e+01
   1.9594600e+05   2.7526855e+01
   2.0768500e+05   2.6672363e+01
   2.4396500e+05   2.7893066e+01
   2.4466000e+05   3.3813477e+01
   2.4490700e+05   2.8137207e+01
   2.8112000e+05   2.5207520e+01
   3.2390200e+05   2.6977539e+01
   3.8004300e+05   2.7343750e+01
   3.8026100e+05   2.9602051e+01
   4.4468100e+05   2.6611328e+01
   4.6151400e+05   2.4841309e+01
   5.3000000e+05   2.6123047e+01
   5.3139300e+05   2.5634766e+01
   5.3224700e+05   2.7954102e+01
   5.6029700e+05   2.8198242e+01
   5.8121600e+05   3.3569336e+01
   6.0835400e+05   2.7221680e+01
   6.0851500e+05   2.8808594e+01
   6.2714400e+05   2.8808594e+01
   6.5901100e+05   2.5024414e+01
   6.7222500e+05   2.8625488e+01
   6.8562700e+05   2.8320313e+01
   7.1426200e+05   2.5268555e+01
   7.2954000e+05   2.5085449e+01
   7.3112500e+05   2.4963379e+01
   7.5736500e+05   2.8259277e+01
   7.7193900e+05   2.7526855e+01
   7.7208900e+05   2.7648926e+01
   7.7586600e+05   2.5390625e+01
   8.3184900e+05   2.7893066e+01
   8.3201100e+05   2.4902344e+01
   8.4073000e+05   3.1921387e+01
   8.4100700e+05   2.9357910e+01
   8.7184500e+05   2.7282715e+01
   8.9943200e+05   2.5268555e+01
   9.0071800e+05   3.2897949e+01
   9.1822300e+05   2.7893066e+01
   9.1869100e+05   3.4851074e+01
   9.7534000e+05   2.6428223e+01
   9.7636800e+05   3.2409668e+01
   9.9418800e+05   3.3203125e+01
   1.0186320e+06   2.5695801e+01
   1.0481430e+06   3.4729004e+01
   1.1016280e+06   3.9428711e+01
   1.1474830e+06   2.8564453e+01
   1.1476010e+06   3.1494141e+01
   1.1618420e+06   2.5573730e+01
   1.1810650e+06   2.9541016e+01
   1.2405820e+06   2.7343750e+01
   1.2557580e+06   2.6428223e+01
   1.2722280e+06   3.5217285e+01
   1.2834950e+06   2.5390625e+01
   1.2907080e+06   2.5878906e+01
   1.2976580e+06   2.8198242e+01
   1.3196890e+06   2.7465820e+01
   1.3283380e+06   2.6855469e+01
   1.4235790e+06   2.6245117e+01
   1.4385610e+06   3.0639648e+01
   1.4472730e+06   2.9296875e+01
   1.4478120e+06   2.7038574e+01
   1.4835270e+06   2.9296875e+01
   1.6355120e+06   3.4301758e+01
   1.6659930e+06   2.9113770e+01
   1.7071140e+06   2.6977539e+01
   1.8033330e+06   2.4963379e+01
   2.0821610e+06   2.6000977e+01
   2.0822650e+06   3.9611816e+01
   2.6050040e+06   3.9489746e+01
   2.6513600e+06   2.7893066e+01
   2.6691310e+06   2.5634766e+01
   2.8227290e+06   2.8015137e+01
   2.8305350e+06   2.6184082e+01
   2.8378820e+06   4.2358398e+01
   2.8526680e+06   2.7160645e+01
   2.8664020e+06   2.4963379e+01
   2.8823160e+06   2.8259277e+01
   2.8901830e+06   2.8259277e+01
   2.8902150e+06   2.8259277e+01
   2.9141440e+06   2.8015137e+01
   2.9227440e+06   2.5573730e+01
   2.9301940e+06   2.5634766e+01
   2.9649690e+06   2.5024414e+01
   2.9710580e+06   2.5268555e+01
   2.9762980e+06   2.6245117e+01
   2.9765900e+06   2.6916504e+01
   2.9770640e+06   2.5207520e+01
   2.9774970e+06   2.9113770e+01
   2.9778120e+06   2.9052734e+01
   2.9839490e+06   2.6062012e+01
   2.9907770e+06   2.6245117e+01
   2.9969480e+06   3.3569336e+01
   2.9982270e+06   2.5634766e+01
   3.0080500e+06   2.5817871e+01
   3.0179820e+06   2.6733398e+01
   3.0245240e+06   2.9785156e+01
   3.0356010e+06   2.8198242e+01
   3.0462680e+06   2.9296875e+01
   3.0463540e+06   2.7648926e+01
   3.0568570e+06   2.8503418e+01
   3.0624160e+06   2.5329590e+01
   3.0672740e+06   2.5939941e+01
   3.0725720e+06   3.4667969e+01
   3.0860480e+06   2.5695801e+01
   3.0947480e+06   2.5146484e+01
   3.1093590e+06   2.9968262e+01
   3.1281200e+06   2.6672363e+01
   3.1338720e+06   2.6672363e+01
   3.1338940e+06   2.7160645e+01
   3.1523680e+06   2.9357910e+01
   3.1548640e+06   2.6367188e+01
   3.1623330e+06   2.9968262e+01
   3.1685420e+06   2.8015137e+01
   3.1779000e+06   2.4963379e+01
   3.1894380e+06   2.9418945e+01
   3.1960880e+06   2.7709961e+01
   3.2039560e+06   3.8879395e+01
   3.2122160e+06   2.5817871e+01
   3.2186150e+06   2.6184082e+01
   3.2279500e+06   3.2348633e+01
   3.2279680e+06   2.5512695e+01
   3.2303060e+06   2.4841309e+01
   3.2394760e+06   3.5888672e+01
   3.2416070e+06   2.6306152e+01
   3.2530500e+06   3.0944824e+01
   3.2761730e+06   2.5756836e+01
   3.2767890e+06   2.5512695e+01
   3.2940670e+06   3.2897949e+01
   3.2950990e+06   2.9235840e+01
   3.2965030e+06   2.7587891e+01
   3.3434620e+06   3.1799316e+01
   3.3616830e+06   2.6428223e+01
   3.3622500e+06   2.5695801e+01
   3.3627300e+06   2.6184082e+01
   3.3901950e+06   3.2714844e+01
   3.5689640e+06   2.7893066e+01
   3.5690830e+06   2.5512695e+01
   3.5695340e+06   3.3081055e+01
   3.5699820e+06   2.8198242e+01
   3.5706680e+06   2.6916504e+01
   3.5725100e+06   2.6550293e+01
   3.6487400e+06   2.8808594e+01
   3.6497460e+06   3.2836914e+01
   3.6501450e+06   3.3569336e+01
   3.6510250e+06   3.0273438e+01
   3.6860340e+06   2.7709961e+01
   3.7324340e+06   3.1311035e+01
   3.7816400e+06   2.4963379e+01
   3.7819910e+06   2.5146484e+01
   3.7836780e+06   2.8869629e+01
   3.8913600e+06   3.6437988e+01
   3.8916650e+06   2.9968262e+01
   3.8922680e+06   2.7221680e+01
   3.8937140e+06   2.5878906e+01
   3.9629710e+06   3.1250000e+01
   3.9631240e+06   2.4841309e+01
   3.9644870e+06   2.8259277e+01
   3.9651070e+06   3.0456543e+01
   3.9671110e+06   2.5390625e+01
   4.0195490e+06   3.1005859e+01
   4.0963260e+06   2.9724121e+01
   4.0968750e+06   3.3447266e+01
   4.1380300e+06   2.7465820e+01
   4.1390650e+06   2.5451660e+01
   4.1679550e+06   2.7770996e+01
   4.1747090e+06   3.5156250e+01
   4.1750420e+06   2.8137207e+01
   4.1759610e+06   2.5878906e+01
   4.2160520e+06   2.9968262e+01
   4.2534230e+06   3.0151367e+01
   4.2975900e+06   2.7954102e+01
   4.3386920e+06   2.5329590e+01
   4.3658140e+06   3.6193848e+01
   4.3660350e+06   3.9367676e+01
   4.3928190e+06   2.7404785e+01
   4.4267850e+06   3.3081055e+01
   4.4380570e+06   3.3935547e+01
   4.4386520e+06   2.7038574e+01
   4.4388490e+06   2.5085449e+01
   4.4478230e+06   2.9052734e+01
   4.4573540e+06   2.6000977e+01
   4.4758560e+06   3.2592773e+01
   4.4904750e+06   3.8024902e+01
   4.4986170e+06   2.5878906e+01
   4.5241620e+06   3.1494141e+01
   4.5242650e+06   3.7658691e+01
   4.5256880e+06   3.8146973e+01
   4.5410820e+06   2.5512695e+01
   4.5556160e+06   2.5573730e+01
   4.5738320e+06   2.5512695e+01
   4.5955070e+06   3.5095215e+01
   4.6077710e+06   3.0517578e+01
   4.6078630e+06   2.4841309e+01
   4.6296780e+06   2.6062012e+01
   4.6736430e+06   3.1250000e+01
   4.6834320e+06   2.5329590e+01
   4.6944890e+06   3.8696289e+01
   4.7013160e+06   3.3874512e+01
   4.7124540e+06   2.6916504e+01
   4.7276510e+06   3.6132813e+01
   4.7368560e+06   3.1311035e+01
   4.7458140e+06   3.1677246e+01
   4.7512590e+06   2.8686523e+01
   4.7512690e+06   2.6428223e+01
   4.7606500e+06   2.5390625e+01
   4.7692710e+06   2.5329590e+01
   4.7851160e+06   3.1677246e+01
   4.7935510e+06   3.1738281e+01
   4.7935610e+06   2.6916504e+01
   4.8020790e+06   3.3569336e+01
   4.8104150e+06   3.0700684e+01
   4.8178190e+06   2.6489258e+01
   4.8250880e+06   2.9052734e+01
   4.8251040e+06   2.5756836e+01
   4.8335240e+06   3.2287598e+01
   4.8475810e+06   2.7404785e+01
   4.8771170e+06   2.5573730e+01
   4.8771340e+06   2.7954102e+01
   4.8865990e+06   2.6245117e+01
   4.8998800e+06   2.5451660e+01
   4.9050800e+06   2.6123047e+01
   4.9051140e+06   3.8696289e+01
   4.9237010e+06   3.3996582e+01
   4.9285180e+06   2.9052734e+01
   4.9333300e+06   3.1860352e+01
   4.9375080e+06   2.5817871e+01
   4.9409710e+06   2.6184082e+01
   4.9453120e+06   2.5329590e+01
   4.9456380e+06   2.9968262e+01
   4.9510770e+06   2.9907227e+01
   4.9522560e+06   2.7954102e+01
   4.9635890e+06   2.8991699e+01
   4.9711540e+06   3.0395508e+01
   4.9750860e+06   3.0639648e+01
   4.9751060e+06   2.9296875e+01
   4.9752120e+06   2.7526855e+01
   4.9834980e+06   2.5085449e+01
   4.9865680e+06   2.6123047e+01
   4.9866720e+06   2.4902344e+01
   4.9907140e+06   2.4902344e+01
   4.9928550e+06   3.0334473e+01
   4.9973520e+06   2.8442383e+01
   4.9974470e+06   2.6489258e+01
   5.0006160e+06   2.5146484e+01
   5.0043070e+06   2.6611328e+01
   5.0121840e+06   2.4902344e+01
   5.0122090e+06   2.6794434e+01
   5.0193720e+06   2.9907227e+01
   5.0254490e+06   3.4423828e+01
   5.0295720e+06   2.7709961e+01
   5.0295880e+06   3.2165527e+01
   5.0340520e+06   2.6672363e+01
   5.0385090e+06   2.5329590e+01
   5.0620110e+06   2.6855469e+01
   5.0706600e+06   2.7099609e+01
   5.0754460e+06   3.2104492e+01
   5.0875650e+06   2.6550293e+01
   5.0935370e+06   2.5085449e+01
   5.0936260e+06   2.7954102e+01
   5.1088040e+06   2.6306152e+01
   5.1297800e+06   2.7099609e+01
   5.1508800e+06   2.5878906e+01
   5.1593800e+06   2.7282715e+01
   5.1594670e+06   2.5451660e+01
   5.1704670e+06   2.6672363e+01
   5.1712280e+06   2.5817871e+01
   5.1844040e+06   2.6550293e+01
   5.1871300e+06   2.6062012e+01
   5.1958960e+06   2.6977539e+01
   5.2102430e+06   2.6000977e+01
   5.2274460e+06   2.4963379e+01
   5.2274620e+06   2.7282715e+01
   5.2473180e+06   2.8442383e+01
   5.2643790e+06   2.8686523e+01
   5.2657670e+06   2.6611328e+01
   5.2675490e+06   2.5817871e+01
   5.2888680e+06   3.6804199e+01
   5.2895530e+06   2.6672363e+01
   5.3175220e+06   2.5024414e+01
   5.3175540e+06   2.7832031e+01
   5.3222040e+06   2.4841309e+01
   5.3476000e+06   2.9785156e+01
   5.3527870e+06   2.5573730e+01
   5.3529340e+06   2.6550293e+01
   5.3975400e+06   2.6184082e+01
   5.3987970e+06   2.5878906e+01
   5.4576640e+06   2.7099609e+01
   5.4590370e+06   2.6672363e+01
   5.4593940e+06   2.7465820e+01
   5.5168650e+06   2.7404785e+01
   5.5175480e+06   2.6062012e+01
   5.5182430e+06   2.5512695e+01
   5.5199110e+06   2.6000977e+01
   5.5201270e+06   2.8747559e+01
   5.5679320e+06   2.8442383e+01
   5.5686640e+06   2.8076172e+01
   5.5714620e+06   3.1005859e+01
   5.5720350e+06   2.5756836e+01
   5.6362630e+06   2.6733398e+01
   5.6364970e+06   2.7343750e+01
   5.6368100e+06   2.8320313e+01
   5.6372910e+06   2.6611328e+01
   5.6380370e+06   2.6672363e+01
   5.6393300e+06   2.5451660e+01
   5.6932950e+06   2.8198242e+01
   5.6947650e+06   2.9541016e+01
   5.7404490e+06   3.1005859e+01
   5.7406140e+06   3.2043457e+01
   5.7409060e+06   2.6184082e+01
   5.7425410e+06   2.8991699e+01
   5.7428480e+06   2.8503418e+01
   5.7438600e+06   2.5695801e+01
   5.7441770e+06   2.7221680e+01
   5.7962440e+06   2.7893066e+01
   5.7966950e+06   2.5024414e+01
   5.7979790e+06   3.2531738e+01
   5.7983710e+06   3.0395508e+01
   5.7989520e+06   2.5573730e+01
   5.8299100e+06   2.6000977e+01
   5.8317480e+06   3.0090332e+01
   5.8320980e+06   3.3569336e+01
   5.8325140e+06   3.2104492e+01
   5.8344660e+06   2.9541016e+01
   5.8836370e+06   2.6123047e+01
   5.8844030e+06   3.5339355e+01
   5.9337980e+06   2.6794434e+01
   5.9352960e+06   2.7099609e+01
   5.9358610e+06   3.1127930e+01
   5.9681820e+06   2.6123047e+01
   5.9883980e+06   2.5329590e+01
   5.9895310e+06   2.7099609e+01
   6.0031960e+06   2.8869629e+01
   6.0033720e+06   2.8625488e+01
   6.0037680e+06   2.7648926e+01
   6.0307250e+06   2.6550293e+01
   6.0320460e+06   2.5451660e+01
   6.0324350e+06   2.8625488e+01
   6.0712460e+06   2.7526855e+01
   6.0719390e+06   3.2409668e+01
   6.0976900e+06   2.9235840e+01
   6.0977180e+06   2.4963379e+01
   6.1258340e+06   2.9479980e+01
   6.1262660e+06   2.5939941e+01
   6.1412670e+06   3.0578613e+01
   6.1740510e+06   2.9907227e+01
   6.1740870e+06   2.8625488e+01
   6.1744270e+06   2.7770996e+01
   6.2051470e+06   4.2663574e+01
   6.2382930e+06   2.6733398e+01
   6.2492620e+06   2.4963379e+01
   6.2658680e+06   2.5146484e+01
   6.2803830e+06   2.5390625e+01
   6.3003880e+06   2.6550293e+01
   6.3011920e+06   2.9357910e+01
   6.3014390e+06   2.5146484e+01
   6.3142400e+06   2.9602051e+01
   6.3269760e+06   3.1921387e+01
   6.3368280e+06   2.6245117e+01
   6.3380690e+06   3.1677246e+01
   6.3512060e+06   3.4851074e+01
   6.3642250e+06   3.0029297e+01
   6.3643290e+06   3.6682129e+01
   6.3643440e+06   2.5939941e+01
   6.3650290e+06   3.4057617e+01
   6.3718300e+06   3.3081055e+01
   6.3902460e+06   2.8808594e+01
   6.4008750e+06   2.5390625e+01
   6.4103500e+06   2.7404785e+01
   6.4105050e+06   2.6611328e+01
   6.4252290e+06   2.4963379e+01
   6.4348290e+06   2.8015137e+01
   6.4353360e+06   2.5451660e+01
   6.4426550e+06   2.7709961e+01
   6.4528090e+06   2.5817871e+01
   6.4532780e+06   3.0456543e+01
   6.4676870e+06   2.8442383e+01
   6.5267250e+06   2.6611328e+01
   6.5963080e+06   3.1677246e+01
   6.6232820e+06   2.9907227e+01
   6.6329490e+06   3.9184570e+01
   6.6589290e+06   2.4963379e+01
   6.6680220e+06   2.9602051e+01
   6.6766690e+06   3.3935547e+01
   6.6848350e+06   3.0029297e+01
   6.6928390e+06   3.3813477e+01
   6.7160000e+06   3.1616211e+01
   6.7160280e+06   2.7404785e+01
   6.7305250e+06   2.9907227e+01
   6.7622900e+06   3.0822754e+01
   6.8097130e+06   3.4057617e+01
   7.3774370e+06   3.2775879e+01
   7.6198490e+06   2.8503418e+01
   7.6953720e+06   2.7404785e+01
   7.7230130e+06   2.7832031e+01
   7.7296820e+06   3.4423828e+01
   7.7353700e+06   3.4423828e+01
   7.7400270e+06   3.1127930e+01
   7.7400690e+06   2.6550293e+01
   7.7450260e+06   2.9541016e+01
   7.7489790e+06   3.5217285e+01
   7.7490510e+06   2.5756836e+01
   7.7534000e+06   4.1442871e+01
   7.7574090e+06   2.5756836e+01
   7.7624570e+06   2.9052734e+01
   7.7625150e+06   2.6062012e+01
   7.7710740e+06   2.5878906e+01
   7.7757680e+06   2.7893066e+01
   7.7804690e+06   2.5939941e+01
   7.7949920e+06   3.1555176e+01
   7.8043580e+06   2.5268555e+01
   7.8083460e+06   2.5878906e+01
   7.8132780e+06   2.4963379e+01
   7.8448110e+06   2.5634766e+01
   7.8531750e+06   2.6062012e+01
   7.8576930e+06   2.7709961e+01
   7.8672340e+06   2.6733398e+01
   7.8720150e+06   2.5390625e+01
   7.8774650e+06   2.6245117e+01
   7.8893930e+06   2.7465820e+01
   7.9028310e+06   2.5268555e+01
   7.9199760e+06   2.7954102e+01
   7.9199900e+06   2.5390625e+01
   7.9340140e+06   2.7648926e+01
   7.9462360e+06   2.8686523e+01
   7.9522900e+06   2.6000977e+01
   7.9677500e+06   2.6672363e+01
   7.9772080e+06   3.1066895e+01
   7.9956440e+06   3.1372070e+01
   7.9962830e+06   2.5878906e+01
   8.0061130e+06   3.0395508e+01
   8.0142240e+06   2.8747559e+01
   8.0329490e+06   3.3325195e+01
   8.0330610e+06   2.8503418e+01
   8.0500720e+06   2.8137207e+01
   8.0607330e+06   3.1616211e+01
   8.0608950e+06   3.2592773e+01
   8.0693240e+06   2.6000977e+01
   8.0797240e+06   2.6977539e+01
   8.0801310e+06   2.5268555e+01
   8.0811750e+06   2.6550293e+01
   8.0935150e+06   2.7038574e+01
   8.1031870e+06   2.6306152e+01
   8.1122880e+06   2.5695801e+01
   8.1139010e+06   2.5207520e+01
   8.1239060e+06   2.7343750e+01
   8.1338480e+06   2.9907227e+01
   8.1471920e+06   2.8320313e+01
   8.1472940e+06   2.5939941e+01
   8.1578120e+06   2.5146484e+01
   8.1579230e+06   2.5146484e+01
   8.1739560e+06   2.6977539e+01
   8.1740740e+06   2.8259277e+01
   8.1935000e+06   3.3020020e+01
   8.2092130e+06   3.0090332e+01
   8.2096000e+06   2.7282715e+01
   8.2103700e+06   2.5146484e+01
   8.2307430e+06   2.5878906e+01
   8.2310620e+06   2.7526855e+01
   8.2529040e+06   2.8625488e+01
   8.2531100e+06   2.7954102e+01
   8.2544920e+06   2.5817871e+01
   8.2724010e+06   3.1005859e+01
   8.2738130e+06   2.9052734e+01
   8.2940530e+06   2.9113770e+01
   8.3166950e+06   3.0273438e+01
   8.3173660e+06   2.7954102e+01
   8.3178680e+06   2.7465820e+01
   8.3387430e+06   3.2348633e+01
   8.3389430e+06   3.0578613e+01
   8.3619160e+06   2.7770996e+01
   8.3627890e+06   3.0090332e+01
   8.3850120e+06   2.8991699e+01
   8.3865590e+06   3.0273438e+01
   8.4123800e+06   2.6733398e+01
   8.4134290e+06   2.7099609e+01
   8.4138660e+06   2.8076172e+01
   8.4142670e+06   2.5451660e+01
   8.4390090e+06   2.5939941e+01
   8.4396510e+06   3.4973145e+01
   8.4408820e+06   2.7587891e+01
   8.4657270e+06   3.6437988e+01
   8.4861090e+06   2.9663086e+01
   8.4869100e+06   2.8503418e+01
   8.4882170e+06   2.6123047e+01
   8.4885830e+06   2.6977539e+01
   8.4894650e+06   2.5817871e+01
   8.5189930e+06   2.7587891e+01
   8.5196420e+06   3.0639648e+01
   8.5355060e+06   2.5268555e+01
   8.5356910e+06   3.0212402e+01
   8.5365460e+06   2.7160645e+01
   8.5522870e+06   2.7770996e+01
   8.5536420e+06   2.8686523e+01
   8.5755190e+06   3.0456543e+01
   8.5759150e+06   2.6245117e+01
   8.5886900e+06   2.6123047e+01
   8.5889960e+06   2.5146484e+01
   8.5893930e+06   2.4963379e+01
   8.5956080e+06   2.5390625e+01
   8.6067480e+06   3.1799316e+01
   8.6079590e+06   2.7770996e+01
   8.6090140e+06   2.6306152e+01
   8.6302460e+06   2.6916504e+01
   8.6319610e+06   2.6184082e+01
   8.6328640e+06   2.5634766e+01
   8.6479140e+06   2.6245117e+01
   8.6614860e+06   2.6000977e+01
   8.6616460e+06   2.5390625e+01
   8.6620600e+06   2.6855469e+01
   8.6725320e+06   3.0883789e+01
   8.6759750e+06   2.9785156e+01
   8.6878480e+06   2.7893066e+01
   8.7045860e+06   2.8076172e+01
   8.7060470e+06   2.5878906e+01
   8.7068550e+06   2.6306152e+01
   8.7079250e+06   3.0883789e+01
   8.7331240e+06   4.0100098e+01
   8.7470160e+06   2.6489258e+01
   8.7601910e+06   2.5939941e+01
   8.7603080e+06   4.1625977e+01
   8.7609910e+06   2.5512695e+01
   8.7724360e+06   3.1188965e+01
   8.7743380e+06   2.5573730e+01
   8.7968020e+06   2.6733398e+01
   8.8085460e+06   2.8076172e+01
   8.8086460e+06   2.7221680e+01
   8.8096620e+06   2.9846191e+01
   8.8106680e+06   2.7038574e+01
   8.8110810e+06   2.5939941e+01
   8.8112850e+06   2.4841309e+01
   8.8115390e+06   2.6367188e+01
   8.8517650e+06   2.5451660e+01
   8.8523820e+06   2.6367188e+01
   8.8526680e+06   2.9602051e+01
   8.8532930e+06   2.8625488e+01
   8.8537760e+06   2.7282715e+01
   8.8816970e+06   2.7587891e+01
   8.8905550e+06   2.8076172e+01
   8.8918150e+06   3.6621094e+01
   8.8921620e+06   2.6611328e+01
   8.9008190e+06   2.7404785e+01
   8.9101810e+06   2.8503418e+01
   8.9107600e+06   2.6916504e+01
   8.9205630e+06   2.9479980e+01
   8.9308340e+06   2.5207520e+01
   8.9432840e+06   2.7404785e+01
   8.9533860e+06   2.7160645e+01
   8.9540250e+06   2.5146484e+01
   8.9633520e+06   2.6489258e+01
   8.9634160e+06   2.5512695e+01
   8.9728870e+06   3.6987305e+01
   8.9734070e+06   2.7099609e+01
   8.9815540e+06   3.1188965e+01
   8.9888350e+06   2.7648926e+01
   8.9888820e+06   2.6611328e+01
   8.9889510e+06   2.9785156e+01
   8.9999640e+06   4.3518066e+01
   9.0158940e+06   3.2897949e+01
   9.0166920e+06   2.7709961e+01
   9.0355980e+06   3.3996582e+01
   9.0436800e+06   3.1250000e+01
   9.0438710e+06   2.6550293e+01
   9.0452200e+06   3.0639648e+01
   9.0630370e+06   2.5329590e+01
   9.0720420e+06   2.7832031e+01
   9.0810140e+06   3.1799316e+01
   9.0945050e+06   2.6062012e+01
   9.0949820e+06   2.7526855e+01
   9.1217930e+06   3.0639648e+01
   9.1223270e+06   3.1005859e+01
   9.1417160e+06   2.8137207e+01
   9.1496040e+06   3.4484863e+01
   9.1578860e+06   2.6733398e+01
   9.1706050e+06   2.6306152e+01
   9.1879390e+06   2.4841309e+01
   9.1879620e+06   2.5268555e+01
   9.1973110e+06   3.7353516e+01
   9.1976400e+06   2.7648926e+01
   9.2059550e+06   2.5512695e+01
   9.2141150e+06   3.1066895e+01
   9.2312770e+06   3.8208008e+01
   9.2395840e+06   2.7770996e+01
   9.2557130e+06   2.7587891e+01
   9.2784320e+06   2.6916504e+01
   9.2849610e+06   3.2226563e+01
   9.3078430e+06   3.7719727e+01
   9.3153880e+06   2.7282715e+01
   9.3154010e+06   2.9846191e+01
   9.3226780e+06   3.0212402e+01
   9.3299930e+06   3.4545898e+01
   9.3436140e+06   2.5634766e+01
   9.3507430e+06   2.9846191e+01
   9.3581870e+06   3.5888672e+01
   9.3651170e+06   2.5390625e+01
   9.3729580e+06   3.4545898e+01
   9.3808000e+06   2.7099609e+01
   9.3988600e+06   3.7841797e+01
   9.4115360e+06   2.5634766e+01
   9.4156630e+06   3.8024902e+01
   9.4197680e+06   3.4423828e+01
   9.4239030e+06   2.6794434e+01
   9.4318740e+06   2.6428223e+01
   9.4354350e+06   2.7404785e+01
   9.4425470e+06   3.9550781e+01
   9.4464560e+06   2.7282715e+01
   9.4534770e+06   3.1616211e+01
   9.4569620e+06   2.5512695e+01
   9.4609700e+06   3.0334473e+01
   9.4684620e+06   2.6977539e+01
   9.4721310e+06   2.5512695e+01
   9.4753520e+06   2.8564453e+01
   9.4788990e+06   2.4902344e+01
   9.4813150e+06   2.6062012e+01
   9.4851270e+06   2.8564453e+01
   9.4889590e+06   2.6428223e+01
   9.4891990e+06   2.6428223e+01
   9.4927210e+06   2.6062012e+01
   9.4968710e+06   2.9724121e+01
   9.5012860e+06   3.2470703e+01
   9.5058180e+06   3.2958984e+01
   9.5272670e+06   2.9785156e+01
   9.5346750e+06   2.5390625e+01
   9.5434070e+06   2.9663086e+01
   9.5518270e+06   2.6000977e+01
   9.5554220e+06   3.1005859e+01
   9.5555390e+06   2.5024414e+01
   9.5599070e+06   2.6184082e+01
   9.5642910e+06   3.2409668e+01
   9.5683640e+06   2.8869629e+01
   9.5732130e+06   2.4841309e+01
   9.5826400e+06   2.9724121e+01
   9.5881530e+06   2.8808594e+01
   9.5927920e+06   2.5390625e+01
   9.5975930e+06   2.6245117e+01
   9.6024940e+06   2.7282715e+01
   9.6076610e+06   2.5390625e+01
   9.6125530e+06   2.5024414e+01
   9.6221590e+06   3.2287598e+01
   9.6320420e+06   2.5512695e+01
   9.6475170e+06   2.8869629e+01
   9.6535360e+06   2.5207520e+01
   9.6585050e+06   2.5390625e+01
   9.6650600e+06   2.9907227e+01
   9.6706140e+06   3.1127930e+01
   9.6898860e+06   2.9113770e+01
   9.7099980e+06   3.8452148e+01
   9.7250880e+06   2.6977539e+01
   9.7395920e+06   2.6428223e+01
   9.7641420e+06   2.5634766e+01
   9.7668460e+06   2.6123047e+01
   9.7757810e+06   2.7770996e+01
   9.7848540e+06   2.8747559e+01
   9.7849570e+06   2.6611328e+01
   9.7944290e+06   2.7587891e+01
   9.8055650e+06   2.8198242e+01
   9.8165780e+06   2.6306152e+01
   9.8274120e+06   2.5207520e+01
   9.8366360e+06   2.7282715e+01
   9.8369390e+06   3.6499023e+01
   9.8392450e+06   2.4841309e+01
   9.8694690e+06   2.8198242e+01
   9.8802290e+06   2.4902344e+01
   9.8822460e+06   2.5878906e+01
   9.8938000e+06   2.5146484e+01
   9.9114450e+06   2.6306152e+01
   9.9127320e+06   2.9541016e+01
   9.9275560e+06   2.8137207e+01
   9.9392800e+06   2.9663086e+01
   9.9393630e+06   2.5390625e+01
   9.9598520e+06   2.7709961e+01
   9.9601170e+06   2.4902344e+01
   9.9684200e+06   2.5939941e+01
   9.9687440e+06   2.9479980e+01
   9.9877600e+06   2.6000977e+01
   9.9894310e+06   2.9785156e+01
   1.0010844e+07   2.6977539e+01
   1.0030332e+07   2.7709961e+01
   1.0086840e+07   2.6062012e+01
   1.0087344e+07   2.5085449e+01
   1.0106982e+07   3.4912109e+01
   1.0108230e+07   2.6489258e+01
   1.0109281e+07   2.6062012e+01
   1.0109962e+07   2.5146484e+01
   1.0129736e+07   2.9418945e+01
   1.0131270e+07   3.2287598e+01
   1.0136217e+07   2.5695801e+01
   1.0148346e+07   2.8137207e+01
   1.0150977e+07   2.6000977e+01
   1.0152308e+07   2.6062012e+01
   1.0152755e+07   2.4963379e+01
   1.0173828e+07   2.5695801e+01
   1.0190726e+07   2.8381348e+01
   1.0191384e+07   2.5451660e+01
   1.0192861e+07   2.8259277e+01
   1.0193533e+07   2.4902344e+01
   1.0208209e+07   2.6184082e+01
   1.0209349e+07   2.5390625e+01
   1.0210661e+07   2.4963379e+01
   1.0230041e+07   2.5146484e+01
   1.0230461e+07   2.5451660e+01
   1.0247103e+07   2.5024414e+01
   1.0250369e+07   2.6977539e+01
   1.0264153e+07   2.7343750e+01
   1.0264330e+07   2.5146484e+01
   1.0276964e+07   2.9907227e+01
   1.0277835e+07   2.5268555e+01
   1.0292516e+07   2.9541016e+01
   1.0294193e+07   2.6184082e+01
   1.0294599e+07   2.5207520e+01
   1.0311313e+07   2.5024414e+01
   1.0311741e+07   2.8381348e+01
   1.0327682e+07   3.1616211e+01
   1.0328483e+07   2.5512695e+01
   1.0329724e+07   2.5329590e+01
   1.0331023e+07   3.0761719e+01
   1.0345157e+07   3.4057617e+01
   1.0345838e+07   3.2104492e+01
   1.0357991e+07   3.3203125e+01
   1.0372164e+07   2.7343750e+01
   1.0373246e+07   2.5573730e+01
   1.0373530e+07   2.7343750e+01
   1.0375222e+07   2.9479980e+01
   1.0392326e+07   2.6000977e+01
   1.0392649e+07   2.9357910e+01
   1.0393387e+07   2.5512695e+01
   1.0403913e+07   2.6489258e+01
   1.0404129e+07   2.6123047e+01
   1.0405141e+07   2.7832031e+01
   1.0416807e+07   2.8564453e+01
   1.0417304e+07   2.7343750e+01
   1.0428895e+07   2.7404785e+01
   1.0439670e+07   2.6550293e+01
   1.0452614e+07   2.5024414e+01
   1.0455204e+07   2.5268555e+01
   1.0455763e+07   2.4902344e+01
   1.0468757e+07   3.0578613e+01
   1.0469153e+07   2.8625488e+01
   1.0495115e+07   2.5451660e+01
   1.0509439e+07   3.3630371e+01
   1.0510692e+07   2.9602051e+01
   1.0519703e+07   2.5085449e+01
   1.0530921e+07   2.6428223e+01
   1.0532390e+07   2.8564453e+01
   1.0533115e+07   2.5024414e+01
   1.0533808e+07   2.6062012e+01
   1.0534777e+07   2.4902344e+01
   1.0548296e+07   3.1799316e+01
   1.0561635e+07   2.6733398e+01
   1.0571500e+07   2.9052734e+01
   1.0582662e+07   3.0883789e+01
   1.0583577e+07   2.6733398e+01
   1.0592868e+07   2.7954102e+01
   1.0593013e+07   2.6855469e+01
   1.0593836e+07   2.6611328e+01
   1.0594333e+07   2.9846191e+01
   1.0595352e+07   2.6794434e+01
   1.0604958e+07   3.5644531e+01
   1.0617217e+07   2.9235840e+01
   1.0617328e+07   2.8320313e+01
   1.0627023e+07   2.5329590e+01
   1.0627517e+07   3.5217285e+01
   1.0629148e+07   2.9785156e+01
   1.0629670e+07   2.7038574e+01
   1.0636991e+07   3.8513184e+01
   1.0652124e+07   2.8076172e+01
   1.0653335e+07   2.7770996e+01
   1.0664477e+07   2.6977539e+01
   1.0675363e+07   2.8137207e+01
   1.0675811e+07   2.8259277e+01
   1.0676264e+07   2.7770996e+01
   1.0677091e+07   2.8076172e+01
   1.0687002e+07   2.7038574e+01
   1.0687953e+07   2.5329590e+01
   1.0688037e+07   2.5085449e+01
   1.0697671e+07   3.2043457e+01
   1.0709183e+07   3.1250000e+01
   1.0710331e+07   2.6672363e+01
   1.0711339e+07   2.9418945e+01
   1.0712162e+07   3.0395508e+01
   1.0721240e+07   2.5146484e+01
   1.0730553e+07   3.2104492e+01
   1.0741223e+07   2.6062012e+01
   1.0741706e+07   2.5329590e+01
   1.0754751e+07   2.8625488e+01
   1.0754962e+07   2.6733398e+01
   1.0754982e+07   2.5634766e+01
   1.0763480e+07   2.6000977e+01
   1.0763715e+07   2.6611328e+01
   1.0764475e+07   2.5817871e+01
   1.0774335e+07   3.0883789e+01
   1.0774401e+07   2.6184082e+01
   1.0774651e+07   2.5695801e+01
   1.0783629e+07   2.8442383e+01
   1.0783712e+07   2.7099609e+01
   1.0783763e+07   2.5268555e+01
   1.0793587e+07   2.8442383e+01
   1.0794610e+07   2.5329590e+01
   1.0803263e+07   2.5817871e+01
   1.0803385e+07   2.6000977e+01
   1.0806179e+07   2.7282715e+01
   1.0806918e+07   2.7465820e+01
   1.0824713e+07   3.2104492e+01
   1.0836109e+07   2.6306152e+01
   1.0836255e+07   2.5695801e+01
   1.0846114e+07   2.8869629e+01
   1.0846287e+07   3.3264160e+01
   1.0846304e+07   2.4841309e+01
   1.0846876e+07   2.6550293e+01
   1.0856018e+07   2.8747559e+01
   1.0857018e+07   2.9907227e+01
   1.0857438e+07   2.5512695e+01
   1.0867237e+07   2.5268555e+01
   1.0876382e+07   2.6794434e+01
   1.0876632e+07   2.6306152e+01
   1.0884962e+07   2.4963379e+01
   1.0893820e+07   2.9052734e+01
   1.0901929e+07   2.8625488e+01
   1.0902470e+07   2.6000977e+01
   1.0910574e+07   2.8625488e+01
   1.0911577e+07   3.1005859e+01
   1.0911931e+07   2.8381348e+01
   1.0918238e+07   2.5451660e+01
   1.0935506e+07   3.1005859e+01
   1.0935822e+07   2.4963379e+01
   1.0944944e+07   3.0456543e+01
   1.0952950e+07   2.8991699e+01
   1.0980127e+07   2.8503418e+01
   1.0988418e+07   2.5390625e+01
   1.0988592e+07   2.8808594e+01
   1.0988677e+07   2.9602051e+01
   1.0995818e+07   2.5512695e+01
   1.1004369e+07   3.0273438e+01
   1.1012637e+07   2.7038574e+01
   1.1012995e+07   2.5390625e+01
   1.1020667e+07   2.5451660e+01
   1.1028583e+07   2.7954102e+01
   1.1028840e+07   2.5573730e+01
   1.1035882e+07   2.5634766e+01
   1.1036418e+07   2.6184082e+01
   1.1065789e+07   3.1555176e+01
   1.1066199e+07   2.5451660e+01
   1.1079729e+07   3.2897949e+01
   1.1087734e+07   3.1616211e+01
   1.1095565e+07   2.7587891e+01
   1.1096190e+07   2.6123047e+01
   1.1103234e+07   2.7282715e+01
   1.1109710e+07   3.5339355e+01
   1.1123141e+07   2.6428223e+01
   1.1125066e+07   2.5756836e+01
   1.1125191e+07   2.9052734e+01
   1.1132575e+07   2.7465820e+01
   1.1139381e+07   3.2226563e+01
   1.1158340e+07   4.1748047e+01
   1.1167784e+07   3.8024902e+01
   1.1173413e+07   3.1127930e+01
   1.1180197e+07   2.6000977e+01
   1.1190893e+07   2.5268555e+01
   1.1198573e+07   2.5146484e+01
   1.1199008e+07   2.5024414e+01
   1.1204745e+07   2.4841309e+01
   1.1217091e+07   2.6245117e+01
   1.1223774e+07   2.5939941e+01
   1.1237223e+07   2.5878906e+01
   1.1243662e+07   3.3325195e+01
   1.1249522e+07   3.1372070e+01
   1.1255892e+07   3.3996582e+01
   1.1258408e+07   2.9663086e+01
   1.1258516e+07   2.9785156e+01
   1.1259363e+07   3.0090332e+01
   1.1272386e+07   2.6062012e+01
   1.1281238e+07   2.9907227e+01
   1.1282700e+07   2.6550293e+01
   1.1289713e+07   2.5451660e+01
   1.1295893e+07   2.6245117e+01
   1.1313339e+07   2.8076172e+01
   1.1318853e+07   3.0151367e+01
   1.1321698e+07   2.6855469e+01
   1.1332461e+07   2.5756836e+01
   1.1336711e+07   3.4179688e+01
   1.1341787e+07   3.7170410e+01
   1.1347356e+07   2.8137207e+01
   1.1353475e+07   3.0273438e+01
   1.1354853e+07   2.8442383e+01
   1.1359285e+07   3.4790039e+01
   1.1364441e+07   3.4423828e+01
   1.1367755e+07   2.7893066e+01
   1.1372686e+07   3.0395508e+01
   1.1382935e+07   2.5085449e+01
   1.1385701e+07   2.5146484e+01
   1.1397866e+07   2.7832031e+01
   1.1400982e+07   3.1555176e+01
   1.1401242e+07   2.7832031e+01
   1.1419561e+07   3.8391113e+01
   1.1420346e+07   2.5329590e+01
   1.1448869e+07   2.7404785e+01
   1.1453628e+07   2.5695801e+01
   1.1458492e+07   3.0517578e+01
   1.1464228e+07   2.9296875e+01
   1.1469065e+07   2.9968262e+01
   1.1481465e+07   2.8259277e+01
   1.1497808e+07   3.5339355e+01
   1.1503211e+07   2.7893066e+01
   1.1503229e+07   2.6123047e+01
   1.1504870e+07   2.7587891e+01
   1.1528495e+07   2.8930664e+01
   1.1546714e+07   2.5024414e+01
   1.1546738e+07   2.8991699e+01
   1.1633906e+07   3.0212402e+01
   1.1633919e+07   2.8137207e+01
   1.1711424e+07   2.6855469e+01
   1.1920545e+07   2.8137207e+01
   1.1956409e+07   2.6428223e+01
   1.1968680e+07   2.5756836e+01
   1.1985546e+07   2.6245117e+01
   1.1990601e+07   2.8503418e+01
   1.1995411e+07   3.1677246e+01
