   1.1996000e+07   0.0000000e+00
   1.3367880e+06   3.2836914e+01
   1.3462090e+06   8.6181641e+01
   1.3820120e+06   8.5266113e+01
   1.3823070e+06   3.0212402e+01
   1.3893140e+06   8.3435059e+01
   1.3986450e+06   8.9660645e+01
   1.3986870e+06   3.0639648e+01
   1.4084610e+06   9.3444824e+01
   1.4171130e+06   5.8349609e+01
   1.4383760e+06   8.5571289e+01
   1.4611380e+06   6.9946289e+01
   1.4834350e+06   3.2592773e+01
   1.4935560e+06   9.4665527e+01
   1.5093300e+06   9.4848633e+01
   1.5260240e+06   7.0922852e+01
   1.5311070e+06   8.0139160e+01
   1.5402150e+06   6.8359375e+01
   1.5480210e+06   6.5979004e+01
   1.5572920e+06   9.1552734e+01
   1.5696000e+06   7.6843262e+01
   1.5790170e+06   7.9223633e+01
   1.5867950e+06   5.1147461e+01
   1.6041600e+06   6.7016602e+01
   1.6204360e+06   7.2509766e+01
   1.6354190e+06   7.3425293e+01
   1.6434650e+06   7.1960449e+01
   1.6555890e+06   6.8847656e+01
   1.6658780e+06   8.5388184e+01
   1.6800180e+06   7.9040527e+01
   1.6800650e+06   3.1066895e+01
   1.6892060e+06   3.1127930e+01
   1.6981050e+06   7.2326660e+01
   1.7069730e+06   7.1777344e+01
   1.7242430e+06   7.3791504e+01
   1.7321800e+06   7.6049805e+01
   1.7404090e+06   6.2316895e+01
   1.7470080e+06   7.0190430e+01
   1.7541860e+06   5.6762695e+01
   1.7612960e+06   1.0223389e+02
   1.7714700e+06   7.0373535e+01
   1.7795340e+06   7.9101563e+01
   1.7873810e+06   7.2387695e+01
   1.7955500e+06   6.6894531e+01
   1.8032200e+06   7.2387695e+01
   1.8178750e+06   5.7739258e+01
   1.8232630e+06   7.9284668e+01
   1.8289890e+06   7.0678711e+01
   1.8439470e+06   8.2031250e+01
   1.8755280e+06   6.9274902e+01
   1.9258290e+06   7.5805664e+01
   1.9318400e+06   7.3852539e+01
   1.9384180e+06   7.7575684e+01
   1.9549900e+06   6.3293457e+01
   1.9615870e+06   7.0861816e+01
   1.9814030e+06   7.5073242e+01
   2.0308730e+06   5.9936523e+01
   2.0581110e+06   7.1350098e+01
   2.0925940e+06   7.0312500e+01
   2.1295420e+06   6.4514160e+01
   2.1388930e+06   6.0729980e+01
   2.2052980e+06   7.6232910e+01
   2.2165940e+06   6.5368652e+01
   2.4112230e+06   7.2692871e+01
   2.4194670e+06   7.3486328e+01
   2.5099320e+06   7.2998047e+01
   2.5174200e+06   7.6110840e+01
   2.5327430e+06   7.4707031e+01
   2.5751250e+06   8.7463379e+01
   2.5943540e+06   8.2702637e+01
   2.6261550e+06   8.1542969e+01
   2.6293720e+06   2.9968262e+01
   2.6426440e+06   7.0007324e+01
   2.6514430e+06   7.8918457e+01
   2.6810790e+06   5.3771973e+01
   2.7087890e+06   6.2988281e+01
   2.7171040e+06   9.1491699e+01
   2.7323280e+06   7.9895020e+01
   2.7437100e+06   5.5053711e+01
   2.7529510e+06   7.8308105e+01
   2.7534040e+06   6.0485840e+01
   2.7644370e+06   6.6833496e+01
   2.7726550e+06   7.2509766e+01
   2.7877750e+06   7.3486328e+01
   2.7938120e+06   8.1665039e+01
   2.8018510e+06   7.6110840e+01
   2.8073590e+06   7.0190430e+01
   2.8187620e+06   6.1828613e+01
   2.8228090e+06   7.0251465e+01
   2.8306010e+06   7.7880859e+01
   2.8378970e+06   7.9956055e+01
   2.8527080e+06   7.1289063e+01
   2.8658610e+06   6.9580078e+01
   2.8824040e+06   7.9284668e+01
   2.8902630e+06   7.8002930e+01
   2.8985620e+06   7.3791504e+01
   2.9074580e+06   6.7443848e+01
   2.9113840e+06   6.5124512e+01
   2.9142140e+06   8.3984375e+01
   2.9562460e+06   6.8237305e+01
   2.9650090e+06   9.0698242e+01
   2.9761990e+06   8.5083008e+01
   2.9771400e+06   7.3730469e+01
   2.9838760e+06   8.3374023e+01
   2.9838890e+06   3.1127930e+01
   2.9908060e+06   8.0444336e+01
   2.9908360e+06   3.3081055e+01
   2.9969760e+06   6.2500000e+01
   2.9969990e+06   3.1921387e+01
   2.9970280e+06   3.5278320e+01
   2.9972960e+06   2.9968262e+01
   2.9977890e+06   4.8950195e+01
   3.0031000e+06   6.3720703e+01
   3.0080280e+06   6.5856934e+01
   3.0130330e+06   3.2165527e+01
   3.0180730e+06   4.6997070e+01
   3.0246250e+06   5.6152344e+01
   3.0306100e+06   6.1279297e+01
   3.0354290e+06   5.9204102e+01
   3.0403860e+06   3.9611816e+01
   3.0462940e+06   5.3527832e+01
   3.0517490e+06   5.9814453e+01
   3.0569220e+06   5.0842285e+01
   3.0622700e+06   3.2043457e+01
   3.0673570e+06   4.6569824e+01
   3.0674630e+06   3.2043457e+01
   3.0726390e+06   4.9804688e+01
   3.0781220e+06   5.2185059e+01
   3.0781410e+06   3.7048340e+01
   3.0859060e+06   3.4484863e+01
   3.0918450e+06   4.9072266e+01
   3.0918960e+06   3.4362793e+01
   3.0948200e+06   3.9306641e+01
   3.0997590e+06   3.1982422e+01
   3.1048320e+06   5.1208496e+01
   3.1092190e+06   5.4870605e+01
   3.1143190e+06   3.9916992e+01
   3.1197130e+06   6.0241699e+01
   3.1197330e+06   3.1372070e+01
   3.1255670e+06   3.0456543e+01
   3.1282890e+06   3.7780762e+01
   3.1337460e+06   4.3334961e+01
   3.1337650e+06   3.1860352e+01
   3.1414160e+06   4.2358398e+01
   3.1464020e+06   5.0659180e+01
   3.1464200e+06   3.1616211e+01
   3.1521910e+06   4.4067383e+01
   3.1621910e+06   5.8288574e+01
   3.1683470e+06   3.9855957e+01
   3.1684390e+06   2.9724121e+01
   3.1777340e+06   5.0476074e+01
   3.1777730e+06   3.4851074e+01
   3.1841720e+06   4.9011230e+01
   3.1892970e+06   4.4982910e+01
   3.1959230e+06   5.7189941e+01
   3.2038150e+06   4.9499512e+01
   3.2038310e+06   3.6071777e+01
   3.2120480e+06   4.5654297e+01
   3.2184670e+06   5.4504395e+01
   3.2184850e+06   3.0151367e+01
   3.2278050e+06   6.0668945e+01
   3.2278150e+06   3.3508301e+01
   3.2302080e+06   3.1616211e+01
   3.2393280e+06   6.5429688e+01
   3.2393870e+06   3.2409668e+01
   3.2529060e+06   6.4392090e+01
   3.2529220e+06   3.4790039e+01
   3.2762760e+06   6.2500000e+01
   3.2781490e+06   3.3142090e+01
   3.2941670e+06   3.1311035e+01
   3.3114310e+06   6.4392090e+01
   3.3260650e+06   6.4941406e+01
   3.3274200e+06   4.5471191e+01
   3.3436030e+06   7.2814941e+01
   3.3442670e+06   5.3833008e+01
   3.3620500e+06   7.2570801e+01
   3.3634650e+06   5.7250977e+01
   3.3907730e+06   7.7087402e+01
   4.3659500e+06   3.1066895e+01
   4.4094200e+06   3.0273438e+01
   4.5255900e+06   7.2875977e+01
   4.5476450e+06   8.9172363e+01
   4.5855040e+06   8.0200195e+01
   4.5954170e+06   8.7829590e+01
   4.6168170e+06   7.5805664e+01
   4.6296380e+06   6.6894531e+01
   4.6524710e+06   3.0334473e+01
   4.6629250e+06   6.8908691e+01
   4.6735890e+06   8.2946777e+01
   4.6838430e+06   3.7170410e+01
   4.6944150e+06   3.3996582e+01
   4.7012150e+06   6.4880371e+01
   4.7012260e+06   3.7597656e+01
   4.7123960e+06   5.9204102e+01
   4.7275280e+06   7.6171875e+01
   4.7367810e+06   9.3017578e+01
   4.7511930e+06   6.8237305e+01
   4.7512050e+06   3.3386230e+01
   4.7605720e+06   8.7341309e+01
   4.7691360e+06   8.5815430e+01
   4.7778250e+06   9.0942383e+01
   4.7850120e+06   8.1665039e+01
   4.7850250e+06   3.2287598e+01
   4.7934300e+06   8.4289551e+01
   4.7935030e+06   4.7424316e+01
   4.8019780e+06   6.9885254e+01
   4.8102590e+06   7.2082520e+01
   4.8176910e+06   7.3669434e+01
   4.8250000e+06   6.3171387e+01
   4.8250510e+06   5.3466797e+01
   4.8251370e+06   4.0283203e+01
   4.8334400e+06   6.1645508e+01
   4.8335410e+06   4.3334961e+01
   4.8415370e+06   6.9946289e+01
   4.8475090e+06   7.7087402e+01
   4.8475590e+06   4.0771484e+01
   4.8631920e+06   6.4392090e+01
   4.8632700e+06   4.4494629e+01
   4.8706270e+06   7.8857422e+01
   4.8707290e+06   5.1818848e+01
   4.8770380e+06   6.8420410e+01
   4.8770820e+06   3.9611816e+01
   4.8864430e+06   7.1960449e+01
   4.8865290e+06   3.2043457e+01
   4.8923520e+06   5.5114746e+01
   4.8924890e+06   4.2236328e+01
   4.8994280e+06   4.7363281e+01
   4.8996270e+06   3.0822754e+01
   4.9048930e+06   4.2724609e+01
   4.9050570e+06   3.6560059e+01
   4.9100950e+06   2.9968262e+01
   4.9182740e+06   3.2104492e+01
   4.9183990e+06   3.2043457e+01
   4.9235580e+06   3.5156250e+01
   4.9282980e+06   3.4729004e+01
   4.9331450e+06   4.3701172e+01
   4.9374230e+06   4.0588379e+01
   4.9408320e+06   3.1555176e+01
   4.9451150e+06   3.0883789e+01
   4.9509330e+06   3.8818359e+01
   4.9510020e+06   3.0639648e+01
   4.9553210e+06   3.4057617e+01
   4.9592310e+06   4.3579102e+01
   4.9633900e+06   3.4606934e+01
   4.9672920e+06   3.6987305e+01
   4.9674400e+06   3.0883789e+01
   4.9748550e+06   2.9846191e+01
   4.9789690e+06   3.2226563e+01
   4.9831910e+06   3.1921387e+01
   4.9864540e+06   4.4311523e+01
   4.9864880e+06   3.3020020e+01
   4.9906710e+06   4.5471191e+01
   4.9971720e+06   4.9926758e+01
   5.0004900e+06   3.6987305e+01
   5.0041790e+06   4.7424316e+01
   5.0085250e+06   4.5043945e+01
   5.0085360e+06   3.2836914e+01
   5.0120640e+06   4.7119141e+01
   5.0151060e+06   4.1992188e+01
   5.0191640e+06   3.9428711e+01
   5.0229550e+06   4.9011230e+01
   5.0253230e+06   3.3020020e+01
   5.0293600e+06   4.7058105e+01
   5.0294920e+06   3.2775879e+01
   5.0341870e+06   3.1555176e+01
   5.0383060e+06   3.6926270e+01
   5.0426030e+06   3.8269043e+01
   5.0426680e+06   2.9968262e+01
   5.0470510e+06   3.3386230e+01
   5.0520000e+06   4.7607422e+01
   5.0565660e+06   4.3518066e+01
   5.0565860e+06   3.1005859e+01
   5.0566320e+06   3.1188965e+01
   5.0619690e+06   5.7189941e+01
   5.0682590e+06   4.9133301e+01
   5.0752460e+06   4.4433594e+01
   5.0814730e+06   4.8217773e+01
   5.0876550e+06   4.6813965e+01
   5.0933160e+06   5.9570313e+01
   5.0951120e+06   3.1860352e+01
   5.1017860e+06   6.3232422e+01
   5.1037850e+06   3.3447266e+01
   5.1037950e+06   3.0090332e+01
   5.1089430e+06   5.6396484e+01
   5.1149400e+06   4.8583984e+01
   5.1194690e+06   5.3161621e+01
   5.1213600e+06   3.4973145e+01
   5.1299290e+06   6.3415527e+01
   5.1323560e+06   3.4973145e+01
   5.1406710e+06   7.0678711e+01
   5.1407690e+06   3.2470703e+01
   5.1431050e+06   3.6926270e+01
   5.1509910e+06   6.3232422e+01
   5.1594640e+06   6.4941406e+01
   5.1613340e+06   2.9846191e+01
   5.1613730e+06   4.2663574e+01
   5.1705740e+06   6.4514160e+01
   5.1706010e+06   3.0334473e+01
   5.1728260e+06   4.3395996e+01
   5.1728750e+06   2.9724121e+01
   5.1845110e+06   5.9509277e+01
   5.1857900e+06   4.0344238e+01
   5.1869530e+06   5.3039551e+01
   5.1957530e+06   6.9274902e+01
   5.2103880e+06   7.3181152e+01
   5.2131240e+06   6.4025879e+01
   5.2275610e+06   8.3801270e+01
   5.2456370e+06   6.2316895e+01
   5.2645090e+06   7.3059082e+01
   5.2668190e+06   5.1757813e+01
   5.2890780e+06   6.2683105e+01
   5.2910110e+06   5.0842285e+01
   6.1762270e+06   6.7810059e+01
   6.2486090e+06   7.7270508e+01
   6.2585080e+06   7.6843262e+01
   6.3018030e+06   7.4890137e+01
   6.3185980e+06   5.8654785e+01
   6.3365770e+06   8.1787109e+01
   6.3496350e+06   7.5927734e+01
   6.3511350e+06   8.1604004e+01
   6.3714340e+06   7.8796387e+01
   6.3785100e+06   7.1716309e+01
   6.3900760e+06   6.2011719e+01
   6.4001840e+06   5.5358887e+01
   6.4091070e+06   5.8532715e+01
   6.4251540e+06   8.3984375e+01
   6.4345840e+06   6.6040039e+01
   6.4425430e+06   6.6162109e+01
   6.4425810e+06   3.1921387e+01
   6.4590250e+06   9.3505859e+01
   6.4675960e+06   7.1472168e+01
   6.4759260e+06   7.4157715e+01
   6.4762790e+06   6.8725586e+01
   6.4854040e+06   8.0261230e+01
   6.4854150e+06   3.0212402e+01
   6.4964710e+06   9.6801758e+01
   6.5135390e+06   7.1777344e+01
   6.5235620e+06   8.8928223e+01
   6.5346340e+06   7.0556641e+01
   6.5419790e+06   8.2336426e+01
   6.5493020e+06   9.2956543e+01
   6.5594440e+06   7.3791504e+01
   6.5695870e+06   3.1188965e+01
   6.5871350e+06   8.7280273e+01
   6.5962170e+06   8.4228516e+01
   6.6056770e+06   7.3669434e+01
   6.6231790e+06   6.6711426e+01
   6.6328170e+06   7.4035645e+01
   6.6415940e+06   6.5368652e+01
   6.6506680e+06   6.4819336e+01
   6.6588220e+06   5.9265137e+01
   6.6679040e+06   7.7331543e+01
   6.6764150e+06   8.0627441e+01
   6.6765610e+06   5.8898926e+01
   6.6846960e+06   6.2438965e+01
   6.6917590e+06   7.2082520e+01
   6.6926680e+06   6.3964844e+01
   6.7006190e+06   7.4035645e+01
   6.7075620e+06   7.5561523e+01
   6.7159150e+06   7.9772949e+01
   6.7227760e+06   6.5490723e+01
   6.7306040e+06   6.6589355e+01
   6.7373310e+06   7.1472168e+01
   6.7445220e+06   7.4035645e+01
   6.7505490e+06   6.4208984e+01
   6.7548090e+06   5.3833008e+01
   6.7622460e+06   6.1462402e+01
   6.7689670e+06   5.8166504e+01
   6.7752950e+06   7.3486328e+01
   6.7805650e+06   7.6232910e+01
   6.7867360e+06   7.8491211e+01
   6.7931870e+06   5.7189941e+01
   6.7986160e+06   7.5500488e+01
   6.8045540e+06   6.8908691e+01
   6.8095080e+06   6.1462402e+01
   6.8158390e+06   7.6782227e+01
   6.8278740e+06   7.9040527e+01
   6.8334750e+06   6.6833496e+01
   6.8390590e+06   7.7697754e+01
   6.8432760e+06   8.2275391e+01
   6.8520770e+06   6.9396973e+01
   6.8645850e+06   5.3161621e+01
   6.8755340e+06   6.2072754e+01
   6.8888630e+06   5.7434082e+01
   6.8908360e+06   5.7189941e+01
   6.9006000e+06   6.9091797e+01
   6.9089770e+06   5.3405762e+01
   6.9267960e+06   4.8095703e+01
   6.9350730e+06   6.1035156e+01
   6.9483540e+06   6.0119629e+01
   6.9554250e+06   7.2998047e+01
   6.9672940e+06   6.9396973e+01
   6.9687730e+06   6.8542480e+01
   6.9977390e+06   6.9213867e+01
   7.0078430e+06   6.1523438e+01
   7.0165860e+06   5.6823730e+01
   7.0254380e+06   6.3842773e+01
   7.0440940e+06   5.2490234e+01
   7.0647760e+06   6.4086914e+01
   7.0733360e+06   6.8786621e+01
   7.1028080e+06   6.0974121e+01
   7.1316260e+06   7.2143555e+01
   7.1498400e+06   6.4880371e+01
   7.2265660e+06   5.6396484e+01
   7.2593780e+06   7.1716309e+01
   7.2637250e+06   5.4260254e+01
   7.2803590e+06   5.4443359e+01
   7.2878640e+06   7.3547363e+01
   7.3261130e+06   5.8776855e+01
   7.3401050e+06   6.2255859e+01
   7.3575040e+06   6.8847656e+01
   7.3764510e+06   7.4035645e+01
   7.4133080e+06   6.7810059e+01
   7.4202560e+06   7.5073242e+01
   7.4520020e+06   6.7321777e+01
   7.4659150e+06   5.2307129e+01
   7.4724600e+06   7.4218750e+01
   7.4786660e+06   6.4086914e+01
   7.4866070e+06   6.2133789e+01
   7.4941250e+06   6.6955566e+01
   7.5127270e+06   5.1818848e+01
   7.5199980e+06   6.1279297e+01
   7.5305560e+06   7.2326660e+01
   7.5369450e+06   6.1950684e+01
   7.5617310e+06   5.5053711e+01
   7.5803850e+06   5.8715820e+01
   7.5814480e+06   6.8359375e+01
   7.5880910e+06   6.8725586e+01
   7.5887910e+06   5.8227539e+01
   7.5938080e+06   6.4758301e+01
   7.6000440e+06   6.3781738e+01
   7.6068390e+06   7.0739746e+01
   7.6086660e+06   5.1879883e+01
   7.6137780e+06   6.1706543e+01
   7.6199500e+06   4.6813965e+01
   7.6276360e+06   4.9255371e+01
   7.6389980e+06   6.8542480e+01
   7.6463300e+06   5.4809570e+01
   7.6524330e+06   5.3527832e+01
   7.6668880e+06   7.1716309e+01
   7.6757410e+06   5.5786133e+01
   7.6767890e+06   5.2917480e+01
   7.6818750e+06   6.0180664e+01
   7.6884100e+06   6.4758301e+01
   7.6888230e+06   5.9326172e+01
   7.6948320e+06   7.0251465e+01
   7.7013860e+06   7.1838379e+01
   7.7085480e+06   6.5795898e+01
   7.7149350e+06   6.2072754e+01
   7.7160580e+06   5.2734375e+01
   7.7210150e+06   7.2204590e+01
   7.7230410e+06   7.2204590e+01
   7.7297120e+06   6.1767578e+01
   7.7353950e+06   7.9528809e+01
   7.7400650e+06   8.1420898e+01
   7.7450810e+06   6.3476563e+01
   7.7490210e+06   7.3913574e+01
   7.7534420e+06   5.3283691e+01
   7.7534800e+06   2.9785156e+01
   7.7574690e+06   6.1340332e+01
   7.7576080e+06   3.0151367e+01
   7.7625100e+06   3.8635254e+01
   7.7625790e+06   3.0822754e+01
   7.7677430e+06   6.9519043e+01
   7.7677740e+06   3.3508301e+01
   7.7711080e+06   4.3701172e+01
   7.7758480e+06   6.2255859e+01
   7.7759080e+06   3.1738281e+01
   7.7805330e+06   4.2663574e+01
   7.7851480e+06   4.2419434e+01
   7.7896070e+06   4.6020508e+01
   7.7896600e+06   3.3142090e+01
   7.7950630e+06   4.2785645e+01
   7.7950820e+06   3.1860352e+01
   7.7996520e+06   5.1879883e+01
   7.7997130e+06   3.0944824e+01
   7.8043010e+06   4.2846680e+01
   7.8082230e+06   3.8452148e+01
   7.8131020e+06   3.6682129e+01
   7.8131570e+06   3.0090332e+01
   7.8182720e+06   3.0517578e+01
   7.8252420e+06   3.7048340e+01
   7.8301010e+06   3.7658691e+01
   7.8301190e+06   3.3081055e+01
   7.8345070e+06   4.5410156e+01
   7.8395560e+06   3.0639648e+01
   7.8446650e+06   3.3386230e+01
   7.8494520e+06   3.3325195e+01
   7.8530790e+06   3.7658691e+01
   7.8621120e+06   4.1320801e+01
   7.8670460e+06   3.2470703e+01
   7.8718460e+06   3.3813477e+01
   7.8773260e+06   4.3151855e+01
   7.8832030e+06   5.0903320e+01
   7.8891890e+06   3.1311035e+01
   7.8892970e+06   3.6071777e+01
   7.8930670e+06   4.1687012e+01
   7.8977190e+06   5.1391602e+01
   7.9026900e+06   4.5959473e+01
   7.9027590e+06   3.0151367e+01
   7.9071230e+06   4.1442871e+01
   7.9133980e+06   4.0222168e+01
   7.9197520e+06   3.3386230e+01
   7.9268750e+06   6.4758301e+01
   7.9269040e+06   3.0639648e+01
   7.9269630e+06   3.4790039e+01
   7.9338240e+06   4.4372559e+01
   7.9388080e+06   4.8950195e+01
   7.9388280e+06   3.2226563e+01
   7.9460750e+06   4.4860840e+01
   7.9521520e+06   4.2053223e+01
   7.9591740e+06   5.8715820e+01
   7.9675690e+06   5.0415039e+01
   7.9772910e+06   5.0109863e+01
   7.9867530e+06   5.9570313e+01
   7.9957240e+06   4.9560547e+01
   8.0059210e+06   5.5847168e+01
   8.0140600e+06   5.7250977e+01
   8.0233170e+06   5.4931641e+01
   8.0327780e+06   4.9377441e+01
   8.0414930e+06   5.5847168e+01
   8.0500410e+06   6.6101074e+01
   8.0605300e+06   6.9519043e+01
   8.0691050e+06   5.4931641e+01
   8.0798150e+06   6.4208984e+01
   8.0933210e+06   5.7861328e+01
   8.0933460e+06   2.9907227e+01
   8.1029650e+06   6.7932129e+01
   8.1120340e+06   6.3171387e+01
   8.1135930e+06   4.8583984e+01
   8.1237080e+06   6.5551758e+01
   8.1335520e+06   6.9946289e+01
   8.1339870e+06   4.4799805e+01
   8.1355230e+06   5.0476074e+01
   8.1468950e+06   6.0424805e+01
   8.1471600e+06   3.6010742e+01
   8.1574770e+06   6.6650391e+01
   8.1596730e+06   5.9143066e+01
   8.1599660e+06   3.8879395e+01
   8.1735740e+06   6.1706543e+01
   8.1753680e+06   5.5908203e+01
   8.1933640e+06   4.9194336e+01
   8.2087370e+06   8.1420898e+01
   8.2094040e+06   5.3894043e+01
   8.2098460e+06   5.6213379e+01
   8.2107030e+06   4.8828125e+01
   8.2113950e+06   4.4616699e+01
   8.2303610e+06   6.2438965e+01
   8.2308490e+06   5.5725098e+01
   8.2311160e+06   4.2297363e+01
   8.2524790e+06   6.6406250e+01
   8.2530760e+06   6.5429688e+01
   8.2542790e+06   5.6518555e+01
   8.2718970e+06   5.7373047e+01
   8.2724500e+06   5.5969238e+01
   8.2934110e+06   4.9255371e+01
   8.2944180e+06   6.4697266e+01
   8.3165000e+06   5.2917480e+01
   8.3171030e+06   6.2927246e+01
   8.3176420e+06   5.8776855e+01
   8.3380110e+06   5.3833008e+01
   8.3387610e+06   4.9682617e+01
   8.3626510e+06   7.1594238e+01
   8.3856320e+06   5.8654785e+01
   8.4387830e+06   5.3100586e+01
   8.4414840e+06   6.6223145e+01
   8.4883290e+06   6.6772461e+01
   8.4903280e+06   6.4270020e+01
   8.5202470e+06   6.2622070e+01
   8.5355010e+06   8.1787109e+01
   8.5889460e+06   6.2744141e+01
   8.6109540e+06   5.0476074e+01
   8.7202510e+06   3.0029297e+01
   8.7724230e+06   8.5510254e+01
   8.7734440e+06   5.0781250e+01
   8.8125790e+06   5.2368164e+01
   8.8544210e+06   5.8105469e+01
   8.8707630e+06   6.9274902e+01
   8.9002690e+06   5.4443359e+01
   8.9203390e+06   7.8186035e+01
   8.9317420e+06   7.3181152e+01
   8.9809320e+06   5.9265137e+01
   8.9861130e+06   7.5561523e+01
   8.9996180e+06   6.6894531e+01
   9.0064520e+06   8.6059570e+01
   9.0153250e+06   3.1494141e+01
   9.0185980e+06   7.1838379e+01
   9.0356580e+06   6.3781738e+01
   9.0524510e+06   8.6791992e+01
   9.0719510e+06   7.6354980e+01
   9.0804460e+06   6.4270020e+01
   9.0891670e+06   8.5327148e+01
   9.1040040e+06   6.9702148e+01
   9.1217190e+06   7.6049805e+01
   9.1311360e+06   6.6406250e+01
   9.1407970e+06   7.3425293e+01
   9.1494720e+06   8.4655762e+01
   9.1580270e+06   8.2641602e+01
   9.1597680e+06   5.9509277e+01
   9.1599030e+06   6.6406250e+01
   9.1704440e+06   5.9448242e+01
   9.1787610e+06   7.5134277e+01
   9.1880060e+06   9.0637207e+01
   9.1967850e+06   7.5134277e+01
   9.2057560e+06   6.4392090e+01
   9.2140580e+06   6.4575195e+01
   9.2226010e+06   6.5063477e+01
   9.2311900e+06   7.0739746e+01
   9.2398330e+06   6.0852051e+01
   9.2556010e+06   7.4279785e+01
   9.2630900e+06   8.1237793e+01
   9.2631230e+06   3.4606934e+01
   9.2706200e+06   6.5124512e+01
   9.2783220e+06   7.5500488e+01
   9.2848870e+06   8.4411621e+01
   9.2929000e+06   7.3242188e+01
   9.3001470e+06   3.0456543e+01
   9.3001820e+06   5.9692383e+01
   9.3077670e+06   6.2561035e+01
   9.3077880e+06   3.6376953e+01
   9.3153250e+06   5.1879883e+01
   9.3226000e+06   8.4472656e+01
   9.3299140e+06   7.2509766e+01
   9.3299710e+06   4.9682617e+01
   9.3366550e+06   7.4645996e+01
   9.3366740e+06   3.1921387e+01
   9.3435370e+06   7.7087402e+01
   9.3435780e+06   3.3874512e+01
   9.3506520e+06   6.8176270e+01
   9.3506970e+06   3.7048340e+01
   9.3581220e+06   7.1472168e+01
   9.3581750e+06   3.0212402e+01
   9.3650260e+06   7.3120117e+01
   9.3650670e+06   3.6376953e+01
   9.3728590e+06   5.8593750e+01
   9.3728720e+06   3.1433105e+01
   9.3729170e+06   3.4118652e+01
   9.3756400e+06   3.9123535e+01
   9.3807170e+06   6.4636230e+01
   9.3877100e+06   5.6884766e+01
   9.3878950e+06   4.0893555e+01
   9.3935840e+06   3.7353516e+01
   9.3937320e+06   3.5339355e+01
   9.3988380e+06   2.9785156e+01
   9.4025390e+06   3.0517578e+01
   9.4068590e+06   3.6437988e+01
   9.4114560e+06   3.2958984e+01
   9.4154900e+06   3.0761719e+01
   9.4195850e+06   3.7231445e+01
   9.4237560e+06   4.0466309e+01
   9.4278090e+06   4.6386719e+01
   9.4316390e+06   3.0090332e+01
   9.4352820e+06   2.9724121e+01
   9.4392140e+06   3.1433105e+01
   9.4424290e+06   3.5522461e+01
   9.4424600e+06   3.0761719e+01
   9.4501190e+06   3.0761719e+01
   9.4533570e+06   3.7170410e+01
   9.4567620e+06   3.4423828e+01
   9.4608420e+06   3.9916992e+01
   9.4720110e+06   3.5461426e+01
   9.4751640e+06   3.3203125e+01
   9.4787690e+06   3.4606934e+01
   9.4849680e+06   3.3813477e+01
   9.4888340e+06   3.0456543e+01
   9.4925560e+06   3.4118652e+01
   9.4966560e+06   3.9001465e+01
   9.5011530e+06   3.9550781e+01
   9.5056490e+06   3.4667969e+01
   9.5099030e+06   4.9743652e+01
   9.5144580e+06   3.9062500e+01
   9.5184030e+06   3.5827637e+01
   9.5226680e+06   3.2348633e+01
   9.5273620e+06   4.3212891e+01
   9.5273750e+06   2.9907227e+01
   9.5345100e+06   3.5400391e+01
   9.5386920e+06   4.0344238e+01
   9.5434490e+06   4.0710449e+01
   9.5479310e+06   4.3518066e+01
   9.5519510e+06   3.4118652e+01
   9.5552900e+06   5.0170898e+01
   9.5599860e+06   4.1564941e+01
   9.5643800e+06   4.0588379e+01
   9.5684530e+06   4.1870117e+01
   9.5732850e+06   4.7180176e+01
   9.5733710e+06   3.2470703e+01
   9.5780970e+06   3.9611816e+01
   9.5827170e+06   3.8757324e+01
   9.5880600e+06   4.5776367e+01
   9.5929090e+06   5.8959961e+01
   9.5976890e+06   6.3049316e+01
   9.6026140e+06   5.3894043e+01
   9.6077530e+06   4.8706055e+01
   9.6126520e+06   6.0180664e+01
   9.6174590e+06   4.7363281e+01
   9.6222460e+06   5.1757813e+01
   9.6275420e+06   5.2062988e+01
   9.6321470e+06   4.4982910e+01
   9.6370870e+06   4.2480469e+01
   9.6423330e+06   5.4199219e+01
   9.6476090e+06   4.8400879e+01
   9.6536390e+06   5.5969238e+01
   9.6586140e+06   6.5063477e+01
   9.6651540e+06   5.7739258e+01
   9.6707640e+06   6.1950684e+01
   9.6768340e+06   6.1645508e+01
   9.6833350e+06   5.8166504e+01
   9.6900510e+06   5.8776855e+01
   9.6958440e+06   5.8715820e+01
   9.7027270e+06   6.1950684e+01
   9.7101400e+06   5.9570313e+01
   9.7180690e+06   5.6945801e+01
   9.7252050e+06   6.1035156e+01
   9.7323180e+06   7.3059082e+01
   9.7397600e+06   5.8715820e+01
   9.7470500e+06   6.0607910e+01
   9.7546400e+06   6.2561035e+01
   9.7568480e+06   5.5969238e+01
   9.7643730e+06   5.2734375e+01
   9.7669160e+06   4.6752930e+01
   9.7759180e+06   7.6171875e+01
   9.7766600e+06   5.5847168e+01
   9.8066460e+06   5.2490234e+01
   9.8077850e+06   6.0119629e+01
   9.8173980e+06   5.6213379e+01
   9.8253580e+06   6.1889648e+01
   9.8263690e+06   5.4931641e+01
   9.8378120e+06   4.6508789e+01
   9.8527200e+06   5.2062988e+01
   9.8714480e+06   8.2580566e+01
   9.8973200e+06   7.3364258e+01
   9.9147880e+06   6.5979004e+01
   1.0468746e+07   8.5327148e+01
   1.0535219e+07   7.4890137e+01
   1.0571930e+07   6.5551758e+01
   1.0605718e+07   8.3923340e+01
   1.0651457e+07   7.3181152e+01
   1.0687800e+07   7.3181152e+01
   1.0697140e+07   8.8439941e+01
   1.0697568e+07   7.3974609e+01
   1.0709086e+07   7.1899414e+01
   1.0720531e+07   6.3415527e+01
   1.0740980e+07   6.0485840e+01
   1.0743518e+07   7.8857422e+01
   1.0763779e+07   6.4514160e+01
   1.0784219e+07   5.7006836e+01
   1.0793637e+07   6.6772461e+01
   1.0794452e+07   7.4218750e+01
   1.0815070e+07   8.4960938e+01
   1.0825217e+07   7.1105957e+01
   1.0827003e+07   6.6955566e+01
   1.0836111e+07   7.9406738e+01
   1.0845916e+07   7.8979492e+01
   1.0855916e+07   7.5195313e+01
   1.0857361e+07   6.8176270e+01
   1.0866590e+07   7.2814941e+01
   1.0875802e+07   8.8012695e+01
   1.0883900e+07   6.8176270e+01
   1.0892305e+07   7.2814941e+01
   1.0901704e+07   5.8776855e+01
   1.0904125e+07   5.9265137e+01
   1.0909677e+07   5.7983398e+01
   1.0917602e+07   7.2998047e+01
   1.0925619e+07   7.0495605e+01
   1.0935135e+07   8.2214355e+01
   1.0944368e+07   7.2387695e+01
   1.0952455e+07   6.1889648e+01
   1.0954312e+07   6.3110352e+01
   1.0962771e+07   3.0395508e+01
   1.0971025e+07   6.2438965e+01
   1.0979919e+07   6.8237305e+01
   1.0988335e+07   5.9692383e+01
   1.1004264e+07   7.5866699e+01
   1.1012494e+07   8.5510254e+01
   1.1020599e+07   7.2387695e+01
   1.1028487e+07   7.1655273e+01
   1.1035729e+07   7.1472168e+01
   1.1043633e+07   8.4838867e+01
   1.1050066e+07   5.7556152e+01
   1.1058790e+07   8.1115723e+01
   1.1065688e+07   3.0883789e+01
   1.1072127e+07   5.9265137e+01
   1.1073071e+07   4.8706055e+01
   1.1079631e+07   7.0190430e+01
   1.1087639e+07   7.8125000e+01
   1.1095466e+07   7.5134277e+01
   1.1102820e+07   7.2509766e+01
   1.1109106e+07   8.5083008e+01
   1.1114910e+07   7.1960449e+01
   1.1121937e+07   7.3364258e+01
   1.1124720e+07   7.5805664e+01
   1.1132190e+07   8.4472656e+01
   1.1139200e+07   5.2490234e+01
   1.1145736e+07   8.2946777e+01
   1.1152985e+07   5.4809570e+01
   1.1153094e+07   7.1044922e+01
   1.1157399e+07   6.3354492e+01
   1.1163395e+07   7.2326660e+01
   1.1167715e+07   7.0434570e+01
   1.1173303e+07   6.5612793e+01
   1.1173325e+07   3.2043457e+01
   1.1179828e+07   6.5185547e+01
   1.1185057e+07   6.1950684e+01
   1.1190767e+07   6.9030762e+01
   1.1190815e+07   3.6437988e+01
   1.1198336e+07   6.5124512e+01
   1.1204612e+07   6.4208984e+01
   1.1210901e+07   6.6223145e+01
   1.1216975e+07   6.6223145e+01
   1.1217010e+07   3.1127930e+01
   1.1223574e+07   5.4870605e+01
   1.1229954e+07   6.9396973e+01
   1.1230026e+07   4.8950195e+01
   1.1237054e+07   7.6965332e+01
   1.1243557e+07   6.9152832e+01
   1.1243615e+07   3.0151367e+01
   1.1249475e+07   5.1269531e+01
   1.1255733e+07   5.7739258e+01
   1.1271619e+07   5.1635742e+01
   1.1277982e+07   7.3608398e+01
   1.1281381e+07   4.9987793e+01
   1.1289281e+07   6.9213867e+01
   1.1301345e+07   6.8237305e+01
   1.1306802e+07   6.4086914e+01
   1.1312695e+07   6.1828613e+01
   1.1318546e+07   6.4086914e+01
   1.1326868e+07   5.6640625e+01
   1.1332135e+07   5.9936523e+01
   1.1336828e+07   3.0639648e+01
   1.1358854e+07   6.7443848e+01
   1.1377355e+07   2.9724121e+01
   1.1377437e+07   5.7739258e+01
   1.1382553e+07   6.8115234e+01
   1.1397529e+07   6.3537598e+01
   1.1400102e+07   6.0302734e+01
   1.1407031e+07   5.6030273e+01
   1.1409694e+07   6.1889648e+01
   1.1430610e+07   5.5725098e+01
   1.1445718e+07   4.4738770e+01
   1.1448603e+07   7.3181152e+01
   1.1452401e+07   5.9509277e+01
   1.1470977e+07   7.6416016e+01
   1.1493097e+07   5.6640625e+01
   1.1505124e+07   4.6447754e+01
   1.1513373e+07   5.3833008e+01
   1.1538319e+07   7.0129395e+01
   1.1546131e+07   5.9387207e+01
   1.1559677e+07   6.2133789e+01
   1.1569845e+07   6.1523438e+01
   1.1576881e+07   5.0598145e+01
   1.1578221e+07   4.9438477e+01
   1.1586036e+07   5.1574707e+01
   1.1591243e+07   4.5471191e+01
   1.1598594e+07   5.5480957e+01
   1.1600410e+07   5.6396484e+01
   1.1616746e+07   6.9213867e+01
   1.1617212e+07   5.7739258e+01
   1.1632348e+07   5.7006836e+01
   1.1638544e+07   5.4870605e+01
   1.1646760e+07   6.0974121e+01
   1.1648186e+07   5.4199219e+01
   1.1653784e+07   6.6223145e+01
   1.1660533e+07   5.7739258e+01
   1.1666051e+07   5.1208496e+01
   1.1671502e+07   6.0363770e+01
   1.1682764e+07   5.9204102e+01
   1.1699252e+07   5.9814453e+01
   1.1703596e+07   7.2509766e+01
   1.1707429e+07   5.5480957e+01
   1.1716827e+07   6.9519043e+01
   1.1717462e+07   4.1564941e+01
   1.1718752e+07   4.8645020e+01
   1.1723861e+07   7.3608398e+01
   1.1730198e+07   6.2927246e+01
   1.1736628e+07   6.3110352e+01
   1.1741844e+07   6.6589355e+01
   1.1743655e+07   5.7067871e+01
   1.1747948e+07   5.9143066e+01
   1.1753947e+07   5.0781250e+01
   1.1760337e+07   4.6081543e+01
   1.1765494e+07   7.9101562e+01
   1.1769386e+07   6.4697266e+01
   1.1770084e+07   4.6813965e+01
   1.1780818e+07   5.7739258e+01
   1.1790288e+07   4.8461914e+01
   1.1796111e+07   6.4636230e+01
   1.1807146e+07   7.1655273e+01
   1.1813102e+07   6.3293457e+01
   1.1820938e+07   5.6701660e+01
   1.1824735e+07   6.4270020e+01
   1.1830443e+07   6.4880371e+01
   1.1834632e+07   5.9570313e+01
   1.1835075e+07   5.3100586e+01
   1.1840435e+07   6.2255859e+01
   1.1840832e+07   5.2246094e+01
   1.1846692e+07   6.6589355e+01
   1.1847592e+07   4.9194336e+01
   1.1848105e+07   5.1818848e+01
   1.1863498e+07   5.4321289e+01
   1.1868370e+07   5.8410645e+01
   1.1871355e+07   4.7363281e+01
   1.1877038e+07   6.1096191e+01
   1.1883828e+07   6.6040039e+01
   1.1885592e+07   5.5908203e+01
   1.1889596e+07   5.8776855e+01
   1.1893340e+07   5.0048828e+01
   1.1899122e+07   6.3659668e+01
   1.1904454e+07   6.9824219e+01
   1.1904783e+07   5.1391602e+01
   1.1910252e+07   6.0913086e+01
   1.1910567e+07   5.9509277e+01
   1.1913296e+07   5.2673340e+01
   1.1913948e+07   4.1503906e+01
   1.1920010e+07   6.4819336e+01
   1.1926107e+07   7.4462891e+01
   1.1926585e+07   5.2490234e+01
   1.1928286e+07   6.2316895e+01
   1.1933169e+07   5.2795410e+01
   1.1933395e+07   5.6030273e+01
   1.1938264e+07   5.2856445e+01
   1.1938817e+07   4.8828125e+01
   1.1944568e+07   5.6823730e+01
   1.1949679e+07   6.8603516e+01
   1.1955453e+07   5.9143066e+01
   1.1956085e+07   5.9326172e+01
   1.1961545e+07   6.8115234e+01
   1.1967713e+07   7.0739746e+01
   1.1974352e+07   6.0546875e+01
   1.1975299e+07   4.7424316e+01
   1.1982612e+07   5.0842285e+01
   1.1985600e+07   6.1828613e+01
   1.1990658e+07   7.7758789e+01
   1.1995452e+07   7.7880859e+01
