   1.1996000e+07   0.0000000e+00
   8.5979000e+04   3.5339355e+01
   8.5997000e+04   6.1035156e+01
   8.6056000e+04   4.5227051e+01
   8.6129000e+04   5.4260254e+01
   8.6224000e+04   5.4748535e+01
   8.6243000e+04   2.7404785e+01
   8.6256000e+04   2.5939941e+01
   8.6298000e+04   5.6823730e+01
   8.6451000e+04   5.7067871e+01
   8.6594000e+04   5.1940918e+01
   8.6861000e+04   5.3955078e+01
   1.1504100e+05   6.3659668e+01
   1.1511400e+05   6.9885254e+01
   1.1516500e+05   4.0405273e+01
   1.1520000e+05   3.1127930e+01
   1.1521700e+05   3.5827637e+01
   1.1529000e+05   2.6916504e+01
   1.1733300e+05   2.6000977e+01
   1.1776700e+05   2.7404785e+01
   1.1846100e+05   3.1066895e+01
   1.1923600e+05   3.3752441e+01
   1.2380500e+05   2.6672363e+01
   1.2389300e+05   4.5654297e+01
   1.2396300e+05   2.7648926e+01
   1.2399000e+05   3.6621094e+01
   1.2402800e+05   4.7180176e+01
   1.2406900e+05   2.7893066e+01
   1.2408700e+05   3.0578613e+01
   1.2412700e+05   3.1921387e+01
   1.2413800e+05   2.8442383e+01
   1.3159400e+05   5.7128906e+01
   1.3170900e+05   4.3640137e+01
   1.3178400e+05   3.0822754e+01
   1.3185400e+05   2.9785156e+01
   1.3190100e+05   2.7099609e+01
   1.3191900e+05   3.0395508e+01
   1.3198100e+05   2.6916504e+01
   1.3793100e+05   3.9245605e+01
   1.3846800e+05   4.6997070e+01
   1.3991800e+05   4.3884277e+01
   1.4000400e+05   3.8024902e+01
   1.4004800e+05   2.9296875e+01
   1.4009800e+05   2.8259277e+01
   1.4015300e+05   3.1799316e+01
   1.4534500e+05   3.6437988e+01
   1.4989800e+05   4.6752930e+01
   1.4999800e+05   3.4790039e+01
   1.5005400e+05   2.9235840e+01
   1.5010200e+05   2.7160645e+01
   1.5016500e+05   2.9541016e+01
   1.5893500e+05   4.1015625e+01
   1.5904500e+05   4.3579102e+01
   1.5910700e+05   3.6132813e+01
   1.5914500e+05   2.8991699e+01
   1.6727000e+05   5.0842285e+01
   1.6744300e+05   3.1982422e+01
   1.6753200e+05   2.7526855e+01
   1.7945700e+05   5.0842285e+01
   1.7948500e+05   2.8747559e+01
   1.7954800e+05   5.0170898e+01
   1.7960000e+05   2.6184082e+01
   1.7966000e+05   2.6062012e+01
   1.9303600e+05   4.8828125e+01
   1.9313800e+05   3.9062500e+01
   1.9318500e+05   2.6794434e+01
   1.9322500e+05   3.4362793e+01
   1.9333100e+05   3.4240723e+01
   1.9335400e+05   2.8869629e+01
   1.9351400e+05   3.0212402e+01
   2.0370800e+05   4.5349121e+01
   2.0379400e+05   3.4973145e+01
   2.0384300e+05   3.1372070e+01
   2.0387700e+05   2.8869629e+01
   2.1605500e+05   4.9316406e+01
   2.1611700e+05   2.6184082e+01
   2.1613000e+05   3.5583496e+01
   2.1622200e+05   2.5939941e+01
   2.1624800e+05   3.1127930e+01
   2.8004500e+05   3.8696289e+01
   2.8010900e+05   3.9916992e+01
   2.8016500e+05   3.8208008e+01
   2.8019000e+05   3.9184570e+01
   2.8023300e+05   3.9062500e+01
   2.8025000e+05   3.0029297e+01
   2.8029200e+05   2.7404785e+01
   2.8036200e+05   2.6489258e+01
   4.2523800e+05   2.9174805e+01
   4.2529100e+05   6.3781738e+01
   4.2550900e+05   5.7373047e+01
   4.7986500e+05   2.6000977e+01
   5.2069600e+05   3.0456543e+01
   5.6991700e+05   3.0334473e+01
   5.6996000e+05   7.3913574e+01
   5.6997000e+05   3.0151367e+01
   5.7001800e+05   2.6977539e+01
   6.1064200e+05   3.0151367e+01
   7.3901800e+05   2.6062012e+01
   7.3905600e+05   6.0729980e+01
   7.3906800e+05   2.8991699e+01
   7.3924300e+05   6.0119629e+01
   7.3926200e+05   2.6000977e+01
   7.3934300e+05   2.7221680e+01
   7.5687800e+05   3.5949707e+01
   7.5691100e+05   2.8503418e+01
   7.5701300e+05   8.0139160e+01
   7.5719500e+05   2.6123047e+01
   7.8408800e+05   2.9357910e+01
   7.8414500e+05   2.9113770e+01
   7.8420700e+05   6.6894531e+01
   8.9792600e+05   2.8442383e+01
   9.4659200e+05   2.8015137e+01
   9.4661700e+05   2.9418945e+01
   9.4671200e+05   5.0231934e+01
   9.4694400e+05   6.1340332e+01
   9.4722500e+05   2.6489258e+01
   1.0147710e+06   2.5817871e+01
   1.0148910e+06   7.2753906e+01
   1.0149950e+06   2.8503418e+01
   1.0150110e+06   6.1889648e+01
   1.0150240e+06   2.6489258e+01
   1.0151200e+06   6.1279297e+01
   1.0567160e+06   2.6550293e+01
   1.0568000e+06   2.8686523e+01
   1.0569560e+06   2.5878906e+01
   1.0921740e+06   2.6977539e+01
   1.0923660e+06   2.8442383e+01
   1.1664370e+06   2.7954102e+01
   1.1665260e+06   2.7099609e+01
   1.1666850e+06   2.8564453e+01
   1.2344570e+06   2.6550293e+01
   1.2348570e+06   2.8137207e+01
   1.2634360e+06   3.3508301e+01
   1.2635190e+06   6.1706543e+01
   1.2635340e+06   2.6611328e+01
   1.2636310e+06   2.6062012e+01
   1.2637190e+06   3.1188965e+01
   1.2731050e+06   2.6245117e+01
   1.2732330e+06   6.4270020e+01
   1.2732780e+06   2.6367188e+01
   1.2733150e+06   6.2927246e+01
   1.2733780e+06   4.5104980e+01
   1.2733900e+06   3.1616211e+01
   1.2734150e+06   4.4921875e+01
   1.2734430e+06   2.9846191e+01
   1.2734640e+06   3.1494141e+01
   1.2734890e+06   2.7465820e+01
   1.2751650e+06   2.6489258e+01
   1.2760740e+06   2.8686523e+01
   1.2764470e+06   2.7832031e+01
   1.2770890e+06   3.9916992e+01
   1.2793300e+06   4.8095703e+01
   1.2803590e+06   4.4006348e+01
   1.2825720e+06   5.8410645e+01
   1.2827040e+06   4.8950195e+01
   1.2827670e+06   5.0720215e+01
   1.2828130e+06   4.0283203e+01
   1.2828310e+06   2.7893066e+01
   1.2858300e+06   2.9968262e+01
   1.2884920e+06   4.2541504e+01
   1.2891560e+06   4.0100098e+01
   1.2896780e+06   4.0588379e+01
   1.2901390e+06   3.0578613e+01
   1.2902440e+06   3.8635254e+01
   1.2903360e+06   3.0395508e+01
   1.2903960e+06   3.5583496e+01
   1.2952520e+06   3.4423828e+01
   1.2955590e+06   2.9663086e+01
   1.2977880e+06   4.1748047e+01
   1.2978250e+06   2.5817871e+01
   1.2978590e+06   2.7709961e+01
   1.2979090e+06   2.8015137e+01
   1.2979380e+06   3.0822754e+01
   1.2979540e+06   2.6855469e+01
   1.2979860e+06   2.7404785e+01
   1.3054390e+06   3.1433105e+01
   1.3104920e+06   3.9611816e+01
   1.3129760e+06   4.2419434e+01
   1.3130790e+06   2.6611328e+01
   1.3231020e+06   3.9672852e+01
   1.3237690e+06   3.1555176e+01
   1.3238580e+06   3.2348633e+01
   1.3238860e+06   3.1372070e+01
   1.3317390e+06   3.5827637e+01
   1.3331690e+06   2.9907227e+01
   1.3333920e+06   2.7832031e+01
   1.3412690e+06   3.7475586e+01
   1.3428030e+06   3.0395508e+01
   1.3429080e+06   3.0029297e+01
   1.3526980e+06   2.6245117e+01
   1.3527910e+06   2.6306152e+01
   1.3632780e+06   3.5217285e+01
   1.3633630e+06   2.6000977e+01
   1.3633730e+06   3.0395508e+01
   1.3636220e+06   2.7343750e+01
   1.3742400e+06   3.8330078e+01
   1.3743490e+06   3.3508301e+01
   1.4970140e+06   3.1250000e+01
   1.4970740e+06   6.4758301e+01
   1.4971950e+06   5.2795410e+01
   1.4972800e+06   4.9682617e+01
   1.4973280e+06   3.8513184e+01
   1.4973580e+06   3.8452148e+01
   1.4973800e+06   4.8278809e+01
   1.4974990e+06   3.6193848e+01
   1.4975530e+06   3.8146973e+01
   1.4976050e+06   3.4179688e+01
   1.4978240e+06   2.8625488e+01
   1.4979220e+06   3.0517578e+01
   1.4981390e+06   2.8198242e+01
   1.4982550e+06   2.6245117e+01
   1.6652990e+06   3.0273438e+01
   1.6653790e+06   5.6396484e+01
   1.6654840e+06   5.2612305e+01
   1.6655890e+06   2.5878906e+01
   1.6658360e+06   5.6518555e+01
   1.6659510e+06   3.0456543e+01
   1.6661960e+06   6.1401367e+01
   1.6663790e+06   4.8461914e+01
   1.7442620e+06   3.4423828e+01
   1.7442810e+06   7.2448730e+01
   1.7442970e+06   2.6672363e+01
   1.7443360e+06   5.9997559e+01
   1.7444080e+06   2.8381348e+01
   1.7444400e+06   5.1330566e+01
   1.7444520e+06   2.7709961e+01
   1.7445050e+06   5.6762695e+01
   1.7445690e+06   4.2541504e+01
   1.7445960e+06   2.9602051e+01
   1.7446220e+06   4.9987793e+01
   1.7446670e+06   4.3334961e+01
   1.7447080e+06   3.0578613e+01
   1.7448010e+06   2.7832031e+01
   1.7477010e+06   2.8137207e+01
   1.7483820e+06   3.7536621e+01
   1.7524110e+06   4.3151855e+01
   1.7621180e+06   2.7893066e+01
   1.7621710e+06   6.9335938e+01
   1.7622480e+06   5.9936523e+01
   1.7622960e+06   4.3640137e+01
   1.7623100e+06   3.1616211e+01
   1.7623340e+06   3.5095215e+01
   1.7623720e+06   2.6611328e+01
   1.7645610e+06   2.6367188e+01
   1.7654410e+06   3.1616211e+01
   1.7679790e+06   3.7048340e+01
   1.7692940e+06   3.7658691e+01
   1.7697800e+06   4.5227051e+01
   1.7700210e+06   4.1809082e+01
   1.7726130e+06   5.0903320e+01
   1.7727120e+06   4.5288086e+01
   1.7727790e+06   3.8146973e+01
   1.7728320e+06   2.7038574e+01
   1.7728680e+06   2.8991699e+01
   1.7728800e+06   2.6306152e+01
   1.7777520e+06   3.6560059e+01
   1.7826040e+06   4.1137695e+01
   1.7840220e+06   3.4973145e+01
   1.7841180e+06   2.7282715e+01
   1.7841390e+06   2.8930664e+01
   1.7841540e+06   2.6367188e+01
   1.7841800e+06   3.0517578e+01
   1.7842030e+06   3.5705566e+01
   1.7842130e+06   3.2958984e+01
   1.7842960e+06   2.7832031e+01
   1.7914190e+06   2.9052734e+01
   1.7928890e+06   3.0273438e+01
   1.7929700e+06   2.8747559e+01
   1.8019320e+06   3.3264160e+01
   1.8020600e+06   3.2958984e+01
   1.8025180e+06   2.6916504e+01
   1.8135890e+06   4.2785645e+01
   1.8137020e+06   3.4851074e+01
   1.8137790e+06   3.2897949e+01
   1.8138080e+06   3.3447266e+01
   1.8138550e+06   2.6245117e+01
   1.8209920e+06   3.2226563e+01
   1.8280840e+06   5.4626465e+01
   1.8281900e+06   4.0649414e+01
   1.8282740e+06   3.2287598e+01
   1.8284970e+06   2.9235840e+01
   1.8417810e+06   4.1198730e+01
   1.8418960e+06   3.8696289e+01
   1.8419890e+06   3.0578613e+01
   1.8420240e+06   2.7282715e+01
   1.8421130e+06   2.6855469e+01
   1.9687580e+06   5.4992676e+01
   1.9688350e+06   5.2001953e+01
   1.9688750e+06   2.7282715e+01
   1.9688960e+06   3.9489746e+01
   1.9689590e+06   6.8481445e+01
   1.9690240e+06   4.3212891e+01
   1.9690810e+06   4.1870117e+01
   1.9691300e+06   4.5837402e+01
   1.9693250e+06   2.7709961e+01
   2.0705130e+06   3.1066895e+01
   2.1346340e+06   2.9113770e+01
   2.2708150e+06   5.7495117e+01
   2.2708330e+06   2.6123047e+01
   2.2708680e+06   2.7160645e+01
   2.2709110e+06   6.1035156e+01
   2.2710160e+06   2.8320313e+01
   2.2710870e+06   3.3813477e+01
   2.2711890e+06   2.7587891e+01
   2.3462070e+06   3.7658691e+01
   2.3462480e+06   6.8725586e+01
   2.3463440e+06   5.3283691e+01
   2.3464430e+06   6.0485840e+01
   2.3465130e+06   5.5603027e+01
   2.3465860e+06   4.4189453e+01
   2.3466470e+06   4.5410156e+01
   2.3467030e+06   3.2775879e+01
   2.3467560e+06   3.9916992e+01
   2.3468150e+06   2.6794434e+01
   2.3468600e+06   3.7963867e+01
   2.3469140e+06   2.8259277e+01
   2.3469630e+06   2.8076172e+01
   2.3479660e+06   2.7954102e+01
   2.3484770e+06   3.6987305e+01
   2.3485680e+06   3.3325195e+01
   2.3491660e+06   3.4118652e+01
   2.3586730e+06   6.2133789e+01
   2.3587690e+06   4.8461914e+01
   2.3588270e+06   3.8330078e+01
   2.3588470e+06   3.3142090e+01
   2.3588910e+06   3.2226563e+01
   2.3589020e+06   2.6123047e+01
   2.3589150e+06   3.3630371e+01
   2.3589530e+06   2.6000977e+01
   2.3621910e+06   3.1799316e+01
   2.3646870e+06   3.7719727e+01
   2.3677910e+06   5.5053711e+01
   2.3698640e+06   5.3405762e+01
   2.3699670e+06   4.7912598e+01
   2.3700420e+06   4.8278809e+01
   2.3700660e+06   2.9907227e+01
   2.3701010e+06   3.0151367e+01
   2.3756110e+06   3.1738281e+01
   2.3802340e+06   4.4799805e+01
   2.3803320e+06   4.0649414e+01
   2.3804100e+06   3.1799316e+01
   2.3872580e+06   4.3884277e+01
   2.3894420e+06   4.7302246e+01
   2.3895700e+06   4.0527344e+01
   2.3896390e+06   3.2043457e+01
   2.3897380e+06   2.9968262e+01
   2.3989590e+06   4.3029785e+01
   2.3990910e+06   3.8391113e+01
   2.3991940e+06   3.1250000e+01
   2.3992610e+06   2.6306152e+01
   2.3993720e+06   2.8625488e+01
   2.4076020e+06   2.6977539e+01
   2.4076170e+06   5.6518555e+01
   2.4076970e+06   3.4179688e+01
   2.4128630e+06   5.1635742e+01
   2.4225220e+06   6.5856934e+01
   2.4226200e+06   4.7180176e+01
   2.4226860e+06   4.3457031e+01
   2.4227280e+06   3.9611816e+01
   2.4227860e+06   2.7893066e+01
   2.4309860e+06   3.8085938e+01
   2.4318020e+06   4.2297363e+01
   2.4382320e+06   4.6936035e+01
   2.4383240e+06   4.5654297e+01
   2.4384010e+06   4.2358398e+01
   2.4385930e+06   2.5878906e+01
   2.4499390e+06   5.0354004e+01
   2.4500160e+06   3.5156250e+01
   2.4500680e+06   3.2226563e+01
   2.6678490e+06   2.9052734e+01
   2.6678870e+06   6.0058594e+01
   2.7849530e+06   2.8930664e+01
   2.7851170e+06   3.2531738e+01
   2.7851290e+06   6.4697266e+01
   2.7855300e+06   3.0334473e+01
   2.9184360e+06   3.1433105e+01
   2.9185700e+06   2.8015137e+01
   2.9186330e+06   5.9448242e+01
   2.9187400e+06   2.6306152e+01
   2.9572660e+06   2.5939941e+01
   2.9573170e+06   5.9326172e+01
   2.9573620e+06   2.8442383e+01
   2.9887480e+06   2.7954102e+01
   3.0229920e+06   2.8930664e+01
   3.1129970e+06   3.4057617e+01
   3.1133130e+06   2.6306152e+01
   3.1135020e+06   2.7770996e+01
   3.1886030e+06   2.6367188e+01
   3.1887390e+06   2.6000977e+01
   3.1890030e+06   2.7770996e+01
   3.2473540e+06   2.6184082e+01
   3.2474850e+06   2.6611328e+01
   3.2476080e+06   2.6611328e+01
   3.2898370e+06   4.3518066e+01
   3.2900260e+06   2.7404785e+01
   3.2901050e+06   6.6345215e+01
   3.2902200e+06   5.3405762e+01
   3.2903890e+06   5.9387207e+01
   3.3286420e+06   3.2226563e+01
   3.3287610e+06   2.6489258e+01
   3.3288490e+06   2.6794434e+01
   3.3289380e+06   7.0129395e+01
   3.3711030e+06   3.2958984e+01
   3.3713400e+06   3.0273438e+01
   3.4170810e+06   2.7832031e+01
   3.4171800e+06   2.8625488e+01
   3.4722310e+06   8.2641602e+01
   3.4724420e+06   6.9335938e+01
   3.4725300e+06   2.9724121e+01
   3.5026320e+06   2.7404785e+01
   3.5032340e+06   3.2165527e+01
   3.5804400e+06   3.4667969e+01
   3.5805900e+06   2.7099609e+01
   3.5809080e+06   2.8259277e+01
   3.6187090e+06   2.6062012e+01
   3.6749260e+06   2.5817871e+01
   3.6750530e+06   6.5185547e+01
   3.6751390e+06   6.4453125e+01
   3.6752120e+06   5.8166504e+01
   3.6752760e+06   4.7180176e+01
   3.6753380e+06   5.1574707e+01
   3.6753690e+06   2.7343750e+01
   3.6753930e+06   5.3344727e+01
   3.6754570e+06   4.0649414e+01
   3.6755410e+06   5.2124023e+01
   3.6756130e+06   2.8930664e+01
   3.6756740e+06   4.0527344e+01
   3.6757310e+06   3.2043457e+01
   3.6758150e+06   2.6611328e+01
   3.6792070e+06   3.8574219e+01
   3.6809390e+06   4.7485352e+01
   3.6814420e+06   4.7241211e+01
   3.6822270e+06   4.8706055e+01
   3.6826250e+06   4.5593262e+01
   3.6836850e+06   5.0842285e+01
   3.6840470e+06   4.4433594e+01
   3.6847890e+06   4.7546387e+01
   3.6850180e+06   4.9743652e+01
   3.6851090e+06   5.4565430e+01
   3.6851490e+06   2.6245117e+01
   3.6851820e+06   3.7902832e+01
   3.6852580e+06   2.7770996e+01
   3.6852980e+06   2.9602051e+01
   3.6854240e+06   2.6428223e+01
   3.6857200e+06   2.5878906e+01
   3.6909620e+06   2.7099609e+01
   3.6911060e+06   2.9968262e+01
   3.6915660e+06   3.1433105e+01
   3.6927130e+06   3.4729004e+01
   3.6932600e+06   3.5766602e+01
   3.6933510e+06   2.9357910e+01
   3.6934510e+06   2.9418945e+01
   3.6935300e+06   3.4973145e+01
   3.7003390e+06   3.2409668e+01
   3.7014100e+06   2.8686523e+01
   3.7015820e+06   3.1127930e+01
   3.7017580e+06   3.4301758e+01
   3.7018660e+06   2.6428223e+01
   3.7022270e+06   2.6184082e+01
   3.7168560e+06   2.6000977e+01
   3.7169880e+06   3.1921387e+01
   3.7170990e+06   3.3447266e+01
   3.7172630e+06   2.6000977e+01
   3.7173480e+06   2.7404785e+01
   3.7275320e+06   2.6367188e+01
   3.7279110e+06   2.6306152e+01
   3.7378790e+06   2.6855469e+01
   3.7379460e+06   2.8259277e+01
   3.7580980e+06   3.2409668e+01
   3.7591630e+06   2.6489258e+01
   3.7712220e+06   3.4179688e+01
   3.7713650e+06   4.5166016e+01
   3.7714780e+06   2.7404785e+01
   3.7715470e+06   2.8381348e+01
   3.7847870e+06   3.5705566e+01
   3.7849330e+06   3.1066895e+01
   3.7928010e+06   3.5949707e+01
   3.8028720e+06   4.6691895e+01
   3.8030450e+06   3.0151367e+01
   3.8034150e+06   2.6245117e+01
   3.8188010e+06   4.6264648e+01
   3.8189070e+06   3.2653809e+01
   3.8190960e+06   2.7038574e+01
   3.8314430e+06   3.9001465e+01
   3.8315780e+06   3.3081055e+01
   3.8316180e+06   2.9541016e+01
   4.1404980e+06   3.0029297e+01
   4.1405410e+06   7.3181152e+01
   4.1406230e+06   2.8442383e+01
   4.1406610e+06   6.1340332e+01
   4.2942070e+06   2.8991699e+01
   4.2943750e+06   7.4157715e+01
   4.2946690e+06   7.5805664e+01
   4.2947740e+06   2.8076172e+01
   4.2948080e+06   5.1940918e+01
   4.2949270e+06   5.2795410e+01
   4.2949910e+06   6.2316895e+01
   4.2950680e+06   4.1992188e+01
   4.2951530e+06   5.5480957e+01
   4.2952370e+06   4.4372559e+01
   4.2954090e+06   4.2236328e+01
   4.2955190e+06   3.0761719e+01
   4.2956690e+06   3.1066895e+01
   4.2957300e+06   2.6489258e+01
   4.2958950e+06   2.8381348e+01
   4.2977810e+06   4.5288086e+01
   4.3764650e+06   2.7038574e+01
   4.3765360e+06   3.4912109e+01
   4.3766210e+06   2.6550293e+01
   4.3766550e+06   6.9824219e+01
   4.3767190e+06   5.4199219e+01
   4.3767690e+06   3.5156250e+01
   4.3768080e+06   3.7292480e+01
   4.3768190e+06   4.3701172e+01
   4.3768460e+06   3.9855957e+01
   4.3768680e+06   3.9062500e+01
   4.3768850e+06   2.7770996e+01
   4.3769580e+06   2.7526855e+01
   4.3820830e+06   3.4667969e+01
   4.3823980e+06   3.3081055e+01
   4.3832940e+06   3.5827637e+01
   4.3837420e+06   3.4790039e+01
   4.3851850e+06   3.8696289e+01
   4.3856960e+06   4.3823242e+01
   4.3861690e+06   4.1320801e+01
   4.3863540e+06   4.4555664e+01
   4.3865880e+06   4.1015625e+01
   4.3877020e+06   4.2175293e+01
   4.3879640e+06   5.2551270e+01
   4.3881420e+06   5.7495117e+01
   4.3882190e+06   3.8818359e+01
   4.3882420e+06   2.9113770e+01
   4.3882820e+06   2.6062012e+01
   4.3883030e+06   2.7832031e+01
   4.3883350e+06   2.6733398e+01
   4.3938280e+06   3.7353516e+01
   4.3960400e+06   3.3142090e+01
   4.3964650e+06   3.6315918e+01
   4.3969500e+06   4.1381836e+01
   4.3972100e+06   4.8583984e+01
   4.3974110e+06   3.6071777e+01
   4.3975210e+06   3.1066895e+01
   4.3977530e+06   2.6794434e+01
   4.4050350e+06   3.5095215e+01
   4.4059130e+06   3.9184570e+01
   4.4061150e+06   3.1738281e+01
   4.4090430e+06   3.4118652e+01
   4.4091320e+06   3.9855957e+01
   4.4092330e+06   2.9907227e+01
   4.4156640e+06   3.0944824e+01
   4.4182270e+06   3.5339355e+01
   4.4193440e+06   3.3569336e+01
   4.4194960e+06   3.0700684e+01
   4.4196360e+06   2.7587891e+01
   4.4196990e+06   2.6489258e+01
   4.4281320e+06   3.2043457e+01
   4.4293320e+06   4.3090820e+01
   4.4294920e+06   4.2541504e+01
   4.4297580e+06   2.6672363e+01
   4.4422050e+06   4.9865723e+01
   4.4423030e+06   2.6367188e+01
   4.4423590e+06   2.6977539e+01
   4.4423850e+06   2.6123047e+01
   4.4425210e+06   2.8747559e+01
   4.4541390e+06   3.2409668e+01
   4.4542560e+06   3.4484863e+01
   4.4542690e+06   2.8747559e+01
   4.4544710e+06   2.5939941e+01
   4.4666360e+06   4.3395996e+01
   4.4667810e+06   3.1921387e+01
   4.4668540e+06   2.6794434e+01
   4.4668680e+06   3.1738281e+01
   4.4669180e+06   2.9174805e+01
   4.4669670e+06   2.6428223e+01
   4.4670300e+06   2.8808594e+01
   4.4798510e+06   5.3649902e+01
   4.4799500e+06   3.8146973e+01
   4.4800330e+06   2.6367188e+01
   4.4801970e+06   2.6977539e+01
   4.6762440e+06   2.9846191e+01
   4.6762580e+06   5.5847168e+01
   4.6763340e+06   5.2307129e+01
   4.6764050e+06   3.0578613e+01
   4.6764390e+06   2.7648926e+01
   4.6764680e+06   4.7363281e+01
   4.6765280e+06   2.6000977e+01
   4.6765790e+06   4.7363281e+01
   4.6766700e+06   5.5236816e+01
   4.6767660e+06   4.8522949e+01
   4.6768500e+06   4.3090820e+01
   4.6769080e+06   3.1433105e+01
   4.6770270e+06   2.6550293e+01
   4.6772480e+06   2.7038574e+01
   4.6780820e+06   3.7841797e+01
   4.6786490e+06   3.9794922e+01
   4.8570640e+06   3.2897949e+01
   4.8570850e+06   7.0434570e+01
   4.8571080e+06   2.8015137e+01
   4.8571650e+06   5.6457520e+01
   4.8571860e+06   2.6123047e+01
   4.8572210e+06   4.4921875e+01
   4.8573070e+06   5.7312012e+01
   4.8573850e+06   5.5419922e+01
   4.8574150e+06   2.6733398e+01
   4.8574800e+06   4.5654297e+01
   4.8575290e+06   4.3762207e+01
   4.8575860e+06   2.6367188e+01
   4.8576470e+06   3.4301758e+01
   4.8577060e+06   2.8686523e+01
   4.8577930e+06   3.0822754e+01
   4.8587180e+06   2.6184082e+01
   4.8588870e+06   2.6367188e+01
   4.8590660e+06   3.1494141e+01
   4.9837650e+06   2.6550293e+01
   4.9838270e+06   2.9296875e+01
   4.9838750e+06   6.7138672e+01
   4.9839020e+06   2.9907227e+01
   4.9839600e+06   6.4208984e+01
   4.9840150e+06   4.9926758e+01
   4.9841010e+06   5.6640625e+01
   4.9841570e+06   4.0893555e+01
   4.9842090e+06   4.3579102e+01
   4.9842570e+06   4.7058105e+01
   4.9842970e+06   3.1433105e+01
   4.9843310e+06   2.8869629e+01
   4.9864160e+06   3.4851074e+01
   4.9867660e+06   3.0029297e+01
   4.9895410e+06   3.9428711e+01
   4.9929350e+06   5.2551270e+01
   5.1699210e+06   2.9052734e+01
   5.1699480e+06   6.1401367e+01
   5.1700100e+06   5.4138184e+01
   5.1700220e+06   2.6367188e+01
   5.1700740e+06   4.8278809e+01
   5.1701300e+06   5.9509277e+01
   5.1701890e+06   4.1015625e+01
   5.1702390e+06   3.9672852e+01
   5.1702830e+06   3.5583496e+01
   5.1703270e+06   3.1127930e+01
   5.1703670e+06   3.2165527e+01
   5.1703790e+06   2.6000977e+01
   5.1737860e+06   3.6682129e+01
   5.1743370e+06   3.5461426e+01
   5.1754550e+06   3.8696289e+01
   5.1764340e+06   4.2114258e+01
   5.1775500e+06   4.2602539e+01
   5.1788110e+06   4.3090820e+01
   5.1804250e+06   5.8593750e+01
   5.3697410e+06   2.6733398e+01
   5.3698030e+06   5.8593750e+01
   5.3698740e+06   2.5878906e+01
   5.3699400e+06   5.3466797e+01
   5.3700040e+06   5.4687500e+01
   5.3700230e+06   2.8747559e+01
   5.3700490e+06   3.0700684e+01
   5.3700900e+06   5.1879883e+01
   5.3701070e+06   2.8686523e+01
   5.3701370e+06   2.9113770e+01
   5.3701630e+06   2.6245117e+01
   5.3701990e+06   4.1137695e+01
   5.3702290e+06   2.7954102e+01
   5.3702480e+06   3.9916992e+01
   5.3702830e+06   2.7221680e+01
   5.3703390e+06   2.8564453e+01
   5.3751050e+06   4.4860840e+01
   5.3789040e+06   3.0090332e+01
   5.3797190e+06   5.0781250e+01
   5.4825210e+06   2.6672363e+01
   5.4825870e+06   2.6733398e+01
   5.4826270e+06   6.2622070e+01
   5.4826890e+06   5.7983398e+01
   5.4827240e+06   2.6550293e+01
   5.4827480e+06   5.5175781e+01
   5.4828100e+06   4.7851563e+01
   5.4828580e+06   4.8889160e+01
   5.4828890e+06   2.8930664e+01
   5.4829020e+06   4.2663574e+01
   5.4829250e+06   2.6977539e+01
   5.4829380e+06   2.8808594e+01
   5.4853680e+06   2.5878906e+01
   5.4860910e+06   2.5878906e+01
   5.4883250e+06   4.1320801e+01
   5.4914810e+06   4.2114258e+01
   5.4918620e+06   4.6691895e+01
   5.4923180e+06   4.6203613e+01
   5.4933090e+06   4.6569824e+01
   5.6439570e+06   3.7048340e+01
   5.6440480e+06   5.5541992e+01
   5.6441090e+06   6.2438965e+01
   5.6441580e+06   2.8381348e+01
   5.6441800e+06   5.2490234e+01
   5.6442350e+06   5.5847168e+01
   5.6442820e+06   4.8034668e+01
   5.6443000e+06   2.6306152e+01
   5.6443310e+06   3.9001465e+01
   5.6443610e+06   2.9846191e+01
   5.6444540e+06   2.8503418e+01
   5.6487730e+06   3.9916992e+01
   5.6506760e+06   3.9550781e+01
   5.6536560e+06   4.7851563e+01
   5.8011680e+06   3.0700684e+01
   5.8012020e+06   2.8991699e+01
   5.8012300e+06   4.3518066e+01
   5.8012850e+06   5.2429199e+01
   5.8013190e+06   2.7954102e+01
   5.8013410e+06   5.4504395e+01
   5.8013860e+06   3.8085938e+01
   5.8014210e+06   3.2958984e+01
   5.8014430e+06   3.1494141e+01
   5.8014770e+06   2.6245117e+01
   5.8014930e+06   3.1005859e+01
   5.8015110e+06   3.0029297e+01
   5.8015220e+06   2.7099609e+01
   5.8038560e+06   3.3569336e+01
   5.8046840e+06   3.5034180e+01
   5.8064480e+06   3.3081055e+01
   5.8070660e+06   3.9184570e+01
   5.8074220e+06   4.2419434e+01
   5.8078030e+06   3.3020020e+01
   5.8086270e+06   4.6752930e+01
   5.8096600e+06   3.9245605e+01
   5.8101840e+06   4.9926758e+01
   5.8113660e+06   4.3579102e+01
   5.8212760e+06   6.5063477e+01
   5.8213500e+06   5.5725098e+01
   5.8214110e+06   3.7170410e+01
   5.8214410e+06   3.1738281e+01
   5.8214710e+06   3.1127930e+01
   5.8255340e+06   2.8930664e+01
   5.8261460e+06   3.0822754e+01
   5.8280330e+06   3.7658691e+01
   5.8285070e+06   3.5949707e+01
   5.8292940e+06   3.7902832e+01
   5.8296300e+06   3.7658691e+01
   5.8305420e+06   4.8889160e+01
   5.8326850e+06   4.6752930e+01
   5.8328090e+06   4.1625977e+01
   5.8328860e+06   3.5766602e+01
   5.8329230e+06   3.4667969e+01
   5.8330450e+06   3.1677246e+01
   5.8390640e+06   3.4118652e+01
   5.8401350e+06   2.7893066e+01
   5.8406120e+06   3.4729004e+01
   5.8410180e+06   3.5339355e+01
   5.8423580e+06   3.9062500e+01
   5.8425960e+06   4.2297363e+01
   5.8426770e+06   3.0456543e+01
   5.8427060e+06   2.6794434e+01
   5.8427940e+06   2.6550293e+01
   5.8429100e+06   2.8198242e+01
   5.8492850e+06   3.0456543e+01
   5.8504370e+06   2.7832031e+01
   5.8505440e+06   2.8442383e+01
   5.8588020e+06   4.2785645e+01
   5.8603460e+06   4.1381836e+01
   5.8604330e+06   3.4423828e+01
   5.8605020e+06   3.0944824e+01
   5.8722530e+06   3.3264160e+01
   5.8724350e+06   2.6245117e+01
   5.8724570e+06   2.9541016e+01
   5.8725510e+06   2.6855469e+01
   5.8796110e+06   3.5766602e+01
   5.8849450e+06   4.2602539e+01
   5.8850800e+06   3.2592773e+01
   5.8851590e+06   2.8503418e+01
   6.1290390e+06   3.0456543e+01
   6.1290620e+06   6.3110352e+01
   6.1291270e+06   5.4260254e+01
   6.1291610e+06   2.6489258e+01
   6.1292560e+06   5.5664063e+01
   6.1293170e+06   2.5878906e+01
   6.1293380e+06   5.0659180e+01
   6.1294430e+06   4.6020508e+01
   6.1295230e+06   4.6264648e+01
   6.1295780e+06   4.2785645e+01
   6.1296500e+06   3.4179688e+01
   6.1297020e+06   4.1564941e+01
   6.1297700e+06   3.2531738e+01
   6.3154540e+06   2.6550293e+01
   6.3155130e+06   2.8381348e+01
   6.3155670e+06   6.8420410e+01
   6.3156450e+06   5.5786133e+01
   6.3157130e+06   5.7006836e+01
   6.3157880e+06   6.6528320e+01
   6.3158590e+06   4.4372559e+01
   6.3159020e+06   3.3813477e+01
   6.3159180e+06   4.9743652e+01
   6.3159670e+06   3.7353516e+01
   6.3160230e+06   4.2419434e+01
   6.3160710e+06   2.9418945e+01
   6.3161230e+06   3.2348633e+01
   6.3161900e+06   2.7526855e+01
   6.3176570e+06   3.0761719e+01
   6.3178220e+06   2.7770996e+01
   6.3196030e+06   4.1320801e+01
   6.3213650e+06   4.7180176e+01
   6.3219930e+06   4.7241211e+01
   6.4391330e+06   6.3232422e+01
   6.4392220e+06   4.7607422e+01
   6.4392920e+06   6.4697266e+01
   6.4393560e+06   5.9020996e+01
   6.4394030e+06   4.4067383e+01
   6.4394140e+06   2.6611328e+01
   6.4394510e+06   3.1188965e+01
   6.4394950e+06   3.2165527e+01
   6.4396370e+06   2.6550293e+01
   6.4417100e+06   3.1799316e+01
   6.4420390e+06   2.9113770e+01
   6.4424770e+06   3.5217285e+01
   6.4426250e+06   3.5949707e+01
   6.4452620e+06   3.6926270e+01
   6.4456960e+06   3.8879395e+01
   6.4493550e+06   5.2307129e+01
   6.4505340e+06   4.7485352e+01
   6.5544430e+06   3.3935547e+01
   6.5545070e+06   2.8015137e+01
   6.5545200e+06   5.8349609e+01
   6.5545760e+06   5.5053711e+01
   6.5546370e+06   4.1564941e+01
   6.5546510e+06   2.7160645e+01
   6.5546900e+06   5.6457520e+01
   6.5547360e+06   3.7963867e+01
   6.5547800e+06   4.3029785e+01
   6.5548040e+06   2.7648926e+01
   6.5548860e+06   2.6428223e+01
   6.5549150e+06   2.7893066e+01
   6.5597810e+06   3.4912109e+01
   6.7320750e+06   2.9174805e+01
   6.7321490e+06   5.4687500e+01
   6.7322380e+06   5.3649902e+01
   6.7323300e+06   6.0607910e+01
   6.7323880e+06   4.0161133e+01
   6.7324380e+06   5.1025391e+01
   6.7324880e+06   2.9907227e+01
   6.7325240e+06   5.3222656e+01
   6.7325470e+06   3.2409668e+01
   6.7325620e+06   3.0334473e+01
   6.7325970e+06   2.6733398e+01
   6.7370530e+06   3.6132813e+01
   6.7388820e+06   4.7668457e+01
   6.7397370e+06   4.3579102e+01
   6.9412900e+06   7.1899414e+01
   6.9413440e+06   4.7485352e+01
   6.9414370e+06   5.4443359e+01
   6.9414510e+06   2.6367188e+01
   6.9415050e+06   4.9377441e+01
   6.9415190e+06   2.7282715e+01
   6.9415530e+06   5.9082031e+01
   6.9416000e+06   3.4301758e+01
   6.9416600e+06   3.1738281e+01
   6.9416870e+06   3.0273438e+01
   6.9439180e+06   2.7038574e+01
   6.9448120e+06   2.9663086e+01
   6.9456690e+06   3.6987305e+01
   6.9477210e+06   3.8024902e+01
   6.9478320e+06   3.7963867e+01
   6.9521820e+06   4.8767090e+01
   6.9531250e+06   5.6213379e+01
   7.0481130e+06   2.8991699e+01
   7.0482030e+06   5.8227539e+01
   7.0482170e+06   2.6245117e+01
   7.0482690e+06   5.1818848e+01
   7.0483230e+06   4.1259766e+01
   7.0483660e+06   4.5532227e+01
   7.0484140e+06   4.1870117e+01
   7.0484320e+06   3.3752441e+01
   7.0484730e+06   2.7770996e+01
   7.0485730e+06   2.7038574e+01
   7.0537590e+06   3.2775879e+01
   7.0547320e+06   3.3630371e+01
   7.0570700e+06   4.1809082e+01
   7.0579180e+06   4.1503906e+01
   7.0587550e+06   4.5288086e+01
   7.0594340e+06   4.7851563e+01
   7.1845770e+06   2.7954102e+01
   7.1846650e+06   6.7749023e+01
   7.1847270e+06   4.7363281e+01
   7.1847980e+06   5.4565430e+01
   7.1848470e+06   4.5410156e+01
   7.1848750e+06   4.1564941e+01
   7.1849380e+06   3.2714844e+01
   7.1849720e+06   2.8137207e+01
   7.1917470e+06   3.6193848e+01
   7.1919980e+06   3.2958984e+01
   7.1932630e+06   3.5522461e+01
   7.1964230e+06   5.1879883e+01
   7.3188740e+06   2.6855469e+01
   7.3189150e+06   5.6457520e+01
   7.3189760e+06   4.8645020e+01
   7.3190450e+06   2.7465820e+01
   7.3190550e+06   5.1818848e+01
   7.3191100e+06   4.7546387e+01
   7.3191520e+06   4.3273926e+01
   7.3191730e+06   2.8869629e+01
   7.3213890e+06   2.7709961e+01
   7.3256470e+06   3.9245605e+01
   7.3285620e+06   4.1992188e+01
   7.3304600e+06   5.8166504e+01
   7.4396020e+06   2.5939941e+01
   7.4396860e+06   5.4748535e+01
   7.4397560e+06   6.0424805e+01
   7.4397800e+06   2.6367188e+01
   7.4398130e+06   5.0781250e+01
   7.4398420e+06   2.6733398e+01
   7.4398610e+06   4.7668457e+01
   7.4399200e+06   4.8400879e+01
   7.4399700e+06   4.2541504e+01
   7.4399920e+06   3.0883789e+01
   7.4400260e+06   2.7954102e+01
   7.4421720e+06   2.7709961e+01
   7.4467730e+06   4.0710449e+01
   7.5666980e+06   2.8015137e+01
   7.5667690e+06   6.0363770e+01
   7.5668010e+06   3.6315918e+01
   7.5668670e+06   6.1889648e+01
   7.5669060e+06   3.2592773e+01
   7.5669250e+06   6.6223145e+01
   7.5669890e+06   4.8217773e+01
   7.5670320e+06   3.7292480e+01
   7.5671240e+06   2.7587891e+01
   7.5671450e+06   2.6672363e+01
   7.5671890e+06   2.8442383e+01
   7.5672120e+06   3.1616211e+01
   7.5692220e+06   2.8808594e+01
   7.5705430e+06   3.6621094e+01
   7.5752350e+06   5.3100586e+01
   7.6798660e+06   2.7954102e+01
   7.6799540e+06   6.0180664e+01
   7.6799750e+06   2.9296875e+01
   7.6800120e+06   4.1259766e+01
   7.6800640e+06   5.2551270e+01
   7.6801190e+06   4.9560547e+01
   7.6801690e+06   4.6081543e+01
   7.6802080e+06   3.5034180e+01
   7.6802380e+06   3.8024902e+01
   7.6802710e+06   2.5939941e+01
   7.6802910e+06   2.6794434e+01
   7.6835890e+06   3.8940430e+01
   7.6850030e+06   3.3508301e+01
   7.6863140e+06   4.2968750e+01
   7.6885650e+06   4.6752930e+01
   7.8410600e+06   2.8503418e+01
   7.8411020e+06   5.7922363e+01
   7.8411870e+06   6.1279297e+01
   7.8412510e+06   4.6630859e+01
   7.8413050e+06   4.0832520e+01
   7.8413150e+06   2.7404785e+01
   7.8413520e+06   3.7963867e+01
   7.8413900e+06   2.8686523e+01
   7.8414400e+06   4.3945313e+01
   7.8414730e+06   2.8747559e+01
   7.8435230e+06   3.1677246e+01
   7.8453760e+06   3.0212402e+01
   7.8469550e+06   4.5959473e+01
   7.8510420e+06   4.3212891e+01
   7.9815860e+06   3.1921387e+01
   7.9816670e+06   5.8593750e+01
   7.9817350e+06   4.9743652e+01
   7.9817480e+06   2.9541016e+01
   7.9817840e+06   4.7485352e+01
   7.9818350e+06   4.9621582e+01
   7.9818850e+06   3.9794922e+01
   7.9819380e+06   4.5104980e+01
   7.9819610e+06   2.7587891e+01
   7.9819780e+06   2.8869629e+01
   7.9820560e+06   3.6560059e+01
   7.9820920e+06   3.0578613e+01
   7.9821590e+06   2.7099609e+01
   7.9838500e+06   2.6916504e+01
   7.9846710e+06   3.6315918e+01
   7.9856310e+06   3.6499023e+01
   7.9867470e+06   3.3691406e+01
   7.9870990e+06   3.8452148e+01
   7.9896950e+06   4.4311523e+01
   7.9906600e+06   4.1259766e+01
   7.9919990e+06   4.5593262e+01
   8.1137440e+06   6.6467285e+01
   8.1138220e+06   4.5349121e+01
   8.1138960e+06   5.5908203e+01
   8.1139520e+06   5.2551270e+01
   8.1139820e+06   3.6682129e+01
   8.1140040e+06   3.8757324e+01
   8.1140380e+06   4.1381836e+01
   8.1140750e+06   2.9357910e+01
   8.1141010e+06   3.5583496e+01
   8.1141350e+06   3.2470703e+01
   8.1141500e+06   2.8015137e+01
   8.1171550e+06   3.2531738e+01
   8.1175950e+06   4.0954590e+01
   8.1189700e+06   3.7414551e+01
   8.1227390e+06   4.7851563e+01
   8.1244770e+06   4.0283203e+01
   8.2489240e+06   2.5939941e+01
   8.2489860e+06   7.5927734e+01
   8.2490690e+06   4.7546387e+01
   8.2491220e+06   4.4860840e+01
   8.2491340e+06   2.8137207e+01
   8.2491720e+06   4.8645020e+01
   8.2491840e+06   3.3386230e+01
   8.2492370e+06   4.9743652e+01
   8.2492790e+06   3.8696289e+01
   8.2493210e+06   3.4851074e+01
   8.2493480e+06   2.8259277e+01
   8.2493770e+06   2.7832031e+01
   8.2495750e+06   2.6611328e+01
   8.2511820e+06   2.7526855e+01
   8.2514360e+06   2.7160645e+01
   8.2520050e+06   3.3874512e+01
   8.2526270e+06   2.8808594e+01
   8.2575830e+06   4.5837402e+01
   8.2582230e+06   4.9133301e+01
   8.4109340e+06   2.9235840e+01
   8.4110380e+06   5.7861328e+01
   8.4111070e+06   6.3903809e+01
   8.4111380e+06   2.7160645e+01
   8.4112000e+06   5.5541992e+01
   8.4112590e+06   4.6081543e+01
   8.4113210e+06   4.3884277e+01
   8.4113580e+06   3.4179688e+01
   8.4113990e+06   3.5217285e+01
   8.4114280e+06   2.7099609e+01
   8.4114900e+06   2.5939941e+01
   8.4139590e+06   2.7587891e+01
   8.4143710e+06   2.7832031e+01
   8.4147750e+06   3.3081055e+01
   8.4161250e+06   4.1076660e+01
   8.4167870e+06   3.8757324e+01
   8.4203360e+06   4.3029785e+01
   8.4212680e+06   5.0842285e+01
   8.4218460e+06   4.9072266e+01
   8.5433370e+06   3.2165527e+01
   8.5434010e+06   2.6672363e+01
   8.5434430e+06   6.2194824e+01
   8.5435020e+06   5.8959961e+01
   8.5435760e+06   4.3701172e+01
   8.5436370e+06   4.2785645e+01
   8.5436470e+06   2.6550293e+01
   8.5436770e+06   3.1127930e+01
   8.5437070e+06   2.8320313e+01
   8.5437240e+06   3.6010742e+01
   8.5437470e+06   4.0466309e+01
   8.5437640e+06   2.9418945e+01
   8.5464260e+06   3.0151367e+01
   8.5471120e+06   3.4423828e+01
   8.5477310e+06   3.9489746e+01
   8.5507660e+06   4.0405273e+01
   8.5516550e+06   4.9438477e+01
   8.5530410e+06   5.0476074e+01
   8.6598760e+06   3.3508301e+01
   8.6599800e+06   5.5847168e+01
   8.6600500e+06   5.3894043e+01
   8.6600850e+06   2.8015137e+01
   8.6601110e+06   4.0832520e+01
   8.6601520e+06   3.4423828e+01
   8.6601960e+06   3.7963867e+01
   8.6602380e+06   2.9846191e+01
   8.6602670e+06   2.7038574e+01
   8.6602900e+06   3.4729004e+01
   8.6621380e+06   2.6550293e+01
   8.6623570e+06   2.6184082e+01
   8.6631030e+06   3.6254883e+01
   8.6665800e+06   3.8452148e+01
   8.6687710e+06   4.9438477e+01
   8.7877850e+06   2.9174805e+01
   8.7878510e+06   6.3476563e+01
   8.7879280e+06   5.4992676e+01
   8.7879860e+06   5.1757813e+01
   8.7880470e+06   5.0659180e+01
   8.7880930e+06   4.5471191e+01
   8.7881370e+06   3.3874512e+01
   8.7881550e+06   2.8930664e+01
   8.7881840e+06   3.2104492e+01
   8.7881970e+06   2.7404785e+01
   8.7904680e+06   2.8686523e+01
   8.7931260e+06   4.5288086e+01
   8.7946050e+06   4.2968750e+01
   8.7964280e+06   4.2358398e+01
   8.9337530e+06   2.6306152e+01
   8.9338030e+06   6.0668945e+01
   8.9338640e+06   5.1513672e+01
   8.9339280e+06   5.6823730e+01
   8.9339750e+06   4.6936035e+01
   8.9340280e+06   4.0161133e+01
   8.9340720e+06   4.6447754e+01
   8.9341140e+06   3.0212402e+01
   8.9341370e+06   3.1188965e+01
   8.9341490e+06   2.9846191e+01
   8.9341760e+06   3.0639648e+01
   8.9360180e+06   2.6184082e+01
   8.9362350e+06   2.6184082e+01
   8.9364570e+06   2.8930664e+01
   8.9368000e+06   3.4362793e+01
   8.9369590e+06   3.3813477e+01
   8.9376470e+06   3.3996582e+01
   8.9382720e+06   3.1860352e+01
   8.9415840e+06   4.3701172e+01
   8.9440350e+06   2.9968262e+01
   8.9446550e+06   5.8715820e+01
   9.0670840e+06   2.7648926e+01
   9.0671430e+06   6.1096191e+01
   9.0672070e+06   5.4870605e+01
   9.0672600e+06   5.0659180e+01
   9.0673290e+06   4.9194336e+01
   9.0673750e+06   4.2663574e+01
   9.0674140e+06   3.5888672e+01
   9.0674370e+06   2.7343750e+01
   9.0674690e+06   2.6855469e+01
   9.0675100e+06   2.7221680e+01
   9.0706020e+06   3.5400391e+01
   9.0707210e+06   3.4484863e+01
   9.0718330e+06   3.4240723e+01
   9.0756350e+06   5.0842285e+01
   9.0768550e+06   5.3588867e+01
   9.1935530e+06   2.7648926e+01
   9.1936700e+06   6.9152832e+01
   9.1937070e+06   2.6672363e+01
   9.1937290e+06   5.4992676e+01
   9.1937790e+06   4.3090820e+01
   9.1938160e+06   2.6245117e+01
   9.1938310e+06   4.1625977e+01
   9.1938830e+06   4.7485352e+01
   9.1939260e+06   2.8564453e+01
   9.1939710e+06   3.1555176e+01
   9.1940220e+06   2.7465820e+01
   9.1940700e+06   2.6367188e+01
   9.1941090e+06   2.5939941e+01
   9.1964730e+06   3.3020020e+01
   9.1967880e+06   2.8320313e+01
   9.1972420e+06   3.7109375e+01
   9.1975510e+06   3.2226563e+01
   9.1979580e+06   3.4545898e+01
   9.1981220e+06   3.0029297e+01
   9.2020550e+06   4.5349121e+01
   9.3103620e+06   6.4697266e+01
   9.3103970e+06   2.6916504e+01
   9.3104230e+06   5.3405762e+01
   9.3104640e+06   3.3691406e+01
   9.3104750e+06   4.7180176e+01
   9.3105270e+06   5.9753418e+01
   9.3105770e+06   3.4545898e+01
   9.3106010e+06   2.5817871e+01
   9.3106210e+06   2.9602051e+01
   9.3106320e+06   2.6062012e+01
   9.3106590e+06   3.3203125e+01
   9.3107060e+06   2.7343750e+01
   9.3107550e+06   2.7832031e+01
   9.3133190e+06   3.4973145e+01
   9.3136480e+06   3.0212402e+01
   9.3141890e+06   3.3386230e+01
   9.3146420e+06   3.2531738e+01
   9.3159170e+06   3.7048340e+01
   9.3167080e+06   3.6865234e+01
   9.3171700e+06   3.5766602e+01
   9.3191350e+06   4.6813965e+01
   9.3200580e+06   5.3588867e+01
   9.3206370e+06   4.7363281e+01
   9.4426140e+06   2.9602051e+01
   9.4426350e+06   6.9396973e+01
   9.4426910e+06   5.4016113e+01
   9.4427410e+06   4.5532227e+01
   9.4427960e+06   4.5349121e+01
   9.4428600e+06   3.7292480e+01
   9.4428860e+06   2.9907227e+01
   9.4429570e+06   3.4179688e+01
   9.4429740e+06   2.9296875e+01
   9.4448550e+06   2.7282715e+01
   9.4450990e+06   3.2287598e+01
   9.4459660e+06   2.8381348e+01
   9.4462670e+06   2.8320313e+01
   9.4505380e+06   4.3151855e+01
   9.4514480e+06   4.6875000e+01
   9.5748920e+06   3.0517578e+01
   9.5749520e+06   5.8837891e+01
   9.5750300e+06   4.5349121e+01
   9.5750780e+06   2.6855469e+01
   9.5751000e+06   4.7607422e+01
   9.5751610e+06   5.5541992e+01
   9.5751790e+06   3.1555176e+01
   9.5752100e+06   4.0771484e+01
   9.5752400e+06   2.6245117e+01
   9.5752550e+06   4.0222168e+01
   9.5752950e+06   3.3142090e+01
   9.5776430e+06   3.2104492e+01
   9.5779700e+06   3.2714844e+01
   9.5781740e+06   3.6315918e+01
   9.5784540e+06   4.2541504e+01
   9.5803780e+06   3.7658691e+01
   9.5847860e+06   4.7546387e+01
   9.7117430e+06   2.6550293e+01
   9.7118250e+06   5.9020996e+01
   9.7118900e+06   5.3405762e+01
   9.7119650e+06   3.7353516e+01
   9.7120210e+06   4.6203613e+01
   9.7120640e+06   4.2846680e+01
   9.7121050e+06   2.7221680e+01
   9.7121160e+06   2.9724121e+01
   9.7121850e+06   2.5939941e+01
   9.7140450e+06   2.9357910e+01
   9.7147010e+06   3.0578613e+01
   9.7148780e+06   2.9724121e+01
   9.8685080e+06   5.9448242e+01
   9.8685660e+06   4.6081543e+01
   9.8686150e+06   4.6081543e+01
   9.8686650e+06   5.4809570e+01
   9.8686850e+06   2.6916504e+01
   9.8687200e+06   4.5532227e+01
   9.8687650e+06   4.2541504e+01
   9.8687850e+06   2.6245117e+01
   9.8688000e+06   3.0395508e+01
   9.8688220e+06   3.9306641e+01
   9.8688350e+06   3.3142090e+01
   9.8688750e+06   2.6550293e+01
   9.8715700e+06   2.8808594e+01
   9.8726830e+06   3.6865234e+01
   9.8750810e+06   3.8391113e+01
   9.8787240e+06   4.4738770e+01
   1.0048435e+07   2.6672363e+01
   1.0048469e+07   6.1706543e+01
   1.0048527e+07   4.3212891e+01
   1.0048575e+07   4.3395996e+01
   1.0048627e+07   4.5654297e+01
   1.0048685e+07   5.1208496e+01
   1.0048733e+07   3.9794922e+01
   1.0048778e+07   2.8869629e+01
   1.0048793e+07   3.2104492e+01
   1.0048825e+07   2.6245117e+01
   1.0052088e+07   2.8259277e+01
   1.0053391e+07   3.4667969e+01
   1.0054153e+07   3.7048340e+01
   1.0054259e+07   3.8574219e+01
   1.0057402e+07   4.5410156e+01
   1.0057909e+07   4.5532227e+01
   1.0060571e+07   5.2246094e+01
   1.0210689e+07   2.8137207e+01
   1.0210769e+07   5.8471680e+01
   1.0210818e+07   4.9133301e+01
   1.0210876e+07   5.1757813e+01
   1.0210933e+07   4.8461914e+01
   1.0210944e+07   2.9174805e+01
   1.0210990e+07   3.7597656e+01
   1.0211015e+07   3.4423828e+01
   1.0211036e+07   4.1992188e+01
   1.0211082e+07   3.9245605e+01
   1.0211098e+07   2.7526855e+01
   1.0211114e+07   2.9968262e+01
   1.0211132e+07   2.8137207e+01
   1.0211170e+07   2.8503418e+01
   1.0214541e+07   3.4545898e+01
   1.0214771e+07   3.1921387e+01
   1.0215731e+07   3.8818359e+01
   1.0215930e+07   3.3508301e+01
   1.0218398e+07   4.1564941e+01
   1.0218505e+07   3.2287598e+01
   1.0220378e+07   4.1320801e+01
   1.0220839e+07   4.9133301e+01
   1.0346001e+07   2.6245117e+01
   1.0346061e+07   6.1706543e+01
   1.0346115e+07   4.6997070e+01
   1.0346159e+07   2.8564453e+01
   1.0346212e+07   4.3334961e+01
   1.0346235e+07   2.6672363e+01
   1.0346262e+07   5.3833008e+01
   1.0346290e+07   3.7597656e+01
   1.0346316e+07   4.0954590e+01
   1.0346326e+07   3.3996582e+01
   1.0346357e+07   2.6550293e+01
   1.0346518e+07   2.7099609e+01
   1.0349146e+07   2.7099609e+01
   1.0350221e+07   3.3020020e+01
   1.0350789e+07   3.3508301e+01
   1.0351152e+07   3.8269043e+01
   1.0351533e+07   3.1494141e+01
   1.0352544e+07   4.1015625e+01
   1.0353931e+07   4.0954590e+01
   1.0355056e+07   3.9916992e+01
   1.0355710e+07   4.2358398e+01
   1.0470400e+07   3.4362793e+01
   1.0470469e+07   6.5734863e+01
   1.0470517e+07   4.1870117e+01
   1.0470569e+07   4.2480469e+01
   1.0470621e+07   4.8889160e+01
   1.0470643e+07   2.5817871e+01
   1.0470666e+07   2.7954102e+01
   1.0470689e+07   3.9428711e+01
   1.0470715e+07   3.0944824e+01
   1.0470770e+07   2.7221680e+01
   1.0470810e+07   2.6062012e+01
   1.0473882e+07   2.6367188e+01
   1.0474060e+07   3.0090332e+01
   1.0476890e+07   3.6376953e+01
   1.0479343e+07   2.8442383e+01
   1.0480310e+07   4.4067383e+01
   1.0482215e+07   5.5541992e+01
   1.0582309e+07   2.6672363e+01
   1.0582351e+07   6.1157227e+01
   1.0582425e+07   5.0537109e+01
   1.0582443e+07   3.0883789e+01
   1.0582474e+07   4.4738770e+01
   1.0582526e+07   4.4982910e+01
   1.0582570e+07   3.3691406e+01
   1.0582611e+07   5.1452637e+01
   1.0582636e+07   2.5817871e+01
   1.0582705e+07   2.6855469e+01
   1.0584815e+07   2.6062012e+01
   1.0585139e+07   3.3325195e+01
   1.0586257e+07   3.3447266e+01
   1.0586575e+07   2.9968262e+01
   1.0587149e+07   3.5400391e+01
   1.0587408e+07   3.4240723e+01
   1.0591099e+07   5.0476074e+01
   1.0592058e+07   4.5166016e+01
   1.0725885e+07   5.9692383e+01
   1.0725926e+07   3.1311035e+01
   1.0725953e+07   4.7729492e+01
   1.0725966e+07   2.6000977e+01
   1.0726002e+07   5.1940918e+01
   1.0726050e+07   4.9987793e+01
   1.0726082e+07   2.9235840e+01
   1.0726100e+07   3.4545898e+01
   1.0726140e+07   3.1677246e+01
   1.0726168e+07   3.9367676e+01
   1.0726205e+07   3.4973145e+01
   1.0726239e+07   2.7038574e+01
   1.0728730e+07   2.7770996e+01
   1.0729126e+07   4.3823242e+01
   1.0732020e+07   4.1870117e+01
   1.0733403e+07   3.3813477e+01
   1.0735152e+07   4.3518066e+01
   1.0736412e+07   4.8583984e+01
   1.0846934e+07   3.1982422e+01
   1.0847013e+07   5.9814453e+01
   1.0847047e+07   2.9479980e+01
   1.0847089e+07   4.9072266e+01
   1.0847142e+07   4.4860840e+01
   1.0847193e+07   3.9184570e+01
   1.0847238e+07   4.9804688e+01
   1.0847283e+07   2.7465820e+01
   1.0847314e+07   2.7038574e+01
   1.0849444e+07   2.7587891e+01
   1.0849807e+07   3.0395508e+01
   1.0849900e+07   2.8015137e+01
   1.0850221e+07   2.7221680e+01
   1.0850302e+07   2.8503418e+01
   1.0851760e+07   3.4973145e+01
   1.0857195e+07   4.4006348e+01
   1.0985069e+07   2.6977539e+01
   1.0985109e+07   5.9570312e+01
   1.0985163e+07   4.8400879e+01
   1.0985181e+07   2.6855469e+01
   1.0985224e+07   5.1757812e+01
   1.0985279e+07   3.9001465e+01
   1.0985329e+07   3.8085938e+01
   1.0985366e+07   2.9907227e+01
   1.0985404e+07   4.8278809e+01
   1.0987299e+07   2.8686523e+01
   1.0987925e+07   3.0273438e+01
   1.0988060e+07   3.1677246e+01
   1.0988435e+07   3.2531738e+01
   1.0989936e+07   3.4362793e+01
   1.0991429e+07   3.7292480e+01
   1.0993755e+07   4.2907715e+01
   1.0994852e+07   5.4870605e+01
   1.0995649e+07   4.3273926e+01
   1.1111512e+07   6.1950684e+01
   1.1111574e+07   6.0729980e+01
   1.1111627e+07   4.9743652e+01
   1.1111676e+07   4.9743652e+01
   1.1111739e+07   4.9987793e+01
   1.1111759e+07   2.5817871e+01
   1.1111788e+07   3.3203125e+01
   1.1111830e+07   4.1076660e+01
   1.1111924e+07   2.5939941e+01
   1.1114457e+07   3.3935547e+01
   1.1120256e+07   3.9489746e+01
   1.1244409e+07   2.9418945e+01
   1.1244525e+07   7.2082520e+01
   1.1244580e+07   6.0974121e+01
   1.1244633e+07   4.0527344e+01
   1.1244680e+07   4.2236328e+01
   1.1244718e+07   3.4545898e+01
   1.1244746e+07   2.8869629e+01
   1.1244770e+07   2.6733398e+01
   1.1244795e+07   3.3020020e+01
   1.1246899e+07   2.9602051e+01
   1.1247076e+07   2.8137207e+01
   1.1248045e+07   3.1860352e+01
   1.1248270e+07   3.5400391e+01
   1.1248481e+07   2.8076172e+01
   1.1254699e+07   4.5959473e+01
   1.1400914e+07   2.6733398e+01
   1.1400999e+07   7.0190430e+01
   1.1401081e+07   4.4860840e+01
   1.1401136e+07   4.6997070e+01
   1.1401154e+07   2.7709961e+01
   1.1401189e+07   4.8889160e+01
   1.1401237e+07   4.4677734e+01
   1.1401258e+07   2.5878906e+01
   1.1401289e+07   2.6489258e+01
   1.1401315e+07   2.9113770e+01
   1.1401354e+07   2.7343750e+01
   1.1401396e+07   2.6184082e+01
   1.1403440e+07   2.8747559e+01
   1.1406379e+07   3.8269043e+01
   1.1409447e+07   3.9978027e+01
   1.1521311e+07   2.7404785e+01
   1.1521360e+07   2.7099609e+01
   1.1521393e+07   6.1340332e+01
   1.1521456e+07   4.9499512e+01
   1.1521510e+07   4.6142578e+01
   1.1521567e+07   4.5959473e+01
   1.1521631e+07   3.8696289e+01
   1.1521654e+07   2.9235840e+01
   1.1521711e+07   2.9479980e+01
   1.1525681e+07   3.5888672e+01
   1.1530264e+07   4.0344238e+01
   1.1615132e+07   6.1279297e+01
   1.1615190e+07   6.5917969e+01
   1.1615212e+07   2.8930664e+01
   1.1615243e+07   5.2856445e+01
   1.1615297e+07   5.3405762e+01
   1.1615349e+07   4.8400879e+01
   1.1615393e+07   2.6306152e+01
   1.1617229e+07   2.6916504e+01
   1.1617674e+07   2.8137207e+01
   1.1619429e+07   3.2836914e+01
   1.1623390e+07   4.5532227e+01
   1.1623893e+07   4.8950195e+01
   1.1624617e+07   4.7668457e+01
   1.1765691e+07   2.7526855e+01
   1.1765730e+07   6.1401367e+01
   1.1765794e+07   4.9987793e+01
   1.1765848e+07   5.1025391e+01
   1.1765901e+07   4.7363281e+01
   1.1765954e+07   5.1330566e+01
   1.1765991e+07   2.7038574e+01
   1.1766001e+07   3.4606934e+01
   1.1766051e+07   2.9052734e+01
   1.1768158e+07   2.6489258e+01
   1.1768513e+07   2.8564453e+01
   1.1768681e+07   3.1005859e+01
   1.1869732e+07   2.6428223e+01
   1.1869783e+07   2.7770996e+01
   1.1869815e+07   6.4086914e+01
   1.1869862e+07   3.7048340e+01
   1.1869887e+07   4.5593262e+01
   1.1869944e+07   4.3945313e+01
   1.1869998e+07   4.6203613e+01
   1.1870055e+07   5.0476074e+01
   1.1870076e+07   2.6062012e+01
   1.1870098e+07   2.9663086e+01
   1.1870126e+07   2.7526855e+01
   1.1872609e+07   3.3081055e+01
   1.1872821e+07   3.0578613e+01
   1.1875455e+07   3.6804199e+01
