   1.1996000e+07   0.0000000e+00
   3.5583000e+04   2.8015137e+01
   8.5910000e+04   3.0944824e+01
   8.6018000e+04   2.8991699e+01
   8.6126000e+04   2.8991699e+01
   8.6327000e+04   3.7231445e+01
   1.1510800e+05   2.8320313e+01
   1.1512800e+05   3.6560059e+01
   1.1524400e+05   2.8930664e+01
   1.1526700e+05   3.6193848e+01
   1.1532600e+05   2.8808594e+01
   1.1534000e+05   3.1799316e+01
   1.1544600e+05   2.7954102e+01
   1.1552000e+05   2.8625488e+01
   1.2394400e+05   2.7404785e+01
   1.2405300e+05   2.7954102e+01
   1.2409600e+05   3.0700684e+01
   1.2412700e+05   3.0517578e+01
   1.2415500e+05   3.2165527e+01
   1.2422300e+05   2.8686523e+01
   1.2429400e+05   2.6977539e+01
   1.2461400e+05   3.0883789e+01
   1.2472600e+05   2.8076172e+01
   1.3005100e+05   2.7221680e+01
   1.3176400e+05   3.4484863e+01
   1.3178400e+05   2.8869629e+01
   1.3219400e+05   2.9907227e+01
   1.4004900e+05   2.8564453e+01
   1.4011300e+05   2.9541016e+01
   1.4015400e+05   3.1311035e+01
   1.4023900e+05   3.0151367e+01
   1.4546300e+05   2.8015137e+01
   1.5003200e+05   2.9296875e+01
   1.5007200e+05   3.0212402e+01
   1.5010900e+05   2.9785156e+01
   1.5012300e+05   3.0517578e+01
   1.5018900e+05   2.9235840e+01
   1.5021200e+05   2.8869629e+01
   1.5900900e+05   2.7893066e+01
   1.5910300e+05   3.1555176e+01
   1.5913000e+05   2.6916504e+01
   1.5925900e+05   3.0334473e+01
   1.5937700e+05   2.7709961e+01
   1.6751400e+05   3.1982422e+01
   1.6764400e+05   2.7099609e+01
   1.6767500e+05   2.6977539e+01
   1.6781200e+05   3.1494141e+01
   1.6785000e+05   3.3142090e+01
   1.7953700e+05   2.9174805e+01
   1.7958100e+05   3.4729004e+01
   1.7962100e+05   3.0029297e+01
   1.7964000e+05   2.7038574e+01
   1.7986400e+05   3.2470703e+01
   1.9320000e+05   2.9235840e+01
   1.9328300e+05   2.6977539e+01
   1.9331400e+05   2.7709961e+01
   1.9338700e+05   2.6916504e+01
   2.0396700e+05   2.7954102e+01
   2.1619000e+05   2.8320313e+01
   2.1621100e+05   2.8503418e+01
   2.1623100e+05   3.0151367e+01
   2.1627300e+05   2.8198242e+01
   2.1642100e+05   2.9418945e+01
   2.7495100e+05   2.7526855e+01
   2.8012600e+05   3.3630371e+01
   2.8015800e+05   2.7038574e+01
   2.8017800e+05   3.0273438e+01
   2.8019100e+05   3.1921387e+01
   2.8021700e+05   2.8869629e+01
   2.8025300e+05   3.1860352e+01
   2.8026400e+05   2.9663086e+01
   2.8032400e+05   3.0273437e+01
   2.8046500e+05   3.2714844e+01
   4.2528600e+05   3.6743164e+01
   4.2599600e+05   2.7648926e+01
   4.7906700e+05   2.9296875e+01
   4.7987600e+05   3.2104492e+01
   4.8025800e+05   2.9785156e+01
   4.8029300e+05   2.8076172e+01
   5.6948400e+05   2.9479980e+01
   5.6994200e+05   3.0517578e+01
   5.7004100e+05   3.1799316e+01
   5.7006600e+05   3.9794922e+01
   5.7014300e+05   2.7893066e+01
   5.7025100e+05   2.8442383e+01
   6.0988400e+05   2.8259277e+01
   6.1042900e+05   2.7343750e+01
   6.1073000e+05   3.3508301e+01
   6.5099200e+05   3.0639648e+01
   6.5102500e+05   2.7282715e+01
   6.7954600e+05   2.9663086e+01
   6.9563900e+05   2.7648926e+01
   7.0924000e+05   2.8076172e+01
   7.1011400e+05   2.8564453e+01
   7.3886200e+05   2.8320312e+01
   7.3896800e+05   3.5095215e+01
   7.3901800e+05   3.5339355e+01
   7.3905800e+05   3.1066895e+01
   7.3909800e+05   2.8320313e+01
   7.3911800e+05   2.7587891e+01
   7.3915600e+05   2.8686523e+01
   7.3917300e+05   2.7343750e+01
   7.3927500e+05   3.1311035e+01
   7.3932200e+05   2.8564453e+01
   7.3936600e+05   2.7526855e+01
   7.3940100e+05   2.7282715e+01
   7.3973800e+05   2.7160645e+01
   7.4061100e+05   2.9418945e+01
   7.4656600e+05   2.9602051e+01
   7.5623900e+05   2.9724121e+01
   7.5666400e+05   2.7343750e+01
   7.5668100e+05   3.6804199e+01
   7.5672500e+05   3.2348633e+01
   7.5674800e+05   3.2226563e+01
   7.5683400e+05   2.7526855e+01
   7.5689000e+05   3.1677246e+01
   7.5691200e+05   2.7160645e+01
   7.5693700e+05   3.0212402e+01
   7.5696100e+05   2.7893066e+01
   7.5701100e+05   2.8076172e+01
   7.5704000e+05   2.7648926e+01
   7.5726700e+05   2.7893066e+01
   7.5778400e+05   2.6977539e+01
   7.5821900e+05   2.6977539e+01
   7.8342400e+05   2.8686523e+01
   7.8387900e+05   2.8381348e+01
   7.8391300e+05   2.9052734e+01
   7.8396900e+05   3.3996582e+01
   7.8405900e+05   3.4179688e+01
   7.8410700e+05   3.2470703e+01
   7.8417700e+05   2.8808594e+01
   7.8454100e+05   2.7160645e+01
   7.8473900e+05   2.6916504e+01
   8.9793800e+05   2.7160645e+01
   8.9816900e+05   2.9235840e+01
   8.9834900e+05   3.1982422e+01
   9.4644300e+05   2.8930664e+01
   9.4654700e+05   2.9785156e+01
   9.4660400e+05   3.5095215e+01
   9.4669200e+05   2.6916504e+01
   9.4671100e+05   3.6926270e+01
   9.4680500e+05   3.2287598e+01
   9.7896200e+05   3.0761719e+01
   9.7956300e+05   2.8137207e+01
   1.0149040e+06   2.7038574e+01
   1.0149270e+06   3.0578613e+01
   1.0150370e+06   2.9968262e+01
   1.0150540e+06   3.7292480e+01
   1.0151440e+06   3.0395508e+01
   1.0152370e+06   3.5888672e+01
   1.0152910e+06   3.3081055e+01
   1.0154120e+06   2.7709961e+01
   1.0155940e+06   2.9602051e+01
   1.0227150e+06   2.7770996e+01
   1.0270740e+06   3.1188965e+01
   1.0565650e+06   3.0761719e+01
   1.0565970e+06   3.5522461e+01
   1.0568050e+06   3.2775879e+01
   1.0570190e+06   3.8818359e+01
   1.0571170e+06   2.9296875e+01
   1.0574550e+06   2.8320313e+01
   1.0575320e+06   3.0151367e+01
   1.0923890e+06   2.9113770e+01
   1.0926500e+06   2.9296875e+01
   1.0928630e+06   2.7587891e+01
   1.0931080e+06   2.7770996e+01
   1.0932760e+06   2.7404785e+01
   1.1666480e+06   3.1372070e+01
   1.2344230e+06   2.8015137e+01
   1.2345640e+06   2.8869629e+01
   1.2346160e+06   2.8076172e+01
   1.2346350e+06   3.1982422e+01
   1.2351740e+06   2.7587891e+01
   1.2354100e+06   2.7404785e+01
   1.2599750e+06   2.7099609e+01
   1.2633250e+06   3.7231445e+01
   1.2634990e+06   3.2775879e+01
   1.2635300e+06   2.8442383e+01
   1.2635980e+06   3.2897949e+01
   1.2636530e+06   2.7343750e+01
   1.2637860e+06   2.7648926e+01
   1.2731180e+06   3.1799316e+01
   1.2732760e+06   3.3935547e+01
   1.2733470e+06   2.7893066e+01
   1.2734040e+06   3.0883789e+01
   1.2734740e+06   2.9296875e+01
   1.2735540e+06   2.8442383e+01
   1.2736600e+06   2.9479980e+01
   1.2741400e+06   2.9113770e+01
   1.2742530e+06   2.7099609e+01
   1.2750870e+06   2.7648926e+01
   1.2826350e+06   2.6977539e+01
   1.2828800e+06   2.8869629e+01
   1.2829560e+06   2.9907227e+01
   1.2834720e+06   3.2226563e+01
   1.2903140e+06   3.1555176e+01
   1.2903850e+06   2.8015137e+01
   1.2904460e+06   3.6132813e+01
   1.2904870e+06   3.3508301e+01
   1.2907930e+06   2.7099609e+01
   1.2967740e+06   2.8076172e+01
   1.2978620e+06   2.8015137e+01
   1.2978740e+06   2.7282715e+01
   1.2979950e+06   3.0334473e+01
   1.3055380e+06   2.6977539e+01
   1.3055790e+06   2.7343750e+01
   1.3055910e+06   3.6254883e+01
   1.3056730e+06   3.0151367e+01
   1.3059070e+06   2.9235840e+01
   1.3130470e+06   2.9785156e+01
   1.3131210e+06   2.7587891e+01
   1.3132100e+06   3.0456543e+01
   1.3132200e+06   3.0578613e+01
   1.3133910e+06   2.7282715e+01
   1.3135160e+06   2.8930664e+01
   1.3138540e+06   2.7282715e+01
   1.3240400e+06   2.7343750e+01
   1.3241540e+06   3.2348633e+01
   1.3243270e+06   2.8076172e+01
   1.3246480e+06   3.3752441e+01
   1.3332250e+06   2.7709961e+01
   1.3333840e+06   2.9968262e+01
   1.3335280e+06   3.3203125e+01
   1.3335640e+06   2.8930664e+01
   1.3336170e+06   3.0700684e+01
   1.3429860e+06   2.7893066e+01
   1.3430110e+06   2.6977539e+01
   1.3430540e+06   3.1066895e+01
   1.3431230e+06   2.7648926e+01
   1.3432080e+06   3.0273438e+01
   1.3432700e+06   2.8869629e+01
   1.3527830e+06   2.8259277e+01
   1.3528470e+06   3.0334473e+01
   1.3528900e+06   2.8869629e+01
   1.3529360e+06   2.8991699e+01
   1.3530110e+06   3.5400391e+01
   1.3530280e+06   2.7465820e+01
   1.3634480e+06   2.7770996e+01
   1.3637110e+06   2.8076172e+01
   1.3640940e+06   3.1433105e+01
   1.3744210e+06   3.2104492e+01
   1.3745100e+06   2.8564453e+01
   1.3745330e+06   2.8076172e+01
   1.3746850e+06   3.4912109e+01
   1.3747780e+06   2.8381348e+01
   1.3748070e+06   2.7587891e+01
   1.3748910e+06   2.8198242e+01
   1.4971920e+06   2.7526855e+01
   1.4973230e+06   3.2470703e+01
   1.4974560e+06   3.0944824e+01
   1.4976250e+06   2.8076172e+01
   1.4980040e+06   3.3508301e+01
   1.5910640e+06   2.9724121e+01
   1.6420330e+06   2.7465820e+01
   1.6595730e+06   3.1250000e+01
   1.6653650e+06   3.3142090e+01
   1.6655110e+06   3.2775879e+01
   1.6655370e+06   2.9174805e+01
   1.6656580e+06   2.8076172e+01
   1.7066640e+06   2.7587891e+01
   1.7441210e+06   2.7954102e+01
   1.7441780e+06   2.7770996e+01
   1.7442340e+06   2.8808594e+01
   1.7442570e+06   2.8259277e+01
   1.7442850e+06   3.2287598e+01
   1.7443270e+06   3.0334473e+01
   1.7443820e+06   3.0151367e+01
   1.7444000e+06   2.7099609e+01
   1.7444440e+06   3.4851074e+01
   1.7444650e+06   3.4790039e+01
   1.7444860e+06   3.0273438e+01
   1.7622810e+06   2.8137207e+01
   1.7623210e+06   3.0212402e+01
   1.7623970e+06   2.7282715e+01
   1.7625160e+06   2.9296875e+01
   1.7626620e+06   2.6977539e+01
   1.7727290e+06   3.4118652e+01
   1.7727570e+06   3.3874512e+01
   1.7727880e+06   3.2531738e+01
   1.7730160e+06   3.1494141e+01
   1.7842490e+06   3.1799316e+01
   1.7842630e+06   3.2409668e+01
   1.7842860e+06   3.9245605e+01
   1.7843290e+06   3.0395508e+01
   1.7930390e+06   2.7709961e+01
   1.7932290e+06   2.8991699e+01
   1.8021120e+06   2.9907227e+01
   1.8137670e+06   2.8991699e+01
   1.8138700e+06   3.6071777e+01
   1.8282730e+06   3.0090332e+01
   1.8282920e+06   2.7709961e+01
   1.8283510e+06   2.9174805e+01
   1.8287130e+06   2.9968262e+01
   1.8292590e+06   2.8137207e+01
   1.8419580e+06   2.7893066e+01
   1.8419960e+06   2.7404785e+01
   1.8420500e+06   2.9235840e+01
   1.8421250e+06   2.8564453e+01
   1.8423690e+06   2.7038574e+01
   1.9686340e+06   2.7832031e+01
   1.9687070e+06   2.9296875e+01
   1.9688060e+06   2.7404785e+01
   1.9688280e+06   2.8747559e+01
   1.9688730e+06   3.9916992e+01
   1.9689490e+06   2.8930664e+01
   1.9689850e+06   3.0578613e+01
   1.9690420e+06   2.7404785e+01
   2.0700820e+06   2.7160645e+01
   2.0702620e+06   2.9052734e+01
   2.0709460e+06   2.7221680e+01
   2.1346550e+06   2.7099609e+01
   2.1366730e+06   2.7282715e+01
   2.2706800e+06   2.8076172e+01
   2.2707150e+06   2.7770996e+01
   2.2707900e+06   2.8320313e+01
   2.2708040e+06   2.7832031e+01
   2.2708220e+06   3.6560059e+01
   2.2708640e+06   2.8808594e+01
   2.2710190e+06   3.4973145e+01
   2.2711830e+06   2.7160645e+01
   2.2712640e+06   3.0151367e+01
   2.2714540e+06   2.6977539e+01
   2.2757540e+06   2.7099609e+01
   2.2803850e+06   2.8076172e+01
   2.3460710e+06   2.7526855e+01
   2.3462500e+06   3.0151367e+01
   2.3462790e+06   2.9296875e+01
   2.3463380e+06   3.2043457e+01
   2.3463610e+06   2.8320313e+01
   2.3463840e+06   3.0456543e+01
   2.3466530e+06   2.8747559e+01
   2.3475160e+06   2.8015137e+01
   2.3476180e+06   2.7160645e+01
   2.3517620e+06   3.0090332e+01
   2.3585340e+06   2.8869629e+01
   2.3587650e+06   2.7099609e+01
   2.3589170e+06   3.0029297e+01
   2.3589370e+06   3.2592773e+01
   2.3590910e+06   3.1250000e+01
   2.3596090e+06   3.2165527e+01
   2.3700380e+06   3.0822754e+01
   2.3701280e+06   3.2714844e+01
   2.3701640e+06   2.6916504e+01
   2.3702310e+06   3.1433105e+01
   2.3704260e+06   2.8686523e+01
   2.3706820e+06   2.7587891e+01
   2.3711730e+06   3.1127930e+01
   2.3725810e+06   2.7343750e+01
   2.3732310e+06   2.6977539e+01
   2.3803350e+06   2.8564453e+01
   2.3804000e+06   2.7282715e+01
   2.3804610e+06   3.4851074e+01
   2.3804790e+06   2.8625488e+01
   2.3806780e+06   2.7282715e+01
   2.3808790e+06   3.1494141e+01
   2.3809170e+06   2.9602051e+01
   2.3894070e+06   2.7221680e+01
   2.3894280e+06   3.4423828e+01
   2.3895730e+06   3.1860352e+01
   2.3897270e+06   2.7099609e+01
   2.3966390e+06   2.8564453e+01
   2.3992720e+06   3.3813477e+01
   2.3992820e+06   2.7160645e+01
   2.3994030e+06   2.7099609e+01
   2.4072140e+06   2.8076172e+01
   2.4074540e+06   2.7648926e+01
   2.4074750e+06   2.9968262e+01
   2.4074980e+06   2.9113770e+01
   2.4075430e+06   2.9052734e+01
   2.4080160e+06   3.0090332e+01
   2.4081670e+06   2.8503418e+01
   2.4083320e+06   2.6977539e+01
   2.4090720e+06   2.7954102e+01
   2.4227330e+06   2.7038574e+01
   2.4227490e+06   2.7465820e+01
   2.4227690e+06   2.7038574e+01
   2.4228690e+06   3.2836914e+01
   2.4229700e+06   3.3447266e+01
   2.4230230e+06   2.9296875e+01
   2.4384220e+06   2.9418945e+01
   2.4385090e+06   3.3508301e+01
   2.4385240e+06   2.8869629e+01
   2.4386550e+06   3.1372070e+01
   2.4441570e+06   2.7832031e+01
   2.4498010e+06   2.7587891e+01
   2.4498420e+06   2.7465820e+01
   2.4498670e+06   3.0090332e+01
   2.4500350e+06   2.7954102e+01
   2.4501470e+06   2.9479980e+01
   2.4502070e+06   2.9541016e+01
   2.6618110e+06   2.7709961e+01
   2.6675430e+06   2.8564453e+01
   2.6677700e+06   2.9357910e+01
   2.6679740e+06   2.9235840e+01
   2.6680070e+06   3.2592773e+01
   2.6682150e+06   2.7099609e+01
   2.6687280e+06   2.6916504e+01
   2.7850610e+06   2.8686523e+01
   2.7850880e+06   2.8564453e+01
   2.7851750e+06   2.8015137e+01
   2.7851990e+06   2.8808594e+01
   2.7852790e+06   2.7709961e+01
   2.7855630e+06   2.7465820e+01
   2.7900650e+06   2.7160645e+01
   2.8008090e+06   2.7648926e+01
   2.8903580e+06   2.8869629e+01
   2.9183960e+06   3.0334473e+01
   2.9185490e+06   3.9123535e+01
   2.9185680e+06   2.9907227e+01
   2.9187330e+06   2.9418945e+01
   2.9568860e+06   3.0517578e+01
   2.9572910e+06   2.8320313e+01
   2.9573240e+06   2.7160645e+01
   2.9575620e+06   2.9174805e+01
   2.9576840e+06   3.1311035e+01
   2.9884000e+06   2.7770996e+01
   2.9890480e+06   2.7160645e+01
   3.0226460e+06   2.7038574e+01
   3.0232700e+06   2.8015137e+01
   3.1130920e+06   2.7160645e+01
   3.1131680e+06   2.7893066e+01
   3.1132440e+06   2.8259277e+01
   3.1133060e+06   3.0700684e+01
   3.1134760e+06   2.7648926e+01
   3.1136170e+06   2.9174805e+01
   3.1136970e+06   2.7404785e+01
   3.1886430e+06   2.6977539e+01
   3.1887860e+06   2.8442383e+01
   3.1888770e+06   3.4545898e+01
   3.1891960e+06   2.8808594e+01
   3.2098410e+06   2.8442383e+01
   3.2474030e+06   3.1311035e+01
   3.2474770e+06   2.8442383e+01
   3.2483370e+06   2.7160645e+01
   3.2899890e+06   2.8564453e+01
   3.2900550e+06   3.0090332e+01
   3.2900840e+06   2.9724121e+01
   3.2901060e+06   3.1066895e+01
   3.2901770e+06   3.0395508e+01
   3.2902010e+06   3.3020020e+01
   3.2902430e+06   3.1372070e+01
   3.2904110e+06   3.2653809e+01
   3.3098430e+06   2.7099609e+01
   3.3287120e+06   2.7893066e+01
   3.3287440e+06   2.8747559e+01
   3.3290080e+06   2.9846191e+01
   3.3290800e+06   3.0212402e+01
   3.3292000e+06   2.9479980e+01
   3.3292140e+06   2.8503418e+01
   3.3293090e+06   3.2165527e+01
   3.3293700e+06   2.9785156e+01
   3.3713900e+06   3.5034180e+01
   3.3714540e+06   2.8808594e+01
   3.3716200e+06   3.0212402e+01
   3.3717150e+06   2.8625488e+01
   3.3717400e+06   2.8442383e+01
   3.3718720e+06   2.7648926e+01
   3.3720450e+06   2.7526855e+01
   3.3729110e+06   2.7648926e+01
   3.4172030e+06   2.6977539e+01
   3.4174170e+06   2.8381348e+01
   3.4174480e+06   2.7832031e+01
   3.4175460e+06   3.1555176e+01
   3.4177810e+06   2.9541016e+01
   3.4186240e+06   2.8198242e+01
   3.4259600e+06   2.9296875e+01
   3.4721860e+06   3.0334473e+01
   3.4723170e+06   3.5705566e+01
   3.4723770e+06   3.0761719e+01
   3.4728980e+06   2.6916504e+01
   3.4734100e+06   2.8259277e+01
   3.5026620e+06   2.7587891e+01
   3.5027330e+06   2.8198242e+01
   3.5029140e+06   2.9235840e+01
   3.5806910e+06   3.6804199e+01
   3.5807540e+06   2.9907227e+01
   3.5808390e+06   2.9357910e+01
   3.5809390e+06   3.0639648e+01
   3.5811080e+06   3.1799316e+01
   3.5811790e+06   2.7343750e+01
   3.6185800e+06   2.7648926e+01
   3.6187000e+06   3.1982422e+01
   3.6190370e+06   2.9724121e+01
   3.6191080e+06   2.8564453e+01
   3.6750480e+06   3.0578613e+01
   3.6752450e+06   3.2165527e+01
   3.6752930e+06   2.8259277e+01
   3.6753110e+06   3.0822754e+01
   3.6753890e+06   3.0090332e+01
   3.6853520e+06   2.8503418e+01
   3.6853630e+06   2.8442383e+01
   3.6853960e+06   2.8320313e+01
   3.6854070e+06   3.5034180e+01
   3.6858790e+06   2.9174805e+01
   3.6933970e+06   2.7526855e+01
   3.6934290e+06   2.6977539e+01
   3.6934900e+06   2.7832031e+01
   3.6936320e+06   2.7404785e+01
   3.6936820e+06   2.7954102e+01
   3.6937440e+06   3.3874512e+01
   3.6937700e+06   3.8024902e+01
   3.6939490e+06   2.7465820e+01
   3.7018730e+06   2.7587891e+01
   3.7019000e+06   2.8259277e+01
   3.7019410e+06   2.7160645e+01
   3.7020310e+06   3.9855957e+01
   3.7021660e+06   2.7099609e+01
   3.7023990e+06   2.7099609e+01
   3.7092890e+06   3.3630371e+01
   3.7094130e+06   2.8015137e+01
   3.7094510e+06   2.8930664e+01
   3.7094760e+06   2.9296875e+01
   3.7094990e+06   2.8320313e+01
   3.7095730e+06   2.7954102e+01
   3.7097050e+06   3.1311035e+01
   3.7170090e+06   2.8930664e+01
   3.7171680e+06   3.7292480e+01
   3.7172090e+06   2.7282715e+01
   3.7174260e+06   2.9357910e+01
   3.7276300e+06   2.8137207e+01
   3.7277610e+06   2.7648926e+01
   3.7278370e+06   2.7709961e+01
   3.7377340e+06   3.5522461e+01
   3.7377700e+06   2.8808594e+01
   3.7378230e+06   2.8686523e+01
   3.7379090e+06   3.1250000e+01
   3.7380440e+06   3.0151367e+01
   3.7381370e+06   2.8869629e+01
   3.7484830e+06   2.7099609e+01
   3.7486390e+06   3.3630371e+01
   3.7487400e+06   2.7648926e+01
   3.7589760e+06   2.8198242e+01
   3.7589990e+06   2.8869629e+01
   3.7591630e+06   3.0273438e+01
   3.7714800e+06   2.7404785e+01
   3.7715820e+06   2.7221680e+01
   3.7850090e+06   3.0395508e+01
   3.7850600e+06   2.7526855e+01
   3.7851630e+06   2.9846191e+01
   3.8032340e+06   3.0883789e+01
   3.8032800e+06   3.1494141e+01
   3.8033300e+06   3.7597656e+01
   3.8034560e+06   3.5095215e+01
   3.8190080e+06   2.7221680e+01
   3.8190500e+06   2.8686523e+01
   3.8190690e+06   2.9113770e+01
   3.8191890e+06   2.7343750e+01
   3.8192700e+06   3.3569336e+01
   3.8193670e+06   2.6977539e+01
   3.8194510e+06   3.5949707e+01
   3.8316930e+06   3.6315918e+01
   3.8317360e+06   2.8930664e+01
   3.8321070e+06   2.7526855e+01
   4.0075430e+06   2.8930664e+01
   4.1403520e+06   2.8015137e+01
   4.1405360e+06   2.7343750e+01
   4.1408360e+06   2.7648926e+01
   4.1409700e+06   2.7587891e+01
   4.1410530e+06   2.9052734e+01
   4.1485330e+06   2.7893066e+01
   4.2942900e+06   2.7832031e+01
   4.2943060e+06   3.6254883e+01
   4.2943340e+06   2.7160645e+01
   4.2943590e+06   2.8503418e+01
   4.2943920e+06   2.9296875e+01
   4.2944730e+06   2.8259277e+01
   4.2950400e+06   3.2531738e+01
   4.2951470e+06   2.7404785e+01
   4.2953870e+06   2.6916504e+01
   4.3767520e+06   3.1555176e+01
   4.3768290e+06   2.8198242e+01
   4.3768810e+06   4.4006348e+01
   4.3769320e+06   3.0273438e+01
   4.3769980e+06   2.9479980e+01
   4.3771110e+06   3.1799316e+01
   4.3881920e+06   2.7893066e+01
   4.3882440e+06   2.8381348e+01
   4.3883300e+06   3.1250000e+01
   4.3975350e+06   3.7963867e+01
   4.3975960e+06   3.0822754e+01
   4.3976200e+06   3.0212402e+01
   4.4091700e+06   2.8015137e+01
   4.4092720e+06   2.8808594e+01
   4.4093050e+06   2.8564453e+01
   4.4093820e+06   2.7893066e+01
   4.4196230e+06   2.9968262e+01
   4.4197530e+06   3.0517578e+01
   4.4198000e+06   2.7954102e+01
   4.4199320e+06   2.7954102e+01
   4.4295330e+06   3.7841797e+01
   4.4295820e+06   2.7160645e+01
   4.4296190e+06   2.7770996e+01
   4.4300640e+06   2.8198242e+01
   4.4422880e+06   2.7709961e+01
   4.4423340e+06   2.7343750e+01
   4.4423990e+06   3.1311035e+01
   4.4541740e+06   2.8015137e+01
   4.4544270e+06   2.6977539e+01
   4.4668440e+06   2.8198242e+01
   4.4669160e+06   2.8259277e+01
   4.4669390e+06   3.0456543e+01
   4.4670190e+06   2.7709961e+01
   4.4671580e+06   3.4545898e+01
   4.4672560e+06   2.7404785e+01
   4.4790770e+06   2.7404785e+01
   4.4799470e+06   2.7343750e+01
   4.6759510e+06   3.1066895e+01
   4.6761160e+06   3.1311035e+01
   4.6762270e+06   3.2043457e+01
   4.6763170e+06   2.9907227e+01
   4.6763820e+06   3.0334473e+01
   4.6765850e+06   2.7832031e+01
   4.6766130e+06   2.8320313e+01
   4.6767260e+06   2.8198242e+01
   4.6908500e+06   2.7099609e+01
   4.8215460e+06   2.9113770e+01
   4.8570530e+06   2.9296875e+01
   4.8570870e+06   2.9174805e+01
   4.8571530e+06   2.8198242e+01
   4.8573790e+06   2.7770996e+01
   4.8574090e+06   2.9663086e+01
   4.8574470e+06   2.7832031e+01
   4.8590620e+06   2.9296875e+01
   4.9540140e+06   2.6916504e+01
   4.9829880e+06   2.8686523e+01
   4.9836510e+06   2.9541016e+01
   4.9837570e+06   3.5095215e+01
   4.9838420e+06   2.8381348e+01
   4.9839130e+06   2.7282715e+01
   4.9839770e+06   2.9602051e+01
   4.9840250e+06   2.7587891e+01
   4.9841770e+06   3.4545898e+01
   4.9844740e+06   2.6916504e+01
   4.9851900e+06   2.6916504e+01
   5.1698880e+06   3.3691406e+01
   5.1700430e+06   2.8381348e+01
   5.1700630e+06   2.8076172e+01
   5.1700960e+06   2.9296875e+01
   5.1702260e+06   2.9235840e+01
   5.1703090e+06   3.3386230e+01
   5.1725140e+06   2.8198242e+01
   5.3598470e+06   2.8137207e+01
   5.3697070e+06   2.9174805e+01
   5.3697280e+06   2.8625488e+01
   5.3697840e+06   3.0029297e+01
   5.3698370e+06   3.0883789e+01
   5.3699760e+06   2.6977539e+01
   5.3701580e+06   3.0639648e+01
   5.3702520e+06   3.0944824e+01
   5.3703430e+06   2.8991699e+01
   5.3710070e+06   2.8869629e+01
   5.4826290e+06   3.0517578e+01
   5.4827300e+06   2.9846191e+01
   5.4827680e+06   2.8686523e+01
   5.4863290e+06   2.7893066e+01
   5.6440680e+06   3.0090332e+01
   5.6441630e+06   3.3203125e+01
   5.6442000e+06   3.1372070e+01
   5.6442750e+06   2.8320313e+01
   5.6442990e+06   2.8198242e+01
   5.6444060e+06   2.9235840e+01
   5.6459280e+06   2.8076172e+01
   5.6463840e+06   2.9785156e+01
   5.8009140e+06   3.1677246e+01
   5.8010300e+06   2.7282715e+01
   5.8010540e+06   3.4484863e+01
   5.8010760e+06   2.7465820e+01
   5.8010950e+06   2.8747559e+01
   5.8011260e+06   2.7832031e+01
   5.8011960e+06   3.2470703e+01
   5.8013240e+06   2.7770996e+01
   5.8014340e+06   2.9357910e+01
   5.8014590e+06   2.7465820e+01
   5.8025850e+06   2.7282715e+01
   5.8213270e+06   2.6916504e+01
   5.8213550e+06   2.8259277e+01
   5.8214090e+06   2.8320312e+01
   5.8214330e+06   2.7038574e+01
   5.8214540e+06   3.1127930e+01
   5.8216480e+06   2.7343750e+01
   5.8221840e+06   2.7893066e+01
   5.8224110e+06   2.7282715e+01
   5.8225400e+06   2.7587891e+01
   5.8228480e+06   2.7648926e+01
   5.8239970e+06   2.7038574e+01
   5.8248150e+06   2.6916504e+01
   5.8329520e+06   2.8259277e+01
   5.8329750e+06   2.9174805e+01
   5.8330680e+06   2.9418945e+01
   5.8424290e+06   2.8259277e+01
   5.8426170e+06   3.5583496e+01
   5.8427460e+06   2.8198242e+01
   5.8430330e+06   2.7038574e+01
   5.8504050e+06   2.8747559e+01
   5.8504930e+06   3.0456543e+01
   5.8508170e+06   2.7954102e+01
   5.8508470e+06   2.7526855e+01
   5.8508740e+06   2.7709961e+01
   5.8509770e+06   2.8686523e+01
   5.8510150e+06   2.7221680e+01
   5.8606900e+06   2.7770996e+01
   5.8727270e+06   2.8747559e+01
   5.8850820e+06   3.0822754e+01
   5.8851760e+06   2.8808594e+01
   5.8851940e+06   2.9968262e+01
   5.8852150e+06   2.8869629e+01
   5.8852840e+06   3.0090332e+01
   5.8855790e+06   3.0883789e+01
   6.1289740e+06   2.7587891e+01
   6.1290840e+06   3.3081055e+01
   6.1292390e+06   2.7954102e+01
   6.1292640e+06   3.0090332e+01
   6.1292900e+06   3.1250000e+01
   6.1293360e+06   2.8320313e+01
   6.2175900e+06   2.8381348e+01
   6.2896260e+06   2.7832031e+01
   6.3153760e+06   2.9113770e+01
   6.3154190e+06   3.0639648e+01
   6.3155240e+06   2.8015137e+01
   6.3155680e+06   2.7221680e+01
   6.3157300e+06   2.7038574e+01
   6.3158710e+06   2.9235840e+01
   6.3174280e+06   3.4545898e+01
   6.3222330e+06   2.7038574e+01
   6.4390280e+06   2.9541016e+01
   6.4390630e+06   2.7404785e+01
   6.4392310e+06   2.7465820e+01
   6.4393520e+06   2.9663086e+01
   6.4393760e+06   3.4301758e+01
   6.4671140e+06   2.7221680e+01
   6.5541930e+06   3.0761719e+01
   6.5543790e+06   2.7099609e+01
   6.5544100e+06   2.7282715e+01
   6.5544820e+06   3.0395508e+01
   6.5545230e+06   2.8015137e+01
   6.5545360e+06   3.0151367e+01
   6.5546530e+06   2.7221680e+01
   6.5547230e+06   2.8625488e+01
   6.5548450e+06   3.0517578e+01
   6.5550020e+06   2.8930664e+01
   6.7322420e+06   2.7893066e+01
   6.7322750e+06   3.3142090e+01
   6.7323270e+06   2.8076172e+01
   6.7323660e+06   3.6560059e+01
   6.7323880e+06   2.7587891e+01
   6.7324100e+06   2.8198242e+01
   6.7324430e+06   2.9785156e+01
   6.7325180e+06   2.7587891e+01
   6.7637890e+06   3.1127930e+01
   6.9413080e+06   2.7526855e+01
   6.9413720e+06   2.7099609e+01
   6.9414180e+06   2.9602051e+01
   6.9414910e+06   3.0700684e+01
   6.9416750e+06   2.8564453e+01
   6.9417740e+06   2.9724121e+01
   7.0482120e+06   3.0822754e+01
   7.0482700e+06   3.8940430e+01
   7.0483110e+06   2.7587891e+01
   7.0483940e+06   3.2348633e+01
   7.0484740e+06   3.2348633e+01
   7.0492320e+06   3.4729004e+01
   7.1845310e+06   2.9785156e+01
   7.1846940e+06   2.7648926e+01
   7.1847140e+06   2.9113770e+01
   7.1847350e+06   3.2531738e+01
   7.1848350e+06   2.8564453e+01
   7.1848640e+06   2.8503418e+01
   7.1851600e+06   3.2470703e+01
   7.1858370e+06   2.7648926e+01
   7.1898060e+06   2.8625488e+01
   7.3189350e+06   3.3813477e+01
   7.3189620e+06   2.7099609e+01
   7.3190810e+06   2.6916504e+01
   7.3192370e+06   2.7221680e+01
   7.3194030e+06   2.7954102e+01
   7.4397310e+06   3.1799316e+01
   7.4397420e+06   2.7709961e+01
   7.4398290e+06   3.1921387e+01
   7.4398500e+06   2.8381348e+01
   7.4399540e+06   3.7414551e+01
   7.4449710e+06   2.8869629e+01
   7.5665800e+06   2.7343750e+01
   7.5666390e+06   2.9479980e+01
   7.5667960e+06   2.9541016e+01
   7.5668870e+06   2.7954102e+01
   7.5669170e+06   3.1616211e+01
   7.5670050e+06   2.7770996e+01
   7.5670280e+06   2.7404785e+01
   7.5685890e+06   2.6977539e+01
   7.6798640e+06   2.9968262e+01
   7.6799240e+06   2.9174805e+01
   7.6800350e+06   3.1494141e+01
   7.6800640e+06   2.9052734e+01
   7.6800850e+06   3.3996582e+01
   7.6801060e+06   3.3996582e+01
   7.6802740e+06   2.7526855e+01
   7.6803530e+06   2.6977539e+01
   7.8410110e+06   2.9541016e+01
   7.8412430e+06   2.8808594e+01
   7.8412910e+06   2.8686523e+01
   7.8413700e+06   2.7770996e+01
   7.8414390e+06   2.7770996e+01
   7.8420350e+06   2.9296875e+01
   7.8520050e+06   2.7221680e+01
   7.9815760e+06   2.7587891e+01
   7.9817100e+06   2.7038574e+01
   7.9817720e+06   3.0212402e+01
   7.9817840e+06   2.8869629e+01
   7.9818230e+06   2.8320313e+01
   7.9818450e+06   3.0639648e+01
   7.9819040e+06   2.7526855e+01
   7.9819840e+06   2.7648926e+01
   7.9844240e+06   2.6916504e+01
   8.1138020e+06   2.6916504e+01
   8.1138430e+06   2.6977539e+01
   8.1138920e+06   3.0700684e+01
   8.1139670e+06   2.9235840e+01
   8.1140570e+06   2.9357910e+01
   8.1141370e+06   2.7465820e+01
   8.1167700e+06   2.8381348e+01
   8.2489530e+06   3.0212402e+01
   8.2490310e+06   2.7893066e+01
   8.2490680e+06   2.7954102e+01
   8.2491590e+06   2.9479980e+01
   8.2493840e+06   2.9296875e+01
   8.2494710e+06   2.9174805e+01
   8.2497130e+06   3.2043457e+01
   8.4110660e+06   3.2470703e+01
   8.4111710e+06   3.4729004e+01
   8.4112220e+06   2.8442383e+01
   8.4113880e+06   3.0212402e+01
   8.5433790e+06   2.7648926e+01
   8.5433990e+06   2.8503418e+01
   8.5434370e+06   3.3325195e+01
   8.5434570e+06   2.8503418e+01
   8.5435390e+06   3.1188965e+01
   8.5461370e+06   2.8686523e+01
   8.6600070e+06   3.4240723e+01
   8.6600200e+06   2.9479980e+01
   8.6600440e+06   3.0517578e+01
   8.6600640e+06   2.6977539e+01
   8.6600840e+06   2.7221680e+01
   8.6601210e+06   3.0883789e+01
   8.6601470e+06   2.7465820e+01
   8.6601880e+06   3.0151367e+01
   8.6713980e+06   2.7526855e+01
   8.7877800e+06   3.1616211e+01
   8.7877990e+06   2.7038574e+01
   8.7879280e+06   2.9479980e+01
   8.7880740e+06   2.8686523e+01
   8.7881080e+06   2.8259277e+01
   8.7894130e+06   3.2043457e+01
   8.7908340e+06   2.8076172e+01
   8.9337040e+06   3.3142090e+01
   8.9338050e+06   3.3142090e+01
   8.9340080e+06   2.9113770e+01
   8.9341800e+06   3.0273438e+01
   8.9357760e+06   3.0151367e+01
   8.9359800e+06   2.7160645e+01
   8.9379510e+06   2.7099609e+01
   9.0671250e+06   2.8137207e+01
   9.0671630e+06   3.0700684e+01
   9.0673390e+06   2.8930664e+01
   9.0673600e+06   2.9113770e+01
   9.0674070e+06   2.8137207e+01
   9.0674800e+06   3.2897949e+01
   9.0687330e+06   3.3874512e+01
   9.0690700e+06   2.7160645e+01
   9.0705430e+06   2.7038574e+01
   9.0737000e+06   2.9418945e+01
   9.1935770e+06   2.8320313e+01
   9.1936420e+06   2.8808594e+01
   9.1937340e+06   2.8808594e+01
   9.1937930e+06   3.0700684e+01
   9.1938360e+06   2.7160645e+01
   9.1939290e+06   3.1921387e+01
   9.1940410e+06   3.0578613e+01
   9.1952340e+06   2.8198242e+01
   9.3103160e+06   2.8381348e+01
   9.3103810e+06   3.0151367e+01
   9.3104130e+06   2.8137207e+01
   9.3104550e+06   2.8015137e+01
   9.3104730e+06   3.6682129e+01
   9.3105600e+06   2.7343750e+01
   9.3105810e+06   2.7709961e+01
   9.3106530e+06   3.2043457e+01
   9.3106860e+06   3.1860352e+01
   9.3116580e+06   2.8137207e+01
   9.3124560e+06   3.0578613e+01
   9.4426410e+06   2.7893066e+01
   9.4427330e+06   2.7160645e+01
   9.4427730e+06   2.8137207e+01
   9.4428730e+06   3.0090332e+01
   9.4429710e+06   3.0883789e+01
   9.4430210e+06   2.7465820e+01
   9.4440180e+06   3.0334473e+01
   9.5749950e+06   2.9357910e+01
   9.5750370e+06   3.0517578e+01
   9.5751370e+06   2.8137207e+01
   9.5752330e+06   2.7893066e+01
   9.5752720e+06   2.7221680e+01
   9.7116200e+06   2.8076172e+01
   9.7117730e+06   3.4484863e+01
   9.7117960e+06   2.8564453e+01
   9.7120230e+06   2.8686523e+01
   9.7123190e+06   2.7526855e+01
   9.8684470e+06   2.9113770e+01
   9.8684830e+06   2.7404785e+01
   9.8685310e+06   2.9235840e+01
   9.8687980e+06   2.8686523e+01
   9.8689870e+06   2.6916504e+01
   9.8712940e+06   2.7648926e+01
   9.8717460e+06   2.7709961e+01
   1.0048507e+07   3.0578613e+01
   1.0048535e+07   2.8686523e+01
   1.0048619e+07   2.8503418e+01
   1.0048649e+07   2.7099609e+01
   1.0048669e+07   2.8686523e+01
   1.0048690e+07   2.7404785e+01
   1.0048799e+07   3.0090332e+01
   1.0048890e+07   3.2470703e+01
   1.0048960e+07   2.8503418e+01
   1.0210804e+07   2.8381348e+01
   1.0210913e+07   3.0822754e+01
   1.0210931e+07   2.9296875e+01
   1.0210954e+07   3.1616211e+01
   1.0211207e+07   2.8381348e+01
   1.0221040e+07   2.9418945e+01
   1.0346050e+07   2.9602051e+01
   1.0346211e+07   2.6916504e+01
   1.0346331e+07   2.7770996e+01
   1.0362856e+07   2.7343750e+01
   1.0470457e+07   2.7160645e+01
   1.0470493e+07   2.8503418e+01
   1.0470677e+07   2.9418945e+01
   1.0470719e+07   2.8625488e+01
   1.0470820e+07   3.1494141e+01
   1.0470852e+07   3.1250000e+01
   1.0470969e+07   2.7832031e+01
   1.0472222e+07   2.8808594e+01
   1.0472867e+07   2.7954102e+01
   1.0473078e+07   2.9785156e+01
   1.0473355e+07   2.8808594e+01
   1.0486555e+07   2.8991699e+01
   1.0582220e+07   2.7648926e+01
   1.0582315e+07   2.7038574e+01
   1.0582325e+07   2.9296875e+01
   1.0582469e+07   2.9357910e+01
   1.0582492e+07   2.9479980e+01
   1.0582535e+07   2.7099609e+01
   1.0725833e+07   3.0029297e+01
   1.0725903e+07   2.8564453e+01
   1.0725947e+07   3.3020020e+01
   1.0726026e+07   2.8137207e+01
   1.0726159e+07   2.8991699e+01
   1.0727108e+07   3.0456543e+01
   1.0733859e+07   2.6977539e+01
   1.0848366e+07   2.7343750e+01
   1.0985242e+07   2.7709961e+01
   1.0985292e+07   2.7709961e+01
   1.0985342e+07   2.9663086e+01
   1.0985480e+07   2.8320313e+01
   1.0985543e+07   3.1372070e+01
   1.0985959e+07   3.2287598e+01
   1.0988168e+07   2.7465820e+01
   1.1111464e+07   2.7282715e+01
   1.1111536e+07   3.0395508e+01
   1.1111596e+07   2.8808594e+01
   1.1111656e+07   2.9785156e+01
   1.1111703e+07   2.8747559e+01
   1.1111723e+07   3.3264160e+01
   1.1111901e+07   3.3081055e+01
   1.1112052e+07   2.7893066e+01
   1.1244447e+07   2.9113770e+01
   1.1244577e+07   3.0151367e+01
   1.1244625e+07   2.8503418e+01
   1.1244771e+07   2.9479980e+01
   1.1401126e+07   2.7770996e+01
   1.1402175e+07   2.7893066e+01
   1.1403112e+07   2.8015137e+01
   1.1521652e+07   2.8381348e+01
   1.1521684e+07   3.0334473e+01
   1.1523084e+07   3.1066895e+01
   1.1615231e+07   3.0273438e+01
   1.1615314e+07   2.7587891e+01
   1.1615363e+07   2.7099609e+01
   1.1765703e+07   3.1311035e+01
   1.1765765e+07   3.1616211e+01
   1.1765823e+07   2.9052734e+01
   1.1765958e+07   2.9113770e+01
   1.1766214e+07   2.7282715e+01
   1.1768149e+07   2.7709961e+01
   1.1869742e+07   2.8137207e+01
   1.1869763e+07   2.8076172e+01
   1.1869795e+07   3.1066895e+01
   1.1869827e+07   2.7343750e+01
   1.1869861e+07   2.7587891e+01
   1.1869881e+07   2.9785156e+01
   1.1869903e+07   2.7648926e+01
   1.1870050e+07   2.8320313e+01
   1.1870092e+07   2.9541016e+01
