   1.1996000e+07   0.0000000e+00
   8.5934000e+04   1.0552979e+02
   8.5968000e+04   3.2043457e+01
   8.6005000e+04   3.4118652e+01
   1.1509500e+05   9.0209961e+01
   1.1510500e+05   2.7099609e+01
   1.1515700e+05   2.8808594e+01
   1.1518800e+05   2.8320313e+01
   1.2402900e+05   1.0424805e+02
   1.2407500e+05   2.7404785e+01
   1.2409100e+05   4.3884277e+01
   1.2415900e+05   2.7893066e+01
   1.3170900e+05   2.6306152e+01
   1.3176500e+05   1.1584473e+02
   1.3185800e+05   5.6823730e+01
   1.3187500e+05   2.6062012e+01
   1.3193200e+05   3.0578613e+01
   1.4000800e+05   2.8564453e+01
   1.4005500e+05   9.2285156e+01
   1.4012400e+05   5.3710938e+01
   1.4017700e+05   2.7038574e+01
   1.4069900e+05   6.0913086e+01
   1.5003200e+05   8.7219238e+01
   1.5010000e+05   4.7668457e+01
   1.5909700e+05   9.3078613e+01
   1.5916700e+05   5.9387207e+01
   1.5923800e+05   3.3020020e+01
   1.6753100e+05   9.5275879e+01
   1.6760200e+05   5.3039551e+01
   1.6769200e+05   3.8696289e+01
   1.7961500e+05   2.8259277e+01
   1.7967700e+05   4.2297363e+01
   1.9321100e+05   9.3994141e+01
   1.9322200e+05   2.8991699e+01
   1.9328000e+05   4.3945313e+01
   2.0383000e+05   1.1083984e+02
   2.0389500e+05   3.7475586e+01
   2.0392100e+05   2.5512695e+01
   2.0398000e+05   2.8869629e+01
   2.0401200e+05   2.8747559e+01
   2.1618800e+05   9.8876953e+01
   2.1624600e+05   3.9550781e+01
   2.8013000e+05   2.9907227e+01
   2.8017800e+05   4.3518066e+01
   2.8020800e+05   2.7526855e+01
   2.8025400e+05   2.5634766e+01
   2.8026600e+05   2.8564453e+01
   2.8032300e+05   2.6428223e+01
   4.2514900e+05   9.9365234e+01
   4.2522800e+05   7.7819824e+01
   5.6984700e+05   1.0046387e+02
   5.6990900e+05   5.4138184e+01
   5.6995400e+05   2.7587891e+01
   6.1053200e+05   1.0784912e+02
   6.1054400e+05   2.6550293e+01
   6.1062600e+05   6.7993164e+01
   6.1121600e+05   9.1735840e+01
   7.3899400e+05   9.0026855e+01
   7.3900900e+05   2.5695801e+01
   7.3905600e+05   4.7790527e+01
   7.3907300e+05   2.8320313e+01
   7.3913800e+05   2.9052734e+01
   7.5680000e+05   9.6008301e+01
   7.5681100e+05   2.7954102e+01
   7.5687000e+05   4.4006348e+01
   7.5688600e+05   3.4606934e+01
   7.8397300e+05   2.6550293e+01
   7.8398700e+05   1.0913086e+02
   7.8404200e+05   4.3090820e+01
   8.9820900e+05   9.0393066e+01
   8.9837200e+05   7.9467773e+01
   8.9856300e+05   6.1767578e+01
   8.9887300e+05   7.3913574e+01
   9.4655200e+05   2.6794434e+01
   9.4658500e+05   3.1860352e+01
   9.4662400e+05   3.3081055e+01
   9.4663500e+05   2.8015137e+01
   1.0149210e+06   9.4848633e+01
   1.0149870e+06   4.8767090e+01
   1.0150010e+06   2.6794434e+01
   1.0566550e+06   9.9548340e+01
   1.0567680e+06   7.7270508e+01
   1.0568750e+06   4.2114258e+01
   1.0569720e+06   3.1066895e+01
   1.0570980e+06   2.5634766e+01
   1.0922260e+06   9.5581055e+01
   1.0927010e+06   9.4116211e+01
   1.0930270e+06   7.2631836e+01
   1.1665910e+06   9.9792480e+01
   1.2344380e+06   1.0412598e+02
   1.2344530e+06   2.8808594e+01
   1.2345910e+06   9.0026855e+01
   1.2349080e+06   7.9406738e+01
   1.2633520e+06   1.1004639e+02
   1.2634080e+06   5.1818848e+01
   1.2732500e+06   2.7038574e+01
   1.2733110e+06   9.6008301e+01
   1.2733760e+06   5.7006836e+01
   1.2734330e+06   2.7404785e+01
   1.2746860e+06   4.0100098e+01
   1.2827380e+06   1.0192871e+02
   1.2827560e+06   3.0395508e+01
   1.2828090e+06   4.9987793e+01
   1.2901970e+06   9.4177246e+01
   1.2903030e+06   6.7260742e+01
   1.2903770e+06   2.8625488e+01
   1.2978190e+06   8.7707520e+01
   1.2979020e+06   5.3955078e+01
   1.3054160e+06   9.3566895e+01
   1.3054410e+06   2.5329590e+01
   1.3055390e+06   6.5185547e+01
   1.3056220e+06   2.7832031e+01
   1.3131180e+06   9.1186523e+01
   1.3131440e+06   2.6123047e+01
   1.3132070e+06   4.6264648e+01
   1.3132980e+06   3.0151367e+01
   1.3238820e+06   3.1860352e+01
   1.3239490e+06   4.9804688e+01
   1.3333110e+06   8.6059570e+01
   1.3333770e+06   6.0974121e+01
   1.3334590e+06   3.0151367e+01
   1.3428390e+06   9.1979980e+01
   1.3429090e+06   5.4016113e+01
   1.3429840e+06   3.2653809e+01
   1.3527390e+06   2.7282715e+01
   1.3527830e+06   9.6740723e+01
   1.3528560e+06   2.8564453e+01
   1.3529510e+06   3.5522461e+01
   1.3633900e+06   9.0454102e+01
   1.3634130e+06   2.7038574e+01
   1.3634510e+06   5.2001953e+01
   1.3635400e+06   2.8381348e+01
   1.3743880e+06   9.9182129e+01
   1.3744590e+06   6.2866211e+01
   1.3745250e+06   2.5695801e+01
   1.4972240e+06   9.8205566e+01
   1.4972870e+06   4.8034668e+01
   1.4973060e+06   2.7893066e+01
   1.4973880e+06   3.0395508e+01
   1.6652310e+06   8.6303711e+01
   1.6652920e+06   5.8898926e+01
   1.6653040e+06   2.6672363e+01
   1.6653590e+06   3.4545898e+01
   1.7442150e+06   1.0119629e+02
   1.7442680e+06   4.4372559e+01
   1.7443030e+06   2.9296875e+01
   1.7623060e+06   1.0852051e+02
   1.7623410e+06   4.6020508e+01
   1.7623720e+06   4.3029785e+01
   1.7727900e+06   9.3994141e+01
   1.7728070e+06   2.6062012e+01
   1.7728560e+06   5.3222656e+01
   1.7841690e+06   3.4545898e+01
   1.7842330e+06   3.7353516e+01
   1.7929290e+06   3.2470703e+01
   1.7930190e+06   6.8115234e+01
   1.7930430e+06   2.7099609e+01
   1.7931080e+06   5.2673340e+01
   1.7931270e+06   2.6489258e+01
   1.7934790e+06   2.7221680e+01
   1.8020840e+06   1.0009766e+02
   1.8020990e+06   3.0151367e+01
   1.8021770e+06   6.5795898e+01
   1.8022630e+06   3.5217285e+01
   1.8137680e+06   8.7707520e+01
   1.8138340e+06   4.8950195e+01
   1.8139060e+06   3.3874512e+01
   1.8282720e+06   8.5327148e+01
   1.8283410e+06   4.5532227e+01
   1.8289230e+06   4.3518066e+01
   1.8419710e+06   2.5329590e+01
   1.8420470e+06   4.7729492e+01
   1.8421050e+06   2.9174805e+01
   1.9686670e+06   9.5275879e+01
   1.9687290e+06   4.4616699e+01
   1.9687420e+06   2.8381348e+01
   1.9688070e+06   2.6672363e+01
   2.0703220e+06   9.6435547e+01
   2.0705130e+06   9.8144531e+01
   2.1345630e+06   8.4167480e+01
   2.2707470e+06   9.6435547e+01
   2.2707940e+06   2.8442383e+01
   2.2708270e+06   2.7038574e+01
   2.2708680e+06   2.6611328e+01
   2.3461530e+06   8.8562012e+01
   2.3461940e+06   3.8757324e+01
   2.3462080e+06   3.4484863e+01
   2.3462350e+06   2.6733398e+01
   2.3588200e+06   9.1064453e+01
   2.3588780e+06   5.8410645e+01
   2.3700480e+06   9.1003418e+01
   2.3701040e+06   4.1015625e+01
   2.3701290e+06   2.5390625e+01
   2.3713260e+06   6.0974121e+01
   2.3803840e+06   9.4055176e+01
   2.3803970e+06   2.6428223e+01
   2.3804500e+06   4.3762207e+01
   2.3805300e+06   2.8686523e+01
   2.3805570e+06   2.7099609e+01
   2.3895380e+06   9.1979980e+01
   2.3895620e+06   2.5451660e+01
   2.3895920e+06   3.3081055e+01
   2.3896720e+06   3.0578613e+01
   2.3991020e+06   2.5634766e+01
   2.3991910e+06   1.0192871e+02
   2.3992030e+06   2.6000977e+01
   2.3992790e+06   5.2978516e+01
   2.4075700e+06   3.8940430e+01
   2.4075880e+06   2.6123047e+01
   2.4076330e+06   4.8217773e+01
   2.4076530e+06   2.5878906e+01
   2.4077140e+06   2.5878906e+01
   2.4077450e+06   2.6245117e+01
   2.4226810e+06   1.0388184e+02
   2.4227460e+06   3.8085938e+01
   2.4228220e+06   2.6611328e+01
   2.4383890e+06   8.7402344e+01
   2.4384530e+06   4.4006348e+01
   2.4385160e+06   2.7343750e+01
   2.4498810e+06   8.8745117e+01
   2.4499470e+06   4.4982910e+01
   2.4500850e+06   2.6550293e+01
   2.6676920e+06   1.0546875e+02
   2.6677730e+06   6.0852051e+01
   2.6677940e+06   2.6489258e+01
   2.6678470e+06   3.5339355e+01
   2.6678760e+06   2.5695801e+01
   2.7849600e+06   9.3139648e+01
   2.7849770e+06   2.7648926e+01
   2.7850470e+06   7.2509766e+01
   2.7851140e+06   2.6611328e+01
   2.9183620e+06   1.0113525e+02
   2.9184400e+06   5.4138184e+01
   2.9184620e+06   2.5939941e+01
   2.9185180e+06   3.1005859e+01
   2.9572130e+06   9.0820313e+01
   2.9572730e+06   4.7790527e+01
   2.9573450e+06   3.1616211e+01
   2.9574350e+06   2.7038574e+01
   2.9886210e+06   1.0235596e+02
   3.0229900e+06   8.6059570e+01
   3.0233600e+06   9.7900391e+01
   3.1129870e+06   1.0699463e+02
   3.1130670e+06   2.7282715e+01
   3.1131430e+06   3.6254883e+01
   3.1886240e+06   9.3078613e+01
   3.1887310e+06   7.8491211e+01
   3.1887520e+06   2.6367188e+01
   3.1888830e+06   7.1655273e+01
   3.1891220e+06   5.3283691e+01
   3.1893480e+06   3.9855957e+01
   3.2474090e+06   9.3139648e+01
   3.2474190e+06   2.9052734e+01
   3.2476370e+06   8.9599609e+01
   3.2480110e+06   8.3862305e+01
   3.2899940e+06   9.0759277e+01
   3.2900050e+06   2.7404785e+01
   3.2900730e+06   6.3476563e+01
   3.2901540e+06   3.3142090e+01
   3.3288150e+06   1.0131836e+02
   3.3288290e+06   3.1921387e+01
   3.3288900e+06   5.6335449e+01
   3.3289160e+06   2.8564453e+01
   3.3289850e+06   4.8339844e+01
   3.3290370e+06   2.8198242e+01
   3.3712900e+06   8.9355469e+01
   3.3713490e+06   2.9052734e+01
   3.3714160e+06   8.1665039e+01
   3.3715030e+06   4.3334961e+01
   3.3716480e+06   5.9570313e+01
   3.3717290e+06   2.5756836e+01
   3.4171160e+06   1.0052490e+02
   3.4171310e+06   2.5817871e+01
   3.4172600e+06   8.4533691e+01
   3.4174670e+06   8.2641602e+01
   3.4175480e+06   3.1860352e+01
   3.4176690e+06   2.7832031e+01
   3.4721760e+06   8.3374023e+01
   3.4722440e+06   4.9499512e+01
   3.4723220e+06   3.1188965e+01
   3.4724100e+06   2.7770996e+01
   3.5025550e+06   8.9172363e+01
   3.5026310e+06   6.9580078e+01
   3.5027340e+06   6.7321777e+01
   3.5028940e+06   7.2509766e+01
   3.5029170e+06   3.2775879e+01
   3.5030050e+06   2.7770996e+01
   3.5804140e+06   9.2468262e+01
   3.5805030e+06   6.3293457e+01
   3.5806070e+06   5.8593750e+01
   3.5807520e+06   5.4077148e+01
   3.6186260e+06   9.3261719e+01
   3.6188500e+06   8.2946777e+01
   3.6188660e+06   2.7038574e+01
   3.6190880e+06   8.9416504e+01
   3.6192110e+06   6.0363770e+01
   3.6192290e+06   2.7343750e+01
   3.6750490e+06   8.9904785e+01
   3.6751120e+06   3.7719727e+01
   3.6753130e+06   2.9052734e+01
   3.6753680e+06   2.6123047e+01
   3.6851120e+06   1.0052490e+02
   3.6851270e+06   2.9296875e+01
   3.6851770e+06   4.6447754e+01
   3.6852450e+06   3.5034180e+01
   3.6934570e+06   9.0454102e+01
   3.6935380e+06   6.6345215e+01
   3.6936160e+06   3.1738281e+01
   3.6936490e+06   2.5817871e+01
   3.7018410e+06   9.7106934e+01
   3.7018620e+06   2.7893066e+01
   3.7019160e+06   2.6062012e+01
   3.7019370e+06   3.0212402e+01
   3.7019890e+06   3.0578613e+01
   3.7092760e+06   9.3688965e+01
   3.7093440e+06   2.5451660e+01
   3.7093960e+06   7.3974609e+01
   3.7094790e+06   3.5827637e+01
   3.7095070e+06   2.9724121e+01
   3.7170660e+06   2.8076172e+01
   3.7170990e+06   2.7709961e+01
   3.7171390e+06   6.4086914e+01
   3.7275680e+06   8.8562012e+01
   3.7276320e+06   5.2795410e+01
   3.7277070e+06   2.7099609e+01
   3.7277800e+06   2.6550293e+01
   3.7377640e+06   9.2163086e+01
   3.7378450e+06   4.9133301e+01
   3.7378910e+06   3.0090332e+01
   3.7483240e+06   2.6733398e+01
   3.7483760e+06   1.0107422e+02
   3.7484370e+06   4.7485352e+01
   3.7485160e+06   3.6926270e+01
   3.7589130e+06   3.7780762e+01
   3.7589920e+06   5.5175781e+01
   3.7590750e+06   2.6672363e+01
   3.7714910e+06   9.4238281e+01
   3.7715610e+06   4.9255371e+01
   3.7849930e+06   9.1308594e+01
   3.7850620e+06   5.2307129e+01
   3.7851430e+06   2.9907227e+01
   3.8031480e+06   8.8256836e+01
   3.8031670e+06   2.9602051e+01
   3.8032100e+06   5.2673340e+01
   3.8032740e+06   2.5878906e+01
   3.8189600e+06   2.6733398e+01
   3.8190280e+06   4.4738770e+01
   3.8191090e+06   2.6428223e+01
   3.8316390e+06   8.5571289e+01
   3.8317070e+06   2.5512695e+01
   3.8318050e+06   3.5888672e+01
   3.8320390e+06   2.6794434e+01
   4.1404250e+06   1.1267090e+02
   4.1404920e+06   5.4931641e+01
   4.2941880e+06   8.9294434e+01
   4.2942030e+06   2.8991699e+01
   4.2942770e+06   6.2988281e+01
   4.2943510e+06   2.5817871e+01
   4.2943650e+06   3.3264160e+01
   4.3763850e+06   8.7768555e+01
   4.3764790e+06   6.5368652e+01
   4.3765410e+06   2.5512695e+01
   4.3765910e+06   4.0405273e+01
   4.3768290e+06   3.1616211e+01
   4.3882230e+06   9.6435547e+01
   4.3882810e+06   3.9733887e+01
   4.3883740e+06   2.8015137e+01
   4.3975230e+06   8.8012695e+01
   4.3975370e+06   2.9235840e+01
   4.3976110e+06   5.9448242e+01
   4.4091580e+06   1.0406494e+02
   4.4092160e+06   4.8278809e+01
   4.4195810e+06   1.0473633e+02
   4.4196440e+06   4.6691895e+01
   4.4197210e+06   2.5939941e+01
   4.4295430e+06   9.3933105e+01
   4.4296270e+06   5.8837891e+01
   4.4297490e+06   2.5634766e+01
   4.4423290e+06   1.0742187e+02
   4.4423930e+06   4.9499512e+01
   4.4424080e+06   2.6367188e+01
   4.4424650e+06   2.7343750e+01
   4.4427580e+06   2.8869629e+01
   4.4541850e+06   9.2285156e+01
   4.4542220e+06   2.5878906e+01
   4.4542610e+06   5.9814453e+01
   4.4543430e+06   3.4118652e+01
   4.4546600e+06   2.7709961e+01
   4.4668560e+06   8.5693359e+01
   4.4669350e+06   4.8278809e+01
   4.4670140e+06   2.6428223e+01
   4.4799310e+06   2.5817871e+01
   4.4800030e+06   4.5837402e+01
   4.4801240e+06   3.9611816e+01
   4.4805310e+06   5.3588867e+01
   4.6761780e+06   2.6977539e+01
   4.6762310e+06   3.1738281e+01
   4.8569990e+06   9.5520020e+01
   4.8570470e+06   3.3081055e+01
   4.8570980e+06   2.5329590e+01
   4.9825730e+06   2.5573730e+01
   4.9837450e+06   1.0144043e+02
   4.9838090e+06   4.8156738e+01
   4.9838400e+06   2.8503418e+01
   4.9838980e+06   3.8269043e+01
   4.9840390e+06   2.6123047e+01
   5.1698610e+06   2.7343750e+01
   5.1699160e+06   3.6682129e+01
   5.1699450e+06   2.6550293e+01
   5.1699920e+06   2.8747559e+01
   5.3697100e+06   1.0241699e+02
   5.3697210e+06   3.5339355e+01
   5.3697710e+06   4.3029785e+01
   5.3697970e+06   2.6123047e+01
   5.3698240e+06   2.8137207e+01
   5.4825030e+06   9.7534180e+01
   5.4825910e+06   5.8410645e+01
   5.4826250e+06   3.0090332e+01
   5.4826510e+06   2.7709961e+01
   5.4829460e+06   2.7770996e+01
   5.6439310e+06   9.6801758e+01
   5.6439590e+06   2.7587891e+01
   5.6439940e+06   5.3894043e+01
   5.6440190e+06   2.8991699e+01
   5.6440310e+06   2.5878906e+01
   5.6440600e+06   2.6489258e+01
   5.8010990e+06   1.1175537e+02
   5.8011410e+06   2.6367187e+01
   5.8213140e+06   2.6123047e+01
   5.8213730e+06   1.0736084e+02
   5.8213970e+06   2.9907227e+01
   5.8214270e+06   4.6630859e+01
   5.8214380e+06   2.6123047e+01
   5.8214950e+06   2.7893066e+01
   5.8215200e+06   2.6916504e+01
   5.8228670e+06   5.4809570e+01
   5.8230820e+06   4.7241211e+01
   5.8328330e+06   9.4421387e+01
   5.8328920e+06   5.7739258e+01
   5.8339280e+06   4.7729492e+01
   5.8426160e+06   1.0125732e+02
   5.8426830e+06   4.7607422e+01
   5.8504580e+06   8.6730957e+01
   5.8505260e+06   5.5175781e+01
   5.8513460e+06   3.4423828e+01
   5.8603450e+06   9.2529297e+01
   5.8604130e+06   5.0415039e+01
   5.8604660e+06   2.8991699e+01
   5.8725050e+06   1.0577393e+02
   5.8725840e+06   7.0007324e+01
   5.8726680e+06   3.1188965e+01
   5.8727520e+06   2.6550293e+01
   5.8851140e+06   8.5449219e+01
   5.8851840e+06   5.7617188e+01
   5.8852660e+06   2.6306152e+01
   6.1289480e+06   9.4970703e+01
   6.1289590e+06   3.3813477e+01
   6.1290210e+06   5.8166504e+01
   6.3154330e+06   2.6489258e+01
   6.3154570e+06   2.6428223e+01
   6.3155070e+06   4.5043945e+01
   6.3155700e+06   2.7526855e+01
   6.4389930e+06   2.5695801e+01
   6.4390110e+06   3.1372070e+01
   6.4390650e+06   5.7373047e+01
   6.4391450e+06   2.7343750e+01
   6.4392500e+06   2.7526855e+01
   6.5544070e+06   1.0430908e+02
   6.5544660e+06   4.5227051e+01
   6.5545730e+06   3.2592773e+01
   6.5546640e+06   2.7465820e+01
   6.5547670e+06   2.5390625e+01
   6.7320400e+06   9.5764160e+01
   6.7321020e+06   4.0649414e+01
   6.7324690e+06   2.5512695e+01
   6.9411710e+06   9.4299316e+01
   6.9411850e+06   2.7648926e+01
   6.9412320e+06   4.8583984e+01
   6.9414520e+06   2.6611328e+01
   7.0480750e+06   1.0180664e+02
   7.0481400e+06   4.9682617e+01
   7.0482270e+06   2.7038574e+01
   7.1845710e+06   9.6069336e+01
   7.1846280e+06   4.6142578e+01
   7.1846770e+06   2.5878906e+01
   7.3187590e+06   8.7524414e+01
   7.3188290e+06   6.5246582e+01
   7.3191400e+06   2.8625488e+01
   7.4395820e+06   1.0351563e+02
   7.4395990e+06   2.6000977e+01
   7.4396220e+06   2.8503418e+01
   7.4396510e+06   4.9560547e+01
   7.4397400e+06   2.8076172e+01
   7.4398410e+06   2.7465820e+01
   7.4398700e+06   2.5390625e+01
   7.5666310e+06   9.9182129e+01
   7.5667060e+06   7.2692871e+01
   7.5667730e+06   3.3020020e+01
   7.5667950e+06   2.8808594e+01
   7.5669440e+06   2.5756836e+01
   7.6798170e+06   9.8510742e+01
   7.6798270e+06   2.6062012e+01
   7.6798820e+06   5.9020996e+01
   7.6799230e+06   2.5634766e+01
   7.8409600e+06   1.0144043e+02
   7.8409750e+06   2.5329590e+01
   7.8410260e+06   5.4809570e+01
   7.8410920e+06   2.8015137e+01
   7.8412640e+06   2.8198242e+01
   7.9815390e+06   9.3872070e+01
   7.9816090e+06   5.8471680e+01
   7.9816780e+06   3.0212402e+01
   7.9816970e+06   2.7893066e+01
   7.9818940e+06   2.8503418e+01
   8.1136380e+06   9.6374512e+01
   8.1136500e+06   2.7832031e+01
   8.1137040e+06   4.9804688e+01
   8.1137740e+06   3.3752441e+01
   8.1137920e+06   2.6062012e+01
   8.1139880e+06   2.8625488e+01
   8.2488900e+06   8.8317871e+01
   8.2489570e+06   4.7851563e+01
   8.2489770e+06   2.6916504e+01
   8.2490160e+06   3.1738281e+01
   8.2492180e+06   2.6733398e+01
   8.4109180e+06   9.7351074e+01
   8.4109760e+06   5.5541992e+01
   8.4111110e+06   2.9418945e+01
   8.5433290e+06   8.8317871e+01
   8.5433910e+06   4.5593262e+01
   8.5434500e+06   2.8381348e+01
   8.5435060e+06   2.6428223e+01
   8.5436800e+06   2.5756836e+01
   8.6598640e+06   9.0148926e+01
   8.6598810e+06   3.0029297e+01
   8.6599380e+06   5.2429199e+01
   8.6599580e+06   3.1738281e+01
   8.7877420e+06   9.7473145e+01
   8.7878080e+06   4.9133301e+01
   8.9336860e+06   9.6313477e+01
   8.9336990e+06   2.9296875e+01
   8.9337460e+06   4.6691895e+01
   9.0670330e+06   9.4970703e+01
   9.0670460e+06   2.7404785e+01
   9.0670970e+06   4.4860840e+01
   9.0671370e+06   2.5329590e+01
   9.1935360e+06   9.8510742e+01
   9.1936020e+06   5.6640625e+01
   9.1936720e+06   2.7221680e+01
   9.1937190e+06   2.6000977e+01
   9.1938760e+06   2.6794434e+01
   9.3102500e+06   9.8327637e+01
   9.3103110e+06   4.4128418e+01
   9.3103420e+06   3.7597656e+01
   9.3103670e+06   3.1372070e+01
   9.4425120e+06   1.0180664e+02
   9.4425710e+06   4.5532227e+01
   9.4429890e+06   2.5878906e+01
   9.5748690e+06   8.2336426e+01
   9.5749320e+06   3.8940430e+01
   9.5751350e+06   2.5878906e+01
   9.7117080e+06   9.0393066e+01
   9.7117280e+06   2.8259277e+01
   9.7117680e+06   6.0852051e+01
   9.7118710e+06   2.8442383e+01
   9.8684260e+06   9.8999023e+01
   9.8684860e+06   4.2968750e+01
   1.0048359e+07   2.9907227e+01
   1.0048420e+07   4.1442871e+01
   1.0048460e+07   2.5451660e+01
   1.0048494e+07   2.7099609e+01
   1.0048662e+07   2.5329590e+01
   1.0210671e+07   1.0375977e+02
   1.0210688e+07   3.3020020e+01
   1.0210737e+07   4.7790527e+01
   1.0345969e+07   9.1918945e+01
   1.0346025e+07   4.1381836e+01
   1.0470351e+07   9.4299316e+01
   1.0470414e+07   7.4829102e+01
   1.0470491e+07   3.2043457e+01
   1.0582289e+07   1.0559082e+02
   1.0582348e+07   4.4677734e+01
   1.0582366e+07   2.6611328e+01
   1.0725790e+07   9.7778320e+01
   1.0725859e+07   5.2856445e+01
   1.0846916e+07   2.9663086e+01
   1.0846974e+07   4.4372559e+01
   1.0847263e+07   2.8381348e+01
   1.0984987e+07   8.6242676e+01
   1.0985056e+07   5.4809570e+01
   1.0985126e+07   2.7282715e+01
   1.1111432e+07   1.1083984e+02
   1.1111486e+07   4.6203613e+01
   1.1111524e+07   2.7832031e+01
   1.1244423e+07   8.6914062e+01
   1.1244490e+07   4.1748047e+01
   1.1244700e+07   2.6367188e+01
   1.1244724e+07   2.7221680e+01
   1.1400895e+07   9.9792480e+01
   1.1400948e+07   4.3334961e+01
   1.1400971e+07   3.2958984e+01
   1.1521277e+07   9.0637207e+01
   1.1521336e+07   4.0344238e+01
   1.1521401e+07   2.7954102e+01
   1.1615032e+07   3.6010742e+01
   1.1615097e+07   4.8339844e+01
   1.1615385e+07   2.6184082e+01
   1.1765598e+07   9.0759277e+01
   1.1765613e+07   3.0456543e+01
   1.1765651e+07   5.0903320e+01
   1.1765668e+07   2.6977539e+01
   1.1765713e+07   3.4973145e+01
   1.1869718e+07   8.5144043e+01
   1.1869781e+07   4.1320801e+01
   1.1869874e+07   2.5695801e+01
