   1.1996000e+07   0.0000000e+00
   2.1967000e+04   6.3842773e+01
   4.3733000e+04   5.0170898e+01
   5.9473000e+04   6.0485840e+01
   7.1781000e+04   7.1166992e+01
   1.0990000e+05   3.9062500e+01
   1.7863000e+05   5.2368164e+01
   1.9149900e+05   5.4870605e+01
   1.9186200e+05   4.3884277e+01
   1.9315900e+05   5.8105469e+01
   2.0435800e+05   3.6682129e+01
   2.0437200e+05   4.9926758e+01
   2.0448300e+05   3.4179688e+01
   2.4601400e+05   4.5593262e+01
   2.5082700e+05   6.4575195e+01
   2.5086800e+05   3.4301758e+01
   2.5145200e+05   4.0405273e+01
   2.5163100e+05   3.2836914e+01
   2.8540300e+05   7.7026367e+01
   3.0331800e+05   3.3630371e+01
   3.0337200e+05   4.2663574e+01
   3.0411800e+05   3.5522461e+01
   3.0436800e+05   3.4851074e+01
   3.1760400e+05   5.0964355e+01
   3.3228500e+05   5.3649902e+01
   3.3234500e+05   4.0283203e+01
   3.4385000e+05   4.1625977e+01
   3.7682100e+05   4.5837402e+01
   3.7686600e+05   4.6447754e+01
   3.7693300e+05   3.4240723e+01
   3.7764400e+05   3.3020020e+01
   3.7978600e+05   7.2082520e+01
   3.7986900e+05   3.6865234e+01
   3.9874200e+05   6.9274902e+01
   3.9884300e+05   3.2226563e+01
   4.1610200e+05   4.0161133e+01
   4.1613900e+05   3.2958984e+01
   4.1753700e+05   3.3630371e+01
   4.1953200e+05   4.3762207e+01
   4.3872200e+05   5.3833008e+01
   4.4173200e+05   4.3457031e+01
   4.7190100e+05   6.9152832e+01
   4.7194000e+05   3.4301758e+01
   4.7207100e+05   3.2348633e+01
   4.7683100e+05   5.0231934e+01
   4.7691000e+05   4.2053223e+01
   5.0801900e+05   6.2988281e+01
   5.0808200e+05   3.7475586e+01
   5.0899300e+05   3.7841797e+01
   5.6635600e+05   5.8593750e+01
   5.6639600e+05   3.8818359e+01
   5.6645100e+05   3.3752441e+01
   5.8074800e+05   5.2978516e+01
   5.8175800e+05   3.7841797e+01
   5.8435500e+05   5.2307129e+01
   5.8443700e+05   3.8269043e+01
   6.1619100e+05   5.3283691e+01
   6.3993000e+05   5.0170898e+01
   7.8503400e+05   5.3466797e+01
   7.9656800e+05   3.4851074e+01
   8.6628700e+05   3.3386230e+01
   9.3661200e+05   4.2480469e+01
   1.0121410e+06   5.2551270e+01
   1.0122270e+06   3.8818359e+01
   1.1466650e+06   3.5339355e+01
   1.2713680e+06   6.3537598e+01
   1.3345510e+06   5.8715820e+01
   1.3603830e+06   7.8247070e+01
   1.4005340e+06   5.0842285e+01
   1.4615460e+06   3.5034180e+01
   1.4722730e+06   4.2358398e+01
   1.5189450e+06   5.1452637e+01
   1.5451440e+06   5.0415039e+01
   1.5631930e+06   4.6875000e+01
   1.6146730e+06   3.3325195e+01
   1.6652600e+06   3.5644531e+01
   1.6774000e+06   7.3486328e+01
   1.6946370e+06   8.4533691e+01
   1.7120610e+06   4.9133301e+01
   1.7611630e+06   3.7292480e+01
   1.7627640e+06   4.7546387e+01
   1.8333530e+06   4.2907715e+01
   1.8333730e+06   4.1687012e+01
   1.8463160e+06   3.3569336e+01
   1.8588810e+06   3.3569336e+01
   1.9012260e+06   5.1391602e+01
   1.9224360e+06   6.1950684e+01
   1.9402260e+06   3.4484863e+01
   1.9549820e+06   5.6518555e+01
   2.0068570e+06   5.0781250e+01
   2.0439530e+06   5.8105469e+01
   2.0460680e+06   5.2734375e+01
   2.0463630e+06   4.8339844e+01
   2.0959630e+06   4.9621582e+01
   2.1059080e+06   3.2958984e+01
   2.1623230e+06   6.9213867e+01
   2.2050540e+06   3.5461426e+01
   2.2200000e+06   6.0241699e+01
   2.2579480e+06   4.3334961e+01
   2.3469350e+06   6.2683105e+01
   2.3970350e+06   5.2062988e+01
   2.4277050e+06   7.4035645e+01
   2.4470060e+06   4.5532227e+01
   2.4746140e+06   6.3476563e+01
   2.5816410e+06   4.9560547e+01
   2.6326250e+06   6.4453125e+01
   2.6661910e+06   3.2592773e+01
   2.7049950e+06   5.7128906e+01
   2.7582700e+06   5.2978516e+01
   2.8265630e+06   5.4321289e+01
   2.8275420e+06   6.5551758e+01
   2.8278810e+06   3.7170410e+01
   2.8281340e+06   5.3100586e+01
   2.8673980e+06   5.8044434e+01
   2.8674140e+06   3.4240723e+01
   2.9269540e+06   6.3415527e+01
   2.9349020e+06   6.4575195e+01
   2.9765970e+06   4.0710449e+01
   3.0064910e+06   7.7453613e+01
   3.0310820e+06   6.9458008e+01
   3.0723700e+06   4.4189453e+01
   3.0724900e+06   3.9916992e+01
   3.0961600e+06   6.1950684e+01
   3.0963810e+06   6.2622070e+01
   3.0969480e+06   4.8034668e+01
   3.1128500e+06   5.7006836e+01
   3.1366230e+06   4.7363281e+01
   3.1467520e+06   3.7780762e+01
   3.1575740e+06   4.6997070e+01
   3.2298570e+06   4.3518066e+01
   3.2923900e+06   4.6325684e+01
   3.2930030e+06   5.8471680e+01
   3.2933490e+06   4.4189453e+01
   3.2935260e+06   4.2663574e+01
   3.2938700e+06   3.8513184e+01
   3.2940600e+06   5.4077148e+01
   3.2942870e+06   3.5156250e+01
   3.2945440e+06   3.7231445e+01
   3.2946860e+06   3.2592773e+01
   3.2952940e+06   4.4311523e+01
   3.2955480e+06   3.7902832e+01
   3.2968430e+06   4.9011230e+01
   3.3530280e+06   5.3283691e+01
   3.3672330e+06   4.4982910e+01
   3.3672870e+06   3.5949707e+01
   3.3863330e+06   6.6833496e+01
   3.4176300e+06   3.4057617e+01
   3.4259960e+06   6.9213867e+01
   3.4511420e+06   5.9204102e+01
   3.4743060e+06   6.3232422e+01
   3.4875230e+06   5.6884766e+01
   3.5151270e+06   7.8308105e+01
   3.5275910e+06   4.0954590e+01
   3.5276430e+06   3.7475586e+01
   3.5824410e+06   4.5410156e+01
   3.6109650e+06   6.5734863e+01
   3.6110460e+06   4.2907715e+01
   3.6236910e+06   3.6682129e+01
   3.6583470e+06   6.0424805e+01
   3.8071840e+06   3.2653809e+01
   3.8183980e+06   6.1401367e+01
   3.9392960e+06   5.3588867e+01
   3.9393750e+06   3.4179688e+01
   3.9870320e+06   5.7678223e+01
   3.9878640e+06   5.5236816e+01
   4.0259000e+06   7.0190430e+01
   4.1113250e+06   3.6682129e+01
   4.1113840e+06   4.0039063e+01
   4.1419440e+06   3.5156250e+01
   4.1956450e+06   6.8420410e+01
   4.2037800e+06   4.8950195e+01
   4.2193090e+06   3.8574219e+01
   4.2194110e+06   4.7119141e+01
   4.2298790e+06   5.3588867e+01
   4.3145610e+06   5.1513672e+01
   4.3145880e+06   3.3081055e+01
   4.3146390e+06   4.2724609e+01
   4.3245490e+06   4.7546387e+01
   4.4655660e+06   5.4443359e+01
   4.4838360e+06   4.8645020e+01
   4.5086560e+06   3.3752441e+01
   4.5087090e+06   3.6743164e+01
   4.5091670e+06   5.3039551e+01
   4.5179160e+06   5.5603027e+01
   4.5435560e+06   4.8889160e+01
   4.5435700e+06   3.3142090e+01
   4.5479520e+06   3.3081055e+01
   4.5486250e+06   3.3752441e+01
   4.5491780e+06   4.9072266e+01
   4.5661390e+06   5.6762695e+01
   4.5662100e+06   5.9997559e+01
   4.5662940e+06   3.3935547e+01
   4.5665530e+06   3.2470703e+01
   4.5667800e+06   4.2907715e+01
   4.6016040e+06   5.2429199e+01
   4.6016710e+06   3.6621094e+01
   4.6017410e+06   4.5898438e+01
   4.6022320e+06   4.5654297e+01
   4.6023400e+06   3.5522461e+01
   4.6030400e+06   4.8950195e+01
   4.6127670e+06   6.3842773e+01
   4.6301870e+06   4.6630859e+01
   4.6302520e+06   3.8940430e+01
   4.6303150e+06   3.2409668e+01
   4.6303730e+06   3.3020020e+01
   4.6565950e+06   4.5532227e+01
   4.6581310e+06   4.3640137e+01
   4.6584310e+06   3.8513184e+01
   4.6587870e+06   3.2409668e+01
   4.6590710e+06   3.4118652e+01
   4.6760800e+06   3.8208008e+01
   4.6760910e+06   4.4799805e+01
   4.6762190e+06   4.6569824e+01
   4.6855150e+06   5.6762695e+01
   4.6973390e+06   5.1513672e+01
   4.7122120e+06   4.6325684e+01
   4.7122500e+06   3.4545898e+01
   4.7246240e+06   5.2246094e+01
   4.7391640e+06   5.3588867e+01
   4.7392390e+06   3.3935547e+01
   4.7506230e+06   4.4189453e+01
   4.7506670e+06   3.9428711e+01
   4.7622710e+06   6.3110352e+01
   4.7623200e+06   3.7902832e+01
   4.7640060e+06   3.5217285e+01
   4.7736060e+06   5.5053711e+01
   4.7839570e+06   3.7170410e+01
   4.7851260e+06   4.1931152e+01
   4.7951390e+06   5.9631348e+01
   4.8080510e+06   7.3181152e+01
   4.8081040e+06   4.1870117e+01
   4.8180780e+06   4.7851563e+01
   4.8286770e+06   5.1513672e+01
   4.8498440e+06   4.6386719e+01
   4.8666840e+06   4.1503906e+01
   4.8674960e+06   3.2348633e+01
   4.8703080e+06   3.9794922e+01
   4.9007640e+06   5.6030273e+01
   4.9008070e+06   3.3325195e+01
   4.9155490e+06   5.3405762e+01
   4.9156010e+06   3.2714844e+01
   4.9277050e+06   5.9020996e+01
   4.9277240e+06   3.4790039e+01
   4.9277610e+06   3.8330078e+01
   4.9384040e+06   3.4851074e+01
   4.9384670e+06   3.5034180e+01
   4.9385400e+06   3.3264160e+01
   4.9636690e+06   5.1757813e+01
   4.9637470e+06   5.4931641e+01
   4.9882500e+06   3.4301758e+01
   5.0204760e+06   5.7250977e+01
   5.0524620e+06   3.4057617e+01
   5.3299930e+06   4.7119141e+01
   5.5098720e+06   6.4392090e+01
   5.7535660e+06   5.8715820e+01
   5.7535850e+06   3.4545898e+01
   5.8056570e+06   5.0964355e+01
   5.9300320e+06   4.3273926e+01
   5.9465840e+06   5.2490234e+01
   5.9466300e+06   4.5654297e+01
   6.0298320e+06   3.6193848e+01
   6.1000650e+06   4.8767090e+01
   6.1632040e+06   4.9987793e+01
   6.2129200e+06   6.0546875e+01
   6.2273470e+06   5.2917480e+01
   6.2636870e+06   5.2795410e+01
   6.2862210e+06   6.1096191e+01
   6.3042220e+06   3.3264160e+01
   6.3225790e+06   5.2917480e+01
   6.3567700e+06   6.6406250e+01
   6.4052820e+06   5.6152344e+01
   6.4374040e+06   3.3935547e+01
   6.5301690e+06   3.3569336e+01
   6.5727530e+06   3.3569336e+01
   6.5839070e+06   4.7546387e+01
   6.5839750e+06   4.9377441e+01
   6.5939980e+06   6.8481445e+01
   6.5940250e+06   3.2409668e+01
   6.5940950e+06   4.3273926e+01
   6.6036300e+06   5.9997559e+01
   6.6157960e+06   6.0974121e+01
   6.6158340e+06   4.6264648e+01
   6.6165430e+06   3.6987305e+01
   6.6310990e+06   3.5156250e+01
   6.6311120e+06   5.1086426e+01
   6.6311570e+06   3.3935547e+01
   6.6411800e+06   3.9184570e+01
   6.6624320e+06   3.7719727e+01
   6.6624810e+06   3.8085938e+01
   6.6625340e+06   3.3569336e+01
   6.6638820e+06   3.2348633e+01
   6.6642330e+06   3.5583496e+01
   6.6710480e+06   6.3537598e+01
   6.6710960e+06   3.8452148e+01
   6.7044540e+06   5.1208496e+01
   6.7092650e+06   5.8715820e+01
   6.7381180e+06   4.7485352e+01
   6.7382120e+06   4.0649414e+01
   6.7511490e+06   5.0415039e+01
   6.7636760e+06   3.8085938e+01
   6.7642310e+06   3.9916992e+01
   6.7644470e+06   4.1931152e+01
   6.7785230e+06   5.8227539e+01
   6.7785920e+06   3.3325195e+01
   6.7791330e+06   3.2653809e+01
   6.7915880e+06   3.4851074e+01
   6.8065320e+06   3.2775879e+01
   6.8065790e+06   3.2470703e+01
   6.8080020e+06   3.2653809e+01
   6.8095050e+06   3.6071777e+01
   6.8262770e+06   5.2490234e+01
   6.8413930e+06   5.9936523e+01
   6.8414570e+06   3.3325195e+01
   6.8428170e+06   4.7241211e+01
   6.8473030e+06   5.9875488e+01
   6.8624910e+06   4.1259766e+01
   6.8625360e+06   3.7109375e+01
   6.8651260e+06   3.3020020e+01
   6.8770850e+06   4.8767090e+01
   6.8771340e+06   5.0292969e+01
   6.8781090e+06   3.2775879e+01
   6.8793260e+06   4.4067383e+01
   6.8914370e+06   6.1218262e+01
   6.8914800e+06   3.7109375e+01
   6.9066530e+06   7.1105957e+01
   6.9066960e+06   3.4301758e+01
   6.9214960e+06   3.6743164e+01
   6.9215430e+06   3.9245605e+01
   6.9226470e+06   4.0832520e+01
   6.9343540e+06   5.4138184e+01
   6.9343980e+06   3.4484863e+01
   6.9586050e+06   4.8339844e+01
   6.9587110e+06   4.5776367e+01
   6.9713880e+06   3.7414551e+01
   6.9715920e+06   3.5217285e+01
   6.9892740e+06   4.4799805e+01
   7.0378060e+06   3.6071777e+01
   7.0380010e+06   5.3710938e+01
   7.1197670e+06   3.5888672e+01
   7.1197780e+06   5.3955078e+01
   7.1628400e+06   5.7373047e+01
   7.2764060e+06   6.2194824e+01
   7.4362070e+06   4.9865723e+01
   7.4784980e+06   4.7058105e+01
   7.5328610e+06   4.8522949e+01
   7.5335690e+06   6.2011719e+01
   7.6104610e+06   4.8217773e+01
   7.7459770e+06   4.9804688e+01
   7.8344950e+06   6.4758301e+01
   7.8448340e+06   6.1340332e+01
   7.8865610e+06   3.2470703e+01
   7.9164360e+06   3.5583496e+01
   8.0523440e+06   5.9753418e+01
   8.0784440e+06   5.7495117e+01
   8.2195220e+06   3.3142090e+01
   8.2354920e+06   4.8095703e+01
   8.3867540e+06   3.8085938e+01
   8.4002960e+06   5.1757813e+01
   8.4003580e+06   4.5349121e+01
   8.4140710e+06   6.6040039e+01
   8.5016730e+06   5.2124023e+01
   8.5016850e+06   3.5949707e+01
   8.5639610e+06   6.1523438e+01
   8.5727090e+06   4.1992188e+01
   8.6374300e+06   6.5734863e+01
   8.6766580e+06   5.9448242e+01
   8.6866860e+06   3.7597656e+01
   8.7062170e+06   3.8452148e+01
   8.7569200e+06   3.6437988e+01
   8.8843880e+06   5.9326172e+01
   9.0681900e+06   7.2631836e+01
   9.6045660e+06   7.8002930e+01
   9.6311460e+06   4.8400879e+01
   9.7444890e+06   3.3081055e+01
   9.8496700e+06   5.0109863e+01
   1.0004931e+07   5.1513672e+01
   1.0041777e+07   5.7739258e+01
   1.0186861e+07   6.6711426e+01
   1.0196963e+07   4.3090820e+01
   1.0284156e+07   5.4626465e+01
   1.0303223e+07   3.9367676e+01
   1.0307153e+07   3.2653809e+01
   1.0314699e+07   4.5410156e+01
   1.0314752e+07   4.1198730e+01
   1.0352504e+07   6.4941406e+01
   1.0370452e+07   4.8400879e+01
   1.0379158e+07   5.0292969e+01
   1.0391239e+07   4.4616699e+01
   1.0391286e+07   3.8452148e+01
   1.0417212e+07   3.3752441e+01
   1.0417291e+07   4.2907715e+01
   1.0417379e+07   3.6621094e+01
   1.0423936e+07   4.6203613e+01
   1.0451656e+07   3.7231445e+01
   1.0451722e+07   3.6804199e+01
   1.0451782e+07   3.7902832e+01
   1.0455291e+07   3.2348633e+01
   1.0470267e+07   5.4809570e+01
   1.0470389e+07   4.2785645e+01
   1.0478664e+07   3.9550781e+01
   1.0478719e+07   3.5217285e+01
   1.0487002e+07   5.1391602e+01
   1.0496742e+07   4.6142578e+01
   1.0496786e+07   3.2958984e+01
   1.0497674e+07   3.3569336e+01
   1.0506791e+07   3.8269043e+01
   1.0506848e+07   3.3264160e+01
   1.0516735e+07   5.3466797e+01
   1.0516783e+07   3.4729004e+01
   1.0525059e+07   6.0852051e+01
   1.0525120e+07   3.8330078e+01
   1.0535055e+07   5.2551270e+01
   1.0544240e+07   4.5715332e+01
   1.0544283e+07   3.2409668e+01
   1.0544863e+07   3.2897949e+01
   1.0554502e+07   6.0668945e+01
   1.0564885e+07   5.0842285e+01
   1.0574593e+07   6.7138672e+01
   1.0583716e+07   3.9306641e+01
   1.0585350e+07   3.9367676e+01
   1.0592163e+07   3.3996582e+01
   1.0592207e+07   3.9245605e+01
   1.0600799e+07   4.8034668e+01
   1.0609810e+07   5.1025391e+01
   1.0610683e+07   3.6560059e+01
   1.0615587e+07   5.3344727e+01
   1.0623877e+07   5.7067871e+01
   1.0631257e+07   3.8452148e+01
   1.0631927e+07   3.3386230e+01
   1.0633544e+07   3.6437988e+01
   1.0642858e+07   4.2114258e+01
   1.0652154e+07   4.4799805e+01
   1.0652198e+07   3.7048340e+01
   1.0654778e+07   4.9499512e+01
   1.0662243e+07   4.9011230e+01
   1.0670265e+07   3.8391113e+01
   1.0671316e+07   3.6010742e+01
   1.0678562e+07   4.5898438e+01
   1.0686292e+07   3.2775879e+01
   1.0695455e+07   4.3090820e+01
   1.0695500e+07   3.8818359e+01
   1.0704540e+07   3.3691406e+01
   1.0704588e+07   3.2531738e+01
   1.0704645e+07   3.3630371e+01
   1.0712646e+07   4.9987793e+01
   1.0712700e+07   3.7048340e+01
   1.0724552e+07   3.3386230e+01
   1.0724599e+07   3.3203125e+01
   1.0733899e+07   5.9509277e+01
   1.0751017e+07   3.9550781e+01
   1.0751068e+07   4.2541504e+01
   1.0771722e+07   3.6376953e+01
   1.0771770e+07   3.9428711e+01
   1.0774314e+07   5.3771973e+01
   1.0852038e+07   6.1096191e+01
   1.1331114e+07   5.4138184e+01
   1.1350440e+07   6.7077637e+01
   1.1415729e+07   6.2927246e+01
   1.1631041e+07   3.3203125e+01
   1.1653664e+07   5.7556152e+01
   1.1718816e+07   5.3955078e+01
   1.1841415e+07   6.8786621e+01
   1.1888499e+07   3.4118652e+01
