   1.1996000e+07   0.0000000e+00
   3.7971900e+05   4.0649414e+01
   6.5305600e+05   3.9001465e+01
   2.1056960e+06   4.0039063e+01
   2.3541750e+06   3.6865234e+01
   3.7718190e+06   3.7902832e+01
   3.9868880e+06   3.8024902e+01
   4.4386930e+06   4.2053223e+01
   4.6971540e+06   3.7109375e+01
   4.8299460e+06   3.8574219e+01
   6.7044740e+06   3.9733887e+01
   8.0698460e+06   3.7414551e+01
   8.1051770e+06   3.8330078e+01
   8.6064310e+06   4.0161133e+01
   8.6939710e+06   3.9245605e+01
   8.8029730e+06   3.7231445e+01
   9.9748670e+06   3.7902832e+01
   1.0303338e+07   3.7109375e+01
   1.0724494e+07   3.7170410e+01
   1.1954477e+07   3.7536621e+01
