   1.1996000e+07   0.0000000e+00
   3.5072000e+04   4.7851563e+01
   7.0868000e+04   3.3325195e+01
   7.0943000e+04   3.9367676e+01
   7.1556000e+04   4.5715332e+01
   7.1831000e+04   4.1748047e+01
   1.0201200e+05   4.6020508e+01
   1.0988000e+05   3.3386230e+01
   1.0989400e+05   5.1208496e+01
   1.3155600e+05   3.7902832e+01
   1.5051400e+05   4.8278809e+01
   1.7863900e+05   3.8146973e+01
   1.9089700e+05   4.9438477e+01
   1.9116100e+05   4.0161133e+01
   1.9133700e+05   3.4362793e+01
   1.9150600e+05   3.3935547e+01
   1.9298600e+05   3.8757324e+01
   1.9317300e+05   4.2053223e+01
   2.0435700e+05   4.0771484e+01
   2.3475200e+05   4.0405273e+01
   2.4600500e+05   4.6691895e+01
   2.5082700e+05   4.1259766e+01
   2.8553200e+05   3.3325195e+01
   3.0329200e+05   3.3813477e+01
   3.0332100e+05   3.5095215e+01
   3.0336100e+05   3.6804199e+01
   3.0556900e+05   3.3447266e+01
   3.0605000e+05   3.4362793e+01
   3.1759100e+05   3.9367676e+01
   3.3228500e+05   4.0954590e+01
   3.3232800e+05   3.4301758e+01
   3.4383000e+05   3.3386230e+01
   3.7683300e+05   3.3691406e+01
   3.7975000e+05   3.9672852e+01
   4.1607800e+05   3.5461426e+01
   4.1615400e+05   3.4179688e+01
   4.1951400e+05   3.7292480e+01
   4.3870000e+05   3.6621094e+01
   4.7187700e+05   3.4484863e+01
   5.0799100e+05   3.8696289e+01
   5.2692100e+05   4.0466309e+01
   5.4580200e+05   3.6254883e+01
   5.8071600e+05   3.5095215e+01
   5.8437900e+05   4.1137695e+01
   5.8447700e+05   3.9123535e+01
   5.8461100e+05   3.6437988e+01
   6.1612100e+05   4.0222168e+01
   6.3985900e+05   3.4362793e+01
   7.5046800e+05   5.0659180e+01
   7.7607600e+05   4.8095703e+01
   7.8505400e+05   4.1259766e+01
   7.9658400e+05   4.7485352e+01
   8.0770200e+05   4.2785645e+01
   8.2330500e+05   3.7902832e+01
   8.2372400e+05   4.7546387e+01
   8.2408100e+05   4.5593262e+01
   8.2567800e+05   4.2968750e+01
   9.2012500e+05   6.0607910e+01
   9.6602800e+05   4.0954590e+01
   9.6623100e+05   3.6804199e+01
   9.6688300e+05   4.4555664e+01
   9.6731900e+05   4.2785645e+01
   9.6798900e+05   3.3752441e+01
   1.0121780e+06   4.1687012e+01
   1.0468470e+06   3.9733887e+01
   1.1120540e+06   4.4372559e+01
   1.1664550e+06   4.7119141e+01
   1.1667010e+06   4.7607422e+01
   1.1669010e+06   4.7424316e+01
   1.2187410e+06   3.4606934e+01
   1.2286850e+06   3.4179688e+01
   1.2713220e+06   5.3527832e+01
   1.2842760e+06   3.8879395e+01
   1.3491600e+06   5.1635742e+01
   1.3603640e+06   5.5664063e+01
   1.3884000e+06   4.3090820e+01
   1.4005590e+06   5.4992676e+01
   1.4115040e+06   4.5471191e+01
   1.4615420e+06   5.9387207e+01
   1.4722640e+06   4.5166016e+01
   1.4984380e+06   4.9377441e+01
   1.5190070e+06   4.1137695e+01
   1.5631390e+06   3.3935547e+01
   1.5955040e+06   5.1025391e+01
   1.6146580e+06   3.3386230e+01
   1.6298200e+06   3.5522461e+01
   1.6652670e+06   4.9438477e+01
   1.6773900e+06   3.4362793e+01
   1.6946340e+06   3.7963867e+01
   1.7120460e+06   3.8635254e+01
   1.7609220e+06   3.6499023e+01
   1.7611160e+06   3.3630371e+01
   1.7614430e+06   4.1931152e+01
   1.7618860e+06   3.4667969e+01
   1.7621810e+06   3.5278320e+01
   1.7624100e+06   3.7658691e+01
   1.7634820e+06   4.1809082e+01
   1.7987760e+06   3.7780762e+01
   1.8333660e+06   4.3090820e+01
   1.8463170e+06   6.1218262e+01
   1.8588820e+06   5.4382324e+01
   1.9224160e+06   5.4382324e+01
   1.9549950e+06   5.1391602e+01
   2.0068590e+06   3.8146973e+01
   2.0430920e+06   5.2978516e+01
   2.0433390e+06   4.5288086e+01
   2.0438190e+06   3.4973145e+01
   2.0443060e+06   4.4433594e+01
   2.0450210e+06   4.2114258e+01
   2.0469790e+06   3.6193848e+01
   2.0875640e+06   5.0903320e+01
   2.0959650e+06   4.7119141e+01
   2.1246460e+06   3.8818359e+01
   2.1623010e+06   4.6447754e+01
   2.1711010e+06   4.8278809e+01
   2.1934240e+06   4.6936035e+01
   2.2296560e+06   4.3151855e+01
   2.2559790e+06   3.9367676e+01
   2.2563350e+06   3.6132813e+01
   2.2571160e+06   4.9011230e+01
   2.2585800e+06   4.1076660e+01
   2.3065100e+06   3.7841797e+01
   2.3291290e+06   4.9377441e+01
   2.3394000e+06   5.1452637e+01
   2.3468310e+06   3.7414551e+01
   2.3817430e+06   4.1809082e+01
   2.3887860e+06   3.9184570e+01
   2.3970050e+06   3.4973145e+01
   2.4185440e+06   3.6010742e+01
   2.4277310e+06   4.6997070e+01
   2.4740480e+06   5.2246094e+01
   2.4744110e+06   3.5034180e+01
   2.4746200e+06   3.5339355e+01
   2.4754540e+06   3.6010742e+01
   2.4756700e+06   3.5034180e+01
   2.4762700e+06   3.5522461e+01
   2.5523030e+06   3.5766602e+01
   2.5815610e+06   3.4790039e+01
   2.6326080e+06   4.1381836e+01
   2.6538820e+06   5.3588867e+01
   2.6662220e+06   4.1381836e+01
   2.7050000e+06   3.5400391e+01
   2.7947160e+06   3.4057617e+01
   2.8144660e+06   4.7546387e+01
   2.8155380e+06   4.6081543e+01
   2.8170630e+06   4.4311523e+01
   2.8171780e+06   3.8696289e+01
   2.8268700e+06   4.4738770e+01
   2.8275050e+06   3.5583496e+01
   2.8277460e+06   4.0649414e+01
   2.9057590e+06   4.6142578e+01
   2.9349130e+06   3.7536621e+01
   3.0064690e+06   3.6987305e+01
   3.0955770e+06   3.7048340e+01
   3.0959450e+06   3.8635254e+01
   3.0967700e+06   4.3090820e+01
   3.0969580e+06   3.3508301e+01
   3.1466600e+06   4.2602539e+01
   3.2913710e+06   4.6447754e+01
   3.2916440e+06   3.4423828e+01
   3.2918440e+06   3.8818359e+01
   3.2928090e+06   3.5766602e+01
   3.2933040e+06   3.3569336e+01
   3.2940470e+06   3.3447266e+01
   3.3450430e+06   4.0588379e+01
   3.3530290e+06   4.4006348e+01
   3.3672490e+06   3.3935547e+01
   3.3863380e+06   4.2297363e+01
   3.4743230e+06   3.6743164e+01
   3.5151160e+06   5.9020996e+01
   3.5276000e+06   3.9916992e+01
   3.5824730e+06   4.8034668e+01
   3.6109780e+06   4.0466309e+01
   3.6237160e+06   3.3569336e+01
   3.7250790e+06   4.2724609e+01
   3.7409870e+06   3.6743164e+01
   3.8183690e+06   4.5715332e+01
   3.9044570e+06   4.3579102e+01
   3.9862220e+06   3.8208008e+01
   3.9868550e+06   5.0415039e+01
   3.9870340e+06   4.0527344e+01
   3.9878990e+06   3.6132813e+01
   3.9884990e+06   3.4057617e+01
   3.9888660e+06   3.9733887e+01
   3.9892800e+06   3.3569336e+01
   4.0259010e+06   3.4362793e+01
   4.0472990e+06   4.7424316e+01
   4.1113290e+06   4.2297363e+01
   4.1831010e+06   5.0842285e+01
   4.2037820e+06   3.8208008e+01
   4.3145680e+06   4.6813965e+01
   4.4655790e+06   3.9001465e+01
   4.5086660e+06   4.7912598e+01
   4.5091650e+06   3.5583496e+01
   4.5435690e+06   3.8024902e+01
   4.5491810e+06   3.3630371e+01
   4.5661790e+06   4.4189453e+01
   4.5672810e+06   3.4729004e+01
   4.6016510e+06   4.1503906e+01
   4.6301560e+06   3.5339355e+01
   4.6301830e+06   3.6437988e+01
   4.6322560e+06   4.3457031e+01
   4.6564960e+06   3.9855957e+01
   4.6593900e+06   3.8757324e+01
   4.6760440e+06   4.2968750e+01
   4.6854920e+06   3.6376953e+01
   4.6973220e+06   3.8024902e+01
   4.6976340e+06   3.3386230e+01
   4.7046160e+06   4.0344238e+01
   4.7121840e+06   3.5522461e+01
   4.7246310e+06   3.4912109e+01
   4.7391680e+06   4.9316406e+01
   4.7506140e+06   3.9367676e+01
   4.7506580e+06   3.6071777e+01
   4.7839390e+06   3.6621094e+01
   4.7951050e+06   3.6926270e+01
   4.8180630e+06   3.8940430e+01
   4.8286860e+06   6.0913086e+01
   4.8666840e+06   4.6875000e+01
   4.8667540e+06   3.6010742e+01
   4.8703040e+06   3.8391113e+01
   4.9007740e+06   4.2968750e+01
   4.9008170e+06   3.9611816e+01
   4.9155240e+06   5.4748535e+01
   4.9181020e+06   4.3151855e+01
   4.9276690e+06   4.5410156e+01
   4.9383990e+06   4.0405273e+01
   4.9392290e+06   3.5461426e+01
   4.9636740e+06   3.9550781e+01
   4.9638800e+06   3.5278320e+01
   4.9882220e+06   3.6987305e+01
   5.0204550e+06   3.3447266e+01
   5.0345410e+06   4.2053223e+01
   5.0488040e+06   4.0161133e+01
   5.0524150e+06   3.6376953e+01
   5.1251730e+06   4.0893555e+01
   5.1268330e+06   4.3457031e+01
   5.1753680e+06   4.1137695e+01
   5.2112420e+06   3.7597656e+01
   5.3218910e+06   4.0222168e+01
   5.3713070e+06   4.2480469e+01
   5.3720060e+06   4.0954590e+01
   5.4048520e+06   4.1137695e+01
   5.4533960e+06   4.3762207e+01
   5.4770020e+06   4.2541504e+01
   5.4995150e+06   4.6020508e+01
   5.4998880e+06   4.0527344e+01
   5.5088830e+06   4.4799805e+01
   5.5098790e+06   3.6376953e+01
   5.7079890e+06   4.0954590e+01
   5.7536120e+06   4.2846680e+01
   5.8056870e+06   4.3823242e+01
   5.8514900e+06   4.4921875e+01
   5.8828940e+06   4.5532227e+01
   5.8925490e+06   4.2114258e+01
   5.9219870e+06   4.0527344e+01
   5.9404210e+06   3.4301758e+01
   5.9466330e+06   4.9560547e+01
   6.0145490e+06   4.2480469e+01
   6.0298180e+06   3.4057617e+01
   6.0746240e+06   4.0710449e+01
   6.1330090e+06   3.3691406e+01
   6.1632060e+06   5.1635742e+01
   6.1934960e+06   3.6865234e+01
   6.2129240e+06   4.0405273e+01
   6.2636790e+06   4.8828125e+01
   6.3225870e+06   5.1574707e+01
   6.3470980e+06   3.4790039e+01
   6.3567740e+06   3.7902832e+01
   6.5535640e+06   3.9123535e+01
   6.5839170e+06   4.3151855e+01
   6.5940030e+06   4.3029785e+01
   6.6036300e+06   5.7067871e+01
   6.6158060e+06   3.8452148e+01
   6.6311190e+06   3.3813477e+01
   6.6411760e+06   3.5827637e+01
   6.6638160e+06   3.4484863e+01
   6.6645140e+06   3.4851074e+01
   6.6710550e+06   3.7902832e+01
   6.6711460e+06   3.3996582e+01
   6.6718110e+06   3.3325195e+01
   6.6720630e+06   3.5034180e+01
   6.7044610e+06   3.5400391e+01
   6.7092550e+06   3.6254883e+01
   6.7382960e+06   3.5156250e+01
   6.7384790e+06   3.8330078e+01
   6.7511800e+06   3.5644531e+01
   6.7512630e+06   3.4240723e+01
   6.7644680e+06   3.6865234e+01
   6.7916250e+06   3.3569336e+01
   6.8065540e+06   4.3151855e+01
   6.8065940e+06   3.3447266e+01
   6.8093200e+06   3.5278320e+01
   6.8264200e+06   3.7597656e+01
   6.8413560e+06   5.0170898e+01
   6.8414590e+06   3.5339355e+01
   6.8473160e+06   3.5400391e+01
   6.8770500e+06   3.9428711e+01
   6.8914090e+06   3.3813477e+01
   6.9066220e+06   3.6682129e+01
   6.9066640e+06   3.3386230e+01
   6.9214680e+06   4.1564941e+01
   6.9343130e+06   3.6621094e+01
   6.9473320e+06   3.4362793e+01
   6.9583340e+06   3.9672852e+01
   6.9585880e+06   3.5339355e+01
   6.9587010e+06   3.4118652e+01
   6.9713650e+06   4.2419434e+01
   6.9892450e+06   3.4301758e+01
   7.0230040e+06   3.7414551e+01
   7.0377600e+06   4.0283203e+01
   7.0378300e+06   3.5339355e+01
   7.0379190e+06   3.4118652e+01
   7.0530790e+06   3.5339355e+01
   7.0835620e+06   4.4921875e+01
   7.1196860e+06   3.8574219e+01
   7.1842930e+06   4.3029785e+01
   7.4361820e+06   4.4555664e+01
   7.4620820e+06   3.5827637e+01
   7.4982470e+06   3.7658691e+01
   7.5321970e+06   3.8818359e+01
   7.5322490e+06   3.7719727e+01
   7.5325880e+06   4.8583984e+01
   7.5332140e+06   4.2419434e+01
   7.5334210e+06   3.7353516e+01
   7.5344200e+06   3.4606934e+01
   7.5347250e+06   4.0344238e+01
   7.6848120e+06   4.1015625e+01
   7.6988160e+06   4.1625977e+01
   7.7361060e+06   5.1940918e+01
   7.7459070e+06   3.8146973e+01
   7.7472530e+06   3.5217285e+01
   7.7478740e+06   4.8217773e+01
   7.7660690e+06   4.8034668e+01
   7.8448070e+06   3.3935547e+01
   7.8557110e+06   3.6254883e+01
   7.8865350e+06   4.6142578e+01
   7.9055700e+06   3.6437988e+01
   8.0143900e+06   3.4301758e+01
   8.0236600e+06   5.4260254e+01
   8.0523080e+06   3.3569336e+01
   8.0649140e+06   4.3151855e+01
   8.0883050e+06   4.5349121e+01
   8.1593480e+06   3.4851074e+01
   8.1671690e+06   3.6132813e+01
   8.2194350e+06   3.6010742e+01
   8.2355030e+06   4.4677734e+01
   8.2732760e+06   3.9611816e+01
   8.3196320e+06   4.6936035e+01
   8.3327470e+06   3.9001465e+01
   8.3501240e+06   3.5827637e+01
   8.3867280e+06   4.8950195e+01
   8.4003050e+06   3.6926270e+01
   8.4140830e+06   5.2124023e+01
   8.4677850e+06   3.9489746e+01
   8.5016620e+06   3.8391113e+01
   8.5289130e+06   3.3630371e+01
   8.5406840e+06   4.7424316e+01
   8.5726980e+06   4.3640137e+01
   8.5923970e+06   4.5043945e+01
   8.6374230e+06   4.0161133e+01
   8.6766480e+06   3.9306641e+01
   8.6866930e+06   4.0893555e+01
   8.7062070e+06   4.2419434e+01
   8.7468460e+06   5.4809570e+01
   8.7569170e+06   5.3283691e+01
   8.7808540e+06   3.4606934e+01
   8.7932090e+06   3.8085938e+01
   8.8843920e+06   3.5400391e+01
   9.0070200e+06   3.6743164e+01
   9.2452430e+06   5.7495117e+01
   9.3035090e+06   4.2846680e+01
   9.5859090e+06   3.3691406e+01
   9.7230910e+06   3.6621094e+01
   9.8496570e+06   3.9733887e+01
   1.0041711e+07   5.3161621e+01
   1.0186850e+07   5.1452637e+01
   1.0196908e+07   3.3813477e+01
   1.0303207e+07   3.4667969e+01
   1.0303236e+07   4.1015625e+01
   1.0314687e+07   3.9611816e+01
   1.0370422e+07   4.2602539e+01
   1.0379146e+07   3.4606934e+01
   1.0391273e+07   3.4667969e+01
   1.0417228e+07   4.0710449e+01
   1.0419427e+07   3.3752441e+01
   1.0451632e+07   4.3701172e+01
   1.0451690e+07   3.6987305e+01
   1.0455227e+07   3.4851074e+01
   1.0478633e+07   3.5888672e+01
   1.0496721e+07   4.4067383e+01
   1.0506748e+07   3.5339355e+01
   1.0516703e+07   4.1015625e+01
   1.0516756e+07   3.3996582e+01
   1.0525031e+07   3.5278320e+01
   1.0535021e+07   4.4433594e+01
   1.0544220e+07   3.6315918e+01
   1.0564855e+07   5.2246094e+01
   1.0574574e+07   3.5888672e+01
   1.0583716e+07   3.5888672e+01
   1.0600908e+07   3.5095215e+01
   1.0609810e+07   4.6325684e+01
   1.0623913e+07   3.3447266e+01
   1.0642847e+07   3.4606934e+01
   1.0652209e+07   3.4484863e+01
   1.0670264e+07   3.3569336e+01
   1.0678608e+07   3.3691406e+01
   1.0704542e+07   3.6071777e+01
   1.0724550e+07   3.6193848e+01
   1.0751001e+07   5.7189941e+01
   1.0771773e+07   3.6865234e+01
   1.0774257e+07   3.5705566e+01
   1.0850838e+07   3.7597656e+01
   1.0884487e+07   4.2297363e+01
   1.0910650e+07   4.7302246e+01
   1.0945367e+07   3.9123535e+01
   1.0945444e+07   3.3691406e+01
   1.1049559e+07   3.9367676e+01
   1.1097972e+07   3.6010742e+01
   1.1127557e+07   4.4433594e+01
   1.1293212e+07   3.8818359e+01
   1.1350479e+07   4.5532227e+01
   1.1359377e+07   4.0588379e+01
   1.1471451e+07   4.9133301e+01
   1.1734617e+07   4.4982910e+01
   1.1734677e+07   3.3813477e+01
   1.1757333e+07   4.3334961e+01
   1.1788053e+07   5.1208496e+01
   1.1788881e+07   4.1809082e+01
   1.1831679e+07   4.5288086e+01
   1.1841366e+07   3.7597656e+01
   1.1954395e+07   4.1198730e+01
