   1.1996000e+07   0.0000000e+00
   4.3807000e+04   3.4301758e+01
   2.0433700e+05   3.3752441e+01
   2.5083800e+05   3.2104492e+01
   2.9010300e+05   3.3508301e+01
   3.0190200e+05   3.2531738e+01
   3.3220500e+05   3.3813477e+01
   3.4377800e+05   3.5034180e+01
   4.1611200e+05   3.3813477e+01
   4.1614200e+05   3.6621094e+01
   4.3868100e+05   3.4301758e+01
   4.3871400e+05   3.6987305e+01
   4.3946500e+05   3.5400391e+01
   4.7188800e+05   3.5766602e+01
   4.7194000e+05   3.2104492e+01
   5.8083600e+05   3.4606934e+01
   7.9664400e+05   3.2104492e+01
   1.7240730e+06   4.5043945e+01
   2.0068290e+06   3.9794922e+01
   2.1491540e+06   3.2836914e+01
   2.7583890e+06   3.8574219e+01
   2.9765760e+06   3.3447266e+01
   3.0307880e+06   3.2897949e+01
   3.2072890e+06   3.2653809e+01
   3.3863940e+06   3.2409668e+01
   3.4874670e+06   3.2775879e+01
   3.5151680e+06   3.3325195e+01
   3.6490600e+06   3.3813477e+01
   3.6584580e+06   3.5888672e+01
   3.7155420e+06   3.3264160e+01
   3.7806180e+06   3.3325195e+01
   3.8376550e+06   3.1982422e+01
   4.1331400e+06   3.6315918e+01
   4.1418770e+06   3.3142090e+01
   4.1419210e+06   3.2775879e+01
   4.2185500e+06   3.1921387e+01
   4.3125490e+06   3.6987305e+01
   4.3244750e+06   3.2836914e+01
   4.3549700e+06   3.2287598e+01
   4.4388050e+06   3.2287598e+01
   4.4655310e+06   3.4301758e+01
   4.5020260e+06   3.8940430e+01
   4.5479600e+06   3.2287598e+01
   4.5479860e+06   3.2226563e+01
   4.6015700e+06   3.2226563e+01
   4.6301610e+06   3.1860352e+01
   4.6855350e+06   3.2043457e+01
   4.6975220e+06   3.3996582e+01
   4.7246660e+06   3.2775879e+01
   4.7390580e+06   3.2226563e+01
   4.7391700e+06   3.4729004e+01
   4.7622250e+06   3.9428711e+01
   4.7838880e+06   3.3264160e+01
   4.7951100e+06   4.1076660e+01
   4.8180280e+06   3.2531738e+01
   4.8665650e+06   3.2592773e+01
   4.9007360e+06   3.5278320e+01
   4.9277260e+06   3.2470703e+01
   5.3841960e+06   3.3325195e+01
   6.2129380e+06   3.9306641e+01
   6.2862620e+06   3.7353516e+01
   6.5031160e+06   3.3569336e+01
   6.5446010e+06   3.4057617e+01
   6.5726230e+06   3.9062500e+01
   6.5938860e+06   3.3081055e+01
   6.6035010e+06   3.5461426e+01
   6.6709770e+06   3.3447266e+01
   6.7785370e+06   3.4179688e+01
   6.7915740e+06   3.3142090e+01
   6.8770160e+06   3.4118652e+01
   6.9585720e+06   3.2897949e+01
   6.9892760e+06   3.2897949e+01
   7.0056590e+06   3.1860352e+01
   8.0547430e+06   3.2409668e+01
   8.4003720e+06   3.4118652e+01
   8.6140230e+06   3.5644531e+01
   8.7199080e+06   3.4851074e+01
   8.8357530e+06   3.2226563e+01
   8.9494860e+06   3.2897949e+01
   9.3027750e+06   3.2470703e+01
   9.3347420e+06   3.3935547e+01
   9.5577320e+06   3.3386230e+01
   9.7112640e+06   3.3325195e+01
   1.0025695e+07   3.6926270e+01
   1.0271950e+07   3.1921387e+01
   1.0284224e+07   3.2104492e+01
   1.0303291e+07   3.3569336e+01
   1.0314772e+07   3.2043457e+01
   1.0370008e+07   3.2592773e+01
   1.0391320e+07   3.2287598e+01
   1.0417084e+07   3.9001465e+01
   1.0451604e+07   3.4057617e+01
   1.0470258e+07   3.6682129e+01
   1.0486952e+07   3.5522461e+01
   1.0496695e+07   3.6560059e+01
   1.0525144e+07   3.4912109e+01
   1.0544291e+07   3.4057617e+01
   1.0574561e+07   4.3701172e+01
   1.0592128e+07   3.7292480e+01
   1.0670143e+07   3.2897949e+01
   1.0712545e+07   3.6865234e+01
   1.0751001e+07   3.4484863e+01
   1.0771607e+07   3.4118652e+01
   1.0946847e+07   3.1921387e+01
   1.1664884e+07   3.4912109e+01
   1.1729520e+07   3.3630371e+01
