   1.1996000e+07   0.0000000e+00
   2.1898000e+04   3.9367676e+01
   5.9492000e+04   3.4118652e+01
   1.0985400e+05   3.5034180e+01
   1.7859500e+05   4.0344238e+01
   2.0432300e+05   3.2592773e+01
   2.5077500e+05   3.6560059e+01
   2.8549500e+05   3.2958984e+01
   3.3225700e+05   4.3640137e+01
   3.4379200e+05   4.0588379e+01
   3.7676000e+05   3.9184570e+01
   4.7185300e+05   5.1635742e+01
   5.0806200e+05   4.1198730e+01
   5.2705000e+05   3.5034180e+01
   5.6633900e+05   3.4545898e+01
   8.5215100e+05   3.8391113e+01
   9.8922900e+05   3.2165527e+01
   9.8934400e+05   3.8330078e+01
   1.0623020e+06   3.4545898e+01
   1.1120980e+06   3.1372070e+01
   1.1334580e+06   3.1677246e+01
   1.2592790e+06   3.7902832e+01
   1.2924960e+06   3.5522461e+01
   1.3785710e+06   3.4484863e+01
   1.4498190e+06   3.3813477e+01
   1.5608970e+06   3.4545898e+01
   1.6498070e+06   3.7658691e+01
   1.6574190e+06   4.1870117e+01
   1.6945910e+06   3.1738281e+01
   1.7986020e+06   3.5339355e+01
   1.8316100e+06   4.1931152e+01
   1.8460060e+06   4.2663574e+01
   1.9401630e+06   3.2470703e+01
   1.9550470e+06   3.1372070e+01
   1.9836270e+06   3.8818359e+01
   2.0068130e+06   3.8085938e+01
   2.0670040e+06   3.8085938e+01
   2.4312950e+06   3.7231445e+01
   2.4586540e+06   3.8269043e+01
   2.4758840e+06   3.2836914e+01
   2.5140620e+06   3.4240723e+01
   2.5347610e+06   3.1677246e+01
   2.5815680e+06   4.4128418e+01
   2.6662530e+06   3.3752441e+01
   2.6993710e+06   4.7363281e+01
   2.7505210e+06   3.6621094e+01
   2.7575990e+06   3.2409668e+01
   2.7670870e+06   4.0649414e+01
   2.9250050e+06   3.4729004e+01
   2.9763770e+06   3.5400391e+01
   3.0065300e+06   4.3518066e+01
   3.0309980e+06   3.6315918e+01
   3.2929340e+06   3.4667969e+01
   3.2967450e+06   4.1809082e+01
   3.4743650e+06   4.5715332e+01
   3.5752410e+06   3.5034180e+01
   3.6109920e+06   4.6264648e+01
   3.6237120e+06   3.6315918e+01
   3.6482550e+06   3.5156250e+01
   3.8650610e+06   4.3640137e+01
   3.9387650e+06   3.3325195e+01
   3.9393650e+06   3.7536621e+01
   3.9566940e+06   3.1555176e+01
   4.0004890e+06   3.1738281e+01
   4.0482390e+06   3.8269043e+01
   4.0562880e+06   3.2104492e+01
   4.1738410e+06   3.1372070e+01
   4.1738530e+06   3.1372070e+01
   4.1855170e+06   3.2043457e+01
   4.1879770e+06   3.7292480e+01
   4.2579010e+06   3.1372070e+01
   4.3245230e+06   3.2653809e+01
   4.4387670e+06   3.8513184e+01
   4.5086240e+06   3.6376953e+01
   4.5092560e+06   3.1433105e+01
   4.5478590e+06   3.9184570e+01
   4.5492080e+06   3.9245605e+01
   4.5660830e+06   3.6376953e+01
   4.6015460e+06   3.3630371e+01
   4.6016000e+06   3.1860352e+01
   4.6301450e+06   3.3874512e+01
   4.6565200e+06   3.5339355e+01
   4.6760080e+06   3.3447266e+01
   4.6854600e+06   3.2348633e+01
   4.7246520e+06   3.2348633e+01
   4.7391430e+06   3.1311035e+01
   4.7505960e+06   4.5959473e+01
   4.7622270e+06   3.8940430e+01
   4.7735670e+06   3.7902832e+01
   4.7736150e+06   3.2226563e+01
   4.7839180e+06   3.3264160e+01
   4.8080010e+06   3.4240723e+01
   4.8180540e+06   3.5766602e+01
   4.8180970e+06   3.6499023e+01
   4.8286990e+06   4.5288086e+01
   4.8288150e+06   3.1677246e+01
   4.8498120e+06   3.9916992e+01
   4.8702750e+06   3.2348633e+01
   4.9007820e+06   3.2775879e+01
   4.9008550e+06   3.1677246e+01
   4.9155100e+06   3.2897949e+01
   4.9636720e+06   3.9611816e+01
   5.0345080e+06   4.1503906e+01
   5.0523970e+06   3.4912109e+01
   5.1267940e+06   3.1677246e+01
   5.3100310e+06   3.4179688e+01
   5.3214520e+06   3.8940430e+01
   5.3278150e+06   3.9855957e+01
   5.3290770e+06   3.5278320e+01
   5.4333380e+06   3.8146973e+01
   5.4528320e+06   3.3752441e+01
   5.4896300e+06   4.4494629e+01
   5.5396750e+06   3.4484863e+01
   5.5565900e+06   3.6254883e+01
   5.6095090e+06   3.2714844e+01
   5.6194060e+06   3.6254883e+01
   5.6309830e+06   3.5888672e+01
   5.6381270e+06   3.6621094e+01
   5.6481640e+06   3.2592773e+01
   5.6485340e+06   3.3630371e+01
   5.6636450e+06   3.3447266e+01
   5.7366680e+06   3.4484863e+01
   5.8057240e+06   3.5705566e+01
   5.8464670e+06   3.3020020e+01
   5.8622780e+06   4.8461914e+01
   5.8829090e+06   4.2663574e+01
   5.9291670e+06   3.3447266e+01
   5.9738300e+06   3.4667969e+01
   6.0010710e+06   3.6804199e+01
   6.0058730e+06   3.3996582e+01
   6.0651890e+06   3.7109375e+01
   6.0831410e+06   3.9855957e+01
   6.0912150e+06   3.4057617e+01
   6.1189560e+06   4.0771484e+01
   6.1627440e+06   3.5705566e+01
   6.1631850e+06   3.1494141e+01
   6.1829360e+06   4.1259766e+01
   6.1935170e+06   3.2470703e+01
   6.2273840e+06   3.2348633e+01
   6.2397680e+06   3.5827637e+01
   6.2860480e+06   3.9001465e+01
   6.2861530e+06   3.4057617e+01
   6.3469790e+06   3.9062500e+01
   6.3567990e+06   3.4423828e+01
   6.3719090e+06   3.3264160e+01
   6.4052150e+06   3.4667969e+01
   6.4052990e+06   3.2226563e+01
   6.4549500e+06   3.1311035e+01
   6.5727580e+06   3.9611816e+01
   6.5838810e+06   4.4311523e+01
   6.6036170e+06   3.5583496e+01
   6.6038080e+06   3.3142090e+01
   6.6157970e+06   3.1372070e+01
   6.6311100e+06   3.1555176e+01
   6.6624360e+06   4.0893555e+01
   6.6710520e+06   3.4484863e+01
   6.7044820e+06   3.4851074e+01
   6.7384220e+06   3.5705566e+01
   6.7511830e+06   3.1494141e+01
   6.7785980e+06   3.4851074e+01
   6.8065720e+06   4.6386719e+01
   6.8263020e+06   3.2409668e+01
   6.8413730e+06   3.1372070e+01
   6.8472440e+06   3.6621094e+01
   6.8913770e+06   4.0649414e+01
   6.9065850e+06   4.0466309e+01
   6.9342850e+06   3.7719727e+01
   6.9473000e+06   3.4729004e+01
   6.9892310e+06   3.1677246e+01
   7.0229680e+06   3.2104492e+01
   7.0230990e+06   3.9611816e+01
   7.0377250e+06   3.1921387e+01
   7.0530520e+06   3.1921387e+01
   7.0691640e+06   3.3874512e+01
   7.2611110e+06   3.4790039e+01
   7.2931920e+06   3.5217285e+01
   7.3295520e+06   3.6682129e+01
   7.3494680e+06   3.8208008e+01
   7.3885880e+06   3.5339355e+01
   7.4338190e+06   3.9245605e+01
   7.4362140e+06   3.1311035e+01
   7.5153470e+06   3.3203125e+01
   7.5568140e+06   3.3325195e+01
   7.5610340e+06   3.7109375e+01
   7.5889300e+06   3.8208008e+01
   7.5972690e+06   3.9245605e+01
   7.6095370e+06   4.3884277e+01
   7.6280750e+06   3.6132813e+01
   7.6549410e+06   3.7109375e+01
   7.6607810e+06   3.8391113e+01
   7.7459690e+06   3.1555176e+01
   7.7778730e+06   3.7902832e+01
   7.8768510e+06   3.4057617e+01
   7.9272100e+06   3.3813477e+01
   7.9289010e+06   3.5339355e+01
   7.9524720e+06   3.5095215e+01
   7.9765980e+06   3.3081055e+01
   8.0342860e+06   4.6508789e+01
   8.0420300e+06   3.3813477e+01
   8.0783510e+06   3.1555176e+01
   8.0991500e+06   3.1616211e+01
   8.1064420e+06   3.4667969e+01
   8.3495990e+06   3.6315918e+01
   8.4134150e+06   3.4301758e+01
   8.4338970e+06   3.3630371e+01
   8.5639600e+06   5.1635742e+01
   8.6063320e+06   3.1433105e+01
   8.6261370e+06   4.3334961e+01
   8.6468560e+06   3.7231445e+01
   8.6595380e+06   3.4790039e+01
   8.7062400e+06   3.1982422e+01
   8.7925970e+06   3.1921387e+01
   8.8132280e+06   3.8452148e+01
   8.8563230e+06   3.8452148e+01
   9.0458030e+06   3.8452148e+01
   9.0614660e+06   3.5522461e+01
   9.1648800e+06   3.6254883e+01
   9.1845680e+06   3.3447266e+01
   9.2555270e+06   3.7414551e+01
   9.3034740e+06   3.4667969e+01
   9.3340570e+06   3.8696289e+01
   9.5661600e+06   3.9062500e+01
   9.6311340e+06   3.7353516e+01
   9.6515080e+06   3.4057617e+01
   9.6618130e+06   3.2653809e+01
   9.6842560e+06   3.1311035e+01
   9.7246040e+06   3.2287598e+01
   9.7444030e+06   3.4179688e+01
   9.7644570e+06   3.5034180e+01
   9.7744620e+06   4.2114258e+01
   9.9788460e+06   3.2897949e+01
   9.9951440e+06   4.7363281e+01
   1.0004857e+07   3.2409668e+01
   1.0034238e+07   3.3447266e+01
   1.0071715e+07   3.7902832e+01
   1.0103834e+07   4.1748047e+01
   1.0244697e+07   3.8085938e+01
   1.0307095e+07   3.2897949e+01
   1.0314742e+07   4.9133301e+01
   1.0352557e+07   3.3386230e+01
   1.0391270e+07   3.1799316e+01
   1.0408016e+07   3.6987305e+01
   1.0417140e+07   3.2531738e+01
   1.0451575e+07   3.1494141e+01
   1.0451834e+07   3.2775879e+01
   1.0470165e+07   3.2409668e+01
   1.0486923e+07   3.1860352e+01
   1.0496674e+07   3.7109375e+01
   1.0516666e+07   3.3630371e+01
   1.0535543e+07   3.1433105e+01
   1.0564825e+07   3.6071777e+01
   1.0583695e+07   3.5949707e+01
   1.0592106e+07   3.7109375e+01
   1.0642829e+07   3.1799316e+01
   1.0652147e+07   3.5217285e+01
   1.0654748e+07   3.5095215e+01
   1.0662227e+07   3.5949707e+01
   1.0695430e+07   3.2409668e+01
   1.0724541e+07   3.7841797e+01
   1.0774213e+07   3.9123535e+01
   1.0814308e+07   3.1738281e+01
   1.0946108e+07   3.7658691e+01
   1.1016083e+07   3.2470703e+01
   1.1057457e+07   3.9428711e+01
   1.1133137e+07   3.1555176e+01
   1.1187073e+07   3.1677246e+01
   1.1203589e+07   3.3508301e+01
   1.1225751e+07   3.7353516e+01
   1.1246124e+07   3.5400391e+01
   1.1307904e+07   3.2897949e+01
   1.1309182e+07   3.9428711e+01
   1.1374410e+07   3.6315918e+01
   1.1374580e+07   3.3447266e+01
   1.1400158e+07   3.4240723e+01
   1.1414488e+07   3.1921387e+01
   1.1542834e+07   3.2165527e+01
   1.1651783e+07   4.0344238e+01
   1.1670996e+07   3.1677246e+01
   1.1734668e+07   3.9794922e+01
   1.1745576e+07   3.5034180e+01
   1.1800639e+07   4.4128418e+01
   1.1818250e+07   3.3081055e+01
   1.1855275e+07   3.2653809e+01
   1.1871189e+07   4.3151855e+01
   1.1911091e+07   3.7048340e+01
   1.1939316e+07   3.8269043e+01
   1.1954390e+07   3.6132813e+01
   1.1962889e+07   3.5583496e+01
