   1.1996000e+07   0.0000000e+00
   8.0640000e+03   4.5837402e+01
   2.1800000e+04   4.1748047e+01
   2.1818000e+04   3.7536621e+01
   4.3864000e+04   4.0466309e+01
   4.3883000e+04   4.1320801e+01
   4.3903000e+04   4.1748047e+01
   4.7041000e+04   3.5705566e+01
   4.7062000e+04   3.5766602e+01
   5.9472000e+04   3.6132813e+01
   5.9503000e+04   4.1931152e+01
   7.1739000e+04   5.5603027e+01
   7.1866000e+04   3.6926270e+01
   7.1883000e+04   4.2724609e+01
   7.1995000e+04   3.9978027e+01
   8.2702000e+04   4.9743652e+01
   8.2782000e+04   3.5461426e+01
   9.6538000e+04   3.7658691e+01
   9.6573000e+04   4.2602539e+01
   9.6584000e+04   4.8156738e+01
   1.0976700e+05   3.7170410e+01
   1.0978900e+05   5.0903320e+01
   1.0981700e+05   4.7424316e+01
   1.2139200e+05   3.5705566e+01
   1.2140800e+05   3.5095215e+01
   1.3342700e+05   4.1992188e+01
   1.5762300e+05   4.2480469e+01
   1.5764100e+05   3.6499023e+01
   1.7846700e+05   5.1025391e+01
   1.7848500e+05   3.7109375e+01
   1.7851500e+05   5.1269531e+01
   1.9148100e+05   3.8818359e+01
   1.9150100e+05   3.8391113e+01
   1.9162100e+05   4.1564941e+01
   1.9165800e+05   3.8635254e+01
   1.9171700e+05   4.0283203e+01
   2.0421700e+05   4.6081543e+01
   2.0423600e+05   3.8391113e+01
   2.0425000e+05   3.7536621e+01
   2.0426600e+05   5.4992676e+01
   2.0428300e+05   5.1879883e+01
   2.0432400e+05   3.6865234e+01
   2.0939400e+05   3.5034180e+01
   2.3183600e+05   5.8288574e+01
   2.3184900e+05   3.7170410e+01
   2.5067800e+05   6.5612793e+01
   2.5068800e+05   4.3823242e+01
   2.5072500e+05   4.5593262e+01
   2.5082300e+05   4.0222168e+01
   2.8085100e+05   3.6560059e+01
   2.8086600e+05   3.7536621e+01
   2.8994100e+05   5.3039551e+01
   2.8996300e+05   3.9428711e+01
   2.8999500e+05   4.2114258e+01
   3.0181800e+05   3.7536621e+01
   3.0314900e+05   3.9672852e+01
   3.0316700e+05   3.6682129e+01
   3.0320300e+05   3.5522461e+01
   3.0323300e+05   4.3579102e+01
   3.0332000e+05   4.4006348e+01
   3.0339100e+05   4.3640137e+01
   3.0521900e+05   3.8940430e+01
   3.3209300e+05   3.8635254e+01
   3.3210600e+05   4.6020508e+01
   3.3213100e+05   3.7353516e+01
   3.3217400e+05   4.4921875e+01
   3.3219500e+05   3.6804199e+01
   3.3220700e+05   3.6865234e+01
   3.3291300e+05   3.7963867e+01
   3.3317500e+05   3.5095215e+01
   3.3410800e+05   3.6071777e+01
   3.4362900e+05   4.8828125e+01
   3.4364700e+05   5.8227539e+01
   3.4366000e+05   4.7241211e+01
   3.4368700e+05   3.9733887e+01
   3.4523900e+05   3.7353516e+01
   3.7663300e+05   3.6010742e+01
   3.7664400e+05   3.5949707e+01
   3.7670200e+05   4.4067383e+01
   3.7675500e+05   4.1931152e+01
   3.7679900e+05   4.3823242e+01
   3.7962600e+05   3.7353516e+01
   3.9845700e+05   4.1625977e+01
   3.9861100e+05   3.7353516e+01
   4.1596500e+05   7.3120117e+01
   4.1599300e+05   4.1748047e+01
   4.1601200e+05   7.3974609e+01
   4.1604400e+05   4.0405273e+01
   4.1650800e+05   4.1625977e+01
   4.1775900e+05   3.5156250e+01
   4.3855200e+05   4.0222168e+01
   4.3857800e+05   4.4372559e+01
   4.3861100e+05   3.8635254e+01
   4.3865400e+05   3.5766602e+01
   4.4154700e+05   3.6315918e+01
   4.4161700e+05   4.3884277e+01
   4.7176100e+05   3.7414551e+01
   4.7177200e+05   5.0048828e+01
   4.7179400e+05   3.5034180e+01
   4.7674700e+05   3.7536621e+01
   4.7680500e+05   3.6010742e+01
   4.7682000e+05   4.8156738e+01
   4.7683800e+05   4.1931152e+01
   4.7685600e+05   4.4433594e+01
   4.7686600e+05   5.2551270e+01
   4.7694000e+05   4.1137695e+01
   5.0785000e+05   4.5227051e+01
   5.0787700e+05   4.4616699e+01
   5.0791100e+05   3.9611816e+01
   5.0793100e+05   5.4321289e+01
   5.0794900e+05   3.9550781e+01
   5.0803300e+05   3.5217285e+01
   5.0853600e+05   3.5156250e+01
   5.2682700e+05   4.2114258e+01
   5.2686100e+05   3.5461426e+01
   5.2688700e+05   3.5217285e+01
   5.2696000e+05   4.8950195e+01
   5.2699400e+05   3.7841797e+01
   5.2703700e+05   3.6254883e+01
   5.2711900e+05   3.8391113e+01
   5.4558200e+05   3.9733887e+01
   5.4563500e+05   3.7597656e+01
   5.4567200e+05   4.6020508e+01
   5.4570300e+05   3.9672852e+01
   5.4576100e+05   5.1208496e+01
   5.6620900e+05   3.6987305e+01
   5.6623900e+05   5.0659180e+01
   5.6626700e+05   5.4138184e+01
   5.6629600e+05   3.9978027e+01
   5.6711400e+05   3.5949707e+01
   5.6774500e+05   3.8757324e+01
   5.8056100e+05   4.4799805e+01
   5.8059400e+05   3.9733887e+01
   5.8062600e+05   4.8400879e+01
   5.8065100e+05   3.7536621e+01
   5.8067800e+05   3.7780762e+01
   5.8464800e+05   3.8574219e+01
   5.8467300e+05   4.3151855e+01
   6.0436800e+05   4.2480469e+01
   6.0440700e+05   3.5888672e+01
   6.0446400e+05   3.6376953e+01
   6.1557500e+05   4.1320801e+01
   6.1559800e+05   3.8635254e+01
   6.1565400e+05   3.7536621e+01
   6.2817200e+05   3.8391113e+01
   6.3966000e+05   4.0222168e+01
   6.3967500e+05   4.9438477e+01
   6.3972200e+05   4.8767090e+01
   6.3979300e+05   3.9245605e+01
   6.6636800e+05   3.7414551e+01
   6.6673600e+05   3.7658691e+01
   6.9248100e+05   4.0222168e+01
   6.9249800e+05   4.7790527e+01
   6.9252000e+05   4.3457031e+01
   6.9255000e+05   3.7658691e+01
   6.9258400e+05   4.3151855e+01
   7.1543900e+05   4.6142578e+01
   7.2796500e+05   4.1870117e+01
   7.2799900e+05   4.9377441e+01
   7.4089400e+05   4.7058105e+01
   7.4091800e+05   3.6743164e+01
   7.6633200e+05   4.7363281e+01
   7.8242600e+05   5.0537109e+01
   7.9998100e+05   3.6071777e+01
   8.0004100e+05   3.9733887e+01
   8.0006300e+05   3.7414551e+01
   8.0012200e+05   3.7292480e+01
   8.2479900e+05   3.5766602e+01
   8.2491100e+05   4.5288086e+01
   8.2501200e+05   4.1748047e+01
   8.2519600e+05   3.6865234e+01
   8.3190200e+05   3.6865234e+01
   8.3192300e+05   4.2480469e+01
   8.3195300e+05   4.0832520e+01
   8.3198000e+05   4.9987793e+01
   8.6958500e+05   4.3212891e+01
   9.2931300e+05   3.7048340e+01
   9.3719100e+05   4.0161133e+01
   9.4121700e+05   4.3701172e+01
   9.6540800e+05   3.6743164e+01
   9.6588500e+05   3.8574219e+01
   9.6618700e+05   4.4921875e+01
   9.7282800e+05   4.0344238e+01
   9.7885400e+05   3.6743164e+01
   9.7906300e+05   4.1503906e+01
   9.8958200e+05   4.1564941e+01
   1.0124520e+06   4.2785645e+01
   1.0418940e+06   3.9733887e+01
   1.0419390e+06   3.5766602e+01
   1.0627140e+06   4.3518066e+01
   1.0627530e+06   3.8818359e+01
   1.0627770e+06   3.6926270e+01
   1.1176340e+06   3.6987305e+01
   1.1180570e+06   3.5949707e+01
   1.1344970e+06   3.5888672e+01
   1.1466110e+06   3.5705566e+01
   1.1539210e+06   3.9611816e+01
   1.1539510e+06   4.6020508e+01
   1.1668190e+06   4.2114258e+01
   1.1785000e+06   3.7048340e+01
   1.1785330e+06   6.8298340e+01
   1.1982070e+06   5.6884766e+01
   1.1982290e+06   4.8339844e+01
   1.1982760e+06   4.1992188e+01
   1.2160150e+06   3.5827637e+01
   1.2160910e+06   4.9804688e+01
   1.2480540e+06   3.9550781e+01
   1.2537550e+06   3.7536621e+01
   1.2539090e+06   3.7170410e+01
   1.2660540e+06   4.3823242e+01
   1.2660660e+06   4.5959473e+01
   1.2661710e+06   3.6560059e+01
   1.2845630e+06   3.5888672e+01
   1.2880970e+06   3.7414551e+01
   1.2881160e+06   4.1015625e+01
   1.3230090e+06   5.0415039e+01
   1.3233770e+06   4.7912598e+01
   1.3342960e+06   4.2480469e+01
   1.3343830e+06   3.5644531e+01
   1.3343960e+06   3.9733887e+01
   1.3605190e+06   4.2114258e+01
   1.3758260e+06   4.3457031e+01
   1.3863400e+06   3.6376953e+01
   1.4087500e+06   4.9987793e+01
   1.4170940e+06   3.6437988e+01
   1.4171170e+06   4.2297363e+01
   1.4364930e+06   4.0283203e+01
   1.4497040e+06   4.1137695e+01
   1.4497170e+06   4.6569824e+01
   1.4497450e+06   3.5766602e+01
   1.4497680e+06   3.5644531e+01
   1.4497870e+06   3.8024902e+01
   1.4617490e+06   3.5217285e+01
   1.4752050e+06   5.0659180e+01
   1.4752260e+06   3.9428711e+01
   1.4864390e+06   3.9367676e+01
   1.4889550e+06   4.3701172e+01
   1.5039780e+06   3.6865234e+01
   1.5042250e+06   4.4067383e+01
   1.5130840e+06   4.1198730e+01
   1.5131000e+06   3.9001465e+01
   1.5190980e+06   3.8513184e+01
   1.5340720e+06   3.9550781e+01
   1.5437450e+06   3.5339355e+01
   1.5452720e+06   4.3090820e+01
   1.5452830e+06   4.8400879e+01
   1.5782890e+06   3.7658691e+01
   1.5876550e+06   4.4189453e+01
   1.5877520e+06   3.7109375e+01
   1.5955730e+06   5.7556152e+01
   1.5956310e+06   3.6743164e+01
   1.6164140e+06   3.9367676e+01
   1.6360800e+06   5.7983398e+01
   1.6361040e+06   4.0039063e+01
   1.6576640e+06   4.4494629e+01
   1.6577610e+06   3.8940430e+01
   1.6715100e+06   3.8635254e+01
   1.6716110e+06   3.9062500e+01
   1.6931330e+06   3.6193848e+01
   1.6944820e+06   5.1025391e+01
   1.6945120e+06   5.2673340e+01
   1.6945260e+06   3.7170410e+01
   1.7055910e+06   3.7963867e+01
   1.7232300e+06   4.1625977e+01
   1.7244750e+06   4.0100098e+01
   1.7379650e+06   3.7597656e+01
   1.7430690e+06   4.0832520e+01
   1.7610770e+06   5.2917480e+01
   1.7611670e+06   5.1269531e+01
   1.7618210e+06   3.5217285e+01
   1.7619940e+06   4.1992188e+01
   1.7621780e+06   3.6132813e+01
   1.7621940e+06   4.8889160e+01
   1.7622120e+06   3.5888672e+01
   1.7629000e+06   4.2785645e+01
   1.7630670e+06   4.6447754e+01
   1.7635230e+06   3.7780762e+01
   1.7636800e+06   3.8330078e+01
   1.7638250e+06   3.7475586e+01
   1.7639140e+06   3.7658691e+01
   1.7646450e+06   4.7241211e+01
   1.7648110e+06   5.7128906e+01
   1.7991720e+06   4.1259766e+01
   1.8298790e+06   3.5949707e+01
   1.8305710e+06   3.7902832e+01
   1.8359500e+06   3.5827637e+01
   1.8574350e+06   4.8461914e+01
   1.8575740e+06   4.6936035e+01
   1.8827320e+06   4.7485352e+01
   1.8921140e+06   4.4799805e+01
   1.9085710e+06   3.6743164e+01
   1.9086070e+06   4.4433594e+01
   1.9087210e+06   4.0771484e+01
   1.9200780e+06   3.8146973e+01
   1.9225860e+06   3.5156250e+01
   1.9406160e+06   3.6254883e+01
   1.9480710e+06   4.7607422e+01
   1.9480990e+06   3.8391113e+01
   1.9551190e+06   3.5400391e+01
   1.9551510e+06   4.2968750e+01
   1.9633690e+06   4.3579102e+01
   1.9634040e+06   3.9489746e+01
   1.9903020e+06   4.1931152e+01
   1.9904170e+06   3.8818359e+01
   1.9906160e+06   4.1381836e+01
   1.9990500e+06   3.6560059e+01
   1.9990820e+06   4.3579102e+01
   2.0045620e+06   4.6203613e+01
   2.0046150e+06   4.3640137e+01
   2.0067140e+06   6.7016602e+01
   2.0067350e+06   4.5654297e+01
   2.0067820e+06   4.2968750e+01
   2.0069380e+06   3.5461426e+01
   2.0192320e+06   6.0241699e+01
   2.0192750e+06   3.6071777e+01
   2.0435030e+06   3.7353516e+01
   2.0436540e+06   3.8024902e+01
   2.0447810e+06   4.6020508e+01
   2.0457280e+06   3.7719727e+01
   2.0457440e+06   3.6621094e+01
   2.0824820e+06   3.8024902e+01
   2.0990760e+06   4.2602539e+01
   2.1053740e+06   4.2541504e+01
   2.1059660e+06   3.5949707e+01
   2.1135310e+06   4.5776367e+01
   2.1192250e+06   3.5522461e+01
   2.1288210e+06   4.5227051e+01
   2.1490150e+06   4.5654297e+01
   2.1490370e+06   4.0039063e+01
   2.1599980e+06   4.0466309e+01
   2.1732960e+06   3.9306641e+01
   2.1935550e+06   3.9672852e+01
   2.1935670e+06   4.0771484e+01
   2.2049120e+06   7.1044922e+01
   2.2049270e+06   3.8085938e+01
   2.2379950e+06   4.1931152e+01
   2.2380180e+06   3.8879395e+01
   2.2382020e+06   3.8146973e+01
   2.2465420e+06   3.8452148e+01
   2.2484890e+06   3.5644531e+01
   2.2551560e+06   3.6560059e+01
   2.2553790e+06   5.4138184e+01
   2.2553920e+06   3.5583496e+01
   2.2566360e+06   3.6560059e+01
   2.2568430e+06   3.6865234e+01
   2.2569290e+06   3.6437988e+01
   2.2574080e+06   3.8024902e+01
   2.2574920e+06   4.1992188e+01
   2.2587640e+06   3.6926270e+01
   2.2588210e+06   4.1503906e+01
   2.2588670e+06   3.7292480e+01
   2.2588880e+06   3.5522461e+01
   2.2828370e+06   3.8391113e+01
   2.3211460e+06   3.5400391e+01
   2.3464460e+06   3.6804199e+01
   2.3541210e+06   4.3395996e+01
   2.3541820e+06   4.5471191e+01
   2.3734300e+06   3.8208008e+01
   2.4259940e+06   4.4982910e+01
   2.4323050e+06   3.9733887e+01
   2.4471890e+06   4.5104980e+01
   2.4628000e+06   3.7414551e+01
   2.4628350e+06   3.6376953e+01
   2.4735440e+06   4.4982910e+01
   2.4737450e+06   3.7536621e+01
   2.4737870e+06   3.7780762e+01
   2.4740020e+06   4.6142578e+01
   2.4741250e+06   3.9733887e+01
   2.4752540e+06   3.5461426e+01
   2.4753170e+06   3.8757324e+01
   2.4765390e+06   3.5095215e+01
   2.4859590e+06   4.0954590e+01
   2.5621250e+06   3.5949707e+01
   2.5811730e+06   5.1452637e+01
   2.5816910e+06   4.8889160e+01
   2.6030420e+06   3.8330078e+01
   2.6193590e+06   3.5095215e+01
   2.6199230e+06   3.5522461e+01
   2.6199380e+06   3.8391113e+01
   2.6199580e+06   5.5664063e+01
   2.6346750e+06   5.2124023e+01
   2.6346890e+06   4.7485352e+01
   2.6438260e+06   4.1687012e+01
   2.6477040e+06   3.8085938e+01
   2.6802600e+06   3.6743164e+01
   2.6803200e+06   4.6752930e+01
   2.6986220e+06   4.3884277e+01
   2.6988530e+06   4.1870117e+01
   2.7062780e+06   5.2490234e+01
   2.7063020e+06   5.4504395e+01
   2.7194660e+06   3.8940430e+01
   2.7194850e+06   5.2124023e+01
   2.7195440e+06   3.9794922e+01
   2.7299090e+06   4.2541504e+01
   2.7299290e+06   5.2856445e+01
   2.7398030e+06   4.0405273e+01
   2.7695330e+06   3.7475586e+01
   2.7796400e+06   3.8757324e+01
   2.7976010e+06   3.7658691e+01
   2.7976460e+06   4.5288086e+01
   2.8053890e+06   3.5095215e+01
   2.8148270e+06   3.6987305e+01
   2.8151430e+06   3.7292480e+01
   2.8154110e+06   3.6743164e+01
   2.8154440e+06   3.6499023e+01
   2.8156170e+06   3.5522461e+01
   2.8156940e+06   3.7475586e+01
   2.8164160e+06   3.5278320e+01
   2.8263020e+06   3.6987305e+01
   2.8264310e+06   4.2175293e+01
   2.8265550e+06   4.2358398e+01
   2.8281630e+06   3.5583496e+01
   2.8454350e+06   3.6804199e+01
   2.8454470e+06   3.5827637e+01
   2.8675480e+06   3.6010742e+01
   2.8675630e+06   4.7058105e+01
   2.8747370e+06   4.0710449e+01
   2.8748940e+06   3.9245605e+01
   2.8945000e+06   4.2907715e+01
   2.8945190e+06   4.8950195e+01
   2.8945500e+06   3.8085938e+01
   2.9147640e+06   4.2114258e+01
   2.9171080e+06   3.8757324e+01
   2.9221500e+06   4.8950195e+01
   2.9221910e+06   3.9428711e+01
   2.9347620e+06   7.9650879e+01
   2.9347890e+06   3.7597656e+01
   2.9540220e+06   3.5034180e+01
   2.9541880e+06   4.9743652e+01
   2.9683870e+06   4.6569824e+01
   2.9853700e+06   4.1198730e+01
   2.9853850e+06   3.6437988e+01
   3.0029150e+06   3.7353516e+01
   3.0066160e+06   4.2907715e+01
   3.0066310e+06   5.3466797e+01
   3.0066930e+06   3.8513184e+01
   3.0224130e+06   3.7109375e+01
   3.0311280e+06   3.9733887e+01
   3.0413480e+06   3.7597656e+01
   3.0413750e+06   5.1879883e+01
   3.0534590e+06   5.4931641e+01
   3.0714810e+06   4.5654297e+01
   3.0715630e+06   4.9743652e+01
   3.0725300e+06   4.0222168e+01
   3.0876520e+06   4.3457031e+01
   3.0877770e+06   4.1259766e+01
   3.0958470e+06   4.0954590e+01
   3.0959430e+06   3.5644531e+01
   3.0964010e+06   4.1992188e+01
   3.0965730e+06   4.1992188e+01
   3.0968350e+06   3.6499023e+01
   3.0969290e+06   3.6804199e+01
   3.0970400e+06   3.5156250e+01
   3.0970500e+06   3.6010742e+01
   3.1063970e+06   3.8391113e+01
   3.1250550e+06   3.6499023e+01
   3.1251380e+06   3.9062500e+01
   3.1377090e+06   3.5156250e+01
   3.1382600e+06   4.3029785e+01
   3.1736390e+06   3.9794922e+01
   3.1741160e+06   3.9550781e+01
   3.2062020e+06   3.8085938e+01
   3.2071370e+06   3.6010742e+01
   3.2159180e+06   3.5217285e+01
   3.2300380e+06   3.7231445e+01
   3.2473610e+06   4.5837402e+01
   3.2478380e+06   3.6071777e+01
   3.2676250e+06   3.6132813e+01
   3.2853590e+06   4.6630859e+01
   3.2858590e+06   4.0649414e+01
   3.2919120e+06   4.2968750e+01
   3.2919570e+06   4.1137695e+01
   3.2920780e+06   3.7536621e+01
   3.2927510e+06   3.6437988e+01
   3.2930510e+06   4.1015625e+01
   3.2931550e+06   3.7170410e+01
   3.3143040e+06   3.8757324e+01
   3.3673730e+06   3.5766602e+01
   3.3673950e+06   4.8156738e+01
   3.3674250e+06   4.1687012e+01
   3.3790170e+06   4.4616699e+01
   3.3864660e+06   3.9123535e+01
   3.3864890e+06   3.8024902e+01
   3.3941000e+06   3.6743164e+01
   3.3985790e+06   4.5410156e+01
   3.4177780e+06   4.9316406e+01
   3.4177940e+06   3.8146973e+01
   3.4272810e+06   3.5095215e+01
   3.4273180e+06   3.9367676e+01
   3.4275130e+06   3.7963867e+01
   3.4376470e+06   3.6071777e+01
   3.4486600e+06   3.5888672e+01
   3.4667880e+06   3.6499023e+01
   3.4744250e+06   3.8085938e+01
   3.4744530e+06   3.8452148e+01
   3.4872970e+06   3.5400391e+01
   3.4873240e+06   3.9428711e+01
   3.5061830e+06   3.5705566e+01
   3.5065590e+06   3.8879395e+01
   3.5152600e+06   5.4138184e+01
   3.5152920e+06   3.9855957e+01
   3.5163180e+06   3.8574219e+01
   3.5277370e+06   4.4311523e+01
   3.5277810e+06   4.3762207e+01
   3.5280390e+06   3.5156250e+01
   3.5503480e+06   4.1320801e+01
   3.5825800e+06   3.6132813e+01
   3.5865020e+06   4.2846680e+01
   3.5866340e+06   3.5217285e+01
   3.5877380e+06   4.3334961e+01
   3.5970940e+06   4.0039063e+01
   3.6040090e+06   3.5278320e+01
   3.6111100e+06   4.5043945e+01
   3.6111290e+06   3.7292480e+01
   3.6111440e+06   3.8269043e+01
   3.6238370e+06   4.2175293e+01
   3.6491760e+06   3.6010742e+01
   3.6609570e+06   3.6560059e+01
   3.6609930e+06   4.3395996e+01
   3.6693780e+06   3.6437988e+01
   3.6807720e+06   3.8208008e+01
   3.6810290e+06   3.7292480e+01
   3.6871040e+06   3.5034180e+01
   3.6998720e+06   3.5766602e+01
   3.7134130e+06   3.9733887e+01
   3.7134640e+06   3.8635254e+01
   3.7333140e+06   3.8696289e+01
   3.7333330e+06   4.3701172e+01
   3.7717890e+06   3.8879395e+01
   3.7719290e+06   3.6071777e+01
   3.7925550e+06   3.6499023e+01
   3.8073280e+06   4.1870117e+01
   3.8076490e+06   4.6752930e+01
   3.8286690e+06   4.2724609e+01
   3.8374800e+06   4.0588379e+01
   3.8374910e+06   4.3945313e+01
   3.8375300e+06   4.4128418e+01
   3.8509670e+06   3.5705566e+01
   3.8687900e+06   3.5034180e+01
   3.8688770e+06   3.5095215e+01
   3.8826320e+06   3.8085938e+01
   3.8868320e+06   3.5156250e+01
   3.8868440e+06   5.3222656e+01
   3.9049790e+06   3.6865234e+01
   3.9074680e+06   4.2663574e+01
   3.9075470e+06   3.5827637e+01
   3.9082800e+06   3.7109375e+01
   3.9285860e+06   3.5156250e+01
   3.9394170e+06   4.1076660e+01
   3.9394300e+06   4.0161133e+01
   3.9394410e+06   3.7292480e+01
   3.9459090e+06   3.9306641e+01
   3.9459510e+06   3.9001465e+01
   3.9539430e+06   3.7841797e+01
   3.9759890e+06   3.6743164e+01
   3.9760780e+06   4.2846680e+01
   3.9761200e+06   3.8085938e+01
   3.9868610e+06   4.0771484e+01
   3.9873650e+06   4.1381836e+01
   3.9876920e+06   4.5471191e+01
   4.0058400e+06   4.6752930e+01
   4.0058770e+06   3.5583496e+01
   4.0260390e+06   5.7678223e+01
   4.0260520e+06   4.1748047e+01
   4.0280810e+06   3.7414551e+01
   4.0371660e+06   4.6264648e+01
   4.0371840e+06   4.1381836e+01
   4.0372060e+06   4.7058105e+01
   4.0577090e+06   3.7231445e+01
   4.0646080e+06   4.1259766e+01
   4.0744220e+06   4.6020508e+01
   4.0958110e+06   3.8085938e+01
   4.0959470e+06   3.7231445e+01
   4.1032480e+06   4.0649414e+01
   4.1115130e+06   4.9438477e+01
   4.1332150e+06   3.5949707e+01
   4.1410670e+06   4.9987793e+01
   4.1410780e+06   3.8269043e+01
   4.1417700e+06   4.4921875e+01
   4.1417920e+06   3.6193848e+01
   4.1418150e+06   4.4433594e+01
   4.1604010e+06   3.5705566e+01
   4.1619480e+06   5.7006836e+01
   4.1708490e+06   3.8208008e+01
   4.1882380e+06   3.7292480e+01
   4.1957220e+06   3.5217285e+01
   4.1957560e+06   3.6193848e+01
   4.2183810e+06   6.1157227e+01
   4.2184190e+06   3.7719727e+01
   4.2345310e+06   4.1625977e+01
   4.2357570e+06   4.2846680e+01
   4.2357730e+06   3.7963867e+01
   4.2571020e+06   3.7231445e+01
   4.2571150e+06   4.6936035e+01
   4.2571580e+06   3.6010742e+01
   4.2663440e+06   3.7292480e+01
   4.2895950e+06   4.0039063e+01
   4.3123870e+06   3.8940430e+01
   4.3243940e+06   4.9987793e+01
   4.3244540e+06   4.5227051e+01
   4.3244690e+06   3.5583496e+01
   4.3560100e+06   4.1931152e+01
   4.3641510e+06   3.6071777e+01
   4.3769170e+06   4.0527344e+01
   4.3857320e+06   4.8461914e+01
   4.4065590e+06   4.0405273e+01
   4.4131020e+06   4.3334961e+01
   4.4305350e+06   3.6376953e+01
   4.4386380e+06   3.5034180e+01
   4.4386660e+06   4.5288086e+01
   4.4386760e+06   4.0893555e+01
   4.4491550e+06   4.1381836e+01
   4.4491770e+06   4.0466309e+01
   4.4656850e+06   3.8452148e+01
   4.4657170e+06   3.8452148e+01
   4.4783880e+06   3.9184570e+01
   4.4847590e+06   3.9367676e+01
   4.4847850e+06   3.7475586e+01
   4.4848280e+06   3.6071777e+01
   4.4854040e+06   4.2846680e+01
   4.5012500e+06   3.5705566e+01
   4.5012600e+06   6.2377930e+01
   4.5013180e+06   3.5522461e+01
   4.5084990e+06   6.5185547e+01
   4.5085100e+06   5.3161621e+01
   4.5085310e+06   4.3945313e+01
   4.5205990e+06   3.6071777e+01
   4.5297980e+06   4.2968750e+01
   4.5298270e+06   4.2053223e+01
   4.5299170e+06   3.8024902e+01
   4.5478580e+06   5.7983398e+01
   4.5478680e+06   7.1472168e+01
   4.5478800e+06   5.2856445e+01
   4.5479130e+06   3.7231445e+01
   4.5479380e+06   4.5288086e+01
   4.5661190e+06   3.9123535e+01
   4.5661660e+06   3.9672852e+01
   4.5661900e+06   3.6926270e+01
   4.5662070e+06   4.7058105e+01
   4.5663200e+06   4.6875000e+01
   4.5684570e+06   3.9306641e+01
   4.5847640e+06   4.2968750e+01
   4.5856470e+06   3.6499023e+01
   4.5916850e+06   3.7475586e+01
   4.5919590e+06   3.9855957e+01
   4.5919690e+06   3.7048340e+01
   4.5920410e+06   3.9306641e+01
   4.6014350e+06   4.9621582e+01
   4.6014520e+06   5.3344727e+01
   4.6014910e+06   4.1442871e+01
   4.6015360e+06   3.5644531e+01
   4.6015590e+06   3.7841797e+01
   4.6020740e+06   3.5644531e+01
   4.6023010e+06   3.9489746e+01
   4.6299820e+06   4.1625977e+01
   4.6300620e+06   3.5461426e+01
   4.6301680e+06   3.5034180e+01
   4.6302780e+06   3.7719727e+01
   4.6450940e+06   3.8085938e+01
   4.6451220e+06   3.6437988e+01
   4.6464830e+06   3.5888672e+01
   4.6564500e+06   4.5104980e+01
   4.6564790e+06   3.9794922e+01
   4.6565500e+06   4.4128418e+01
   4.6569190e+06   4.7668457e+01
   4.6571250e+06   3.8818359e+01
   4.6576920e+06   3.5583496e+01
   4.6583120e+06   3.6621094e+01
   4.6758940e+06   3.8024902e+01
   4.6759570e+06   4.1320801e+01
   4.6760150e+06   3.5522461e+01
   4.6760360e+06   3.6804199e+01
   4.6853320e+06   3.6865234e+01
   4.6853530e+06   3.5156250e+01
   4.6853690e+06   5.2062988e+01
   4.6854050e+06   3.7475586e+01
   4.6854250e+06   4.0283203e+01
   4.6854750e+06   4.6569824e+01
   4.6860520e+06   3.6254883e+01
   4.6970650e+06   4.1992188e+01
   4.6971230e+06   4.4555664e+01
   4.6971580e+06   4.0710449e+01
   4.7120520e+06   3.8940430e+01
   4.7120660e+06   5.7495117e+01
   4.7120810e+06   4.6020508e+01
   4.7121260e+06   3.7109375e+01
   4.7126510e+06   3.7658691e+01
   4.7129950e+06   3.6743164e+01
   4.7246110e+06   4.1687012e+01
   4.7246640e+06   4.8950195e+01
   4.7248080e+06   4.0466309e+01
   4.7248670e+06   3.5095215e+01
   4.7252650e+06   3.6254883e+01
   4.7389900e+06   4.1625977e+01
   4.7390390e+06   4.2358398e+01
   4.7391040e+06   3.8696289e+01
   4.7391150e+06   3.7048340e+01
   4.7395230e+06   4.2297363e+01
   4.7504320e+06   3.5217285e+01
   4.7504630e+06   4.0222168e+01
   4.7504730e+06   3.8879395e+01
   4.7504880e+06   7.1533203e+01
   4.7505250e+06   3.7719727e+01
   4.7505470e+06   4.2114258e+01
   4.7517130e+06   3.5095215e+01
   4.7620860e+06   3.5034180e+01
   4.7621200e+06   7.1899414e+01
   4.7621480e+06   4.3457031e+01
   4.7621710e+06   4.6936035e+01
   4.7621890e+06   4.2907715e+01
   4.7734140e+06   4.1137695e+01
   4.7734990e+06   5.5358887e+01
   4.7837650e+06   3.5705566e+01
   4.7838100e+06   5.5114746e+01
   4.7838290e+06   4.0161133e+01
   4.7838510e+06   4.8645020e+01
   4.7838850e+06   3.6376953e+01
   4.7949670e+06   4.8583984e+01
   4.7949790e+06   5.8471680e+01
   4.7950040e+06   4.5104980e+01
   4.7950490e+06   3.6621094e+01
   4.8078390e+06   3.5278320e+01
   4.8079020e+06   3.5705566e+01
   4.8079140e+06   3.9916992e+01
   4.8079420e+06   3.8635254e+01
   4.8079750e+06   3.5583496e+01
   4.8080190e+06   3.9672852e+01
   4.8178820e+06   4.4494629e+01
   4.8179270e+06   4.1870117e+01
   4.8179570e+06   3.8330078e+01
   4.8180140e+06   3.6071777e+01
   4.8180880e+06   3.8696289e+01
   4.8286460e+06   4.8706055e+01
   4.8286750e+06   6.8664551e+01
   4.8287020e+06   3.7170410e+01
   4.8287280e+06   4.4250488e+01
   4.8287680e+06   3.6254883e+01
   4.8295990e+06   3.7353516e+01
   4.8303130e+06   3.9978027e+01
   4.8496730e+06   3.6621094e+01
   4.8496980e+06   6.4147949e+01
   4.8497450e+06   4.0466309e+01
   4.8497730e+06   3.9489746e+01
   4.8512910e+06   3.5278320e+01
   4.8664920e+06   3.7048340e+01
   4.8665550e+06   5.7861328e+01
   4.8666500e+06   3.9001465e+01
   4.8701110e+06   4.4311523e+01
   4.8701460e+06   4.4372559e+01
   4.8701570e+06   5.1269531e+01
   4.8701820e+06   4.2846680e+01
   4.8701940e+06   4.4250488e+01
   4.8702950e+06   4.0527344e+01
   4.8707320e+06   3.8757324e+01
   4.9007300e+06   3.9489746e+01
   4.9007720e+06   3.9062500e+01
   4.9007950e+06   3.8452148e+01
   4.9008100e+06   3.5339355e+01
   4.9012890e+06   3.6560059e+01
   4.9153270e+06   4.5959473e+01
   4.9153570e+06   5.3405762e+01
   4.9153710e+06   4.4738770e+01
   4.9153910e+06   3.6560059e+01
   4.9154110e+06   3.6376953e+01
   4.9154220e+06   3.9489746e+01
   4.9154390e+06   4.0039063e+01
   4.9275070e+06   4.2236328e+01
   4.9275400e+06   6.4270020e+01
   4.9275500e+06   3.9489746e+01
   4.9275600e+06   3.9428711e+01
   4.9275960e+06   4.0283203e+01
   4.9276100e+06   3.8085938e+01
   4.9382390e+06   3.7963867e+01
   4.9383030e+06   3.8146973e+01
   4.9383380e+06   4.0527344e+01
   4.9383760e+06   3.8391113e+01
   4.9384060e+06   4.3090820e+01
   4.9635210e+06   3.7963867e+01
   4.9636020e+06   4.3457031e+01
   4.9637630e+06   3.7841797e+01
   4.9638440e+06   3.9489746e+01
   4.9880680e+06   3.9733887e+01
   4.9881110e+06   4.2724609e+01
   4.9881400e+06   3.9489746e+01
   4.9881690e+06   3.6193848e+01
   4.9896920e+06   3.5217285e+01
   4.9898370e+06   3.8513184e+01
   5.0202740e+06   5.5480957e+01
   5.0203060e+06   5.0415039e+01
   5.0203340e+06   3.8757324e+01
   5.0203590e+06   4.6508789e+01
   5.0343500e+06   3.8818359e+01
   5.0343720e+06   3.7902832e+01
   5.0344440e+06   4.4372559e+01
   5.0365630e+06   3.5705566e+01
   5.0366180e+06   3.8940430e+01
   5.0484540e+06   4.3151855e+01
   5.0484750e+06   4.4311523e+01
   5.0484890e+06   3.9306641e+01
   5.0485040e+06   3.5766602e+01
   5.0522640e+06   5.3344727e+01
   5.0522950e+06   4.1870117e+01
   5.0523080e+06   4.7912598e+01
   5.0523350e+06   4.0405273e+01
   5.0523550e+06   3.5034180e+01
   5.0528910e+06   3.6987305e+01
   5.0875310e+06   4.1870117e+01
   5.0875500e+06   4.8156738e+01
   5.0876100e+06   4.3395996e+01
   5.0876440e+06   3.5461426e+01
   5.0876850e+06   3.9245605e+01
   5.0883880e+06   3.5949707e+01
   5.1047770e+06   4.6997070e+01
   5.1048000e+06   3.5522461e+01
   5.1049350e+06   4.2358398e+01
   5.1225190e+06   4.1198730e+01
   5.1225590e+06   3.8452148e+01
   5.1225880e+06   4.2297363e+01
   5.1226050e+06   3.5766602e+01
   5.1234030e+06   4.3457031e+01
   5.1266730e+06   3.5644531e+01
   5.1267030e+06   4.5715332e+01
   5.1267270e+06   4.3273926e+01
   5.1272700e+06   3.5278320e+01
   5.1555200e+06   4.2480469e+01
   5.1555700e+06   4.1625977e+01
   5.1555800e+06   3.5949707e+01
   5.1556180e+06   3.9428711e+01
   5.1561160e+06   3.9978027e+01
   5.1593330e+06   3.6193848e+01
   5.1593560e+06   4.0405273e+01
   5.1593840e+06   4.1625977e+01
   5.1594350e+06   4.2175293e+01
   5.1801450e+06   4.4677734e+01
   5.1801750e+06   6.9946289e+01
   5.1802390e+06   3.9611816e+01
   5.1802630e+06   4.0588379e+01
   5.1802850e+06   3.6254883e+01
   5.1982920e+06   4.4921875e+01
   5.2113000e+06   4.0954590e+01
   5.2113440e+06   4.3518066e+01
   5.2114580e+06   3.5522461e+01
   5.2144130e+06   5.0781250e+01
   5.2144280e+06   4.2541504e+01
   5.2144730e+06   4.5898438e+01
   5.2144880e+06   3.6743164e+01
   5.2145210e+06   4.2968750e+01
   5.2151480e+06   3.6193848e+01
   5.2342710e+06   4.1137695e+01
   5.2343020e+06   5.2978516e+01
   5.2343440e+06   4.4677734e+01
   5.2343660e+06   4.3701172e+01
   5.2488780e+06   3.6315918e+01
   5.2489050e+06   5.0842285e+01
   5.2489480e+06   3.8208008e+01
   5.2687770e+06   3.5766602e+01
   5.2687900e+06   4.0283203e+01
   5.2688190e+06   5.1513672e+01
   5.2689000e+06   3.5522461e+01
   5.2861240e+06   3.8330078e+01
   5.2962740e+06   3.8085938e+01
   5.2963300e+06   7.9772949e+01
   5.4372950e+06   3.7597656e+01
   5.4622640e+06   4.6875000e+01
   5.4997120e+06   3.9489746e+01
   5.5096650e+06   3.7353516e+01
   5.5099390e+06   3.6437988e+01
   5.5099760e+06   4.8034668e+01
   5.5101550e+06   3.8146973e+01
   5.5111880e+06   3.7536621e+01
   5.5398590e+06   5.0659180e+01
   5.5894430e+06   4.0161133e+01
   5.5894850e+06   3.7109375e+01
   5.6320810e+06   3.5888672e+01
   5.6321470e+06   3.6376953e+01
   5.6322540e+06   4.1870117e+01
   5.6764820e+06   4.7424316e+01
   5.6817130e+06   3.9794922e+01
   5.7666620e+06   5.1879883e+01
   5.7759060e+06   3.9550781e+01
   5.7897770e+06   4.0161133e+01
   5.7899720e+06   4.2236328e+01
   5.7901630e+06   4.3945313e+01
   5.7910160e+06   3.7231445e+01
   5.7978370e+06   4.6447754e+01
   5.8048290e+06   5.4626465e+01
   5.8058620e+06   3.9978027e+01
   5.8468810e+06   3.6560059e+01
   5.8518660e+06   4.1137695e+01
   5.8594900e+06   3.7475586e+01
   5.8677770e+06   4.1076660e+01
   5.8723510e+06   3.7658691e+01
   5.8906920e+06   4.0222168e+01
   5.8907940e+06   4.4189453e+01
   5.9094840e+06   3.6071777e+01
   5.9292400e+06   3.8146973e+01
   5.9404850e+06   4.1442871e+01
   5.9470210e+06   3.9489746e+01
   5.9543060e+06   4.1931152e+01
   5.9636950e+06   3.5034180e+01
   5.9639250e+06   4.6142578e+01
   5.9643290e+06   3.5400391e+01
   5.9850960e+06   4.3090820e+01
   5.9948070e+06   3.8879395e+01
   6.0050240e+06   4.0893555e+01
   6.0510400e+06   4.0283203e+01
   6.0512730e+06   4.6875000e+01
   6.0513010e+06   3.5644531e+01
   6.0514630e+06   3.6376953e+01
   6.0745920e+06   3.9428711e+01
   6.1001780e+06   4.2053223e+01
   6.1078470e+06   3.5156250e+01
   6.1517590e+06   3.9611816e+01
   6.1632700e+06   3.8696289e+01
   6.1633030e+06   3.6071777e+01
   6.1661810e+06   3.5644531e+01
   6.1821450e+06   4.6752930e+01
   6.1832220e+06   3.8085938e+01
   6.1912490e+06   3.6926270e+01
   6.2130690e+06   4.3823242e+01
   6.2206220e+06   4.4738770e+01
   6.2293320e+06   4.1259766e+01
   6.2305290e+06   4.5471191e+01
   6.2789650e+06   5.0964355e+01
   6.2863480e+06   3.7963867e+01
   6.2864060e+06   3.9062500e+01
   6.2933720e+06   4.4006348e+01
   6.3028920e+06   3.5644531e+01
   6.3094080e+06   4.2114258e+01
   6.3095720e+06   4.4067383e+01
   6.3100500e+06   3.9794922e+01
   6.3154120e+06   3.6804199e+01
   6.3264710e+06   4.1198730e+01
   6.3453540e+06   3.8513184e+01
   6.3559990e+06   4.4494629e+01
   6.3568960e+06   3.6987305e+01
   6.3720870e+06   3.6376953e+01
   6.3800520e+06   3.5705566e+01
   6.4039940e+06   3.7109375e+01
   6.4040900e+06   3.6621094e+01
   6.4181420e+06   3.8452148e+01
   6.4181650e+06   3.9245605e+01
   6.4560260e+06   4.5043945e+01
   6.4569070e+06   3.5766602e+01
   6.4571980e+06   3.5766602e+01
   6.4736600e+06   4.4677734e+01
   6.4811220e+06   3.9672852e+01
   6.5216630e+06   4.2236328e+01
   6.5219640e+06   5.0659180e+01
   6.5306450e+06   3.7536621e+01
   6.5307750e+06   4.4006348e+01
   6.5447550e+06   4.4250488e+01
   6.5535580e+06   3.8696289e+01
   6.5618450e+06   3.9489746e+01
   6.5618600e+06   3.5095215e+01
   6.5620760e+06   4.1381836e+01
   6.5726670e+06   3.7048340e+01
   6.5837910e+06   4.2419434e+01
   6.5939270e+06   4.1076660e+01
   6.6035340e+06   3.7048340e+01
   6.6157420e+06   3.9367676e+01
   6.6158890e+06   3.7536621e+01
   6.6309420e+06   3.5644531e+01
   6.6310340e+06   4.0222168e+01
   6.6318210e+06   3.5278320e+01
   6.6411340e+06   3.5339355e+01
   6.6623660e+06   3.5888672e+01
   6.6623920e+06   3.9062500e+01
   6.6624840e+06   5.7800293e+01
   6.6625520e+06   3.5583496e+01
   6.6709840e+06   3.8208008e+01
   6.6710560e+06   4.4738770e+01
   6.6710710e+06   3.9550781e+01
   6.6711280e+06   4.5654297e+01
   6.6717290e+06   3.6254883e+01
   6.6717700e+06   3.5156250e+01
   6.7044720e+06   7.5317383e+01
   6.7045360e+06   3.5644531e+01
   6.7045880e+06   3.6987305e+01
   6.7090630e+06   3.5095215e+01
   6.7090870e+06   4.4067383e+01
   6.7091110e+06   5.4199219e+01
   6.7091260e+06   3.5888672e+01
   6.7091470e+06   4.1442871e+01
   6.7091730e+06   4.3884277e+01
   6.7092370e+06   3.7292480e+01
   6.7097950e+06   4.0466309e+01
   6.7104390e+06   3.5766602e+01
   6.7106690e+06   3.8208008e+01
   6.7382450e+06   4.2785645e+01
   6.7382980e+06   4.2480469e+01
   6.7383580e+06   4.0466309e+01
   6.7512040e+06   3.7414551e+01
   6.7512230e+06   5.4748535e+01
   6.7637910e+06   3.7170410e+01
   6.7638130e+06   4.1015625e+01
   6.7786290e+06   3.8146973e+01
   6.7786690e+06   4.3823242e+01
   6.7787350e+06   3.6376953e+01
   6.7916920e+06   4.8034668e+01
   6.7917770e+06   3.9672852e+01
   6.8066910e+06   5.0720215e+01
   6.8067070e+06   7.7453613e+01
   6.8068540e+06   3.7048340e+01
   6.8069310e+06   3.9306641e+01
   6.8265470e+06   3.9550781e+01
   6.8269820e+06   3.8024902e+01
   6.8415160e+06   4.8889160e+01
   6.8415340e+06   3.5827637e+01
   6.8416050e+06   4.2602539e+01
   6.8419410e+06   3.6010742e+01
   6.8419960e+06   5.3833008e+01
   6.8471450e+06   3.8391113e+01
   6.8472270e+06   3.9428711e+01
   6.8472590e+06   4.1381836e+01
   6.8481380e+06   4.0466309e+01
   6.8623080e+06   4.3701172e+01
   6.8623280e+06   3.9611816e+01
   6.8623580e+06   5.1208496e+01
   6.8623780e+06   3.9123535e+01
   6.8623960e+06   4.1381836e+01
   6.8624360e+06   3.5034180e+01
   6.8630250e+06   3.7963867e+01
   6.8632330e+06   4.0588379e+01
   6.8768930e+06   4.3762207e+01
   6.8769230e+06   4.3579102e+01
   6.8769840e+06   3.5766602e+01
   6.8770370e+06   3.6560059e+01
   6.8912600e+06   3.6071777e+01
   6.8913050e+06   4.0283203e+01
   6.8913990e+06   3.6376953e+01
   6.9064370e+06   4.3701172e+01
   6.9064810e+06   3.5766602e+01
   6.9065160e+06   3.5217285e+01
   6.9065520e+06   3.5766602e+01
   6.9070890e+06   3.5156250e+01
   6.9074680e+06   3.5278320e+01
   6.9212820e+06   4.1748047e+01
   6.9213080e+06   4.1687012e+01
   6.9213820e+06   4.1564941e+01
   6.9214050e+06   4.6630859e+01
   6.9341510e+06   3.5339355e+01
   6.9342100e+06   4.3273926e+01
   6.9342420e+06   3.8208008e+01
   6.9342640e+06   3.9855957e+01
   6.9359330e+06   3.6193848e+01
   6.9359550e+06   4.7546387e+01
   6.9471690e+06   4.1137695e+01
   6.9472230e+06   3.7597656e+01
   6.9472490e+06   4.1687012e+01
   6.9472820e+06   4.0466309e+01
   6.9473870e+06   3.7048340e+01
   6.9584310e+06   4.7119141e+01
   6.9584540e+06   3.8940430e+01
   6.9584770e+06   4.7302246e+01
   6.9584950e+06   4.1992188e+01
   6.9585480e+06   3.5644531e+01
   6.9585700e+06   3.5705566e+01
   6.9714470e+06   3.9733887e+01
   6.9714980e+06   5.6457520e+01
   6.9715240e+06   3.7902832e+01
   6.9715510e+06   4.3823242e+01
   6.9715610e+06   3.9062500e+01
   6.9716130e+06   3.8024902e+01
   6.9716700e+06   3.6315918e+01
   6.9721580e+06   3.6376953e+01
   6.9891030e+06   4.2419434e+01
   6.9891190e+06   4.3945313e+01
   6.9891700e+06   4.2846680e+01
   6.9892260e+06   3.5949707e+01
   6.9893140e+06   3.5217285e+01
   6.9901990e+06   3.6621094e+01
   7.0055490e+06   7.9345703e+01
   7.0055620e+06   3.9245605e+01
   7.0056040e+06   4.0222168e+01
   7.0057220e+06   4.3823242e+01
   7.0228130e+06   4.1992188e+01
   7.0228380e+06   4.7241211e+01
   7.0228910e+06   3.9123535e+01
   7.0229070e+06   3.9306641e+01
   7.0238240e+06   3.7048340e+01
   7.0375940e+06   3.6682129e+01
   7.0376070e+06   3.9489746e+01
   7.0376280e+06   4.0344238e+01
   7.0376650e+06   3.9184570e+01
   7.0377690e+06   3.5095215e+01
   7.0529080e+06   4.5532227e+01
   7.0529340e+06   4.2358398e+01
   7.0529870e+06   4.7119141e+01
   7.0530120e+06   5.3405762e+01
   7.0530870e+06   3.8574219e+01
   7.0689950e+06   3.8391113e+01
   7.0690260e+06   4.7241211e+01
   7.0834150e+06   3.9794922e+01
   7.0997750e+06   4.8156738e+01
   7.0997900e+06   3.9672852e+01
   7.1192060e+06   4.7912598e+01
   7.1192940e+06   4.1137695e+01
   7.1372590e+06   3.8513184e+01
   7.1377910e+06   3.5583496e+01
   7.1378330e+06   4.5043945e+01
   7.1605880e+06   3.5583496e+01
   7.1606950e+06   3.7780762e+01
   7.1889690e+06   3.5339355e+01
   7.2035790e+06   3.5339355e+01
   7.2048200e+06   3.8635254e+01
   7.2228900e+06   5.5114746e+01
   7.2309390e+06   3.8940430e+01
   7.2313680e+06   4.0100098e+01
   7.2485390e+06   4.1564941e+01
   7.2767110e+06   3.5522461e+01
   7.2922870e+06   5.0476074e+01
   7.3578620e+06   4.4555664e+01
   7.3620240e+06   3.9855957e+01
   7.3620750e+06   4.6081543e+01
   7.3883350e+06   4.2602539e+01
   7.3884740e+06   3.9306641e+01
   7.3885990e+06   3.6315918e+01
   7.4105070e+06   3.6254883e+01
   7.4264070e+06   3.9733887e+01
   7.4366640e+06   3.7780762e+01
   7.4377820e+06   3.5339355e+01
   7.4380570e+06   3.5217285e+01
   7.4592660e+06   4.2480469e+01
   7.4621990e+06   3.8085938e+01
   7.4622870e+06   3.5095215e+01
   7.4628260e+06   3.7658691e+01
   7.4847130e+06   4.1748047e+01
   7.4847470e+06   3.6132813e+01
   7.4983460e+06   3.7536621e+01
   7.4983730e+06   4.3212891e+01
   7.5013800e+06   3.6682129e+01
   7.5014150e+06   5.5358887e+01
   7.5014320e+06   3.6865234e+01
   7.5254620e+06   4.5166016e+01
   7.5326800e+06   4.4616699e+01
   7.5328480e+06   3.6071777e+01
   7.5332620e+06   3.6499023e+01
   7.5488570e+06   4.1564941e+01
   7.6107040e+06   3.6865234e+01
   7.6303440e+06   4.7058105e+01
   7.6382480e+06   4.1870117e+01
   7.6603330e+06   3.8879395e+01
   7.6615740e+06   3.5339355e+01
   7.6989700e+06   3.7109375e+01
   7.7117380e+06   3.6071777e+01
   7.7218090e+06   4.7851563e+01
   7.7451960e+06   3.8208008e+01
   7.7477020e+06   3.5339355e+01
   7.7478640e+06   3.5827637e+01
   7.7951810e+06   3.6071777e+01
   7.8136560e+06   5.2307129e+01
   7.8137140e+06   3.5461426e+01
   7.8227140e+06   3.5400391e+01
   7.8313950e+06   3.5461426e+01
   7.8345580e+06   3.6499023e+01
   7.8507750e+06   5.4992676e+01
   7.8555840e+06   4.0100098e+01
   7.8703090e+06   3.7048340e+01
   7.8802720e+06   4.3640137e+01
   7.8819430e+06   3.5278320e+01
   7.8827800e+06   4.2541504e+01
   7.9052800e+06   4.0161133e+01
   7.9055700e+06   4.2236328e+01
   7.9298020e+06   3.5827637e+01
   7.9380720e+06   3.9916992e+01
   7.9429790e+06   4.2724609e+01
   7.9481130e+06   3.8757324e+01
   7.9675170e+06   4.2419434e+01
   7.9686880e+06   3.6560059e+01
   7.9882810e+06   3.5034180e+01
   7.9886910e+06   3.9611816e+01
   8.0145810e+06   4.0771484e+01
   8.0542380e+06   4.4311523e+01
   8.0546560e+06   3.7536621e+01
   8.0694910e+06   3.7353516e+01
   8.0708210e+06   3.7658691e+01
   8.0919810e+06   3.5705566e+01
   8.1048480e+06   4.4372559e+01
   8.1051790e+06   3.8940430e+01
   8.1181110e+06   3.9978027e+01
   8.1181230e+06   3.5156250e+01
   8.1185560e+06   3.6682129e+01
   8.1347390e+06   4.1503906e+01
   8.1351400e+06   3.7536621e+01
   8.1586780e+06   3.8146973e+01
   8.1672780e+06   3.5278320e+01
   8.1770960e+06   3.5156250e+01
   8.1771640e+06   3.5339355e+01
   8.1772420e+06   4.6081543e+01
   8.1878000e+06   4.6997070e+01
   8.1902380e+06   3.5400391e+01
   8.1956580e+06   3.6193848e+01
   8.1962780e+06   3.7109375e+01
   8.2179840e+06   3.6621094e+01
   8.2181400e+06   3.5034180e+01
   8.2182960e+06   3.9428711e+01
   8.2376960e+06   3.6132813e+01
   8.2562820e+06   3.6315918e+01
   8.2563610e+06   3.9794922e+01
   8.2651750e+06   3.6926270e+01
   8.2653630e+06   3.6010742e+01
   8.2918000e+06   4.0649414e+01
   8.2918570e+06   3.9062500e+01
   8.2920050e+06   3.7719727e+01
   8.3075890e+06   4.9255371e+01
   8.3076420e+06   3.8146973e+01
   8.3178490e+06   3.6621094e+01
   8.3181770e+06   3.5400391e+01
   8.3260310e+06   4.8950195e+01
   8.3419690e+06   3.6376953e+01
   8.3503180e+06   4.3762207e+01
   8.3564780e+06   3.8085938e+01
   8.3566060e+06   4.0100098e+01
   8.3570220e+06   3.5522461e+01
   8.3575660e+06   3.8146973e+01
   8.3578810e+06   3.5034180e+01
   8.3920400e+06   4.0283203e+01
   8.4141960e+06   4.0405273e+01
   8.4329610e+06   4.0100098e+01
   8.4346990e+06   3.5461426e+01
   8.4466330e+06   4.4006348e+01
   8.4682520e+06   3.6926270e+01
   8.4911600e+06   4.4677734e+01
   8.5497680e+06   4.2297363e+01
   8.5499340e+06   4.2846680e+01
   8.5554320e+06   3.5522461e+01
   8.5640880e+06   4.6142578e+01
   8.5733410e+06   3.6193848e+01
   8.5835830e+06   4.1381836e+01
   8.5934710e+06   3.5217285e+01
   8.6041530e+06   3.6010742e+01
   8.6145540e+06   4.0100098e+01
   8.6502370e+06   3.5278320e+01
   8.6504700e+06   3.5217285e+01
   8.6854180e+06   3.5034180e+01
   8.6939920e+06   3.9489746e+01
   8.7031450e+06   4.4799805e+01
   8.7064030e+06   4.1931152e+01
   8.7127860e+06   4.8522949e+01
   8.7132160e+06   4.2053223e+01
   8.7296410e+06   4.3518066e+01
   8.7395060e+06   3.5339355e+01
   8.7476520e+06   4.1442871e+01
   8.7476840e+06   3.5949707e+01
   8.7699420e+06   3.7048340e+01
   8.7934000e+06   4.2053223e+01
   8.7947560e+06   3.9733887e+01
   8.8030300e+06   3.8635254e+01
   8.8030620e+06   4.1687012e+01
   8.8270320e+06   3.7780762e+01
   8.8475540e+06   3.7414551e+01
   8.8476800e+06   4.3579102e+01
   8.8579360e+06   3.5034180e+01
   8.8829840e+06   3.5278320e+01
   8.8832750e+06   4.1381836e+01
   8.8978250e+06   4.1870117e+01
   8.9113600e+06   3.5705566e+01
   8.9114820e+06   3.7902832e+01
   8.9209100e+06   3.7414551e+01
   8.9286970e+06   4.2724609e+01
   8.9596080e+06   3.6499023e+01
   8.9704910e+06   3.5034180e+01
   8.9837040e+06   3.5400391e+01
   8.9970770e+06   3.6193848e+01
   8.9970910e+06   4.7302246e+01
   9.0069980e+06   3.6560059e+01
   9.0070380e+06   4.0527344e+01
   9.0447520e+06   3.7475586e+01
   9.0451070e+06   4.9560547e+01
   9.0453020e+06   4.3945313e+01
   9.0696760e+06   4.4311523e+01
   9.0842410e+06   3.8940430e+01
   9.1021890e+06   4.0039063e+01
   9.1186040e+06   3.7597656e+01
   9.1186380e+06   4.1809082e+01
   9.1186640e+06   3.9367676e+01
   9.1510530e+06   3.8452148e+01
   9.1649570e+06   3.7353516e+01
   9.1653800e+06   3.5888672e+01
   9.1849140e+06   4.3334961e+01
   9.2119260e+06   3.9855957e+01
   9.2210630e+06   3.6437988e+01
   9.2280190e+06   3.8635254e+01
   9.2282440e+06   3.9489746e+01
   9.2284860e+06   3.7780762e+01
   9.2454130e+06   3.6743164e+01
   9.2555630e+06   4.1015625e+01
   9.2688380e+06   3.8818359e+01
   9.2692310e+06   4.0161133e+01
   9.2804430e+06   5.2429199e+01
   9.2812210e+06   4.1870117e+01
   9.3011590e+06   4.8156738e+01
   9.3011720e+06   3.5522461e+01
   9.3019130e+06   4.0954590e+01
   9.3302440e+06   4.8156738e+01
   9.3340930e+06   4.1198730e+01
   9.3468720e+06   4.0771484e+01
   9.3600650e+06   4.0283203e+01
   9.3610010e+06   3.9672852e+01
   9.3613470e+06   3.5156250e+01
   9.3845060e+06   3.8635254e+01
   9.3946750e+06   3.8085938e+01
   9.4135720e+06   3.6987305e+01
   9.4330790e+06   3.5339355e+01
   9.4486520e+06   3.7902832e+01
   9.4733930e+06   3.6315918e+01
   9.4747100e+06   3.5827637e+01
   9.4749310e+06   3.8391113e+01
   9.4953730e+06   3.7963867e+01
   9.4956960e+06   4.0649414e+01
   9.5043580e+06   4.4616699e+01
   9.5045710e+06   3.6193848e+01
   9.5136170e+06   3.9184570e+01
   9.5232360e+06   3.7780762e+01
   9.5330460e+06   3.7658691e+01
   9.5475890e+06   4.8645020e+01
   9.5482440e+06   6.0729980e+01
   9.5483150e+06   3.5156250e+01
   9.5579010e+06   3.5400391e+01
   9.5587950e+06   3.8818359e+01
   9.5589620e+06   3.5034180e+01
   9.5663310e+06   4.3334961e+01
   9.5669860e+06   3.7353516e+01
   9.5767030e+06   4.6752930e+01
   9.5771820e+06   3.6804199e+01
   9.5860210e+06   3.9733887e+01
   9.5967270e+06   4.9743652e+01
   9.6045910e+06   4.4433594e+01
   9.6208150e+06   3.8146973e+01
   9.6291330e+06   3.5888672e+01
   9.6312880e+06   4.1259766e+01
   9.6435390e+06   4.1198730e+01
   9.6437120e+06   3.5400391e+01
   9.6516740e+06   4.2541504e+01
   9.6524450e+06   3.8146973e+01
   9.6527030e+06   4.2236328e+01
   9.6619210e+06   4.5043945e+01
   9.6737780e+06   3.6376953e+01
   9.6972280e+06   3.6499023e+01
   9.6977770e+06   3.7170410e+01
   9.6990450e+06   3.6376953e+01
   9.7113720e+06   4.7973633e+01
   9.7232470e+06   3.6315918e+01
   9.7238340e+06   3.6254883e+01
   9.7318290e+06   4.2968750e+01
   9.7400030e+06   3.9001465e+01
   9.7445850e+06   3.8513184e+01
   9.7650530e+06   5.8288574e+01
   9.7847660e+06   3.9001465e+01
   9.7859320e+06   4.3701172e+01
   9.7967080e+06   4.4128418e+01
   9.7974300e+06   3.5095215e+01
   9.8163480e+06   3.6743164e+01
   9.8497760e+06   5.3039551e+01
   9.8531160e+06   3.8391113e+01
   9.8534230e+06   4.4372559e+01
   9.8871020e+06   4.3823242e+01
   9.8982300e+06   3.8146973e+01
   9.9062030e+06   3.7841797e+01
   9.9168050e+06   4.8889160e+01
   9.9169850e+06   3.7292480e+01
   9.9248460e+06   3.9062500e+01
   9.9310240e+06   3.5156250e+01
   9.9756570e+06   3.9428711e+01
   9.9769130e+06   3.8696289e+01
   9.9959480e+06   3.5827637e+01
   1.0004978e+07   3.6315918e+01
   1.0017327e+07   3.6437988e+01
   1.0026812e+07   3.9489746e+01
   1.0034392e+07   5.0231934e+01
   1.0034404e+07   3.5888672e+01
   1.0035213e+07   3.5278320e+01
   1.0068620e+07   4.4372559e+01
   1.0071817e+07   4.4738770e+01
   1.0094663e+07   3.6926270e+01
   1.0114724e+07   4.5043945e+01
   1.0122693e+07   3.7170410e+01
   1.0134663e+07   3.5461426e+01
   1.0136479e+07   3.9123535e+01
   1.0148007e+07   3.8513184e+01
   1.0155507e+07   3.5034180e+01
   1.0156871e+07   4.7485352e+01
   1.0161949e+07   3.7658691e+01
   1.0163230e+07   3.5278320e+01
   1.0172087e+07   3.6071777e+01
   1.0172505e+07   3.5705566e+01
   1.0178583e+07   3.7170410e+01
   1.0178679e+07   4.2663574e+01
   1.0188194e+07   4.0161133e+01
   1.0196822e+07   3.6315918e+01
   1.0206206e+07   3.6560059e+01
   1.0214617e+07   3.7231445e+01
   1.0223755e+07   5.6091309e+01
   1.0234041e+07   5.0964355e+01
   1.0253531e+07   3.5705566e+01
   1.0261607e+07   3.9306641e+01
   1.0272050e+07   3.8269043e+01
   1.0279372e+07   3.5095215e+01
   1.0279386e+07   3.8146973e+01
   1.0284389e+07   3.5278320e+01
   1.0285618e+07   3.9306641e+01
   1.0295643e+07   3.8330078e+01
   1.0303386e+07   4.0954590e+01
   1.0306997e+07   4.0283203e+01
   1.0307009e+07   6.1889648e+01
   1.0307031e+07   4.5776367e+01
   1.0307046e+07   3.6499023e+01
   1.0314867e+07   3.8513184e+01
   1.0327141e+07   4.0466309e+01
   1.0341520e+07   3.8513184e+01
   1.0352683e+07   3.6254883e+01
   1.0353664e+07   3.6743164e+01
   1.0370519e+07   3.5522461e+01
   1.0370544e+07   4.5288086e+01
   1.0370582e+07   3.6071777e+01
   1.0379073e+07   3.9672852e+01
   1.0379147e+07   3.7292480e+01
   1.0389697e+07   3.9001465e+01
   1.0391395e+07   3.9245605e+01
   1.0398055e+07   3.5522461e+01
   1.0407854e+07   3.5278320e+01
   1.0407924e+07   3.9672852e+01
   1.0417015e+07   3.6926270e+01
   1.0417029e+07   5.4260254e+01
   1.0417047e+07   3.8330078e+01
   1.0417067e+07   3.6743164e+01
   1.0424056e+07   4.0771484e+01
   1.0442946e+07   3.9306641e+01
   1.0443409e+07   3.7170410e+01
   1.0451461e+07   3.8330078e+01
   1.0451487e+07   5.5358887e+01
   1.0451525e+07   4.0344238e+01
   1.0469990e+07   3.9245605e+01
   1.0470051e+07   4.6081543e+01
   1.0470081e+07   3.5217285e+01
   1.0470143e+07   3.6193848e+01
   1.0470177e+07   4.2541504e+01
   1.0470910e+07   3.6315918e+01
   1.0478472e+07   6.0180664e+01
   1.0478518e+07   3.6865234e+01
   1.0478534e+07   3.9184570e+01
   1.0479194e+07   3.5034180e+01
   1.0486824e+07   5.5114746e+01
   1.0486854e+07   4.2419434e+01
   1.0486890e+07   4.7973633e+01
   1.0486923e+07   3.6010742e+01
   1.0496575e+07   4.2358398e+01
   1.0496592e+07   3.6193848e+01
   1.0496605e+07   3.5888672e+01
   1.0506752e+07   6.7138672e+01
   1.0506770e+07   4.5654297e+01
   1.0506801e+07   3.7109375e+01
   1.0506861e+07   4.2541504e+01
   1.0506877e+07   3.8208008e+01
   1.0507308e+07   4.0527344e+01
   1.0507507e+07   3.5583496e+01
   1.0516536e+07   3.8635254e+01
   1.0516608e+07   4.0954590e+01
   1.0516634e+07   3.6437988e+01
   1.0516651e+07   3.5888672e+01
   1.0516668e+07   4.0466309e+01
   1.0516759e+07   3.9794922e+01
   1.0525112e+07   5.5480957e+01
   1.0525138e+07   5.6213379e+01
   1.0525167e+07   3.8452148e+01
   1.0534879e+07   4.3273926e+01
   1.0534923e+07   3.6437988e+01
   1.0534974e+07   4.0893555e+01
   1.0544064e+07   3.5156250e+01
   1.0544123e+07   3.6071777e+01
   1.0544184e+07   3.6560059e+01
   1.0554327e+07   4.6142578e+01
   1.0554362e+07   4.5959473e+01
   1.0554386e+07   4.4250488e+01
   1.0554881e+07   3.5156250e+01
   1.0564727e+07   3.7109375e+01
   1.0564753e+07   4.6081543e+01
   1.0564794e+07   3.8879395e+01
   1.0564806e+07   3.6132813e+01
   1.0574443e+07   3.9489746e+01
   1.0574464e+07   4.6752930e+01
   1.0574492e+07   3.6621094e+01
   1.0583571e+07   3.9367676e+01
   1.0583595e+07   5.7922363e+01
   1.0583626e+07   4.4250488e+01
   1.0591993e+07   4.5410156e+01
   1.0592017e+07   4.3701172e+01
   1.0592062e+07   3.7048340e+01
   1.0592126e+07   3.5278320e+01
   1.0600673e+07   3.5095215e+01
   1.0600688e+07   3.7780762e+01
   1.0600705e+07   3.6254883e+01
   1.0600796e+07   3.7292480e+01
   1.0601244e+07   3.6071777e+01
   1.0609668e+07   3.7902832e+01
   1.0609701e+07   5.0659180e+01
   1.0609719e+07   3.8757324e+01
   1.0609736e+07   3.7658691e+01
   1.0610711e+07   4.1320801e+01
   1.0615396e+07   3.7353516e+01
   1.0615446e+07   4.1137695e+01
   1.0615487e+07   3.6193848e+01
   1.0623674e+07   3.5461426e+01
   1.0623745e+07   4.0100098e+01
   1.0623779e+07   3.5644531e+01
   1.0623813e+07   3.6987305e+01
   1.0624552e+07   4.6081543e+01
   1.0631077e+07   3.7780762e+01
   1.0631136e+07   4.6325684e+01
   1.0633623e+07   4.1137695e+01
   1.0633643e+07   4.1931152e+01
   1.0633679e+07   3.5400391e+01
   1.0633762e+07   3.8574219e+01
   1.0642707e+07   4.1748047e+01
   1.0642725e+07   4.1259766e+01
   1.0651992e+07   5.0354004e+01
   1.0652025e+07   4.2114258e+01
   1.0652042e+07   4.9072266e+01
   1.0652065e+07   4.2236328e+01
   1.0653665e+07   3.6926270e+01
   1.0654626e+07   3.5217285e+01
   1.0662089e+07   3.6132813e+01
   1.0662114e+07   4.0893555e+01
   1.0662126e+07   3.5339355e+01
   1.0662146e+07   3.7963867e+01
   1.0662233e+07   3.7170410e+01
   1.0670156e+07   4.0344238e+01
   1.0670192e+07   3.5705566e+01
   1.0678386e+07   3.5644531e+01
   1.0678414e+07   3.5766602e+01
   1.0678438e+07   6.3354492e+01
   1.0678453e+07   3.9489746e+01
   1.0679098e+07   3.6010742e+01
   1.0686176e+07   6.0180664e+01
   1.0686294e+07   3.6926270e+01
   1.0695299e+07   4.0344238e+01
   1.0695371e+07   4.1564941e+01
   1.0704376e+07   3.9184570e+01
   1.0704412e+07   4.5837402e+01
   1.0704436e+07   5.0292969e+01
   1.0705172e+07   3.7902832e+01
   1.0712499e+07   4.2053223e+01
   1.0712524e+07   4.8828125e+01
   1.0724374e+07   3.8269043e+01
   1.0724425e+07   4.6142578e+01
   1.0724490e+07   4.1870117e+01
   1.0724520e+07   3.9916992e+01
   1.0733699e+07   3.7597656e+01
   1.0733761e+07   3.7231445e+01
   1.0733780e+07   5.1391602e+01
   1.0750746e+07   4.1320801e+01
   1.0750839e+07   4.0710449e+01
   1.0750867e+07   5.8532715e+01
   1.0750890e+07   3.9733887e+01
   1.0750975e+07   4.3151855e+01
   1.0750993e+07   3.9184570e+01
   1.0771538e+07   4.8706055e+01
   1.0771562e+07   3.6682129e+01
   1.0771576e+07   4.2724609e+01
   1.0773973e+07   3.6071777e+01
   1.0774103e+07   3.5339355e+01
   1.0814089e+07   4.6752930e+01
   1.0814129e+07   4.6997070e+01
   1.0814202e+07   3.8879395e+01
   1.0814234e+07   3.9184570e+01
   1.0850301e+07   3.6804199e+01
   1.0850787e+07   4.6264648e+01
   1.0852260e+07   4.1259766e+01
   1.0852361e+07   3.5034180e+01
   1.0852516e+07   4.1137695e+01
   1.0880827e+07   4.3701172e+01
   1.0881000e+07   4.8400879e+01
   1.0881693e+07   4.6752930e+01
   1.0931163e+07   4.1015625e+01
   1.0947176e+07   3.8879395e+01
   1.0947407e+07   3.5217285e+01
   1.0978380e+07   4.3640137e+01
   1.1013399e+07   4.6508789e+01
   1.1013542e+07   3.5949707e+01
   1.1029315e+07   4.1137695e+01
   1.1054806e+07   4.2053223e+01
   1.1055423e+07   3.6865234e+01
   1.1055715e+07   3.5278320e+01
   1.1094703e+07   3.6132813e+01
   1.1095219e+07   3.9733887e+01
   1.1114272e+07   3.9916992e+01
   1.1159682e+07   3.8757324e+01
   1.1160650e+07   3.6254883e+01
   1.1160702e+07   3.6132813e+01
   1.1227650e+07   4.9682617e+01
   1.1227944e+07   4.4677734e+01
   1.1247436e+07   3.6071777e+01
   1.1268940e+07   4.1931152e+01
   1.1292951e+07   3.7109375e+01
   1.1293194e+07   3.6926270e+01
   1.1311222e+07   4.6447754e+01
   1.1311356e+07   3.9855957e+01
   1.1330555e+07   4.1687012e+01
   1.1348923e+07   4.2968750e+01
   1.1365149e+07   4.3884277e+01
   1.1375754e+07   4.3762207e+01
   1.1398505e+07   4.7607422e+01
   1.1455005e+07   4.5349121e+01
   1.1455273e+07   3.6376953e+01
   1.1455851e+07   4.1748047e+01
   1.1455874e+07   5.1025391e+01
   1.1455918e+07   4.2846680e+01
   1.1475277e+07   4.2846680e+01
   1.1475611e+07   4.1076660e+01
   1.1540329e+07   5.8898926e+01
   1.1548375e+07   5.6762695e+01
   1.1561491e+07   3.6193848e+01
   1.1561598e+07   4.4494629e+01
   1.1561630e+07   4.0954590e+01
   1.1576025e+07   3.6254883e+01
   1.1610089e+07   5.1269531e+01
   1.1618087e+07   3.7780762e+01
   1.1629751e+07   3.8085938e+01
   1.1648933e+07   4.4250488e+01
   1.1652177e+07   3.9550781e+01
   1.1671473e+07   4.0405273e+01
   1.1696645e+07   4.1442871e+01
   1.1696809e+07   3.5095215e+01
   1.1707766e+07   3.8208008e+01
   1.1707932e+07   3.6560059e+01
   1.1718838e+07   3.6682129e+01
   1.1731428e+07   3.5034180e+01
   1.1731876e+07   3.6437988e+01
   1.1732298e+07   3.6010742e+01
   1.1757661e+07   3.5888672e+01
   1.1767710e+07   3.6437988e+01
   1.1767882e+07   4.1442871e+01
   1.1775939e+07   4.2053223e+01
   1.1788531e+07   4.1259766e+01
   1.1788703e+07   5.1025391e+01
   1.1789053e+07   3.6682129e+01
   1.1789452e+07   3.6315918e+01
   1.1789463e+07   3.7231445e+01
   1.1789527e+07   3.7353516e+01
   1.1802374e+07   3.8757324e+01
   1.1818256e+07   4.1137695e+01
   1.1828679e+07   4.2724609e+01
   1.1828867e+07   3.9001465e+01
   1.1838994e+07   3.5400391e+01
   1.1839115e+07   4.4067383e+01
   1.1855253e+07   3.9733887e+01
   1.1855336e+07   4.3884277e+01
   1.1871675e+07   3.6132813e+01
   1.1887238e+07   3.6132813e+01
   1.1887838e+07   3.5461426e+01
   1.1900760e+07   3.9367676e+01
   1.1907675e+07   4.4433594e+01
   1.1911031e+07   3.6437988e+01
   1.1911132e+07   3.6132813e+01
   1.1939413e+07   4.4616699e+01
   1.1953571e+07   4.6997070e+01
   1.1953598e+07   4.4860840e+01
   1.1963155e+07   4.0344238e+01
   1.1989308e+07   5.5175781e+01
