   5.9980000e+06   0.0000000e+00
   6.7900000e+03   3.8208008e+01
   2.7142000e+04   3.7475586e+01
   9.4039000e+04   3.9367676e+01
   1.1714300e+05   3.9184570e+01
   1.3397700e+05   4.2297363e+01
   1.6398300e+05   3.9306641e+01
   1.8415800e+05   4.1442871e+01
   2.2291700e+05   3.9245605e+01
   2.3309000e+05   3.9550781e+01
   2.4953300e+05   4.3395996e+01
   2.7772700e+05   3.8391113e+01
   2.9336400e+05   3.9367676e+01
   3.1998300e+05   4.5898438e+01
   3.5648600e+05   4.0954590e+01
   3.8100800e+05   3.9733887e+01
   3.8201500e+05   4.0832520e+01
   3.9476900e+05   5.1147461e+01
   4.1117200e+05   4.2602539e+01
   4.1327500e+05   4.0466309e+01
   4.4797200e+05   3.7719727e+01
   4.9987000e+05   3.7536621e+01
   5.2248900e+05   3.7536621e+01
   5.2746500e+05   4.5593262e+01
   5.4884500e+05   3.9184570e+01
   5.7174300e+05   3.9123535e+01
   6.0288100e+05   3.9123535e+01
   6.0857100e+05   3.9245605e+01
   6.1711500e+05   4.4128418e+01
   6.2968400e+05   4.0832520e+01
   6.7808700e+05   4.1992188e+01
   6.8493800e+05   4.1931152e+01
   6.9505400e+05   4.3457031e+01
   7.1949400e+05   3.8085938e+01
   7.3025200e+05   3.9794922e+01
   7.5607400e+05   3.9306641e+01
   7.7002700e+05   4.1625977e+01
   8.0516300e+05   3.9978027e+01
   8.1955900e+05   3.7780762e+01
   8.4301700e+05   4.1076660e+01
   8.5873900e+05   4.1931152e+01
   8.7396900e+05   3.8391113e+01
   8.8644400e+05   3.8085938e+01
   9.0262700e+05   3.8940430e+01
   9.1169700e+05   3.7902832e+01
   9.2004000e+05   3.7231445e+01
   9.4700500e+05   4.0527344e+01
   9.5891500e+05   3.8452148e+01
   9.7263300e+05   3.7536621e+01
   9.9945400e+05   3.7292480e+01
   1.0246360e+06   4.4799805e+01
   1.0512130e+06   4.1503906e+01
   1.0634720e+06   3.8146973e+01
   1.0810450e+06   3.7780762e+01
   1.1153510e+06   3.9916992e+01
   1.1285720e+06   4.8339844e+01
   1.1525470e+06   4.2541504e+01
   1.1893550e+06   4.1198730e+01
   1.2598520e+06   4.2297363e+01
   1.3134890e+06   3.7719727e+01
   1.4064190e+06   3.9550781e+01
   1.4222120e+06   3.8330078e+01
   1.4546130e+06   4.2602539e+01
   1.4758460e+06   4.0100098e+01
   1.5318150e+06   4.0039062e+01
   1.5479970e+06   4.2907715e+01
   1.6007220e+06   4.2968750e+01
   1.6980050e+06   3.8635254e+01
   1.7500490e+06   3.8879395e+01
   1.8156940e+06   3.7963867e+01
   1.8228400e+06   4.2419434e+01
   1.8238820e+06   3.7353516e+01
   1.8750010e+06   3.7597656e+01
   1.9144600e+06   3.8146973e+01
   1.9769380e+06   3.7109375e+01
   1.9772560e+06   3.8574219e+01
   2.0316210e+06   4.0527344e+01
   2.0792750e+06   3.9306641e+01
   2.1216390e+06   3.9489746e+01
   2.1429620e+06   4.6752930e+01
   2.2689620e+06   3.7780762e+01
   2.2916290e+06   4.3701172e+01
   2.4328040e+06   4.7729492e+01
   2.4493220e+06   4.0527344e+01
   2.5384340e+06   3.9611816e+01
   2.6003230e+06   3.7902832e+01
   2.6283310e+06   4.3273926e+01
   2.6952310e+06   3.7841797e+01
   2.7105750e+06   3.8574219e+01
   2.7332240e+06   4.1259766e+01
   2.7993530e+06   3.8574219e+01
   3.0672820e+06   4.5227051e+01
   3.1080230e+06   3.7658691e+01
   3.1193130e+06   3.8146973e+01
   3.1199660e+06   3.7170410e+01
   3.1682700e+06   3.9672852e+01
   3.1968400e+06   4.2785645e+01
   3.5949340e+06   4.7119141e+01
   3.5953270e+06   3.8818359e+01
   3.5957440e+06   4.0466309e+01
   3.8183420e+06   3.8879395e+01
   4.3671040e+06   4.0588379e+01
   4.4564110e+06   4.1076660e+01
   4.4569370e+06   3.9611816e+01
   4.4844440e+06   4.0161133e+01
   4.5095630e+06   4.3579102e+01
   4.7090510e+06   3.7597656e+01
   4.7299030e+06   4.1259766e+01
   5.0106020e+06   3.8024902e+01
   5.0111000e+06   4.0161133e+01
   5.5176360e+06   4.0161133e+01
   5.9208270e+06   4.0527344e+01
   5.9215310e+06   3.8635254e+01
   5.9216640e+06   3.8085938e+01
