   5.9980000e+06   0.0000000e+00
   4.1869000e+04   5.1940918e+01
   4.2397000e+04   4.9194336e+01
   6.4434000e+04   5.8715820e+01
   6.4714000e+04   4.8400879e+01
   6.4926000e+04   4.9560547e+01
   8.8231000e+04   5.1940918e+01
   1.9428800e+05   5.1086426e+01
   2.3676900e+05   4.7363281e+01
   2.3716600e+05   5.0415039e+01
   2.8353600e+05   5.5969238e+01
   2.8368900e+05   4.9011230e+01
   2.8399400e+05   5.5114746e+01
   3.0885700e+05   6.1096191e+01
   3.0916200e+05   4.8522949e+01
   3.3228100e+05   4.8706055e+01
   3.5458800e+05   5.6457520e+01
   3.7969400e+05   5.0231934e+01
   3.7986700e+05   4.8034668e+01
   3.8021400e+05   4.8583984e+01
   3.8041000e+05   4.7607422e+01
   4.0216600e+05   5.1574707e+01
   4.0231700e+05   4.7302246e+01
   4.2834500e+05   4.8828125e+01
   4.7109900e+05   6.4636230e+01
   4.7133700e+05   5.0537109e+01
   5.2363800e+05   4.7729492e+01
   5.6210800e+05   7.9467773e+01
   5.6234100e+05   5.0354004e+01
   5.9920700e+05   6.3232422e+01
   6.5033900e+05   5.8471680e+01
   6.5051200e+05   5.4931641e+01
   6.5116500e+05   5.1330566e+01
   6.5142600e+05   6.0241699e+01
   6.5156400e+05   5.5603027e+01
   6.5340700e+05   4.7607422e+01
   6.7387600e+05   5.6762695e+01
   6.7406600e+05   5.5236816e+01
   6.7675800e+05   5.1330566e+01
   6.7704000e+05   5.2673340e+01
   6.7714400e+05   5.7861328e+01
   6.7728700e+05   5.0292969e+01
   6.7897100e+05   4.7363281e+01
   6.7925100e+05   5.4199219e+01
   6.8009200e+05   5.0231934e+01
   6.9608600e+05   6.8298340e+01
   6.9997900e+05   5.4199219e+01
   7.0125800e+05   5.2734375e+01
   7.0132100e+05   5.7861328e+01
   7.0154400e+05   5.5053711e+01
   7.0208100e+05   6.1279297e+01
   7.2466200e+05   5.4687500e+01
   7.2650100e+05   5.5358887e+01
   7.2769400e+05   6.1706543e+01
   7.2790000e+05   5.1269531e+01
   7.2793500e+05   5.0476074e+01
   7.2842300e+05   4.8522949e+01
   7.2865600e+05   4.9926758e+01
   7.5430400e+05   5.1269531e+01
   7.5434100e+05   6.0668945e+01
   7.5490400e+05   5.6213379e+01
   7.5506400e+05   5.2368164e+01
   7.5578000e+05   5.2551270e+01
   7.8308500e+05   6.0852051e+01
   7.8367200e+05   5.2368164e+01
   8.1167000e+05   4.9865723e+01
   8.1261200e+05   4.7790527e+01
   8.1277100e+05   4.8889160e+01
   8.1368600e+05   6.1096191e+01
   8.1524600e+05   4.9560547e+01
   8.4431900e+05   5.4016113e+01
   8.7978000e+05   4.7424316e+01
   8.9123300e+05   4.7607422e+01
   1.0497290e+06   5.0048828e+01
   1.0502190e+06   5.3466797e+01
   1.0972300e+06   6.2011719e+01
   1.0978650e+06   4.8889160e+01
   1.0981050e+06   5.7922363e+01
   1.0996450e+06   5.2307129e+01
   1.1152800e+06   7.0190430e+01
   1.1156430e+06   1.0040283e+02
   1.1158780e+06   5.9143066e+01
   1.1159230e+06   5.3588867e+01
   1.1161820e+06   5.0354004e+01
   1.1162150e+06   5.0659180e+01
   1.1165920e+06   5.0842285e+01
   1.1166150e+06   4.8156738e+01
   1.1167530e+06   5.0231934e+01
   1.1347290e+06   6.0363770e+01
   1.1418520e+06   4.8217773e+01
   1.1425390e+06   4.7668457e+01
   1.1426300e+06   5.0720215e+01
   1.1427660e+06   5.2062988e+01
   1.1696020e+06   5.9875488e+01
   1.1700310e+06   5.2551270e+01
   1.1705370e+06   4.7851563e+01
   1.1707610e+06   5.8776855e+01
   1.1711600e+06   5.0842285e+01
   1.1718440e+06   4.7912598e+01
   1.1719750e+06   4.9011230e+01
   1.1720920e+06   6.3293457e+01
   1.1728520e+06   5.6457520e+01
   1.1731250e+06   5.2062988e+01
   1.1983770e+06   6.1645508e+01
   1.1985370e+06   5.3161621e+01
   1.1987370e+06   6.3354492e+01
   1.1989220e+06   5.2307129e+01
   1.1991030e+06   5.2185059e+01
   1.1994210e+06   5.6152344e+01
   1.1994460e+06   4.8400879e+01
   1.2004420e+06   5.0903320e+01
   1.2286140e+06   4.9621582e+01
   1.4602810e+06   4.7424316e+01
   1.4620340e+06   5.2185059e+01
   1.4903860e+06   4.8461914e+01
   1.4953910e+06   5.6457520e+01
   1.5276420e+06   5.2246094e+01
   1.5456500e+06   6.6284180e+01
   1.5486410e+06   5.7983398e+01
   1.5687110e+06   5.0231934e+01
   1.5695390e+06   5.5603027e+01
   1.5701830e+06   5.7434082e+01
   1.5719650e+06   5.2795410e+01
   1.5722280e+06   4.7668457e+01
   1.5911880e+06   6.2927246e+01
   1.5923790e+06   5.9875488e+01
   1.6029690e+06   7.0617676e+01
   1.6038200e+06   4.7790527e+01
   1.6038490e+06   5.1269531e+01
   1.6042460e+06   5.5969238e+01
   1.6117890e+06   4.8034668e+01
   1.6272570e+06   6.4453125e+01
   1.6276110e+06   5.1269531e+01
   1.6276450e+06   5.2917480e+01
   1.6281340e+06   4.9743652e+01
   1.6285220e+06   5.0476074e+01
   1.6607620e+06   5.4687500e+01
   1.6655210e+06   5.8898926e+01
   1.6727280e+06   5.2124023e+01
   1.6731050e+06   5.0659180e+01
   1.6732870e+06   6.0485840e+01
   1.6769620e+06   7.3303223e+01
   1.8121410e+06   4.7424316e+01
   2.0071500e+06   4.9865723e+01
   2.0629140e+06   5.1696777e+01
   2.0830430e+06   5.1208496e+01
   2.0838720e+06   5.4687500e+01
   2.0979680e+06   4.9865723e+01
   2.0989040e+06   6.7321777e+01
   2.0996610e+06   5.4321289e+01
   2.1000890e+06   5.6762695e+01
   2.1014010e+06   5.8044434e+01
   2.1017710e+06   5.2917480e+01
   2.1020100e+06   5.5358887e+01
   2.1022030e+06   4.9194336e+01
   2.1023610e+06   4.8522949e+01
   2.1163130e+06   5.4748535e+01
   2.1175000e+06   5.3710938e+01
   2.1185920e+06   4.8156738e+01
   2.1191870e+06   5.7556152e+01
   2.1395970e+06   5.4504395e+01
   2.1397240e+06   5.0231934e+01
   2.1399150e+06   5.0292969e+01
   2.1400760e+06   5.0537109e+01
   2.1410260e+06   7.4707031e+01
   2.1411700e+06   6.1950684e+01
   2.1413230e+06   5.1818848e+01
   2.1414480e+06   4.8156738e+01
   2.1416870e+06   5.1391602e+01
   2.1424350e+06   4.9743652e+01
   2.1605720e+06   4.7485352e+01
   2.1853470e+06   5.9631348e+01
   2.1885280e+06   5.8532715e+01
   2.1890380e+06   5.5603027e+01
   2.3793360e+06   4.9865723e+01
   2.4468810e+06   4.7851563e+01
   2.4521770e+06   4.9255371e+01
   2.5083980e+06   4.9011230e+01
   2.5369110e+06   4.7973633e+01
   2.5390460e+06   4.8339844e+01
   2.5770120e+06   5.6579590e+01
   2.6171930e+06   5.7922363e+01
   2.6532240e+06   4.8706055e+01
   2.6557670e+06   6.2194824e+01
   2.6561680e+06   5.4748535e+01
   2.6563510e+06   5.6579590e+01
   2.6565120e+06   5.2062988e+01
   2.6566370e+06   4.9804688e+01
   2.6566470e+06   6.0607910e+01
   2.6570690e+06   5.7861328e+01
   2.6571030e+06   6.5979004e+01
   2.6574530e+06   4.7851563e+01
   2.6575460e+06   4.7729492e+01
   2.6578260e+06   5.2368164e+01
   2.6590180e+06   4.7424316e+01
   2.6600130e+06   4.7424316e+01
   2.6729990e+06   5.7128906e+01
   2.6743610e+06   5.0842285e+01
   2.6750940e+06   5.4870605e+01
   2.6771290e+06   4.9072266e+01
   2.6824610e+06   5.4321289e+01
   2.7007730e+06   4.8706055e+01
   2.7441310e+06   5.3955078e+01
   2.7538800e+06   4.8828125e+01
   2.8040270e+06   5.2062988e+01
   2.8412120e+06   5.2429199e+01
   2.8438240e+06   4.7729492e+01
   3.0002470e+06   5.1452637e+01
   3.0225750e+06   4.8706055e+01
   3.0695820e+06   5.1147461e+01
   3.1132030e+06   5.5664063e+01
   3.1393540e+06   4.9804688e+01
   3.1494040e+06   5.0720215e+01
   3.1501140e+06   8.0261230e+01
   3.1505930e+06   5.0720215e+01
   3.1506730e+06   7.9467773e+01
   3.1508010e+06   5.7800293e+01
   3.1511720e+06   6.0974121e+01
   3.1516450e+06   4.7790527e+01
   3.1518610e+06   4.8828125e+01
   3.1523510e+06   5.6457520e+01
   3.1549060e+06   5.4748535e+01
   3.1553820e+06   4.9560547e+01
   3.1580410e+06   5.8471680e+01
   3.1605910e+06   5.0170898e+01
   3.1645560e+06   5.1086426e+01
   3.1656610e+06   4.8034668e+01
   3.1832130e+06   5.0231934e+01
   3.1832900e+06   5.1452637e+01
   3.1837890e+06   6.2133789e+01
   3.1843320e+06   4.8156738e+01
   3.1860330e+06   4.9377441e+01
   3.1867020e+06   5.3344727e+01
   3.1960730e+06   5.0903320e+01
   3.1966150e+06   5.6396484e+01
   3.1967930e+06   5.5114746e+01
   3.1976060e+06   4.8278809e+01
   3.1979690e+06   5.4687500e+01
   3.1991740e+06   4.8767090e+01
   3.2640480e+06   5.1025391e+01
   3.3536080e+06   5.7006836e+01
   3.5280140e+06   5.1391602e+01
   3.5600680e+06   4.8645020e+01
   3.5722140e+06   4.9621582e+01
   3.5768090e+06   5.0415039e+01
   3.6180010e+06   4.8889160e+01
   3.7481090e+06   5.3710938e+01
   3.8084260e+06   5.7434082e+01
   3.8452040e+06   5.1269531e+01
   3.9380480e+06   4.8339844e+01
   3.9404570e+06   5.1025391e+01
   3.9460760e+06   5.3527832e+01
   4.0014990e+06   4.7790527e+01
   4.1063390e+06   4.8828125e+01
   4.1267910e+06   6.2500000e+01
   4.1935720e+06   4.8889160e+01
   4.2430700e+06   5.4565430e+01
   4.2629980e+06   5.0659180e+01
   4.3381200e+06   5.6152344e+01
   4.3475440e+06   5.0292969e+01
   4.4122710e+06   4.8583984e+01
   4.4134560e+06   4.7973633e+01
   4.4731110e+06   4.8461914e+01
   4.5050060e+06   6.1279297e+01
   4.5051790e+06   5.4748535e+01
   4.5053650e+06   5.5114746e+01
   4.5060760e+06   6.9335938e+01
   4.5073550e+06   4.9682617e+01
   4.5078150e+06   4.8950195e+01
   4.5102790e+06   4.8339844e+01
   4.5183440e+06   7.0068359e+01
   4.5186520e+06   5.6884766e+01
   4.5187790e+06   5.4626465e+01
   4.5189310e+06   5.0476074e+01
   4.5195840e+06   4.9621582e+01
   4.5199080e+06   5.3161621e+01
   4.5200330e+06   4.7546387e+01
   4.5217710e+06   5.2856445e+01
   4.5221430e+06   4.8461914e+01
   4.7173700e+06   4.8400879e+01
   4.8648330e+06   5.8227539e+01
   4.9645910e+06   5.0415039e+01
   5.0265700e+06   4.7363281e+01
   5.1246140e+06   4.7302246e+01
   5.1465030e+06   4.7546387e+01
   5.1983670e+06   4.7912598e+01
   5.2398420e+06   5.0537109e+01
   5.4139880e+06   4.7302246e+01
   5.4659710e+06   5.0842285e+01
   5.4947730e+06   5.3710938e+01
   5.4979500e+06   5.5541992e+01
   5.6034370e+06   5.0781250e+01
   5.6327240e+06   5.1330566e+01
   5.8114440e+06   4.9194336e+01
   5.8140830e+06   4.8828125e+01
   5.8706850e+06   4.7912598e+01
   5.9208650e+06   4.7668457e+01
