   5.9980000e+06   0.0000000e+00
   1.1329640e+06   6.0791016e+01
   1.1332170e+06   5.6457520e+01
   1.1891370e+06   4.1015625e+01
   1.2828440e+06   4.1381836e+01
   1.3238260e+06   4.4311523e+01
   1.3945420e+06   5.3283691e+01
   1.4252070e+06   4.9438477e+01
   1.4328260e+06   4.0893555e+01
   1.6366030e+06   5.6030273e+01
   2.1031580e+06   6.3415527e+01
   2.1034320e+06   5.0781250e+01
   2.1189160e+06   4.1442871e+01
   2.2016550e+06   4.0954590e+01
   2.2441990e+06   4.0039063e+01
   2.2738560e+06   4.2541504e+01
   2.7289450e+06   5.9326172e+01
   2.7783500e+06   5.8471680e+01
   3.1204130e+06   5.9875488e+01
   3.1207410e+06   4.5959473e+01
   3.2307620e+06   4.3701172e+01
   3.2387920e+06   4.0405273e+01
   3.2432790e+06   3.9489746e+01
   3.2814010e+06   4.4494629e+01
   3.5964250e+06   5.2917480e+01
   3.5967170e+06   4.1564941e+01
   3.6134500e+06   4.1625977e+01
   3.6163550e+06   4.2053223e+01
   3.6668460e+06   4.3701172e+01
   3.7127280e+06   3.9611816e+01
   4.5140200e+06   5.7678223e+01
   4.6843920e+06   5.5847168e+01
   4.7085560e+06   6.0913086e+01
   4.7088290e+06   5.9448242e+01
   4.7454280e+06   4.4799805e+01
   4.7502830e+06   4.1198730e+01
   4.7626010e+06   4.3212891e+01
   4.7716050e+06   4.2663574e+01
   4.7813680e+06   4.7607422e+01
   4.7946850e+06   4.1687012e+01
   4.8074560e+06   4.0588379e+01
   4.8331890e+06   4.5166016e+01
   5.0134430e+06   5.0292969e+01
   5.0136950e+06   4.1625977e+01
   5.0316620e+06   4.2236328e+01
   5.0442240e+06   4.1320801e+01
   5.0622170e+06   4.1870117e+01
   5.0845390e+06   4.7241211e+01
   5.1110790e+06   4.2602539e+01
   5.1267740e+06   5.1513672e+01
   5.1693830e+06   5.2856445e+01
   5.4396810e+06   5.6762695e+01
   5.6944440e+06   4.1809082e+01
   5.9210790e+06   5.6274414e+01
   5.9212720e+06   4.2175293e+01
   5.9416090e+06   4.3334961e+01
   5.9425340e+06   4.1870117e+01
   5.9680780e+06   4.4189453e+01
   5.9872700e+06   4.9560547e+01
