   5.9980000e+06   0.0000000e+00
   3.2404000e+05   6.8725586e+01
   3.2500000e+05   9.1003418e+01
   3.2501600e+05   3.6254883e+01
   3.2522500e+05   4.9621582e+01
   3.2634800e+05   4.2541504e+01
   3.2750700e+05   5.6823730e+01
   3.2808000e+05   5.0170898e+01
   3.2896300e+05   4.0222168e+01
   3.4283700e+05   8.6120605e+01
   3.4318900e+05   4.1503906e+01
   3.4348800e+05   4.0100098e+01
   3.4540700e+05   4.5715332e+01
   7.2867400e+05   5.5114746e+01
   7.2900000e+05   1.1029053e+02
   7.2933800e+05   3.8330078e+01
   7.2972000e+05   8.0261230e+01
   7.3007300e+05   5.1757813e+01
   7.3050500e+05   4.9377441e+01
   7.3110000e+05   4.7668457e+01
   7.3357900e+05   7.6477051e+01
   7.3407700e+05   4.1748047e+01
   7.4731600e+05   6.9030762e+01
   7.4767600e+05   4.0893555e+01
   7.4829800e+05   6.2377930e+01
   7.4977100e+05   3.6376953e+01
   1.1121270e+06   7.1716309e+01
   1.1123540e+06   4.0893555e+01
   1.1125890e+06   3.5034180e+01
   1.1130860e+06   1.0864258e+02
   1.1132250e+06   3.7292480e+01
   1.1132730e+06   4.8645020e+01
   1.1134840e+06   4.1137695e+01
   1.1138010e+06   5.1879883e+01
   1.1148630e+06   4.1442871e+01
   1.1157320e+06   3.6010742e+01
   1.1163200e+06   3.9428711e+01
   1.1177870e+06   4.9133301e+01
   1.1311090e+06   5.9143066e+01
   1.1314640e+06   7.0068359e+01
   1.1318390e+06   4.2053223e+01
   1.4285290e+06   3.9184570e+01
   1.4287100e+06   1.2536621e+02
   1.4295070e+06   8.1542969e+01
   1.4298550e+06   6.9519043e+01
   1.4303050e+06   3.7475586e+01
   1.4307500e+06   4.3334961e+01
   1.4316400e+06   5.1696777e+01
   1.4464530e+06   5.7739258e+01
   1.4472570e+06   4.6630859e+01
   1.4474610e+06   4.5837402e+01
   1.4477400e+06   3.5583496e+01
   1.4487380e+06   3.6560059e+01
   1.7158870e+06   4.6203613e+01
   1.7160990e+06   3.5461426e+01
   1.7163040e+06   3.9428711e+01
   1.7173910e+06   8.0444336e+01
   1.7175680e+06   4.8156738e+01
   1.7178450e+06   6.0668945e+01
   1.7363910e+06   7.7819824e+01
   1.7368610e+06   5.7495117e+01
   1.7370190e+06   3.6560059e+01
   1.7374040e+06   4.3884277e+01
   2.0503450e+06   5.5969238e+01
   2.0503940e+06   3.4912109e+01
   2.0510600e+06   1.0955811e+02
   2.0512870e+06   8.7036133e+01
   2.0516300e+06   7.6171875e+01
   2.0521570e+06   3.6499023e+01
   2.0544800e+06   5.7312012e+01
   2.0563130e+06   6.4453125e+01
   2.0568260e+06   3.5766602e+01
   2.0676260e+06   8.0993652e+01
   2.0682070e+06   5.5908203e+01
   2.0686200e+06   4.2724609e+01
   2.0690760e+06   4.4738770e+01
   2.3261950e+06   5.1879883e+01
   2.3270580e+06   1.0369873e+02
   2.3273450e+06   7.0922852e+01
   2.3277270e+06   6.0058594e+01
   2.3458380e+06   9.1308594e+01
   2.3461760e+06   3.5827637e+01
   2.3461940e+06   6.6040039e+01
   2.3464900e+06   5.4016113e+01
   2.3466540e+06   3.6437988e+01
   2.3473380e+06   4.9926758e+01
   2.3486220e+06   4.8889160e+01
   2.3503120e+06   3.8269043e+01
   2.6605910e+06   1.3006592e+02
   2.6606520e+06   6.8603516e+01
   2.6610760e+06   3.7475586e+01
   2.6614250e+06   8.8989258e+01
   2.6617170e+06   8.3679199e+01
   2.6620400e+06   4.4433594e+01
   2.6641660e+06   3.9123535e+01
   2.6653390e+06   3.9550781e+01
   2.6775230e+06   7.2082520e+01
   2.6780890e+06   4.0710449e+01
   2.6783960e+06   3.8757324e+01
   2.6786630e+06   4.2724609e+01
   2.6790210e+06   4.5959473e+01
   2.6794290e+06   3.6560059e+01
   2.9337610e+06   6.3476563e+01
   2.9339820e+06   3.6987305e+01
   2.9345050e+06   1.1126709e+02
   2.9346590e+06   3.5400391e+01
   2.9348360e+06   3.8879395e+01
   2.9351190e+06   5.9936523e+01
   2.9354160e+06   5.0598145e+01
   2.9359240e+06   3.5034180e+01
   2.9366950e+06   6.7993164e+01
   2.9372050e+06   3.8696289e+01
   2.9378310e+06   5.1269531e+01
   2.9391970e+06   4.2846680e+01
   2.9504720e+06   7.6171875e+01
   2.9507990e+06   6.4208984e+01
   2.9510610e+06   4.5410156e+01
   2.9512300e+06   4.9499512e+01
   2.9518670e+06   3.5339355e+01
   2.9525150e+06   3.6376953e+01
   2.9533310e+06   4.0954590e+01
   2.9543220e+06   4.0710449e+01
   2.9556960e+06   4.4067383e+01
   3.3249960e+06   7.9711914e+01
   3.3252120e+06   6.0485840e+01
   3.3266910e+06   4.1564941e+01
   3.3276310e+06   4.8767090e+01
   3.3286370e+06   3.8330078e+01
   3.3424200e+06   7.0861816e+01
   3.3428130e+06   4.2541504e+01
   3.3428270e+06   4.8583984e+01
   3.3436350e+06   4.7546387e+01
   3.6111720e+06   5.7373047e+01
   3.6121600e+06   9.5031738e+01
   3.6122320e+06   3.6499023e+01
   3.6123380e+06   5.7312012e+01
   3.6162450e+06   5.7983398e+01
   3.6299080e+06   7.8002930e+01
   3.6303880e+06   6.2194824e+01
   3.6304550e+06   5.2551270e+01
   3.6311080e+06   4.3823242e+01
   3.6316930e+06   3.9916992e+01
   3.6324280e+06   4.1748047e+01
   3.8987940e+06   5.5480957e+01
   3.8999450e+06   9.7473145e+01
   3.9001790e+06   4.2419434e+01
   3.9005800e+06   4.3457031e+01
   3.9010110e+06   3.5522461e+01
   3.9016590e+06   5.2917480e+01
   3.9155940e+06   3.7109375e+01
   3.9159680e+06   3.5888672e+01
   3.9163750e+06   3.7597656e+01
   3.9164530e+06   5.4870605e+01
   3.9170960e+06   5.8166504e+01
   3.9183620e+06   5.3771973e+01
   3.9192230e+06   3.4912109e+01
   4.2607570e+06   5.0842285e+01
   4.2613360e+06   1.2524414e+02
   4.2615530e+06   5.9875488e+01
   4.2620560e+06   6.6589355e+01
   4.2640590e+06   4.5288086e+01
   4.2655040e+06   5.7250977e+01
   4.2794210e+06   9.6557617e+01
   4.2799720e+06   6.3110352e+01
   4.2802680e+06   3.7841797e+01
   4.2804290e+06   4.4982910e+01
   4.2836960e+06   4.6325684e+01
   4.5527780e+06   3.4973145e+01
   4.5533680e+06   9.1186523e+01
   4.5537590e+06   7.3913574e+01
   4.5540580e+06   5.9387207e+01
   4.5547840e+06   4.3273926e+01
   4.5573930e+06   6.7504883e+01
   4.5709570e+06   1.0382080e+02
   4.5714640e+06   4.8217773e+01
   4.5722040e+06   5.3649902e+01
   4.5752790e+06   6.6711426e+01
   4.8628560e+06   5.2795410e+01
   4.8636670e+06   8.4777832e+01
   4.8639370e+06   9.6191406e+01
   4.8641750e+06   5.2734375e+01
   4.8650690e+06   4.4372559e+01
   4.8656430e+06   3.7719727e+01
   4.8665090e+06   4.7790527e+01
   4.8685410e+06   4.9743652e+01
   4.8807820e+06   8.0505371e+01
   4.8811950e+06   5.6823730e+01
   4.8815340e+06   6.4025879e+01
   4.8819570e+06   4.1870117e+01
   4.8827360e+06   4.7180176e+01
   5.1446020e+06   3.7719727e+01
   5.1475980e+06   5.3833008e+01
   5.1481570e+06   1.1608887e+02
   5.1484660e+06   9.6191406e+01
   5.1487310e+06   4.0893555e+01
   5.1497270e+06   4.4555664e+01
   5.1505200e+06   4.6142578e+01
   5.1517600e+06   4.0466309e+01
   5.1647630e+06   7.8552246e+01
   5.1650300e+06   6.8115234e+01
   5.1651950e+06   5.5969238e+01
   5.1658870e+06   4.7607422e+01
   5.1662990e+06   3.9672852e+01
   5.1669710e+06   3.8818359e+01
   5.1679960e+06   3.5522461e+01
   5.4681520e+06   5.3833008e+01
   5.4682720e+06   3.9794922e+01
   5.4686150e+06   1.1047363e+02
   5.4687830e+06   3.6010742e+01
   5.4688970e+06   8.9477539e+01
   5.4693290e+06   5.7373047e+01
   5.4700260e+06   3.6193848e+01
   5.4704650e+06   3.8879395e+01
   5.4710280e+06   4.1564941e+01
   5.4718120e+06   4.6386719e+01
   5.4727840e+06   4.0893555e+01
   5.4738790e+06   3.7658691e+01
   5.4837510e+06   4.9255371e+01
   5.4840550e+06   6.9152832e+01
   5.4841730e+06   5.2124023e+01
   5.4847920e+06   3.8940430e+01
   5.7504350e+06   5.6945801e+01
   5.7508240e+06   1.0070801e+02
   5.7512470e+06   7.5805664e+01
   5.7515680e+06   4.3701172e+01
   5.7519930e+06   4.1320801e+01
   5.7525000e+06   3.7902832e+01
   5.7666960e+06   8.2214355e+01
   5.7673020e+06   5.8044434e+01
   5.7677680e+06   6.2561035e+01
   5.7685180e+06   4.5227051e+01
   5.7695670e+06   3.7231445e+01
