   5.9980000e+06   0.0000000e+00
   2.0261000e+04   3.5766602e+01
   6.2496000e+04   3.4912109e+01
   6.7736000e+04   3.5095215e+01
   9.8585000e+04   4.1870117e+01
   1.0236300e+05   4.1564941e+01
   1.0444400e+05   3.6987305e+01
   1.4400700e+05   3.5339355e+01
   1.5376600e+05   3.4545898e+01
   1.6055900e+05   4.3518066e+01
   1.6214700e+05   3.5034180e+01
   1.8603700e+05   3.5339355e+01
   1.9372800e+05   3.4790039e+01
   2.0297600e+05   3.5766602e+01
   2.1654200e+05   4.2114258e+01
   2.3031100e+05   3.8574219e+01
   2.9179600e+05   4.0466309e+01
   2.9490900e+05   3.6499023e+01
   3.1165700e+05   3.4484863e+01
   3.1850600e+05   4.7668457e+01
   3.2351600e+05   3.7231445e+01
   3.2424800e+05   3.9855957e+01
   3.2437700e+05   4.5898438e+01
   3.2451200e+05   3.6865234e+01
   3.2461800e+05   3.5400391e+01
   3.2466600e+05   3.9550781e+01
   3.2467600e+05   3.8208008e+01
   3.2486500e+05   3.5339355e+01
   3.2492300e+05   3.7109375e+01
   3.2494300e+05   3.7353516e+01
   3.2500500e+05   3.5949707e+01
   3.2504400e+05   4.0100098e+01
   3.2514400e+05   5.5419922e+01
   3.2516700e+05   3.6560059e+01
   3.2520300e+05   4.4616699e+01
   3.2522600e+05   5.3100586e+01
   3.2530600e+05   6.0791016e+01
   3.2532900e+05   4.2602539e+01
   3.2540900e+05   3.9001465e+01
   3.2542400e+05   3.8146973e+01
   3.2544000e+05   4.4311523e+01
   3.2546300e+05   6.4575195e+01
   3.2550200e+05   7.1472168e+01
   3.2552600e+05   3.6987305e+01
   3.2554900e+05   3.7353516e+01
   3.2556600e+05   7.5012207e+01
   3.2558800e+05   3.5034180e+01
   3.2565700e+05   3.7719727e+01
   3.2575900e+05   4.8400879e+01
   3.2586000e+05   3.5217285e+01
   3.2619000e+05   4.0893555e+01
   3.2639400e+05   4.0161133e+01
   3.2671400e+05   4.1198730e+01
   3.2698700e+05   3.8879395e+01
   3.2733700e+05   3.8269043e+01
   3.2772800e+05   4.4067383e+01
   3.2774800e+05   3.6193848e+01
   3.2831200e+05   3.6376953e+01
   3.2873200e+05   3.7658691e+01
   3.2894800e+05   4.0710449e+01
   3.2918400e+05   3.6315918e+01
   3.2981500e+05   3.6865234e+01
   3.3016500e+05   3.5095215e+01
   3.3232700e+05   4.0161133e+01
   3.3578700e+05   3.8513184e+01
   3.3813100e+05   4.1320801e+01
   3.4087800e+05   3.8269043e+01
   3.4155600e+05   4.2419434e+01
   3.4226000e+05   3.8574219e+01
   3.4283100e+05   4.2358398e+01
   3.4286400e+05   4.4006348e+01
   3.4292600e+05   3.9428711e+01
   3.4299400e+05   5.0964355e+01
   3.4304000e+05   4.6020508e+01
   3.4315800e+05   3.7353516e+01
   3.4318900e+05   4.6325684e+01
   3.4322800e+05   3.4606934e+01
   3.4328100e+05   3.5339355e+01
   3.4332000e+05   3.4729004e+01
   3.4346400e+05   3.4545898e+01
   3.4368100e+05   3.6621094e+01
   3.4400900e+05   3.8024902e+01
   3.4420100e+05   4.0100098e+01
   3.4433400e+05   3.5278320e+01
   3.4539600e+05   3.7292480e+01
   3.4602700e+05   4.7302246e+01
   3.4660700e+05   3.5034180e+01
   3.4788200e+05   3.6682129e+01
   4.0454200e+05   3.9123535e+01
   4.4902200e+05   3.8269043e+01
   4.7458300e+05   3.6010742e+01
   5.0237700e+05   3.8513184e+01
   6.3471100e+05   3.9978027e+01
   6.6902200e+05   3.6254883e+01
   6.9377700e+05   3.6621094e+01
   7.0721300e+05   3.5034180e+01
   7.1041000e+05   4.7302246e+01
   7.2681100e+05   4.0893555e+01
   7.2813300e+05   3.6560059e+01
   7.2846700e+05   3.6193848e+01
   7.2860500e+05   5.1025391e+01
   7.2870400e+05   3.5949707e+01
   7.2872100e+05   4.0100098e+01
   7.2876800e+05   6.5917969e+01
   7.2879700e+05   4.1748047e+01
   7.2884900e+05   9.7778320e+01
   7.2889500e+05   3.5644531e+01
   7.2891500e+05   4.7790527e+01
   7.2893600e+05   3.7902832e+01
   7.2895400e+05   4.2053223e+01
   7.2899600e+05   5.1635742e+01
   7.2901700e+05   4.6142578e+01
   7.2903800e+05   3.6254883e+01
   7.2911000e+05   3.4851074e+01
   7.2914000e+05   6.2500000e+01
   7.2923800e+05   3.6804199e+01
   7.2925400e+05   3.9245605e+01
   7.2927400e+05   3.9001465e+01
   7.2932200e+05   3.7841797e+01
   7.2938300e+05   4.0588379e+01
   7.2946400e+05   3.8696289e+01
   7.2950000e+05   4.0283203e+01
   7.2964200e+05   3.8757324e+01
   7.2976500e+05   3.7414551e+01
   7.2980100e+05   3.6010742e+01
   7.2992500e+05   3.5522461e+01
   7.3009800e+05   3.5156250e+01
   7.3026600e+05   3.8757324e+01
   7.3107700e+05   3.8452148e+01
   7.3137100e+05   4.0405273e+01
   7.3159400e+05   4.6081543e+01
   7.3171900e+05   3.8940430e+01
   7.3189900e+05   3.4973145e+01
   7.3270200e+05   4.0161133e+01
   7.3285900e+05   4.0039063e+01
   7.3397500e+05   3.6621094e+01
   7.3578100e+05   3.9001465e+01
   7.3897300e+05   4.0039063e+01
   7.4338100e+05   3.6193848e+01
   7.4454800e+05   4.7790527e+01
   7.4565700e+05   4.5715332e+01
   7.4653800e+05   4.0527344e+01
   7.4716800e+05   5.9997559e+01
   7.4723900e+05   3.9611816e+01
   7.4728100e+05   3.6132813e+01
   7.4732600e+05   5.0048828e+01
   7.4740600e+05   3.5339355e+01
   7.4744200e+05   4.2724609e+01
   7.4754900e+05   4.3334961e+01
   7.4757700e+05   3.5583496e+01
   7.4766700e+05   3.8085938e+01
   7.4773400e+05   4.1625977e+01
   7.4808600e+05   5.0109863e+01
   7.4818000e+05   3.6743164e+01
   7.4844000e+05   3.8330078e+01
   7.4851100e+05   3.4973145e+01
   7.4868400e+05   3.5034180e+01
   7.4880900e+05   3.5766602e+01
   7.5128300e+05   4.0466309e+01
   7.5186500e+05   4.3579102e+01
   7.5192600e+05   3.6621094e+01
   7.5309900e+05   3.8635254e+01
   7.5336700e+05   4.9499512e+01
   7.6692400e+05   3.6376953e+01
   7.9583200e+05   4.0283203e+01
   9.0133200e+05   3.4484863e+01
   9.3362700e+05   3.5034180e+01
   9.9288100e+05   3.4667969e+01
   1.0412330e+06   3.4667969e+01
   1.0620730e+06   4.1625977e+01
   1.0739020e+06   3.7780762e+01
   1.0867040e+06   4.6813965e+01
   1.1098030e+06   4.0527344e+01
   1.1116830e+06   4.5410156e+01
   1.1127190e+06   5.3710937e+01
   1.1128110e+06   3.6621094e+01
   1.1128350e+06   3.7658691e+01
   1.1128640e+06   3.7231445e+01
   1.1128910e+06   3.6560059e+01
   1.1129300e+06   3.6437988e+01
   1.1130300e+06   4.0954590e+01
   1.1130540e+06   3.6499023e+01
   1.1130660e+06   6.3659668e+01
   1.1130920e+06   4.2541504e+01
   1.1131280e+06   6.3232422e+01
   1.1131620e+06   3.5461426e+01
   1.1131950e+06   4.9011230e+01
   1.1132590e+06   4.7912598e+01
   1.1132800e+06   1.0644531e+02
   1.1133350e+06   4.3395996e+01
   1.1133580e+06   3.7292480e+01
   1.1133850e+06   4.3029785e+01
   1.1133950e+06   4.2297363e+01
   1.1134480e+06   4.4677734e+01
   1.1134670e+06   3.7658691e+01
   1.1134850e+06   4.3884277e+01
   1.1135750e+06   5.1208496e+01
   1.1136390e+06   3.8818359e+01
   1.1137060e+06   3.4484863e+01
   1.1138210e+06   4.1931152e+01
   1.1139910e+06   3.8146973e+01
   1.1142180e+06   3.4484863e+01
   1.1144450e+06   3.7170410e+01
   1.1146740e+06   3.4484863e+01
   1.1149180e+06   4.2419434e+01
   1.1155880e+06   3.4851074e+01
   1.1156880e+06   3.5583496e+01
   1.1162800e+06   3.4667969e+01
   1.1164610e+06   3.7841797e+01
   1.1171880e+06   3.6254883e+01
   1.1176200e+06   3.8818359e+01
   1.1177610e+06   3.9978027e+01
   1.1179000e+06   3.6621094e+01
   1.1183280e+06   3.5339355e+01
   1.1184270e+06   3.7353516e+01
   1.1189700e+06   4.3640137e+01
   1.1190870e+06   4.0832520e+01
   1.1207250e+06   3.7109375e+01
   1.1243800e+06   3.8330078e+01
   1.1277030e+06   5.1330566e+01
   1.1287370e+06   3.7841797e+01
   1.1298060e+06   5.5786133e+01
   1.1308390e+06   4.8706055e+01
   1.1315780e+06   4.4067383e+01
   1.1316370e+06   4.0283203e+01
   1.1318040e+06   3.6926270e+01
   1.1319030e+06   3.7536621e+01
   1.1319180e+06   3.7048340e+01
   1.1319880e+06   3.7902832e+01
   1.1320420e+06   4.2114258e+01
   1.1321200e+06   4.7790527e+01
   1.1322640e+06   4.2175293e+01
   1.1323710e+06   5.0903320e+01
   1.1324430e+06   4.2785645e+01
   1.1327310e+06   3.6315918e+01
   1.1330350e+06   4.3457031e+01
   1.1337820e+06   3.6621094e+01
   1.1345970e+06   4.0649414e+01
   1.1352450e+06   4.0893555e+01
   1.1362660e+06   4.0222168e+01
   1.1375280e+06   4.6447754e+01
   1.1759070e+06   3.5095215e+01
   1.1847290e+06   3.5888672e+01
   1.2078710e+06   3.6071777e+01
   1.2267160e+06   3.5095215e+01
   1.2477140e+06   3.4484863e+01
   1.2651430e+06   3.6376953e+01
   1.2834400e+06   3.4851074e+01
   1.3225000e+06   3.7902832e+01
   1.3440360e+06   3.7414551e+01
   1.4036460e+06   3.6376953e+01
   1.4264940e+06   4.0832520e+01
   1.4277950e+06   4.6020508e+01
   1.4285320e+06   3.7170410e+01
   1.4285700e+06   3.5461426e+01
   1.4285950e+06   3.4545898e+01
   1.4286130e+06   5.0415039e+01
   1.4286440e+06   3.9123535e+01
   1.4286680e+06   3.6132813e+01
   1.4287000e+06   3.7170410e+01
   1.4287360e+06   3.6560059e+01
   1.4287650e+06   4.3884277e+01
   1.4287920e+06   7.1166992e+01
   1.4288160e+06   4.0832520e+01
   1.4288260e+06   3.6010742e+01
   1.4288540e+06   5.2124023e+01
   1.4289000e+06   4.5959473e+01
   1.4289320e+06   5.4870605e+01
   1.4290360e+06   4.7912598e+01
   1.4290800e+06   5.9265137e+01
   1.4290920e+06   3.6071777e+01
   1.4291620e+06   3.5888672e+01
   1.4291830e+06   4.9194336e+01
   1.4292140e+06   3.6804199e+01
   1.4292940e+06   5.9570312e+01
   1.4293230e+06   3.7780762e+01
   1.4294680e+06   3.5339355e+01
   1.4296320e+06   4.5898438e+01
   1.4298050e+06   3.8330078e+01
   1.4299140e+06   3.4545898e+01
   1.4299660e+06   4.7546387e+01
   1.4301460e+06   3.5888672e+01
   1.4302980e+06   3.6315918e+01
   1.4305530e+06   3.6865234e+01
   1.4307900e+06   3.5461426e+01
   1.4312790e+06   3.9978027e+01
   1.4313690e+06   3.8696289e+01
   1.4317090e+06   3.7170410e+01
   1.4324200e+06   3.7719727e+01
   1.4327420e+06   4.0161133e+01
   1.4340280e+06   3.5705566e+01
   1.4343260e+06   3.9672852e+01
   1.4378160e+06   4.2236328e+01
   1.4404260e+06   4.1625977e+01
   1.4421790e+06   3.7048340e+01
   1.4451710e+06   4.3457031e+01
   1.4459460e+06   4.6264648e+01
   1.4465350e+06   4.2236328e+01
   1.4468160e+06   3.5705566e+01
   1.4468700e+06   3.6193848e+01
   1.4468800e+06   3.5461426e+01
   1.4471570e+06   3.6926270e+01
   1.4471690e+06   4.2663574e+01
   1.4472360e+06   5.6579590e+01
   1.4473240e+06   3.9184570e+01
   1.4473700e+06   4.8645020e+01
   1.4473830e+06   4.9743652e+01
   1.4474830e+06   3.5888672e+01
   1.4475930e+06   4.8583984e+01
   1.4476160e+06   3.8452148e+01
   1.4477820e+06   4.0222168e+01
   1.4480370e+06   4.1748047e+01
   1.4481860e+06   3.7109375e+01
   1.4483370e+06   4.1320801e+01
   1.4485060e+06   3.8696289e+01
   1.4485670e+06   4.4738770e+01
   1.4489370e+06   3.5156250e+01
   1.4489830e+06   3.6254883e+01
   1.4493770e+06   3.4484863e+01
   1.4497910e+06   3.7414551e+01
   1.4505060e+06   3.8208008e+01
   1.4511760e+06   3.7902832e+01
   1.4666820e+06   3.5400391e+01
   1.4678650e+06   3.8574219e+01
   1.4688590e+06   4.8828125e+01
   1.4698730e+06   3.5095215e+01
   1.4709570e+06   3.6254883e+01
   1.4929300e+06   3.4667969e+01
   1.5371190e+06   3.5095215e+01
   1.5516470e+06   3.8391113e+01
   1.5808340e+06   3.7475586e+01
   1.6051340e+06   3.7475586e+01
   1.6377310e+06   3.6010742e+01
   1.6774360e+06   3.4484863e+01
   1.6843980e+06   4.3029785e+01
   1.6901980e+06   4.1381836e+01
   1.6945260e+06   3.5400391e+01
   1.6983810e+06   4.3457031e+01
   1.6992440e+06   3.5156250e+01
   1.7104760e+06   4.2053223e+01
   1.7160630e+06   4.1931152e+01
   1.7162300e+06   3.6254883e+01
   1.7164740e+06   4.5471191e+01
   1.7166740e+06   3.9306641e+01
   1.7166970e+06   3.8574219e+01
   1.7168150e+06   4.0893555e+01
   1.7169400e+06   4.4006348e+01
   1.7170130e+06   3.8513184e+01
   1.7172900e+06   3.5339355e+01
   1.7174160e+06   3.5522461e+01
   1.7174510e+06   4.4250488e+01
   1.7174670e+06   4.0222168e+01
   1.7175290e+06   4.8706055e+01
   1.7175410e+06   4.3151855e+01
   1.7176480e+06   4.0039063e+01
   1.7176600e+06   3.9062500e+01
   1.7176810e+06   5.4016113e+01
   1.7177230e+06   3.9672852e+01
   1.7178390e+06   5.1574707e+01
   1.7178570e+06   3.6621094e+01
   1.7180200e+06   3.9245605e+01
   1.7180940e+06   4.6691895e+01
   1.7181140e+06   4.3579102e+01
   1.7182000e+06   3.8757324e+01
   1.7182270e+06   3.6560059e+01
   1.7183430e+06   3.8574219e+01
   1.7184670e+06   3.5705566e+01
   1.7186180e+06   4.1564941e+01
   1.7186360e+06   3.6865234e+01
   1.7188020e+06   3.6132813e+01
   1.7190660e+06   3.5034180e+01
   1.7192920e+06   3.7048340e+01
   1.7196950e+06   3.6865234e+01
   1.7200780e+06   3.7414551e+01
   1.7202040e+06   3.6071777e+01
   1.7210330e+06   4.1137695e+01
   1.7216410e+06   3.4851074e+01
   1.7219810e+06   5.0231934e+01
   1.7222720e+06   3.7658691e+01
   1.7228950e+06   3.7902832e+01
   1.7234720e+06   3.9978027e+01
   1.7271340e+06   3.8635254e+01
   1.7311810e+06   3.8940430e+01
   1.7340540e+06   4.0283203e+01
   1.7348330e+06   3.7719727e+01
   1.7355040e+06   4.0405273e+01
   1.7364720e+06   4.4494629e+01
   1.7364840e+06   3.4790039e+01
   1.7366470e+06   3.7719727e+01
   1.7367730e+06   5.4382324e+01
   1.7369750e+06   3.5644531e+01
   1.7370530e+06   4.8461914e+01
   1.7370990e+06   3.8879395e+01
   1.7372700e+06   4.3457031e+01
   1.7373010e+06   4.2602539e+01
   1.7374420e+06   3.9062500e+01
   1.7375060e+06   3.6926270e+01
   1.7377780e+06   3.7109375e+01
   1.7382770e+06   3.4729004e+01
   1.7383280e+06   3.9978027e+01
   1.7387120e+06   3.6315918e+01
   1.7390620e+06   3.8085938e+01
   1.7396770e+06   3.6560059e+01
   1.7400210e+06   4.7302246e+01
   1.7403830e+06   3.8818359e+01
   1.7415310e+06   3.6376953e+01
   1.7425660e+06   3.4606934e+01
   1.8247160e+06   3.5156250e+01
   1.8672510e+06   3.7658691e+01
   1.8993720e+06   3.9733887e+01
   1.9105340e+06   3.6071777e+01
   1.9140370e+06   4.7119141e+01
   1.9508790e+06   4.0771484e+01
   1.9621370e+06   3.5278320e+01
   1.9757860e+06   3.5278320e+01
   1.9881410e+06   3.4606934e+01
   1.9926360e+06   3.5339355e+01
   2.0057550e+06   3.6682129e+01
   2.0255730e+06   3.9123535e+01
   2.0424000e+06   3.6560059e+01
   2.0481770e+06   4.1015625e+01
   2.0501690e+06   3.8696289e+01
   2.0503030e+06   3.5644531e+01
   2.0505440e+06   3.9733887e+01
   2.0506240e+06   4.2114258e+01
   2.0506550e+06   4.8889160e+01
   2.0507660e+06   3.9611816e+01
   2.0508180e+06   3.5034180e+01
   2.0508640e+06   3.4484863e+01
   2.0508930e+06   3.7902832e+01
   2.0509120e+06   4.0161133e+01
   2.0509510e+06   4.0466309e+01
   2.0509900e+06   9.0087891e+01
   2.0510590e+06   3.4667969e+01
   2.0510950e+06   4.6447754e+01
   2.0511080e+06   3.5583496e+01
   2.0511580e+06   3.5522461e+01
   2.0511720e+06   5.0659180e+01
   2.0512000e+06   4.1381836e+01
   2.0512690e+06   4.1809082e+01
   2.0513000e+06   3.7048340e+01
   2.0513250e+06   3.7780762e+01
   2.0514200e+06   4.4677734e+01
   2.0515600e+06   3.6621094e+01
   2.0516320e+06   3.9245605e+01
   2.0516700e+06   4.8278809e+01
   2.0518070e+06   3.6743164e+01
   2.0520040e+06   3.5644531e+01
   2.0523040e+06   3.9306641e+01
   2.0525270e+06   3.6499023e+01
   2.0528210e+06   3.7231445e+01
   2.0534100e+06   4.0100098e+01
   2.0535580e+06   3.9245605e+01
   2.0541690e+06   3.5217285e+01
   2.0547120e+06   5.2612305e+01
   2.0558740e+06   3.9001465e+01
   2.0559480e+06   3.5522461e+01
   2.0583450e+06   4.3884277e+01
   2.0598370e+06   4.0588379e+01
   2.0636420e+06   3.7963867e+01
   2.0662270e+06   3.5461426e+01
   2.0672060e+06   4.0832520e+01
   2.0678150e+06   3.5888672e+01
   2.0681880e+06   4.2297363e+01
   2.0682020e+06   3.8513184e+01
   2.0683210e+06   4.9560547e+01
   2.0685340e+06   4.4799805e+01
   2.0685480e+06   4.5104980e+01
   2.0685970e+06   3.4484863e+01
   2.0686440e+06   3.6132813e+01
   2.0687490e+06   3.6193848e+01
   2.0688210e+06   3.6987305e+01
   2.0688750e+06   3.4790039e+01
   2.0689660e+06   3.7231445e+01
   2.0690460e+06   4.2907715e+01
   2.0693210e+06   4.1259766e+01
   2.0694840e+06   4.8583984e+01
   2.0697840e+06   3.8208008e+01
   2.0701070e+06   3.4790039e+01
   2.0704370e+06   3.9794922e+01
   2.0727700e+06   3.6560059e+01
   2.0887750e+06   4.3334961e+01
   2.0899450e+06   4.3579102e+01
   2.0913140e+06   3.9550781e+01
   2.0922310e+06   3.7536621e+01
   2.0933060e+06   3.7658691e+01
   2.0949460e+06   3.6743164e+01
   2.1291210e+06   3.5217285e+01
   2.1452030e+06   3.5583496e+01
   2.1671450e+06   3.5461426e+01
   2.2403680e+06   4.0466309e+01
   2.2536410e+06   3.5522461e+01
   2.2581020e+06   3.5461426e+01
   2.2712860e+06   3.7048340e+01
   2.2861250e+06   3.7536621e+01
   2.3009400e+06   3.6437988e+01
   2.3189870e+06   3.5217285e+01
   2.3253700e+06   3.6865234e+01
   2.3255420e+06   3.4606934e+01
   2.3258770e+06   3.6987305e+01
   2.3259020e+06   3.9428711e+01
   2.3264970e+06   3.9123535e+01
   2.3266280e+06   3.5644531e+01
   2.3266470e+06   3.5888672e+01
   2.3266760e+06   3.9733887e+01
   2.3267020e+06   3.5888672e+01
   2.3267770e+06   3.9978027e+01
   2.3268100e+06   5.7067871e+01
   2.3268710e+06   4.2846680e+01
   2.3269290e+06   3.7597656e+01
   2.3269470e+06   4.0649414e+01
   2.3270080e+06   4.1137695e+01
   2.3271340e+06   4.3701172e+01
   2.3272160e+06   5.3344727e+01
   2.3273410e+06   3.9001465e+01
   2.3273750e+06   4.9377441e+01
   2.3273930e+06   4.3395996e+01
   2.3274340e+06   4.2480469e+01
   2.3274790e+06   4.1320801e+01
   2.3274980e+06   3.6743164e+01
   2.3276150e+06   4.5898438e+01
   2.3276450e+06   7.2509766e+01
   2.3276700e+06   3.5095215e+01
   2.3276840e+06   3.4790039e+01
   2.3277350e+06   3.9855957e+01
   2.3278320e+06   4.7912598e+01
   2.3279360e+06   3.5461426e+01
   2.3280550e+06   3.6315918e+01
   2.3282220e+06   3.5095215e+01
   2.3284470e+06   4.2907715e+01
   2.3287030e+06   3.8452148e+01
   2.3290510e+06   3.6132812e+01
   2.3295450e+06   3.5888672e+01
   2.3296610e+06   3.6132812e+01
   2.3308070e+06   3.8635254e+01
   2.3320470e+06   4.3457031e+01
   2.3321110e+06   3.5095215e+01
   2.3342080e+06   3.5156250e+01
   2.3383120e+06   4.0222168e+01
   2.3408890e+06   3.5034180e+01
   2.3421270e+06   3.5644531e+01
   2.3441800e+06   4.0222168e+01
   2.3454190e+06   3.7597656e+01
   2.3456240e+06   3.8818359e+01
   2.3459120e+06   5.3771973e+01
   2.3460830e+06   3.9489746e+01
   2.3461100e+06   4.1992188e+01
   2.3463140e+06   3.7353516e+01
   2.3463830e+06   4.0832520e+01
   2.3465640e+06   3.5827637e+01
   2.3465970e+06   4.6875000e+01
   2.3466370e+06   3.9550781e+01
   2.3468590e+06   3.5888672e+01
   2.3469030e+06   3.6621094e+01
   2.3469430e+06   3.6437988e+01
   2.3469800e+06   3.4973145e+01
   2.3471140e+06   3.5522461e+01
   2.3472970e+06   4.0954590e+01
   2.3475760e+06   3.6254883e+01
   2.3476300e+06   3.4851074e+01
   2.3478270e+06   3.5156250e+01
   2.3479420e+06   3.6193848e+01
   2.3488900e+06   3.4484863e+01
   2.3489910e+06   3.6376953e+01
   2.3494950e+06   4.6813965e+01
   2.3498540e+06   3.6743164e+01
   2.3505250e+06   3.7719727e+01
   2.3539670e+06   4.6325684e+01
   2.3548630e+06   3.4729004e+01
   2.3682880e+06   3.8879395e+01
   2.3807920e+06   4.5898438e+01
   2.3858480e+06   4.3090820e+01
   2.3869970e+06   5.9387207e+01
   2.4162990e+06   3.6315918e+01
   2.4238630e+06   3.6926270e+01
   2.4739960e+06   3.9306641e+01
   2.4834640e+06   5.1940918e+01
   2.4846730e+06   4.3640137e+01
   2.5022280e+06   3.6560059e+01
   2.5095460e+06   3.7475586e+01
   2.5598850e+06   3.7536621e+01
   2.5860260e+06   4.2236328e+01
   2.6141980e+06   3.6865234e+01
   2.6428330e+06   3.6682129e+01
   2.6595520e+06   3.6987305e+01
   2.6600340e+06   4.2968750e+01
   2.6604100e+06   4.1870117e+01
   2.6604750e+06   4.2114258e+01
   2.6605850e+06   3.4484863e+01
   2.6606120e+06   3.9916992e+01
   2.6606420e+06   5.0292969e+01
   2.6606550e+06   3.4912109e+01
   2.6606940e+06   4.0222168e+01
   2.6607640e+06   3.6987305e+01
   2.6608120e+06   7.8186035e+01
   2.6608530e+06   5.0598145e+01
   2.6608780e+06   4.1931152e+01
   2.6609370e+06   3.5705566e+01
   2.6609750e+06   3.8146973e+01
   2.6610060e+06   4.3945313e+01
   2.6611570e+06   5.1086426e+01
   2.6611850e+06   3.6193848e+01
   2.6612220e+06   3.5461426e+01
   2.6612670e+06   4.9499512e+01
   2.6612960e+06   3.5217285e+01
   2.6613970e+06   5.7189941e+01
   2.6614090e+06   3.9123535e+01
   2.6614770e+06   4.1625977e+01
   2.6615340e+06   3.7780762e+01
   2.6616440e+06   3.7048340e+01
   2.6617410e+06   3.6499023e+01
   2.6619110e+06   4.3823242e+01
   2.6620680e+06   4.0893555e+01
   2.6624160e+06   4.5043945e+01
   2.6626700e+06   3.5217285e+01
   2.6629260e+06   4.2785645e+01
   2.6635520e+06   3.9855957e+01
   2.6649200e+06   3.8513184e+01
   2.6649810e+06   3.6499023e+01
   2.6655330e+06   4.5471191e+01
   2.6668950e+06   4.0161133e+01
   2.6696260e+06   3.5827637e+01
   2.6710890e+06   3.5217285e+01
   2.6730520e+06   4.6630859e+01
   2.6746910e+06   3.5522461e+01
   2.6769620e+06   4.1015625e+01
   2.6777180e+06   4.7363281e+01
   2.6779570e+06   3.8513184e+01
   2.6779740e+06   4.2480469e+01
   2.6781800e+06   3.8818359e+01
   2.6782170e+06   4.7302246e+01
   2.6782410e+06   5.0964355e+01
   2.6783930e+06   5.7067871e+01
   2.6784690e+06   3.6010742e+01
   2.6785480e+06   3.6926270e+01
   2.6785940e+06   3.7658691e+01
   2.6786870e+06   3.6376953e+01
   2.6787740e+06   3.8879395e+01
   2.6789070e+06   3.4790039e+01
   2.6791330e+06   4.2480469e+01
   2.6794310e+06   4.7912598e+01
   2.6797180e+06   3.5156250e+01
   2.6802840e+06   4.2541504e+01
   2.6809990e+06   3.7170410e+01
   2.6815100e+06   3.8757324e+01
   2.6822620e+06   4.7668457e+01
   2.6856980e+06   3.4912109e+01
   2.6947090e+06   4.2541504e+01
   2.6960250e+06   4.1625977e+01
   2.7315990e+06   3.5400391e+01
   2.7438260e+06   3.6865234e+01
   2.8172270e+06   3.5034180e+01
   2.8254940e+06   3.5583496e+01
   2.8389690e+06   3.4606934e+01
   2.8827560e+06   3.8330078e+01
   2.8967940e+06   3.4667969e+01
   2.9161600e+06   3.6499023e+01
   2.9190770e+06   4.0527344e+01
   2.9271770e+06   3.8757324e+01
   2.9324920e+06   4.4189453e+01
   2.9331720e+06   3.8269043e+01
   2.9335810e+06   3.4606934e+01
   2.9336030e+06   4.3151855e+01
   2.9339920e+06   3.9123535e+01
   2.9341830e+06   3.5400391e+01
   2.9342210e+06   3.8513184e+01
   2.9342340e+06   3.5522461e+01
   2.9342760e+06   3.5339355e+01
   2.9343630e+06   3.5400391e+01
   2.9343780e+06   3.8085938e+01
   2.9343990e+06   3.5095215e+01
   2.9344110e+06   5.6701660e+01
   2.9345060e+06   3.4851074e+01
   2.9345190e+06   5.0476074e+01
   2.9345360e+06   3.4851074e+01
   2.9345740e+06   4.3395996e+01
   2.9346170e+06   6.2805176e+01
   2.9346410e+06   6.1950684e+01
   2.9346700e+06   4.7851563e+01
   2.9347540e+06   4.3395996e+01
   2.9348020e+06   3.6865234e+01
   2.9348330e+06   3.5339355e+01
   2.9348640e+06   4.2053223e+01
   2.9349700e+06   5.1940918e+01
   2.9350700e+06   4.7302246e+01
   2.9351270e+06   3.9916992e+01
   2.9351770e+06   4.0283203e+01
   2.9354160e+06   3.7780762e+01
   2.9355650e+06   3.7597656e+01
   2.9357420e+06   3.9062500e+01
   2.9359700e+06   3.7597656e+01
   2.9369980e+06   3.5827637e+01
   2.9374030e+06   4.3151855e+01
   2.9379460e+06   4.5715332e+01
   2.9386590e+06   3.6010742e+01
   2.9401930e+06   3.6071777e+01
   2.9419750e+06   3.6987305e+01
   2.9445740e+06   4.2724609e+01
   2.9472560e+06   4.0466309e+01
   2.9493450e+06   3.9611816e+01
   2.9500370e+06   5.1574707e+01
   2.9504820e+06   3.6132813e+01
   2.9507110e+06   3.6682129e+01
   2.9507690e+06   5.9143066e+01
   2.9508440e+06   3.9367676e+01
   2.9509500e+06   5.1269531e+01
   2.9510240e+06   4.0405273e+01
   2.9511390e+06   3.5278320e+01
   2.9511630e+06   3.9733887e+01
   2.9513720e+06   4.0344238e+01
   2.9518280e+06   3.5461426e+01
   2.9520150e+06   4.2846680e+01
   2.9521940e+06   3.8085938e+01
   2.9527990e+06   3.8085938e+01
   2.9531650e+06   3.5949707e+01
   2.9540560e+06   4.2236328e+01
   2.9543720e+06   3.9123535e+01
   2.9580240e+06   4.2297363e+01
   2.9674700e+06   3.5095215e+01
   2.9777430e+06   3.5949707e+01
   2.9968170e+06   3.4729004e+01
   2.9972640e+06   3.7597656e+01
   2.9984880e+06   4.3029785e+01
   3.0006620e+06   3.4667969e+01
   3.0012740e+06   4.2480469e+01
   3.0416870e+06   3.4484863e+01
   3.1133860e+06   3.5095215e+01
   3.1243200e+06   3.6376953e+01
   3.1462730e+06   3.4851074e+01
   3.1865040e+06   4.0771484e+01
   3.2236850e+06   3.8574219e+01
   3.2401550e+06   3.7353516e+01
   3.2452840e+06   3.8696289e+01
   3.2669200e+06   3.4606934e+01
   3.2675320e+06   3.6804199e+01
   3.3047430e+06   3.7597656e+01
   3.3087230e+06   3.7414551e+01
   3.3160720e+06   3.5583496e+01
   3.3168400e+06   3.6621094e+01
   3.3228920e+06   3.8940430e+01
   3.3236720e+06   3.6987305e+01
   3.3239330e+06   3.5217285e+01
   3.3241300e+06   3.4729004e+01
   3.3243510e+06   7.2265625e+01
   3.3243890e+06   3.6254883e+01
   3.3244690e+06   5.1452637e+01
   3.3244830e+06   4.1076660e+01
   3.3245570e+06   4.0100098e+01
   3.3246230e+06   3.5644531e+01
   3.3246560e+06   3.7109375e+01
   3.3246940e+06   1.0247803e+02
   3.3247160e+06   3.9367676e+01
   3.3247270e+06   3.4545898e+01
   3.3247510e+06   3.4545898e+01
   3.3247820e+06   3.9489746e+01
   3.3248020e+06   5.1025391e+01
   3.3248500e+06   5.4565430e+01
   3.3249070e+06   3.4851074e+01
   3.3249540e+06   4.5654297e+01
   3.3249640e+06   6.7260742e+01
   3.3249900e+06   3.7780762e+01
   3.3250790e+06   4.2053223e+01
   3.3251160e+06   4.1564941e+01
   3.3251870e+06   4.1503906e+01
   3.3252510e+06   4.8278809e+01
   3.3252890e+06   3.5705566e+01
   3.3253020e+06   3.8146973e+01
   3.3254170e+06   4.0527344e+01
   3.3255440e+06   4.3884277e+01
   3.3256780e+06   3.5400391e+01
   3.3260740e+06   3.6682129e+01
   3.3263650e+06   3.5095215e+01
   3.3266840e+06   3.9001465e+01
   3.3269010e+06   4.1442871e+01
   3.3269550e+06   4.0466309e+01
   3.3274240e+06   3.7780762e+01
   3.3276430e+06   3.8635254e+01
   3.3310130e+06   3.6804199e+01
   3.3327650e+06   4.1503906e+01
   3.3370790e+06   4.0527344e+01
   3.3389180e+06   3.7780762e+01
   3.3412020e+06   4.0832520e+01
   3.3417960e+06   4.0649414e+01
   3.3422860e+06   3.8452148e+01
   3.3425860e+06   4.6569824e+01
   3.3426690e+06   5.4504395e+01
   3.3427420e+06   4.5532227e+01
   3.3429370e+06   3.4484863e+01
   3.3432360e+06   3.5644531e+01
   3.3432490e+06   4.2114258e+01
   3.3436100e+06   4.8950195e+01
   3.3438850e+06   3.5705566e+01
   3.3448150e+06   4.5349121e+01
   3.3470020e+06   3.6865234e+01
   3.3818120e+06   3.4545898e+01
   3.3899720e+06   3.6071777e+01
   3.4927720e+06   3.5949707e+01
   3.5011580e+06   3.5217285e+01
   3.5017910e+06   3.5095215e+01
   3.6074280e+06   3.4606934e+01
   3.6099800e+06   4.7729492e+01
   3.6105140e+06   3.5034180e+01
   3.6111810e+06   3.4912109e+01
   3.6114530e+06   4.3823242e+01
   3.6115270e+06   4.3701172e+01
   3.6115580e+06   4.7546387e+01
   3.6116450e+06   4.2724609e+01
   3.6117230e+06   3.5339355e+01
   3.6118170e+06   4.2175293e+01
   3.6118720e+06   4.2358398e+01
   3.6119810e+06   3.6804199e+01
   3.6120190e+06   4.1015625e+01
   3.6120680e+06   3.4912109e+01
   3.6121150e+06   3.6193848e+01
   3.6121650e+06   4.5043945e+01
   3.6122600e+06   5.6213379e+01
   3.6122780e+06   5.6945801e+01
   3.6123550e+06   5.6396484e+01
   3.6123870e+06   4.0100098e+01
   3.6124150e+06   3.5949707e+01
   3.6124840e+06   4.8461914e+01
   3.6125610e+06   4.6386719e+01
   3.6125960e+06   5.8715820e+01
   3.6126790e+06   5.0720215e+01
   3.6127610e+06   5.3894043e+01
   3.6128060e+06   3.9123535e+01
   3.6128900e+06   3.5461426e+01
   3.6130030e+06   3.8085938e+01
   3.6132840e+06   5.0598145e+01
   3.6142080e+06   3.7048340e+01
   3.6145510e+06   4.3212891e+01
   3.6151900e+06   4.1076660e+01
   3.6159360e+06   3.5705566e+01
   3.6160670e+06   3.6865234e+01
   3.6167070e+06   3.4851074e+01
   3.6209390e+06   4.3701172e+01
   3.6238590e+06   3.5827637e+01
   3.6259500e+06   3.9550781e+01
   3.6276780e+06   3.4484863e+01
   3.6291830e+06   3.8757324e+01
   3.6298320e+06   3.7170410e+01
   3.6300070e+06   5.0537109e+01
   3.6300570e+06   3.4606934e+01
   3.6301290e+06   3.5705566e+01
   3.6303250e+06   4.2114258e+01
   3.6304250e+06   3.5705566e+01
   3.6307230e+06   3.6071777e+01
   3.6309750e+06   3.8391113e+01
   3.6310310e+06   3.9855957e+01
   3.6312490e+06   3.9001465e+01
   3.6312740e+06   3.4790039e+01
   3.6313190e+06   3.6437988e+01
   3.6315160e+06   3.6193848e+01
   3.6322170e+06   4.2541504e+01
   3.6336090e+06   3.7292480e+01
   3.6344350e+06   3.7536621e+01
   3.6348670e+06   3.4545898e+01
   3.6358440e+06   4.1137695e+01
   3.6403290e+06   4.6691895e+01
   3.6924320e+06   3.8452148e+01
   3.6933350e+06   3.5217285e+01
   3.6952570e+06   4.1748047e+01
   3.6973170e+06   4.6020508e+01
   3.7433990e+06   4.0222168e+01
   3.7536090e+06   3.6071777e+01
   3.7730550e+06   3.6499023e+01
   3.7787230e+06   4.5104980e+01
   3.7801160e+06   3.5461426e+01
   3.7965780e+06   3.7658691e+01
   3.8115320e+06   3.5522461e+01
   3.8211460e+06   3.5949707e+01
   3.8484890e+06   3.4729004e+01
   3.8680010e+06   3.7170410e+01
   3.8843750e+06   3.7536621e+01
   3.8925190e+06   5.0903320e+01
   3.8947130e+06   3.5827637e+01
   3.8983670e+06   3.8574219e+01
   3.8987690e+06   3.7597656e+01
   3.8991190e+06   4.7973633e+01
   3.8992170e+06   3.8330078e+01
   3.8993590e+06   5.2734375e+01
   3.8994030e+06   3.5522461e+01
   3.8995210e+06   3.6987305e+01
   3.8995320e+06   4.5837402e+01
   3.8995560e+06   3.8146973e+01
   3.8996340e+06   3.7414551e+01
   3.8996510e+06   3.7292480e+01
   3.8996780e+06   3.7048340e+01
   3.8997660e+06   4.8522949e+01
   3.8998280e+06   3.6499023e+01
   3.8998620e+06   3.8696289e+01
   3.8998750e+06   4.2724609e+01
   3.8999020e+06   4.0100098e+01
   3.8999200e+06   4.1687012e+01
   3.8999370e+06   3.5034180e+01
   3.8999710e+06   3.4484863e+01
   3.9000320e+06   6.6589355e+01
   3.9000470e+06   5.3710938e+01
   3.9001000e+06   3.9916992e+01
   3.9001690e+06   4.1076660e+01
   3.9002030e+06   4.1625977e+01
   3.9002590e+06   4.7119141e+01
   3.9003620e+06   3.5522461e+01
   3.9004770e+06   4.8095703e+01
   3.9006210e+06   3.4484863e+01
   3.9007160e+06   3.8452148e+01
   3.9008760e+06   3.9245605e+01
   3.9011040e+06   3.5400391e+01
   3.9013960e+06   3.7841797e+01
   3.9017550e+06   3.7475586e+01
   3.9017950e+06   3.9733887e+01
   3.9020660e+06   3.5034180e+01
   3.9023860e+06   4.0710449e+01
   3.9029230e+06   3.5522461e+01
   3.9031180e+06   3.8452148e+01
   3.9033560e+06   3.4484863e+01
   3.9034590e+06   3.7292480e+01
   3.9035910e+06   6.6284180e+01
   3.9042160e+06   3.8574219e+01
   3.9068600e+06   4.0161133e+01
   3.9094260e+06   4.1992188e+01
   3.9126330e+06   3.7902832e+01
   3.9138080e+06   4.0466309e+01
   3.9148320e+06   3.8757324e+01
   3.9152800e+06   3.5949707e+01
   3.9153490e+06   3.7841797e+01
   3.9156370e+06   4.6203613e+01
   3.9157280e+06   3.8330078e+01
   3.9157900e+06   4.8645020e+01
   3.9158580e+06   3.6437988e+01
   3.9159180e+06   4.2175293e+01
   3.9160850e+06   3.8024902e+01
   3.9161370e+06   4.2541504e+01
   3.9162950e+06   3.9062500e+01
   3.9163050e+06   3.9062500e+01
   3.9164630e+06   4.3273926e+01
   3.9166830e+06   3.6071777e+01
   3.9170590e+06   3.8330078e+01
   3.9173570e+06   4.3151855e+01
   3.9177950e+06   3.6682129e+01
   3.9183660e+06   3.9245605e+01
   3.9188810e+06   4.2663574e+01
   3.9193370e+06   3.8879395e+01
   3.9212460e+06   3.9306641e+01
   3.9284210e+06   3.8330078e+01
   3.9984710e+06   3.6560059e+01
   4.0125740e+06   4.1015625e+01
   4.0727540e+06   3.4606934e+01
   4.0848130e+06   3.6804199e+01
   4.0968730e+06   4.4311523e+01
   4.1313230e+06   3.7231445e+01
   4.1535330e+06   3.8818359e+01
   4.1609720e+06   3.6010742e+01
   4.1615260e+06   3.5766602e+01
   4.1960110e+06   3.7841797e+01
   4.2125810e+06   3.6376953e+01
   4.2215850e+06   3.5339355e+01
   4.2291900e+06   3.5339355e+01
   4.2546100e+06   3.9489746e+01
   4.2586910e+06   4.0527344e+01
   4.2600950e+06   4.2785645e+01
   4.2603720e+06   3.5583496e+01
   4.2607420e+06   4.8706055e+01
   4.2607660e+06   3.4545898e+01
   4.2609270e+06   3.5583496e+01
   4.2609560e+06   3.8024902e+01
   4.2610490e+06   4.6447754e+01
   4.2611320e+06   3.5278320e+01
   4.2611620e+06   3.4729004e+01
   4.2612410e+06   4.5349121e+01
   4.2612730e+06   4.9804688e+01
   4.2613020e+06   3.9001465e+01
   4.2613360e+06   4.1687012e+01
   4.2613790e+06   3.5400391e+01
   4.2614130e+06   3.5339355e+01
   4.2614410e+06   4.4250488e+01
   4.2614620e+06   4.4372559e+01
   4.2614850e+06   1.0443115e+02
   4.2615260e+06   6.7626953e+01
   4.2616090e+06   3.6682129e+01
   4.2616460e+06   4.2053223e+01
   4.2616990e+06   3.4790039e+01
   4.2617290e+06   3.9062500e+01
   4.2619940e+06   4.5349121e+01
   4.2621080e+06   5.4443359e+01
   4.2622650e+06   3.5217285e+01
   4.2624240e+06   3.9245605e+01
   4.2627080e+06   3.5400391e+01
   4.2628420e+06   3.8208008e+01
   4.2630530e+06   3.5400391e+01
   4.2640780e+06   4.1381836e+01
   4.2641630e+06   4.0039063e+01
   4.2646010e+06   3.9672852e+01
   4.2649670e+06   3.9306641e+01
   4.2661970e+06   4.0710449e+01
   4.2674840e+06   3.8940430e+01
   4.2695720e+06   3.8879395e+01
   4.2744970e+06   4.1687012e+01
   4.2760600e+06   3.9245605e+01
   4.2779840e+06   3.9123535e+01
   4.2786770e+06   4.2114258e+01
   4.2795670e+06   4.0649414e+01
   4.2798850e+06   3.7353516e+01
   4.2801180e+06   4.1992188e+01
   4.2801550e+06   3.4606934e+01
   4.2802890e+06   4.0283203e+01
   4.2803470e+06   3.8391113e+01
   4.2803650e+06   5.6579590e+01
   4.2805080e+06   3.7780762e+01
   4.2809200e+06   4.5288086e+01
   4.2810790e+06   3.7963867e+01
   4.2812710e+06   3.6254883e+01
   4.2813710e+06   3.7780762e+01
   4.2818320e+06   3.5278320e+01
   4.2823040e+06   3.5766602e+01
   4.2831000e+06   3.4606934e+01
   4.2833290e+06   4.6508789e+01
   4.2841860e+06   3.6254883e+01
   4.3453340e+06   3.5095215e+01
   4.3722430e+06   3.6193848e+01
   4.4249320e+06   4.0039063e+01
   4.4407520e+06   3.5400391e+01
   4.4590750e+06   3.8391113e+01
   4.4856980e+06   3.7780762e+01
   4.5230530e+06   3.9672852e+01
   4.5372620e+06   3.6132813e+01
   4.5432480e+06   4.4311523e+01
   4.5503260e+06   4.1015625e+01
   4.5514820e+06   3.6071777e+01
   4.5517730e+06   3.7780762e+01
   4.5518820e+06   3.4667969e+01
   4.5521500e+06   3.5400391e+01
   4.5526550e+06   4.8217773e+01
   4.5528390e+06   3.7658691e+01
   4.5529790e+06   4.2541504e+01
   4.5530260e+06   3.8879395e+01
   4.5530560e+06   3.7231445e+01
   4.5531530e+06   3.7109375e+01
   4.5532190e+06   3.6926270e+01
   4.5532550e+06   8.5205078e+01
   4.5532820e+06   3.4606934e+01
   4.5533080e+06   3.6499023e+01
   4.5533370e+06   3.7841797e+01
   4.5534080e+06   3.6010742e+01
   4.5534420e+06   4.6936035e+01
   4.5535590e+06   3.9123535e+01
   4.5537440e+06   3.8208008e+01
   4.5538230e+06   4.4067383e+01
   4.5538600e+06   3.6376953e+01
   4.5539100e+06   3.5949707e+01
   4.5539820e+06   3.5156250e+01
   4.5540920e+06   4.2907715e+01
   4.5542590e+06   5.0537109e+01
   4.5544490e+06   4.3518066e+01
   4.5546900e+06   3.6193848e+01
   4.5549560e+06   3.9489746e+01
   4.5552260e+06   4.5410156e+01
   4.5556270e+06   3.5949707e+01
   4.5562530e+06   3.4912109e+01
   4.5576470e+06   3.6743164e+01
   4.5588680e+06   3.7841797e+01
   4.5606620e+06   3.7658691e+01
   4.5636410e+06   3.8757324e+01
   4.5668860e+06   4.1870117e+01
   4.5692530e+06   3.9550781e+01
   4.5705400e+06   4.0222168e+01
   4.5707560e+06   3.5400391e+01
   4.5711090e+06   3.5461426e+01
   4.5711260e+06   3.4973145e+01
   4.5712090e+06   4.9133301e+01
   4.5712810e+06   3.4545898e+01
   4.5714060e+06   4.9682617e+01
   4.5714610e+06   4.2175293e+01
   4.5717340e+06   3.7963867e+01
   4.5717970e+06   4.1320801e+01
   4.5723360e+06   3.9489746e+01
   4.5723760e+06   4.5043945e+01
   4.5724250e+06   3.6254883e+01
   4.5725910e+06   4.1137695e+01
   4.5727780e+06   3.6865234e+01
   4.5729500e+06   3.6132813e+01
   4.5734280e+06   3.7353516e+01
   4.5737280e+06   4.3884277e+01
   4.5738590e+06   3.5461426e+01
   4.5739230e+06   3.8146973e+01
   4.5746630e+06   4.3518066e+01
   4.5753240e+06   3.4606934e+01
   4.6098420e+06   3.6865234e+01
   4.6113980e+06   3.9733887e+01
   4.6278910e+06   3.6315918e+01
   4.6385770e+06   3.7719727e+01
   4.6664800e+06   3.5339355e+01
   4.6885300e+06   3.7780762e+01
   4.7101710e+06   3.5766602e+01
   4.7442000e+06   3.5156250e+01
   4.7598800e+06   3.7841797e+01
   4.7712280e+06   3.7841797e+01
   4.7875600e+06   3.5827637e+01
   4.8006010e+06   4.5104980e+01
   4.8175890e+06   3.5766602e+01
   4.8341990e+06   3.5156250e+01
   4.8374300e+06   3.8330078e+01
   4.8493830e+06   3.5522461e+01
   4.8614740e+06   4.3395996e+01
   4.8626530e+06   3.6315918e+01
   4.8630310e+06   3.9916992e+01
   4.8631310e+06   3.5705566e+01
   4.8631780e+06   3.7292480e+01
   4.8632070e+06   5.0842285e+01
   4.8634010e+06   4.8278809e+01
   4.8634780e+06   3.6193848e+01
   4.8635410e+06   4.6508789e+01
   4.8636100e+06   3.5217285e+01
   4.8636370e+06   3.8024902e+01
   4.8636680e+06   3.9672852e+01
   4.8638310e+06   5.2856445e+01
   4.8639530e+06   4.4250488e+01
   4.8639790e+06   7.7575684e+01
   4.8640480e+06   3.5766602e+01
   4.8641070e+06   5.8654785e+01
   4.8642140e+06   3.9062500e+01
   4.8642530e+06   3.5644531e+01
   4.8643450e+06   4.7241211e+01
   4.8644770e+06   3.6010742e+01
   4.8645480e+06   3.4545898e+01
   4.8646370e+06   3.9245605e+01
   4.8651020e+06   3.9001465e+01
   4.8655290e+06   3.4545898e+01
   4.8657720e+06   3.9855957e+01
   4.8665140e+06   3.8635254e+01
   4.8665690e+06   3.6437988e+01
   4.8677770e+06   3.7963867e+01
   4.8701960e+06   3.9306641e+01
   4.8737240e+06   4.2175293e+01
   4.8760820e+06   3.4729004e+01
   4.8786920e+06   3.7597656e+01
   4.8799180e+06   4.4128418e+01
   4.8804600e+06   3.4606934e+01
   4.8805210e+06   4.7607422e+01
   4.8807790e+06   3.5888672e+01
   4.8808830e+06   3.9672852e+01
   4.8809850e+06   3.6193848e+01
   4.8809960e+06   4.6936035e+01
   4.8810450e+06   3.7658691e+01
   4.8811370e+06   4.0039063e+01
   4.8812500e+06   4.9194336e+01
   4.8812780e+06   3.4790039e+01
   4.8813080e+06   3.6865234e+01
   4.8815250e+06   3.9855957e+01
   4.8817530e+06   4.4860840e+01
   4.8818260e+06   3.9367676e+01
   4.8819780e+06   3.7902832e+01
   4.8822350e+06   3.7597656e+01
   4.8824990e+06   3.5400391e+01
   4.8829510e+06   3.7780762e+01
   4.8837090e+06   3.4545898e+01
   4.8838450e+06   3.4545898e+01
   4.8854370e+06   3.9611816e+01
   4.8867820e+06   4.3151855e+01
   4.9421080e+06   3.6071777e+01
   4.9704670e+06   4.3762207e+01
   4.9867820e+06   3.6010742e+01
   5.0027900e+06   3.9062500e+01
   5.0207940e+06   3.4484863e+01
   5.0472060e+06   3.6987305e+01
   5.0590580e+06   3.7109375e+01
   5.1038380e+06   3.4912109e+01
   5.1269970e+06   3.7536621e+01
   5.1438690e+06   3.9916992e+01
   5.1456300e+06   3.8635254e+01
   5.1472310e+06   4.0161133e+01
   5.1475880e+06   5.1086426e+01
   5.1477430e+06   5.0659180e+01
   5.1478460e+06   3.7353516e+01
   5.1480420e+06   3.5217285e+01
   5.1481320e+06   4.0100098e+01
   5.1481770e+06   5.2062988e+01
   5.1481920e+06   4.2053223e+01
   5.1482380e+06   3.6315918e+01
   5.1482860e+06   3.5278320e+01
   5.1483070e+06   3.9184570e+01
   5.1483300e+06   4.3762207e+01
   5.1483680e+06   4.4128418e+01
   5.1483780e+06   3.5705566e+01
   5.1484110e+06   6.9091797e+01
   5.1484610e+06   3.6804199e+01
   5.1484800e+06   3.7841797e+01
   5.1485090e+06   5.6457520e+01
   5.1485610e+06   3.7048340e+01
   5.1485930e+06   3.5644531e+01
   5.1486500e+06   5.6701660e+01
   5.1487470e+06   4.2480469e+01
   5.1488780e+06   3.7048340e+01
   5.1490070e+06   3.8940430e+01
   5.1490330e+06   3.4851074e+01
   5.1490700e+06   3.8330078e+01
   5.1491070e+06   4.0100098e+01
   5.1492650e+06   4.2358398e+01
   5.1494470e+06   3.5339355e+01
   5.1503300e+06   5.3161621e+01
   5.1507890e+06   4.2663574e+01
   5.1516270e+06   3.6987305e+01
   5.1523840e+06   3.6499023e+01
   5.1525150e+06   4.8767090e+01
   5.1548510e+06   4.0527344e+01
   5.1584050e+06   4.1687012e+01
   5.1609780e+06   4.5104980e+01
   5.1626900e+06   3.4973145e+01
   5.1640510e+06   3.7353516e+01
   5.1642690e+06   3.5095215e+01
   5.1644060e+06   3.5705566e+01
   5.1644980e+06   3.6865234e+01
   5.1645560e+06   3.8085938e+01
   5.1646920e+06   8.0627441e+01
   5.1649340e+06   4.1931152e+01
   5.1650160e+06   3.4912109e+01
   5.1650370e+06   3.8940430e+01
   5.1651780e+06   4.5104980e+01
   5.1652310e+06   3.7902832e+01
   5.1652650e+06   4.1015625e+01
   5.1655570e+06   4.6936035e+01
   5.1658260e+06   4.4860840e+01
   5.1660770e+06   4.0771484e+01
   5.1663810e+06   3.8818359e+01
   5.1665560e+06   4.4677734e+01
   5.1669680e+06   3.5278320e+01
   5.1669940e+06   3.5217285e+01
   5.1675810e+06   3.6987305e+01
   5.1681620e+06   3.4606934e+01
   5.1684480e+06   3.5827637e+01
   5.1705270e+06   3.9001465e+01
   5.1723900e+06   4.5532227e+01
   5.1892520e+06   3.7780762e+01
   5.1909960e+06   4.4433594e+01
   5.1925160e+06   4.3090820e+01
   5.2170220e+06   3.5949707e+01
   5.2343630e+06   3.5217285e+01
   5.2516640e+06   3.7353516e+01
   5.2627520e+06   3.4545898e+01
   5.2894750e+06   3.5705566e+01
   5.3944160e+06   3.6560059e+01
   5.4095360e+06   3.5644531e+01
   5.4205790e+06   3.6193848e+01
   5.4254520e+06   3.4912109e+01
   5.4299810e+06   3.7597656e+01
   5.4326980e+06   4.2236328e+01
   5.4356990e+06   4.0466309e+01
   5.4379720e+06   3.5339355e+01
   5.4392690e+06   3.8330078e+01
   5.4452470e+06   3.4545898e+01
   5.4656500e+06   3.8024902e+01
   5.4670740e+06   4.4433594e+01
   5.4681710e+06   3.8269043e+01
   5.4682110e+06   3.5888672e+01
   5.4683250e+06   3.5827637e+01
   5.4683410e+06   4.5959473e+01
   5.4683620e+06   4.1320801e+01
   5.4684100e+06   4.2724609e+01
   5.4684320e+06   4.2968750e+01
   5.4685290e+06   3.7292480e+01
   5.4685810e+06   3.5095215e+01
   5.4686310e+06   3.5339355e+01
   5.4686740e+06   3.6010742e+01
   5.4686920e+06   3.9184570e+01
   5.4687410e+06   3.9733887e+01
   5.4687550e+06   3.7414551e+01
   5.4688030e+06   3.5095215e+01
   5.4688180e+06   4.9438477e+01
   5.4688460e+06   7.6843262e+01
   5.4688840e+06   4.1809082e+01
   5.4689250e+06   3.8635254e+01
   5.4689790e+06   3.9001465e+01
   5.4690170e+06   5.2490234e+01
   5.4691060e+06   4.6813965e+01
   5.4691230e+06   3.5339355e+01
   5.4692200e+06   3.4545898e+01
   5.4694590e+06   3.6193848e+01
   5.4695640e+06   3.5278320e+01
   5.4700490e+06   3.6254883e+01
   5.4707250e+06   3.8269043e+01
   5.4712380e+06   5.1330566e+01
   5.4712560e+06   4.4250488e+01
   5.4726610e+06   3.5827637e+01
   5.4727200e+06   4.0832520e+01
   5.4729010e+06   3.7414551e+01
   5.4744610e+06   3.9001465e+01
   5.4749090e+06   3.6499023e+01
   5.4792850e+06   4.4006348e+01
   5.4819240e+06   3.4667969e+01
   5.4829340e+06   4.6691895e+01
   5.4833900e+06   4.1503906e+01
   5.4837180e+06   3.5095215e+01
   5.4841220e+06   4.1503906e+01
   5.4841360e+06   4.5288086e+01
   5.4841950e+06   3.4729004e+01
   5.4842220e+06   3.8391113e+01
   5.4842710e+06   4.2480469e+01
   5.4843210e+06   3.6254883e+01
   5.4844080e+06   3.6865234e+01
   5.4844930e+06   5.2429199e+01
   5.4846520e+06   3.5583496e+01
   5.4846840e+06   4.1748047e+01
   5.4849840e+06   3.8574219e+01
   5.4849980e+06   3.7475586e+01
   5.4852890e+06   3.5888672e+01
   5.4866980e+06   3.6987305e+01
   5.4868470e+06   3.7292480e+01
   5.5075470e+06   3.8330078e+01
   5.5087280e+06   3.7353516e+01
   5.5096490e+06   3.9367676e+01
   5.5102940e+06   3.4667969e+01
   5.5494760e+06   3.5278320e+01
   5.5959590e+06   3.6621094e+01
   5.6225230e+06   3.6071777e+01
   5.6398110e+06   3.4790039e+01
   5.6557360e+06   3.7353516e+01
   5.6799000e+06   3.8513184e+01
   5.6855460e+06   3.7353516e+01
   5.7199540e+06   3.6621094e+01
   5.7492750e+06   3.5522461e+01
   5.7496760e+06   4.0222168e+01
   5.7498860e+06   3.8574219e+01
   5.7499430e+06   3.6560059e+01
   5.7499640e+06   3.4912109e+01
   5.7502500e+06   3.9123535e+01
   5.7502710e+06   3.9245605e+01
   5.7503520e+06   4.2114258e+01
   5.7504900e+06   3.4912109e+01
   5.7506350e+06   3.8513184e+01
   5.7507170e+06   4.1992188e+01
   5.7507280e+06   4.8889160e+01
   5.7507830e+06   4.2053223e+01
   5.7508050e+06   3.9550781e+01
   5.7508750e+06   4.0039063e+01
   5.7508850e+06   3.4973145e+01
   5.7509190e+06   3.7292480e+01
   5.7509440e+06   7.6354980e+01
   5.7509730e+06   3.9184570e+01
   5.7510360e+06   3.6376953e+01
   5.7511340e+06   3.4484863e+01
   5.7512090e+06   3.5034180e+01
   5.7512460e+06   3.8574219e+01
   5.7512740e+06   5.5480957e+01
   5.7513400e+06   3.7963867e+01
   5.7515800e+06   3.4790039e+01
   5.7523430e+06   3.5095215e+01
   5.7526750e+06   3.5949707e+01
   5.7530160e+06   4.1992187e+01
   5.7532080e+06   4.3457031e+01
   5.7534430e+06   3.7353516e+01
   5.7536750e+06   3.5095215e+01
   5.7539750e+06   3.6132813e+01
   5.7562360e+06   3.6682129e+01
   5.7582140e+06   3.7231445e+01
   5.7622180e+06   4.6264648e+01
   5.7639180e+06   4.7119141e+01
   5.7650060e+06   4.2114258e+01
   5.7656060e+06   3.4851074e+01
   5.7661680e+06   3.6987305e+01
   5.7663670e+06   5.2062988e+01
   5.7665720e+06   3.7109375e+01
   5.7667330e+06   4.0344238e+01
   5.7667780e+06   3.7170410e+01
   5.7670410e+06   4.0588379e+01
   5.7671070e+06   4.0832520e+01
   5.7671190e+06   4.1625977e+01
   5.7672890e+06   3.7475586e+01
   5.7673300e+06   3.7841797e+01
   5.7676030e+06   6.5185547e+01
   5.7677880e+06   5.2001953e+01
   5.7678270e+06   3.8513184e+01
   5.7681620e+06   3.8146973e+01
   5.7685490e+06   3.5400391e+01
   5.7689470e+06   3.5461426e+01
   5.7690580e+06   3.7475586e+01
   5.7698580e+06   3.9184570e+01
   5.7706710e+06   3.5217285e+01
   5.7846520e+06   4.2419434e+01
   5.7900440e+06   4.1687012e+01
   5.7919070e+06   3.6987305e+01
   5.8167430e+06   3.8085938e+01
   5.8436680e+06   3.4851074e+01
   5.8907390e+06   3.9245605e+01
   5.9034010e+06   3.4667969e+01
   5.9162630e+06   3.5461426e+01
   5.9230520e+06   3.5583496e+01
   5.9421060e+06   3.5705566e+01
