   5.9980000e+06   0.0000000e+00
   3.2351000e+05   5.1147461e+01
   3.2389000e+05   5.1879883e+01
   3.2414200e+05   3.7658691e+01
   3.2431200e+05   3.9489746e+01
   3.2458800e+05   4.9377441e+01
   3.2461900e+05   3.9550781e+01
   3.2469000e+05   3.5095215e+01
   3.2474300e+05   4.9438477e+01
   3.2476100e+05   3.5949707e+01
   3.2478600e+05   3.9184570e+01
   3.2483200e+05   5.6945801e+01
   3.2486900e+05   4.7973633e+01
   3.2488200e+05   3.7048340e+01
   3.2499700e+05   3.7597656e+01
   3.2506300e+05   3.5095215e+01
   3.2510700e+05   4.4372559e+01
   3.2516700e+05   3.5949707e+01
   3.2522800e+05   3.7841797e+01
   3.2523900e+05   4.1442871e+01
   3.2770200e+05   3.6743164e+01
   3.2837100e+05   3.9123535e+01
   3.2975700e+05   3.7475586e+01
   3.4108900e+05   4.0649414e+01
   3.4135900e+05   3.9245605e+01
   3.4218300e+05   3.9916992e+01
   3.4277700e+05   3.6499023e+01
   3.4281400e+05   4.0161133e+01
   3.4289500e+05   4.0039063e+01
   3.4312900e+05   4.1442871e+01
   3.4339700e+05   3.6743164e+01
   3.4377100e+05   3.5217285e+01
   3.4411300e+05   4.6752930e+01
   3.4443100e+05   3.4606934e+01
   7.2880000e+05   5.5114746e+01
   7.2881700e+05   5.3894043e+01
   7.2883700e+05   4.6386719e+01
   7.2888900e+05   3.5278320e+01
   7.2901200e+05   4.8706055e+01
   7.2904100e+05   4.7607422e+01
   7.2917600e+05   3.6621094e+01
   7.2919800e+05   3.4851074e+01
   7.2927700e+05   3.6987305e+01
   7.2928800e+05   3.8330078e+01
   7.2944300e+05   3.4545898e+01
   7.2947500e+05   4.4250488e+01
   7.2948500e+05   4.9926758e+01
   7.2952700e+05   3.5217285e+01
   7.2959000e+05   3.9245605e+01
   7.2965600e+05   3.5339355e+01
   7.2968500e+05   5.0659180e+01
   7.2992300e+05   3.5034180e+01
   7.2999400e+05   3.4423828e+01
   7.4552400e+05   3.4423828e+01
   7.4630700e+05   4.7302246e+01
   7.4700300e+05   3.9306641e+01
   7.4712800e+05   3.7170410e+01
   7.4739400e+05   3.6560059e+01
   7.4756300e+05   4.9133301e+01
   7.4776700e+05   3.5217285e+01
   7.4784100e+05   3.6743164e+01
   7.4787100e+05   3.5644531e+01
   7.4839800e+05   3.5034180e+01
   7.4973300e+05   3.5644531e+01
   9.4359500e+05   4.8950195e+01
   1.1112070e+06   4.5471191e+01
   1.1121290e+06   5.5358887e+01
   1.1123720e+06   3.5644531e+01
   1.1124810e+06   4.0893555e+01
   1.1125240e+06   3.7292480e+01
   1.1125400e+06   4.0649414e+01
   1.1125760e+06   3.8757324e+01
   1.1126560e+06   5.1757813e+01
   1.1127170e+06   3.4545898e+01
   1.1128700e+06   3.5461426e+01
   1.1129110e+06   3.6254883e+01
   1.1129300e+06   3.4729004e+01
   1.1129580e+06   3.9978027e+01
   1.1129850e+06   4.0771484e+01
   1.1130020e+06   4.4677734e+01
   1.1131120e+06   3.6376953e+01
   1.1131230e+06   4.3395996e+01
   1.1131630e+06   3.5766602e+01
   1.1131780e+06   3.5888672e+01
   1.1132200e+06   3.4423828e+01
   1.1134620e+06   3.4301758e+01
   1.1152150e+06   3.4729004e+01
   1.1158430e+06   3.7658691e+01
   1.1303690e+06   4.4738770e+01
   1.1306780e+06   4.1076660e+01
   1.1307240e+06   3.9123535e+01
   1.1311830e+06   4.5837402e+01
   1.1315320e+06   3.5156250e+01
   1.1317690e+06   4.1076660e+01
   1.1318850e+06   3.7780762e+01
   1.1322320e+06   3.9062500e+01
   1.1326930e+06   3.4484863e+01
   1.1335800e+06   3.5217285e+01
   1.4284600e+06   5.7800293e+01
   1.4286570e+06   3.5949707e+01
   1.4287590e+06   3.5095215e+01
   1.4287740e+06   3.4667969e+01
   1.4290000e+06   4.5776367e+01
   1.4290660e+06   4.2785645e+01
   1.4291980e+06   4.4372559e+01
   1.4292160e+06   3.6621094e+01
   1.4292740e+06   3.9672852e+01
   1.4294230e+06   4.2175293e+01
   1.4294660e+06   4.0588379e+01
   1.4294940e+06   3.8146973e+01
   1.4295220e+06   3.5766602e+01
   1.4299300e+06   3.8818359e+01
   1.4308690e+06   3.8452148e+01
   1.4316530e+06   3.4362793e+01
   1.4462190e+06   3.4301758e+01
   1.4464610e+06   3.9794922e+01
   1.4468000e+06   3.7353516e+01
   1.4469860e+06   3.4362793e+01
   1.4470280e+06   3.9245605e+01
   1.4473160e+06   3.6071777e+01
   1.4474120e+06   4.3945313e+01
   1.4477560e+06   3.4362793e+01
   1.4480250e+06   5.2795410e+01
   1.4486910e+06   3.7231445e+01
   1.4712460e+06   4.0283203e+01
   1.7119410e+06   5.5969238e+01
   1.7126740e+06   4.4555664e+01
   1.7138540e+06   4.5227051e+01
   1.7165720e+06   4.0161133e+01
   1.7165990e+06   3.9733887e+01
   1.7168170e+06   4.2724609e+01
   1.7168400e+06   3.5827637e+01
   1.7169020e+06   5.0842285e+01
   1.7170020e+06   4.1687012e+01
   1.7170130e+06   4.5959473e+01
   1.7171580e+06   4.7729492e+01
   1.7173390e+06   3.5827637e+01
   1.7173790e+06   4.3884277e+01
   1.7174040e+06   3.5339355e+01
   1.7174390e+06   3.5766602e+01
   1.7175550e+06   3.7414551e+01
   1.7177400e+06   5.3344727e+01
   1.7180620e+06   3.5217285e+01
   1.7180900e+06   3.6437988e+01
   1.7219900e+06   4.1564941e+01
   1.7353550e+06   3.4301758e+01
   1.7355010e+06   3.8574219e+01
   1.7358420e+06   3.7170410e+01
   1.7361250e+06   4.2846680e+01
   1.7365960e+06   3.6376953e+01
   1.7366140e+06   3.4484863e+01
   1.7366600e+06   3.5766602e+01
   1.7368770e+06   3.6071777e+01
   1.7369140e+06   4.1564941e+01
   1.7370150e+06   3.5766602e+01
   1.7372000e+06   3.6315918e+01
   1.7374710e+06   5.3344727e+01
   1.7376600e+06   3.4362793e+01
   1.7379830e+06   3.6071777e+01
   2.0498420e+06   4.9804688e+01
   2.0502480e+06   5.6579590e+01
   2.0506210e+06   3.7292480e+01
   2.0506520e+06   3.5278320e+01
   2.0508190e+06   3.6926270e+01
   2.0510360e+06   3.6499023e+01
   2.0510590e+06   3.7353516e+01
   2.0510780e+06   4.5104980e+01
   2.0511360e+06   5.0109863e+01
   2.0513710e+06   3.8635254e+01
   2.0514750e+06   4.0283203e+01
   2.0515410e+06   4.6325684e+01
   2.0520970e+06   3.4545898e+01
   2.0534830e+06   3.6437988e+01
   2.0543050e+06   3.9001465e+01
   2.0548680e+06   4.1442871e+01
   2.0670360e+06   3.8513184e+01
   2.0672680e+06   3.6254883e+01
   2.0674060e+06   4.8767090e+01
   2.0676640e+06   3.5705566e+01
   2.0677850e+06   3.5095215e+01
   2.0678490e+06   4.0771484e+01
   2.0679270e+06   3.9733887e+01
   2.0684640e+06   4.6203613e+01
   2.0688330e+06   4.5654297e+01
   2.0689020e+06   4.3395996e+01
   2.0689610e+06   4.3334961e+01
   2.3246940e+06   5.2795410e+01
   2.3250530e+06   5.2490234e+01
   2.3263760e+06   3.9489746e+01
   2.3264700e+06   3.4729004e+01
   2.3267190e+06   4.4250488e+01
   2.3267590e+06   3.7536621e+01
   2.3269360e+06   4.7424316e+01
   2.3270190e+06   3.4790039e+01
   2.3270560e+06   4.6264648e+01
   2.3273100e+06   3.4912109e+01
   2.3274010e+06   3.5156250e+01
   2.3274740e+06   4.7790527e+01
   2.3275470e+06   3.9550781e+01
   2.3277750e+06   3.6193848e+01
   2.3279800e+06   3.6804199e+01
   2.3426040e+06   4.1748047e+01
   2.3458680e+06   3.7536621e+01
   2.3459570e+06   3.4423828e+01
   2.3460640e+06   3.6071777e+01
   2.3463120e+06   4.2419434e+01
   2.3463460e+06   4.7424316e+01
   2.3466060e+06   3.4729004e+01
   2.3467270e+06   3.6071777e+01
   2.3467900e+06   4.1015625e+01
   2.3470950e+06   4.3395996e+01
   2.3474990e+06   3.9794922e+01
   2.4875710e+06   5.0354004e+01
   2.4881900e+06   4.5166016e+01
   2.4898690e+06   3.6621094e+01
   2.6605400e+06   4.5715332e+01
   2.6605920e+06   3.7536621e+01
   2.6606110e+06   5.1391602e+01
   2.6607740e+06   4.4311523e+01
   2.6609040e+06   5.4870605e+01
   2.6610100e+06   3.5278320e+01
   2.6610680e+06   3.5766602e+01
   2.6611070e+06   3.5217285e+01
   2.6611170e+06   4.4250488e+01
   2.6611990e+06   5.3894043e+01
   2.6612420e+06   4.0344238e+01
   2.6612610e+06   3.6621094e+01
   2.6613970e+06   3.8391113e+01
   2.6614390e+06   4.0161133e+01
   2.6614600e+06   3.7963867e+01
   2.6616300e+06   3.7536621e+01
   2.6619550e+06   3.8330078e+01
   2.6654980e+06   4.0771484e+01
   2.6774650e+06   4.1442871e+01
   2.6775160e+06   4.5288086e+01
   2.6777010e+06   3.7841797e+01
   2.6777740e+06   4.0771484e+01
   2.6780080e+06   3.5034180e+01
   2.6782870e+06   4.5776367e+01
   2.6785250e+06   5.5480957e+01
   2.6788780e+06   5.3710938e+01
   2.6789540e+06   3.6865234e+01
   2.9297760e+06   4.9499512e+01
   2.9315780e+06   4.6813965e+01
   2.9319190e+06   4.2175293e+01
   2.9331320e+06   3.8574219e+01
   2.9343890e+06   3.9123535e+01
   2.9344240e+06   5.3894043e+01
   2.9344640e+06   3.6621094e+01
   2.9345410e+06   3.6437988e+01
   2.9345810e+06   4.2907715e+01
   2.9345920e+06   6.2805176e+01
   2.9346350e+06   4.5837402e+01
   2.9346580e+06   4.9987793e+01
   2.9346990e+06   3.5583496e+01
   2.9347660e+06   3.4484863e+01
   2.9347770e+06   3.6865234e+01
   2.9348780e+06   3.4606934e+01
   2.9349320e+06   4.1076660e+01
   2.9356170e+06   3.4973145e+01
   2.9366900e+06   3.4545898e+01
   2.9371800e+06   3.5400391e+01
   2.9502080e+06   3.8208008e+01
   2.9506800e+06   3.6621094e+01
   2.9507660e+06   3.8330078e+01
   2.9510440e+06   3.6010742e+01
   2.9515630e+06   3.9794922e+01
   2.9518970e+06   4.4433594e+01
   2.9519680e+06   3.6743164e+01
   2.9522550e+06   3.5156250e+01
   3.3242420e+06   5.6030273e+01
   3.3243110e+06   3.8208008e+01
   3.3244330e+06   4.7546387e+01
   3.3246000e+06   3.4667969e+01
   3.3247410e+06   3.8146973e+01
   3.3248390e+06   6.2377930e+01
   3.3248990e+06   4.9865723e+01
   3.3249470e+06   3.5644531e+01
   3.3249750e+06   3.8085938e+01
   3.3249860e+06   3.8513184e+01
   3.3250150e+06   4.0222168e+01
   3.3251230e+06   3.8696289e+01
   3.3253270e+06   3.4667969e+01
   3.3254470e+06   3.4423828e+01
   3.3274380e+06   3.4667969e+01
   3.3418520e+06   3.6132813e+01
   3.3422440e+06   4.8278809e+01
   3.3425340e+06   3.7475586e+01
   3.3425440e+06   3.8940430e+01
   3.3427760e+06   4.0405273e+01
   3.3430550e+06   3.5888672e+01
   3.3431260e+06   5.0781250e+01
   3.3431930e+06   4.3945313e+01
   3.3435500e+06   5.3039551e+01
   3.3435930e+06   3.5705566e+01
   3.6089240e+06   5.7373047e+01
   3.6096520e+06   5.0964355e+01
   3.6101090e+06   3.9978027e+01
   3.6112220e+06   3.5400391e+01
   3.6115650e+06   3.7292480e+01
   3.6117650e+06   4.2114258e+01
   3.6118150e+06   3.7048340e+01
   3.6118340e+06   3.8208008e+01
   3.6118940e+06   3.6071777e+01
   3.6120650e+06   4.1015625e+01
   3.6120880e+06   5.3955078e+01
   3.6121110e+06   3.9794922e+01
   3.6121550e+06   3.8391113e+01
   3.6122860e+06   6.4941406e+01
   3.6123210e+06   3.7597656e+01
   3.6125010e+06   3.8452148e+01
   3.6125290e+06   4.8889160e+01
   3.6292100e+06   3.6010742e+01
   3.6295260e+06   3.6071777e+01
   3.6296320e+06   5.1574707e+01
   3.6297040e+06   3.6560059e+01
   3.6298200e+06   3.5644531e+01
   3.6298800e+06   3.4729004e+01
   3.6301670e+06   4.0954590e+01
   3.6302560e+06   4.4738770e+01
   3.6304070e+06   3.5400391e+01
   3.6304880e+06   4.5898438e+01
   3.6312090e+06   4.1076660e+01
   3.6313770e+06   4.0832520e+01
   3.8957010e+06   5.4321289e+01
   3.8975690e+06   4.4433594e+01
   3.8978740e+06   3.9306641e+01
   3.8993170e+06   3.4301758e+01
   3.8994100e+06   3.6499023e+01
   3.8995110e+06   4.3273926e+01
   3.8995990e+06   3.7231445e+01
   3.8997450e+06   4.2297363e+01
   3.8997640e+06   3.9978027e+01
   3.8998510e+06   3.7109375e+01
   3.8998990e+06   3.5949707e+01
   3.8999090e+06   4.3701172e+01
   3.8999700e+06   3.8146973e+01
   3.9143710e+06   3.8208008e+01
   3.9147340e+06   3.9611816e+01
   3.9147770e+06   3.6071777e+01
   3.9154010e+06   3.9978027e+01
   3.9154980e+06   4.3029785e+01
   3.9158150e+06   4.3823242e+01
   3.9158570e+06   3.7719727e+01
   3.9159520e+06   3.4362793e+01
   3.9160130e+06   4.5227051e+01
   3.9168130e+06   3.6132813e+01
   3.9173630e+06   3.4851074e+01
   4.2591800e+06   5.5358887e+01
   4.2598770e+06   5.1696777e+01
   4.2602540e+06   4.1320801e+01
   4.2611830e+06   3.5522461e+01
   4.2612150e+06   3.9794922e+01
   4.2612540e+06   5.1330566e+01
   4.2613810e+06   6.2561035e+01
   4.2614190e+06   3.4545898e+01
   4.2614360e+06   3.8574219e+01
   4.2614640e+06   3.4301758e+01
   4.2615630e+06   4.7424316e+01
   4.2615890e+06   4.0100098e+01
   4.2616010e+06   3.8269043e+01
   4.2620330e+06   4.2053223e+01
   4.2634130e+06   3.4362793e+01
   4.2788010e+06   3.8391113e+01
   4.2794600e+06   3.8024902e+01
   4.2795140e+06   3.5156250e+01
   4.2797900e+06   3.5278320e+01
   4.2802860e+06   3.4362793e+01
   4.2803380e+06   3.7658691e+01
   4.2803710e+06   3.7780762e+01
   4.2804740e+06   3.5400391e+01
   4.2805000e+06   3.6926270e+01
   4.2805620e+06   3.7353516e+01
   4.2806840e+06   5.0170898e+01
   4.2813410e+06   3.6682129e+01
   4.5520510e+06   5.1086426e+01
   4.5524660e+06   5.5419922e+01
   4.5527280e+06   4.5654297e+01
   4.5529590e+06   3.9550781e+01
   4.5529940e+06   3.4851074e+01
   4.5531550e+06   3.4606934e+01
   4.5532150e+06   4.5166016e+01
   4.5532510e+06   3.7780762e+01
   4.5533800e+06   4.7241211e+01
   4.5533970e+06   3.9611816e+01
   4.5534480e+06   4.3945313e+01
   4.5534700e+06   3.5522461e+01
   4.5535350e+06   3.7963867e+01
   4.5536210e+06   3.4667969e+01
   4.5536450e+06   3.6987305e+01
   4.5536820e+06   3.7719727e+01
   4.5536960e+06   3.8513184e+01
   4.5538400e+06   3.6437988e+01
   4.5540530e+06   3.4423828e+01
   4.5705460e+06   3.6499023e+01
   4.5710860e+06   4.2358398e+01
   4.5712040e+06   3.5461426e+01
   4.5712710e+06   3.9855957e+01
   4.5713800e+06   3.8024902e+01
   4.5714940e+06   3.6560059e+01
   4.5718180e+06   4.9377441e+01
   4.5720330e+06   4.2846680e+01
   4.5720490e+06   3.8879395e+01
   4.5726170e+06   4.0161133e+01
   4.8611770e+06   5.7922363e+01
   4.8618370e+06   4.4494629e+01
   4.8630340e+06   3.8757324e+01
   4.8633590e+06   3.5583496e+01
   4.8634370e+06   4.7058105e+01
   4.8636280e+06   3.4545898e+01
   4.8636610e+06   4.3395996e+01
   4.8636870e+06   4.3090820e+01
   4.8638530e+06   5.1391602e+01
   4.8638790e+06   4.7424316e+01
   4.8638910e+06   3.5705566e+01
   4.8639940e+06   3.4606934e+01
   4.8640490e+06   3.4912109e+01
   4.8640800e+06   3.5400391e+01
   4.8641260e+06   3.4484863e+01
   4.8641810e+06   3.7292480e+01
   4.8642590e+06   3.6132813e+01
   4.8804480e+06   4.2846680e+01
   4.8805090e+06   3.4912109e+01
   4.8807600e+06   4.4616699e+01
   4.8807780e+06   4.1870117e+01
   4.8809120e+06   3.8330078e+01
   4.8810380e+06   3.9916992e+01
   4.8812730e+06   4.6386719e+01
   4.8813390e+06   4.3151855e+01
   4.8819600e+06   4.2236328e+01
   4.8821220e+06   3.6926270e+01
   5.1451490e+06   5.8227539e+01
   5.1456070e+06   4.9560547e+01
   5.1463610e+06   4.5532227e+01
   5.1466940e+06   3.4790039e+01
   5.1474470e+06   3.4423828e+01
   5.1479450e+06   3.5156250e+01
   5.1479840e+06   3.5339355e+01
   5.1481580e+06   4.1687012e+01
   5.1482890e+06   3.5705566e+01
   5.1483450e+06   4.6508789e+01
   5.1484480e+06   3.9367676e+01
   5.1485190e+06   4.6447754e+01
   5.1485710e+06   3.5949707e+01
   5.1485900e+06   4.5349121e+01
   5.1486790e+06   3.4912109e+01
   5.1487130e+06   4.1442871e+01
   5.1640000e+06   3.9428711e+01
   5.1646200e+06   3.5156250e+01
   5.1648540e+06   4.5776367e+01
   5.1650670e+06   4.5715332e+01
   5.1653450e+06   4.3212891e+01
   5.1653840e+06   4.1992188e+01
   5.1656450e+06   4.0649414e+01
   5.1658580e+06   5.2246094e+01
   5.1660770e+06   3.5949707e+01
   5.4671020e+06   4.8645020e+01
   5.4675850e+06   4.0649414e+01
   5.4678520e+06   4.7180176e+01
   5.4681370e+06   3.7170410e+01
   5.4682290e+06   3.5644531e+01
   5.4684140e+06   4.7668457e+01
   5.4685070e+06   5.1635742e+01
   5.4685660e+06   5.4870605e+01
   5.4686360e+06   3.8085938e+01
   5.4686930e+06   5.1269531e+01
   5.4688020e+06   3.5949707e+01
   5.4688430e+06   4.5104980e+01
   5.4688720e+06   3.8879395e+01
   5.4689490e+06   3.5644531e+01
   5.4690420e+06   3.6437988e+01
   5.4691090e+06   4.3579102e+01
   5.4691440e+06   3.6621094e+01
   5.4716800e+06   3.8696289e+01
   5.4718270e+06   3.6987305e+01
   5.4831570e+06   3.4423828e+01
   5.4832850e+06   5.0109863e+01
   5.4835200e+06   3.5095215e+01
   5.4838720e+06   4.2114258e+01
   5.4839640e+06   4.4860840e+01
   5.4841630e+06   3.8452148e+01
   5.4843750e+06   4.2907715e+01
   5.4845610e+06   3.8818359e+01
   5.4852360e+06   3.5217285e+01
   5.7495280e+06   5.1086426e+01
   5.7499140e+06   4.3029785e+01
   5.7501940e+06   3.6010742e+01
   5.7502090e+06   4.8278809e+01
   5.7506740e+06   5.2551270e+01
   5.7506940e+06   3.5705566e+01
   5.7508590e+06   5.1635742e+01
   5.7508840e+06   3.8513184e+01
   5.7509620e+06   5.2001953e+01
   5.7509900e+06   3.7414551e+01
   5.7510090e+06   3.8024902e+01
   5.7510420e+06   4.6447754e+01
   5.7511490e+06   4.4494629e+01
   5.7512400e+06   4.2602539e+01
   5.7512710e+06   3.8513184e+01
   5.7517470e+06   3.7109375e+01
   5.7518770e+06   3.5034180e+01
   5.7522810e+06   3.5400391e+01
   5.7534580e+06   3.5034180e+01
   5.7661890e+06   4.4311523e+01
   5.7666690e+06   3.6499023e+01
   5.7666870e+06   3.8696289e+01
   5.7667200e+06   3.6315918e+01
   5.7669280e+06   3.4362793e+01
   5.7671330e+06   4.6997070e+01
   5.7673780e+06   3.9855957e+01
   5.7674400e+06   3.6193848e+01
   5.7676620e+06   3.4423828e+01
   5.7679790e+06   3.5583496e+01
   5.9071610e+06   4.7912598e+01
   5.9116350e+06   5.5480957e+01
