   5.9980000e+06   0.0000000e+00
   8.0970000e+03   4.0771484e+01
   1.9787000e+04   4.2785645e+01
   2.6535000e+04   4.3945313e+01
   3.3486000e+04   4.5410156e+01
   4.2714000e+04   4.5043945e+01
   4.7972000e+04   3.9001465e+01
   5.3388000e+04   3.7536621e+01
   6.1430000e+04   4.1809082e+01
   6.7255000e+04   4.2541504e+01
   7.1039000e+04   4.1870117e+01
   7.5848000e+04   4.8095703e+01
   8.5473000e+04   4.2297363e+01
   8.9980000e+04   4.0710449e+01
   9.6346000e+04   4.4982910e+01
   1.0473300e+05   4.0771484e+01
   1.0968200e+05   4.2785645e+01
   1.1402000e+05   4.0344238e+01
   1.2770500e+05   4.5043945e+01
   1.4222200e+05   3.8391113e+01
   1.6006300e+05   4.6691895e+01
   1.6815800e+05   4.7180176e+01
   1.8314600e+05   4.1625977e+01
   1.8952800e+05   4.1870117e+01
   1.9910900e+05   4.3762207e+01
   2.0768400e+05   4.5288086e+01
   2.1300100e+05   3.6926270e+01
   2.1841100e+05   3.9367676e+01
   2.3173900e+05   3.6926270e+01
   2.3844600e+05   4.7363281e+01
   2.4304700e+05   4.2236328e+01
   2.5267800e+05   4.3640137e+01
   2.6477800e+05   4.3701172e+01
   2.7202100e+05   4.2846680e+01
   3.1557400e+05   3.9733887e+01
   3.2446100e+05   7.0617676e+01
   3.2459300e+05   3.8818359e+01
   3.2462900e+05   3.8269043e+01
   3.2470000e+05   4.8034668e+01
   3.2484200e+05   3.8085938e+01
   3.2495800e+05   4.2602539e+01
   3.2502100e+05   7.3486328e+01
   3.2507900e+05   4.5410156e+01
   3.2515600e+05   8.0688477e+01
   3.2517800e+05   6.9213867e+01
   3.2521900e+05   5.2734375e+01
   3.2526500e+05   3.8696289e+01
   3.2534800e+05   8.6120605e+01
   3.2543200e+05   3.7475586e+01
   3.2551600e+05   3.9916992e+01
   3.2555200e+05   5.0292969e+01
   3.2559700e+05   4.2236328e+01
   3.2589200e+05   4.1381836e+01
   3.2601600e+05   6.0546875e+01
   3.2712500e+05   4.4250488e+01
   3.2767100e+05   4.6997070e+01
   3.2896900e+05   3.9062500e+01
   3.2903300e+05   3.9001465e+01
   3.3118000e+05   4.1992188e+01
   3.4187300e+05   3.9184570e+01
   3.4196400e+05   4.3090820e+01
   3.4221400e+05   5.8898926e+01
   3.4226300e+05   3.7658691e+01
   3.4245300e+05   5.0476074e+01
   3.4250900e+05   5.5541992e+01
   3.4265500e+05   3.8024902e+01
   3.4279400e+05   4.0039063e+01
   3.4284700e+05   3.8208008e+01
   3.4287100e+05   3.8269043e+01
   3.4295900e+05   5.5114746e+01
   3.4302100e+05   3.7414551e+01
   3.4314100e+05   4.4616699e+01
   3.4343600e+05   4.2114258e+01
   3.4364800e+05   3.9184570e+01
   4.7344700e+05   3.7658691e+01
   4.7875900e+05   4.1931152e+01
   4.8296500e+05   3.9062500e+01
   4.9579300e+05   4.1809082e+01
   5.0149200e+05   4.1931152e+01
   5.1477300e+05   4.6203613e+01
   5.2889900e+05   3.8269043e+01
   5.4905600e+05   4.3334961e+01
   5.5990200e+05   4.5654297e+01
   5.8111200e+05   3.9123535e+01
   5.9097500e+05   4.6081543e+01
   5.9767200e+05   4.4433594e+01
   6.0877900e+05   4.5654297e+01
   6.1692200e+05   3.7719727e+01
   6.3340100e+05   3.6987305e+01
   6.3836500e+05   3.7597656e+01
   6.4387600e+05   3.7963867e+01
   6.5103300e+05   4.5288086e+01
   6.5927000e+05   3.8085938e+01
   6.6498800e+05   4.5654297e+01
   6.8142000e+05   3.9733887e+01
   6.8459300e+05   3.8085938e+01
   7.0618000e+05   4.4494629e+01
   7.2686700e+05   3.7475586e+01
   7.2721500e+05   4.6325684e+01
   7.2762000e+05   4.6081543e+01
   7.2825200e+05   5.1086426e+01
   7.2840500e+05   4.4128418e+01
   7.2869400e+05   3.9916992e+01
   7.2870700e+05   5.3405762e+01
   7.2874900e+05   4.1442871e+01
   7.2878700e+05   8.1176758e+01
   7.2888100e+05   3.7292480e+01
   7.2890400e+05   8.5693359e+01
   7.2892400e+05   3.7536621e+01
   7.2906300e+05   3.8757324e+01
   7.2907700e+05   3.7414551e+01
   7.2912700e+05   7.4584961e+01
   7.2916700e+05   4.4738770e+01
   7.2924800e+05   3.7719727e+01
   7.2936000e+05   4.0832520e+01
   7.2980700e+05   4.5227051e+01
   7.3049300e+05   4.2175293e+01
   7.3110500e+05   3.8208008e+01
   7.3136600e+05   3.8696289e+01
   7.3363300e+05   3.8085938e+01
   7.4570100e+05   5.9875488e+01
   7.4603500e+05   4.8278809e+01
   7.4627400e+05   6.3415527e+01
   7.4641900e+05   4.3823242e+01
   7.4660000e+05   3.7963867e+01
   7.4662500e+05   4.1687012e+01
   7.4678500e+05   4.0771484e+01
   7.4690900e+05   3.7658691e+01
   7.4715600e+05   3.9428711e+01
   7.4718000e+05   4.0100098e+01
   7.4735600e+05   3.9062500e+01
   7.4739800e+05   4.0466309e+01
   7.4743900e+05   3.9123535e+01
   7.4757000e+05   3.9978027e+01
   7.4817300e+05   4.8645020e+01
   8.6875500e+05   4.2663574e+01
   8.8155900e+05   3.9306641e+01
   8.9029100e+05   3.8818359e+01
   8.9318000e+05   4.3029785e+01
   9.0897800e+05   4.6325684e+01
   9.1666100e+05   3.9611816e+01
   9.2405000e+05   4.0771484e+01
   9.4354700e+05   3.8024902e+01
   9.4849100e+05   3.8574219e+01
   9.7555900e+05   4.1198730e+01
   9.8718900e+05   4.5471191e+01
   9.9075500e+05   3.7109375e+01
   9.9884700e+05   3.9367676e+01
   1.0230170e+06   3.9306641e+01
   1.0371460e+06   4.4982910e+01
   1.0482120e+06   3.7353516e+01
   1.0558680e+06   4.0039063e+01
   1.0654230e+06   3.7780762e+01
   1.0684680e+06   4.2602539e+01
   1.0709310e+06   3.9428711e+01
   1.0768890e+06   3.6926270e+01
   1.0806540e+06   3.9855957e+01
   1.0888860e+06   4.0527344e+01
   1.0920980e+06   4.2053223e+01
   1.1071550e+06   3.8818359e+01
   1.1100200e+06   3.7414551e+01
   1.1117410e+06   4.7546387e+01
   1.1121650e+06   4.0222168e+01
   1.1123360e+06   3.6865234e+01
   1.1125390e+06   4.6264648e+01
   1.1127420e+06   3.8635254e+01
   1.1127660e+06   4.3640137e+01
   1.1128120e+06   3.8635254e+01
   1.1128250e+06   7.2814941e+01
   1.1130700e+06   5.7434082e+01
   1.1130840e+06   5.9570313e+01
   1.1131070e+06   7.4096680e+01
   1.1132130e+06   4.0100098e+01
   1.1132380e+06   5.6579590e+01
   1.1132860e+06   3.7231445e+01
   1.1134080e+06   3.6987305e+01
   1.1134350e+06   6.4147949e+01
   1.1135090e+06   5.2734375e+01
   1.1135550e+06   3.7658691e+01
   1.1136320e+06   3.6865234e+01
   1.1137530e+06   4.7607422e+01
   1.1153040e+06   5.1513672e+01
   1.1164710e+06   4.4128418e+01
   1.1190840e+06   3.8574219e+01
   1.1300800e+06   3.9062500e+01
   1.1301710e+06   6.3598633e+01
   1.1305100e+06   4.7058105e+01
   1.1306420e+06   4.6813965e+01
   1.1308290e+06   4.1992188e+01
   1.1308460e+06   4.2968750e+01
   1.1309520e+06   5.4077148e+01
   1.1312900e+06   3.7109375e+01
   1.1314090e+06   3.9916992e+01
   1.1314670e+06   3.7475586e+01
   1.1314990e+06   3.8940430e+01
   1.1315650e+06   3.7719727e+01
   1.1318260e+06   4.4311523e+01
   1.1319980e+06   5.4931641e+01
   1.1324080e+06   4.3457031e+01
   1.2417990e+06   3.9306641e+01
   1.2501580e+06   4.3029785e+01
   1.2536660e+06   4.2114258e+01
   1.2594900e+06   4.5593262e+01
   1.2653410e+06   5.0048828e+01
   1.2746960e+06   3.8330078e+01
   1.2802700e+06   4.4982910e+01
   1.2835350e+06   4.1259766e+01
   1.2872180e+06   4.2663574e+01
   1.3085410e+06   4.3212891e+01
   1.3111440e+06   3.7536621e+01
   1.3159350e+06   3.9001465e+01
   1.3212210e+06   3.7597656e+01
   1.3258030e+06   4.3151855e+01
   1.3503620e+06   4.6997070e+01
   1.3556600e+06   3.8879395e+01
   1.3686710e+06   4.0039063e+01
   1.3853810e+06   3.8757324e+01
   1.3928640e+06   4.1442871e+01
   1.3972830e+06   4.4006348e+01
   1.4119210e+06   3.9245605e+01
   1.4193650e+06   4.3395996e+01
   1.4272160e+06   8.4106445e+01
   1.4275500e+06   4.1320801e+01
   1.4276090e+06   4.6752930e+01
   1.4278590e+06   4.3151855e+01
   1.4282710e+06   4.3090820e+01
   1.4284040e+06   4.4555664e+01
   1.4285100e+06   3.9733887e+01
   1.4285510e+06   4.1259766e+01
   1.4285650e+06   3.8574219e+01
   1.4286560e+06   4.2968750e+01
   1.4287480e+06   3.9489746e+01
   1.4287580e+06   4.9560547e+01
   1.4288180e+06   7.4645996e+01
   1.4288560e+06   4.3945313e+01
   1.4289030e+06   3.7170410e+01
   1.4289770e+06   3.9978027e+01
   1.4289980e+06   7.7819824e+01
   1.4290730e+06   3.8330078e+01
   1.4291880e+06   4.9926758e+01
   1.4292390e+06   3.9978027e+01
   1.4293440e+06   3.7963867e+01
   1.4297790e+06   3.9062500e+01
   1.4314230e+06   4.5776367e+01
   1.4349600e+06   4.0710449e+01
   1.4419950e+06   4.0893555e+01
   1.4459910e+06   4.2846680e+01
   1.4463550e+06   3.7292480e+01
   1.4463700e+06   6.2072754e+01
   1.4464010e+06   4.0161133e+01
   1.4464630e+06   5.5358887e+01
   1.4466050e+06   6.4941406e+01
   1.4469030e+06   3.6865234e+01
   1.4469340e+06   6.3110352e+01
   1.4471860e+06   6.0546875e+01
   1.4472170e+06   4.3395996e+01
   1.4475030e+06   6.2133789e+01
   1.4476160e+06   4.5349121e+01
   1.4483320e+06   3.7231445e+01
   1.5300630e+06   3.7414551e+01
   1.5383810e+06   3.9367676e+01
   1.5447060e+06   3.8024902e+01
   1.5497990e+06   3.9916992e+01
   1.5746630e+06   4.7424316e+01
   1.5808250e+06   3.9672852e+01
   1.5844230e+06   3.9001465e+01
   1.5871250e+06   4.2297363e+01
   1.5998150e+06   3.8879395e+01
   1.6050940e+06   3.7963867e+01
   1.6157170e+06   4.4311523e+01
   1.6260560e+06   4.1992188e+01
   1.6331790e+06   3.6804199e+01
   1.6462060e+06   3.8146973e+01
   1.6519170e+06   3.9489746e+01
   1.6651800e+06   3.7475586e+01
   1.6724830e+06   3.9672852e+01
   1.6948330e+06   4.2053223e+01
   1.7150620e+06   4.3640137e+01
   1.7169710e+06   4.8767090e+01
   1.7170650e+06   8.6669922e+01
   1.7170850e+06   4.2541504e+01
   1.7172170e+06   3.7658691e+01
   1.7172410e+06   5.4626465e+01
   1.7173120e+06   3.9184570e+01
   1.7173400e+06   4.8034668e+01
   1.7174060e+06   3.7719727e+01
   1.7174320e+06   7.4645996e+01
   1.7175190e+06   3.9428711e+01
   1.7175680e+06   4.1259766e+01
   1.7176430e+06   5.4870605e+01
   1.7176540e+06   3.7963867e+01
   1.7177640e+06   5.1635742e+01
   1.7178860e+06   3.9367676e+01
   1.7179760e+06   4.0222168e+01
   1.7180000e+06   4.6875000e+01
   1.7180640e+06   3.7170410e+01
   1.7181420e+06   3.7231445e+01
   1.7181850e+06   3.8635254e+01
   1.7182160e+06   5.5908203e+01
   1.7203460e+06   4.9804688e+01
   1.7231350e+06   5.5541992e+01
   1.7231880e+06   3.7475586e+01
   1.7302440e+06   4.1931152e+01
   1.7352430e+06   4.2663574e+01
   1.7356370e+06   5.5175781e+01
   1.7359420e+06   5.6213379e+01
   1.7361440e+06   3.9245605e+01
   1.7361540e+06   3.6926270e+01
   1.7362080e+06   5.0781250e+01
   1.7364310e+06   3.7963867e+01
   1.7365150e+06   4.3884277e+01
   1.7366270e+06   3.8269043e+01
   1.7367150e+06   3.9062500e+01
   1.7367360e+06   3.8085938e+01
   1.7367670e+06   4.1503906e+01
   1.7369300e+06   3.9794922e+01
   1.7369490e+06   4.2724609e+01
   1.7369850e+06   3.6926270e+01
   1.7372050e+06   3.7475586e+01
   1.7373200e+06   4.2541504e+01
   1.7374580e+06   3.7353516e+01
   1.7376040e+06   3.7170410e+01
   1.7391290e+06   3.8757324e+01
   1.7494470e+06   3.8269043e+01
   1.8327240e+06   4.4555664e+01
   1.8392110e+06   4.1076660e+01
   1.8439280e+06   3.7902832e+01
   1.8492030e+06   4.0649414e+01
   1.8561890e+06   4.5104980e+01
   1.8597000e+06   4.4128418e+01
   1.8658730e+06   4.2480469e+01
   1.8877310e+06   4.1748047e+01
   1.8960410e+06   4.0649414e+01
   1.9024260e+06   4.5898438e+01
   1.9149860e+06   3.9978027e+01
   1.9213910e+06   4.1870117e+01
   1.9330210e+06   4.3090820e+01
   1.9369290e+06   4.0710449e+01
   1.9519760e+06   4.1748047e+01
   1.9603330e+06   4.3640137e+01
   1.9679680e+06   4.3457031e+01
   1.9707010e+06   4.1931152e+01
   1.9778760e+06   4.1442871e+01
   1.9877800e+06   4.4677734e+01
   1.9932430e+06   4.0405273e+01
   2.0089330e+06   3.8330078e+01
   2.0137100e+06   3.7658691e+01
   2.0216250e+06   4.6264648e+01
   2.0305520e+06   4.1564941e+01
   2.0390570e+06   4.4921875e+01
   2.0433440e+06   4.1503906e+01
   2.0489890e+06   4.3518066e+01
   2.0491170e+06   5.0964355e+01
   2.0498330e+06   3.6987305e+01
   2.0500000e+06   4.7851563e+01
   2.0503900e+06   4.0222168e+01
   2.0504070e+06   4.9682617e+01
   2.0504240e+06   4.9316406e+01
   2.0505140e+06   3.6804199e+01
   2.0507020e+06   4.5715332e+01
   2.0507390e+06   4.9621582e+01
   2.0507810e+06   5.7434082e+01
   2.0509310e+06   5.6640625e+01
   2.0509620e+06   5.5175781e+01
   2.0509930e+06   8.4106445e+01
   2.0510140e+06   4.0161133e+01
   2.0510460e+06   3.9184570e+01
   2.0510690e+06   4.7546387e+01
   2.0511150e+06   4.4616699e+01
   2.0511330e+06   4.2846680e+01
   2.0511980e+06   7.9284668e+01
   2.0512440e+06   3.7536621e+01
   2.0515740e+06   3.7963867e+01
   2.0517230e+06   4.4494629e+01
   2.0518950e+06   4.0649414e+01
   2.0522370e+06   4.0466309e+01
   2.0527010e+06   4.4738770e+01
   2.0531600e+06   3.8940430e+01
   2.0535370e+06   5.0537109e+01
   2.0545670e+06   4.0832520e+01
   2.0546310e+06   3.7109375e+01
   2.0557350e+06   3.9550781e+01
   2.0671540e+06   4.2907715e+01
   2.0675950e+06   4.4128418e+01
   2.0677790e+06   6.2805176e+01
   2.0678130e+06   4.2358398e+01
   2.0679810e+06   5.4016113e+01
   2.0680190e+06   3.9672852e+01
   2.0680490e+06   3.7292480e+01
   2.0681510e+06   3.6926270e+01
   2.0682060e+06   3.8085938e+01
   2.0682220e+06   3.9245605e+01
   2.0683540e+06   5.1391602e+01
   2.0685250e+06   4.6813965e+01
   2.0689490e+06   3.9794922e+01
   2.0690310e+06   3.7353516e+01
   2.0693720e+06   3.7109375e+01
   2.1739950e+06   4.1748047e+01
   2.1799430e+06   3.9978027e+01
   2.1869680e+06   3.8574219e+01
   2.1926550e+06   4.8950195e+01
   2.1998840e+06   4.5043945e+01
   2.2179250e+06   3.9794922e+01
   2.2213220e+06   4.0222168e+01
   2.2269130e+06   3.8696289e+01
   2.2327750e+06   4.9926758e+01
   2.2383890e+06   3.9672852e+01
   2.2448300e+06   3.8635254e+01
   2.2486270e+06   4.6997070e+01
   2.2580170e+06   3.8024902e+01
   2.2702410e+06   4.4250488e+01
   2.2763670e+06   4.5227051e+01
   2.3093580e+06   3.8696289e+01
   2.3210430e+06   3.6987305e+01
   2.3254970e+06   8.0566406e+01
   2.3257420e+06   5.5236816e+01
   2.3258600e+06   4.6813965e+01
   2.3259960e+06   4.8706055e+01
   2.3265380e+06   4.0466309e+01
   2.3266080e+06   4.5471191e+01
   2.3267800e+06   3.7902832e+01
   2.3268390e+06   4.9560547e+01
   2.3268910e+06   4.5715332e+01
   2.3271060e+06   4.9743652e+01
   2.3272080e+06   4.1870117e+01
   2.3272530e+06   3.7719727e+01
   2.3272780e+06   3.7475586e+01
   2.3273360e+06   4.1137695e+01
   2.3273950e+06   4.2663574e+01
   2.3275080e+06   3.7902832e+01
   2.3275360e+06   7.2387695e+01
   2.3277060e+06   7.3852539e+01
   2.3277620e+06   3.7902832e+01
   2.3278510e+06   3.7048340e+01
   2.3279350e+06   3.7780762e+01
   2.3280810e+06   4.2785645e+01
   2.3284670e+06   3.8696289e+01
   2.3387550e+06   3.7292480e+01
   2.3428330e+06   5.6091309e+01
   2.3446500e+06   7.1105957e+01
   2.3450610e+06   3.9367676e+01
   2.3453730e+06   4.2175293e+01
   2.3454920e+06   4.0405273e+01
   2.3456410e+06   3.7719727e+01
   2.3457740e+06   5.6457520e+01
   2.3458340e+06   4.1809082e+01
   2.3460110e+06   6.5185547e+01
   2.3460540e+06   4.5532227e+01
   2.3460740e+06   4.4433594e+01
   2.3463890e+06   5.1574707e+01
   2.3466310e+06   4.1137695e+01
   2.3471260e+06   3.9062500e+01
   2.3473240e+06   3.7475586e+01
   2.4347940e+06   3.9001465e+01
   2.4432920e+06   3.7231445e+01
   2.4489620e+06   4.3395996e+01
   2.4582140e+06   3.8391113e+01
   2.4656950e+06   3.8269043e+01
   2.4706210e+06   8.4594727e+01
   2.4708430e+06   3.7048340e+01
   2.4757240e+06   3.8940430e+01
   2.4834470e+06   6.5856934e+01
   2.4839170e+06   4.9011230e+01
   2.4844580e+06   3.7475586e+01
   2.4931190e+06   3.9489746e+01
   2.4968290e+06   4.0954590e+01
   2.5031470e+06   4.7241211e+01
   2.5083700e+06   4.0283203e+01
   2.5126720e+06   4.4860840e+01
   2.5179440e+06   3.7048340e+01
   2.5180240e+06   4.2297363e+01
   2.5242470e+06   4.1259766e+01
   2.5346310e+06   3.8940430e+01
   2.5378510e+06   3.7353516e+01
   2.5408180e+06   3.7536621e+01
   2.5469550e+06   4.1503906e+01
   2.5562150e+06   4.4006348e+01
   2.5683290e+06   4.6325684e+01
   2.5906630e+06   3.7597656e+01
   2.5982470e+06   4.5349121e+01
   2.5996790e+06   3.8574219e+01
   2.6066400e+06   4.9926758e+01
   2.6216020e+06   4.0039063e+01
   2.6281980e+06   4.6630859e+01
   2.6364260e+06   4.7363281e+01
   2.6417070e+06   3.8269043e+01
   2.6476060e+06   4.6630859e+01
   2.6560490e+06   3.6804199e+01
   2.6594850e+06   5.2551270e+01
   2.6597890e+06   4.4372559e+01
   2.6598210e+06   7.7880859e+01
   2.6604360e+06   6.1157227e+01
   2.6605820e+06   4.4494629e+01
   2.6605970e+06   6.5979004e+01
   2.6606130e+06   8.6669922e+01
   2.6607320e+06   3.8452148e+01
   2.6607530e+06   5.1879883e+01
   2.6607680e+06   4.2602539e+01
   2.6608000e+06   3.8940430e+01
   2.6608340e+06   4.7363281e+01
   2.6608510e+06   1.1730957e+02
   2.6608810e+06   4.1259766e+01
   2.6610970e+06   5.5969238e+01
   2.6611870e+06   4.3884277e+01
   2.6613000e+06   3.7902832e+01
   2.6614040e+06   3.8696289e+01
   2.6614620e+06   5.2307129e+01
   2.6616090e+06   3.6865234e+01
   2.6616820e+06   4.1503906e+01
   2.6617780e+06   3.7231445e+01
   2.6618850e+06   3.7475586e+01
   2.6619200e+06   4.0466309e+01
   2.6769880e+06   6.7749023e+01
   2.6770100e+06   3.7902832e+01
   2.6773710e+06   3.7292480e+01
   2.6774140e+06   4.4982910e+01
   2.6776870e+06   6.2011719e+01
   2.6777390e+06   5.9692383e+01
   2.6777630e+06   3.7536621e+01
   2.6778860e+06   4.7119141e+01
   2.6779150e+06   3.8452148e+01
   2.6779710e+06   4.3518066e+01
   2.6780030e+06   4.5593262e+01
   2.6782080e+06   5.1635742e+01
   2.6785080e+06   4.2724609e+01
   2.6785330e+06   3.8330078e+01
   2.6786670e+06   3.6865234e+01
   2.6787730e+06   3.6926270e+01
   2.6789320e+06   4.4677734e+01
   2.6789870e+06   3.6987305e+01
   2.6808310e+06   3.7170410e+01
   2.7691570e+06   3.7353516e+01
   2.7917070e+06   3.8024902e+01
   2.7978110e+06   4.8217773e+01
   2.8045730e+06   3.9794922e+01
   2.8104400e+06   4.1442871e+01
   2.8139850e+06   3.7231445e+01
   2.8232010e+06   3.8146973e+01
   2.8334480e+06   4.0283203e+01
   2.8390120e+06   4.5837402e+01
   2.8490280e+06   3.9855957e+01
   2.8625130e+06   4.4006348e+01
   2.8676260e+06   3.8085938e+01
   2.8754020e+06   4.1503906e+01
   2.8824750e+06   3.8696289e+01
   2.8900530e+06   4.3212891e+01
   2.8990740e+06   3.9062500e+01
   2.9040940e+06   4.1442871e+01
   2.9110990e+06   4.2846680e+01
   2.9242370e+06   4.2053223e+01
   2.9329760e+06   4.9255371e+01
   2.9334580e+06   3.6804199e+01
   2.9337200e+06   4.5104980e+01
   2.9337910e+06   3.7780762e+01
   2.9339680e+06   3.8085938e+01
   2.9340950e+06   3.6804199e+01
   2.9342010e+06   5.0720215e+01
   2.9343070e+06   3.9245605e+01
   2.9344570e+06   3.9001465e+01
   2.9344730e+06   6.2194824e+01
   2.9344900e+06   5.9020996e+01
   2.9345560e+06   3.9489746e+01
   2.9346290e+06   4.4860840e+01
   2.9346490e+06   4.7180176e+01
   2.9346850e+06   8.1542969e+01
   2.9347200e+06   3.7353516e+01
   2.9347320e+06   4.3762207e+01
   2.9347920e+06   4.2297363e+01
   2.9348820e+06   7.0068359e+01
   2.9349880e+06   3.8635254e+01
   2.9350390e+06   4.6813965e+01
   2.9350760e+06   6.0546875e+01
   2.9353410e+06   3.9428711e+01
   2.9356890e+06   3.7414551e+01
   2.9362200e+06   3.7353516e+01
   2.9363210e+06   4.2663574e+01
   2.9371640e+06   4.0649414e+01
   2.9492900e+06   6.5917969e+01
   2.9500250e+06   6.8359375e+01
   2.9500720e+06   4.1198730e+01
   2.9502850e+06   4.0832520e+01
   2.9504060e+06   5.8837891e+01
   2.9504210e+06   3.9978027e+01
   2.9506040e+06   3.9428711e+01
   2.9506310e+06   4.9316406e+01
   2.9507120e+06   4.2602539e+01
   2.9508090e+06   4.2785645e+01
   2.9509550e+06   4.7119141e+01
   2.9509990e+06   4.5166016e+01
   2.9510470e+06   4.4677734e+01
   2.9512110e+06   3.9916992e+01
   2.9514510e+06   3.8085938e+01
   2.9516740e+06   3.6987305e+01
   2.9520820e+06   4.0527344e+01
   2.9524950e+06   4.5654297e+01
   2.9963460e+06   3.8696289e+01
   3.0376480e+06   5.0598145e+01
   3.0474910e+06   5.1330566e+01
   3.0544290e+06   4.7607422e+01
   3.0624680e+06   4.1809082e+01
   3.0679490e+06   4.1259766e+01
   3.0763180e+06   4.4006348e+01
   3.0796940e+06   4.0344238e+01
   3.0832470e+06   3.9672852e+01
   3.0865890e+06   3.9855957e+01
   3.0914620e+06   4.2175293e+01
   3.0974850e+06   3.9550781e+01
   3.1015890e+06   3.9611816e+01
   3.1029590e+06   3.7902832e+01
   3.1058200e+06   3.6926270e+01
   3.1178810e+06   3.8818359e+01
   3.1205620e+06   4.0893555e+01
   3.1272350e+06   3.9978027e+01
   3.1307110e+06   3.7353516e+01
   3.1358480e+06   4.3151855e+01
   3.1571740e+06   3.7597656e+01
   3.1806150e+06   3.6926270e+01
   3.1990300e+06   4.0405273e+01
   3.2181250e+06   4.4189453e+01
   3.2215420e+06   4.5471191e+01
   3.2280260e+06   4.0283203e+01
   3.2361490e+06   4.3823242e+01
   3.2505640e+06   4.1137695e+01
   3.2583200e+06   4.2846680e+01
   3.2718460e+06   3.9978027e+01
   3.2764070e+06   3.8208008e+01
   3.2856870e+06   3.8513184e+01
   3.2937290e+06   4.5104980e+01
   3.3004520e+06   5.2185059e+01
   3.3095340e+06   4.3579102e+01
   3.3238780e+06   4.4921875e+01
   3.3241600e+06   5.8776855e+01
   3.3241750e+06   8.2763672e+01
   3.3244060e+06   5.1147461e+01
   3.3244430e+06   4.2480469e+01
   3.3244570e+06   3.9428711e+01
   3.3245680e+06   4.4067383e+01
   3.3246010e+06   8.4655762e+01
   3.3246190e+06   8.2336426e+01
   3.3246820e+06   4.2053223e+01
   3.3247470e+06   4.0893555e+01
   3.3247580e+06   4.2663574e+01
   3.3247770e+06   4.9499512e+01
   3.3248270e+06   4.0832520e+01
   3.3248370e+06   8.0566406e+01
   3.3249070e+06   4.2541504e+01
   3.3249560e+06   3.7780762e+01
   3.3249800e+06   4.1931152e+01
   3.3250180e+06   4.1564941e+01
   3.3251700e+06   3.8940430e+01
   3.3254700e+06   3.6865234e+01
   3.3262040e+06   3.7475586e+01
   3.3265170e+06   4.0527344e+01
   3.3286630e+06   3.8757324e+01
   3.3412370e+06   7.5439453e+01
   3.3414270e+06   3.8208008e+01
   3.3416300e+06   6.0241699e+01
   3.3416500e+06   4.1198730e+01
   3.3419850e+06   7.4523926e+01
   3.3420590e+06   3.9550781e+01
   3.3420790e+06   3.9611816e+01
   3.3422130e+06   3.7841797e+01
   3.3423610e+06   3.7658691e+01
   3.3423840e+06   5.5419922e+01
   3.3424400e+06   4.0649414e+01
   3.3425650e+06   3.8818359e+01
   3.3426310e+06   4.4616699e+01
   3.3430020e+06   4.3701172e+01
   3.3431910e+06   3.8940430e+01
   3.3442770e+06   4.7058105e+01
   3.4483260e+06   3.8635254e+01
   3.4554530e+06   3.9062500e+01
   3.4634210e+06   5.1147461e+01
   3.4684490e+06   4.4250488e+01
   3.4762960e+06   3.6926270e+01
   3.4816440e+06   5.1696777e+01
   3.4845830e+06   3.8635254e+01
   3.4921310e+06   4.1442871e+01
   3.4974710e+06   4.0161133e+01
   3.5038860e+06   4.1625977e+01
   3.5140420e+06   3.9916992e+01
   3.5177040e+06   3.7109375e+01
   3.5218770e+06   3.7658691e+01
   3.5266400e+06   3.9123535e+01
   3.5583810e+06   4.4372559e+01
   3.5627080e+06   4.2297363e+01
   3.5948360e+06   4.0344238e+01
   3.6067320e+06   3.8208008e+01
   3.6095370e+06   8.4472656e+01
   3.6098090e+06   4.0527344e+01
   3.6102770e+06   3.7353516e+01
   3.6105430e+06   3.9306641e+01
   3.6113490e+06   3.7475586e+01
   3.6114000e+06   4.4738770e+01
   3.6116630e+06   4.8156738e+01
   3.6118740e+06   5.2490234e+01
   3.6119020e+06   4.6630859e+01
   3.6119590e+06   4.1809082e+01
   3.6120020e+06   3.8879395e+01
   3.6120910e+06   3.7170410e+01
   3.6121520e+06   4.4677734e+01
   3.6122110e+06   3.9794922e+01
   3.6123010e+06   7.4645996e+01
   3.6123330e+06   3.7841797e+01
   3.6124060e+06   4.6936035e+01
   3.6124690e+06   4.2480469e+01
   3.6125090e+06   3.8085938e+01
   3.6125840e+06   4.9438477e+01
   3.6125990e+06   4.6203613e+01
   3.6127510e+06   5.2978516e+01
   3.6128420e+06   6.7749023e+01
   3.6289310e+06   3.8024902e+01
   3.6291600e+06   4.9133301e+01
   3.6291760e+06   6.0852051e+01
   3.6292820e+06   3.6865234e+01
   3.6295100e+06   7.1411133e+01
   3.6295680e+06   4.2724609e+01
   3.6296680e+06   4.5593262e+01
   3.6297130e+06   3.7658691e+01
   3.6297640e+06   5.3588867e+01
   3.6297780e+06   3.9611816e+01
   3.6298480e+06   4.2663574e+01
   3.6299310e+06   4.0283203e+01
   3.6300780e+06   4.4799805e+01
   3.6301540e+06   4.6569824e+01
   3.6302990e+06   3.6804199e+01
   3.6306020e+06   3.8818359e+01
   3.6306660e+06   3.7292480e+01
   3.6308390e+06   3.9489746e+01
   3.6312660e+06   3.8330078e+01
   3.6317960e+06   4.6203613e+01
   3.6326050e+06   4.0100098e+01
   3.6933770e+06   4.2541504e+01
   3.6952920e+06   4.3579102e+01
   3.6955160e+06   5.2673340e+01
   3.7268170e+06   4.3457031e+01
   3.7368330e+06   4.5654297e+01
   3.7428640e+06   4.4433594e+01
   3.7594730e+06   3.8146973e+01
   3.7635430e+06   4.2480469e+01
   3.7762230e+06   4.0771484e+01
   3.7786790e+06   3.7536621e+01
   3.7937870e+06   4.0039063e+01
   3.8058180e+06   3.7719727e+01
   3.8102270e+06   3.8757324e+01
   3.8132170e+06   3.7109375e+01
   3.8206180e+06   3.9978027e+01
   3.8252000e+06   3.6804199e+01
   3.8343300e+06   4.0222168e+01
   3.8605020e+06   4.5471191e+01
   3.8650920e+06   4.0466309e+01
   3.8921700e+06   4.0588379e+01
   3.8986390e+06   4.1992188e+01
   3.8989380e+06   4.0405273e+01
   3.8993280e+06   3.9367676e+01
   3.8993820e+06   3.7170410e+01
   3.8994430e+06   3.7963867e+01
   3.8994920e+06   4.7546387e+01
   3.8995100e+06   4.8767090e+01
   3.8995890e+06   3.8757324e+01
   3.8996240e+06   4.0466309e+01
   3.8996480e+06   4.8339844e+01
   3.8996690e+06   8.7402344e+01
   3.8997630e+06   4.0466309e+01
   3.8997860e+06   4.2541504e+01
   3.8998410e+06   4.2724609e+01
   3.8998720e+06   4.1198730e+01
   3.8999120e+06   4.5837402e+01
   3.8999490e+06   3.7475586e+01
   3.8999870e+06   4.4860840e+01
   3.9000880e+06   6.9946289e+01
   3.9002650e+06   4.1076660e+01
   3.9003000e+06   4.1320801e+01
   3.9003230e+06   4.9926758e+01
   3.9004300e+06   5.2551270e+01
   3.9005670e+06   3.7841797e+01
   3.9006670e+06   3.9184570e+01
   3.9007590e+06   3.7780762e+01
   3.9143510e+06   6.4147949e+01
   3.9147590e+06   3.8940430e+01
   3.9149780e+06   5.7556152e+01
   3.9152270e+06   4.0344238e+01
   3.9152610e+06   7.1289063e+01
   3.9152950e+06   4.9072266e+01
   3.9155370e+06   5.2246094e+01
   3.9155630e+06   4.0466309e+01
   3.9156060e+06   3.7902832e+01
   3.9159510e+06   4.9926758e+01
   3.9159650e+06   3.8513184e+01
   3.9161080e+06   4.6020508e+01
   3.9164720e+06   4.0405273e+01
   3.9187150e+06   4.6264648e+01
   4.0217930e+06   4.4189453e+01
   4.0265890e+06   3.8513184e+01
   4.0343480e+06   4.5959473e+01
   4.0386900e+06   3.8330078e+01
   4.0485540e+06   3.6865234e+01
   4.0529960e+06   4.0893555e+01
   4.0575540e+06   3.8146973e+01
   4.0638370e+06   4.5715332e+01
   4.0720360e+06   4.3273926e+01
   4.0951150e+06   3.7292480e+01
   4.1031340e+06   4.0283203e+01
   4.1121850e+06   4.3701172e+01
   4.1183260e+06   3.7963867e+01
   4.1243130e+06   3.9794922e+01
   4.1309580e+06   3.8879395e+01
   4.1410940e+06   3.7231445e+01
   4.1500750e+06   3.8757324e+01
   4.1524750e+06   3.7658691e+01
   4.1618340e+06   4.1076660e+01
   4.1825710e+06   4.3945313e+01
   4.1875790e+06   3.7780762e+01
   4.2049610e+06   3.7414551e+01
   4.2074130e+06   4.6264648e+01
   4.2161280e+06   4.2663574e+01
   4.2264080e+06   4.0283203e+01
   4.2369150e+06   4.0344238e+01
   4.2416980e+06   3.6865234e+01
   4.2535950e+06   3.8818359e+01
   4.2601550e+06   4.8095703e+01
   4.2602040e+06   5.4382324e+01
   4.2605500e+06   4.4860840e+01
   4.2608830e+06   3.9062500e+01
   4.2609190e+06   3.9794922e+01
   4.2610100e+06   3.8208008e+01
   4.2610740e+06   3.9123535e+01
   4.2611720e+06   5.4565430e+01
   4.2612330e+06   6.5490723e+01
   4.2612750e+06   3.6804199e+01
   4.2613080e+06   5.3649902e+01
   4.2614220e+06   4.8034668e+01
   4.2614480e+06   7.6965332e+01
   4.2614670e+06   4.2114258e+01
   4.2614800e+06   5.0109863e+01
   4.2616180e+06   8.2580566e+01
   4.2616610e+06   3.7414551e+01
   4.2616780e+06   4.1687012e+01
   4.2617430e+06   3.7170410e+01
   4.2618040e+06   4.8034668e+01
   4.2618170e+06   4.3395996e+01
   4.2619030e+06   4.7058105e+01
   4.2620940e+06   3.7048340e+01
   4.2623830e+06   4.2480469e+01
   4.2626380e+06   3.9062500e+01
   4.2631390e+06   5.9204102e+01
   4.2638940e+06   4.8645020e+01
   4.2640410e+06   3.6804199e+01
   4.2654460e+06   4.8706055e+01
   4.2662310e+06   4.1809082e+01
   4.2662960e+06   4.4189453e+01
   4.2681230e+06   3.8879395e+01
   4.2790580e+06   3.7353516e+01
   4.2795550e+06   3.7536621e+01
   4.2795740e+06   4.8156738e+01
   4.2796390e+06   3.7597656e+01
   4.2797390e+06   4.0283203e+01
   4.2797520e+06   3.8635254e+01
   4.2799400e+06   3.7170410e+01
   4.2799590e+06   5.2062988e+01
   4.2799830e+06   4.7668457e+01
   4.2800090e+06   4.7729492e+01
   4.2800670e+06   4.0039063e+01
   4.2803770e+06   3.8818359e+01
   4.2804990e+06   4.4372559e+01
   4.2806730e+06   3.6865234e+01
   4.2821800e+06   3.8391113e+01
   4.3732370e+06   4.5288086e+01
   4.3996780e+06   3.7719727e+01
   4.4042520e+06   4.3579102e+01
   4.4071770e+06   3.8146973e+01
   4.4115510e+06   4.3273926e+01
   4.4184420e+06   3.7475586e+01
   4.4244240e+06   3.8085938e+01
   4.4296020e+06   4.9560547e+01
   4.4456340e+06   4.7241211e+01
   4.4499370e+06   3.7231445e+01
   4.4559870e+06   4.4128418e+01
   4.4603770e+06   5.0109863e+01
   4.4680240e+06   4.2785645e+01
   4.4701670e+06   4.3884277e+01
   4.4846570e+06   4.0527344e+01
   4.4920140e+06   4.0222168e+01
   4.4956670e+06   4.1442871e+01
   4.5016270e+06   3.8635254e+01
   4.5052610e+06   4.0100098e+01
   4.5171210e+06   4.0832520e+01
   4.5340620e+06   4.2724609e+01
   4.5412920e+06   4.2480469e+01
   4.5485310e+06   4.7119141e+01
   4.5514290e+06   8.2824707e+01
   4.5516010e+06   4.8767090e+01
   4.5520800e+06   5.0354004e+01
   4.5528370e+06   3.9916992e+01
   4.5529590e+06   4.1503906e+01
   4.5529780e+06   3.6987305e+01
   4.5529960e+06   4.3090820e+01
   4.5530600e+06   4.5104980e+01
   4.5531020e+06   4.5898438e+01
   4.5531520e+06   8.5021973e+01
   4.5532230e+06   3.9428711e+01
   4.5532380e+06   4.2907715e+01
   4.5532560e+06   5.0598145e+01
   4.5532890e+06   3.7231445e+01
   4.5533030e+06   3.8330078e+01
   4.5533940e+06   6.4270020e+01
   4.5534040e+06   4.0649414e+01
   4.5534460e+06   3.7658691e+01
   4.5534740e+06   5.0659180e+01
   4.5534850e+06   3.7841797e+01
   4.5535560e+06   4.1503906e+01
   4.5535960e+06   3.9245605e+01
   4.5536790e+06   3.9001465e+01
   4.5537420e+06   3.6865234e+01
   4.5539210e+06   6.3110352e+01
   4.5554670e+06   4.1503906e+01
   4.5651090e+06   5.2795410e+01
   4.5704570e+06   3.7536621e+01
   4.5705650e+06   7.3791504e+01
   4.5706400e+06   4.0771484e+01
   4.5706990e+06   4.1259766e+01
   4.5707270e+06   4.9377441e+01
   4.5708200e+06   4.5349121e+01
   4.5708530e+06   4.7485352e+01
   4.5709020e+06   4.0222168e+01
   4.5710390e+06   4.1625977e+01
   4.5710950e+06   4.9621582e+01
   4.5711360e+06   3.8757324e+01
   4.5712300e+06   4.2419434e+01
   4.5718070e+06   3.8574219e+01
   4.6661220e+06   5.0842285e+01
   4.6767860e+06   3.9428711e+01
   4.6834270e+06   4.8095703e+01
   4.6899220e+06   3.8635254e+01
   4.6967260e+06   4.0527344e+01
   4.7010040e+06   3.9550781e+01
   4.7056740e+06   4.5776367e+01
   4.7102760e+06   4.0222168e+01
   4.7136450e+06   3.8879395e+01
   4.7200060e+06   3.9184570e+01
   4.7278600e+06   4.2846680e+01
   4.7348870e+06   3.7719727e+01
   4.7392880e+06   4.2175293e+01
   4.7508060e+06   3.9184570e+01
   4.7552070e+06   4.6386719e+01
   4.7617160e+06   3.7719727e+01
   4.7651550e+06   4.3823242e+01
   4.7674930e+06   4.2663574e+01
   4.7734520e+06   4.9133301e+01
   4.7773330e+06   4.2297363e+01
   4.7845590e+06   4.2907715e+01
   4.7902570e+06   4.1259766e+01
   4.7938830e+06   4.5471191e+01
   4.8163550e+06   4.6447754e+01
   4.8218290e+06   3.9428711e+01
   4.8265490e+06   4.0344238e+01
   4.8456230e+06   4.2846680e+01
   4.8497880e+06   4.1320801e+01
   4.8618720e+06   5.5725098e+01
   4.8628990e+06   4.5104980e+01
   4.8629500e+06   3.9001465e+01
   4.8632170e+06   6.2011719e+01
   4.8632380e+06   3.8391113e+01
   4.8634170e+06   5.2795410e+01
   4.8634270e+06   4.2297363e+01
   4.8634690e+06   4.0893555e+01
   4.8635780e+06   4.2053223e+01
   4.8636340e+06   5.2001953e+01
   4.8636800e+06   3.7353516e+01
   4.8637150e+06   4.0588379e+01
   4.8638450e+06   4.0771484e+01
   4.8638940e+06   9.5520020e+01
   4.8639310e+06   3.6987305e+01
   4.8639910e+06   4.1320801e+01
   4.8640600e+06   6.0791016e+01
   4.8642550e+06   3.7231445e+01
   4.8643490e+06   3.8208008e+01
   4.8647720e+06   3.7719727e+01
   4.8664080e+06   3.7963867e+01
   4.8667450e+06   3.7353516e+01
   4.8798140e+06   3.9489746e+01
   4.8800970e+06   5.3222656e+01
   4.8801810e+06   7.0983887e+01
   4.8804360e+06   4.2053223e+01
   4.8805150e+06   6.2438965e+01
   4.8805680e+06   4.9560547e+01
   4.8805860e+06   3.6926270e+01
   4.8808440e+06   6.0241699e+01
   4.8809020e+06   5.0415039e+01
   4.8809730e+06   4.0222168e+01
   4.8811040e+06   4.7485352e+01
   4.8819650e+06   4.3762207e+01
   4.8826510e+06   3.9001465e+01
   4.9743740e+06   4.5349121e+01
   4.9843800e+06   5.3466797e+01
   4.9883850e+06   4.2602539e+01
   4.9939350e+06   4.1442871e+01
   4.9969240e+06   4.0039063e+01
   5.0041320e+06   3.8513184e+01
   5.0144780e+06   4.1625977e+01
   5.0211760e+06   4.0405273e+01
   5.0278960e+06   3.9306641e+01
   5.0335100e+06   4.2846680e+01
   5.0377220e+06   4.0283203e+01
   5.0432780e+06   4.1564941e+01
   5.0496900e+06   3.7170410e+01
   5.0577650e+06   3.8146973e+01
   5.0674300e+06   3.9978027e+01
   5.0708740e+06   3.6804199e+01
   5.1039110e+06   3.8696289e+01
   5.1075860e+06   3.8879395e+01
   5.1115940e+06   3.9978027e+01
   5.1184060e+06   4.2297363e+01
   5.1297540e+06   3.8208008e+01
   5.1444910e+06   7.8430176e+01
   5.1458040e+06   3.7292480e+01
   5.1463470e+06   5.1086426e+01
   5.1468230e+06   4.2236328e+01
   5.1475710e+06   4.6997070e+01
   5.1476760e+06   3.8513184e+01
   5.1479240e+06   4.4738770e+01
   5.1479900e+06   4.9133301e+01
   5.1480810e+06   6.8542480e+01
   5.1481170e+06   3.9978027e+01
   5.1481290e+06   4.9194336e+01
   5.1481780e+06   7.0922852e+01
   5.1482110e+06   4.0832520e+01
   5.1484040e+06   3.7048340e+01
   5.1484300e+06   8.3190918e+01
   5.1484530e+06   3.7231445e+01
   5.1485970e+06   5.2429199e+01
   5.1486130e+06   4.7241211e+01
   5.1487300e+06   3.9367676e+01
   5.1487680e+06   3.9306641e+01
   5.1487970e+06   3.7353516e+01
   5.1489040e+06   6.2805176e+01
   5.1491790e+06   3.8269043e+01
   5.1493590e+06   3.7475586e+01
   5.1506320e+06   3.7536621e+01
   5.1514570e+06   4.1503906e+01
   5.1607870e+06   3.7780762e+01
   5.1643190e+06   4.5471191e+01
   5.1643550e+06   3.7414551e+01
   5.1644090e+06   4.8767090e+01
   5.1644820e+06   4.4860840e+01
   5.1645720e+06   7.4523926e+01
   5.1646060e+06   4.3579102e+01
   5.1646290e+06   3.8146973e+01
   5.1646750e+06   5.0964355e+01
   5.1648550e+06   4.4738770e+01
   5.1648710e+06   3.9428711e+01
   5.1650810e+06   4.1870117e+01
   5.1651220e+06   3.8513184e+01
   5.1652080e+06   3.7902832e+01
   5.1652910e+06   4.5166016e+01
   5.1654340e+06   3.7475586e+01
   5.1660440e+06   3.7292480e+01
   5.1663640e+06   4.4067383e+01
   5.1670150e+06   3.6926270e+01
   5.2537920e+06   3.6987305e+01
   5.2823130e+06   4.0527344e+01
   5.2886480e+06   4.3151855e+01
   5.2948550e+06   4.4372559e+01
   5.2977150e+06   4.4250488e+01
   5.3041130e+06   4.2358398e+01
   5.3114430e+06   4.5715332e+01
   5.3279610e+06   3.7048340e+01
   5.3347800e+06   4.4372559e+01
   5.3410640e+06   4.7485352e+01
   5.3510900e+06   3.7658691e+01
   5.3782100e+06   4.5898438e+01
   5.3878250e+06   3.8085938e+01
   5.3976920e+06   3.8757324e+01
   5.4115450e+06   3.8757324e+01
   5.4152620e+06   4.9987793e+01
   5.4190960e+06   4.1198730e+01
   5.4288220e+06   3.7048340e+01
   5.4357870e+06   3.9306641e+01
   5.4594620e+06   3.9001465e+01
   5.4627360e+06   4.3701172e+01
   5.4676250e+06   6.0729980e+01
   5.4679260e+06   4.7485352e+01
   5.4682420e+06   4.0222168e+01
   5.4683620e+06   3.7597656e+01
   5.4684050e+06   4.7180176e+01
   5.4684750e+06   4.0100098e+01
   5.4686270e+06   6.9213867e+01
   5.4686810e+06   4.3457031e+01
   5.4687020e+06   6.6162109e+01
   5.4687270e+06   8.4777832e+01
   5.4687400e+06   6.3476563e+01
   5.4687900e+06   4.0588379e+01
   5.4689000e+06   4.4128418e+01
   5.4689400e+06   6.3415527e+01
   5.4690800e+06   4.0710449e+01
   5.4691180e+06   4.7302246e+01
   5.4693330e+06   4.4006348e+01
   5.4694140e+06   4.0283203e+01
   5.4694350e+06   3.8879395e+01
   5.4708720e+06   3.8146973e+01
   5.4711230e+06   4.0954590e+01
   5.4826220e+06   4.4372559e+01
   5.4832010e+06   4.7485352e+01
   5.4833250e+06   4.2053223e+01
   5.4835010e+06   4.8217773e+01
   5.4836620e+06   4.0832520e+01
   5.4837530e+06   5.0354004e+01
   5.4837960e+06   5.0598145e+01
   5.4840470e+06   3.8879395e+01
   5.4841990e+06   3.7109375e+01
   5.4845780e+06   3.8330078e+01
   5.4847430e+06   3.8452148e+01
   5.4863830e+06   4.7546387e+01
   5.5857710e+06   4.3640137e+01
   5.5904110e+06   3.8269043e+01
   5.5996830e+06   4.5654297e+01
   5.6044710e+06   3.8208008e+01
   5.6082320e+06   4.0954590e+01
   5.6163420e+06   3.9611816e+01
   5.6196330e+06   4.5715332e+01
   5.6244530e+06   4.5410156e+01
   5.6357910e+06   4.8156738e+01
   5.6417530e+06   4.2358398e+01
   5.6469980e+06   3.9794922e+01
   5.6550280e+06   3.9611816e+01
   5.6667550e+06   3.8024902e+01
   5.6754610e+06   4.2297363e+01
   5.6858050e+06   3.9794922e+01
   5.6885740e+06   4.1992188e+01
   5.6977470e+06   3.8513184e+01
   5.7192870e+06   4.1198730e+01
   5.7339030e+06   3.8513184e+01
   5.7407000e+06   3.6987305e+01
   5.7433950e+06   4.0222168e+01
   5.7496660e+06   4.5898438e+01
   5.7500790e+06   4.3884277e+01
   5.7502240e+06   4.2297363e+01
   5.7503400e+06   5.3100586e+01
   5.7505510e+06   4.8828125e+01
   5.7505780e+06   4.0161133e+01
   5.7506530e+06   4.7058105e+01
   5.7507240e+06   4.0893555e+01
   5.7507860e+06   4.2175293e+01
   5.7508710e+06   4.6508789e+01
   5.7508870e+06   3.9123535e+01
   5.7509030e+06   5.4870605e+01
   5.7509340e+06   7.5805664e+01
   5.7510530e+06   3.8574219e+01
   5.7510980e+06   3.7353516e+01
   5.7511380e+06   4.6264648e+01
   5.7512040e+06   5.3161621e+01
   5.7512860e+06   3.7536621e+01
   5.7513650e+06   3.7719727e+01
   5.7514730e+06   4.9987793e+01
   5.7515070e+06   3.8696289e+01
   5.7515510e+06   3.8818359e+01
   5.7516430e+06   3.7231445e+01
   5.7521450e+06   3.9611816e+01
   5.7522710e+06   4.0161133e+01
   5.7534640e+06   5.0659180e+01
   5.7631110e+06   4.3945313e+01
   5.7655760e+06   5.8288574e+01
   5.7656460e+06   5.4382324e+01
   5.7661800e+06   5.7373047e+01
   5.7662060e+06   5.2612305e+01
   5.7662890e+06   4.7607422e+01
   5.7664470e+06   4.8217773e+01
   5.7665860e+06   4.0161133e+01
   5.7666420e+06   4.0710449e+01
   5.7666850e+06   5.0231934e+01
   5.7667740e+06   5.0415039e+01
   5.7668730e+06   4.2846680e+01
   5.7672070e+06   4.0832520e+01
   5.7674040e+06   5.1452637e+01
   5.7674790e+06   4.5532227e+01
   5.7683410e+06   3.9672852e+01
   5.8694400e+06   4.1381836e+01
   5.8749240e+06   4.2419434e+01
   5.8820710e+06   3.9062500e+01
   5.8884340e+06   4.4189453e+01
   5.8932010e+06   3.9123535e+01
   5.8964000e+06   4.9377441e+01
   5.9000370e+06   4.1259766e+01
   5.9050530e+06   3.6987305e+01
   5.9096450e+06   4.1625977e+01
   5.9100120e+06   5.4077148e+01
   5.9158680e+06   4.4006348e+01
   5.9233870e+06   3.8146973e+01
   5.9257410e+06   3.7841797e+01
   5.9328200e+06   3.6926270e+01
   5.9342630e+06   3.8391113e+01
   5.9459220e+06   3.8085938e+01
   5.9519970e+06   4.0466309e+01
   5.9569380e+06   3.6865234e+01
   5.9629850e+06   3.7963867e+01
   5.9748820e+06   4.8522949e+01
   5.9814710e+06   4.3518066e+01
   5.9859440e+06   4.7851563e+01
   5.9924840e+06   4.0161133e+01
