   5.9980000e+06   0.0000000e+00
   1.4798400e+05   3.8330078e+01
   1.4835600e+05   3.7353516e+01
   1.9566700e+05   3.8940430e+01
   2.2030900e+05   3.8635254e+01
   3.1864300e+05   3.7597656e+01
   3.1971900e+05   4.1809082e+01
   3.2208600e+05   4.0588379e+01
   3.2266500e+05   3.6926270e+01
   3.2342300e+05   3.8574219e+01
   3.2383300e+05   6.3720703e+01
   3.2403700e+05   5.4992676e+01
   3.2408200e+05   1.4770508e+02
   3.2412100e+05   3.8757324e+01
   3.2423200e+05   6.2072754e+01
   3.2425200e+05   3.9794922e+01
   3.2426900e+05   5.3405762e+01
   3.2429200e+05   1.0430908e+02
   3.2439800e+05   4.1992188e+01
   3.2440900e+05   6.7810059e+01
   3.2443000e+05   7.2387695e+01
   3.2445100e+05   6.1767578e+01
   3.2449000e+05   4.0832520e+01
   3.2453800e+05   3.8452148e+01
   3.2463800e+05   6.3293457e+01
   3.2465500e+05   3.9794922e+01
   3.2467400e+05   3.6987305e+01
   3.2469800e+05   4.5776367e+01
   3.2476800e+05   5.3771973e+01
   3.2478400e+05   4.4250488e+01
   3.2481600e+05   6.1645508e+01
   3.2483600e+05   4.2480469e+01
   3.2487700e+05   5.0231934e+01
   3.2489300e+05   3.8391113e+01
   3.2500900e+05   3.7658691e+01
   3.2507400e+05   5.2978516e+01
   3.2511300e+05   4.7546387e+01
   3.2514100e+05   4.0771484e+01
   3.2517600e+05   4.9072266e+01
   3.2519600e+05   4.8828125e+01
   3.2523500e+05   3.7597656e+01
   3.2552900e+05   4.3273926e+01
   3.2558900e+05   3.9001465e+01
   3.2610400e+05   3.8452148e+01
   3.2724600e+05   4.2480469e+01
   3.2809500e+05   4.5715332e+01
   3.2894400e+05   3.8574219e+01
   3.4110800e+05   3.7719727e+01
   3.4177000e+05   4.1625977e+01
   3.4221700e+05   4.6997070e+01
   3.4281500e+05   4.1870117e+01
   3.4287600e+05   4.7607422e+01
   3.4290100e+05   3.6987305e+01
   3.4311800e+05   4.3029785e+01
   3.4322200e+05   4.8095703e+01
   3.4335800e+05   8.6120605e+01
   3.4339000e+05   3.9978027e+01
   3.4346600e+05   8.8745117e+01
   3.4354800e+05   4.7302246e+01
   3.4359300e+05   4.9865723e+01
   3.4365100e+05   3.6987305e+01
   3.4367300e+05   4.2053223e+01
   3.4388800e+05   4.2114258e+01
   3.4390500e+05   4.1992188e+01
   3.4393600e+05   3.9611816e+01
   3.4412000e+05   3.8879395e+01
   3.4485900e+05   4.2724609e+01
   3.4490600e+05   5.4809570e+01
   3.4638000e+05   4.6203613e+01
   3.4681000e+05   3.7719727e+01
   3.4868600e+05   3.7353516e+01
   3.7356200e+05   3.7353516e+01
   4.1094600e+05   4.9133301e+01
   5.2523500e+05   5.1269531e+01
   6.3375800e+05   4.0771484e+01
   6.3529800e+05   3.8757324e+01
   7.2698700e+05   3.8940430e+01
   7.2718800e+05   3.7597656e+01
   7.2797300e+05   3.6926270e+01
   7.2826600e+05   3.9672852e+01
   7.2851500e+05   4.8217773e+01
   7.2857800e+05   3.8513184e+01
   7.2885600e+05   4.7424316e+01
   7.2898000e+05   1.3232422e+02
   7.2903600e+05   3.8208008e+01
   7.2907600e+05   3.9428711e+01
   7.2916200e+05   8.3251953e+01
   7.2919500e+05   1.1077881e+02
   7.2928700e+05   4.2968750e+01
   7.2933000e+05   8.8317871e+01
   7.2936400e+05   6.2377930e+01
   7.2944000e+05   3.7597656e+01
   7.2947100e+05   3.8085938e+01
   7.2949400e+05   4.9621582e+01
   7.2951800e+05   5.4870605e+01
   7.2953900e+05   3.7658691e+01
   7.2959500e+05   3.9001465e+01
   7.2963400e+05   4.4006348e+01
   7.2965200e+05   4.8278809e+01
   7.2971000e+05   3.7780762e+01
   7.2973200e+05   4.1687012e+01
   7.2983100e+05   3.6926270e+01
   7.2984600e+05   4.1198730e+01
   7.2987000e+05   4.2236328e+01
   7.2999800e+05   3.6987305e+01
   7.3113800e+05   3.9489746e+01
   7.3115600e+05   5.6640625e+01
   7.3171600e+05   3.8269043e+01
   7.3219900e+05   3.9062500e+01
   7.4481100e+05   4.3212891e+01
   7.4517700e+05   4.4738770e+01
   7.4705300e+05   4.9865723e+01
   7.4711700e+05   4.1625977e+01
   7.4751200e+05   5.9143066e+01
   7.4753100e+05   1.0003662e+02
   7.4756200e+05   4.0527344e+01
   7.4768400e+05   4.1748047e+01
   7.4772700e+05   7.9528809e+01
   7.4777100e+05   5.6091309e+01
   7.4792200e+05   4.1015625e+01
   7.4797100e+05   4.4067383e+01
   7.4803900e+05   3.9184570e+01
   7.4808900e+05   3.8452148e+01
   7.4818300e+05   3.7048340e+01
   7.4866500e+05   3.8513184e+01
   7.4901000e+05   4.3884277e+01
   7.4938500e+05   3.7780762e+01
   7.4958600e+05   4.0710449e+01
   7.4989600e+05   3.7170410e+01
   7.5012700e+05   3.9672852e+01
   7.5185000e+05   4.2236328e+01
   7.5600000e+05   3.8513184e+01
   7.7691300e+05   4.4616699e+01
   7.9325600e+05   3.7597656e+01
   8.1413500e+05   4.1381836e+01
   8.7689800e+05   3.8757324e+01
   8.9267800e+05   4.1076660e+01
   1.0259030e+06   3.7292480e+01
   1.1011700e+06   4.7729492e+01
   1.1046610e+06   3.9978027e+01
   1.1071620e+06   4.2297363e+01
   1.1074450e+06   3.9428711e+01
   1.1091700e+06   4.4738770e+01
   1.1099800e+06   3.9916992e+01
   1.1122150e+06   7.4951172e+01
   1.1122340e+06   1.3287354e+02
   1.1123160e+06   4.4189453e+01
   1.1123630e+06   6.5246582e+01
   1.1124540e+06   4.0832520e+01
   1.1124760e+06   4.3395996e+01
   1.1124910e+06   7.4035645e+01
   1.1125350e+06   4.8645020e+01
   1.1125670e+06   4.8461914e+01
   1.1125920e+06   4.2053223e+01
   1.1126140e+06   7.0373535e+01
   1.1127040e+06   4.0771484e+01
   1.1127210e+06   4.2297363e+01
   1.1127490e+06   7.3364258e+01
   1.1128590e+06   5.0415039e+01
   1.1128920e+06   1.1425781e+02
   1.1130160e+06   3.7963867e+01
   1.1130330e+06   4.3640137e+01
   1.1131200e+06   4.0344238e+01
   1.1131910e+06   1.0150146e+02
   1.1132640e+06   3.8452148e+01
   1.1132790e+06   4.1931152e+01
   1.1133320e+06   3.7658691e+01
   1.1134620e+06   3.7841797e+01
   1.1138950e+06   3.8757324e+01
   1.1152180e+06   5.3100586e+01
   1.1306690e+06   3.6926270e+01
   1.1312820e+06   4.1503906e+01
   1.1317550e+06   4.1992188e+01
   1.1317900e+06   1.2927246e+02
   1.1318800e+06   3.6987305e+01
   1.1319270e+06   3.6987305e+01
   1.1319600e+06   5.1940918e+01
   1.1320030e+06   8.0322266e+01
   1.1320270e+06   4.1809082e+01
   1.1320670e+06   4.4677734e+01
   1.1321150e+06   4.0161133e+01
   1.1322890e+06   4.4555664e+01
   1.1326440e+06   4.0710449e+01
   1.1326740e+06   4.7668457e+01
   1.1327500e+06   4.4616699e+01
   1.1327910e+06   3.9550781e+01
   1.1329480e+06   3.9367676e+01
   1.1334170e+06   4.0100098e+01
   1.1335910e+06   3.7353516e+01
   1.1347340e+06   3.8452148e+01
   1.1366970e+06   4.1137695e+01
   1.1541610e+06   4.1259766e+01
   1.1697550e+06   3.9184570e+01
   1.1891460e+06   4.1015625e+01
   1.2095730e+06   3.8146973e+01
   1.2700000e+06   4.4860840e+01
   1.3324360e+06   3.8391113e+01
   1.3579830e+06   5.3039551e+01
   1.4185100e+06   4.4677734e+01
   1.4233970e+06   4.4372559e+01
   1.4268640e+06   3.7780762e+01
   1.4271180e+06   4.3212891e+01
   1.4275010e+06   4.1381836e+01
   1.4282410e+06   4.0039063e+01
   1.4283510e+06   3.8635254e+01
   1.4287740e+06   4.3701172e+01
   1.4288070e+06   4.1137695e+01
   1.4288870e+06   6.0241699e+01
   1.4289040e+06   4.6691895e+01
   1.4289310e+06   1.4202881e+02
   1.4289560e+06   7.2937012e+01
   1.4290290e+06   6.0607910e+01
   1.4290650e+06   8.0810547e+01
   1.4291290e+06   3.8757324e+01
   1.4291540e+06   3.7353516e+01
   1.4291780e+06   6.9763184e+01
   1.4291890e+06   4.1198730e+01
   1.4292340e+06   4.0893555e+01
   1.4292670e+06   5.5297852e+01
   1.4292910e+06   4.3029785e+01
   1.4293110e+06   1.2365723e+02
   1.4293480e+06   4.0039063e+01
   1.4293750e+06   4.6508789e+01
   1.4294220e+06   3.7353516e+01
   1.4295090e+06   4.2175293e+01
   1.4295560e+06   6.5612793e+01
   1.4296520e+06   4.2114258e+01
   1.4296630e+06   3.7597656e+01
   1.4297250e+06   3.8208008e+01
   1.4297660e+06   4.0344238e+01
   1.4298380e+06   4.9804688e+01
   1.4299150e+06   3.7292480e+01
   1.4300410e+06   4.1931152e+01
   1.4303670e+06   3.7658691e+01
   1.4318360e+06   3.9733887e+01
   1.4448450e+06   3.9489746e+01
   1.4452160e+06   4.5104980e+01
   1.4463730e+06   3.6987305e+01
   1.4467620e+06   3.7536621e+01
   1.4470470e+06   7.7636719e+01
   1.4472790e+06   4.5288086e+01
   1.4474260e+06   1.0485840e+02
   1.4474680e+06   4.7729492e+01
   1.4475750e+06   4.8522949e+01
   1.4476710e+06   4.4921875e+01
   1.4477220e+06   8.3007813e+01
   1.4477700e+06   4.1015625e+01
   1.4477820e+06   3.9794922e+01
   1.4478860e+06   4.0527344e+01
   1.4479110e+06   3.8024902e+01
   1.4480710e+06   4.7363281e+01
   1.4482560e+06   8.6547852e+01
   1.4502310e+06   4.3029785e+01
   1.4504610e+06   4.9438477e+01
   1.4516040e+06   4.0344238e+01
   1.4522340e+06   3.9733887e+01
   1.4673420e+06   3.9123535e+01
   1.4679970e+06   4.0222168e+01
   1.5170020e+06   3.7658691e+01
   1.6479880e+06   3.7231445e+01
   1.7056090e+06   4.1564941e+01
   1.7101220e+06   3.7902832e+01
   1.7118150e+06   3.9489746e+01
   1.7124110e+06   3.6926270e+01
   1.7159660e+06   1.3513184e+02
   1.7160930e+06   4.6813965e+01
   1.7161040e+06   4.3701172e+01
   1.7161300e+06   6.2927246e+01
   1.7161550e+06   4.8156738e+01
   1.7162020e+06   4.0344238e+01
   1.7162190e+06   5.5419922e+01
   1.7162410e+06   5.6335449e+01
   1.7162800e+06   4.3579102e+01
   1.7163530e+06   5.9020996e+01
   1.7163890e+06   4.6203613e+01
   1.7164530e+06   5.2368164e+01
   1.7164750e+06   9.0454102e+01
   1.7165290e+06   4.6325684e+01
   1.7165690e+06   5.6091309e+01
   1.7165870e+06   4.5532227e+01
   1.7166170e+06   4.5471191e+01
   1.7167000e+06   3.7048340e+01
   1.7167410e+06   4.4128418e+01
   1.7168120e+06   3.8574219e+01
   1.7169270e+06   8.0566406e+01
   1.7169980e+06   4.3701172e+01
   1.7170340e+06   4.8645020e+01
   1.7170950e+06   4.7973633e+01
   1.7171350e+06   3.8879395e+01
   1.7172460e+06   4.5104980e+01
   1.7172670e+06   4.0283203e+01
   1.7172890e+06   5.4138184e+01
   1.7174400e+06   4.4860840e+01
   1.7174910e+06   3.9489746e+01
   1.7175450e+06   3.7536621e+01
   1.7175890e+06   3.9306641e+01
   1.7176350e+06   5.6091309e+01
   1.7177520e+06   4.2724609e+01
   1.7179870e+06   4.2480469e+01
   1.7186160e+06   4.5715332e+01
   1.7334430e+06   4.3334961e+01
   1.7351490e+06   3.8574219e+01
   1.7361430e+06   4.2541504e+01
   1.7363850e+06   4.7119141e+01
   1.7366590e+06   4.6081543e+01
   1.7367470e+06   3.9855957e+01
   1.7368420e+06   5.1452637e+01
   1.7368760e+06   3.8696289e+01
   1.7369030e+06   3.8696289e+01
   1.7369470e+06   9.3933105e+01
   1.7371650e+06   4.4067383e+01
   1.7371810e+06   5.4809570e+01
   1.7372190e+06   3.9733887e+01
   1.7372540e+06   6.8664551e+01
   1.7372790e+06   4.3518066e+01
   1.7374210e+06   5.0354004e+01
   1.7375020e+06   3.7658691e+01
   1.7375590e+06   4.1320801e+01
   1.7376290e+06   4.5227051e+01
   1.7377450e+06   5.3466797e+01
   1.7378480e+06   3.6865234e+01
   1.7378810e+06   3.7658691e+01
   1.7385190e+06   3.7536621e+01
   1.7387280e+06   5.7373047e+01
   1.7387610e+06   4.1687012e+01
   1.7392230e+06   4.1503906e+01
   1.7395050e+06   4.4006348e+01
   1.7400060e+06   3.7353516e+01
   1.7402630e+06   3.9916992e+01
   1.7410060e+06   4.0222168e+01
   1.7421840e+06   3.9428711e+01
   1.7698360e+06   3.8391113e+01
   1.8657090e+06   4.1076660e+01
   1.8934780e+06   4.1015625e+01
   1.9178820e+06   4.4494629e+01
   1.9192070e+06   3.8269043e+01
   1.9575110e+06   3.7170410e+01
   1.9779500e+06   3.9611816e+01
   1.9784210e+06   4.3579102e+01
   2.0120890e+06   3.7292480e+01
   2.0197840e+06   3.9123535e+01
   2.0273740e+06   4.0954590e+01
   2.0410880e+06   3.6987305e+01
   2.0467170e+06   4.0710449e+01
   2.0494940e+06   4.5043945e+01
   2.0500160e+06   3.9428711e+01
   2.0505150e+06   5.5297852e+01
   2.0506270e+06   4.3823242e+01
   2.0507230e+06   1.2957764e+02
   2.0507530e+06   3.8635254e+01
   2.0507910e+06   6.5002441e+01
   2.0508900e+06   8.3007813e+01
   2.0509460e+06   5.4077148e+01
   2.0509820e+06   6.1706543e+01
   2.0509980e+06   4.4860840e+01
   2.0510200e+06   5.6823730e+01
   2.0510540e+06   7.7880859e+01
   2.0510800e+06   1.2811279e+02
   2.0510920e+06   7.6721191e+01
   2.0511440e+06   4.9377441e+01
   2.0511960e+06   3.9245605e+01
   2.0512270e+06   4.3151855e+01
   2.0512550e+06   3.8879395e+01
   2.0512780e+06   4.8522949e+01
   2.0512930e+06   5.1086426e+01
   2.0513210e+06   7.7148438e+01
   2.0513610e+06   7.7026367e+01
   2.0513730e+06   4.3151855e+01
   2.0514030e+06   3.9245605e+01
   2.0514270e+06   3.7048340e+01
   2.0514670e+06   3.9855957e+01
   2.0515210e+06   4.2663574e+01
   2.0515630e+06   3.8269043e+01
   2.0516130e+06   4.0954590e+01
   2.0516790e+06   4.1687012e+01
   2.0517880e+06   4.2114258e+01
   2.0518100e+06   3.9428711e+01
   2.0543460e+06   4.8889160e+01
   2.0663080e+06   4.1015625e+01
   2.0671060e+06   4.3762207e+01
   2.0677610e+06   4.1320801e+01
   2.0680450e+06   4.5349121e+01
   2.0680660e+06   4.3579102e+01
   2.0681590e+06   4.2175293e+01
   2.0683500e+06   3.7109375e+01
   2.0684510e+06   1.3549805e+02
   2.0685000e+06   3.8146973e+01
   2.0685670e+06   3.8146973e+01
   2.0687040e+06   8.2885742e+01
   2.0687340e+06   4.9194336e+01
   2.0688600e+06   4.0466309e+01
   2.0688930e+06   3.9062500e+01
   2.0689840e+06   4.0161133e+01
   2.0691150e+06   4.9072266e+01
   2.0691420e+06   6.7993164e+01
   2.0692200e+06   4.2724609e+01
   2.0694920e+06   3.8818359e+01
   2.0696550e+06   3.8330078e+01
   2.0700290e+06   3.8513184e+01
   2.0704360e+06   4.6081543e+01
   2.0711280e+06   3.8879395e+01
   2.0720430e+06   4.2541504e+01
   2.0722280e+06   4.4616699e+01
   2.0723470e+06   4.0832520e+01
   2.0729280e+06   3.8208008e+01
   2.0730860e+06   3.8757324e+01
   2.0906560e+06   3.7414551e+01
   2.0920810e+06   3.9794922e+01
   2.0926970e+06   4.1259766e+01
   2.0942840e+06   3.8146973e+01
   2.0962360e+06   3.9001465e+01
   2.0993950e+06   4.8828125e+01
   2.1159470e+06   3.7658691e+01
   2.1216040e+06   3.8085938e+01
   2.1272780e+06   3.7780762e+01
   2.1727300e+06   3.7292480e+01
   2.2602080e+06   3.9672852e+01
   2.3222550e+06   3.9306641e+01
   2.3228190e+06   4.1442871e+01
   2.3232420e+06   4.1076660e+01
   2.3248160e+06   4.4372559e+01
   2.3253810e+06   3.8757324e+01
   2.3262910e+06   7.1899414e+01
   2.3263350e+06   1.5344238e+02
   2.3263950e+06   7.4951172e+01
   2.3264330e+06   6.2072754e+01
   2.3264550e+06   6.6955566e+01
   2.3264660e+06   4.0527344e+01
   2.3264970e+06   8.0505371e+01
   2.3265450e+06   8.2946777e+01
   2.3265870e+06   4.4372559e+01
   2.3266370e+06   4.1381836e+01
   2.3266750e+06   4.8339844e+01
   2.3266920e+06   4.7912598e+01
   2.3267190e+06   6.9702148e+01
   2.3268310e+06   5.2490234e+01
   2.3268430e+06   4.0222168e+01
   2.3268700e+06   3.8757324e+01
   2.3269120e+06   3.8696289e+01
   2.3269370e+06   4.8950195e+01
   2.3269990e+06   6.8664551e+01
   2.3270120e+06   5.0231934e+01
   2.3270690e+06   3.7292480e+01
   2.3271310e+06   3.8574219e+01
   2.3272220e+06   4.1442871e+01
   2.3272640e+06   4.2297363e+01
   2.3273330e+06   4.6813965e+01
   2.3273640e+06   4.6325684e+01
   2.3273830e+06   3.8574219e+01
   2.3275520e+06   3.7902832e+01
   2.3276440e+06   3.8269043e+01
   2.3276940e+06   5.1208496e+01
   2.3281980e+06   3.6926270e+01
   2.3282300e+06   3.6865234e+01
   2.3288860e+06   3.8940430e+01
   2.3426610e+06   3.9550781e+01
   2.3450430e+06   4.4006348e+01
   2.3462740e+06   3.9672852e+01
   2.3463290e+06   5.7495117e+01
   2.3466450e+06   1.0516357e+02
   2.3467380e+06   3.9306641e+01
   2.3467570e+06   4.3579102e+01
   2.3467950e+06   5.3344727e+01
   2.3468050e+06   3.9550781e+01
   2.3468340e+06   3.9916992e+01
   2.3468820e+06   3.8513184e+01
   2.3469150e+06   4.5227051e+01
   2.3469400e+06   3.7597656e+01
   2.3470080e+06   5.2978516e+01
   2.3470380e+06   6.4392090e+01
   2.3471240e+06   4.0466309e+01
   2.3471570e+06   4.7119141e+01
   2.3474060e+06   3.8757324e+01
   2.3474760e+06   8.6486816e+01
   2.3475700e+06   3.8391113e+01
   2.3494990e+06   4.0893555e+01
   2.3670250e+06   3.7170410e+01
   2.3677950e+06   3.9184570e+01
   2.3686020e+06   3.8269043e+01
   2.3742050e+06   3.7292480e+01
   2.3813320e+06   3.7109375e+01
   2.3842210e+06   4.0954590e+01
   2.4048260e+06   4.1259766e+01
   2.4854710e+06   3.6865234e+01
   2.4855910e+06   4.0527344e+01
   2.4883880e+06   4.6447754e+01
   2.4887060e+06   3.9550781e+01
   2.5450460e+06   3.8696289e+01
   2.5673800e+06   4.1381836e+01
   2.5767810e+06   3.9184570e+01
   2.5938620e+06   3.8024902e+01
   2.6280540e+06   4.3945313e+01
   2.6436930e+06   4.1076660e+01
   2.6557950e+06   4.3212891e+01
   2.6603270e+06   3.8513184e+01
   2.6604990e+06   4.1564941e+01
   2.6608270e+06   4.2724609e+01
   2.6609270e+06   5.2124023e+01
   2.6610330e+06   1.1871338e+02
   2.6610920e+06   6.7199707e+01
   2.6611290e+06   8.0200195e+01
   2.6611680e+06   8.1481934e+01
   2.6612070e+06   8.9294434e+01
   2.6613110e+06   4.7973633e+01
   2.6613520e+06   3.9245605e+01
   2.6613800e+06   9.5031738e+01
   2.6614890e+06   3.7902832e+01
   2.6616090e+06   4.8645020e+01
   2.6616400e+06   6.4453125e+01
   2.6616500e+06   5.6945801e+01
   2.6616850e+06   4.5593262e+01
   2.6617050e+06   3.9062500e+01
   2.6617480e+06   3.9855957e+01
   2.6617930e+06   3.9245605e+01
   2.6618520e+06   5.7983398e+01
   2.6619190e+06   6.5795898e+01
   2.6619500e+06   4.1992188e+01
   2.6619700e+06   4.8034668e+01
   2.6621890e+06   3.8269043e+01
   2.6622300e+06   3.7536621e+01
   2.6622520e+06   4.1076660e+01
   2.6622980e+06   3.7475586e+01
   2.6624510e+06   3.9855957e+01
   2.6765430e+06   3.7597656e+01
   2.6766920e+06   3.8330078e+01
   2.6778230e+06   5.4504395e+01
   2.6778970e+06   4.8950195e+01
   2.6782040e+06   1.0894775e+02
   2.6782890e+06   4.1137695e+01
   2.6783130e+06   4.3334961e+01
   2.6783900e+06   7.3303223e+01
   2.6784610e+06   4.7790527e+01
   2.6784840e+06   4.3029785e+01
   2.6785210e+06   3.8208008e+01
   2.6785920e+06   3.8879395e+01
   2.6786170e+06   3.7292480e+01
   2.6786860e+06   3.7353516e+01
   2.6788400e+06   3.8696289e+01
   2.6788860e+06   6.4697266e+01
   2.6790030e+06   4.2785645e+01
   2.6794210e+06   3.9489746e+01
   2.6799040e+06   3.8024902e+01
   2.6804010e+06   4.0649414e+01
   2.6806940e+06   3.7902832e+01
   2.6824640e+06   3.6987305e+01
   2.6950460e+06   3.8146973e+01
   2.7019310e+06   4.1687012e+01
   2.7115280e+06   3.7231445e+01
   2.7160030e+06   3.7353516e+01
   2.7180470e+06   4.1198730e+01
   2.7553990e+06   3.8024902e+01
   2.7894780e+06   4.2236328e+01
   2.7975680e+06   3.7170410e+01
   2.8483610e+06   4.1320801e+01
   2.8750450e+06   4.0771484e+01
   2.8960530e+06   3.9245605e+01
   2.9056370e+06   3.9855957e+01
   2.9139950e+06   3.7597656e+01
   2.9170050e+06   4.4860840e+01
   2.9182890e+06   3.9611816e+01
   2.9293770e+06   4.2663574e+01
   2.9298280e+06   4.0649414e+01
   2.9300950e+06   4.3701172e+01
   2.9310470e+06   3.9978027e+01
   2.9323840e+06   4.0283203e+01
   2.9333600e+06   4.0954590e+01
   2.9338480e+06   5.3649902e+01
   2.9338920e+06   3.9367676e+01
   2.9339130e+06   1.4929199e+02
   2.9339370e+06   3.7170410e+01
   2.9339790e+06   4.7363281e+01
   2.9339920e+06   4.5715332e+01
   2.9340480e+06   4.2968750e+01
   2.9341410e+06   4.2053223e+01
   2.9342050e+06   4.4250488e+01
   2.9342600e+06   7.3303223e+01
   2.9342740e+06   6.6406250e+01
   2.9343100e+06   4.7790527e+01
   2.9343300e+06   5.4443359e+01
   2.9343700e+06   5.3283691e+01
   2.9344140e+06   3.8696289e+01
   2.9344860e+06   4.8889160e+01
   2.9345240e+06   7.8308105e+01
   2.9345380e+06   8.6242676e+01
   2.9345690e+06   4.6997070e+01
   2.9345980e+06   4.1503906e+01
   2.9346190e+06   5.1269531e+01
   2.9347270e+06   4.6630859e+01
   2.9348170e+06   3.8635254e+01
   2.9348570e+06   4.8095703e+01
   2.9348840e+06   3.7902832e+01
   2.9349390e+06   3.7292480e+01
   2.9351170e+06   3.7536621e+01
   2.9351430e+06   3.7292480e+01
   2.9351780e+06   3.8085938e+01
   2.9358920e+06   4.0710449e+01
   2.9377260e+06   5.6518555e+01
   2.9491000e+06   3.9733887e+01
   2.9506180e+06   4.3884277e+01
   2.9506570e+06   3.7536621e+01
   2.9508780e+06   3.9916992e+01
   2.9509130e+06   3.7780762e+01
   2.9509450e+06   1.0461426e+02
   2.9509740e+06   3.6865234e+01
   2.9510340e+06   4.6997070e+01
   2.9510560e+06   4.3029785e+01
   2.9510970e+06   6.8420410e+01
   2.9511950e+06   4.0161133e+01
   2.9512600e+06   3.6865234e+01
   2.9512890e+06   4.4982910e+01
   2.9513500e+06   7.0190430e+01
   2.9514250e+06   4.0161133e+01
   2.9515260e+06   6.0424805e+01
   2.9515660e+06   3.7780762e+01
   2.9517520e+06   6.3659668e+01
   2.9518120e+06   4.4494629e+01
   2.9518420e+06   4.1931152e+01
   2.9519310e+06   3.9062500e+01
   2.9519650e+06   3.8085938e+01
   2.9521180e+06   4.2480469e+01
   2.9528830e+06   3.7841797e+01
   2.9531720e+06   4.1320801e+01
   2.9541930e+06   3.6987305e+01
   2.9548650e+06   4.1503906e+01
   2.9553070e+06   3.7597656e+01
   2.9557690e+06   3.7475586e+01
   2.9562130e+06   4.0405273e+01
   2.9690100e+06   4.3395996e+01
   2.9696540e+06   3.9306641e+01
   3.0013170e+06   3.9123535e+01
   3.0181320e+06   4.9316406e+01
   3.0946580e+06   4.1137695e+01
   3.1424870e+06   3.8452148e+01
   3.1496400e+06   3.8513184e+01
   3.2023690e+06   3.7780762e+01
   3.2204280e+06   4.1687012e+01
   3.2376240e+06   3.8635254e+01
   3.2459030e+06   3.8146973e+01
   3.2724890e+06   3.7780762e+01
   3.3221080e+06   3.8024902e+01
   3.3229840e+06   3.7841797e+01
   3.3234490e+06   4.2114258e+01
   3.3238230e+06   4.0161133e+01
   3.3239640e+06   3.8818359e+01
   3.3242180e+06   3.9428711e+01
   3.3245020e+06   6.0913086e+01
   3.3246170e+06   4.4555664e+01
   3.3246520e+06   6.6162109e+01
   3.3247290e+06   4.5043945e+01
   3.3247510e+06   1.6723633e+02
   3.3247830e+06   7.9528809e+01
   3.3248060e+06   6.6467285e+01
   3.3248540e+06   5.4260254e+01
   3.3248650e+06   4.6264648e+01
   3.3249030e+06   1.2298584e+02
   3.3249780e+06   4.3212891e+01
   3.3250270e+06   4.1076660e+01
   3.3250610e+06   4.4128418e+01
   3.3250760e+06   5.7922363e+01
   3.3251030e+06   5.2307129e+01
   3.3251190e+06   5.3894043e+01
   3.3251510e+06   5.8227539e+01
   3.3251690e+06   6.5734863e+01
   3.3252220e+06   3.8818359e+01
   3.3253210e+06   4.1198730e+01
   3.3254050e+06   4.0344238e+01
   3.3254290e+06   4.3457031e+01
   3.3254630e+06   3.7475586e+01
   3.3256000e+06   4.4616699e+01
   3.3256630e+06   4.8767090e+01
   3.3259270e+06   3.8024902e+01
   3.3260250e+06   4.5654297e+01
   3.3275450e+06   3.8513184e+01
   3.3283340e+06   4.0893555e+01
   3.3284710e+06   3.7963867e+01
   3.3407090e+06   3.8146973e+01
   3.3409350e+06   4.2846680e+01
   3.3413430e+06   3.7109375e+01
   3.3416120e+06   4.1625977e+01
   3.3419250e+06   3.7353516e+01
   3.3420330e+06   4.1931152e+01
   3.3422940e+06   3.9489746e+01
   3.3426180e+06   4.6020508e+01
   3.3427020e+06   1.0479736e+02
   3.3427260e+06   4.2724609e+01
   3.3428330e+06   4.3273926e+01
   3.3428870e+06   4.1198730e+01
   3.3428990e+06   6.0485840e+01
   3.3429510e+06   9.2651367e+01
   3.3430700e+06   4.0771484e+01
   3.3433130e+06   3.7780762e+01
   3.3433400e+06   4.8278809e+01
   3.3434440e+06   4.3701172e+01
   3.3435480e+06   4.4128418e+01
   3.3443920e+06   4.5532227e+01
   3.3448770e+06   4.7546387e+01
   3.3454260e+06   3.9672852e+01
   3.3467030e+06   4.2968750e+01
   3.3472070e+06   3.7170410e+01
   3.3574300e+06   3.7231445e+01
   3.3761220e+06   3.7536621e+01
   3.3823640e+06   3.8757324e+01
   3.5051560e+06   4.0710449e+01
   3.5192540e+06   4.0649414e+01
   3.5460990e+06   4.3273926e+01
   3.6083570e+06   4.3701172e+01
   3.6089740e+06   4.2175293e+01
   3.6090840e+06   4.0954590e+01
   3.6102660e+06   3.8146973e+01
   3.6106470e+06   3.7902832e+01
   3.6112140e+06   4.7424316e+01
   3.6112330e+06   6.4941406e+01
   3.6112670e+06   1.2176514e+02
   3.6112970e+06   3.7292480e+01
   3.6113230e+06   4.0649414e+01
   3.6113590e+06   4.7363281e+01
   3.6113730e+06   4.4555664e+01
   3.6114390e+06   4.9377441e+01
   3.6114580e+06   5.1635742e+01
   3.6114880e+06   1.0864258e+02
   3.6115140e+06   3.7048340e+01
   3.6115560e+06   4.1076660e+01
   3.6115680e+06   5.0048828e+01
   3.6115830e+06   1.2689209e+02
   3.6117240e+06   3.8818359e+01
   3.6117670e+06   4.3273926e+01
   3.6118090e+06   8.7707520e+01
   3.6118300e+06   3.7902832e+01
   3.6118540e+06   5.3771973e+01
   3.6118690e+06   3.8696289e+01
   3.6118910e+06   3.7719727e+01
   3.6119130e+06   3.7597656e+01
   3.6119670e+06   3.7475586e+01
   3.6120000e+06   4.7119141e+01
   3.6120240e+06   3.8574219e+01
   3.6120480e+06   5.2612305e+01
   3.6121960e+06   7.7087402e+01
   3.6123080e+06   4.4799805e+01
   3.6124940e+06   5.1269531e+01
   3.6125790e+06   4.5593262e+01
   3.6125960e+06   4.4982910e+01
   3.6126310e+06   3.8024902e+01
   3.6128410e+06   3.8208008e+01
   3.6134450e+06   4.1198730e+01
   3.6158570e+06   4.4311523e+01
   3.6270410e+06   3.8696289e+01
   3.6299310e+06   4.1015625e+01
   3.6301420e+06   4.6264648e+01
   3.6302830e+06   3.7231445e+01
   3.6303800e+06   3.7414551e+01
   3.6305350e+06   1.0003662e+02
   3.6305840e+06   4.5532227e+01
   3.6307010e+06   4.2663574e+01
   3.6307390e+06   4.8278809e+01
   3.6307800e+06   8.9111328e+01
   3.6308010e+06   4.5043945e+01
   3.6308110e+06   4.6813965e+01
   3.6308760e+06   3.8330078e+01
   3.6310420e+06   3.8879395e+01
   3.6311390e+06   6.7626953e+01
   3.6312590e+06   4.4921875e+01
   3.6319920e+06   3.7353516e+01
   3.6323100e+06   3.7475586e+01
   3.6328790e+06   3.7048340e+01
   3.6332220e+06   4.0283203e+01
   3.6487350e+06   3.8879395e+01
   3.6549290e+06   3.8269043e+01
   3.6907880e+06   3.8330078e+01
   3.6963060e+06   4.0710449e+01
   3.6991200e+06   4.2175293e+01
   3.7669680e+06   4.0161133e+01
   3.7961910e+06   3.7109375e+01
   3.8401430e+06   3.9550781e+01
   3.8554410e+06   4.0710449e+01
   3.8957180e+06   3.7536621e+01
   3.8958710e+06   4.1198730e+01
   3.8965070e+06   3.7841797e+01
   3.8973410e+06   4.9011230e+01
   3.8988070e+06   1.5161133e+02
   3.8988490e+06   4.5959473e+01
   3.8988960e+06   8.1665039e+01
   3.8989160e+06   4.9560547e+01
   3.8989390e+06   3.9978027e+01
   3.8991800e+06   3.7414551e+01
   3.8992150e+06   5.3161621e+01
   3.8993190e+06   6.6345215e+01
   3.8993430e+06   7.8918457e+01
   3.8993640e+06   4.1992188e+01
   3.8994170e+06   4.4189453e+01
   3.8994530e+06   4.2053223e+01
   3.8995670e+06   4.2175293e+01
   3.8995850e+06   3.7292480e+01
   3.8996380e+06   3.7109375e+01
   3.8996490e+06   4.1870117e+01
   3.8996640e+06   7.2753906e+01
   3.8997100e+06   3.7902832e+01
   3.8999450e+06   8.2458496e+01
   3.9000220e+06   4.6508789e+01
   3.9001560e+06   3.7231445e+01
   3.9002200e+06   4.4128418e+01
   3.9002650e+06   3.7048340e+01
   3.9003510e+06   3.7841797e+01
   3.9147980e+06   4.0466309e+01
   3.9153950e+06   4.3151855e+01
   3.9156000e+06   8.5510254e+01
   3.9157010e+06   3.6926270e+01
   3.9157500e+06   4.1625977e+01
   3.9157860e+06   3.8452148e+01
   3.9158150e+06   5.6274414e+01
   3.9158810e+06   7.2570801e+01
   3.9160500e+06   4.2846680e+01
   3.9160620e+06   5.3405762e+01
   3.9160930e+06   7.1594238e+01
   3.9162480e+06   5.4626465e+01
   3.9163090e+06   4.5471191e+01
   3.9163350e+06   3.7475586e+01
   3.9164910e+06   4.0649414e+01
   3.9165370e+06   4.3334961e+01
   3.9165530e+06   4.6569824e+01
   3.9172110e+06   3.7414551e+01
   3.9180680e+06   4.1809082e+01
   3.9185560e+06   3.8085938e+01
   3.9190840e+06   3.7475586e+01
   3.9198060e+06   3.8696289e+01
   3.9412150e+06   3.9916992e+01
   3.9896630e+06   4.0893555e+01
   4.0079410e+06   4.1381836e+01
   4.1655480e+06   4.3029785e+01
   4.1727700e+06   4.3334961e+01
   4.1825960e+06   4.2541504e+01
   4.2398200e+06   4.0588379e+01
   4.2596710e+06   4.7546387e+01
   4.2608140e+06   3.9978027e+01
   4.2608600e+06   7.2814941e+01
   4.2608830e+06   1.1651611e+02
   4.2609110e+06   3.9489746e+01
   4.2609240e+06   5.1086426e+01
   4.2609590e+06   4.1992187e+01
   4.2609700e+06   6.9335938e+01
   4.2610030e+06   4.5227051e+01
   4.2610420e+06   1.4135742e+02
   4.2610620e+06   4.2419434e+01
   4.2610750e+06   3.9733887e+01
   4.2611100e+06   4.2297363e+01
   4.2611990e+06   6.1035156e+01
   4.2612140e+06   4.6081543e+01
   4.2612460e+06   4.1259766e+01
   4.2612750e+06   3.6926270e+01
   4.2613070e+06   5.0170898e+01
   4.2613380e+06   7.8613281e+01
   4.2613820e+06   5.8471680e+01
   4.2615160e+06   4.2907715e+01
   4.2615730e+06   3.9489746e+01
   4.2615850e+06   4.6752930e+01
   4.2616490e+06   4.1259766e+01
   4.2616670e+06   4.5532227e+01
   4.2617090e+06   3.8146973e+01
   4.2617490e+06   3.9550781e+01
   4.2618190e+06   3.8269043e+01
   4.2618720e+06   3.6926270e+01
   4.2618900e+06   3.9855957e+01
   4.2619400e+06   5.7983398e+01
   4.2639160e+06   4.4494629e+01
   4.2640640e+06   3.7597656e+01
   4.2765770e+06   4.9621582e+01
   4.2780750e+06   3.6926270e+01
   4.2788350e+06   4.4494629e+01
   4.2796880e+06   6.0729980e+01
   4.2799750e+06   9.5886230e+01
   4.2800230e+06   4.0161133e+01
   4.2800450e+06   4.0893555e+01
   4.2800590e+06   4.0100098e+01
   4.2801290e+06   4.2236328e+01
   4.2802100e+06   4.9194336e+01
   4.2802570e+06   7.7575684e+01
   4.2802970e+06   4.1198730e+01
   4.2803320e+06   4.7424316e+01
   4.2804830e+06   3.7475586e+01
   4.2805260e+06   3.8635254e+01
   4.2805660e+06   5.4321289e+01
   4.2807080e+06   5.3527832e+01
   4.2808040e+06   6.1279297e+01
   4.2808930e+06   4.0405273e+01
   4.2809540e+06   5.7739258e+01
   4.2813340e+06   4.1931152e+01
   4.2814080e+06   3.9978027e+01
   4.2814180e+06   4.5654297e+01
   4.2826180e+06   3.8146973e+01
   4.2829820e+06   3.8574219e+01
   4.2840340e+06   4.1870117e+01
   4.2848400e+06   4.0405273e+01
   4.2868020e+06   3.9367676e+01
   4.3088060e+06   4.2602539e+01
   4.3159580e+06   4.1870117e+01
   4.3296940e+06   3.8391113e+01
   4.3424220e+06   3.8513184e+01
   4.3678190e+06   3.9550781e+01
   4.4651020e+06   3.9550781e+01
   4.4856630e+06   3.8818359e+01
   4.5235970e+06   3.9550781e+01
   4.5490460e+06   3.7109375e+01
   4.5512090e+06   3.8940430e+01
   4.5517210e+06   3.9672852e+01
   4.5519370e+06   4.3151855e+01
   4.5519680e+06   3.9001465e+01
   4.5529180e+06   3.7109375e+01
   4.5530510e+06   5.1391602e+01
   4.5530830e+06   1.6821289e+02
   4.5530930e+06   4.7363281e+01
   4.5531810e+06   4.4006348e+01
   4.5531940e+06   6.5063477e+01
   4.5532250e+06   1.0913086e+02
   4.5532410e+06   5.7434082e+01
   4.5532730e+06   7.8186035e+01
   4.5533310e+06   5.3100586e+01
   4.5533520e+06   4.5837402e+01
   4.5533870e+06   3.8818359e+01
   4.5534330e+06   5.4565430e+01
   4.5534540e+06   4.9560547e+01
   4.5534900e+06   4.6142578e+01
   4.5535020e+06   9.0942383e+01
   4.5535350e+06   3.9184570e+01
   4.5536200e+06   4.2297363e+01
   4.5536320e+06   4.5593262e+01
   4.5536690e+06   3.8024902e+01
   4.5537950e+06   6.3476563e+01
   4.5538790e+06   3.7292480e+01
   4.5539490e+06   3.9672852e+01
   4.5542200e+06   3.7719727e+01
   4.5558590e+06   5.3466797e+01
   4.5700370e+06   4.0649414e+01
   4.5710440e+06   3.9855957e+01
   4.5713240e+06   9.8693848e+01
   4.5715970e+06   1.1181641e+02
   4.5716980e+06   3.9672852e+01
   4.5717160e+06   4.8156738e+01
   4.5717650e+06   3.8818359e+01
   4.5717910e+06   5.6701660e+01
   4.5718110e+06   4.9560547e+01
   4.5718930e+06   4.1564941e+01
   4.5719680e+06   8.8745117e+01
   4.5719810e+06   3.9123535e+01
   4.5720300e+06   4.4616699e+01
   4.5720510e+06   4.4067383e+01
   4.5721030e+06   5.2490234e+01
   4.5721130e+06   3.9123535e+01
   4.5721760e+06   3.7170410e+01
   4.5722770e+06   3.8085938e+01
   4.5723220e+06   4.1625977e+01
   4.5725620e+06   3.8940430e+01
   4.5726520e+06   3.7109375e+01
   4.5728130e+06   4.2541504e+01
   4.5729420e+06   4.2785645e+01
   4.5735130e+06   4.1564941e+01
   4.5748680e+06   3.9672852e+01
   4.5752160e+06   4.3151855e+01
   4.5756490e+06   3.8208008e+01
   4.5760650e+06   3.9367676e+01
   4.6081200e+06   4.3029785e+01
   4.6110970e+06   4.0100098e+01
   4.6267300e+06   4.0039063e+01
   4.7287470e+06   3.9245605e+01
   4.7473250e+06   3.8452148e+01
   4.8283490e+06   3.9428711e+01
   4.8375670e+06   3.8391113e+01
   4.8582460e+06   4.1748047e+01
   4.8591140e+06   4.0527344e+01
   4.8614860e+06   4.6325684e+01
   4.8624530e+06   3.9794922e+01
   4.8626030e+06   3.9733887e+01
   4.8629790e+06   6.0607910e+01
   4.8630120e+06   1.4294434e+02
   4.8630440e+06   3.6926270e+01
   4.8630640e+06   6.1889648e+01
   4.8631030e+06   3.8024902e+01
   4.8631400e+06   6.8176270e+01
   4.8631800e+06   1.1456299e+02
   4.8632200e+06   4.8217773e+01
   4.8632420e+06   7.4951172e+01
   4.8632760e+06   4.2663574e+01
   4.8633390e+06   3.7048340e+01
   4.8633960e+06   3.7841797e+01
   4.8634150e+06   4.6447754e+01
   4.8634330e+06   5.9936523e+01
   4.8634690e+06   3.7231445e+01
   4.8635040e+06   8.5815430e+01
   4.8635260e+06   4.3334961e+01
   4.8635550e+06   3.9733887e+01
   4.8635870e+06   4.5471191e+01
   4.8636520e+06   3.8757324e+01
   4.8638290e+06   6.2561035e+01
   4.8638770e+06   4.5593262e+01
   4.8639140e+06   3.9733887e+01
   4.8639510e+06   5.6640625e+01
   4.8640610e+06   4.0649414e+01
   4.8641460e+06   5.5908203e+01
   4.8641840e+06   4.6752930e+01
   4.8652430e+06   3.7292480e+01
   4.8782440e+06   3.7658691e+01
   4.8801380e+06   4.6142578e+01
   4.8806810e+06   5.3405762e+01
   4.8807860e+06   6.8115234e+01
   4.8808970e+06   3.6987305e+01
   4.8809170e+06   6.8237305e+01
   4.8810350e+06   3.8696289e+01
   4.8811300e+06   5.4565430e+01
   4.8811750e+06   4.4006348e+01
   4.8811900e+06   4.3273926e+01
   4.8812350e+06   8.9111328e+01
   4.8813010e+06   4.1198730e+01
   4.8813260e+06   4.1381836e+01
   4.8813440e+06   1.1712646e+02
   4.8814120e+06   4.6325684e+01
   4.8814480e+06   5.0231934e+01
   4.8815680e+06   3.7719727e+01
   4.8815820e+06   4.0222168e+01
   4.8816330e+06   3.8330078e+01
   4.8817070e+06   7.2631836e+01
   4.8817610e+06   4.1076660e+01
   4.8818300e+06   3.8513184e+01
   4.8820000e+06   4.8950195e+01
   4.8822040e+06   6.1462402e+01
   4.8823030e+06   3.7719727e+01
   4.8826180e+06   4.1564941e+01
   4.8838940e+06   3.7841797e+01
   4.8852530e+06   4.2114258e+01
   4.8861310e+06   3.7658691e+01
   4.9136780e+06   3.7719727e+01
   4.9278960e+06   4.6142578e+01
   4.9382450e+06   3.7292480e+01
   4.9451880e+06   4.1748047e+01
   4.9497450e+06   3.9611816e+01
   5.0731520e+06   3.9916992e+01
   5.1448570e+06   4.1381836e+01
   5.1454670e+06   3.7963867e+01
   5.1462760e+06   4.0405273e+01
   5.1468760e+06   3.9306641e+01
   5.1469180e+06   4.9316406e+01
   5.1475910e+06   5.2673340e+01
   5.1476720e+06   1.2957764e+02
   5.1477250e+06   7.3425293e+01
   5.1477370e+06   5.4931641e+01
   5.1477570e+06   3.8085938e+01
   5.1477830e+06   4.7607422e+01
   5.1478070e+06   4.0771484e+01
   5.1478330e+06   5.6640625e+01
   5.1478720e+06   4.7546387e+01
   5.1479170e+06   7.5744629e+01
   5.1479530e+06   6.8969727e+01
   5.1480210e+06   3.7780762e+01
   5.1480980e+06   5.6518555e+01
   5.1481250e+06   5.4565430e+01
   5.1481550e+06   1.0156250e+02
   5.1481950e+06   5.7556152e+01
   5.1484220e+06   4.2236328e+01
   5.1484390e+06   3.8696289e+01
   5.1484580e+06   9.4787598e+01
   5.1484680e+06   4.4860840e+01
   5.1484950e+06   4.2968750e+01
   5.1485580e+06   3.7841797e+01
   5.1486710e+06   3.8330078e+01
   5.1486970e+06   4.5227051e+01
   5.1487360e+06   4.5410156e+01
   5.1487850e+06   3.6987305e+01
   5.1488420e+06   3.7292480e+01
   5.1489060e+06   3.8696289e+01
   5.1489700e+06   3.8940430e+01
   5.1515630e+06   3.9672852e+01
   5.1643010e+06   4.3762207e+01
   5.1649910e+06   4.2602539e+01
   5.1652080e+06   4.1564941e+01
   5.1652700e+06   5.1574707e+01
   5.1653930e+06   3.8085938e+01
   5.1654800e+06   9.0209961e+01
   5.1656930e+06   4.7302246e+01
   5.1657270e+06   4.9621582e+01
   5.1657390e+06   4.5776367e+01
   5.1657790e+06   3.6926270e+01
   5.1658260e+06   9.5153809e+01
   5.1658500e+06   3.9306641e+01
   5.1659710e+06   6.2377930e+01
   5.1661640e+06   4.9621582e+01
   5.1662000e+06   6.6528320e+01
   5.1663500e+06   3.8085938e+01
   5.1663730e+06   3.8269043e+01
   5.1664080e+06   4.1687012e+01
   5.1669510e+06   4.5227051e+01
   5.1670150e+06   3.8513184e+01
   5.1674300e+06   3.8391113e+01
   5.1677300e+06   4.8767090e+01
   5.1678620e+06   4.0710449e+01
   5.1695940e+06   3.6987305e+01
   5.1830400e+06   4.2053223e+01
   5.1887180e+06   3.8513184e+01
   5.1944010e+06   3.6926270e+01
   5.1978040e+06   3.9794922e+01
   5.2085400e+06   4.0893555e+01
   5.2288270e+06   4.3701172e+01
   5.3059230e+06   4.3212891e+01
   5.3571770e+06   3.8085938e+01
   5.3687360e+06   4.1931152e+01
   5.4667260e+06   3.6865234e+01
   5.4669530e+06   4.0222168e+01
   5.4671930e+06   3.7170410e+01
   5.4677190e+06   4.7546387e+01
   5.4679800e+06   4.0222168e+01
   5.4680600e+06   4.7973633e+01
   5.4681940e+06   6.6406250e+01
   5.4682200e+06   4.0588379e+01
   5.4682500e+06   5.1635742e+01
   5.4682650e+06   1.0998535e+02
   5.4683110e+06   6.5368652e+01
   5.4683210e+06   3.8024902e+01
   5.4683510e+06   4.1870117e+01
   5.4683640e+06   4.0832520e+01
   5.4684080e+06   3.8024902e+01
   5.4684770e+06   5.2917480e+01
   5.4685250e+06   9.4604492e+01
   5.4685610e+06   3.8696289e+01
   5.4685770e+06   8.3251953e+01
   5.4685980e+06   4.9133301e+01
   5.4686180e+06   5.3894043e+01
   5.4686890e+06   3.7048340e+01
   5.4687770e+06   4.3151855e+01
   5.4687930e+06   9.0209961e+01
   5.4688190e+06   4.1564941e+01
   5.4688500e+06   3.8940430e+01
   5.4688910e+06   3.7780762e+01
   5.4689300e+06   3.9001465e+01
   5.4690180e+06   3.8391113e+01
   5.4690640e+06   4.2724609e+01
   5.4690870e+06   4.4128418e+01
   5.4691250e+06   3.8330078e+01
   5.4692060e+06   4.3579102e+01
   5.4692650e+06   3.9794922e+01
   5.4716080e+06   4.6386719e+01
   5.4815000e+06   4.1748047e+01
   5.4836820e+06   4.7851562e+01
   5.4837970e+06   4.4982910e+01
   5.4840810e+06   4.4311523e+01
   5.4840960e+06   3.9855957e+01
   5.4841350e+06   1.0974121e+02
   5.4842040e+06   4.3151855e+01
   5.4843160e+06   4.1931152e+01
   5.4843680e+06   3.9367676e+01
   5.4843900e+06   5.0964355e+01
   5.4845010e+06   4.0222168e+01
   5.4846890e+06   4.2541504e+01
   5.4847080e+06   4.3945313e+01
   5.4847920e+06   4.8095703e+01
   5.4848050e+06   4.1564941e+01
   5.4849260e+06   4.0527344e+01
   5.4850760e+06   4.6936035e+01
   5.4853990e+06   3.9245605e+01
   5.4855810e+06   3.8452148e+01
   5.4975180e+06   3.9855957e+01
   5.4996530e+06   4.6081543e+01
   5.5056540e+06   4.0649414e+01
   5.5088220e+06   3.9245605e+01
   5.5107100e+06   3.9245605e+01
   5.5246710e+06   4.4921875e+01
   5.5398670e+06   3.7414551e+01
   5.5467920e+06   4.1198730e+01
   5.7071380e+06   3.7170410e+01
   5.7457110e+06   3.9306641e+01
   5.7467380e+06   3.8208008e+01
   5.7488290e+06   4.3762207e+01
   5.7489890e+06   4.0405273e+01
   5.7494560e+06   4.2114258e+01
   5.7496320e+06   3.9794922e+01
   5.7497630e+06   4.2175293e+01
   5.7503670e+06   3.7292480e+01
   5.7505480e+06   4.5715332e+01
   5.7505930e+06   6.6589355e+01
   5.7506080e+06   1.4965820e+02
   5.7506280e+06   4.1809082e+01
   5.7506630e+06   3.8513184e+01
   5.7506820e+06   7.4707031e+01
   5.7506970e+06   4.2053223e+01
   5.7507190e+06   5.9509277e+01
   5.7507330e+06   5.8105469e+01
   5.7507490e+06   5.2368164e+01
   5.7508340e+06   4.6691895e+01
   5.7508470e+06   4.1198730e+01
   5.7508930e+06   6.2011719e+01
   5.7509140e+06   7.1533203e+01
   5.7509490e+06   5.4809570e+01
   5.7509750e+06   4.8156738e+01
   5.7510310e+06   5.0292969e+01
   5.7510850e+06   4.2907715e+01
   5.7511060e+06   3.6987305e+01
   5.7511420e+06   5.4321289e+01
   5.7512950e+06   3.7536621e+01
   5.7513390e+06   4.2236328e+01
   5.7514830e+06   4.1931152e+01
   5.7515180e+06   4.4372559e+01
   5.7515470e+06   4.3823242e+01
   5.7516440e+06   3.7475586e+01
   5.7516630e+06   3.9672852e+01
   5.7542000e+06   4.3273926e+01
   5.7542570e+06   4.3273926e+01
   5.7653040e+06   3.8085938e+01
   5.7666830e+06   5.9448242e+01
   5.7669250e+06   4.4189453e+01
   5.7669640e+06   3.9550781e+01
   5.7670480e+06   3.8330078e+01
   5.7670960e+06   4.6142578e+01
   5.7671060e+06   4.0954590e+01
   5.7671500e+06   9.3322754e+01
   5.7671990e+06   4.2785645e+01
   5.7672440e+06   4.9987793e+01
   5.7673030e+06   4.8278809e+01
   5.7673490e+06   3.7414551e+01
   5.7674030e+06   4.3579102e+01
   5.7674420e+06   4.2480469e+01
   5.7675460e+06   3.9367676e+01
   5.7675670e+06   4.9682617e+01
   5.7676710e+06   4.0405273e+01
   5.7677240e+06   3.8513184e+01
   5.7679640e+06   4.0893555e+01
   5.7691420e+06   3.7475586e+01
   5.7701910e+06   3.7719727e+01
   5.7710840e+06   3.7231445e+01
   5.7882300e+06   4.0466309e+01
   5.7969500e+06   3.9428711e+01
   5.8106640e+06   4.4311523e+01
   5.8185690e+06   4.2419434e+01
   5.8271110e+06   3.7658691e+01
   5.9065630e+06   3.7780762e+01
   5.9069930e+06   3.7902832e+01
   5.9071690e+06   3.8452148e+01
   5.9076430e+06   4.5166016e+01
   5.9089500e+06   4.1320801e+01
   5.9092540e+06   4.7546387e+01
