   5.9980000e+06   0.0000000e+00
   3.2448700e+05   1.0052490e+02
   3.2472400e+05   7.2204590e+01
   3.2492300e+05   3.7719727e+01
   3.2497800e+05   5.8532715e+01
   3.2520400e+05   3.3264160e+01
   3.2522700e+05   5.4138184e+01
   3.2530500e+05   3.5461426e+01
   3.4243900e+05   6.6345215e+01
   3.4291700e+05   4.8217773e+01
   3.4344800e+05   3.9978027e+01
   7.2871700e+05   8.2580566e+01
   7.2876100e+05   3.3203125e+01
   7.2896500e+05   5.5175781e+01
   7.2905200e+05   3.9611816e+01
   7.2920700e+05   7.2875977e+01
   7.2958700e+05   3.7658691e+01
   7.2960300e+05   3.3508301e+01
   7.3006900e+05   3.9184570e+01
   7.4670500e+05   5.2307129e+01
   7.4729400e+05   5.2917480e+01
   1.1121010e+06   7.2937012e+01
   1.1123590e+06   5.7189941e+01
   1.1125760e+06   3.6132813e+01
   1.1127990e+06   3.3264160e+01
   1.1130480e+06   6.2194824e+01
   1.1131870e+06   3.5522461e+01
   1.1136050e+06   3.3874512e+01
   1.1305810e+06   3.8696289e+01
   1.1309270e+06   4.5715332e+01
   1.1314250e+06   4.6691895e+01
   1.4284970e+06   8.7890625e+01
   1.4287860e+06   4.8095703e+01
   1.4288220e+06   3.3386230e+01
   1.4290720e+06   3.6987305e+01
   1.4292050e+06   4.2968750e+01
   1.4294290e+06   3.5644531e+01
   1.4294660e+06   4.9438477e+01
   1.4294820e+06   3.3508301e+01
   1.4295720e+06   3.3996582e+01
   1.4297470e+06   3.3874512e+01
   1.4298780e+06   3.4423828e+01
   1.4465280e+06   5.8776855e+01
   1.4468770e+06   3.6071777e+01
   1.4473030e+06   3.4912109e+01
   1.7168940e+06   7.5805664e+01
   1.7170680e+06   3.4484863e+01
   1.7172470e+06   5.2368164e+01
   1.7173270e+06   3.5644531e+01
   1.7174970e+06   6.3049316e+01
   1.7177200e+06   4.1625977e+01
   1.7358770e+06   4.9926758e+01
   1.7363750e+06   5.6335449e+01
   1.7366890e+06   4.0039063e+01
   2.0509340e+06   5.8166504e+01
   2.0512440e+06   5.5358887e+01
   2.0513830e+06   3.9367676e+01
   2.0514520e+06   3.4240723e+01
   2.0677870e+06   4.5471191e+01
   2.3249560e+06   7.4218750e+01
   2.3252510e+06   5.0842285e+01
   2.3259540e+06   7.0739746e+01
   2.3268080e+06   6.2561035e+01
   2.3274320e+06   3.5888672e+01
   2.3276590e+06   3.5705566e+01
   2.3277580e+06   3.5949707e+01
   2.3460240e+06   5.4748535e+01
   2.3469950e+06   3.3874512e+01
   2.6603510e+06   3.8146973e+01
   2.6604830e+06   8.3557129e+01
   2.6605810e+06   4.5471191e+01
   2.6607370e+06   5.2307129e+01
   2.6608220e+06   3.6376953e+01
   2.6609320e+06   6.2438965e+01
   2.6611050e+06   3.3630371e+01
   2.6611460e+06   6.9213867e+01
   2.6619610e+06   3.4179688e+01
   2.6776790e+06   4.7485352e+01
   2.6779570e+06   6.0485840e+01
   2.6783980e+06   3.3203125e+01
   2.9343600e+06   7.2021484e+01
   2.9346430e+06   3.3813477e+01
   2.9346610e+06   5.7983398e+01
   2.9346730e+06   4.0893555e+01
   2.9347090e+06   3.5095215e+01
   2.9348610e+06   4.1625977e+01
   2.9350050e+06   3.7170410e+01
   2.9502940e+06   6.7199707e+01
   2.9508420e+06   3.5095215e+01
   3.3239820e+06   7.6293945e+01
   3.3242520e+06   4.9316406e+01
   3.3245730e+06   5.0231934e+01
   3.3246670e+06   3.5888672e+01
   3.3247980e+06   4.6630859e+01
   3.3249110e+06   4.1198730e+01
   3.3418940e+06   3.6682129e+01
   3.3419850e+06   6.4880371e+01
   3.3424320e+06   4.0832520e+01
   3.6087350e+06   7.3059082e+01
   3.6096730e+06   7.3303223e+01
   3.6110610e+06   4.3151855e+01
   3.6121730e+06   4.2480469e+01
   3.6298260e+06   5.1513672e+01
   3.6301710e+06   4.5837402e+01
   3.6306200e+06   4.2236328e+01
   3.8996640e+06   8.0017090e+01
   3.8997240e+06   3.3508301e+01
   3.8997550e+06   3.5461426e+01
   3.8999800e+06   5.6091309e+01
   3.9000830e+06   3.4118652e+01
   3.9001340e+06   3.9978027e+01
   3.9002160e+06   3.3935547e+01
   3.9002970e+06   3.3630371e+01
   3.9153280e+06   5.9082031e+01
   3.9155960e+06   4.1137695e+01
   4.2612130e+06   6.6406250e+01
   4.2613500e+06   3.6621094e+01
   4.2613960e+06   3.7780762e+01
   4.2614240e+06   3.3264160e+01
   4.2614970e+06   5.7922363e+01
   4.2615370e+06   3.8574219e+01
   4.2795180e+06   6.0058594e+01
   4.2798530e+06   3.7780762e+01
   4.2801940e+06   3.3386230e+01
   4.5518710e+06   6.4147949e+01
   4.5526440e+06   4.7241211e+01
   4.5530980e+06   5.4809570e+01
   4.5534010e+06   3.8757324e+01
   4.5535300e+06   3.6499023e+01
   4.5536460e+06   3.3996582e+01
   4.5710560e+06   5.6091309e+01
   4.8627750e+06   5.2185059e+01
   4.8632910e+06   4.6386719e+01
   4.8635850e+06   4.0405273e+01
   4.8636830e+06   3.8696289e+01
   4.8639040e+06   3.8574219e+01
   4.8639170e+06   4.1687012e+01
   4.8639330e+06   3.5461426e+01
   4.8641770e+06   5.2246094e+01
   4.8805910e+06   3.5339355e+01
   4.8808320e+06   5.2734375e+01
   4.8809420e+06   3.3874512e+01
   4.8811310e+06   4.1381836e+01
   5.1457820e+06   7.5561523e+01
   5.1478580e+06   6.7016602e+01
   5.1482160e+06   4.1076660e+01
   5.1484950e+06   4.1564941e+01
   5.1485630e+06   3.4240723e+01
   5.1648170e+06   6.2377930e+01
   5.1651070e+06   5.4199219e+01
   5.4679550e+06   7.3120117e+01
   5.4682670e+06   5.3222656e+01
   5.4685440e+06   6.9213867e+01
   5.4686870e+06   3.3996582e+01
   5.4687440e+06   3.3996582e+01
   5.4689150e+06   3.5217285e+01
   5.4691240e+06   3.4667969e+01
   5.4724320e+06   3.6865234e+01
   5.4833820e+06   4.8645020e+01
   5.4837810e+06   4.1259766e+01
   5.5075440e+06   3.4240723e+01
   5.7497340e+06   6.7321777e+01
   5.7502680e+06   5.6091309e+01
   5.7505720e+06   4.6264648e+01
   5.7509890e+06   4.4433594e+01
   5.7513070e+06   3.4851074e+01
   5.7662530e+06   5.3771973e+01
   5.7665020e+06   5.0781250e+01
