   5.9980000e+06   0.0000000e+00
   5.0300000e+03   6.8237305e+01
   5.2220000e+03   3.8085938e+01
   6.8290000e+03   3.5217285e+01
   1.2674000e+04   6.6955566e+01
   1.6579000e+04   3.6010742e+01
   1.6952000e+04   3.7536621e+01
   1.7436000e+04   3.5095215e+01
   1.9500000e+04   4.4189453e+01
   2.7010000e+04   3.5217285e+01
   2.9889000e+04   6.5002441e+01
   3.7420000e+04   3.6071777e+01
   3.9117000e+04   6.5917969e+01
   4.8186000e+04   7.0373535e+01
   4.8983000e+04   3.6193848e+01
   4.9766000e+04   4.3334961e+01
   6.2245000e+04   3.7963867e+01
   8.0815000e+04   4.6020508e+01
   9.1295000e+04   3.7109375e+01
   9.6030000e+04   3.5583496e+01
   1.0213800e+05   6.3232422e+01
   1.0587800e+05   3.6132813e+01
   1.0660500e+05   3.6987305e+01
   1.0792800e+05   4.1992188e+01
   1.0848000e+05   3.5339355e+01
   1.1070700e+05   3.8635254e+01
   1.1255300e+05   3.7902832e+01
   1.1277500e+05   3.5827637e+01
   1.1333000e+05   5.3161621e+01
   1.1476900e+05   3.5156250e+01
   1.2803900e+05   3.4790039e+01
   1.3114500e+05   4.0466309e+01
   1.3632600e+05   4.0832520e+01
   1.3902900e+05   7.0556641e+01
   1.3931200e+05   3.8024902e+01
   1.4825100e+05   3.6010742e+01
   1.4866500e+05   3.7597656e+01
   1.4879700e+05   3.5095215e+01
   1.4937900e+05   4.8095703e+01
   1.6655800e+05   4.9194336e+01
   1.6659300e+05   4.0283203e+01
   1.6714500e+05   3.6621094e+01
   1.7022600e+05   3.5217285e+01
   1.7174800e+05   3.7780762e+01
   1.7819000e+05   3.8574219e+01
   1.8765000e+05   3.4912109e+01
   1.8845200e+05   3.4851074e+01
   1.9174800e+05   3.6621094e+01
   1.9436500e+05   3.7902832e+01
   2.1073000e+05   6.7810059e+01
   2.1177000e+05   4.1809082e+01
   2.1311800e+05   4.0161133e+01
   2.2033300e+05   3.8940430e+01
   2.2220200e+05   3.6682129e+01
   2.2411400e+05   3.5644531e+01
   2.2746900e+05   6.7810059e+01
   2.2959000e+05   3.5522461e+01
   2.3050500e+05   3.6193848e+01
   2.3346400e+05   3.7109375e+01
   2.3805700e+05   3.7719727e+01
   2.4249700e+05   3.5888672e+01
   2.4417900e+05   3.9489746e+01
   2.4460900e+05   3.4973145e+01
   2.5581200e+05   7.3425293e+01
   2.5808600e+05   3.4851074e+01
   2.5887900e+05   3.9001465e+01
   2.5977100e+05   3.5522461e+01
   2.6923800e+05   3.6865234e+01
   2.6957200e+05   3.5522461e+01
   2.7244400e+05   3.9367676e+01
   2.7288700e+05   3.5583496e+01
   2.7600500e+05   3.6010742e+01
   2.7644000e+05   3.8085938e+01
   2.8900800e+05   3.8085938e+01
   2.9005100e+05   3.4973145e+01
   2.9076500e+05   3.6865234e+01
   2.9553500e+05   3.6499023e+01
   2.9894400e+05   3.6804199e+01
   2.9943700e+05   4.0588379e+01
   3.0000500e+05   3.5644531e+01
   3.0356400e+05   3.5888672e+01
   3.1087200e+05   3.4851074e+01
   3.1352700e+05   3.7048340e+01
   3.1865100e+05   3.5217285e+01
   3.1986000e+05   3.8940430e+01
   3.2148100e+05   4.2602539e+01
   3.2180200e+05   3.5400391e+01
   3.2197800e+05   3.4973145e+01
   3.2205500e+05   4.0405273e+01
   3.2209600e+05   3.4973145e+01
   3.2252400e+05   4.1442871e+01
   3.2253400e+05   3.6132813e+01
   3.2256000e+05   3.6376953e+01
   3.2264300e+05   4.5166016e+01
   3.2275700e+05   7.6660156e+01
   3.2304500e+05   3.4851074e+01
   3.2313100e+05   4.4677734e+01
   3.2327300e+05   7.5927734e+01
   3.2333000e+05   4.5043945e+01
   3.2356500e+05   3.5522461e+01
   3.2380600e+05   6.8664551e+01
   3.2391800e+05   3.5583496e+01
   3.2415700e+05   7.1777344e+01
   3.2421400e+05   3.8696289e+01
   3.2432000e+05   4.9255371e+01
   3.2438200e+05   3.8757324e+01
   3.2445100e+05   8.5815430e+01
   3.2447800e+05   4.2297363e+01
   3.2449800e+05   5.1391602e+01
   3.2460800e+05   4.9560547e+01
   3.2468600e+05   7.2814941e+01
   3.2474700e+05   3.7719727e+01
   3.2483400e+05   4.5532227e+01
   3.2486000e+05   3.9367676e+01
   3.2491500e+05   3.5644531e+01
   3.2501700e+05   3.8513184e+01
   3.2509800e+05   3.7841797e+01
   3.2511300e+05   5.1025391e+01
   3.2519200e+05   4.4738770e+01
   3.2527300e+05   4.0405273e+01
   3.2528300e+05   4.6447754e+01
   3.2531400e+05   3.9184570e+01
   3.2549000e+05   3.5766602e+01
   3.2556500e+05   4.7912598e+01
   3.2560400e+05   4.3457031e+01
   3.2567700e+05   3.7719727e+01
   3.2580600e+05   3.7963867e+01
   3.2584200e+05   4.3762207e+01
   3.2606700e+05   3.5888672e+01
   3.2635400e+05   5.1757813e+01
   3.2662400e+05   3.5095215e+01
   3.2681500e+05   3.6804199e+01
   3.2772100e+05   4.5288086e+01
   3.2827900e+05   3.9611816e+01
   3.2837700e+05   5.5725098e+01
   3.2872100e+05   5.6152344e+01
   3.2900500e+05   4.0527344e+01
   3.3059800e+05   3.6315918e+01
   3.3547400e+05   3.4851074e+01
   3.4130600e+05   6.5734863e+01
   3.4156800e+05   3.8574219e+01
   3.4235500e+05   3.5583496e+01
   3.4263700e+05   4.1442871e+01
   3.4268200e+05   3.6682129e+01
   3.4284500e+05   4.0222168e+01
   3.4286700e+05   5.4382324e+01
   3.4288200e+05   3.5827637e+01
   3.4300500e+05   4.9743652e+01
   3.4305400e+05   3.5339355e+01
   3.4314700e+05   7.2509766e+01
   3.4317000e+05   4.5837402e+01
   3.4320200e+05   3.8879395e+01
   3.4339200e+05   3.7292480e+01
   3.4340700e+05   7.3059082e+01
   3.4352700e+05   5.0842285e+01
   3.4362400e+05   6.0058594e+01
   3.4367500e+05   3.6743164e+01
   3.4370500e+05   3.7292480e+01
   3.4373700e+05   4.5837402e+01
   3.4376000e+05   4.1870117e+01
   3.4393400e+05   5.5236816e+01
   3.4397400e+05   3.8452148e+01
   3.4419000e+05   5.1879883e+01
   3.4447100e+05   5.0415039e+01
   3.4450000e+05   3.7048340e+01
   3.4491900e+05   3.4790039e+01
   3.4495800e+05   5.2490234e+01
   3.4551400e+05   4.6264648e+01
   3.4563500e+05   3.9184570e+01
   3.4596600e+05   4.8278809e+01
   3.4626000e+05   3.5827637e+01
   3.4659500e+05   4.8400879e+01
   3.4715600e+05   3.5034180e+01
   3.4766300e+05   4.4738770e+01
   3.5388500e+05   3.7658691e+01
   3.5464600e+05   3.7536621e+01
   3.5715600e+05   3.5583496e+01
   3.5822000e+05   3.5156250e+01
   3.5941600e+05   3.6315918e+01
   3.6151200e+05   4.1076660e+01
   3.6258800e+05   3.5095215e+01
   3.6467200e+05   5.9631348e+01
   3.7007500e+05   6.2011719e+01
   3.7249500e+05   3.5888672e+01
   3.7639800e+05   7.3059082e+01
   3.8124400e+05   3.5583496e+01
   3.8378500e+05   3.9672852e+01
   3.8779600e+05   6.7871094e+01
   3.9341400e+05   6.8176270e+01
   3.9574200e+05   3.7109375e+01
   4.0025200e+05   6.5490723e+01
   4.0122300e+05   3.5461426e+01
   4.1166000e+05   3.5156250e+01
   4.1631100e+05   6.6467285e+01
   4.2091400e+05   6.1279297e+01
   4.2571600e+05   4.6203613e+01
   4.2942800e+05   6.5124512e+01
   4.2969200e+05   3.7719727e+01
   4.3538300e+05   6.2622070e+01
   4.3780100e+05   3.7841797e+01
   4.3996400e+05   3.6193848e+01
   4.4826000e+05   3.7353516e+01
   4.4944400e+05   3.8146973e+01
   4.5191100e+05   3.7658691e+01
   4.5231500e+05   5.8166504e+01
   4.5351600e+05   4.1137695e+01
   4.5441500e+05   4.6875000e+01
   4.6558200e+05   6.2927246e+01
   4.7376600e+05   7.3425293e+01
   4.7425400e+05   3.8085938e+01
   4.7696800e+05   3.5156250e+01
   4.7991400e+05   3.6254883e+01
   4.8526000e+05   3.6743164e+01
   4.8799900e+05   5.8776855e+01
   4.8823200e+05   3.8085938e+01
   4.9198800e+05   3.8208008e+01
   4.9346200e+05   3.5827637e+01
   5.0132500e+05   6.8054199e+01
   5.0443600e+05   3.5217285e+01
   5.0657300e+05   3.4790039e+01
   5.0875900e+05   4.2236328e+01
   5.1018500e+05   6.4880371e+01
   5.2773200e+05   3.8757324e+01
   5.3010900e+05   3.8208008e+01
   5.3091800e+05   3.8940430e+01
   5.3198800e+05   3.6621094e+01
   5.3769600e+05   3.8879395e+01
   5.3774100e+05   3.9733887e+01
   5.4046500e+05   7.5195312e+01
   5.4149600e+05   3.6376953e+01
   5.4348000e+05   3.6132813e+01
   5.4822900e+05   6.7199707e+01
   5.4829100e+05   3.5217285e+01
   5.5499000e+05   3.9245605e+01
   5.5585400e+05   3.8635254e+01
   5.6202300e+05   3.5217285e+01
   5.6483800e+05   3.5034180e+01
   5.6776600e+05   3.6254883e+01
   5.7300400e+05   3.4912109e+01
   5.8112600e+05   3.9550781e+01
   5.8651000e+05   3.9123535e+01
   5.9478000e+05   3.7597656e+01
   6.0448200e+05   4.1564941e+01
   6.1223200e+05   3.6071777e+01
   6.1448800e+05   4.0832520e+01
   6.1523500e+05   3.6437988e+01
   6.1545900e+05   4.3151855e+01
   6.1572900e+05   3.8574219e+01
   6.1637500e+05   3.9001465e+01
   6.1695200e+05   5.2917480e+01
   6.2536000e+05   3.6499023e+01
   6.2779700e+05   3.5949707e+01
   6.2994500e+05   3.8085938e+01
   6.3476600e+05   3.4851074e+01
   6.3887400e+05   3.5339355e+01
   6.3999200e+05   4.6325684e+01
   6.4285600e+05   3.7902832e+01
   6.4423900e+05   4.7790527e+01
   6.4974700e+05   3.5400391e+01
   6.6014100e+05   3.6926270e+01
   6.6766100e+05   3.6254883e+01
   6.6938500e+05   3.9550781e+01
   6.6995800e+05   3.9062500e+01
   6.7010800e+05   4.6142578e+01
   6.8027700e+05   3.7231445e+01
   6.9288000e+05   3.5461426e+01
   6.9427900e+05   4.1320801e+01
   6.9463700e+05   4.8278809e+01
   6.9706300e+05   4.0039063e+01
   6.9802200e+05   3.7353516e+01
   7.0032300e+05   3.8391113e+01
   7.0224800e+05   3.6987305e+01
   7.1526400e+05   6.9702148e+01
   7.1532100e+05   3.4912109e+01
   7.2288700e+05   3.5705566e+01
   7.2679200e+05   3.4912109e+01
   7.2784900e+05   4.3518066e+01
   7.2810400e+05   4.6325684e+01
   7.2826800e+05   4.5166016e+01
   7.2845400e+05   3.7231445e+01
   7.2848900e+05   1.0333252e+02
   7.2854700e+05   4.2907715e+01
   7.2865700e+05   4.5349121e+01
   7.2880700e+05   3.8757324e+01
   7.2889200e+05   3.8818359e+01
   7.2891600e+05   3.6743164e+01
   7.2896600e+05   3.5888672e+01
   7.2899200e+05   4.5593262e+01
   7.2903100e+05   6.8725586e+01
   7.2906000e+05   6.7443848e+01
   7.2910500e+05   3.6437988e+01
   7.2913400e+05   4.1137695e+01
   7.2920000e+05   6.1828613e+01
   7.2924100e+05   8.1481934e+01
   7.2925800e+05   3.4973145e+01
   7.2935400e+05   5.0720215e+01
   7.2936700e+05   6.1035156e+01
   7.2941300e+05   4.3090820e+01
   7.2950900e+05   3.7475586e+01
   7.2953000e+05   5.4199219e+01
   7.2957700e+05   4.4677734e+01
   7.2959800e+05   3.8818359e+01
   7.2962600e+05   3.7231445e+01
   7.2966000e+05   6.1401367e+01
   7.2971700e+05   4.6691895e+01
   7.2979800e+05   4.2663574e+01
   7.2984000e+05   3.5095215e+01
   7.2986700e+05   3.5217285e+01
   7.2989000e+05   3.7231445e+01
   7.2998400e+05   4.6081543e+01
   7.2999500e+05   4.1992188e+01
   7.3014200e+05   5.6762695e+01
   7.3018200e+05   4.1137695e+01
   7.3019700e+05   3.7048340e+01
   7.3030400e+05   4.9621582e+01
   7.3038200e+05   3.9794922e+01
   7.3048300e+05   4.2053223e+01
   7.3059600e+05   4.9682617e+01
   7.3068700e+05   4.2785645e+01
   7.3111900e+05   4.4799805e+01
   7.3162800e+05   6.1096191e+01
   7.3231000e+05   5.4748535e+01
   7.3293900e+05   4.4372559e+01
   7.3319800e+05   4.0039063e+01
   7.4690500e+05   3.5034180e+01
   7.4699500e+05   7.5378418e+01
   7.4711800e+05   3.6560059e+01
   7.4717200e+05   4.9743652e+01
   7.4720000e+05   3.4851074e+01
   7.4724700e+05   3.4912109e+01
   7.4728600e+05   5.2490234e+01
   7.4731200e+05   7.0617676e+01
   7.4735600e+05   4.0771484e+01
   7.4739800e+05   5.8715820e+01
   7.4741000e+05   5.8044434e+01
   7.4743900e+05   4.0649414e+01
   7.4746400e+05   3.7536621e+01
   7.4760200e+05   5.5725098e+01
   7.4763800e+05   3.6437988e+01
   7.4768900e+05   4.5349121e+01
   7.4771300e+05   3.5400391e+01
   7.4775000e+05   5.2490234e+01
   7.4790400e+05   5.6030273e+01
   7.4799300e+05   3.9367676e+01
   7.4805500e+05   7.4096680e+01
   7.4823200e+05   4.0405273e+01
   7.4825800e+05   3.8818359e+01
   7.4849100e+05   3.8696289e+01
   7.4872700e+05   5.5175781e+01
   7.4915200e+05   5.9326172e+01
   7.4953800e+05   3.6254883e+01
   7.4961000e+05   3.7536621e+01
   7.4987500e+05   5.8837891e+01
   7.5016600e+05   5.2795410e+01
   7.5047900e+05   3.9794922e+01
   7.5072000e+05   4.4738770e+01
   7.5111300e+05   3.8146973e+01
   7.5349700e+05   3.6376953e+01
   7.5796000e+05   3.5583496e+01
   7.5989300e+05   3.6193848e+01
   7.6067800e+05   3.5522461e+01
   7.6230100e+05   3.8208008e+01
   7.6666600e+05   3.6315918e+01
   7.6760500e+05   4.0527344e+01
   7.7106500e+05   3.5583496e+01
   7.7800900e+05   8.1542969e+01
   7.7847100e+05   3.5766602e+01
   7.8132300e+05   6.6650391e+01
   7.8241900e+05   3.8391113e+01
   7.8812900e+05   7.0312500e+01
   7.9058800e+05   6.4819336e+01
   7.9467700e+05   6.0974121e+01
   7.9819000e+05   3.7658691e+01
   7.9975800e+05   4.4616699e+01
   8.0157800e+05   3.5827637e+01
   8.0282800e+05   3.9428711e+01
   8.0521200e+05   3.4973145e+01
   8.1071300e+05   7.6721191e+01
   8.1624200e+05   4.0161133e+01
   8.1809900e+05   7.6904297e+01
   8.2267200e+05   3.6499023e+01
   8.2340000e+05   3.4851074e+01
   8.2688600e+05   3.7719727e+01
   8.3048800e+05   6.9213867e+01
   8.3182900e+05   4.3640137e+01
   8.3400400e+05   3.4851074e+01
   8.3785400e+05   3.8208008e+01
   8.4129600e+05   4.5837402e+01
   8.4390300e+05   4.1320801e+01
   8.4710000e+05   3.8269043e+01
   8.4916000e+05   6.7321777e+01
   8.4949700e+05   3.4851074e+01
   8.5360400e+05   7.1472168e+01
   8.5382700e+05   3.6010742e+01
   8.5832000e+05   3.5461426e+01
   8.5838900e+05   3.8513184e+01
   8.6167900e+05   3.5583496e+01
   8.6512500e+05   3.5827637e+01
   8.6657200e+05   3.5949707e+01
   8.6904900e+05   4.7485352e+01
   8.7118700e+05   6.2805176e+01
   8.7326800e+05   3.6804199e+01
   8.7408900e+05   3.8024902e+01
   8.7970600e+05   7.2021484e+01
   8.8132000e+05   3.5766602e+01
   8.8767300e+05   6.9885254e+01
   8.9528400e+05   4.7424316e+01
   8.9713800e+05   5.7006836e+01
   9.0272900e+05   3.7231445e+01
   9.0760100e+05   3.4973145e+01
   9.1289200e+05   3.7170410e+01
   9.1551000e+05   3.5461426e+01
   9.1930800e+05   3.9489746e+01
   9.3650300e+05   3.5156250e+01
   9.3717200e+05   3.7658691e+01
   9.4226400e+05   3.6682129e+01
   9.4543700e+05   3.9245605e+01
   9.5311500e+05   3.6682129e+01
   9.5376800e+05   3.6315918e+01
   9.5576300e+05   3.6254883e+01
   9.5581300e+05   4.1931152e+01
   9.5946100e+05   6.7932129e+01
   9.6893400e+05   3.6987305e+01
   9.7546200e+05   3.6132813e+01
   9.7791700e+05   7.2326660e+01
   9.8618200e+05   3.5156250e+01
   9.8635700e+05   4.4006348e+01
   1.0103710e+06   3.8513184e+01
   1.0131200e+06   3.6743164e+01
   1.0176550e+06   4.3151855e+01
   1.0224720e+06   6.7321777e+01
   1.0226150e+06   3.5705566e+01
   1.0251290e+06   3.9245605e+01
   1.0252950e+06   4.0466309e+01
   1.0345750e+06   3.9611816e+01
   1.0370050e+06   3.6010742e+01
   1.0385600e+06   3.8085938e+01
   1.0404160e+06   4.1931152e+01
   1.0405990e+06   3.5766602e+01
   1.0415690e+06   3.8208008e+01
   1.0465460e+06   3.7902832e+01
   1.0490660e+06   3.8879395e+01
   1.0505480e+06   3.6743164e+01
   1.0530040e+06   6.8298340e+01
   1.0581030e+06   4.0893555e+01
   1.0615760e+06   3.6254883e+01
   1.0630750e+06   3.4973145e+01
   1.0661550e+06   3.4790039e+01
   1.0679110e+06   4.7607422e+01
   1.0686040e+06   3.6743164e+01
   1.0698870e+06   3.5278320e+01
   1.0819780e+06   3.8085938e+01
   1.0884820e+06   3.8696289e+01
   1.0897150e+06   3.4912109e+01
   1.0909090e+06   4.0588379e+01
   1.0939640e+06   3.5217285e+01
   1.0985610e+06   3.5278320e+01
   1.0987310e+06   3.4790039e+01
   1.1070030e+06   4.3579102e+01
   1.1070240e+06   3.5461426e+01
   1.1072410e+06   3.8696289e+01
   1.1078110e+06   3.5034180e+01
   1.1078720e+06   5.0109863e+01
   1.1079050e+06   3.7475586e+01
   1.1080580e+06   3.6621094e+01
   1.1082650e+06   3.5461426e+01
   1.1082990e+06   3.7963867e+01
   1.1084540e+06   3.5217285e+01
   1.1087740e+06   3.7353516e+01
   1.1092550e+06   3.7597656e+01
   1.1094900e+06   3.8146973e+01
   1.1099490e+06   3.4790039e+01
   1.1107090e+06   6.9152832e+01
   1.1119550e+06   8.2763672e+01
   1.1119990e+06   3.8452148e+01
   1.1123110e+06   5.4199219e+01
   1.1125060e+06   4.0283203e+01
   1.1125670e+06   4.7180176e+01
   1.1126270e+06   6.8237305e+01
   1.1126720e+06   4.6997070e+01
   1.1126890e+06   3.6987305e+01
   1.1127160e+06   3.7475586e+01
   1.1127670e+06   3.6437988e+01
   1.1128030e+06   3.5400391e+01
   1.1128840e+06   6.6589355e+01
   1.1129360e+06   3.6193848e+01
   1.1129810e+06   3.4790039e+01
   1.1130800e+06   3.6560059e+01
   1.1131010e+06   5.5786133e+01
   1.1132720e+06   7.2814941e+01
   1.1133390e+06   3.7109375e+01
   1.1134470e+06   3.4973145e+01
   1.1134760e+06   6.8054199e+01
   1.1136730e+06   5.5969238e+01
   1.1139250e+06   4.2236328e+01
   1.1143020e+06   3.7048340e+01
   1.1151780e+06   5.2856445e+01
   1.1152340e+06   5.0781250e+01
   1.1157970e+06   6.0607910e+01
   1.1166480e+06   5.5969238e+01
   1.1178300e+06   3.8024902e+01
   1.1278080e+06   3.5522461e+01
   1.1314190e+06   4.5043945e+01
   1.1314480e+06   8.3923340e+01
   1.1315110e+06   3.8330078e+01
   1.1316530e+06   4.5349121e+01
   1.1316850e+06   5.1940918e+01
   1.1318060e+06   6.2866211e+01
   1.1319230e+06   3.8879395e+01
   1.1319590e+06   5.7373047e+01
   1.1320480e+06   6.7199707e+01
   1.1321420e+06   5.1391602e+01
   1.1322550e+06   3.7658691e+01
   1.1322970e+06   4.0283203e+01
   1.1323540e+06   6.2500000e+01
   1.1324490e+06   4.6630859e+01
   1.1325540e+06   4.6936035e+01
   1.1325910e+06   4.0283203e+01
   1.1326650e+06   4.5593262e+01
   1.1328050e+06   3.5522461e+01
   1.1329090e+06   4.6508789e+01
   1.1329440e+06   3.9062500e+01
   1.1333170e+06   7.3120117e+01
   1.1333310e+06   3.5888672e+01
   1.1334870e+06   3.5705566e+01
   1.1337840e+06   3.5156250e+01
   1.1338820e+06   4.3945313e+01
   1.1345250e+06   5.7189941e+01
   1.1350440e+06   5.5541992e+01
   1.1369800e+06   3.7963867e+01
   1.1375830e+06   4.5227051e+01
   1.1378710e+06   4.0222168e+01
   1.1409940e+06   3.5400391e+01
   1.1498120e+06   7.4768066e+01
   1.1549970e+06   3.6926270e+01
   1.1590140e+06   3.6071777e+01
   1.1595220e+06   4.6508789e+01
   1.1623020e+06   3.8146973e+01
   1.1631400e+06   3.5095215e+01
   1.1671270e+06   7.3486328e+01
   1.1676980e+06   3.4973145e+01
   1.1710280e+06   6.0058594e+01
   1.1759590e+06   4.5166016e+01
   1.1784090e+06   6.2622070e+01
   1.1811940e+06   6.7199707e+01
   1.1872880e+06   3.6315918e+01
   1.1876050e+06   6.8176270e+01
   1.1957430e+06   6.4086914e+01
   1.1990010e+06   6.3476563e+01
   1.1994130e+06   3.4912109e+01
   1.2000090e+06   3.5705566e+01
   1.2100080e+06   3.9978027e+01
   1.2113990e+06   3.6437988e+01
   1.2129840e+06   6.0607910e+01
   1.2137150e+06   5.3527832e+01
   1.2155620e+06   6.3232422e+01
   1.2235860e+06   3.8574219e+01
   1.2244390e+06   3.6560059e+01
   1.2287940e+06   7.3059082e+01
   1.2330570e+06   3.6193848e+01
   1.2340270e+06   8.3618164e+01
   1.2346160e+06   3.4973145e+01
   1.2367210e+06   3.4912109e+01
   1.2378680e+06   4.3029785e+01
   1.2390380e+06   3.6926270e+01
   1.2401120e+06   3.8513184e+01
   1.2434140e+06   7.3242187e+01
   1.2461180e+06   3.9001465e+01
   1.2482050e+06   6.3964844e+01
   1.2491420e+06   3.5522461e+01
   1.2549970e+06   3.8696289e+01
   1.2625210e+06   7.2204590e+01
   1.2643250e+06   3.5339355e+01
   1.2646990e+06   4.1320801e+01
   1.2713300e+06   6.5795898e+01
   1.2726600e+06   3.5644531e+01
   1.2727170e+06   3.7170410e+01
   1.2729420e+06   3.5156250e+01
   1.2767990e+06   6.7077637e+01
   1.2772090e+06   3.5278320e+01
   1.2837730e+06   5.9509277e+01
   1.2880500e+06   6.0546875e+01
   1.2896140e+06   3.5278320e+01
   1.2905800e+06   3.4851074e+01
   1.2920220e+06   3.5278320e+01
   1.2959370e+06   6.8298340e+01
   1.2996850e+06   6.2316895e+01
   1.2999570e+06   3.6682129e+01
   1.3022660e+06   3.6682129e+01
   1.3028820e+06   3.4790039e+01
   1.3055730e+06   7.8918457e+01
   1.3070390e+06   4.8217773e+01
   1.3080200e+06   3.7780762e+01
   1.3105070e+06   3.7048340e+01
   1.3199640e+06   3.8574219e+01
   1.3261590e+06   6.4025879e+01
   1.3265430e+06   3.5949707e+01
   1.3275160e+06   3.9245605e+01
   1.3297480e+06   3.4851074e+01
   1.3306120e+06   4.1015625e+01
   1.3316450e+06   3.9550781e+01
   1.3316900e+06   3.5400391e+01
   1.3319140e+06   3.9794922e+01
   1.3330010e+06   3.6499023e+01
   1.3336940e+06   3.5461426e+01
   1.3366840e+06   7.0007324e+01
   1.3375140e+06   4.0832520e+01
   1.3377340e+06   3.5156250e+01
   1.3407230e+06   4.1381836e+01
   1.3433820e+06   3.7414551e+01
   1.3457160e+06   6.7443848e+01
   1.3470400e+06   3.8452148e+01
   1.3511680e+06   3.8574219e+01
   1.3518300e+06   3.5644531e+01
   1.3573060e+06   3.6315918e+01
   1.3574570e+06   3.5278320e+01
   1.3585100e+06   4.0527344e+01
   1.3616940e+06   6.7626953e+01
   1.3652670e+06   3.7231445e+01
   1.3668330e+06   3.5034180e+01
   1.3695380e+06   3.5949707e+01
   1.3719910e+06   4.2114258e+01
   1.3727030e+06   6.2744141e+01
   1.3847490e+06   6.5185547e+01
   1.3877800e+06   3.8330078e+01
   1.3917990e+06   3.5705566e+01
   1.4007760e+06   7.9833984e+01
   1.4056200e+06   4.3151855e+01
   1.4084320e+06   3.6499023e+01
   1.4095530e+06   4.1748047e+01
   1.4170650e+06   3.4912109e+01
   1.4189790e+06   3.4912109e+01
   1.4208360e+06   3.5766602e+01
   1.4223880e+06   3.8085938e+01
   1.4241610e+06   3.8024902e+01
   1.4271310e+06   3.8024902e+01
   1.4281750e+06   5.4748535e+01
   1.4283920e+06   4.8950195e+01
   1.4285960e+06   3.7231445e+01
   1.4286310e+06   4.5349121e+01
   1.4287700e+06   3.6926270e+01
   1.4287860e+06   4.0039063e+01
   1.4288270e+06   3.5949707e+01
   1.4288560e+06   5.5053711e+01
   1.4288940e+06   6.9396973e+01
   1.4290440e+06   1.1029053e+02
   1.4291750e+06   5.4687500e+01
   1.4292040e+06   5.1818848e+01
   1.4292160e+06   7.5012207e+01
   1.4292820e+06   3.5095215e+01
   1.4293430e+06   4.4006348e+01
   1.4293980e+06   4.2541504e+01
   1.4294160e+06   6.6528320e+01
   1.4294710e+06   4.5043945e+01
   1.4295050e+06   3.9184570e+01
   1.4295230e+06   4.3701172e+01
   1.4296490e+06   7.5805664e+01
   1.4296800e+06   3.9001465e+01
   1.4297500e+06   4.6752930e+01
   1.4298150e+06   3.5339355e+01
   1.4298260e+06   3.9245605e+01
   1.4298470e+06   3.5522461e+01
   1.4298750e+06   3.5888672e+01
   1.4299810e+06   4.1137695e+01
   1.4299970e+06   3.7902832e+01
   1.4300270e+06   5.9509277e+01
   1.4300540e+06   3.6315918e+01
   1.4301400e+06   3.4912109e+01
   1.4303320e+06   3.4851074e+01
   1.4303750e+06   4.0222168e+01
   1.4304470e+06   5.0598145e+01
   1.4306600e+06   3.9733887e+01
   1.4312980e+06   5.4870605e+01
   1.4321360e+06   6.0485840e+01
   1.4339340e+06   4.0771484e+01
   1.4403640e+06   3.7353516e+01
   1.4406020e+06   3.9123535e+01
   1.4466170e+06   3.8757324e+01
   1.4468040e+06   4.9377441e+01
   1.4469490e+06   4.7180176e+01
   1.4469600e+06   9.0148926e+01
   1.4471840e+06   4.6997070e+01
   1.4472080e+06   4.4738770e+01
   1.4473190e+06   7.7331543e+01
   1.4473920e+06   4.2175293e+01
   1.4474780e+06   4.1809082e+01
   1.4475020e+06   4.0405273e+01
   1.4475520e+06   3.8818359e+01
   1.4475740e+06   3.6132813e+01
   1.4476030e+06   6.6589355e+01
   1.4477430e+06   3.7658691e+01
   1.4477720e+06   7.3974609e+01
   1.4478450e+06   3.6437988e+01
   1.4479060e+06   4.8339844e+01
   1.4479270e+06   4.5837402e+01
   1.4479720e+06   3.9245605e+01
   1.4480840e+06   3.4973145e+01
   1.4481140e+06   4.5288086e+01
   1.4483530e+06   4.0832520e+01
   1.4484190e+06   3.7597656e+01
   1.4486580e+06   3.7048340e+01
   1.4487330e+06   7.0129395e+01
   1.4488910e+06   5.1147461e+01
   1.4489310e+06   3.7963867e+01
   1.4492450e+06   4.1198730e+01
   1.4499640e+06   5.0170898e+01
   1.4505250e+06   5.1635742e+01
   1.4513720e+06   3.6315918e+01
   1.4529620e+06   4.1687012e+01
   1.4555370e+06   3.7292480e+01
   1.4628030e+06   6.7565918e+01
   1.4653340e+06   3.6071777e+01
   1.4666580e+06   3.5522461e+01
   1.4675370e+06   3.6682129e+01
   1.4694200e+06   3.6193848e+01
   1.4694900e+06   6.1401367e+01
   1.4703880e+06   4.1809082e+01
   1.4708310e+06   7.2082520e+01
   1.4712740e+06   3.5644531e+01
   1.4715370e+06   3.5095215e+01
   1.4719940e+06   4.2968750e+01
   1.4726500e+06   3.7536621e+01
   1.4736190e+06   3.6376953e+01
   1.4800380e+06   6.1096191e+01
   1.4816780e+06   3.5217285e+01
   1.4828610e+06   6.8237305e+01
   1.4851740e+06   6.1767578e+01
   1.4876210e+06   5.5786133e+01
   1.4927460e+06   5.2246094e+01
   1.4953240e+06   3.6071777e+01
   1.4959850e+06   3.5827637e+01
   1.4976430e+06   6.8603516e+01
   1.5032910e+06   6.2988281e+01
   1.5057300e+06   3.8940430e+01
   1.5135430e+06   5.8715820e+01
   1.5209690e+06   4.8828125e+01
   1.5221630e+06   3.6437988e+01
   1.5234230e+06   6.3659668e+01
   1.5240080e+06   3.5156250e+01
   1.5279200e+06   4.0344238e+01
   1.5314100e+06   6.6894531e+01
   1.5354060e+06   6.4758301e+01
   1.5378880e+06   3.7109375e+01
   1.5384510e+06   3.7536621e+01
   1.5418680e+06   6.6772461e+01
   1.5449790e+06   3.9550781e+01
   1.5473300e+06   5.9265137e+01
   1.5498120e+06   4.6142578e+01
   1.5514220e+06   7.1350098e+01
   1.5559290e+06   6.5917969e+01
   1.5560420e+06   4.1198730e+01
   1.5575640e+06   3.4851074e+01
   1.5602200e+06   6.4575195e+01
   1.5612410e+06   3.6621094e+01
   1.5626430e+06   3.5644531e+01
   1.5662370e+06   3.7597656e+01
   1.5676630e+06   3.6560059e+01
   1.5692710e+06   4.1687012e+01
   1.5705370e+06   6.5795898e+01
   1.5727490e+06   5.7617187e+01
   1.5765900e+06   6.5917969e+01
   1.5868940e+06   6.8847656e+01
   1.5899270e+06   6.5368652e+01
   1.5900940e+06   3.5217285e+01
   1.5936870e+06   3.5461426e+01
   1.5941390e+06   4.6264648e+01
   1.5975840e+06   3.8818359e+01
   1.5994030e+06   3.5827637e+01
   1.6009280e+06   3.6132813e+01
   1.6020730e+06   3.5400391e+01
   1.6024370e+06   6.2988281e+01
   1.6100250e+06   3.8208008e+01
   1.6114140e+06   6.3476563e+01
   1.6168450e+06   6.5307617e+01
   1.6229230e+06   5.9326172e+01
   1.6286330e+06   3.6865234e+01
   1.6306000e+06   4.6203613e+01
   1.6330160e+06   4.2114258e+01
   1.6343600e+06   3.7719727e+01
   1.6358690e+06   6.2744141e+01
   1.6382570e+06   3.8452148e+01
   1.6402910e+06   6.5856934e+01
   1.6429390e+06   6.3415527e+01
   1.6446310e+06   3.5217285e+01
   1.6463030e+06   3.8452148e+01
   1.6483110e+06   3.5888672e+01
   1.6532960e+06   3.5583496e+01
   1.6540280e+06   3.7597656e+01
   1.6543170e+06   3.6804199e+01
   1.6565250e+06   6.1218262e+01
   1.6612840e+06   3.6315918e+01
   1.6620410e+06   3.7536621e+01
   1.6645970e+06   6.2988281e+01
   1.6706160e+06   5.4687500e+01
   1.6760810e+06   3.6499023e+01
   1.6777410e+06   3.6437988e+01
   1.6788090e+06   6.2133789e+01
   1.6796930e+06   3.4851074e+01
   1.6858380e+06   6.1645508e+01
   1.6888210e+06   4.3151855e+01
   1.6954680e+06   3.9489746e+01
   1.6972290e+06   3.6682129e+01
   1.6988990e+06   7.8796387e+01
   1.7007220e+06   3.5217285e+01
   1.7030060e+06   3.8024902e+01
   1.7055770e+06   7.1472168e+01
   1.7062220e+06   3.7658691e+01
   1.7104980e+06   7.1044922e+01
   1.7126180e+06   4.5166016e+01
   1.7126420e+06   5.3100586e+01
   1.7128290e+06   4.0161133e+01
   1.7128480e+06   3.7414551e+01
   1.7132190e+06   3.9306641e+01
   1.7132990e+06   3.7292480e+01
   1.7133650e+06   5.3955078e+01
   1.7135600e+06   3.5949707e+01
   1.7136070e+06   3.5278320e+01
   1.7139510e+06   3.9123535e+01
   1.7140160e+06   3.5156250e+01
   1.7147240e+06   3.9428711e+01
   1.7148110e+06   4.2785645e+01
   1.7155340e+06   6.2561035e+01
   1.7158230e+06   3.5583496e+01
   1.7158840e+06   3.8635254e+01
   1.7164470e+06   5.7067871e+01
   1.7165750e+06   6.3537598e+01
   1.7166490e+06   3.6437988e+01
   1.7167090e+06   3.6376953e+01
   1.7167240e+06   4.4311523e+01
   1.7168020e+06   5.2001953e+01
   1.7168500e+06   5.9082031e+01
   1.7170300e+06   3.4973145e+01
   1.7171190e+06   3.5461426e+01
   1.7171890e+06   3.9978027e+01
   1.7172410e+06   6.2133789e+01
   1.7173380e+06   3.5644531e+01
   1.7173790e+06   4.7485352e+01
   1.7173940e+06   3.6376953e+01
   1.7174100e+06   8.1176758e+01
   1.7174580e+06   4.3640137e+01
   1.7175000e+06   3.7719727e+01
   1.7176470e+06   5.0903320e+01
   1.7177060e+06   5.1391602e+01
   1.7177660e+06   4.0771484e+01
   1.7178170e+06   6.5002441e+01
   1.7179570e+06   4.5532227e+01
   1.7179940e+06   6.3781738e+01
   1.7181620e+06   3.4912109e+01
   1.7184600e+06   4.4982910e+01
   1.7184970e+06   3.5766602e+01
   1.7188540e+06   4.1931152e+01
   1.7196270e+06   5.7189941e+01
   1.7203770e+06   3.7109375e+01
   1.7219990e+06   3.4912109e+01
   1.7358490e+06   4.2419434e+01
   1.7363780e+06   4.0954590e+01
   1.7365720e+06   3.5156250e+01
   1.7366330e+06   7.4401855e+01
   1.7366620e+06   3.6804199e+01
   1.7366960e+06   4.8828125e+01
   1.7367060e+06   5.7067871e+01
   1.7367300e+06   3.6621094e+01
   1.7367750e+06   4.5776367e+01
   1.7367940e+06   4.1870117e+01
   1.7368320e+06   3.5949707e+01
   1.7368560e+06   3.8330078e+01
   1.7369600e+06   6.3476563e+01
   1.7369920e+06   3.4912109e+01
   1.7370480e+06   4.1198730e+01
   1.7371470e+06   7.0739746e+01
   1.7372360e+06   4.7058105e+01
   1.7372810e+06   4.0161133e+01
   1.7373610e+06   3.6010742e+01
   1.7374380e+06   6.1706543e+01
   1.7375530e+06   3.5278320e+01
   1.7375740e+06   4.4494629e+01
   1.7377260e+06   4.0588379e+01
   1.7380720e+06   5.6518555e+01
   1.7385010e+06   6.5002441e+01
   1.7387930e+06   3.7292480e+01
   1.7389090e+06   4.2419434e+01
   1.7389920e+06   3.9123535e+01
   1.7392680e+06   4.1076660e+01
   1.7393340e+06   3.5217285e+01
   1.7396170e+06   4.9499512e+01
   1.7400210e+06   3.5278320e+01
   1.7401680e+06   3.7292480e+01
   1.7402190e+06   5.6579590e+01
   1.7408450e+06   3.9489746e+01
   1.7469970e+06   4.0649414e+01
   1.7476130e+06   3.5278320e+01
   1.7521270e+06   7.4340820e+01
   1.7599250e+06   6.7810059e+01
   1.7633300e+06   4.1992188e+01
   1.7638840e+06   3.5156250e+01
   1.7651060e+06   3.4851074e+01
   1.7672910e+06   6.8847656e+01
   1.7727980e+06   3.5644531e+01
   1.7729420e+06   4.1625977e+01
   1.7804890e+06   6.8664551e+01
   1.7836310e+06   5.9020996e+01
   1.7848330e+06   3.6682129e+01
   1.7882880e+06   3.5034180e+01
   1.7902170e+06   5.2368164e+01
   1.7915700e+06   4.5104980e+01
   1.7951360e+06   6.2805176e+01
   1.7987080e+06   3.4973145e+01
   1.7995480e+06   3.5217285e+01
   1.7996210e+06   3.6132813e+01
   1.8012840e+06   7.0617676e+01
   1.8028690e+06   3.5217285e+01
   1.8053890e+06   3.4851074e+01
   1.8077590e+06   6.6528320e+01
   1.8081910e+06   3.5949707e+01
   1.8131130e+06   3.5156250e+01
   1.8145350e+06   5.8898926e+01
   1.8169980e+06   3.6376953e+01
   1.8171550e+06   3.7780762e+01
   1.8174630e+06   3.7231445e+01
   1.8184860e+06   3.6987305e+01
   1.8210270e+06   7.1166992e+01
   1.8225040e+06   4.0771484e+01
   1.8300610e+06   6.0913086e+01
   1.8324030e+06   4.1320801e+01
   1.8373650e+06   6.1096191e+01
   1.8387960e+06   3.8818359e+01
   1.8394220e+06   3.9916992e+01
   1.8468120e+06   6.2683105e+01
   1.8475470e+06   3.7658691e+01
   1.8480990e+06   4.0710449e+01
   1.8554740e+06   6.1645508e+01
   1.8566860e+06   3.5095215e+01
   1.8595240e+06   3.4790039e+01
   1.8625660e+06   6.3171387e+01
   1.8635530e+06   4.0161133e+01
   1.8680070e+06   6.3598633e+01
   1.8680610e+06   3.6132813e+01
   1.8711180e+06   7.0190430e+01
   1.8727080e+06   4.1442871e+01
   1.8749230e+06   4.9682617e+01
   1.8754440e+06   3.9062500e+01
   1.8754720e+06   3.4912109e+01
   1.8759970e+06   4.5227051e+01
   1.8784770e+06   6.0119629e+01
   1.8804810e+06   6.3110352e+01
   1.8822390e+06   3.5766602e+01
   1.8845930e+06   7.7026367e+01
   1.8879480e+06   3.9489746e+01
   1.8911270e+06   3.7902832e+01
   1.8920500e+06   3.4790039e+01
   1.8920880e+06   4.0771484e+01
   1.8962750e+06   6.0241699e+01
   1.9052040e+06   3.5095215e+01
   1.9068960e+06   3.7658691e+01
   1.9099270e+06   5.7617187e+01
   1.9123340e+06   3.6315918e+01
   1.9131670e+06   3.5156250e+01
   1.9147060e+06   3.5400391e+01
   1.9157670e+06   3.6315918e+01
   1.9193390e+06   6.2927246e+01
   1.9259180e+06   8.4472656e+01
   1.9267420e+06   3.7902832e+01
   1.9301300e+06   3.4973145e+01
   1.9336720e+06   6.7749023e+01
   1.9341440e+06   3.9428711e+01
   1.9361130e+06   3.7963867e+01
   1.9364390e+06   3.5461426e+01
   1.9401840e+06   3.5705566e+01
   1.9410200e+06   4.0954590e+01
   1.9430550e+06   3.4790039e+01
   1.9491340e+06   3.5522461e+01
   1.9537520e+06   7.2814941e+01
   1.9577290e+06   3.5644531e+01
   1.9583850e+06   3.7841797e+01
   1.9642990e+06   5.9204102e+01
   1.9676480e+06   4.1992188e+01
   1.9684060e+06   4.3945313e+01
   1.9711130e+06   3.6804199e+01
   1.9730150e+06   4.2541504e+01
   1.9748880e+06   4.3334961e+01
   1.9749170e+06   6.6833496e+01
   1.9758420e+06   3.4851074e+01
   1.9842910e+06   6.4514160e+01
   1.9893200e+06   6.5185547e+01
   1.9918690e+06   3.5644531e+01
   1.9928490e+06   4.3579102e+01
   1.9972590e+06   3.7658691e+01
   1.9977250e+06   7.0129395e+01
   1.9979530e+06   3.7597656e+01
   2.0050360e+06   6.7993164e+01
   2.0090420e+06   6.5856934e+01
   2.0120340e+06   6.2988281e+01
   2.0140800e+06   3.6132813e+01
   2.0198710e+06   3.6437988e+01
   2.0207790e+06   3.9489746e+01
   2.0209720e+06   3.5217285e+01
   2.0211660e+06   4.3334961e+01
   2.0215440e+06   3.7292480e+01
   2.0250390e+06   3.9245605e+01
   2.0281170e+06   3.8696289e+01
   2.0309380e+06   6.7077637e+01
   2.0397670e+06   6.6040039e+01
   2.0426900e+06   3.6010742e+01
   2.0453380e+06   6.4025879e+01
   2.0462350e+06   3.9489746e+01
   2.0490960e+06   4.8339844e+01
   2.0493360e+06   3.5217285e+01
   2.0495840e+06   3.7475586e+01
   2.0496590e+06   4.6142578e+01
   2.0497200e+06   3.7292480e+01
   2.0498290e+06   3.6987305e+01
   2.0499610e+06   4.6081543e+01
   2.0499970e+06   4.0954590e+01
   2.0500320e+06   4.6447754e+01
   2.0500600e+06   3.6010742e+01
   2.0500740e+06   3.4973145e+01
   2.0501210e+06   7.3303223e+01
   2.0504800e+06   5.4016113e+01
   2.0505040e+06   3.7963867e+01
   2.0506770e+06   7.6660156e+01
   2.0508560e+06   3.7231445e+01
   2.0508790e+06   3.6010742e+01
   2.0509160e+06   8.1420898e+01
   2.0510210e+06   3.6132813e+01
   2.0510590e+06   3.8757324e+01
   2.0510880e+06   5.9204102e+01
   2.0511220e+06   5.6945801e+01
   2.0512160e+06   4.0588379e+01
   2.0512560e+06   5.3649902e+01
   2.0512690e+06   5.6213379e+01
   2.0513140e+06   3.5644531e+01
   2.0513540e+06   4.2541504e+01
   2.0513860e+06   5.4260254e+01
   2.0514550e+06   5.1025391e+01
   2.0514860e+06   3.7292480e+01
   2.0515600e+06   3.9978027e+01
   2.0515840e+06   5.1940918e+01
   2.0515940e+06   4.0710449e+01
   2.0516310e+06   3.9367676e+01
   2.0516860e+06   3.6682129e+01
   2.0517280e+06   4.9621582e+01
   2.0518140e+06   3.8879395e+01
   2.0518630e+06   3.8208008e+01
   2.0519120e+06   4.2419434e+01
   2.0522070e+06   4.1320801e+01
   2.0522300e+06   4.9255371e+01
   2.0526270e+06   4.9804688e+01
   2.0531110e+06   4.8645020e+01
   2.0532400e+06   4.9987793e+01
   2.0540090e+06   4.4921875e+01
   2.0605620e+06   3.8757324e+01
   2.0680990e+06   5.6396484e+01
   2.0681870e+06   3.8513184e+01
   2.0682620e+06   7.4462891e+01
   2.0682930e+06   3.7353516e+01
   2.0683160e+06   4.5043945e+01
   2.0683290e+06   3.5583496e+01
   2.0683780e+06   5.8715820e+01
   2.0684270e+06   3.4912109e+01
   2.0684560e+06   4.3090820e+01
   2.0685070e+06   4.6630859e+01
   2.0685320e+06   5.7006836e+01
   2.0685530e+06   6.0241699e+01
   2.0686370e+06   3.4912109e+01
   2.0687110e+06   6.3293457e+01
   2.0688420e+06   3.6560059e+01
   2.0688790e+06   4.3579102e+01
   2.0689490e+06   3.5705566e+01
   2.0690670e+06   5.3955078e+01
   2.0692220e+06   3.6376953e+01
   2.0695090e+06   5.2368164e+01
   2.0696660e+06   4.2480469e+01
   2.0698080e+06   4.1259766e+01
   2.0701180e+06   3.6437988e+01
   2.0702390e+06   3.7292480e+01
   2.0708730e+06   6.7993164e+01
   2.0709010e+06   3.5522461e+01
   2.0709870e+06   3.7536621e+01
   2.0713660e+06   4.3884277e+01
   2.0714940e+06   7.2875977e+01
   2.0715640e+06   3.5827637e+01
   2.0719950e+06   3.8146973e+01
   2.0782520e+06   3.6743164e+01
   2.0835930e+06   6.5673828e+01
   2.0857660e+06   3.7414551e+01
   2.0883240e+06   3.6743164e+01
   2.0905640e+06   3.8574219e+01
   2.0906080e+06   5.9143066e+01
   2.0917130e+06   3.5278320e+01
   2.0926630e+06   3.5400391e+01
   2.0929710e+06   3.9367676e+01
   2.0941470e+06   4.0405273e+01
   2.0941790e+06   6.6711426e+01
   2.0948670e+06   3.6010742e+01
   2.0952160e+06   6.4697266e+01
   2.0961210e+06   3.9306641e+01
   2.0976030e+06   6.1035156e+01
   2.1016590e+06   5.3405762e+01
   2.1078120e+06   6.4880371e+01
   2.1175260e+06   5.6091309e+01
   2.1210250e+06   6.5002441e+01
   2.1236890e+06   6.0424805e+01
   2.1277660e+06   3.6499023e+01
   2.1292280e+06   5.4565430e+01
   2.1318790e+06   4.0527344e+01
   2.1327970e+06   4.3884277e+01
   2.1329520e+06   3.6315918e+01
   2.1335460e+06   4.0771484e+01
   2.1353290e+06   6.8481445e+01
   2.1364260e+06   4.1320801e+01
   2.1422650e+06   6.5185547e+01
   2.1513560e+06   5.8105469e+01
   2.1542430e+06   4.0283203e+01
   2.1593570e+06   5.8959961e+01
   2.1634920e+06   4.0710449e+01
   2.1652130e+06   6.0302734e+01
   2.1684370e+06   3.6437988e+01
   2.1693720e+06   3.5400391e+01
   2.1738250e+06   3.4851074e+01
   2.1763150e+06   6.3354492e+01
   2.1839650e+06   6.6040039e+01
   2.1841940e+06   3.7841797e+01
   2.1870560e+06   5.7495117e+01
   2.1908510e+06   3.8574219e+01
   2.1925770e+06   6.3720703e+01
   2.1978950e+06   7.3608398e+01
   2.2006810e+06   6.2011719e+01
   2.2026880e+06   3.6926270e+01
   2.2041160e+06   3.4973145e+01
   2.2071470e+06   5.6640625e+01
   2.2133130e+06   3.5583496e+01
   2.2164630e+06   6.3476563e+01
   2.2194590e+06   6.0302734e+01
   2.2241410e+06   6.0913086e+01
   2.2351830e+06   3.9062500e+01
   2.2356530e+06   3.8085938e+01
   2.2360590e+06   3.6743164e+01
   2.2362270e+06   4.5898438e+01
   2.2403300e+06   6.2561035e+01
   2.2404390e+06   3.6315918e+01
   2.2432530e+06   6.1828613e+01
   2.2486770e+06   6.7932129e+01
   2.2514620e+06   7.5012207e+01
   2.2598070e+06   6.2316895e+01
   2.2661080e+06   5.5908203e+01
   2.2667340e+06   3.8879395e+01
   2.2717430e+06   6.5795898e+01
   2.2727320e+06   3.7231445e+01
   2.2748270e+06   5.8898926e+01
   2.2828020e+06   6.2683105e+01
   2.2839990e+06   3.6499023e+01
   2.2867980e+06   5.8837891e+01
   2.2868920e+06   3.4851074e+01
   2.2918520e+06   4.4189453e+01
   2.2929960e+06   6.0913086e+01
   2.2979420e+06   7.2753906e+01
   2.2999400e+06   3.7963867e+01
   2.3060550e+06   5.5114746e+01
   2.3063340e+06   3.7780762e+01
   2.3077550e+06   3.5949707e+01
   2.3143040e+06   5.9936523e+01
   2.3186800e+06   3.8696289e+01
   2.3202880e+06   5.5541992e+01
   2.3209230e+06   3.5095215e+01
   2.3211830e+06   3.5461426e+01
   2.3229920e+06   4.4372559e+01
   2.3231290e+06   3.5095215e+01
   2.3234040e+06   3.9245605e+01
   2.3234330e+06   3.7780762e+01
   2.3235880e+06   3.6499023e+01
   2.3236360e+06   3.6865234e+01
   2.3238240e+06   3.5400391e+01
   2.3240950e+06   6.8847656e+01
   2.3241150e+06   3.5278320e+01
   2.3242400e+06   4.7119141e+01
   2.3244950e+06   6.1767578e+01
   2.3246930e+06   3.6560059e+01
   2.3250500e+06   3.5583496e+01
   2.3253640e+06   5.3222656e+01
   2.3257370e+06   4.8645020e+01
   2.3258440e+06   3.5583496e+01
   2.3260300e+06   3.6499023e+01
   2.3261440e+06   3.7536621e+01
   2.3261900e+06   4.3457031e+01
   2.3262480e+06   6.5063477e+01
   2.3262720e+06   3.7658691e+01
   2.3265120e+06   5.6030273e+01
   2.3266170e+06   4.9316406e+01
   2.3266390e+06   4.4677734e+01
   2.3266920e+06   3.6132813e+01
   2.3268010e+06   5.5236816e+01
   2.3268410e+06   3.5034180e+01
   2.3270000e+06   7.5256348e+01
   2.3270310e+06   3.6193848e+01
   2.3270770e+06   3.8085938e+01
   2.3271200e+06   4.7790527e+01
   2.3273180e+06   5.2490234e+01
   2.3273370e+06   5.2673340e+01
   2.3274020e+06   3.9733887e+01
   2.3274460e+06   3.4851074e+01
   2.3274840e+06   4.7302246e+01
   2.3277060e+06   4.1625977e+01
   2.3277200e+06   4.2480469e+01
   2.3277430e+06   3.9978027e+01
   2.3278370e+06   4.1687012e+01
   2.3279570e+06   4.0954590e+01
   2.3281440e+06   3.7780762e+01
   2.3285650e+06   4.7424316e+01
   2.3286430e+06   3.6987305e+01
   2.3290710e+06   3.6010742e+01
   2.3291090e+06   4.2236328e+01
   2.3417200e+06   3.4912109e+01
   2.3444420e+06   6.6406250e+01
   2.3460240e+06   3.8146973e+01
   2.3461840e+06   5.6518555e+01
   2.3462590e+06   4.8339844e+01
   2.3462840e+06   3.5705566e+01
   2.3463460e+06   4.8583984e+01
   2.3464530e+06   3.4790039e+01
   2.3465310e+06   4.4982910e+01
   2.3465680e+06   6.6589355e+01
   2.3466230e+06   3.7719727e+01
   2.3466630e+06   4.0527344e+01
   2.3467610e+06   7.7148438e+01
   2.3467710e+06   3.9245605e+01
   2.3467980e+06   3.7780762e+01
   2.3468430e+06   3.4851074e+01
   2.3468610e+06   3.9550781e+01
   2.3468780e+06   3.6254883e+01
   2.3469360e+06   4.3212891e+01
   2.3469930e+06   4.7790527e+01
   2.3470160e+06   3.5766602e+01
   2.3470790e+06   4.1870117e+01
   2.3472100e+06   3.5095215e+01
   2.3472470e+06   5.5297852e+01
   2.3472760e+06   3.7231445e+01
   2.3474200e+06   5.4443359e+01
   2.3474860e+06   3.5644531e+01
   2.3476620e+06   5.9936523e+01
   2.3479340e+06   4.4006348e+01
   2.3482720e+06   5.2490234e+01
   2.3485340e+06   4.3090820e+01
   2.3487210e+06   4.1503906e+01
   2.3487670e+06   3.6560059e+01
   2.3488220e+06   5.2124023e+01
   2.3492200e+06   4.1809082e+01
   2.3496560e+06   4.0954590e+01
   2.3496730e+06   5.6640625e+01
   2.3516390e+06   3.6315918e+01
   2.3520610e+06   3.5827637e+01
   2.3573170e+06   3.7597656e+01
   2.3588340e+06   3.7048340e+01
   2.3633750e+06   6.1584473e+01
   2.3703070e+06   3.6071777e+01
   2.3746630e+06   5.5969238e+01
   2.3772200e+06   3.6071777e+01
   2.3781710e+06   3.6743164e+01
   2.3782480e+06   5.2429199e+01
   2.3785650e+06   3.9611816e+01
   2.3798990e+06   3.7536621e+01
   2.3827900e+06   3.9062500e+01
   2.3844810e+06   6.5673828e+01
   2.3861590e+06   6.4086914e+01
   2.3957450e+06   6.5307617e+01
   2.3990960e+06   3.6743164e+01
   2.4006790e+06   6.3903809e+01
   2.4036550e+06   7.5134277e+01
   2.4062670e+06   6.0852051e+01
   2.4093370e+06   5.4687500e+01
   2.4142060e+06   5.1391602e+01
   2.4175360e+06   5.1452637e+01
   2.4196520e+06   3.5400391e+01
   2.4241760e+06   3.9062500e+01
   2.4244300e+06   6.8115234e+01
   2.4267230e+06   7.1838379e+01
   2.4283260e+06   3.5095215e+01
   2.4307810e+06   3.4912109e+01
   2.4313480e+06   3.5644531e+01
   2.4332830e+06   6.1035156e+01
   2.4374770e+06   5.6274414e+01
   2.4445610e+06   5.1330566e+01
   2.4485100e+06   3.5400391e+01
   2.4505310e+06   3.7292480e+01
   2.4519690e+06   6.3964844e+01
   2.4575380e+06   6.3476562e+01
   2.4629750e+06   5.5725098e+01
   2.4633770e+06   3.6926270e+01
   2.4638240e+06   3.8024902e+01
   2.4708810e+06   3.7902832e+01
   2.4728330e+06   6.3171387e+01
   2.4749240e+06   5.9692383e+01
   2.4753260e+06   4.0344238e+01
   2.4762600e+06   4.1809082e+01
   2.4776650e+06   7.0739746e+01
   2.4788230e+06   3.6682129e+01
   2.4837910e+06   6.0241699e+01
   2.4854290e+06   4.0893555e+01
   2.4854900e+06   4.4006348e+01
   2.4856920e+06   3.8635254e+01
   2.4863120e+06   3.6804199e+01
   2.4865710e+06   6.1096191e+01
   2.4918650e+06   6.3537598e+01
   2.4953090e+06   6.2744141e+01
   2.5006050e+06   3.9001465e+01
   2.5036560e+06   4.1198730e+01
   2.5060130e+06   6.2866211e+01
   2.5074440e+06   3.5644531e+01
   2.5109160e+06   3.6071777e+01
   2.5131580e+06   3.7475586e+01
   2.5137570e+06   6.6650391e+01
   2.5144500e+06   3.6437988e+01
   2.5148670e+06   3.6010742e+01
   2.5171270e+06   5.9448242e+01
   2.5196480e+06   6.8603516e+01
   2.5217200e+06   3.5644531e+01
   2.5242170e+06   7.6599121e+01
   2.5277460e+06   6.2500000e+01
   2.5328810e+06   3.6621094e+01
   2.5349400e+06   4.0344238e+01
   2.5349770e+06   3.9855957e+01
   2.5358620e+06   3.7292480e+01
   2.5365990e+06   3.4790039e+01
   2.5377660e+06   6.1462402e+01
   2.5458220e+06   6.5002441e+01
   2.5464300e+06   3.5034180e+01
   2.5489770e+06   6.3842773e+01
   2.5493300e+06   3.5156250e+01
   2.5494160e+06   4.3090820e+01
   2.5544330e+06   6.1767578e+01
   2.5608730e+06   6.5429688e+01
   2.5658960e+06   3.4912109e+01
   2.5668770e+06   3.6926270e+01
   2.5673650e+06   3.5583496e+01
   2.5703170e+06   5.8959961e+01
   2.5743760e+06   5.7556152e+01
   2.5764070e+06   3.5888672e+01
   2.5774650e+06   6.7810059e+01
   2.5807370e+06   3.5095215e+01
   2.5826340e+06   3.4912109e+01
   2.5834410e+06   3.4851074e+01
   2.5857430e+06   3.4790039e+01
   2.5879830e+06   7.8247070e+01
   2.5915950e+06   3.9428711e+01
   2.5924050e+06   3.6743164e+01
   2.5989120e+06   3.4973145e+01
   2.6002840e+06   6.4270020e+01
   2.6008310e+06   3.5278320e+01
   2.6009620e+06   3.5583496e+01
   2.6079540e+06   3.7353516e+01
   2.6108060e+06   3.5705566e+01
   2.6151580e+06   6.8237305e+01
   2.6184500e+06   3.5705566e+01
   2.6202130e+06   6.5124512e+01
   2.6260810e+06   6.8481445e+01
   2.6262850e+06   3.8818359e+01
   2.6263350e+06   3.6437988e+01
   2.6320060e+06   5.3955078e+01
   2.6395470e+06   5.5725098e+01
   2.6446270e+06   3.6682129e+01
   2.6469520e+06   7.5378418e+01
   2.6549220e+06   5.5725098e+01
   2.6555620e+06   3.6987305e+01
   2.6607050e+06   3.9978027e+01
   2.6608260e+06   8.6059570e+01
   2.6608550e+06   5.3222656e+01
   2.6608770e+06   4.2114258e+01
   2.6608950e+06   7.9589844e+01
   2.6610550e+06   5.3955078e+01
   2.6610860e+06   7.9895020e+01
   2.6611090e+06   5.4382324e+01
   2.6611980e+06   3.5156250e+01
   2.6612290e+06   4.3701172e+01
   2.6612830e+06   4.5471191e+01
   2.6613240e+06   3.4912109e+01
   2.6613440e+06   3.9733887e+01
   2.6613690e+06   4.8950195e+01
   2.6613820e+06   3.8635254e+01
   2.6614640e+06   3.4790039e+01
   2.6615610e+06   4.2053223e+01
   2.6615970e+06   4.6203613e+01
   2.6616340e+06   4.0283203e+01
   2.6616610e+06   4.2297363e+01
   2.6616950e+06   4.3640137e+01
   2.6617140e+06   4.6447754e+01
   2.6618620e+06   4.1625977e+01
   2.6619010e+06   4.4250488e+01
   2.6619130e+06   3.6071777e+01
   2.6619360e+06   4.1809082e+01
   2.6620010e+06   4.3518066e+01
   2.6620280e+06   4.7241211e+01
   2.6621260e+06   3.9184570e+01
   2.6622330e+06   4.6508789e+01
   2.6622540e+06   3.6621094e+01
   2.6623390e+06   5.3955078e+01
   2.6623740e+06   4.1015625e+01
   2.6624050e+06   3.6682129e+01
   2.6624680e+06   4.3640137e+01
   2.6625740e+06   5.0720215e+01
   2.6628920e+06   3.5278320e+01
   2.6629410e+06   3.8269043e+01
   2.6634750e+06   4.4677734e+01
   2.6636870e+06   3.5217285e+01
   2.6642530e+06   4.4311523e+01
   2.6645870e+06   3.7658691e+01
   2.6649950e+06   3.7414551e+01
   2.6651790e+06   5.8410645e+01
   2.6653360e+06   4.3273926e+01
   2.6664350e+06   3.5095215e+01
   2.6735480e+06   3.6987305e+01
   2.6777820e+06   7.0129395e+01
   2.6778250e+06   4.7668457e+01
   2.6778870e+06   4.0100098e+01
   2.6780550e+06   4.5776367e+01
   2.6781000e+06   4.8889160e+01
   2.6781240e+06   3.7475586e+01
   2.6781540e+06   6.1706543e+01
   2.6781680e+06   3.7292480e+01
   2.6782070e+06   3.4912109e+01
   2.6782240e+06   4.0954590e+01
   2.6782360e+06   3.8391113e+01
   2.6782790e+06   3.7109375e+01
   2.6783390e+06   5.9936523e+01
   2.6784000e+06   3.5827637e+01
   2.6784140e+06   3.9489746e+01
   2.6784990e+06   4.6630859e+01
   2.6785670e+06   4.5837402e+01
   2.6786020e+06   5.2612305e+01
   2.6786510e+06   3.8940430e+01
   2.6786670e+06   4.2541504e+01
   2.6787200e+06   3.7414551e+01
   2.6788540e+06   3.9001465e+01
   2.6788770e+06   3.8757324e+01
   2.6790750e+06   3.5217285e+01
   2.6791110e+06   4.3090820e+01
   2.6793760e+06   5.0292969e+01
   2.6795670e+06   4.0039063e+01
   2.6797650e+06   5.3161621e+01
   2.6800870e+06   4.4921875e+01
   2.6803180e+06   6.0668945e+01
   2.6809920e+06   6.4697266e+01
   2.6811040e+06   3.6926270e+01
   2.6812790e+06   3.6376953e+01
   2.6816650e+06   4.3701172e+01
   2.6820450e+06   3.6315918e+01
   2.6821100e+06   3.7353516e+01
   2.6880840e+06   3.6132813e+01
   2.6890220e+06   3.7170410e+01
   2.6912300e+06   3.5400391e+01
   2.6935070e+06   5.2062988e+01
   2.6979690e+06   6.6101074e+01
   2.6987170e+06   3.6010742e+01
   2.6998120e+06   3.9672852e+01
   2.7003260e+06   3.7170410e+01
   2.7016480e+06   6.5124512e+01
   2.7059820e+06   3.9794922e+01
   2.7094670e+06   5.2490234e+01
   2.7144070e+06   6.5856934e+01
   2.7191700e+06   6.1584473e+01
   2.7257960e+06   6.2988281e+01
   2.7289580e+06   3.7292480e+01
   2.7323390e+06   3.9978027e+01
   2.7366480e+06   6.2927246e+01
   2.7369100e+06   3.5766602e+01
   2.7432140e+06   6.6589355e+01
   2.7459990e+06   6.4514160e+01
   2.7501820e+06   6.7016602e+01
   2.7554120e+06   3.5034180e+01
   2.7565680e+06   3.5156250e+01
   2.7579360e+06   5.6945801e+01
   2.7625930e+06   3.5888672e+01
   2.7640560e+06   3.6437988e+01
   2.7670500e+06   3.5522461e+01
   2.7676630e+06   5.8776855e+01
   2.7680550e+06   3.6315918e+01
   2.7708050e+06   3.6499023e+01
   2.7708170e+06   6.3720703e+01
   2.7716770e+06   3.9062500e+01
   2.7744690e+06   3.8208008e+01
   2.7748500e+06   3.5278320e+01
   2.7778660e+06   3.7353516e+01
   2.7804640e+06   6.0607910e+01
   2.7846920e+06   3.6193848e+01
   2.7900470e+06   6.8481445e+01
   2.7906780e+06   3.6132813e+01
   2.7933860e+06   6.5307617e+01
   2.7976750e+06   4.7729492e+01
   2.8009520e+06   3.6682129e+01
   2.8021550e+06   3.6193848e+01
   2.8046180e+06   6.3293457e+01
   2.8069340e+06   3.5278320e+01
   2.8089270e+06   3.5217285e+01
   2.8111850e+06   6.0302734e+01
   2.8127120e+06   3.6926270e+01
   2.8138630e+06   3.9428711e+01
   2.8171010e+06   6.0363770e+01
   2.8181750e+06   3.8513184e+01
   2.8206950e+06   3.9550781e+01
   2.8228020e+06   3.9062500e+01
   2.8243760e+06   3.6071777e+01
   2.8252690e+06   6.5185547e+01
   2.8263060e+06   3.5217285e+01
   2.8295600e+06   3.6315918e+01
   2.8328250e+06   4.1625977e+01
   2.8343610e+06   6.4331055e+01
   2.8361400e+06   3.7414551e+01
   2.8393850e+06   6.6162109e+01
   2.8423080e+06   3.4851074e+01
   2.8454280e+06   5.7189941e+01
   2.8465430e+06   3.5339355e+01
   2.8473390e+06   3.8818359e+01
   2.8520100e+06   6.6772461e+01
   2.8586950e+06   6.0485840e+01
   2.8669050e+06   5.8166504e+01
   2.8669240e+06   3.8757324e+01
   2.8698190e+06   7.1655273e+01
   2.8731830e+06   3.5949707e+01
   2.8738540e+06   6.9274902e+01
   2.8814050e+06   6.9030762e+01
   2.8881100e+06   6.9274902e+01
   2.8885940e+06   3.5583496e+01
   2.8913110e+06   3.9978027e+01
   2.8931410e+06   6.5856934e+01
   2.8933690e+06   3.5949707e+01
   2.9074170e+06   5.3771973e+01
   2.9130150e+06   7.1533203e+01
   2.9134990e+06   4.0710449e+01
   2.9187710e+06   3.6010742e+01
   2.9210310e+06   4.4677734e+01
   2.9239660e+06   7.2082520e+01
   2.9261490e+06   3.9001465e+01
   2.9280200e+06   5.7678223e+01
   2.9296400e+06   4.3273926e+01
   2.9296670e+06   4.8339844e+01
   2.9300630e+06   3.5949707e+01
   2.9302000e+06   3.5949707e+01
   2.9308820e+06   5.6274414e+01
   2.9317070e+06   3.4790039e+01
   2.9323550e+06   3.7292480e+01
   2.9335340e+06   3.9001465e+01
   2.9335700e+06   6.1889648e+01
   2.9337600e+06   3.5095215e+01
   2.9338590e+06   4.0283203e+01
   2.9343090e+06   5.9265137e+01
   2.9343530e+06   4.1442871e+01
   2.9343900e+06   4.9194336e+01
   2.9344570e+06   3.8146973e+01
   2.9344870e+06   6.8115234e+01
   2.9346210e+06   3.8146973e+01
   2.9347110e+06   3.4973145e+01
   2.9347350e+06   4.1809082e+01
   2.9347710e+06   4.2785645e+01
   2.9348810e+06   3.5949707e+01
   2.9349250e+06   7.4279785e+01
   2.9351020e+06   5.2612305e+01
   2.9351200e+06   4.2724609e+01
   2.9352410e+06   3.6193848e+01
   2.9352530e+06   3.7719727e+01
   2.9353090e+06   4.1564941e+01
   2.9354470e+06   3.4912109e+01
   2.9354740e+06   5.6457520e+01
   2.9357360e+06   4.0954590e+01
   2.9357570e+06   4.3945313e+01
   2.9363090e+06   4.4921875e+01
   2.9502650e+06   4.0161133e+01
   2.9503470e+06   3.7963867e+01
   2.9506810e+06   4.3212891e+01
   2.9507820e+06   3.5461426e+01
   2.9508180e+06   9.8083496e+01
   2.9508620e+06   4.2297363e+01
   2.9509920e+06   3.7536621e+01
   2.9510200e+06   3.7963867e+01
   2.9510430e+06   3.9672852e+01
   2.9510540e+06   3.6499023e+01
   2.9510920e+06   5.6396484e+01
   2.9512580e+06   6.3415527e+01
   2.9512840e+06   5.1025391e+01
   2.9513900e+06   4.7729492e+01
   2.9514180e+06   3.4790039e+01
   2.9514850e+06   6.9702148e+01
   2.9515110e+06   3.4851074e+01
   2.9516160e+06   3.9794922e+01
   2.9518230e+06   3.5888672e+01
   2.9518340e+06   4.3640137e+01
   2.9519470e+06   3.6193848e+01
   2.9524690e+06   5.4992676e+01
   2.9525520e+06   4.0283203e+01
   2.9527000e+06   3.5644531e+01
   2.9528200e+06   5.8288574e+01
   2.9533480e+06   3.6132813e+01
   2.9533730e+06   3.9123535e+01
   2.9539320e+06   6.3781738e+01
   2.9543660e+06   4.6447754e+01
   2.9678080e+06   5.3588867e+01
   2.9697300e+06   3.8940430e+01
   2.9724900e+06   5.5725098e+01
   2.9729980e+06   3.4851074e+01
   2.9843340e+06   5.7189941e+01
   2.9872620e+06   6.0485840e+01
   2.9932480e+06   3.9367676e+01
   2.9973450e+06   4.0100098e+01
   2.9982780e+06   3.8269043e+01
   2.9984390e+06   3.7658691e+01
   2.9997890e+06   4.4799805e+01
   3.0016890e+06   6.3842773e+01
   3.0023560e+06   3.8391113e+01
   3.0030000e+06   3.6743164e+01
   3.0035530e+06   3.8269043e+01
   3.0092240e+06   5.2978516e+01
   3.0158780e+06   5.5664063e+01
   3.0205180e+06   6.0668945e+01
   3.0288840e+06   7.2448730e+01
   3.0289230e+06   4.0039063e+01
   3.0291600e+06   3.4973145e+01
   3.0321700e+06   3.5461426e+01
   3.0355130e+06   7.6477051e+01
   3.0396660e+06   5.9020996e+01
   3.0405340e+06   3.7536621e+01
   3.0448180e+06   5.9265137e+01
   3.0458870e+06   3.9245605e+01
   3.0509600e+06   3.6682129e+01
   3.0544320e+06   7.0312500e+01
   3.0576530e+06   3.8818359e+01
   3.0581540e+06   3.5461426e+01
   3.0592380e+06   3.4790039e+01
   3.0610270e+06   5.6152344e+01
   3.0694080e+06   3.9855957e+01
   3.0698240e+06   5.7067871e+01
   3.0700770e+06   3.8757324e+01
   3.0776330e+06   6.1340332e+01
   3.0820710e+06   4.5715332e+01
   3.0824530e+06   5.8959961e+01
   3.0826850e+06   3.7109375e+01
   3.0915760e+06   6.0180664e+01
   3.0946620e+06   3.5949707e+01
   3.0973810e+06   6.6162109e+01
   3.1023460e+06   3.6010742e+01
   3.1029470e+06   3.7536621e+01
   3.1041820e+06   3.7109375e+01
   3.1046600e+06   3.5400391e+01
   3.1084980e+06   3.9184570e+01
   3.1104720e+06   3.7780762e+01
   3.1137220e+06   6.7993164e+01
   3.1282670e+06   6.1462402e+01
   3.1314500e+06   3.5522461e+01
   3.1324890e+06   3.5766602e+01
   3.1333470e+06   3.5461426e+01
   3.1361370e+06   7.1594238e+01
   3.1433740e+06   4.1259766e+01
   3.1434510e+06   5.3955078e+01
   3.1465290e+06   4.3029785e+01
   3.1498570e+06   3.6560059e+01
   3.1592240e+06   6.1035156e+01
   3.1634470e+06   3.7963867e+01
   3.1652140e+06   5.8471680e+01
   3.1657720e+06   3.5095215e+01
   3.1676350e+06   3.4912109e+01
   3.1757370e+06   6.2011719e+01
   3.1855890e+06   6.2377930e+01
   3.1904870e+06   3.6987305e+01
   3.1907580e+06   3.7841797e+01
   3.1916180e+06   3.6682129e+01
   3.1924890e+06   3.8574219e+01
   3.1968170e+06   3.5705566e+01
   3.1968620e+06   6.6040039e+01
   3.1973920e+06   3.9123535e+01
   3.2003430e+06   3.9672852e+01
   3.2017280e+06   3.6560059e+01
   3.2114540e+06   6.7810059e+01
   3.2187760e+06   3.6437988e+01
   3.2200010e+06   3.4790039e+01
   3.2229780e+06   3.4790039e+01
   3.2251850e+06   3.5156250e+01
   3.2261560e+06   3.4851074e+01
   3.2269300e+06   3.8024902e+01
   3.2311470e+06   7.9833984e+01
   3.2405810e+06   3.6621094e+01
   3.2410430e+06   4.0466309e+01
   3.2515380e+06   6.3659668e+01
   3.2544280e+06   3.5217285e+01
   3.2611130e+06   3.7292480e+01
   3.2638400e+06   6.0302734e+01
   3.2781520e+06   3.6621094e+01
   3.2785520e+06   6.3659668e+01
   3.2875270e+06   5.4870605e+01
   3.2899880e+06   3.4912109e+01
   3.2968930e+06   4.1320801e+01
   3.2969610e+06   6.7871094e+01
   3.2988850e+06   3.6804199e+01
   3.3011080e+06   3.6621094e+01
   3.3151070e+06   3.6071777e+01
   3.3203750e+06   7.6477051e+01
   3.3238070e+06   3.9184570e+01
   3.3239550e+06   3.5217285e+01
   3.3240620e+06   4.9682617e+01
   3.3243230e+06   3.5339355e+01
   3.3243910e+06   6.4025879e+01
   3.3244150e+06   3.5888672e+01
   3.3244930e+06   5.2185059e+01
   3.3246130e+06   5.4016113e+01
   3.3246590e+06   3.7292480e+01
   3.3247100e+06   3.9489746e+01
   3.3247450e+06   3.4912109e+01
   3.3247750e+06   5.8776855e+01
   3.3248320e+06   5.0598145e+01
   3.3248640e+06   4.9255371e+01
   3.3248940e+06   6.7993164e+01
   3.3250790e+06   3.7536621e+01
   3.3251170e+06   5.9020996e+01
   3.3251520e+06   3.9184570e+01
   3.3252080e+06   3.7109375e+01
   3.3253730e+06   3.4973145e+01
   3.3254440e+06   4.3701172e+01
   3.3254610e+06   4.6447754e+01
   3.3255900e+06   3.6315918e+01
   3.3257360e+06   3.5095215e+01
   3.3258090e+06   3.9245605e+01
   3.3261860e+06   3.9367676e+01
   3.3262820e+06   3.7414551e+01
   3.3268970e+06   4.4189453e+01
   3.3273410e+06   4.3029785e+01
   3.3276210e+06   6.2927246e+01
   3.3280680e+06   7.4035645e+01
   3.3282070e+06   3.8269043e+01
   3.3284860e+06   4.8400879e+01
   3.3288400e+06   4.8278809e+01
   3.3300050e+06   5.1452637e+01
   3.3420690e+06   6.3354492e+01
   3.3421270e+06   4.7790527e+01
   3.3421530e+06   3.6682129e+01
   3.3421930e+06   3.6132813e+01
   3.3422860e+06   3.7475586e+01
   3.3423040e+06   4.0466309e+01
   3.3423370e+06   3.9855957e+01
   3.3423470e+06   4.6508789e+01
   3.3423850e+06   6.7626953e+01
   3.3424180e+06   4.3884277e+01
   3.3424570e+06   3.7597656e+01
   3.3425080e+06   4.3090820e+01
   3.3425520e+06   3.5095215e+01
   3.3426110e+06   7.2387695e+01
   3.3426430e+06   5.7922363e+01
   3.3426630e+06   4.4616699e+01
   3.3428670e+06   4.4067383e+01
   3.3428820e+06   6.7932129e+01
   3.3430670e+06   5.9020996e+01
   3.3431300e+06   3.9123535e+01
   3.3431620e+06   4.2724609e+01
   3.3431840e+06   3.5461426e+01
   3.3433650e+06   5.2551270e+01
   3.3435840e+06   3.6804199e+01
   3.3437170e+06   3.9489746e+01
   3.3438230e+06   4.1931152e+01
   3.3441610e+06   4.2358398e+01
   3.3443370e+06   3.7170410e+01
   3.3443720e+06   3.7658691e+01
   3.3445060e+06   5.8593750e+01
   3.3448740e+06   4.4616699e+01
   3.3450690e+06   3.5705566e+01
   3.3455360e+06   5.7617188e+01
   3.3570790e+06   3.6926270e+01
   3.3629770e+06   5.9082031e+01
   3.3697210e+06   6.4697266e+01
   3.3743300e+06   6.4697266e+01
   3.3781250e+06   3.9062500e+01
   3.3789060e+06   3.9855957e+01
   3.3809640e+06   6.6528320e+01
   3.3869180e+06   5.9509277e+01
   3.3878670e+06   4.1809082e+01
   3.3912580e+06   6.8603516e+01
   3.3922330e+06   3.5888672e+01
   3.3944610e+06   5.9570313e+01
   3.3974000e+06   5.6579590e+01
   3.4023170e+06   3.6621094e+01
   3.4064670e+06   3.5522461e+01
   3.4143580e+06   4.0832520e+01
   3.4150880e+06   6.4636230e+01
   3.4193410e+06   5.7434082e+01
   3.4317230e+06   3.6865234e+01
   3.4374250e+06   3.5522461e+01
   3.4380690e+06   3.4912109e+01
   3.4418220e+06   6.1157227e+01
   3.4470230e+06   3.5644531e+01
   3.4501490e+06   3.5278320e+01
   3.4539330e+06   3.7536621e+01
   3.4607520e+06   6.1706543e+01
   3.4687950e+06   7.1350098e+01
   3.4740840e+06   5.6945801e+01
   3.4761480e+06   3.5705566e+01
   3.4780350e+06   3.9367676e+01
   3.4784870e+06   6.3964844e+01
   3.4796710e+06   3.8391113e+01
   3.4805030e+06   3.5278320e+01
   3.4826430e+06   6.5490723e+01
   3.4895900e+06   5.7312012e+01
   3.4902080e+06   3.8818359e+01
   3.4982720e+06   6.4392090e+01
   3.5007900e+06   3.7719727e+01
   3.5010680e+06   3.8879395e+01
   3.5028660e+06   3.7292480e+01
   3.5088760e+06   5.7312012e+01
   3.5167010e+06   6.9580078e+01
   3.5171640e+06   3.5827637e+01
   3.5177570e+06   3.5522461e+01
   3.5187670e+06   4.3945313e+01
   3.5225470e+06   3.8330078e+01
   3.5232360e+06   3.6132813e+01
   3.5332410e+06   6.7993164e+01
   3.5362020e+06   3.5583496e+01
   3.5421730e+06   3.7414551e+01
   3.5434530e+06   3.9123535e+01
   3.5438560e+06   4.6569824e+01
   3.5478560e+06   3.7048340e+01
   3.5526410e+06   6.5917969e+01
   3.5583750e+06   3.5766602e+01
   3.5642150e+06   7.2082520e+01
   3.5813610e+06   6.1828613e+01
   3.5831990e+06   3.5156250e+01
   3.5846480e+06   3.4912109e+01
   3.5904710e+06   6.7871094e+01
   3.5951860e+06   3.7353516e+01
   3.6022360e+06   7.5317383e+01
   3.6036360e+06   4.0405273e+01
   3.6049240e+06   3.8452148e+01
   3.6090050e+06   4.3884277e+01
   3.6090250e+06   3.5583496e+01
   3.6093690e+06   3.5827637e+01
   3.6093920e+06   4.0161133e+01
   3.6095330e+06   3.7292480e+01
   3.6097640e+06   3.6987305e+01
   3.6100020e+06   6.2255859e+01
   3.6102070e+06   4.3640137e+01
   3.6103330e+06   7.8308105e+01
   3.6110850e+06   3.5400391e+01
   3.6111320e+06   7.2387695e+01
   3.6112770e+06   3.6987305e+01
   3.6113510e+06   6.9946289e+01
   3.6114770e+06   3.8696289e+01
   3.6115280e+06   4.0710449e+01
   3.6116490e+06   6.1218262e+01
   3.6117330e+06   5.2368164e+01
   3.6117800e+06   5.7678223e+01
   3.6117960e+06   3.9794922e+01
   3.6119630e+06   3.9367676e+01
   3.6120150e+06   5.6091309e+01
   3.6122120e+06   5.3100586e+01
   3.6122550e+06   3.9794922e+01
   3.6122930e+06   3.8269043e+01
   3.6123710e+06   4.3090820e+01
   3.6124200e+06   4.3334961e+01
   3.6124370e+06   4.7302246e+01
   3.6125170e+06   3.5034180e+01
   3.6126590e+06   4.4860840e+01
   3.6127120e+06   6.4025879e+01
   3.6128520e+06   3.5522461e+01
   3.6129810e+06   5.0354004e+01
   3.6130190e+06   4.0039063e+01
   3.6130390e+06   3.5339355e+01
   3.6133480e+06   3.6560059e+01
   3.6225540e+06   3.7292480e+01
   3.6234200e+06   3.6560059e+01
   3.6250500e+06   3.6010742e+01
   3.6301060e+06   6.4270020e+01
   3.6301460e+06   3.5095215e+01
   3.6301870e+06   4.0405273e+01
   3.6304000e+06   7.1533203e+01
   3.6304210e+06   3.7170410e+01
   3.6304580e+06   3.7841797e+01
   3.6305010e+06   4.4189453e+01
   3.6305140e+06   3.9001465e+01
   3.6305540e+06   4.7607422e+01
   3.6305710e+06   4.2907715e+01
   3.6305900e+06   3.5217285e+01
   3.6306270e+06   6.9152832e+01
   3.6306780e+06   4.0771484e+01
   3.6307280e+06   3.5827637e+01
   3.6307390e+06   3.9123535e+01
   3.6308150e+06   3.5522461e+01
   3.6308250e+06   4.9560547e+01
   3.6308650e+06   5.2551270e+01
   3.6309070e+06   3.9367676e+01
   3.6310360e+06   3.9916992e+01
   3.6310590e+06   4.4433594e+01
   3.6311310e+06   3.5827637e+01
   3.6312080e+06   3.6499023e+01
   3.6312790e+06   4.8706055e+01
   3.6314970e+06   4.2114258e+01
   3.6315100e+06   4.3151855e+01
   3.6317450e+06   4.9011230e+01
   3.6320280e+06   6.6284180e+01
   3.6323740e+06   4.1625977e+01
   3.6326220e+06   6.3598633e+01
   3.6328870e+06   4.2114258e+01
   3.6329200e+06   3.6926270e+01
   3.6334740e+06   5.5114746e+01
   3.6338730e+06   3.5583496e+01
   3.6389320e+06   3.6682129e+01
   3.6425760e+06   4.0710449e+01
   3.6473990e+06   3.5156250e+01
   3.6502340e+06   6.8847656e+01
   3.6555950e+06   3.6926270e+01
   3.6562330e+06   3.5827637e+01
   3.6568380e+06   3.4973145e+01
   3.6574060e+06   3.7658691e+01
   3.6581540e+06   6.0058594e+01
   3.6583730e+06   3.5583496e+01
   3.6597440e+06   3.5827637e+01
   3.6617060e+06   7.1105957e+01
   3.6641320e+06   3.6132813e+01
   3.6705040e+06   5.4931641e+01
   3.6736690e+06   3.5827637e+01
   3.6792110e+06   5.1025391e+01
   3.6825110e+06   5.5419922e+01
   3.6854060e+06   7.1350098e+01
   3.6855390e+06   3.7841797e+01
   3.6858750e+06   4.1931152e+01
   3.6968550e+06   3.7902832e+01
   3.6980140e+06   3.7475586e+01
   3.6985490e+06   4.0100098e+01
   3.7015000e+06   4.0039063e+01
   3.7056700e+06   3.6743164e+01
   3.7060750e+06   3.5644531e+01
   3.7081190e+06   3.6682129e+01
   3.7085440e+06   5.9387207e+01
   3.7137600e+06   3.5034180e+01
   3.7173020e+06   6.1035156e+01
   3.7193620e+06   3.7292480e+01
   3.7234140e+06   6.1889648e+01
   3.7240690e+06   3.4973145e+01
   3.7267820e+06   5.8837891e+01
   3.7362510e+06   3.7414551e+01
   3.7372020e+06   3.6621094e+01
   3.7399380e+06   6.7443848e+01
   3.7470150e+06   6.2316895e+01
   3.7532930e+06   5.7800293e+01
   3.7582930e+06   3.5461426e+01
   3.7619180e+06   5.9631348e+01
   3.7638980e+06   3.7475586e+01
   3.7669380e+06   3.6437988e+01
   3.7717650e+06   3.9001465e+01
   3.7725800e+06   3.4851074e+01
   3.7775310e+06   4.2541504e+01
   3.7792470e+06   3.6499023e+01
   3.7824580e+06   5.1757813e+01
   3.7847860e+06   3.8208008e+01
   3.7880660e+06   3.6987305e+01
   3.7903640e+06   6.5429688e+01
   3.7913680e+06   3.5034180e+01
   3.7927760e+06   3.8330078e+01
   3.7962390e+06   3.4973145e+01
   3.8005620e+06   4.3395996e+01
   3.8012330e+06   4.4067383e+01
   3.8111780e+06   3.5949707e+01
   3.8137800e+06   3.8574219e+01
   3.8154490e+06   3.9855957e+01
   3.8183270e+06   6.6467285e+01
   3.8216700e+06   3.7902832e+01
   3.8223020e+06   3.8513184e+01
   3.8259570e+06   3.9245605e+01
   3.8262800e+06   3.5217285e+01
   3.8327260e+06   3.8085938e+01
   3.8467350e+06   4.0527344e+01
   3.8504040e+06   3.5095215e+01
   3.8574840e+06   7.7697754e+01
   3.8578020e+06   3.4912109e+01
   3.8589200e+06   3.5705566e+01
   3.8606920e+06   3.6254883e+01
   3.8648080e+06   6.6589355e+01
   3.8679640e+06   4.0344238e+01
   3.8689800e+06   3.4973145e+01
   3.8698700e+06   3.5644531e+01
   3.8751340e+06   6.3354492e+01
   3.8757250e+06   4.1137695e+01
   3.8774250e+06   3.6132813e+01
   3.8778520e+06   3.7170410e+01
   3.8810020e+06   3.4851074e+01
   3.8838930e+06   3.8146973e+01
   3.8857340e+06   3.8574219e+01
   3.8949130e+06   6.0363770e+01
   3.8958330e+06   3.6560059e+01
   3.8964010e+06   5.8227539e+01
   3.8964230e+06   3.5583496e+01
   3.8965990e+06   4.1687012e+01
   3.8966320e+06   5.7861328e+01
   3.8967290e+06   3.7536621e+01
   3.8971180e+06   3.9306641e+01
   3.8977750e+06   6.9641113e+01
   3.8978980e+06   3.6804199e+01
   3.8980240e+06   4.4860840e+01
   3.8980510e+06   5.8410645e+01
   3.8982020e+06   3.5583496e+01
   3.8984710e+06   3.5705566e+01
   3.8986520e+06   6.6040039e+01
   3.8987270e+06   3.4973145e+01
   3.8989740e+06   3.7658691e+01
   3.8990030e+06   6.5063477e+01
   3.8991020e+06   3.8085938e+01
   3.8992910e+06   5.4199219e+01
   3.8993080e+06   5.7922363e+01
   3.8993540e+06   4.1748047e+01
   3.8993700e+06   3.7841797e+01
   3.8994940e+06   4.3701172e+01
   3.8995130e+06   4.6752930e+01
   3.8996000e+06   4.2663574e+01
   3.8996320e+06   4.3579102e+01
   3.8997050e+06   3.7170410e+01
   3.8997160e+06   5.6579590e+01
   3.8999980e+06   3.7902832e+01
   3.9000090e+06   3.5644531e+01
   3.9000340e+06   5.8837891e+01
   3.9000810e+06   4.2480469e+01
   3.9001910e+06   4.3457031e+01
   3.9003000e+06   6.2438965e+01
   3.9003420e+06   3.5156250e+01
   3.9004270e+06   3.6193848e+01
   3.9004410e+06   5.2001953e+01
   3.9005620e+06   3.6926270e+01
   3.9005740e+06   3.6682129e+01
   3.9006900e+06   3.6437988e+01
   3.9007360e+06   3.8574219e+01
   3.9008820e+06   4.3579102e+01
   3.9009690e+06   3.7475586e+01
   3.9010940e+06   4.4006348e+01
   3.9011730e+06   3.7048340e+01
   3.9011860e+06   4.2297363e+01
   3.9018070e+06   4.1442871e+01
   3.9021330e+06   3.7414551e+01
   3.9027900e+06   4.8278809e+01
   3.9103620e+06   3.6560059e+01
   3.9129810e+06   3.5583496e+01
   3.9130220e+06   3.7475586e+01
   3.9146480e+06   3.4851074e+01
   3.9150400e+06   3.7780762e+01
   3.9152020e+06   3.8635254e+01
   3.9153430e+06   3.8757324e+01
   3.9154430e+06   3.6926270e+01
   3.9155720e+06   5.9875488e+01
   3.9155870e+06   4.1076660e+01
   3.9156310e+06   4.2785645e+01
   3.9156410e+06   5.1147461e+01
   3.9157190e+06   3.4851074e+01
   3.9158110e+06   6.0729980e+01
   3.9159190e+06   5.2185059e+01
   3.9159940e+06   3.9978027e+01
   3.9160460e+06   4.3518066e+01
   3.9160700e+06   3.8574219e+01
   3.9160930e+06   5.0781250e+01
   3.9161830e+06   3.4851074e+01
   3.9162230e+06   3.9916992e+01
   3.9162390e+06   4.8645020e+01
   3.9163060e+06   3.7353516e+01
   3.9163700e+06   3.6499023e+01
   3.9164010e+06   4.2236328e+01
   3.9164390e+06   3.8269043e+01
   3.9166100e+06   5.5358887e+01
   3.9167880e+06   5.5480957e+01
   3.9171980e+06   6.2133789e+01
   3.9173160e+06   3.5278320e+01
   3.9173540e+06   4.0710449e+01
   3.9176660e+06   6.0424805e+01
   3.9181750e+06   4.5837402e+01
   3.9202610e+06   3.5766602e+01
   3.9267100e+06   3.5034180e+01
   3.9287670e+06   3.6437988e+01
   3.9331300e+06   6.1096191e+01
   3.9398980e+06   3.5766602e+01
   3.9416500e+06   6.2927246e+01
   3.9515160e+06   5.7983398e+01
   3.9517870e+06   3.7658691e+01
   3.9557260e+06   6.4147949e+01
   3.9603070e+06   6.4758301e+01
   3.9624750e+06   4.2663574e+01
   3.9642230e+06   5.6701660e+01
   3.9670060e+06   3.5034180e+01
   3.9720800e+06   3.5522461e+01
   3.9740090e+06   3.5339355e+01
   3.9767130e+06   7.0922852e+01
   3.9772730e+06   3.6682129e+01
   3.9773500e+06   3.5766602e+01
   3.9888070e+06   4.2602539e+01
   3.9907640e+06   5.5480957e+01
   3.9986590e+06   6.8908691e+01
   4.0010370e+06   3.5217285e+01
   4.0059550e+06   5.3100586e+01
   4.0064530e+06   3.5827637e+01
   4.0108300e+06   3.7597656e+01
   4.0127320e+06   6.3781738e+01
   4.0164780e+06   4.3884277e+01
   4.0198680e+06   4.8645020e+01
   4.0203310e+06   3.5949707e+01
   4.0219730e+06   3.5278320e+01
   4.0263160e+06   7.0190430e+01
   4.0278990e+06   4.3701172e+01
   4.0299610e+06   3.5766602e+01
   4.0354490e+06   7.3486328e+01
   4.0447310e+06   3.6315918e+01
   4.0504670e+06   3.6376953e+01
   4.0510550e+06   6.7626953e+01
   4.0512460e+06   3.4790039e+01
   4.0531110e+06   3.5339355e+01
   4.0589880e+06   3.6743164e+01
   4.0599880e+06   6.0485840e+01
   4.0682980e+06   3.5888672e+01
   4.0689070e+06   3.7780762e+01
   4.0728120e+06   3.9367676e+01
   4.0762750e+06   3.6621094e+01
   4.0869140e+06   6.5002441e+01
   4.1036540e+06   3.8452148e+01
   4.1061560e+06   5.7067871e+01
   4.1152770e+06   3.5705566e+01
   4.1270790e+06   3.6682129e+01
   4.1299000e+06   3.7841797e+01
   4.1309040e+06   3.5827637e+01
   4.1330960e+06   3.7963867e+01
   4.1389050e+06   3.8818359e+01
   4.1409170e+06   7.4035645e+01
   4.1532170e+06   3.5034180e+01
   4.1549880e+06   3.7597656e+01
   4.1650890e+06   3.8940430e+01
   4.1665650e+06   3.5034180e+01
   4.1716990e+06   6.5734863e+01
   4.1772770e+06   3.5522461e+01
   4.1816680e+06   3.8208008e+01
   4.1836840e+06   3.9428711e+01
   4.1929420e+06   6.0913086e+01
   4.1935020e+06   4.0344238e+01
   4.1955880e+06   3.9855957e+01
   4.1965070e+06   3.8146973e+01
   4.1966510e+06   4.1320801e+01
   4.2009620e+06   3.5095215e+01
   4.2077090e+06   6.2377930e+01
   4.2119930e+06   3.8024902e+01
   4.2179660e+06   6.7321777e+01
   4.2182350e+06   3.6499023e+01
   4.2219640e+06   3.5949707e+01
   4.2252070e+06   6.7077637e+01
   4.2367670e+06   3.6071777e+01
   4.2477500e+06   5.9509277e+01
   4.2479500e+06   3.9367676e+01
   4.2558920e+06   3.7536621e+01
   4.2588480e+06   4.4189453e+01
   4.2592040e+06   7.0129395e+01
   4.2592860e+06   4.1931152e+01
   4.2593020e+06   3.9550781e+01
   4.2595150e+06   5.4565430e+01
   4.2596370e+06   5.0720215e+01
   4.2597000e+06   3.7963867e+01
   4.2597520e+06   3.6926270e+01
   4.2598990e+06   4.9438477e+01
   4.2599620e+06   6.1218262e+01
   4.2601320e+06   3.6743164e+01
   4.2602970e+06   4.7119141e+01
   4.2603140e+06   7.2875977e+01
   4.2603580e+06   4.6325684e+01
   4.2606020e+06   5.9570313e+01
   4.2606640e+06   4.7119141e+01
   4.2606830e+06   4.1015625e+01
   4.2607700e+06   3.6743164e+01
   4.2608340e+06   5.7128906e+01
   4.2608700e+06   4.2663574e+01
   4.2610400e+06   5.6701660e+01
   4.2611290e+06   3.6926270e+01
   4.2612190e+06   4.7302246e+01
   4.2613760e+06   4.0161133e+01
   4.2614950e+06   3.5583496e+01
   4.2615370e+06   5.9570313e+01
   4.2615490e+06   3.8574219e+01
   4.2616560e+06   4.5776367e+01
   4.2616910e+06   4.8400879e+01
   4.2617390e+06   3.8513184e+01
   4.2617780e+06   4.4067383e+01
   4.2619570e+06   3.5522461e+01
   4.2620950e+06   4.5715332e+01
   4.2621200e+06   3.5461426e+01
   4.2623120e+06   3.8146973e+01
   4.2624470e+06   4.6020508e+01
   4.2624570e+06   3.5705566e+01
   4.2629790e+06   3.8879395e+01
   4.2630510e+06   4.5104980e+01
   4.2643470e+06   3.6010742e+01
   4.2788860e+06   3.5522461e+01
   4.2797270e+06   5.1574707e+01
   4.2797760e+06   3.6804199e+01
   4.2798400e+06   3.6743164e+01
   4.2798700e+06   7.5927734e+01
   4.2799050e+06   3.9489746e+01
   4.2799400e+06   5.7617188e+01
   4.2800500e+06   3.7902832e+01
   4.2800860e+06   3.4851074e+01
   4.2801550e+06   6.3354492e+01
   4.2801820e+06   3.5583496e+01
   4.2802360e+06   5.2124023e+01
   4.2802980e+06   6.0913086e+01
   4.2803680e+06   4.2968750e+01
   4.2804220e+06   3.6193848e+01
   4.2804730e+06   4.1076660e+01
   4.2804830e+06   3.4973145e+01
   4.2805660e+06   4.7302246e+01
   4.2807100e+06   4.5959473e+01
   4.2809060e+06   4.0222168e+01
   4.2811170e+06   4.6081543e+01
   4.2813270e+06   5.1025391e+01
   4.2816990e+06   5.4321289e+01
   4.2820480e+06   3.9367676e+01
   4.2821180e+06   3.9245605e+01
   4.2821620e+06   3.8269043e+01
   4.2824790e+06   3.5949707e+01
   4.2826380e+06   3.8574219e+01
   4.2829310e+06   3.8085938e+01
   4.2832460e+06   4.9987793e+01
   4.2834110e+06   3.5949707e+01
   4.2961900e+06   3.5400391e+01
   4.3060880e+06   3.6499023e+01
   4.3072100e+06   3.8208008e+01
   4.3083590e+06   3.6682129e+01
   4.3084970e+06   4.0344238e+01
   4.3096830e+06   6.3293457e+01
   4.3118920e+06   6.7993164e+01
   4.3124370e+06   4.6386719e+01
   4.3160630e+06   3.7658691e+01
   4.3177640e+06   3.5644531e+01
   4.3183550e+06   3.6865234e+01
   4.3210860e+06   3.6926270e+01
   4.3267830e+06   7.1044922e+01
   4.3326920e+06   3.5095215e+01
   4.3369020e+06   6.3903809e+01
   4.3398040e+06   6.3354492e+01
   4.3508710e+06   4.4433594e+01
   4.3526610e+06   6.8481445e+01
   4.3541680e+06   3.7902832e+01
   4.3556150e+06   3.7231445e+01
   4.3562740e+06   4.0954590e+01
   4.3572200e+06   3.4912109e+01
   4.3625810e+06   6.7077637e+01
   4.3692650e+06   5.6884766e+01
   4.3754980e+06   6.3476563e+01
   4.3786430e+06   5.7189941e+01
   4.3798870e+06   3.4973145e+01
   4.3819460e+06   3.7231445e+01
   4.3871490e+06   6.5612793e+01
   4.3890820e+06   3.5949707e+01
   4.3921790e+06   3.5705566e+01
   4.3968920e+06   5.5969238e+01
   4.3989840e+06   3.6437988e+01
   4.4040740e+06   3.6010742e+01
   4.4045780e+06   3.9611816e+01
   4.4053410e+06   3.5217285e+01
   4.4082360e+06   6.3293457e+01
   4.4099110e+06   3.6987305e+01
   4.4146970e+06   5.7678223e+01
   4.4177920e+06   3.5278320e+01
   4.4245110e+06   6.0302734e+01
   4.4246290e+06   3.6804199e+01
   4.4329410e+06   3.5705566e+01
   4.4381360e+06   3.7292480e+01
   4.4402960e+06   3.7292480e+01
   4.4419040e+06   6.3781738e+01
   4.4419900e+06   3.4851074e+01
   4.4425730e+06   3.9489746e+01
   4.4514870e+06   3.7109375e+01
   4.4516820e+06   3.7597656e+01
   4.4574510e+06   6.5307617e+01
   4.4706170e+06   6.5917969e+01
   4.4731090e+06   3.5217285e+01
   4.4795380e+06   3.9733887e+01
   4.4803120e+06   3.9001465e+01
   4.4915260e+06   3.8085938e+01
   4.5078200e+06   6.2683105e+01
   4.5241550e+06   3.5766602e+01
   4.5405980e+06   4.4677734e+01
   4.5457890e+06   4.1870117e+01
   4.5479750e+06   4.1320801e+01
   4.5512310e+06   4.3518066e+01
   4.5512860e+06   3.9062500e+01
   4.5515690e+06   3.7292480e+01
   4.5516190e+06   6.6589355e+01
   4.5517990e+06   3.9428711e+01
   4.5519350e+06   4.9560547e+01
   4.5519880e+06   4.0954590e+01
   4.5521740e+06   6.7199707e+01
   4.5522540e+06   3.8635254e+01
   4.5525140e+06   4.8217773e+01
   4.5525950e+06   7.7514648e+01
   4.5527630e+06   4.2846680e+01
   4.5528750e+06   3.6621094e+01
   4.5529590e+06   4.1809082e+01
   4.5530220e+06   3.8940430e+01
   4.5530450e+06   4.3334961e+01
   4.5531320e+06   3.7231445e+01
   4.5531690e+06   5.3100586e+01
   4.5532000e+06   7.9345703e+01
   4.5533790e+06   5.7373047e+01
   4.5534120e+06   4.8339844e+01
   4.5535410e+06   5.5969238e+01
   4.5535560e+06   3.6987305e+01
   4.5535860e+06   4.0283203e+01
   4.5536120e+06   4.8889160e+01
   4.5537330e+06   4.1687012e+01
   4.5537440e+06   5.9448242e+01
   4.5538670e+06   4.0283203e+01
   4.5539740e+06   5.0903320e+01
   4.5540640e+06   4.2419434e+01
   4.5541280e+06   3.7292480e+01
   4.5541580e+06   3.5095215e+01
   4.5541760e+06   4.1503906e+01
   4.5542490e+06   3.5827637e+01
   4.5543130e+06   5.2124023e+01
   4.5543530e+06   5.1025391e+01
   4.5547360e+06   5.6335449e+01
   4.5550890e+06   4.7729492e+01
   4.5696900e+06   3.6315918e+01
   4.5712030e+06   3.6926270e+01
   4.5712360e+06   3.9123535e+01
   4.5713060e+06   3.6499023e+01
   4.5713430e+06   4.9133301e+01
   4.5713890e+06   3.6071777e+01
   4.5714110e+06   4.8217773e+01
   4.5714730e+06   5.0292969e+01
   4.5715150e+06   4.4982910e+01
   4.5715620e+06   4.3212891e+01
   4.5715990e+06   4.5349121e+01
   4.5716100e+06   3.5888672e+01
   4.5716420e+06   3.5827637e+01
   4.5716940e+06   4.9133301e+01
   4.5717420e+06   4.2846680e+01
   4.5717850e+06   3.6376953e+01
   4.5718280e+06   4.1442871e+01
   4.5718470e+06   5.8166504e+01
   4.5718790e+06   4.3334961e+01
   4.5719540e+06   4.2480469e+01
   4.5719720e+06   4.5166016e+01
   4.5720020e+06   4.4616699e+01
   4.5720450e+06   6.5856934e+01
   4.5721060e+06   3.5095215e+01
   4.5721240e+06   4.0100098e+01
   4.5721840e+06   4.2602539e+01
   4.5723210e+06   6.7810059e+01
   4.5725590e+06   4.5715332e+01
   4.5728290e+06   5.0659180e+01
   4.5732550e+06   5.0781250e+01
   4.5737550e+06   4.9743652e+01
   4.5741490e+06   4.6630859e+01
   4.5743360e+06   4.0893555e+01
   4.5768540e+06   3.5461426e+01
   4.5774890e+06   3.8757324e+01
   4.5866170e+06   3.5034180e+01
   4.5897190e+06   3.9245605e+01
   4.5944000e+06   6.4697266e+01
   4.5949660e+06   3.6499023e+01
   4.6108750e+06   6.8054199e+01
   4.6137030e+06   3.7841797e+01
   4.6156050e+06   3.9672852e+01
   4.6203210e+06   6.1828613e+01
   4.6236230e+06   4.2541504e+01
   4.6243640e+06   3.5949707e+01
   4.6407410e+06   3.6010742e+01
   4.6438400e+06   5.9143066e+01
   4.6452140e+06   3.9306641e+01
   4.6574310e+06   6.6894531e+01
   4.6662960e+06   4.2602539e+01
   4.6690960e+06   3.7536621e+01
   4.6709670e+06   7.1594238e+01
   4.6800610e+06   3.8085938e+01
   4.6818740e+06   6.7138672e+01
   4.6824720e+06   3.6621094e+01
   4.6825150e+06   3.4973145e+01
   4.6827930e+06   4.8522949e+01
   4.6863840e+06   4.1748047e+01
   4.6883330e+06   3.8146973e+01
   4.6910520e+06   3.6621094e+01
   4.6936210e+06   3.7109375e+01
   4.6938440e+06   3.9245605e+01
   4.6996210e+06   4.5471191e+01
   4.7031010e+06   6.9946289e+01
   4.7128170e+06   3.7231445e+01
   4.7136090e+06   7.0190430e+01
   4.7186070e+06   3.5217285e+01
   4.7276570e+06   3.7048340e+01
   4.7309720e+06   6.8664551e+01
   4.7340750e+06   3.8085938e+01
   4.7411540e+06   6.7138672e+01
   4.7443350e+06   3.6315918e+01
   4.7537640e+06   3.7292480e+01
   4.7540250e+06   3.6132813e+01
   4.7593490e+06   3.5217285e+01
   4.7731200e+06   3.5888672e+01
   4.7738490e+06   3.7048340e+01
   4.7750160e+06   3.7597656e+01
   4.7756130e+06   3.9428711e+01
   4.7771280e+06   3.5217285e+01
   4.7797050e+06   6.6772461e+01
   4.7853310e+06   3.5522461e+01
   4.7864050e+06   3.9489746e+01
   4.7884140e+06   3.8879395e+01
   4.7919800e+06   5.7922363e+01
   4.8009340e+06   3.6987305e+01
   4.8018910e+06   4.5104980e+01
   4.8032760e+06   3.8146973e+01
   4.8093700e+06   5.6396484e+01
   4.8126040e+06   3.6254883e+01
   4.8163100e+06   5.8776855e+01
   4.8184260e+06   3.5034180e+01
   4.8196690e+06   4.0161133e+01
   4.8229360e+06   3.6437988e+01
   4.8245760e+06   3.6804199e+01
   4.8256710e+06   3.5644531e+01
   4.8290200e+06   4.3334961e+01
   4.8365160e+06   3.5705566e+01
   4.8532450e+06   3.6804199e+01
   4.8568880e+06   3.6621094e+01
   4.8602970e+06   3.7292480e+01
   4.8604190e+06   4.1870117e+01
   4.8610930e+06   3.6865234e+01
   4.8612750e+06   4.8950195e+01
   4.8613010e+06   3.5217285e+01
   4.8614310e+06   3.6437988e+01
   4.8614910e+06   4.2785645e+01
   4.8617040e+06   3.9916992e+01
   4.8617680e+06   4.6447754e+01
   4.8618280e+06   7.8002930e+01
   4.8623650e+06   9.6496582e+01
   4.8624930e+06   4.0344238e+01
   4.8625480e+06   3.5034180e+01
   4.8626890e+06   4.1137695e+01
   4.8627820e+06   3.5827637e+01
   4.8628390e+06   3.9428711e+01
   4.8628800e+06   3.7109375e+01
   4.8629040e+06   4.3640137e+01
   4.8629280e+06   7.4157715e+01
   4.8632120e+06   5.0842285e+01
   4.8633220e+06   4.9926758e+01
   4.8633720e+06   4.5471191e+01
   4.8634000e+06   5.1879883e+01
   4.8635970e+06   7.1472168e+01
   4.8636530e+06   4.2175293e+01
   4.8637090e+06   4.2053223e+01
   4.8637960e+06   4.6630859e+01
   4.8638640e+06   4.1687012e+01
   4.8639470e+06   3.9855957e+01
   4.8639770e+06   4.8950195e+01
   4.8639960e+06   3.8208008e+01
   4.8641150e+06   3.6987305e+01
   4.8641280e+06   4.3212891e+01
   4.8641960e+06   3.5888672e+01
   4.8642340e+06   3.8696289e+01
   4.8642910e+06   3.5522461e+01
   4.8643280e+06   4.1442871e+01
   4.8643980e+06   4.1931152e+01
   4.8644410e+06   3.9794922e+01
   4.8646450e+06   5.0842285e+01
   4.8648770e+06   4.1076660e+01
   4.8674370e+06   3.6926270e+01
   4.8676380e+06   3.7841797e+01
   4.8805680e+06   3.5034180e+01
   4.8807510e+06   5.2429199e+01
   4.8808350e+06   5.0476074e+01
   4.8808650e+06   3.6315918e+01
   4.8809180e+06   4.7790527e+01
   4.8809350e+06   4.3273926e+01
   4.8810530e+06   4.9987793e+01
   4.8810790e+06   3.8146973e+01
   4.8810980e+06   3.7963867e+01
   4.8811450e+06   4.3701172e+01
   4.8811640e+06   5.5419922e+01
   4.8812320e+06   5.2001953e+01
   4.8813420e+06   5.1818848e+01
   4.8813660e+06   4.2358398e+01
   4.8814250e+06   6.4819336e+01
   4.8814550e+06   3.7170410e+01
   4.8815230e+06   4.3090820e+01
   4.8817140e+06   3.5766602e+01
   4.8817430e+06   5.4260254e+01
   4.8817740e+06   4.4311523e+01
   4.8818500e+06   4.6630859e+01
   4.8819090e+06   5.4016113e+01
   4.8820230e+06   3.5278320e+01
   4.8820880e+06   4.7851563e+01
   4.8821310e+06   3.8452148e+01
   4.8821600e+06   3.5766602e+01
   4.8821980e+06   4.1259766e+01
   4.8822790e+06   4.3273926e+01
   4.8823280e+06   5.0231934e+01
   4.8824180e+06   4.6508789e+01
   4.8828000e+06   5.0231934e+01
   4.8830570e+06   3.6682129e+01
   4.8832930e+06   4.1320801e+01
   4.8834160e+06   3.6682129e+01
   4.8837960e+06   4.1809082e+01
   4.8838820e+06   6.1462402e+01
   4.8842010e+06   4.5776367e+01
   4.8846770e+06   5.1574707e+01
   4.8853830e+06   3.5461426e+01
   4.8885480e+06   3.5034180e+01
   4.8995360e+06   6.5612793e+01
   4.9105580e+06   6.4270020e+01
   4.9114250e+06   3.5644531e+01
   4.9125570e+06   3.4851074e+01
   4.9156860e+06   6.2011719e+01
   4.9217840e+06   5.5358887e+01
   4.9313340e+06   4.3640137e+01
   4.9317210e+06   3.8085938e+01
   4.9420370e+06   3.4973145e+01
   4.9434650e+06   6.4208984e+01
   4.9442470e+06   3.7719727e+01
   4.9495200e+06   3.5644531e+01
   4.9505250e+06   6.2316895e+01
   4.9506240e+06   3.5888672e+01
   4.9531210e+06   3.5156250e+01
   4.9545370e+06   3.8940430e+01
   4.9556940e+06   3.6193848e+01
   4.9565590e+06   5.9875488e+01
   4.9597950e+06   4.1381836e+01
   4.9604880e+06   3.7170410e+01
   4.9634270e+06   3.9978027e+01
   4.9642480e+06   7.4401855e+01
   4.9714270e+06   3.9672852e+01
   4.9725000e+06   3.5278320e+01
   4.9750870e+06   3.9245605e+01
   4.9808130e+06   7.0068359e+01
   4.9855750e+06   4.2358398e+01
   4.9856860e+06   3.7109375e+01
   4.9865970e+06   5.9814453e+01
   4.9878310e+06   3.7109375e+01
   4.9933920e+06   3.6560059e+01
   4.9953800e+06   3.4790039e+01
   5.0025930e+06   6.1889648e+01
   5.0053130e+06   3.6987305e+01
   5.0098930e+06   6.3049316e+01
   5.0120330e+06   3.7536621e+01
   5.0165420e+06   3.8146973e+01
   5.0181320e+06   4.0588379e+01
   5.0243710e+06   3.8391113e+01
   5.0354960e+06   4.2602539e+01
   5.0378020e+06   3.9855957e+01
   5.0446030e+06   3.9978027e+01
   5.0605620e+06   3.9611816e+01
   5.0658000e+06   3.7475586e+01
   5.0672130e+06   3.5095215e+01
   5.0813760e+06   6.8298340e+01
   5.0831260e+06   3.6193848e+01
   5.0865290e+06   3.5644531e+01
   5.0927580e+06   3.5583496e+01
   5.1004410e+06   6.6589355e+01
   5.1021340e+06   3.6621094e+01
   5.1105210e+06   4.0161133e+01
   5.1110980e+06   3.9794922e+01
   5.1130720e+06   3.5949707e+01
   5.1134150e+06   3.5278320e+01
   5.1135300e+06   3.7902832e+01
   5.1257790e+06   3.8818359e+01
   5.1293970e+06   7.7331543e+01
   5.1299080e+06   3.5339355e+01
   5.1329510e+06   3.7048340e+01
   5.1451220e+06   3.7414551e+01
   5.1454000e+06   6.6101074e+01
   5.1454430e+06   4.2602539e+01
   5.1457860e+06   4.0893555e+01
   5.1458520e+06   6.9824219e+01
   5.1462410e+06   3.7353516e+01
   5.1463020e+06   7.2448730e+01
   5.1463450e+06   3.6437988e+01
   5.1470910e+06   6.9702148e+01
   5.1471370e+06   3.5095215e+01
   5.1472090e+06   6.4392090e+01
   5.1473440e+06   4.1076660e+01
   5.1475060e+06   7.4462891e+01
   5.1478970e+06   4.1320801e+01
   5.1479740e+06   5.6518555e+01
   5.1480190e+06   4.4494629e+01
   5.1480760e+06   3.8391113e+01
   5.1481060e+06   8.5815430e+01
   5.1481440e+06   7.2265625e+01
   5.1481580e+06   3.8574219e+01
   5.1482720e+06   3.9367676e+01
   5.1483150e+06   5.1452637e+01
   5.1484500e+06   3.9794922e+01
   5.1484920e+06   3.6315918e+01
   5.1485190e+06   6.2377930e+01
   5.1485430e+06   4.6569824e+01
   5.1486510e+06   3.7414551e+01
   5.1486850e+06   4.2846680e+01
   5.1487290e+06   4.9926758e+01
   5.1488520e+06   3.4851074e+01
   5.1490280e+06   5.2551270e+01
   5.1490810e+06   3.9245605e+01
   5.1492760e+06   5.0720215e+01
   5.1493990e+06   5.5480957e+01
   5.1494100e+06   3.5766602e+01
   5.1495580e+06   3.6010742e+01
   5.1499610e+06   5.8837891e+01
   5.1506470e+06   5.6091309e+01
   5.1624360e+06   3.8146973e+01
   5.1634710e+06   3.7231445e+01
   5.1650050e+06   4.0283203e+01
   5.1650800e+06   3.7902832e+01
   5.1651320e+06   5.5969238e+01
   5.1653190e+06   3.9123535e+01
   5.1653530e+06   8.9721680e+01
   5.1653790e+06   3.5705566e+01
   5.1653970e+06   4.1320801e+01
   5.1654180e+06   4.8828125e+01
   5.1654930e+06   3.9916992e+01
   5.1655170e+06   6.6772461e+01
   5.1655430e+06   4.7668457e+01
   5.1655740e+06   3.7841797e+01
   5.1656150e+06   5.5297852e+01
   5.1656280e+06   4.0893555e+01
   5.1656620e+06   6.9458008e+01
   5.1656790e+06   4.0893555e+01
   5.1657150e+06   3.8085938e+01
   5.1657440e+06   3.6926270e+01
   5.1657590e+06   5.0537109e+01
   5.1657780e+06   3.8757324e+01
   5.1658090e+06   6.6284180e+01
   5.1658570e+06   3.8452148e+01
   5.1659910e+06   5.9387207e+01
   5.1661610e+06   4.8522949e+01
   5.1661880e+06   3.9794922e+01
   5.1663960e+06   4.4555664e+01
   5.1664540e+06   3.5339355e+01
   5.1667410e+06   4.5532227e+01
   5.1670430e+06   6.4086914e+01
   5.1673390e+06   3.9245605e+01
   5.1673940e+06   3.9001465e+01
   5.1676550e+06   6.5673828e+01
   5.1680440e+06   4.1381836e+01
   5.1683970e+06   5.5541992e+01
   5.1695010e+06   4.1259766e+01
   5.1700600e+06   3.7292480e+01
   5.1763410e+06   3.7963867e+01
   5.1791290e+06   3.5339355e+01
   5.1802570e+06   3.7475586e+01
   5.1876640e+06   4.0466309e+01
   5.1941910e+06   6.8237305e+01
   5.1942310e+06   3.8391113e+01
   5.2008500e+06   3.6376953e+01
   5.2011520e+06   6.6406250e+01
   5.2047350e+06   6.5307617e+01
   5.2069430e+06   3.7048340e+01
   5.2085250e+06   4.0466309e+01
   5.2144260e+06   6.7016602e+01
   5.2190300e+06   7.1411133e+01
   5.2300510e+06   7.4157715e+01
   5.2355290e+06   6.4697266e+01
   5.2429380e+06   3.5278320e+01
   5.2435100e+06   3.4912109e+01
   5.2450760e+06   3.6010742e+01
   5.2454530e+06   4.1137695e+01
   5.2466470e+06   4.0344238e+01
   5.2471850e+06   3.4912109e+01
   5.2485320e+06   6.0363770e+01
   5.2644700e+06   3.5400391e+01
   5.2677460e+06   3.9855957e+01
   5.2859920e+06   3.4790039e+01
   5.2896620e+06   3.5461426e+01
   5.2905460e+06   5.1330566e+01
   5.2910430e+06   3.7170410e+01
   5.2920170e+06   3.5461426e+01
   5.2925250e+06   3.6376953e+01
   5.2977140e+06   3.7597656e+01
   5.3017500e+06   3.7780762e+01
   5.3168010e+06   4.6264648e+01
   5.3213540e+06   3.7536621e+01
   5.3323810e+06   3.7658691e+01
   5.3398990e+06   3.5583496e+01
   5.3507560e+06   3.6071777e+01
   5.3530810e+06   3.5400391e+01
   5.3581050e+06   3.4912109e+01
   5.3604350e+06   3.6621094e+01
   5.3612690e+06   4.5166016e+01
   5.3684790e+06   6.3720703e+01
   5.3752070e+06   3.6682129e+01
   5.3794010e+06   6.6589355e+01
   5.3868910e+06   3.6254883e+01
   5.4006630e+06   3.5522461e+01
   5.4026560e+06   3.7780762e+01
   5.4035150e+06   3.6010742e+01
   5.4045160e+06   3.5949707e+01
   5.4068480e+06   3.5339355e+01
   5.4105440e+06   3.5949707e+01
   5.4119220e+06   3.7963867e+01
   5.4243740e+06   4.3579102e+01
   5.4372190e+06   3.6254883e+01
   5.4421330e+06   3.6132813e+01
   5.4444730e+06   3.8940430e+01
   5.4469730e+06   3.8208008e+01
   5.4600410e+06   4.0832520e+01
   5.4627860e+06   3.6376953e+01
   5.4657480e+06   6.7871094e+01
   5.4659650e+06   3.8330078e+01
   5.4665780e+06   5.0170898e+01
   5.4667260e+06   7.4584961e+01
   5.4668280e+06   3.8574219e+01
   5.4668530e+06   3.8208008e+01
   5.4669220e+06   4.7973633e+01
   5.4669760e+06   3.7780762e+01
   5.4671980e+06   3.8208008e+01
   5.4672880e+06   6.2500000e+01
   5.4675150e+06   7.0251465e+01
   5.4675740e+06   4.2724609e+01
   5.4676920e+06   4.5898438e+01
   5.4679760e+06   6.1828613e+01
   5.4679960e+06   3.8085938e+01
   5.4680070e+06   4.4982910e+01
   5.4680930e+06   4.0100098e+01
   5.4681750e+06   3.9245605e+01
   5.4682740e+06   6.8664551e+01
   5.4682890e+06   4.4067383e+01
   5.4683290e+06   4.2358398e+01
   5.4684770e+06   3.4973145e+01
   5.4685250e+06   5.7739258e+01
   5.4685830e+06   4.8400879e+01
   5.4686720e+06   4.6203613e+01
   5.4687000e+06   5.4138184e+01
   5.4688130e+06   5.3588867e+01
   5.4688330e+06   4.0588379e+01
   5.4688620e+06   4.3457031e+01
   5.4688850e+06   3.6376953e+01
   5.4689250e+06   3.7292480e+01
   5.4689450e+06   5.0598145e+01
   5.4690410e+06   4.6875000e+01
   5.4690770e+06   3.5827637e+01
   5.4690950e+06   4.0893555e+01
   5.4691250e+06   4.6203613e+01
   5.4693070e+06   3.5217285e+01
   5.4693780e+06   4.8339844e+01
   5.4696380e+06   5.7250977e+01
   5.4700070e+06   4.5410156e+01
   5.4701480e+06   3.5888672e+01
   5.4703040e+06   3.5766602e+01
   5.4707100e+06   3.9367676e+01
   5.4714230e+06   4.2480469e+01
   5.4718670e+06   3.4912109e+01
   5.4836310e+06   6.5612793e+01
   5.4836830e+06   4.0771484e+01
   5.4837790e+06   3.7841797e+01
   5.4838250e+06   3.4790039e+01
   5.4838490e+06   3.9367676e+01
   5.4838850e+06   5.8227539e+01
   5.4839420e+06   5.4504395e+01
   5.4839990e+06   6.5856934e+01
   5.4840830e+06   3.6254883e+01
   5.4841040e+06   5.5297852e+01
   5.4841390e+06   4.0771484e+01
   5.4842370e+06   8.9111328e+01
   5.4843280e+06   3.5034180e+01
   5.4844320e+06   4.8278809e+01
   5.4844640e+06   5.4931641e+01
   5.4846560e+06   5.4504395e+01
   5.4846880e+06   4.6691895e+01
   5.4847670e+06   3.5766602e+01
   5.4847820e+06   4.9499512e+01
   5.4848970e+06   3.8879395e+01
   5.4850720e+06   5.4992676e+01
   5.4852200e+06   4.0466309e+01
   5.4853160e+06   4.9011230e+01
   5.4855700e+06   3.9367676e+01
   5.4858000e+06   4.2724609e+01
   5.4870280e+06   3.6071777e+01
   5.4871990e+06   3.4912109e+01
   5.4872210e+06   4.1503906e+01
   5.4894720e+06   3.5766602e+01
   5.5082750e+06   3.9489746e+01
   5.5112680e+06   6.3293457e+01
   5.5151660e+06   5.7800293e+01
   5.5253760e+06   6.7687988e+01
   5.5256470e+06   3.8879395e+01
   5.5398930e+06   3.9123535e+01
   5.5402700e+06   6.1035156e+01
   5.5426580e+06   3.6132813e+01
   5.5449360e+06   5.7861328e+01
   5.5451700e+06   3.5522461e+01
   5.5464050e+06   4.5471191e+01
   5.5656450e+06   6.8847656e+01
   5.5879060e+06   3.7414551e+01
   5.5891880e+06   4.1015625e+01
   5.5953270e+06   3.8574219e+01
   5.5979050e+06   3.5400391e+01
   5.6015180e+06   3.5095215e+01
   5.6033670e+06   4.1015625e+01
   5.6086810e+06   3.7902832e+01
   5.6220240e+06   6.9274902e+01
   5.6232640e+06   3.5217285e+01
   5.6246140e+06   3.8085938e+01
   5.6263670e+06   3.5949707e+01
   5.6267020e+06   4.2236328e+01
   5.6312220e+06   7.0617676e+01
   5.6351420e+06   3.6682129e+01
   5.6405570e+06   3.5034180e+01
   5.6465750e+06   3.6621094e+01
   5.6499990e+06   5.1269531e+01
   5.6573510e+06   3.5827637e+01
   5.6784640e+06   3.4912109e+01
   5.6792640e+06   3.5217285e+01
   5.6841780e+06   7.5073242e+01
   5.6859120e+06   3.5217285e+01
   5.6883140e+06   3.5156250e+01
   5.6938090e+06   4.1625977e+01
   5.6966780e+06   3.4790039e+01
   5.7054980e+06   4.1992188e+01
   5.7108580e+06   3.4790039e+01
   5.7174380e+06   3.6743164e+01
   5.7222520e+06   4.0039063e+01
   5.7227810e+06   3.7963867e+01
   5.7280900e+06   3.6682129e+01
   5.7301570e+06   3.5644531e+01
   5.7309180e+06   3.9855957e+01
   5.7339550e+06   3.4912109e+01
   5.7353650e+06   3.6071777e+01
   5.7485470e+06   4.0710449e+01
   5.7488540e+06   3.9855957e+01
   5.7488980e+06   5.5908203e+01
   5.7490380e+06   3.8208008e+01
   5.7492580e+06   3.8818359e+01
   5.7492880e+06   7.8430176e+01
   5.7493900e+06   3.7597656e+01
   5.7495080e+06   3.9062500e+01
   5.7497900e+06   8.6425781e+01
   5.7498490e+06   4.1503906e+01
   5.7501560e+06   3.6987305e+01
   5.7501800e+06   4.7851563e+01
   5.7502060e+06   3.8574219e+01
   5.7502900e+06   8.0810547e+01
   5.7505000e+06   4.5776367e+01
   5.7505480e+06   3.6560059e+01
   5.7505700e+06   4.4311523e+01
   5.7506190e+06   4.2236328e+01
   5.7506440e+06   3.6804199e+01
   5.7506950e+06   3.9489746e+01
   5.7508060e+06   5.3588867e+01
   5.7509220e+06   3.5705566e+01
   5.7509530e+06   3.6560059e+01
   5.7510530e+06   4.7424316e+01
   5.7511230e+06   5.2429199e+01
   5.7512370e+06   3.8024902e+01
   5.7512780e+06   6.7810059e+01
   5.7513220e+06   5.3161621e+01
   5.7513540e+06   4.7790527e+01
   5.7513840e+06   3.7475586e+01
   5.7514390e+06   4.1198730e+01
   5.7514770e+06   4.2297363e+01
   5.7515380e+06   6.4636230e+01
   5.7515780e+06   3.4851074e+01
   5.7516580e+06   4.4982910e+01
   5.7518180e+06   3.5644531e+01
   5.7518550e+06   3.5644531e+01
   5.7518710e+06   3.8696289e+01
   5.7519250e+06   5.0048828e+01
   5.7522490e+06   4.4555664e+01
   5.7523220e+06   3.8085938e+01
   5.7529150e+06   4.8767090e+01
   5.7530720e+06   3.4790039e+01
   5.7623590e+06   3.5034180e+01
   5.7664030e+06   4.2236328e+01
   5.7665590e+06   4.2419434e+01
   5.7666460e+06   3.8757324e+01
   5.7667400e+06   7.3852539e+01
   5.7667660e+06   4.3701172e+01
   5.7668360e+06   3.5705566e+01
   5.7668830e+06   3.9062500e+01
   5.7669190e+06   3.7902832e+01
   5.7669340e+06   6.2255859e+01
   5.7669520e+06   4.4311523e+01
   5.7670120e+06   7.2326660e+01
   5.7670270e+06   3.8635254e+01
   5.7671400e+06   4.4372559e+01
   5.7671610e+06   4.3823242e+01
   5.7671950e+06   7.2692871e+01
   5.7673500e+06   3.8879395e+01
   5.7673900e+06   4.2480469e+01
   5.7674420e+06   3.5278320e+01
   5.7675290e+06   3.7536621e+01
   5.7675580e+06   4.2419434e+01
   5.7676850e+06   3.6193848e+01
   5.7678730e+06   4.5654297e+01
   5.7681040e+06   5.4260254e+01
   5.7684050e+06   5.9082031e+01
   5.7689620e+06   3.8574219e+01
   5.7691150e+06   3.5949707e+01
   5.7693480e+06   3.6254883e+01
   5.7698090e+06   5.9631348e+01
   5.7702880e+06   3.6499023e+01
   5.7705060e+06   5.5541992e+01
   5.7707950e+06   5.2307129e+01
   5.7710430e+06   3.6499023e+01
   5.7855580e+06   6.6528320e+01
   5.7927440e+06   3.5156250e+01
   5.7935430e+06   3.7292480e+01
   5.7981830e+06   7.5378418e+01
   5.8040780e+06   3.9978027e+01
   5.8087200e+06   4.7302246e+01
   5.8097690e+06   3.8940430e+01
   5.8173810e+06   6.7932129e+01
   5.8267440e+06   6.0485840e+01
   5.8367600e+06   4.7485352e+01
   5.8399460e+06   6.3598633e+01
   5.8466350e+06   6.8054199e+01
   5.8497570e+06   3.5705566e+01
   5.8530600e+06   3.6315918e+01
   5.8592220e+06   7.2082520e+01
   5.8597380e+06   4.3090820e+01
   5.8619620e+06   3.6865234e+01
   5.8625420e+06   3.7109375e+01
   5.8642660e+06   3.4851074e+01
   5.8692160e+06   3.9672852e+01
   5.8712390e+06   3.9916992e+01
   5.8909610e+06   6.3415527e+01
   5.8920070e+06   3.9672852e+01
   5.8925920e+06   3.6987305e+01
   5.8953060e+06   3.4851074e+01
   5.8989210e+06   3.5400391e+01
   5.9057980e+06   6.6406250e+01
   5.9061010e+06   5.3894043e+01
   5.9068470e+06   4.4250488e+01
   5.9069210e+06   3.6193848e+01
   5.9070570e+06   3.5644531e+01
   5.9071810e+06   3.7597656e+01
   5.9073380e+06   3.8024902e+01
   5.9088140e+06   6.6894531e+01
   5.9091890e+06   3.4851074e+01
   5.9095420e+06   3.6193848e+01
   5.9099880e+06   4.0954590e+01
   5.9191640e+06   3.6743164e+01
   5.9216540e+06   3.5583496e+01
   5.9264210e+06   3.5827637e+01
   5.9360010e+06   3.9855957e+01
   5.9381060e+06   3.6315918e+01
   5.9436350e+06   3.4912109e+01
   5.9481800e+06   3.5034180e+01
   5.9497770e+06   3.7170410e+01
   5.9540370e+06   3.6560059e+01
   5.9553620e+06   4.4372559e+01
   5.9668040e+06   3.5339355e+01
   5.9691430e+06   3.4790039e+01
   5.9718770e+06   8.3374023e+01
   5.9742750e+06   3.5705566e+01
   5.9748570e+06   3.5339355e+01
   5.9752940e+06   4.0405273e+01
   5.9762390e+06   4.4677734e+01
   5.9927700e+06   4.5043945e+01
