   1.1996000e+07   0.0000000e+00
   1.6151000e+04   3.1677246e+01
   1.6222000e+04   2.7343750e+01
   1.6337000e+04   3.1127930e+01
   1.6377000e+04   2.4719238e+01
   1.6409000e+04   3.2592773e+01
   1.6424000e+04   2.5878906e+01
   1.6530000e+04   2.9479980e+01
   3.1086000e+04   2.5268555e+01
   3.1102000e+04   2.6428223e+01
   3.1273000e+04   2.5146484e+01
   3.1306000e+04   2.5695801e+01
   4.1071000e+04   2.5695801e+01
   4.9161000e+04   2.6245117e+01
   1.3711200e+05   2.7526855e+01
   1.3713200e+05   3.6682129e+01
   1.3760700e+05   2.9785156e+01
   1.3763300e+05   2.6245117e+01
   1.3769500e+05   3.5095215e+01
   1.3770500e+05   3.1677246e+01
   1.3779400e+05   2.9418945e+01
   1.7285000e+05   2.6550293e+01
   1.7611600e+05   3.1005859e+01
   1.7615300e+05   2.5451660e+01
   1.7619600e+05   2.5146484e+01
   1.7622500e+05   2.6245117e+01
   1.7636000e+05   2.9541016e+01
   1.8669200e+05   2.7526855e+01
   1.9135200e+05   2.6428223e+01
   1.9258400e+05   2.6977539e+01
   1.9399800e+05   2.5451660e+01
   2.3417500e+05   3.5095215e+01
   2.3421000e+05   2.5451660e+01
   2.3422000e+05   3.2104492e+01
   2.3428400e+05   2.7832031e+01
   2.3430200e+05   2.8808594e+01
   2.3521900e+05   2.4902344e+01
   2.4526600e+05   2.5817871e+01
   2.5149900e+05   2.4841309e+01
   2.5160300e+05   2.8015137e+01
   2.5165000e+05   2.5634766e+01
   2.5169600e+05   2.5756836e+01
   2.5176300e+05   2.6733398e+01
   2.5259000e+05   2.5085449e+01
   3.3269800e+05   3.2043457e+01
   3.3271200e+05   2.7770996e+01
   3.3280800e+05   2.7038574e+01
   3.3297600e+05   2.5268555e+01
   3.3299800e+05   2.9602051e+01
   3.3313200e+05   2.5451660e+01
   3.3505500e+05   2.9541016e+01
   3.5570600e+05   2.5329590e+01
   3.5598000e+05   2.6306152e+01
   3.5606500e+05   2.6062012e+01
   3.5632300e+05   2.7038574e+01
   3.7330200e+05   2.5451660e+01
   3.7389300e+05   2.6977539e+01
   3.7419900e+05   2.6000977e+01
   3.7512100e+05   2.9479980e+01
   3.8258100e+05   2.5146484e+01
   4.2584700e+05   2.5817871e+01
   4.2601200e+05   2.7221680e+01
   4.2605800e+05   3.0029297e+01
   4.2610800e+05   2.7221680e+01
   4.2626700e+05   2.9724121e+01
   4.2646400e+05   2.8320313e+01
   4.2671000e+05   2.4963379e+01
   4.2734400e+05   2.4780273e+01
   4.4907200e+05   2.4719238e+01
   4.4934900e+05   2.5878906e+01
   4.4936400e+05   2.5268555e+01
   4.4955800e+05   2.7648926e+01
   5.0379600e+05   2.5390625e+01
   5.1509500e+05   2.4841309e+01
   5.1986300e+05   2.6184082e+01
   5.2871700e+05   2.6123047e+01
   5.3118300e+05   2.5207520e+01
   5.6338200e+05   2.4475098e+01
   5.6676100e+05   2.5146484e+01
   5.6683200e+05   2.8930664e+01
   5.6686300e+05   2.4658203e+01
   5.6689900e+05   2.9602051e+01
   5.6698500e+05   2.5817871e+01
   5.6700900e+05   2.9357910e+01
   5.6709300e+05   2.4536133e+01
   5.8209900e+05   2.5939941e+01
   5.8240800e+05   3.5095215e+01
   5.8253900e+05   2.7343750e+01
   5.8266300e+05   2.5634766e+01
   5.8272900e+05   2.6855469e+01
   5.8285700e+05   2.6123047e+01
   5.8337800e+05   2.5634766e+01
   5.9850700e+05   2.4963379e+01
   6.1129800e+05   2.5817871e+01
   6.1261600e+05   2.4475098e+01
   6.1317500e+05   2.4597168e+01
   6.1478900e+05   2.6977539e+01
   6.1722900e+05   2.5634766e+01
   6.1880400e+05   2.4719238e+01
   6.7930100e+05   2.7587891e+01
   7.1874800e+05   2.4597168e+01
   7.3362300e+05   2.5329590e+01
   7.4016500e+05   2.5817871e+01
   7.7621500e+05   2.4597168e+01
   7.9202800e+05   2.9541016e+01
   7.9228300e+05   2.6062012e+01
   8.3866200e+05   2.4902344e+01
   8.9338100e+05   2.5024414e+01
   8.9378000e+05   3.2104492e+01
   8.9380600e+05   2.5573730e+01
   8.9389100e+05   2.4597168e+01
   8.9397000e+05   3.0639648e+01
   9.4636700e+05   2.6184082e+01
   9.4650900e+05   2.6245117e+01
   9.4658800e+05   2.8076172e+01
   9.5962200e+05   2.4719238e+01
   9.6766500e+05   3.4301758e+01
   9.6796600e+05   2.6062012e+01
   9.6809400e+05   2.5024414e+01
   9.6819100e+05   2.4475098e+01
   9.9441900e+05   2.6794434e+01
   1.0163730e+06   2.6184082e+01
   1.0451440e+06   2.4475098e+01
   1.0451790e+06   2.5573730e+01
   1.0452130e+06   2.6794434e+01
   1.0452500e+06   2.6977539e+01
   1.0452900e+06   2.5817871e+01
   1.0453760e+06   2.6794434e+01
   1.0469310e+06   2.4841309e+01
   1.0722280e+06   2.5329590e+01
   1.2100940e+06   3.0334473e+01
   1.2368110e+06   2.5085449e+01
   1.2369580e+06   2.5878906e+01
   1.2369800e+06   2.6306152e+01
   1.2370290e+06   2.6428223e+01
   1.2370620e+06   2.6245117e+01
   1.2715710e+06   2.6916504e+01
   1.2997660e+06   2.6306152e+01
   1.2998490e+06   2.9785156e+01
   1.2998790e+06   2.8381348e+01
   1.2999090e+06   2.5085449e+01
   1.2999320e+06   3.0456543e+01
   1.2999790e+06   2.6367188e+01
   1.2999990e+06   2.9052734e+01
   1.3000430e+06   2.5207520e+01
   1.3116710e+06   2.7038574e+01
   1.3149050e+06   2.4902344e+01
   1.4558130e+06   3.0151367e+01
   1.4559290e+06   2.6367188e+01
   1.4559400e+06   3.0639648e+01
   1.4560010e+06   2.5024414e+01
   1.4560800e+06   2.4658203e+01
   1.4561200e+06   2.5024414e+01
   1.4680550e+06   2.4658203e+01
   1.4819130e+06   3.4118652e+01
   1.4843130e+06   2.5207520e+01
   1.4847290e+06   2.5634766e+01
   1.4857730e+06   2.7038574e+01
   1.4875690e+06   2.7587891e+01
   1.5235920e+06   2.5634766e+01
   1.5922500e+06   2.5451660e+01
   1.6034890e+06   2.6306152e+01
   1.6036160e+06   3.8879395e+01
   1.6036290e+06   3.2531738e+01
   1.6036880e+06   3.4484863e+01
   1.6037000e+06   2.5939941e+01
   1.6038080e+06   2.6184082e+01
   1.6971630e+06   2.6245117e+01
   1.6972170e+06   2.7404785e+01
   1.6972420e+06   2.8442383e+01
   1.6972790e+06   2.5390625e+01
   1.6973200e+06   2.8015137e+01
   1.6973320e+06   2.8564453e+01
   1.6973870e+06   2.4597168e+01
   1.6974110e+06   3.0395508e+01
   1.6974270e+06   2.7160645e+01
   1.6974830e+06   2.4841309e+01
   1.6982810e+06   2.8625488e+01
   1.7215890e+06   2.4719238e+01
   1.8092410e+06   2.5451660e+01
   1.8093110e+06   2.7404785e+01
   1.8093780e+06   2.7343750e+01
   1.8094170e+06   2.4719238e+01
   1.8095290e+06   3.1250000e+01
   1.8101470e+06   2.8320313e+01
   1.8203190e+06   2.5451660e+01
   1.8233720e+06   2.4475098e+01
   1.9232350e+06   2.7221680e+01
   1.9233370e+06   2.4658203e+01
   1.9233500e+06   3.0517578e+01
   1.9234120e+06   2.4597168e+01
   1.9234530e+06   2.7770996e+01
   1.9234820e+06   2.9174805e+01
   1.9239460e+06   2.6733398e+01
   1.9580600e+06   3.0944824e+01
   2.0114520e+06   2.5024414e+01
   2.0114970e+06   2.4536133e+01
   2.0115930e+06   2.6611328e+01
   2.0117680e+06   2.4475098e+01
   2.0117950e+06   2.8320313e+01
   2.0118560e+06   2.4963379e+01
   2.0118770e+06   2.4841309e+01
   2.0119090e+06   2.5512695e+01
   2.0120110e+06   2.4780273e+01
   2.0120370e+06   2.8747559e+01
   2.0564420e+06   2.5085449e+01
   2.0566300e+06   2.4902344e+01
   2.0566740e+06   2.6733398e+01
   2.0567060e+06   2.5085449e+01
   2.1977000e+06   2.7770996e+01
   2.1978070e+06   2.5024414e+01
   2.1978610e+06   3.1005859e+01
   2.1979260e+06   2.6000977e+01
   2.1979520e+06   2.7038574e+01
   2.1979920e+06   2.6855469e+01
   2.1980370e+06   2.8991699e+01
   2.2228860e+06   2.6245117e+01
   2.2233840e+06   2.7526855e+01
   2.4080720e+06   3.0151367e+01
   2.4082030e+06   2.6184082e+01
   2.4082210e+06   2.6794434e+01
   2.4083080e+06   2.7404785e+01
   2.4091300e+06   2.4597168e+01
   2.4221390e+06   2.7465820e+01
   2.4830870e+06   2.4780273e+01
   2.4833000e+06   3.1372070e+01
   2.4833310e+06   2.5451660e+01
   2.4837290e+06   2.8442383e+01
   2.4897430e+06   2.6977539e+01
   2.4955290e+06   2.4841309e+01
   2.5813390e+06   2.5085449e+01
   2.6011660e+06   2.7709961e+01
   2.6011900e+06   2.7587891e+01
   2.6012110e+06   2.5451660e+01
   2.6012610e+06   2.7832031e+01
   2.6012930e+06   2.9418945e+01
   2.6013920e+06   2.9479980e+01
   2.6015640e+06   2.4475098e+01
   2.6027300e+06   2.6855469e+01
   2.6154200e+06   2.4719238e+01
   2.6836120e+06   2.7099609e+01
   2.6837890e+06   2.5573730e+01
   2.6838960e+06   2.4475098e+01
   2.6840600e+06   2.4658203e+01
   2.7362610e+06   2.5207520e+01
   2.7854530e+06   2.8320313e+01
   2.7855190e+06   2.9479980e+01
   2.7855290e+06   2.5146484e+01
   2.7855500e+06   3.3081055e+01
   2.7855920e+06   2.8198242e+01
   2.7856860e+06   2.4719238e+01
   2.7857200e+06   2.9785156e+01
   2.7866370e+06   2.5329590e+01
   2.8528240e+06   2.7648926e+01
   2.8528810e+06   2.6916504e+01
   2.8529090e+06   2.8442383e+01
   2.8530640e+06   2.9235840e+01
   2.8530980e+06   2.4475098e+01
   2.9173870e+06   2.8869629e+01
   2.9174200e+06   3.6071777e+01
   2.9174320e+06   3.0944824e+01
   2.9174850e+06   2.6062012e+01
   2.9175220e+06   3.1311035e+01
   2.9175440e+06   2.7282715e+01
   2.9176260e+06   2.9724121e+01
   2.9185840e+06   2.5634766e+01
   2.9663900e+06   2.6062012e+01
   2.9664810e+06   2.8930664e+01
   2.9665620e+06   2.7893066e+01
   2.9665880e+06   2.7099609e+01
   2.9666430e+06   2.5024414e+01
   2.9667410e+06   3.2714844e+01
   2.9668240e+06   2.8137207e+01
   2.9739790e+06   3.1372070e+01
   3.0201790e+06   2.5390625e+01
   3.0202410e+06   2.5878906e+01
   3.0202620e+06   2.7099609e+01
   3.0203370e+06   2.5268555e+01
   3.0204240e+06   2.5634766e+01
   3.0204770e+06   2.6489258e+01
   3.0211820e+06   2.6733398e+01
   3.0213540e+06   2.4658203e+01
   3.1387460e+06   3.1494141e+01
   3.1391140e+06   2.5878906e+01
   3.1392880e+06   3.1921387e+01
   3.3030270e+06   2.5878906e+01
   3.3030630e+06   2.8991699e+01
   3.3030780e+06   3.5583496e+01
   3.3031380e+06   3.0212402e+01
   3.3031750e+06   2.7160645e+01
   3.3032110e+06   2.5817871e+01
   3.3032570e+06   3.0395508e+01
   3.3254120e+06   2.7893066e+01
   3.3258350e+06   2.5085449e+01
   3.3264480e+06   3.0578613e+01
   3.4304990e+06   2.7587891e+01
   3.4305570e+06   2.5146484e+01
   3.4306360e+06   2.4475098e+01
   3.4308190e+06   2.4475098e+01
   3.4315190e+06   2.4902344e+01
   3.5799450e+06   2.8381348e+01
   3.5800730e+06   2.4780273e+01
   3.5803110e+06   3.1982422e+01
   3.5931810e+06   2.4658203e+01
   3.6254270e+06   2.4902344e+01
   3.6526930e+06   2.6977539e+01
   3.7071690e+06   2.7465820e+01
   3.7081500e+06   2.7221680e+01
   3.7081900e+06   2.6977539e+01
   3.7597900e+06   3.4240723e+01
   3.7598110e+06   2.5817871e+01
   3.7600020e+06   3.3264160e+01
   3.7600750e+06   2.4475098e+01
   3.7604280e+06   2.4841309e+01
   3.7686040e+06   2.6000977e+01
   3.8798000e+06   2.8991699e+01
   3.8798470e+06   2.4902344e+01
   3.8798820e+06   2.8686523e+01
   3.8800150e+06   2.6611328e+01
   3.8800570e+06   2.6611328e+01
   3.8800710e+06   2.4780273e+01
   3.8801340e+06   2.5512695e+01
   3.8806050e+06   2.5146484e+01
   3.8813020e+06   3.0761719e+01
   3.8824550e+06   2.5024414e+01
   3.8978640e+06   2.6245117e+01
   4.0582930e+06   2.4719238e+01
   4.0583810e+06   2.4475098e+01
   4.0583980e+06   2.4536133e+01
   4.0585120e+06   2.4780273e+01
   4.0586670e+06   2.4597168e+01
   4.0592540e+06   2.6428223e+01
   4.1188270e+06   2.8930664e+01
   4.1188640e+06   2.5817871e+01
   4.1189960e+06   2.9479980e+01
   4.1341150e+06   2.8198242e+01
   4.1637160e+06   3.9306641e+01
   4.1637580e+06   2.8747559e+01
   4.1640600e+06   2.6611328e+01
   4.1641790e+06   2.6489258e+01
   4.1645700e+06   2.4780273e+01
   4.2143950e+06   2.5085449e+01
   4.2151600e+06   2.6916504e+01
   4.2151790e+06   3.1616211e+01
   4.2152060e+06   2.6367188e+01
   4.2242360e+06   2.5329590e+01
   4.2463610e+06   2.6733398e+01
   4.2463710e+06   2.5085449e+01
   4.2464340e+06   2.6245117e+01
   4.2464700e+06   2.5512695e+01
   4.2465150e+06   2.5634766e+01
   4.2465480e+06   3.6254883e+01
   4.2466880e+06   2.4536133e+01
   4.2473920e+06   2.8198242e+01
   4.3785950e+06   2.5146484e+01
   4.3786960e+06   3.0700684e+01
   4.3787420e+06   2.4475098e+01
   4.3787930e+06   2.4841309e+01
   4.3789150e+06   2.6794434e+01
   4.3789920e+06   2.4841309e+01
   4.3801330e+06   2.4536133e+01
   4.5529480e+06   3.5156250e+01
   4.5531150e+06   3.0456543e+01
   4.5532160e+06   2.5756836e+01
   4.5539740e+06   2.4963379e+01
   4.6702280e+06   3.1066895e+01
   4.6703780e+06   2.4719238e+01
   4.6704780e+06   3.1494141e+01
   4.6705570e+06   2.7954102e+01
   4.6706350e+06   3.8757324e+01
   4.6706880e+06   2.4597168e+01
   4.6713820e+06   2.6184082e+01
   4.6717040e+06   2.7038574e+01
   4.8100060e+06   3.5461426e+01
   4.8100270e+06   2.8198242e+01
   4.8100530e+06   2.9479980e+01
   4.8100850e+06   2.5268555e+01
   4.8102300e+06   3.1188965e+01
   4.8113520e+06   3.0517578e+01
   4.8663760e+06   2.5756836e+01
   4.8665420e+06   3.1799316e+01
   4.8666250e+06   2.6672363e+01
   4.8666410e+06   2.5390625e+01
   4.8666770e+06   2.5695801e+01
   4.8667330e+06   2.8747559e+01
   4.8668700e+06   3.1494141e+01
   4.9167010e+06   3.0517578e+01
   4.9167400e+06   2.9785156e+01
   4.9167610e+06   2.8198242e+01
   4.9168130e+06   2.6855469e+01
   4.9169400e+06   3.1738281e+01
   4.9169710e+06   2.6245117e+01
   4.9178480e+06   2.6733398e+01
   4.9646780e+06   2.5207520e+01
   4.9987250e+06   2.6123047e+01
   4.9987570e+06   2.6123047e+01
   4.9988620e+06   2.5695801e+01
   4.9988970e+06   2.6489258e+01
   4.9990460e+06   2.4658203e+01
   4.9991170e+06   2.6123047e+01
   4.9992150e+06   2.9235840e+01
   5.0009200e+06   2.7099609e+01
   5.1194600e+06   2.5756836e+01
   5.1195440e+06   2.7832031e+01
   5.1195700e+06   2.7099609e+01
   5.1196440e+06   2.7282715e+01
   5.1197980e+06   2.4536133e+01
   5.1214490e+06   2.5024414e+01
   5.2481080e+06   3.1494141e+01
   5.2481330e+06   3.1066895e+01
   5.2482270e+06   2.5085449e+01
   5.2483040e+06   2.8137207e+01
   5.2483670e+06   2.5573730e+01
   5.2575510e+06   2.4475098e+01
   5.3568360e+06   2.4902344e+01
   5.3762040e+06   2.7221680e+01
   5.3763100e+06   2.9113770e+01
   5.3764800e+06   3.2531738e+01
   5.3765390e+06   3.6315918e+01
   5.3766260e+06   2.5939941e+01
   5.4776170e+06   2.5207520e+01
   5.4958510e+06   3.3630371e+01
   5.4960420e+06   2.7465820e+01
   5.4960790e+06   2.5512695e+01
   5.5070080e+06   2.5268555e+01
   5.5767900e+06   2.6367188e+01
   5.5768720e+06   2.8015137e+01
   5.5769730e+06   2.6733398e+01
   5.5770490e+06   2.5756836e+01
   5.5778710e+06   2.6550293e+01
   5.5845230e+06   2.4597168e+01
   5.5945100e+06   2.4597168e+01
   5.6700400e+06   2.4475098e+01
   5.6701210e+06   2.6855469e+01
   5.6701830e+06   2.6000977e+01
   5.6702370e+06   3.0761719e+01
   5.6703040e+06   2.7343750e+01
   5.6703920e+06   2.8747559e+01
   5.6718050e+06   2.7893066e+01
   5.7173490e+06   2.4475098e+01
   5.7173770e+06   2.4719238e+01
   5.7175020e+06   2.6428223e+01
   5.7175320e+06   3.3630371e+01
   5.7175460e+06   2.5085449e+01
   5.7187160e+06   2.6367188e+01
   5.7250210e+06   2.6916504e+01
   5.7366440e+06   2.7282715e+01
   5.7369640e+06   3.0944824e+01
   5.7377850e+06   2.6733398e+01
   5.7428900e+06   2.5024414e+01
   5.8171750e+06   2.5024414e+01
   5.9159800e+06   3.7841797e+01
   5.9161100e+06   3.1921387e+01
   5.9162840e+06   3.0639648e+01
   5.9163590e+06   2.5146484e+01
   5.9320540e+06   2.4963379e+01
   6.0233250e+06   2.8442383e+01
   6.0233380e+06   2.8381348e+01
   6.0241300e+06   2.5512695e+01
   6.1258730e+06   3.6743164e+01
   6.1260310e+06   2.5085449e+01
   6.1260490e+06   2.9052734e+01
   6.1260670e+06   2.6672363e+01
   6.1260930e+06   2.4658203e+01
   6.1261100e+06   2.4719238e+01
   6.1267110e+06   2.4536133e+01
   6.1275990e+06   2.6000977e+01
   6.1857330e+06   2.4841309e+01
   6.1861240e+06   2.4902344e+01
   6.1862840e+06   2.5024414e+01
   6.1865190e+06   2.5390625e+01
   6.1866980e+06   2.6367188e+01
   6.1867380e+06   2.6794434e+01
   6.1867790e+06   2.4841309e+01
   6.1868060e+06   2.6306152e+01
   6.1869450e+06   2.4475098e+01
   6.3224890e+06   2.5390625e+01
   6.3320640e+06   2.6977539e+01
   6.3321590e+06   2.8503418e+01
   6.3323320e+06   2.6550293e+01
   6.3323590e+06   2.4658203e+01
   6.3345450e+06   2.8991699e+01
   6.3422060e+06   2.4963379e+01
   6.4185820e+06   4.1564941e+01
   6.4186020e+06   2.9235840e+01
   6.4186380e+06   2.6855469e+01
   6.4186650e+06   2.4780273e+01
   6.4187470e+06   3.0517578e+01
   6.4187720e+06   2.6733398e+01
   6.4189220e+06   2.6733398e+01
   6.4203940e+06   2.6489258e+01
   6.4291990e+06   2.5817871e+01
   6.5452030e+06   2.8625488e+01
   6.5452490e+06   2.7832031e+01
   6.5453010e+06   2.5268555e+01
   6.5453600e+06   2.5329590e+01
   6.5454660e+06   2.5573730e+01
   6.5455200e+06   3.2348633e+01
   6.5587180e+06   2.5390625e+01
   6.5589560e+06   2.5390625e+01
   6.5590050e+06   2.5024414e+01
   6.5590600e+06   2.8747559e+01
   6.5592210e+06   2.5329590e+01
   6.6032600e+06   2.8869629e+01
   6.6043140e+06   2.9663086e+01
   6.6043400e+06   2.6367188e+01
   6.7228540e+06   2.6184082e+01
   6.7228810e+06   2.6794434e+01
   6.7229280e+06   3.4057617e+01
   6.7229760e+06   2.7893066e+01
   6.7230100e+06   2.4719238e+01
   6.7230700e+06   2.8198242e+01
   6.7230910e+06   2.4963379e+01
   6.7240040e+06   2.5573730e+01
   6.8746690e+06   2.4902344e+01
   6.8747340e+06   2.5329590e+01
   6.8747550e+06   2.6550293e+01
   6.8747850e+06   2.6916504e+01
   6.8748140e+06   2.7038574e+01
   6.8748700e+06   2.5817871e+01
   6.8753880e+06   2.5939941e+01
   6.9272500e+06   2.7343750e+01
   6.9301980e+06   2.5451660e+01
   6.9305830e+06   2.7465820e+01
   7.0478230e+06   2.5329590e+01
   7.0833090e+06   2.5268555e+01
   7.0833290e+06   2.5207520e+01
   7.0833980e+06   2.6977539e+01
   7.0834860e+06   3.0395508e+01
   7.0835240e+06   2.4658203e+01
   7.0835790e+06   2.4658203e+01
   7.1021690e+06   2.5268555e+01
   7.1151740e+06   3.6560059e+01
   7.1161620e+06   2.6672363e+01
   7.1207970e+06   2.7038574e+01
   7.2928790e+06   2.6611328e+01
   7.2929110e+06   3.4790039e+01
   7.2929920e+06   2.4902344e+01
   7.2943650e+06   2.7465820e+01
   7.3689740e+06   2.6428223e+01
   7.3690310e+06   3.0822754e+01
   7.3690970e+06   2.4841309e+01
   7.3691550e+06   2.4658203e+01
   7.3691900e+06   3.2470703e+01
   7.3798260e+06   2.5146484e+01
   7.4341450e+06   3.0151367e+01
   7.4341730e+06   2.8137207e+01
   7.4342550e+06   2.8991699e+01
   7.4342880e+06   2.8808594e+01
   7.4343010e+06   3.3020020e+01
   7.4343500e+06   2.5085449e+01
   7.4344340e+06   2.5451660e+01
   7.4439180e+06   2.6733398e+01
   7.4755240e+06   2.6855469e+01
   7.5042810e+06   2.4597168e+01
   7.5043210e+06   3.3386230e+01
   7.5043380e+06   2.7221680e+01
   7.5043700e+06   2.6794434e+01
   7.5043890e+06   3.0944824e+01
   7.5044100e+06   2.4780273e+01
   7.5047260e+06   2.5146484e+01
   7.5049810e+06   2.7709961e+01
   7.5054530e+06   2.7282715e+01
   7.5114660e+06   2.6245117e+01
   7.6164610e+06   2.7954102e+01
   7.6166630e+06   2.6123047e+01
   7.6170120e+06   2.5024414e+01
   7.6253460e+06   2.4597168e+01
   7.6693620e+06   2.6489258e+01
   7.6746860e+06   2.5207520e+01
   7.7276300e+06   2.7099609e+01
   7.7276550e+06   2.6794434e+01
   7.7277090e+06   2.8076172e+01
   7.7277380e+06   2.6306152e+01
   7.7278110e+06   3.2043457e+01
   7.7278210e+06   2.9663086e+01
   7.7279250e+06   2.4536133e+01
   7.7288410e+06   2.5268555e+01
   7.7290170e+06   2.4536133e+01
   7.7616850e+06   2.4597168e+01
   7.7932300e+06   2.5573730e+01
   7.8629740e+06   2.6489258e+01
   7.8630160e+06   2.4597168e+01
   7.8630780e+06   2.6306152e+01
   7.8631230e+06   2.8747559e+01
   7.8631710e+06   3.2592773e+01
   7.8631960e+06   2.6184082e+01
   7.8642700e+06   2.4902344e+01
   7.9606060e+06   2.6306152e+01
   7.9606400e+06   3.3203125e+01
   7.9606750e+06   2.4780273e+01
   7.9607210e+06   2.7038574e+01
   7.9608300e+06   2.5634766e+01
   7.9608660e+06   2.5390625e+01
   7.9608910e+06   2.5695801e+01
   7.9687660e+06   2.4719238e+01
   8.0298910e+06   2.5085449e+01
   8.0474660e+06   2.6550293e+01
   8.0474980e+06   2.6611328e+01
   8.0475170e+06   2.7282715e+01
   8.0476170e+06   2.6550293e+01
   8.0477030e+06   2.5512695e+01
   8.0478820e+06   2.6367188e+01
   8.0563330e+06   2.5512695e+01
   8.0670620e+06   2.5573730e+01
   8.0712040e+06   2.5512695e+01
   8.0731240e+06   2.6977539e+01
   8.1817600e+06   3.7536621e+01
   8.1817920e+06   2.8564453e+01
   8.1818710e+06   2.6733398e+01
   8.3076700e+06   2.5451660e+01
   8.3078640e+06   3.3142090e+01
   8.3079010e+06   3.2348633e+01
   8.3079700e+06   2.5756836e+01
   8.3093990e+06   2.4536133e+01
   8.4285230e+06   2.7709961e+01
   8.4285400e+06   2.5146484e+01
   8.4285800e+06   2.5268555e+01
   8.4285920e+06   2.7954102e+01
   8.4286650e+06   2.5634766e+01
   8.4287170e+06   2.4536133e+01
   8.4287690e+06   2.9602051e+01
   8.4288910e+06   2.5573730e+01
   8.4628420e+06   2.5878906e+01
   8.5859210e+06   2.6672363e+01
   8.5859620e+06   2.8686523e+01
   8.5860360e+06   2.4536133e+01
   8.5860860e+06   3.2775879e+01
   8.5861970e+06   2.5146484e+01
   8.5863560e+06   2.4841309e+01
   8.6400520e+06   2.4475098e+01
   8.6405500e+06   2.7404785e+01
   8.6407280e+06   3.0090332e+01
   8.7490040e+06   2.5512695e+01
   8.7490550e+06   3.5156250e+01
   8.7492320e+06   3.0700684e+01
   8.7939930e+06   2.4963379e+01
   8.8973650e+06   3.0395508e+01
   8.8973770e+06   2.8137207e+01
   8.8975050e+06   2.8259277e+01
   8.8975460e+06   2.8015137e+01
   8.8975970e+06   2.6306152e+01
   8.8976240e+06   2.5085449e+01
   8.8978180e+06   2.8442383e+01
   8.8993650e+06   2.7526855e+01
   8.9052220e+06   2.4719238e+01
   8.9067140e+06   2.5146484e+01
   8.9098130e+06   2.6123047e+01
   9.0643130e+06   2.4780273e+01
   9.0643600e+06   2.8320313e+01
   9.0644400e+06   3.4912109e+01
   9.0645060e+06   3.3691406e+01
   9.0658550e+06   2.6306152e+01
   9.0933850e+06   2.5024414e+01
   9.0947710e+06   2.4780273e+01
   9.2945990e+06   2.4780273e+01
   9.2946220e+06   2.5390625e+01
   9.2999010e+06   2.6855469e+01
   9.3171350e+06   2.6672363e+01
   9.3247390e+06   2.6306152e+01
   9.3249930e+06   2.4597168e+01
   9.3250310e+06   2.5268555e+01
   9.3256190e+06   2.8869629e+01
   9.3259400e+06   2.7770996e+01
   9.3267550e+06   2.5085449e+01
   9.3278450e+06   2.4597168e+01
   9.3282050e+06   2.5512695e+01
   9.3304800e+06   2.5268555e+01
   9.3329390e+06   2.6672363e+01
   9.4780450e+06   2.7648926e+01
   9.4780870e+06   2.6062012e+01
   9.4781630e+06   2.6611328e+01
   9.4783130e+06   2.5024414e+01
   9.4783280e+06   3.0822754e+01
   9.4783710e+06   2.9418945e+01
   9.4857970e+06   2.5878906e+01
   9.4924350e+06   2.5268555e+01
   9.5483340e+06   2.4780273e+01
   9.5483650e+06   2.4475098e+01
   9.5484540e+06   2.4475098e+01
   9.5485410e+06   2.8930664e+01
   9.5485630e+06   2.4658203e+01
   9.6568080e+06   2.4780273e+01
   9.6569110e+06   3.3447266e+01
   9.6569670e+06   2.8686523e+01
   9.6570470e+06   3.1616211e+01
   9.6571320e+06   2.8930664e+01
   9.7872610e+06   2.7893066e+01
   9.7873110e+06   2.6611328e+01
   9.7874150e+06   2.6367188e+01
   9.8022480e+06   2.4475098e+01
   9.9097080e+06   2.9479980e+01
   9.9098500e+06   2.4536133e+01
   9.9099140e+06   2.5451660e+01
   9.9167910e+06   2.6184082e+01
   9.9223320e+06   2.5085449e+01
   9.9224010e+06   2.5146484e+01
   9.9224760e+06   2.5329590e+01
   9.9226020e+06   2.5817871e+01
   9.9226420e+06   2.6367188e+01
   9.9227140e+06   2.6916504e+01
   9.9231700e+06   2.8503418e+01
   1.0090725e+07   2.4841309e+01
   1.0090763e+07   2.7221680e+01
   1.0090819e+07   4.0771484e+01
   1.0090860e+07   2.9357910e+01
   1.0090920e+07   2.7343750e+01
   1.0092448e+07   2.4719238e+01
   1.0106807e+07   2.4597168e+01
   1.0108481e+07   2.6000977e+01
   1.0121239e+07   2.7282715e+01
   1.0136783e+07   2.8320313e+01
   1.0137696e+07   2.5024414e+01
   1.0142549e+07   2.6855469e+01
   1.0158315e+07   2.6489258e+01
   1.0158757e+07   2.4475098e+01
   1.0376416e+07   3.8452148e+01
   1.0376509e+07   2.4475098e+01
   1.0376722e+07   2.7770996e+01
   1.0440988e+07   2.5573730e+01
   1.0441079e+07   2.6184082e+01
   1.0441103e+07   2.7709961e+01
   1.0441188e+07   2.6000977e+01
   1.0441353e+07   2.4841309e+01
   1.0478633e+07   2.9907227e+01
   1.0478645e+07   3.1860352e+01
   1.0478720e+07   2.9052734e+01
   1.0478895e+07   2.6855469e+01
   1.0479139e+07   2.6306152e+01
   1.0632619e+07   2.9724121e+01
   1.0632644e+07   3.1860352e+01
   1.0632757e+07   2.8198242e+01
   1.0632859e+07   2.8747559e+01
   1.0657460e+07   2.6489258e+01
   1.0657505e+07   2.5024414e+01
   1.0658528e+07   2.5451660e+01
   1.0660397e+07   2.7526855e+01
   1.0767231e+07   3.2653809e+01
   1.0767327e+07   3.1372070e+01
   1.0767387e+07   2.5085449e+01
   1.0767497e+07   2.6062012e+01
   1.0894801e+07   2.5878906e+01
   1.0894830e+07   4.2053223e+01
   1.0894934e+07   2.5817871e+01
   1.0894948e+07   2.5451660e+01
   1.0894988e+07   2.8686523e+01
   1.0895015e+07   2.5634766e+01
   1.0920457e+07   2.7954102e+01
   1.0999747e+07   2.8381348e+01
   1.0999807e+07   2.5268555e+01
   1.0999880e+07   2.8442383e+01
   1.0999937e+07   2.8076172e+01
   1.1170736e+07   2.6855469e+01
   1.1170775e+07   2.5634766e+01
   1.1170910e+07   2.4475098e+01
   1.1170924e+07   2.6367188e+01
   1.1170953e+07   2.6123047e+01
   1.1171327e+07   2.4780273e+01
   1.1308530e+07   2.5085449e+01
   1.1308599e+07   2.6184082e+01
   1.1308630e+07   5.0476074e+01
   1.1308715e+07   2.7709961e+01
   1.1308943e+07   2.8808594e+01
   1.1309451e+07   2.4475098e+01
   1.1346530e+07   2.5390625e+01
   1.1347418e+07   2.4597168e+01
   1.1347626e+07   2.4780273e+01
   1.1348063e+07   2.5390625e+01
   1.1446103e+07   2.6184082e+01
   1.1446184e+07   2.7954102e+01
   1.1446196e+07   2.4780273e+01
   1.1446427e+07   2.5939941e+01
   1.1447438e+07   2.5146484e+01
   1.1447624e+07   2.5512695e+01
   1.1463769e+07   2.4902344e+01
   1.1567572e+07   3.0395508e+01
   1.1567593e+07   2.8320313e+01
   1.1567681e+07   2.5695801e+01
   1.1567695e+07   3.1982422e+01
   1.1568744e+07   2.4658203e+01
   1.1618506e+07   2.8015137e+01
   1.1619954e+07   2.5878906e+01
   1.1620002e+07   2.6916504e+01
   1.1620395e+07   2.5451660e+01
   1.1736333e+07   2.6245117e+01
   1.1736368e+07   2.6672363e+01
   1.1736411e+07   2.6062012e+01
   1.1736442e+07   2.6855469e+01
   1.1797379e+07   2.7099609e+01
   1.1798934e+07   2.4597168e+01
   1.1911329e+07   2.7587891e+01
   1.1911452e+07   2.6550293e+01
   1.1911584e+07   2.5939941e+01
   1.1913117e+07   2.5695801e+01
