   1.1996000e+07   0.0000000e+00
   1.6067000e+04   4.0954590e+01
   1.6084000e+04   2.8320313e+01
   1.6112000e+04   3.3569336e+01
   1.6150000e+04   6.6162109e+01
   1.6172000e+04   3.6743164e+01
   1.6203000e+04   3.8269043e+01
   1.6226000e+04   3.4973145e+01
   1.6262000e+04   3.8940430e+01
   1.6273000e+04   4.5898438e+01
   1.6309000e+04   2.8076172e+01
   1.6338000e+04   3.1311035e+01
   1.6381000e+04   2.9541016e+01
   1.6396000e+04   3.4118652e+01
   1.6420000e+04   2.8625488e+01
   1.6441000e+04   3.2592773e+01
   1.6603000e+04   2.8015137e+01
   1.7759000e+04   2.8564453e+01
   1.8193000e+04   2.7893066e+01
   3.0943000e+04   3.1250000e+01
   3.0958000e+04   4.0466309e+01
   3.0992000e+04   3.2897949e+01
   3.1022000e+04   3.5644531e+01
   3.1072000e+04   2.9846191e+01
   3.1126000e+04   3.3386230e+01
   3.1159000e+04   3.6926270e+01
   3.1196000e+04   2.9479980e+01
   3.1231000e+04   2.7648926e+01
   3.1250000e+04   2.9174805e+01
   3.1435000e+04   2.8076172e+01
   4.6450000e+04   2.9846191e+01
   4.7295000e+04   3.3569336e+01
   4.7983000e+04   2.8503418e+01
   5.0027000e+04   2.8320313e+01
   7.0844000e+04   2.9663086e+01
   1.3758100e+05   4.8645020e+01
   1.3760000e+05   3.7963867e+01
   1.3761800e+05   3.9794922e+01
   1.3765600e+05   3.8330078e+01
   1.3767100e+05   3.7841797e+01
   1.3770000e+05   2.7282715e+01
   1.3771600e+05   3.5339355e+01
   1.3774800e+05   5.3222656e+01
   1.3778800e+05   3.7658691e+01
   1.3779800e+05   4.6020508e+01
   1.3783200e+05   3.0944824e+01
   1.3786400e+05   3.3569336e+01
   1.3790800e+05   2.8686523e+01
   1.3918500e+05   2.9235840e+01
   1.3921400e+05   2.8076172e+01
   1.3926400e+05   2.7770996e+01
   1.7588500e+05   3.0517578e+01
   1.7610700e+05   3.7414551e+01
   1.7613900e+05   3.0029297e+01
   1.7616800e+05   5.6274414e+01
   1.7617900e+05   4.1503906e+01
   1.7623700e+05   4.4982910e+01
   1.7626500e+05   3.1250000e+01
   1.7629100e+05   4.2846680e+01
   1.7632600e+05   3.7109375e+01
   1.7634500e+05   3.6560059e+01
   1.7636100e+05   2.9785156e+01
   1.7639400e+05   2.9174805e+01
   1.7642900e+05   4.5593262e+01
   1.7645900e+05   3.1677246e+01
   1.7654800e+05   2.8930664e+01
   1.7774400e+05   2.8320313e+01
   1.9180300e+05   3.7475586e+01
   1.9183200e+05   3.0273437e+01
   1.9188000e+05   2.7770996e+01
   1.9195300e+05   2.7770996e+01
   1.9199800e+05   3.2165527e+01
   1.9209200e+05   3.8208008e+01
   1.9212200e+05   3.4851074e+01
   1.9217400e+05   3.3935547e+01
   1.9223200e+05   3.8818359e+01
   1.9232100e+05   3.1127930e+01
   1.9301600e+05   2.7832031e+01
   1.9494800e+05   2.8503418e+01
   2.2081900e+05   3.0029297e+01
   2.3370700e+05   2.9174805e+01
   2.3389400e+05   3.0944824e+01
   2.3390900e+05   3.9733887e+01
   2.3392300e+05   3.1555176e+01
   2.3396300e+05   3.1066895e+01
   2.3398000e+05   2.9663086e+01
   2.3401700e+05   3.1799316e+01
   2.3404100e+05   3.0151367e+01
   2.3405500e+05   3.6865234e+01
   2.3409400e+05   3.3020020e+01
   2.3411200e+05   3.1005859e+01
   2.3412700e+05   3.8513184e+01
   2.3417000e+05   4.7973633e+01
   2.3419100e+05   3.7963867e+01
   2.3421100e+05   2.7648926e+01
   2.3422100e+05   2.8503418e+01
   2.3425200e+05   2.8869629e+01
   2.3427400e+05   3.8574219e+01
   2.3428900e+05   3.3935547e+01
   2.3431600e+05   2.7893066e+01
   2.3444500e+05   2.8869629e+01
   2.3502200e+05   2.8198242e+01
   2.3540800e+05   2.9174805e+01
   2.5114600e+05   3.1494141e+01
   2.5125800e+05   3.1982422e+01
   2.5130200e+05   3.4545898e+01
   2.5132100e+05   4.4250488e+01
   2.5134800e+05   4.6936035e+01
   2.5142800e+05   2.7893066e+01
   2.5143900e+05   2.7465820e+01
   2.5145800e+05   3.3935547e+01
   2.5153000e+05   2.9663086e+01
   2.5155200e+05   2.8991699e+01
   2.5161000e+05   2.8015137e+01
   2.5172800e+05   2.9418945e+01
   2.9727600e+05   3.0578613e+01
   3.3301200e+05   3.4912109e+01
   3.3303500e+05   4.9072266e+01
   3.3306600e+05   3.1127930e+01
   3.3309300e+05   5.5480957e+01
   3.3311300e+05   3.6926270e+01
   3.3314600e+05   5.6518555e+01
   3.3316900e+05   3.8330078e+01
   3.3319100e+05   3.9794922e+01
   3.3322300e+05   4.8095703e+01
   3.3326400e+05   4.6142578e+01
   3.3327500e+05   3.3203125e+01
   3.3331300e+05   2.7526855e+01
   3.5612300e+05   3.1616211e+01
   3.5615300e+05   4.3212891e+01
   3.5624000e+05   3.7780762e+01
   3.5625700e+05   3.7231445e+01
   3.5628000e+05   4.4250488e+01
   3.5631800e+05   4.6752930e+01
   3.5639700e+05   3.3691406e+01
   3.5642400e+05   2.8198242e+01
   3.5649600e+05   2.9479980e+01
   3.5688300e+05   3.2104492e+01
   3.5760900e+05   2.8320313e+01
   3.7436100e+05   3.0334473e+01
   3.7459400e+05   2.9052734e+01
   3.7464000e+05   2.8625488e+01
   3.7466600e+05   3.4118652e+01
   3.7486800e+05   2.8015137e+01
   4.2574900e+05   3.5339355e+01
   4.2577400e+05   3.4790039e+01
   4.2578700e+05   3.6743164e+01
   4.2584900e+05   3.3386230e+01
   4.2585900e+05   3.7536621e+01
   4.2588800e+05   2.7709961e+01
   4.2590900e+05   3.1860352e+01
   4.2593000e+05   2.8686523e+01
   4.2595500e+05   4.9499512e+01
   4.2597700e+05   2.9296875e+01
   4.2599500e+05   3.0639648e+01
   4.2604000e+05   2.8076172e+01
   4.2605100e+05   2.8991699e+01
   4.2609000e+05   2.8564453e+01
   4.2615400e+05   3.2104492e+01
   4.2753000e+05   2.8686523e+01
   4.4874800e+05   2.8015137e+01
   4.4889500e+05   2.8564453e+01
   4.4892600e+05   2.8015137e+01
   4.4895300e+05   6.7138672e+01
   4.4902800e+05   3.5156250e+01
   4.4905800e+05   3.8696289e+01
   4.4906900e+05   4.4250488e+01
   4.4909900e+05   4.5654297e+01
   4.4912500e+05   3.5583496e+01
   4.4916000e+05   3.8696289e+01
   4.4924800e+05   3.7475586e+01
   4.4936100e+05   3.4423828e+01
   4.4938100e+05   3.3447266e+01
   4.4940800e+05   3.9306641e+01
   4.4946300e+05   2.8381348e+01
   4.4970300e+05   2.8442383e+01
   4.5201200e+05   2.8015137e+01
   5.0046900e+05   2.8625488e+01
   5.3889900e+05   2.7954102e+01
   5.6669300e+05   2.9052734e+01
   5.6670900e+05   2.9113770e+01
   5.6684300e+05   4.1687012e+01
   5.6688000e+05   4.0771484e+01
   5.6690800e+05   4.3151855e+01
   5.6693200e+05   4.8950195e+01
   5.6696200e+05   3.6071777e+01
   5.6699200e+05   3.1372070e+01
   5.6702300e+05   3.5034180e+01
   5.6704200e+05   4.5654297e+01
   5.6705900e+05   2.7770996e+01
   5.6710100e+05   3.5644531e+01
   5.6714600e+05   3.2226563e+01
   5.8273700e+05   4.1870117e+01
   5.8282800e+05   4.0344238e+01
   5.8285700e+05   4.9438477e+01
   5.8288400e+05   3.3264160e+01
   5.8294900e+05   2.9663086e+01
   5.8295900e+05   3.1494141e+01
   5.8298400e+05   3.1982422e+01
   5.8300200e+05   2.9785156e+01
   5.8301200e+05   3.1066895e+01
   5.8304700e+05   2.8808594e+01
   5.8307300e+05   3.5644531e+01
   5.8308900e+05   2.9663086e+01
   5.8312700e+05   2.7404785e+01
   6.1315700e+05   3.1494141e+01
   6.1348400e+05   3.2165527e+01
   6.1353400e+05   2.9785156e+01
   6.1375700e+05   3.6315918e+01
   6.1377600e+05   2.7404785e+01
   6.1894100e+05   2.7954102e+01
   6.2007500e+05   3.1311035e+01
   6.3414900e+05   2.8015137e+01
   7.9182500e+05   3.3203125e+01
   7.9186500e+05   4.8522949e+01
   7.9190800e+05   3.8452148e+01
   7.9192700e+05   3.8330078e+01
   7.9196100e+05   3.9672852e+01
   7.9199100e+05   5.0354004e+01
   7.9200400e+05   3.0883789e+01
   7.9202900e+05   2.9907227e+01
   7.9209400e+05   3.3630371e+01
   7.9211600e+05   2.7587891e+01
   7.9213900e+05   3.0029297e+01
   7.9221800e+05   2.9541016e+01
   7.9235200e+05   2.8503418e+01
   8.3843800e+05   2.7709961e+01
   8.3864700e+05   2.8442383e+01
   8.3879700e+05   3.0151367e+01
   8.3887200e+05   2.7465820e+01
   8.3893000e+05   2.8869629e+01
   8.3906700e+05   3.0639648e+01
   8.3907700e+05   3.6743164e+01
   8.9381400e+05   4.4433594e+01
   8.9383300e+05   4.9011230e+01
   8.9384400e+05   4.7729492e+01
   8.9386700e+05   2.8015137e+01
   8.9390100e+05   2.8808594e+01
   8.9391400e+05   3.3447266e+01
   8.9397700e+05   4.6936035e+01
   8.9400100e+05   4.2663574e+01
   8.9402200e+05   3.9672852e+01
   8.9404600e+05   3.1738281e+01
   8.9411100e+05   3.0334473e+01
   8.9414800e+05   2.9357910e+01
   8.9429800e+05   3.2043457e+01
   9.6795000e+05   2.8869629e+01
   9.6798400e+05   4.0954590e+01
   9.6801400e+05   4.4799805e+01
   9.6803200e+05   4.3212891e+01
   9.6804900e+05   2.8076172e+01
   9.6806300e+05   3.3630371e+01
   9.6809800e+05   3.3325195e+01
   9.6812500e+05   4.1076660e+01
   9.6813500e+05   3.7719727e+01
   9.6817100e+05   3.2226563e+01
   9.6820200e+05   3.4423828e+01
   9.6825300e+05   3.0029297e+01
   9.6829800e+05   3.0517578e+01
   9.6834100e+05   2.7893066e+01
   9.9427300e+05   3.0639648e+01
   1.0448420e+06   2.7404785e+01
   1.0449360e+06   3.4606934e+01
   1.0449850e+06   4.1931152e+01
   1.0450170e+06   4.5654297e+01
   1.0450500e+06   3.3508301e+01
   1.0450760e+06   3.6560059e+01
   1.0450920e+06   3.5522461e+01
   1.0451150e+06   3.4301758e+01
   1.0451390e+06   4.8828125e+01
   1.0451770e+06   3.7963867e+01
   1.0452150e+06   3.3874512e+01
   1.0452390e+06   3.0761719e+01
   1.0452680e+06   2.9052734e+01
   1.0453240e+06   3.6071777e+01
   1.0460340e+06   2.8381348e+01
   1.0692470e+06   2.7343750e+01
   1.2368470e+06   2.7465820e+01
   1.2370310e+06   3.8635254e+01
   1.2370640e+06   4.5776367e+01
   1.2370810e+06   6.0058594e+01
   1.2371180e+06   4.1198730e+01
   1.2371360e+06   3.7536621e+01
   1.2371530e+06   4.1442871e+01
   1.2371750e+06   3.5888672e+01
   1.2372070e+06   5.0354004e+01
   1.2372270e+06   3.6376953e+01
   1.2372530e+06   4.8095703e+01
   1.2372840e+06   4.1564941e+01
   1.2372960e+06   3.4545898e+01
   1.2373620e+06   2.8015137e+01
   1.2374050e+06   3.1188965e+01
   1.2374970e+06   3.0456543e+01
   1.2994500e+06   3.0273438e+01
   1.2994620e+06   4.5593262e+01
   1.2995520e+06   2.8381348e+01
   1.2995870e+06   4.4738770e+01
   1.2996030e+06   3.4179688e+01
   1.2996320e+06   3.7475586e+01
   1.2996680e+06   6.5673828e+01
   1.2997010e+06   4.5837402e+01
   1.2997120e+06   2.8442383e+01
   1.2997500e+06   4.2480469e+01
   1.2997720e+06   4.3518066e+01
   1.2997930e+06   3.6437988e+01
   1.2998250e+06   3.0578613e+01
   1.2998570e+06   3.7475586e+01
   1.2998950e+06   2.9968262e+01
   1.3000280e+06   2.8991699e+01
   1.3000850e+06   3.2043457e+01
   1.3001840e+06   2.9296875e+01
   1.4556380e+06   4.7424316e+01
   1.4556860e+06   5.4138184e+01
   1.4557050e+06   4.1564941e+01
   1.4557370e+06   2.8686523e+01
   1.4557580e+06   3.7536621e+01
   1.4557780e+06   3.0517578e+01
   1.4557910e+06   3.0700684e+01
   1.4558200e+06   4.6875000e+01
   1.4558360e+06   3.4240723e+01
   1.4558560e+06   3.1433105e+01
   1.4558830e+06   4.1015625e+01
   1.4561030e+06   2.8808594e+01
   1.4815730e+06   3.1555176e+01
   1.4816400e+06   2.8076172e+01
   1.4820640e+06   2.9846191e+01
   1.4821690e+06   2.8076172e+01
   1.5836960e+06   3.1738281e+01
   1.6033640e+06   3.4301758e+01
   1.6033970e+06   3.2531738e+01
   1.6034220e+06   4.7119141e+01
   1.6034410e+06   3.5827637e+01
   1.6034600e+06   5.1391602e+01
   1.6034730e+06   2.9541016e+01
   1.6034860e+06   4.3273926e+01
   1.6035170e+06   3.7719727e+01
   1.6035430e+06   5.1513672e+01
   1.6035630e+06   3.0273438e+01
   1.6035970e+06   3.6437988e+01
   1.6036150e+06   3.2348633e+01
   1.6036300e+06   3.6132813e+01
   1.6036650e+06   3.0822754e+01
   1.6036990e+06   2.9968262e+01
   1.6969530e+06   3.0639648e+01
   1.6969880e+06   3.3508301e+01
   1.6970010e+06   3.6010742e+01
   1.6970130e+06   4.3273926e+01
   1.6970490e+06   2.9296875e+01
   1.6970630e+06   3.5095215e+01
   1.6971460e+06   3.5766602e+01
   1.6971690e+06   5.4077148e+01
   1.6972040e+06   4.5837402e+01
   1.6972150e+06   2.9479980e+01
   1.6972380e+06   3.0700684e+01
   1.6972670e+06   2.8259277e+01
   1.6972790e+06   3.2653809e+01
   1.6973040e+06   2.9418945e+01
   1.6973670e+06   3.2165527e+01
   1.6978100e+06   2.8686523e+01
   1.6985370e+06   2.9113770e+01
   1.6987420e+06   2.9907227e+01
   1.7118650e+06   2.8930664e+01
   1.7213510e+06   3.0822754e+01
   1.7501010e+06   2.9113770e+01
   1.8090690e+06   2.8381348e+01
   1.8091100e+06   2.8320313e+01
   1.8091600e+06   3.0883789e+01
   1.8091890e+06   4.3823242e+01
   1.8092070e+06   4.5166016e+01
   1.8092220e+06   3.4057617e+01
   1.8092380e+06   3.0944824e+01
   1.8092510e+06   3.0273438e+01
   1.8092800e+06   3.3996582e+01
   1.8092990e+06   2.7893066e+01
   1.8093460e+06   3.6071777e+01
   1.8093610e+06   2.7526855e+01
   1.8093960e+06   2.8564453e+01
   1.8094170e+06   4.1748047e+01
   1.8094900e+06   2.8503418e+01
   1.8095080e+06   2.9724121e+01
   1.8095700e+06   2.8198242e+01
   1.8095930e+06   2.7893066e+01
   1.8107130e+06   2.8930664e+01
   1.9230200e+06   3.1677246e+01
   1.9230310e+06   3.1982422e+01
   1.9230650e+06   4.0344238e+01
   1.9230870e+06   3.7292480e+01
   1.9231060e+06   5.4565430e+01
   1.9231610e+06   3.0761719e+01
   1.9231800e+06   4.0161133e+01
   1.9232010e+06   3.0883789e+01
   1.9232210e+06   4.6142578e+01
   1.9232600e+06   3.6865234e+01
   1.9232830e+06   2.7465820e+01
   1.9233520e+06   4.3884277e+01
   1.9233840e+06   2.7648926e+01
   1.9246460e+06   2.7282715e+01
   1.9248560e+06   3.1066895e+01
   1.9579140e+06   2.8747559e+01
   1.9580830e+06   3.4606934e+01
   1.9581700e+06   2.9418945e+01
   1.9584480e+06   3.2714844e+01
   2.0118750e+06   3.2043457e+01
   2.0118880e+06   4.6142578e+01
   2.0119090e+06   6.0729980e+01
   2.0119350e+06   3.7597656e+01
   2.0119490e+06   3.6926270e+01
   2.0119660e+06   3.1738281e+01
   2.0119820e+06   4.2236328e+01
   2.0120210e+06   4.4067383e+01
   2.0121350e+06   3.0883789e+01
   2.0123000e+06   2.8137207e+01
   2.0123770e+06   2.7893066e+01
   2.0560290e+06   2.7893066e+01
   2.0561700e+06   2.7587891e+01
   2.0562410e+06   2.7526855e+01
   2.0562720e+06   3.7902832e+01
   2.0563060e+06   3.8085938e+01
   2.0563400e+06   3.3630371e+01
   2.0563510e+06   3.8085938e+01
   2.0563980e+06   2.7526855e+01
   2.0564180e+06   3.8879395e+01
   2.0564330e+06   5.8166504e+01
   2.0564520e+06   3.1494141e+01
   2.0564850e+06   2.9235840e+01
   2.0564980e+06   2.9479980e+01
   2.0565230e+06   2.8015137e+01
   2.0565640e+06   2.9602051e+01
   2.0565870e+06   2.9418945e+01
   2.0566620e+06   3.0639648e+01
   2.1974800e+06   2.7770996e+01
   2.1975660e+06   2.9663086e+01
   2.1975980e+06   3.3081055e+01
   2.1976150e+06   3.8330078e+01
   2.1976250e+06   3.1127930e+01
   2.1976350e+06   3.5827637e+01
   2.1976500e+06   3.3996582e+01
   2.1976740e+06   3.9733887e+01
   2.1976940e+06   3.9733887e+01
   2.1977180e+06   3.9978027e+01
   2.1977300e+06   2.7465820e+01
   2.1977580e+06   3.5766602e+01
   2.1977800e+06   4.1076660e+01
   2.1978210e+06   4.9621582e+01
   2.1978430e+06   3.4606934e+01
   2.1979810e+06   2.8259277e+01
   2.2233510e+06   3.0029297e+01
   2.2262990e+06   3.0822754e+01
   2.2318420e+06   2.8381348e+01
   2.3954810e+06   2.9602051e+01
   2.4079080e+06   3.4423828e+01
   2.4079440e+06   3.7902832e+01
   2.4079560e+06   3.2104492e+01
   2.4079810e+06   3.1860352e+01
   2.4079990e+06   3.5095215e+01
   2.4080270e+06   3.2714844e+01
   2.4080470e+06   3.9062500e+01
   2.4080670e+06   3.1555176e+01
   2.4081010e+06   2.9602051e+01
   2.4081250e+06   4.3701172e+01
   2.4081470e+06   4.4860840e+01
   2.4081610e+06   3.4851074e+01
   2.4082610e+06   2.9052734e+01
   2.4082910e+06   3.2531738e+01
   2.4083480e+06   2.7832031e+01
   2.4099030e+06   2.8137207e+01
   2.4827850e+06   4.3273926e+01
   2.4829080e+06   2.9235840e+01
   2.4829220e+06   2.7465820e+01
   2.4829470e+06   5.8715820e+01
   2.4829930e+06   3.7048340e+01
   2.4830390e+06   3.0456543e+01
   2.4830660e+06   3.1188965e+01
   2.4831030e+06   2.7282715e+01
   2.4831320e+06   3.9611816e+01
   2.4831770e+06   2.8320313e+01
   2.4832010e+06   2.8991699e+01
   2.4832500e+06   3.1677246e+01
   2.4854430e+06   2.7770996e+01
   2.6009970e+06   3.1738281e+01
   2.6010100e+06   3.7475586e+01
   2.6010380e+06   6.8664551e+01
   2.6010710e+06   4.0954590e+01
   2.6010850e+06   3.9978027e+01
   2.6010950e+06   4.7607422e+01
   2.6011550e+06   4.9804688e+01
   2.6012010e+06   3.0883789e+01
   2.6012390e+06   3.9123535e+01
   2.6012710e+06   3.3874512e+01
   2.6012980e+06   2.9663086e+01
   2.6024520e+06   2.7587891e+01
   2.6069420e+06   2.7465820e+01
   2.6835720e+06   2.8320313e+01
   2.6836870e+06   3.1555176e+01
   2.6837080e+06   3.3813477e+01
   2.6837360e+06   2.7709961e+01
   2.6837590e+06   2.9113770e+01
   2.6837840e+06   4.0161133e+01
   2.6837940e+06   2.9235840e+01
   2.6838390e+06   3.1799316e+01
   2.6838580e+06   3.8146973e+01
   2.6838700e+06   4.2663574e+01
   2.6839090e+06   3.7231445e+01
   2.6839270e+06   3.3264160e+01
   2.6839460e+06   2.8503418e+01
   2.6839620e+06   4.0283203e+01
   2.6839950e+06   3.8391113e+01
   2.6854030e+06   2.9174805e+01
   2.7057710e+06   2.7587891e+01
   2.7852910e+06   3.4790039e+01
   2.7853330e+06   2.8625488e+01
   2.7853620e+06   3.5888672e+01
   2.7853720e+06   4.7302246e+01
   2.7854080e+06   3.5949707e+01
   2.7854180e+06   3.1921387e+01
   2.7854470e+06   3.1738281e+01
   2.7854770e+06   2.7709961e+01
   2.7855090e+06   4.2663574e+01
   2.7855510e+06   3.6254883e+01
   2.7855670e+06   4.0771484e+01
   2.7855940e+06   2.8625488e+01
   2.7856450e+06   3.9916992e+01
   2.7856650e+06   3.0395508e+01
   2.8526420e+06   6.0668945e+01
   2.8526540e+06   3.3569336e+01
   2.8526990e+06   3.6926270e+01
   2.8527280e+06   4.1320801e+01
   2.8527500e+06   2.8503418e+01
   2.8527750e+06   5.3222656e+01
   2.8528190e+06   3.4667969e+01
   2.8528300e+06   3.7658691e+01
   2.8529340e+06   2.7954102e+01
   2.8529860e+06   3.2714844e+01
   2.8541190e+06   3.6621094e+01
   2.9170420e+06   2.8076172e+01
   2.9172110e+06   3.3264160e+01
   2.9172310e+06   4.2236328e+01
   2.9172410e+06   4.7912598e+01
   2.9172650e+06   3.5583496e+01
   2.9172930e+06   4.7668457e+01
   2.9173080e+06   3.6071777e+01
   2.9173450e+06   2.8564453e+01
   2.9173700e+06   3.0090332e+01
   2.9174010e+06   3.7414551e+01
   2.9174310e+06   3.0212402e+01
   2.9174550e+06   4.2785645e+01
   2.9174820e+06   3.6071777e+01
   2.9175000e+06   3.0029297e+01
   2.9175450e+06   3.2104492e+01
   2.9175710e+06   2.9357910e+01
   2.9182080e+06   3.1372070e+01
   2.9659160e+06   3.2836914e+01
   2.9661650e+06   3.4423828e+01
   2.9662430e+06   3.7658691e+01
   2.9662570e+06   3.5095215e+01
   2.9662850e+06   3.6132813e+01
   2.9663030e+06   4.4982910e+01
   2.9663450e+06   2.7343750e+01
   2.9663710e+06   2.8015137e+01
   2.9663930e+06   4.0527344e+01
   2.9664130e+06   5.6579590e+01
   2.9664290e+06   3.1311035e+01
   2.9664400e+06   3.0700684e+01
   2.9664630e+06   4.1137695e+01
   2.9665320e+06   3.1799316e+01
   2.9666170e+06   2.9113770e+01
   2.9666930e+06   2.8808594e+01
   2.9693030e+06   2.7465820e+01
   3.0198960e+06   3.3081055e+01
   3.0199330e+06   2.7709961e+01
   3.0199690e+06   5.4138184e+01
   3.0199970e+06   4.4372559e+01
   3.0200260e+06   3.1860352e+01
   3.0200390e+06   3.5278320e+01
   3.0200790e+06   3.0944824e+01
   3.0201100e+06   3.6682129e+01
   3.0201340e+06   2.8198242e+01
   3.0201480e+06   3.2287598e+01
   3.0201810e+06   3.9001465e+01
   3.0201910e+06   3.4484863e+01
   3.0202510e+06   2.7709961e+01
   3.0202610e+06   2.8747559e+01
   3.0202780e+06   3.8146973e+01
   3.0203320e+06   3.2348633e+01
   3.0203590e+06   3.0273438e+01
   3.0204600e+06   2.9113770e+01
   3.0660290e+06   3.1860352e+01
   3.1132800e+06   2.7526855e+01
   3.1384840e+06   2.8564453e+01
   3.1385190e+06   2.9968262e+01
   3.1385360e+06   3.1799316e+01
   3.1385560e+06   3.5522461e+01
   3.1385780e+06   5.7617188e+01
   3.1385970e+06   4.6081543e+01
   3.1386260e+06   5.0598145e+01
   3.1386380e+06   6.4392090e+01
   3.1386490e+06   3.3752441e+01
   3.1386790e+06   2.8320313e+01
   3.1387240e+06   3.5766602e+01
   3.1387380e+06   2.8442383e+01
   3.1387740e+06   2.7587891e+01
   3.1388030e+06   3.1738281e+01
   3.1388380e+06   2.9846191e+01
   3.1389350e+06   2.8259277e+01
   3.1389920e+06   2.7832031e+01
   3.1401100e+06   2.8808594e+01
   3.1504240e+06   2.8198242e+01
   3.3027680e+06   2.8625488e+01
   3.3028230e+06   3.0700684e+01
   3.3028780e+06   3.3203125e+01
   3.3029040e+06   2.9052734e+01
   3.3029220e+06   5.2978516e+01
   3.3029320e+06   2.9724121e+01
   3.3029440e+06   2.8198242e+01
   3.3029630e+06   3.3508301e+01
   3.3029810e+06   6.3110352e+01
   3.3030050e+06   4.2419434e+01
   3.3030590e+06   4.3395996e+01
   3.3030810e+06   3.6560059e+01
   3.3030910e+06   2.7526855e+01
   3.3031140e+06   3.3325195e+01
   3.3031260e+06   3.1188965e+01
   3.3031660e+06   4.5227051e+01
   3.3032060e+06   3.0578613e+01
   3.3235650e+06   2.7587891e+01
   3.3241920e+06   3.1555176e+01
   3.3252930e+06   3.2775879e+01
   3.4302500e+06   2.7526855e+01
   3.4303010e+06   2.7709961e+01
   3.4303640e+06   4.6203613e+01
   3.4303910e+06   4.0100098e+01
   3.4304120e+06   3.0395508e+01
   3.4304460e+06   2.8625488e+01
   3.4304780e+06   5.7128906e+01
   3.4304970e+06   2.8930664e+01
   3.4305080e+06   3.6315918e+01
   3.4305470e+06   5.0415039e+01
   3.4305590e+06   2.8076172e+01
   3.4305780e+06   3.1311035e+01
   3.4306130e+06   2.9663086e+01
   3.4306410e+06   3.6621094e+01
   3.4306520e+06   2.7832031e+01
   3.4306990e+06   3.5034180e+01
   3.4307250e+06   2.7709961e+01
   3.4316320e+06   2.8869629e+01
   3.4320620e+06   2.8808594e+01
   3.4321220e+06   2.8686523e+01
   3.5797970e+06   2.7709961e+01
   3.5798270e+06   2.8015137e+01
   3.5798510e+06   3.9611816e+01
   3.5798840e+06   2.8930664e+01
   3.5799160e+06   4.0222168e+01
   3.5799260e+06   3.6621094e+01
   3.5799480e+06   3.0578613e+01
   3.5799950e+06   4.0954590e+01
   3.5800140e+06   4.5776367e+01
   3.5800350e+06   4.0466309e+01
   3.5800640e+06   3.0395508e+01
   3.5800880e+06   4.1015625e+01
   3.5801020e+06   2.9479980e+01
   3.5801240e+06   2.7587891e+01
   3.5801720e+06   2.8808594e+01
   3.5801850e+06   2.8198242e+01
   3.5809030e+06   2.9663086e+01
   3.7067050e+06   2.8869629e+01
   3.7067420e+06   3.0578613e+01
   3.7067950e+06   2.8991699e+01
   3.7068080e+06   3.9550781e+01
   3.7068370e+06   3.3142090e+01
   3.7068700e+06   3.7170410e+01
   3.7068800e+06   4.4494629e+01
   3.7069050e+06   2.8625488e+01
   3.7069480e+06   4.7363281e+01
   3.7069680e+06   4.4128418e+01
   3.7070160e+06   3.1677246e+01
   3.7070490e+06   5.2978516e+01
   3.7070620e+06   3.7170410e+01
   3.7071120e+06   3.2714844e+01
   3.7071980e+06   2.9174805e+01
   3.7084540e+06   2.9418945e+01
   3.7593990e+06   4.6813965e+01
   3.7594550e+06   3.0456543e+01
   3.7595950e+06   3.3203125e+01
   3.7596100e+06   3.2043457e+01
   3.7596260e+06   3.7963867e+01
   3.7596480e+06   2.7709961e+01
   3.7596690e+06   3.6193848e+01
   3.7596900e+06   4.6997070e+01
   3.7597280e+06   2.9357910e+01
   3.7597560e+06   3.7902832e+01
   3.7597720e+06   3.1066895e+01
   3.7598000e+06   3.1311035e+01
   3.7598260e+06   3.7719727e+01
   3.7598360e+06   3.3935547e+01
   3.7599050e+06   2.8747559e+01
   3.7599220e+06   2.8259277e+01
   3.7600080e+06   2.8625488e+01
   3.7609000e+06   3.1311035e+01
   3.8796840e+06   3.1555176e+01
   3.8796940e+06   4.0344238e+01
   3.8797200e+06   3.9794922e+01
   3.8797410e+06   4.1992188e+01
   3.8797540e+06   3.9001465e+01
   3.8797640e+06   3.1799316e+01
   3.8798190e+06   3.0334473e+01
   3.8798450e+06   2.9479980e+01
   3.8798590e+06   3.2348633e+01
   3.8798760e+06   3.3203125e+01
   3.8799000e+06   2.7709961e+01
   3.8799750e+06   3.1433105e+01
   3.8816350e+06   2.8930664e+01
   3.8816510e+06   2.9418945e+01
   3.8969380e+06   2.7343750e+01
   3.8970250e+06   2.9113770e+01
   3.8970920e+06   2.8808594e+01
   3.8971680e+06   2.8442383e+01
   3.8972190e+06   3.7597656e+01
   3.8972670e+06   4.1748047e+01
   3.8973090e+06   2.9724121e+01
   3.8973980e+06   2.8381348e+01
   3.8976710e+06   2.8930664e+01
   3.8980340e+06   3.4240723e+01
   4.0097480e+06   2.8442383e+01
   4.0581570e+06   2.8015137e+01
   4.0581840e+06   4.0100098e+01
   4.0582010e+06   4.1931152e+01
   4.0582130e+06   3.1127930e+01
   4.0582300e+06   3.8208008e+01
   4.0582710e+06   4.1748047e+01
   4.0582810e+06   3.7597656e+01
   4.0583020e+06   5.0109863e+01
   4.0583420e+06   4.4006348e+01
   4.0583790e+06   4.1748047e+01
   4.0585920e+06   2.8869629e+01
   4.1185420e+06   2.8442383e+01
   4.1188130e+06   3.0822754e+01
   4.1188240e+06   2.9968262e+01
   4.1188400e+06   2.7709961e+01
   4.1188650e+06   2.8198242e+01
   4.1189030e+06   4.7058105e+01
   4.1189630e+06   2.8198242e+01
   4.1189900e+06   3.8513184e+01
   4.1190000e+06   3.7292480e+01
   4.1190360e+06   2.7832031e+01
   4.1190680e+06   3.1494141e+01
   4.1190860e+06   3.6560059e+01
   4.1191200e+06   2.7832031e+01
   4.1191390e+06   2.7832031e+01
   4.1635190e+06   3.8696289e+01
   4.1635490e+06   4.9621582e+01
   4.1635660e+06   2.7832031e+01
   4.1635930e+06   3.4423828e+01
   4.1636050e+06   3.9978027e+01
   4.1636350e+06   3.2836914e+01
   4.1636510e+06   3.9489746e+01
   4.1636830e+06   4.9316406e+01
   4.1637250e+06   4.2297363e+01
   4.1637470e+06   3.2592773e+01
   4.1637990e+06   3.0639648e+01
   4.1638090e+06   2.9296875e+01
   4.1638610e+06   2.9663086e+01
   4.1638780e+06   2.9052734e+01
   4.1639750e+06   2.9235840e+01
   4.1640180e+06   2.8259277e+01
   4.1642420e+06   3.0090332e+01
   4.1649100e+06   2.8259277e+01
   4.1649470e+06   2.8869629e+01
   4.1655360e+06   3.2287598e+01
   4.2146960e+06   3.2226563e+01
   4.2147220e+06   3.5522461e+01
   4.2147400e+06   3.4240723e+01
   4.2147780e+06   2.9907227e+01
   4.2148350e+06   2.9968262e+01
   4.2149080e+06   2.8015137e+01
   4.2149440e+06   2.8015137e+01
   4.2149660e+06   4.1198730e+01
   4.2149930e+06   5.1086426e+01
   4.2150470e+06   4.3273926e+01
   4.2151090e+06   3.6315918e+01
   4.2151280e+06   3.0700684e+01
   4.2151490e+06   2.7282715e+01
   4.2152210e+06   2.7770996e+01
   4.2153140e+06   2.8930664e+01
   4.2153340e+06   2.9968262e+01
   4.2153650e+06   2.7954102e+01
   4.2154550e+06   3.1860352e+01
   4.2312240e+06   2.7648926e+01
   4.2460930e+06   3.3325195e+01
   4.2461040e+06   4.1992188e+01
   4.2461440e+06   3.8757324e+01
   4.2461640e+06   3.4606934e+01
   4.2462020e+06   2.7343750e+01
   4.2462250e+06   3.3752441e+01
   4.2462510e+06   3.2043457e+01
   4.2462900e+06   3.6376953e+01
   4.2463340e+06   3.4973145e+01
   4.2463540e+06   3.3203125e+01
   4.2463920e+06   3.5461426e+01
   4.2464020e+06   3.7170410e+01
   4.2464280e+06   3.1066895e+01
   4.2464540e+06   2.7648926e+01
   4.2464760e+06   3.5888672e+01
   4.2466090e+06   2.8991699e+01
   4.2466660e+06   2.9541016e+01
   4.2473360e+06   2.7893066e+01
   4.2483130e+06   3.1127930e+01
   4.2568420e+06   3.0456543e+01
   4.3784160e+06   2.8564453e+01
   4.3784530e+06   3.1555176e+01
   4.3784730e+06   6.0974121e+01
   4.3785010e+06   4.0283203e+01
   4.3785260e+06   4.3029785e+01
   4.3785560e+06   2.8991699e+01
   4.3785740e+06   2.7526855e+01
   4.3786000e+06   4.1992188e+01
   4.3786140e+06   3.1005859e+01
   4.3786350e+06   3.0090332e+01
   4.3786490e+06   3.0761719e+01
   4.3786860e+06   4.3823242e+01
   4.3787080e+06   2.9296875e+01
   4.3787200e+06   3.3203125e+01
   4.3787630e+06   4.3029785e+01
   4.3788900e+06   2.9357910e+01
   4.3804290e+06   2.8869629e+01
   4.4241700e+06   2.7587891e+01
   4.5511210e+06   3.1799316e+01
   4.5525150e+06   2.9479980e+01
   4.5528880e+06   2.8625488e+01
   4.5529050e+06   2.7770996e+01
   4.5529360e+06   5.1147461e+01
   4.5529570e+06   3.4729004e+01
   4.5529760e+06   2.8198242e+01
   4.5530060e+06   4.7668457e+01
   4.5530270e+06   2.8869629e+01
   4.5530530e+06   3.3508301e+01
   4.5530870e+06   5.1879883e+01
   4.5531030e+06   3.8818359e+01
   4.5531320e+06   2.7709961e+01
   4.5531750e+06   2.8503418e+01
   4.5531910e+06   3.2714844e+01
   4.5532020e+06   3.3386230e+01
   4.5532640e+06   2.8625488e+01
   4.5533040e+06   2.7954102e+01
   4.6701080e+06   2.8503418e+01
   4.6701600e+06   3.3020020e+01
   4.6701950e+06   3.3325195e+01
   4.6702070e+06   2.9296875e+01
   4.6702460e+06   3.1188965e+01
   4.6702680e+06   4.4311523e+01
   4.6702890e+06   5.1208496e+01
   4.6703310e+06   5.1391602e+01
   4.6703410e+06   3.0151367e+01
   4.6703750e+06   3.0456543e+01
   4.6704050e+06   3.5766602e+01
   4.6704170e+06   3.4423828e+01
   4.6704820e+06   2.8564453e+01
   4.6712260e+06   2.9052734e+01
   4.6716790e+06   2.8930664e+01
   4.7412320e+06   2.9296875e+01
   4.7877210e+06   2.7526855e+01
   4.8097330e+06   2.8442383e+01
   4.8098670e+06   3.3325195e+01
   4.8098900e+06   4.4799805e+01
   4.8099180e+06   4.2358398e+01
   4.8099480e+06   3.3691406e+01
   4.8099590e+06   3.2836914e+01
   4.8099840e+06   3.8452148e+01
   4.8099940e+06   4.3273926e+01
   4.8100400e+06   3.8085938e+01
   4.8100760e+06   3.2531738e+01
   4.8101150e+06   3.2592773e+01
   4.8101730e+06   2.8564453e+01
   4.8101910e+06   2.9724121e+01
   4.8102710e+06   3.1433105e+01
   4.8103510e+06   3.7170410e+01
   4.8662000e+06   2.8442383e+01
   4.8663470e+06   3.0395508e+01
   4.8663660e+06   4.1748047e+01
   4.8664080e+06   3.9733887e+01
   4.8664660e+06   3.2287598e+01
   4.8665250e+06   3.1982422e+01
   4.8665550e+06   2.8747559e+01
   4.8665740e+06   3.3508301e+01
   4.8666040e+06   2.8930664e+01
   4.8666180e+06   3.0090332e+01
   4.8666420e+06   3.1066895e+01
   4.8666600e+06   3.8391113e+01
   4.8667320e+06   2.7709961e+01
   4.8681160e+06   2.9418945e+01
   4.9163780e+06   3.1860352e+01
   4.9164860e+06   3.6376953e+01
   4.9165560e+06   4.4799805e+01
   4.9165810e+06   4.1320801e+01
   4.9166150e+06   3.0334473e+01
   4.9166330e+06   5.1513672e+01
   4.9166610e+06   3.0639648e+01
   4.9166930e+06   4.2541504e+01
   4.9167220e+06   3.1433105e+01
   4.9167420e+06   3.8024902e+01
   4.9167560e+06   3.6743164e+01
   4.9167900e+06   3.3630371e+01
   4.9168280e+06   3.9245605e+01
   4.9168490e+06   2.7404785e+01
   4.9168640e+06   3.0273437e+01
   4.9169480e+06   2.8930664e+01
   4.9178860e+06   2.9846191e+01
   4.9180840e+06   3.0273438e+01
   4.9181240e+06   2.7770996e+01
   4.9989590e+06   4.5593262e+01
   4.9990030e+06   2.8320312e+01
   4.9990230e+06   3.0578613e+01
   4.9990360e+06   3.1799316e+01
   4.9990610e+06   3.3996582e+01
   4.9990760e+06   3.1372070e+01
   4.9991000e+06   2.8442383e+01
   4.9991290e+06   4.6752930e+01
   4.9991460e+06   4.3701172e+01
   4.9991710e+06   3.6560059e+01
   4.9992410e+06   2.7404785e+01
   4.9992590e+06   2.8991699e+01
   5.0002220e+06   2.9296875e+01
   5.0005040e+06   3.2958984e+01
   5.0009230e+06   2.8015137e+01
   5.1192460e+06   3.3020020e+01
   5.1192670e+06   4.7668457e+01
   5.1192800e+06   4.4982910e+01
   5.1192980e+06   3.1433105e+01
   5.1193130e+06   3.1372070e+01
   5.1193240e+06   5.0048828e+01
   5.1193510e+06   4.5104980e+01
   5.1193760e+06   2.7893066e+01
   5.1194030e+06   4.4799805e+01
   5.1194260e+06   3.5034180e+01
   5.1194410e+06   4.3823242e+01
   5.1194660e+06   2.8015137e+01
   5.1194760e+06   3.6071777e+01
   5.1204670e+06   2.9296875e+01
   5.1207180e+06   3.2592773e+01
   5.2476870e+06   2.7465820e+01
   5.2477730e+06   3.4240723e+01
   5.2478710e+06   2.8686523e+01
   5.2479090e+06   3.0578613e+01
   5.2479410e+06   6.6833496e+01
   5.2479650e+06   4.3518066e+01
   5.2479950e+06   6.5979004e+01
   5.2480300e+06   4.9499512e+01
   5.2480590e+06   3.1311035e+01
   5.2480690e+06   7.0739746e+01
   5.2481060e+06   4.0344238e+01
   5.2481490e+06   4.4067383e+01
   5.2481840e+06   3.1738281e+01
   5.2482490e+06   2.7282715e+01
   5.2483970e+06   2.8442383e+01
   5.2488330e+06   2.7465820e+01
   5.2493970e+06   2.8747559e+01
   5.3568760e+06   2.7770996e+01
   5.3761290e+06   2.9968262e+01
   5.3761730e+06   2.7648926e+01
   5.3761850e+06   4.8828125e+01
   5.3762020e+06   4.2724609e+01
   5.3762450e+06   4.9255371e+01
   5.3762730e+06   3.0883789e+01
   5.3763030e+06   4.4982910e+01
   5.3763210e+06   3.0761719e+01
   5.3763700e+06   3.5156250e+01
   5.3763880e+06   2.7893066e+01
   5.3764020e+06   3.0151367e+01
   5.3764520e+06   3.0761719e+01
   5.3764680e+06   2.7282715e+01
   5.3774700e+06   3.1005859e+01
   5.4956640e+06   2.7282715e+01
   5.4957030e+06   3.1372070e+01
   5.4957450e+06   4.2785645e+01
   5.4957710e+06   3.7414551e+01
   5.4957900e+06   2.7954102e+01
   5.4958080e+06   3.1982422e+01
   5.4958400e+06   3.8879395e+01
   5.4958700e+06   3.0212402e+01
   5.4958980e+06   3.8818359e+01
   5.4959090e+06   3.6621094e+01
   5.4959310e+06   5.1879883e+01
   5.4959450e+06   3.5400391e+01
   5.4959790e+06   2.9541016e+01
   5.4959930e+06   2.7526855e+01
   5.4960350e+06   2.8869629e+01
   5.4960730e+06   2.9235840e+01
   5.4972650e+06   2.9052734e+01
   5.5059360e+06   2.7526855e+01
   5.5765790e+06   3.3630371e+01
   5.5766090e+06   3.5705566e+01
   5.5766370e+06   3.1921387e+01
   5.5766540e+06   2.9785156e+01
   5.5767230e+06   4.2968750e+01
   5.5767530e+06   3.7719727e+01
   5.5767780e+06   2.8686523e+01
   5.5768240e+06   3.3020020e+01
   5.5768580e+06   3.6865234e+01
   5.5768810e+06   3.0883789e+01
   5.5768920e+06   3.2409668e+01
   5.5769120e+06   3.3935547e+01
   5.5769940e+06   3.0944824e+01
   5.6697060e+06   2.7343750e+01
   5.6698380e+06   2.7832031e+01
   5.6698690e+06   3.8513184e+01
   5.6698820e+06   3.9855957e+01
   5.6698980e+06   4.3395996e+01
   5.6699080e+06   3.4301758e+01
   5.6699370e+06   5.6213379e+01
   5.6699550e+06   3.8635254e+01
   5.6699770e+06   3.5217285e+01
   5.6699950e+06   2.9113770e+01
   5.6700230e+06   4.0832520e+01
   5.6700490e+06   2.8808594e+01
   5.6700760e+06   3.6254883e+01
   5.6701150e+06   3.3874512e+01
   5.6701880e+06   2.8869629e+01
   5.7169330e+06   3.4973145e+01
   5.7170770e+06   3.5156250e+01
   5.7171290e+06   2.8198242e+01
   5.7171400e+06   6.1645508e+01
   5.7171570e+06   4.1015625e+01
   5.7171740e+06   3.4301758e+01
   5.7172150e+06   3.5034180e+01
   5.7172470e+06   4.0100098e+01
   5.7172650e+06   2.9418945e+01
   5.7172850e+06   3.2836914e+01
   5.7173110e+06   4.2358398e+01
   5.7173280e+06   2.9663086e+01
   5.7173560e+06   2.9785156e+01
   5.7173750e+06   2.9968262e+01
   5.7173910e+06   2.8259277e+01
   5.7174140e+06   2.8015137e+01
   5.7175000e+06   2.8686523e+01
   5.7175380e+06   3.1188965e+01
   5.7181500e+06   2.8503418e+01
   5.7184930e+06   2.9296875e+01
   5.7188420e+06   2.8137207e+01
   5.9159650e+06   2.8869629e+01
   5.9159920e+06   3.4057617e+01
   5.9160070e+06   3.5400391e+01
   5.9160350e+06   4.0100098e+01
   5.9160690e+06   3.8696289e+01
   5.9160980e+06   5.1025391e+01
   5.9161220e+06   3.0761719e+01
   5.9161550e+06   3.7902832e+01
   5.9161660e+06   3.3813477e+01
   5.9162190e+06   2.9296875e+01
   5.9162620e+06   3.4851074e+01
   5.9162820e+06   2.9052734e+01
   5.9176620e+06   2.8808594e+01
   5.9177960e+06   3.0761719e+01
   5.9179770e+06   2.7709961e+01
   5.9237520e+06   2.7587891e+01
   6.0228870e+06   2.8808594e+01
   6.0229910e+06   2.9113770e+01
   6.0230460e+06   2.7282715e+01
   6.0230590e+06   3.9062500e+01
   6.0230910e+06   4.1320801e+01
   6.0231290e+06   3.1799316e+01
   6.0231510e+06   3.6621094e+01
   6.0231780e+06   3.5400391e+01
   6.0231890e+06   3.9916992e+01
   6.0232320e+06   3.6254883e+01
   6.0232470e+06   3.5095215e+01
   6.0232760e+06   2.8747559e+01
   6.0232890e+06   3.4484863e+01
   6.0233290e+06   3.5522461e+01
   6.0234560e+06   2.7282715e+01
   6.0236400e+06   3.0151367e+01
   6.0345550e+06   2.9907227e+01
   6.1255970e+06   3.1311035e+01
   6.1257410e+06   5.9814453e+01
   6.1257630e+06   3.8818359e+01
   6.1257780e+06   5.3100586e+01
   6.1257960e+06   5.4931641e+01
   6.1258150e+06   4.2175293e+01
   6.1258360e+06   4.1687012e+01
   6.1258740e+06   5.6640625e+01
   6.1259020e+06   3.7841797e+01
   6.1259130e+06   2.8686523e+01
   6.1259510e+06   3.3691406e+01
   6.1260180e+06   3.1616211e+01
   6.1818890e+06   2.7282715e+01
   6.1863410e+06   2.8686523e+01
   6.1867150e+06   3.1494141e+01
   6.1867270e+06   6.2622070e+01
   6.1867520e+06   2.8747559e+01
   6.1867630e+06   3.0029297e+01
   6.1867780e+06   3.1066895e+01
   6.1868170e+06   3.7597656e+01
   6.1868340e+06   5.3405762e+01
   6.1868460e+06   6.5856934e+01
   6.1868840e+06   2.9479980e+01
   6.1869110e+06   4.9011230e+01
   6.1869510e+06   4.5349121e+01
   6.1869690e+06   2.9846191e+01
   6.1869940e+06   3.4729004e+01
   6.1870070e+06   4.4860840e+01
   6.1871230e+06   2.7343750e+01
   6.1873430e+06   2.7404785e+01
   6.3318690e+06   2.8564453e+01
   6.3319620e+06   3.5766602e+01
   6.3319750e+06   3.2531738e+01
   6.3320010e+06   3.6499023e+01
   6.3320380e+06   2.8564453e+01
   6.3320640e+06   4.2358398e+01
   6.3320890e+06   3.9367676e+01
   6.3321090e+06   3.0090332e+01
   6.3321350e+06   3.6071777e+01
   6.3321500e+06   2.7893066e+01
   6.3321650e+06   2.9602051e+01
   6.3322270e+06   3.1005859e+01
   6.3322490e+06   2.9479980e+01
   6.3322740e+06   2.8137207e+01
   6.3323670e+06   3.0822754e+01
   6.3332380e+06   2.7587891e+01
   6.3334700e+06   3.4362793e+01
   6.3338720e+06   2.8259277e+01
   6.3339730e+06   3.0273438e+01
   6.4184000e+06   4.1259766e+01
   6.4184490e+06   2.7587891e+01
   6.4184680e+06   3.9184570e+01
   6.4185050e+06   3.0700684e+01
   6.4185170e+06   4.6508789e+01
   6.4185460e+06   2.7343750e+01
   6.4185940e+06   3.3325195e+01
   6.4186250e+06   4.0039063e+01
   6.4186370e+06   3.4179688e+01
   6.4186890e+06   2.8198242e+01
   6.4187910e+06   3.5400391e+01
   6.4198170e+06   3.1188965e+01
   6.5450590e+06   4.0344238e+01
   6.5450720e+06   3.3813477e+01
   6.5451000e+06   3.4057617e+01
   6.5451170e+06   4.1320801e+01
   6.5451370e+06   3.4484863e+01
   6.5451470e+06   6.9702148e+01
   6.5451730e+06   3.5217285e+01
   6.5452110e+06   4.9560547e+01
   6.5452370e+06   3.9367676e+01
   6.5452600e+06   6.1096191e+01
   6.5452810e+06   3.4729004e+01
   6.5453100e+06   2.8869629e+01
   6.5453480e+06   3.0212402e+01
   6.5455250e+06   3.0639648e+01
   6.5469110e+06   2.7282715e+01
   6.5479660e+06   3.0517578e+01
   6.5582240e+06   2.9846191e+01
   6.5582380e+06   3.0151367e+01
   6.5583000e+06   3.1738281e+01
   6.5583130e+06   2.7465820e+01
   6.5583610e+06   3.4484863e+01
   6.5583820e+06   3.7658691e+01
   6.5584290e+06   2.9541016e+01
   6.5584590e+06   5.7495117e+01
   6.5584700e+06   2.7954102e+01
   6.5585030e+06   2.9541016e+01
   6.5585400e+06   2.9663086e+01
   6.5585590e+06   2.8625488e+01
   6.5585900e+06   4.1320801e+01
   6.5586260e+06   4.7729492e+01
   6.5586490e+06   3.0029297e+01
   6.5586670e+06   3.1066895e+01
   6.5587430e+06   2.7465820e+01
   6.5588440e+06   2.9357910e+01
   6.5588970e+06   2.8259277e+01
   6.5590120e+06   3.3081055e+01
   6.5590440e+06   2.7343750e+01
   6.5593660e+06   3.3203125e+01
   6.5595900e+06   3.0761719e+01
   6.7226770e+06   4.0161133e+01
   6.7226930e+06   2.8991699e+01
   6.7227070e+06   3.8757324e+01
   6.7227170e+06   3.9367676e+01
   6.7227350e+06   2.9968262e+01
   6.7227570e+06   4.3457031e+01
   6.7227860e+06   5.3588867e+01
   6.7228020e+06   3.6987305e+01
   6.7228370e+06   3.0273438e+01
   6.7228660e+06   4.7607422e+01
   6.7228780e+06   3.5156250e+01
   6.7229040e+06   3.3081055e+01
   6.7229690e+06   3.0822754e+01
   6.7230550e+06   2.9724121e+01
   6.7230880e+06   3.4118652e+01
   6.7231170e+06   3.3081055e+01
   6.7244120e+06   3.8146973e+01
   6.8745430e+06   4.2358398e+01
   6.8745700e+06   5.5969238e+01
   6.8745990e+06   3.5827637e+01
   6.8746270e+06   3.7780762e+01
   6.8746500e+06   3.1555176e+01
   6.8746870e+06   5.4565430e+01
   6.8747070e+06   5.3588867e+01
   6.8747180e+06   4.2846680e+01
   6.8747610e+06   3.5156250e+01
   6.8748080e+06   3.3142090e+01
   6.8748440e+06   3.4790039e+01
   6.8750970e+06   2.7893066e+01
   6.8890190e+06   2.7587891e+01
   6.9272620e+06   2.9479980e+01
   6.9282890e+06   2.9907227e+01
   6.9286970e+06   2.7465820e+01
   6.9293420e+06   3.1311035e+01
   7.0831760e+06   3.2958984e+01
   7.0832170e+06   3.5278320e+01
   7.0832450e+06   4.0710449e+01
   7.0832650e+06   2.7465820e+01
   7.0832780e+06   2.7648926e+01
   7.0833100e+06   4.1687012e+01
   7.0833280e+06   3.4790039e+01
   7.0833710e+06   4.5593262e+01
   7.0833820e+06   3.3630371e+01
   7.0834320e+06   4.4799805e+01
   7.0834560e+06   3.0212402e+01
   7.0835090e+06   2.7404785e+01
   7.0835970e+06   2.9357910e+01
   7.0849650e+06   2.8015137e+01
   7.1147740e+06   2.8259277e+01
   7.1159130e+06   2.8198242e+01
   7.2034970e+06   2.8015137e+01
   7.2926290e+06   2.7404785e+01
   7.2926460e+06   4.1015625e+01
   7.2926650e+06   5.0048828e+01
   7.2926930e+06   3.4973145e+01
   7.2927220e+06   3.4362793e+01
   7.2927510e+06   4.1198730e+01
   7.2927780e+06   5.0476074e+01
   7.2928010e+06   3.4667969e+01
   7.2928460e+06   2.7648926e+01
   7.2928770e+06   3.5827637e+01
   7.2945340e+06   2.7648926e+01
   7.3687760e+06   3.7475586e+01
   7.3688060e+06   2.7404785e+01
   7.3688430e+06   3.9611816e+01
   7.3688660e+06   3.6560059e+01
   7.3688830e+06   4.8156738e+01
   7.3689040e+06   3.6132813e+01
   7.3689370e+06   4.0344238e+01
   7.3689530e+06   3.0151367e+01
   7.3689980e+06   4.3701172e+01
   7.3690170e+06   3.5644531e+01
   7.3690460e+06   3.6560059e+01
   7.3690780e+06   3.4240723e+01
   7.3691010e+06   3.6193848e+01
   7.3691290e+06   2.9968262e+01
   7.3691680e+06   3.1066895e+01
   7.3692310e+06   3.0944824e+01
   7.3692620e+06   2.9235840e+01
   7.3702810e+06   2.8381348e+01
   7.4339560e+06   2.7954102e+01
   7.4339970e+06   3.2714844e+01
   7.4340070e+06   3.9978027e+01
   7.4340230e+06   3.8635254e+01
   7.4340400e+06   4.3762207e+01
   7.4340750e+06   3.4790039e+01
   7.4340860e+06   4.4372559e+01
   7.4341240e+06   2.8686523e+01
   7.4341410e+06   4.8461914e+01
   7.4341720e+06   4.6447754e+01
   7.4341940e+06   3.0334473e+01
   7.4342210e+06   5.7739258e+01
   7.4342590e+06   3.2653809e+01
   7.4352450e+06   3.1982422e+01
   7.4354430e+06   2.7404785e+01
   7.4722720e+06   4.0222168e+01
   7.4738570e+06   2.7954102e+01
   7.4741360e+06   2.8747559e+01
   7.4742350e+06   3.2043457e+01
   7.5040200e+06   2.9113770e+01
   7.5040510e+06   4.3884277e+01
   7.5040850e+06   3.1433105e+01
   7.5041040e+06   3.4606934e+01
   7.5041470e+06   3.1860352e+01
   7.5041570e+06   4.4921875e+01
   7.5041940e+06   3.5034180e+01
   7.5042130e+06   2.9357910e+01
   7.5042380e+06   4.5288086e+01
   7.5042630e+06   4.3640137e+01
   7.5042980e+06   3.5339355e+01
   7.5043200e+06   2.7709961e+01
   7.5043670e+06   2.8991699e+01
   7.5044860e+06   2.9602051e+01
   7.5045360e+06   2.7954102e+01
   7.5052620e+06   3.1860352e+01
   7.5059440e+06   2.9235840e+01
   7.6160640e+06   2.7893066e+01
   7.6161380e+06   2.9968262e+01
   7.6161670e+06   3.5095215e+01
   7.6161920e+06   3.5705566e+01
   7.6162120e+06   3.2897949e+01
   7.6162240e+06   3.8879395e+01
   7.6162600e+06   3.6071777e+01
   7.6162730e+06   4.1137695e+01
   7.6162950e+06   2.8503418e+01
   7.6163200e+06   2.9602051e+01
   7.6163350e+06   3.8208008e+01
   7.6163810e+06   3.1127930e+01
   7.6164010e+06   2.7893066e+01
   7.6164120e+06   2.8991699e+01
   7.6164300e+06   3.3752441e+01
   7.6165330e+06   2.8320313e+01
   7.6177490e+06   2.7526855e+01
   7.6180040e+06   2.7404785e+01
   7.7273520e+06   3.3935547e+01
   7.7274370e+06   4.5593262e+01
   7.7274580e+06   3.0944824e+01
   7.7274750e+06   4.9377441e+01
   7.7274990e+06   6.7932129e+01
   7.7275230e+06   4.2358398e+01
   7.7275420e+06   3.4484863e+01
   7.7275680e+06   3.4545898e+01
   7.7275820e+06   4.4128418e+01
   7.7276150e+06   2.9846191e+01
   7.7276330e+06   2.9296875e+01
   7.7276520e+06   3.2897949e+01
   7.7276960e+06   3.3142090e+01
   7.7277070e+06   2.7282715e+01
   7.7277290e+06   2.8564453e+01
   7.7277670e+06   2.7770996e+01
   7.7278780e+06   2.8747559e+01
   7.7281530e+06   3.0944824e+01
   7.7286820e+06   2.7587891e+01
   7.7357630e+06   3.0456543e+01
   7.8628170e+06   3.5827637e+01
   7.8628340e+06   4.7424316e+01
   7.8628510e+06   3.0578613e+01
   7.8628700e+06   2.9907227e+01
   7.8628810e+06   3.2287598e+01
   7.8629100e+06   4.4921875e+01
   7.8629230e+06   3.5339355e+01
   7.8629450e+06   3.6193848e+01
   7.8629770e+06   3.6804199e+01
   7.8629890e+06   3.1616211e+01
   7.8630070e+06   3.6437988e+01
   7.8630250e+06   4.0954590e+01
   7.8630490e+06   3.1005859e+01
   7.8631210e+06   2.7587891e+01
   7.8631560e+06   3.1982422e+01
   7.8631960e+06   3.0212402e+01
   7.9211020e+06   2.8930664e+01
   7.9603760e+06   2.8259277e+01
   7.9604420e+06   3.0395508e+01
   7.9604730e+06   3.0761719e+01
   7.9604850e+06   4.3457031e+01
   7.9604980e+06   2.8015137e+01
   7.9605510e+06   4.5532227e+01
   7.9605690e+06   3.0334473e+01
   7.9605920e+06   2.8625488e+01
   7.9606170e+06   2.8076172e+01
   7.9606470e+06   5.7983398e+01
   7.9606590e+06   2.9052734e+01
   7.9606830e+06   4.1992188e+01
   7.9606970e+06   2.9663086e+01
   7.9607440e+06   3.7292480e+01
   7.9607710e+06   3.2226562e+01
   7.9607970e+06   3.1066895e+01
   7.9609100e+06   2.7709961e+01
   7.9615100e+06   3.2043457e+01
   7.9617900e+06   2.7893066e+01
   8.0472790e+06   3.8330078e+01
   8.0473070e+06   3.3447266e+01
   8.0473300e+06   3.3020020e+01
   8.0473470e+06   5.2917480e+01
   8.0473770e+06   4.1015625e+01
   8.0474090e+06   4.2602539e+01
   8.0474370e+06   3.4423828e+01
   8.0474570e+06   3.5095215e+01
   8.0474810e+06   4.6020508e+01
   8.0475020e+06   3.1616211e+01
   8.0475270e+06   3.4912109e+01
   8.0476130e+06   2.9174805e+01
   8.0477230e+06   2.7465820e+01
   8.0482030e+06   2.7587891e+01
   8.0487340e+06   2.8137207e+01
   8.0489540e+06   2.9907227e+01
   8.0630670e+06   2.9785156e+01
   8.1815510e+06   2.8686523e+01
   8.1815950e+06   3.3691406e+01
   8.1816260e+06   3.4973145e+01
   8.1816410e+06   4.6569824e+01
   8.1816690e+06   3.5034180e+01
   8.1816850e+06   7.0190430e+01
   8.1817250e+06   4.4921875e+01
   8.1817610e+06   3.0944824e+01
   8.1817900e+06   3.3142090e+01
   8.1818700e+06   4.3029785e+01
   8.1819100e+06   2.7587891e+01
   8.1819680e+06   3.0029297e+01
   8.1824530e+06   2.7404785e+01
   8.3075250e+06   2.8381348e+01
   8.3075500e+06   4.3945313e+01
   8.3075740e+06   3.3813477e+01
   8.3075960e+06   4.0710449e+01
   8.3076240e+06   4.4799805e+01
   8.3076370e+06   3.4851074e+01
   8.3076560e+06   4.4067383e+01
   8.3076760e+06   5.8837891e+01
   8.3077210e+06   3.9245605e+01
   8.3077390e+06   4.6142578e+01
   8.3077710e+06   3.7414551e+01
   8.3078560e+06   3.0517578e+01
   8.3078970e+06   3.5278320e+01
   8.3081920e+06   3.3447266e+01
   8.4283770e+06   3.2775879e+01
   8.4284020e+06   3.2653809e+01
   8.4284410e+06   2.7770996e+01
   8.4284560e+06   2.8808594e+01
   8.4285030e+06   3.2104492e+01
   8.4285230e+06   5.9631348e+01
   8.4285520e+06   5.8959961e+01
   8.4285670e+06   3.3020020e+01
   8.4285780e+06   4.6264648e+01
   8.4286140e+06   5.0415039e+01
   8.4286250e+06   2.8381348e+01
   8.4286690e+06   3.9733887e+01
   8.4286910e+06   2.9724121e+01
   8.4628500e+06   2.9785156e+01
   8.5856540e+06   3.0944824e+01
   8.5857800e+06   4.1748047e+01
   8.5858120e+06   5.2551270e+01
   8.5858240e+06   4.2785645e+01
   8.5858510e+06   3.9062500e+01
   8.5858750e+06   5.5419922e+01
   8.5858950e+06   4.5288086e+01
   8.5859070e+06   3.0578613e+01
   8.5859510e+06   2.9357910e+01
   8.5859760e+06   5.3527832e+01
   8.5860470e+06   3.6926270e+01
   8.5862040e+06   2.7954102e+01
   8.5863700e+06   2.7587891e+01
   8.5871940e+06   2.8503418e+01
   8.5873580e+06   2.8259277e+01
   8.5876580e+06   2.9113770e+01
   8.6405670e+06   3.1433105e+01
   8.6405890e+06   2.7526855e+01
   8.6406290e+06   2.7526855e+01
   8.6406390e+06   5.3649902e+01
   8.6406920e+06   2.8991699e+01
   8.6407020e+06   3.5339355e+01
   8.6407190e+06   3.9978027e+01
   8.6407480e+06   3.2287598e+01
   8.6407840e+06   2.8564453e+01
   8.6408090e+06   3.8391113e+01
   8.6408870e+06   2.8015137e+01
   8.6409020e+06   3.1555176e+01
   8.6409250e+06   3.4118652e+01
   8.6410640e+06   3.0029297e+01
   8.6419290e+06   2.7648926e+01
   8.6421820e+06   3.1250000e+01
   8.7488450e+06   4.2358398e+01
   8.7488750e+06   4.4006348e+01
   8.7488950e+06   3.8513184e+01
   8.7489250e+06   3.1188965e+01
   8.7489460e+06   3.6376953e+01
   8.7489660e+06   3.1005859e+01
   8.7490220e+06   4.6142578e+01
   8.7490440e+06   4.0466309e+01
   8.7490540e+06   3.5034180e+01
   8.7491480e+06   2.9296875e+01
   8.7492300e+06   2.9663086e+01
   8.7495340e+06   2.7709961e+01
   8.7505770e+06   2.9296875e+01
   8.7930470e+06   2.7404785e+01
   8.7943050e+06   2.8930664e+01
   8.8971740e+06   2.9541016e+01
   8.8972060e+06   3.3996582e+01
   8.8972280e+06   4.4799805e+01
   8.8972530e+06   4.0100098e+01
   8.8972770e+06   2.7832031e+01
   8.8973040e+06   3.8879395e+01
   8.8973170e+06   5.0842285e+01
   8.8973580e+06   3.7719727e+01
   8.8973900e+06   3.6621094e+01
   8.8974090e+06   3.7414551e+01
   8.8974230e+06   4.5776367e+01
   8.8974440e+06   4.9011230e+01
   8.8974790e+06   2.8259277e+01
   8.8975010e+06   3.1799316e+01
   8.8975190e+06   3.8818359e+01
   8.8975610e+06   2.7526855e+01
   8.8975900e+06   3.3081055e+01
   9.0640840e+06   2.9479980e+01
   9.0641420e+06   3.5034180e+01
   9.0641610e+06   4.8889160e+01
   9.0641790e+06   3.5400391e+01
   9.0641980e+06   4.7119141e+01
   9.0642130e+06   3.8330078e+01
   9.0642330e+06   3.4912109e+01
   9.0642590e+06   2.9907227e+01
   9.0643100e+06   3.9001465e+01
   9.0643350e+06   4.6142578e+01
   9.0643590e+06   4.0405273e+01
   9.0643730e+06   3.7353516e+01
   9.0644480e+06   2.7526855e+01
   9.0644930e+06   3.2836914e+01
   9.0653600e+06   2.8442383e+01
   9.0659970e+06   2.8686523e+01
   9.0932470e+06   3.0517578e+01
   9.0951420e+06   2.9418945e+01
   9.0953880e+06   3.2287598e+01
   9.2945840e+06   3.9367676e+01
   9.2946110e+06   3.3569336e+01
   9.2946350e+06   4.7058105e+01
   9.2946550e+06   3.2043457e+01
   9.2946830e+06   3.8574219e+01
   9.2946930e+06   6.2438965e+01
   9.2947200e+06   3.0761719e+01
   9.2947470e+06   5.0903320e+01
   9.2947670e+06   2.8625488e+01
   9.2948050e+06   3.4851074e+01
   9.2948770e+06   3.3142090e+01
   9.2950370e+06   2.8137207e+01
   9.3241190e+06   2.7465820e+01
   9.3256730e+06   3.0395508e+01
   9.3257170e+06   2.8442383e+01
   9.3258090e+06   3.4301758e+01
   9.3258790e+06   3.0090332e+01
   9.3259770e+06   2.7343750e+01
   9.3261690e+06   2.9357910e+01
   9.3335180e+06   2.8076172e+01
   9.4779240e+06   3.1677246e+01
   9.4779580e+06   4.1503906e+01
   9.4779780e+06   3.2897949e+01
   9.4780120e+06   4.3762207e+01
   9.4780400e+06   4.5471191e+01
   9.4780640e+06   3.7719727e+01
   9.4780850e+06   2.9113770e+01
   9.4781190e+06   2.8015137e+01
   9.4781820e+06   2.8442383e+01
   9.4782210e+06   2.9296875e+01
   9.4783300e+06   2.8869629e+01
   9.5481080e+06   3.1738281e+01
   9.5481630e+06   2.8747559e+01
   9.5481780e+06   5.0964355e+01
   9.5481910e+06   4.4372559e+01
   9.5482070e+06   3.0883789e+01
   9.5482360e+06   3.8757324e+01
   9.5482720e+06   4.5166016e+01
   9.5483060e+06   3.5766602e+01
   9.5483240e+06   3.7109375e+01
   9.5483510e+06   3.3508301e+01
   9.5483790e+06   3.0639648e+01
   9.5484080e+06   3.0578613e+01
   9.5484570e+06   2.8747559e+01
   9.5484800e+06   3.4912109e+01
   9.5486420e+06   2.8442383e+01
   9.5493720e+06   2.9724121e+01
   9.6567520e+06   3.0578613e+01
   9.6567680e+06   3.8085938e+01
   9.6567830e+06   4.2297363e+01
   9.6568040e+06   4.7241211e+01
   9.6568150e+06   5.0231934e+01
   9.6568340e+06   3.2897949e+01
   9.6568590e+06   6.2377930e+01
   9.6568900e+06   3.7475586e+01
   9.6569040e+06   3.5461426e+01
   9.6569420e+06   3.2714844e+01
   9.6569790e+06   2.8015137e+01
   9.6569960e+06   3.0700684e+01
   9.6570840e+06   2.7343750e+01
   9.6571450e+06   2.9174805e+01
   9.6577300e+06   2.9907227e+01
   9.7132040e+06   2.7404785e+01
   9.7870570e+06   2.8320313e+01
   9.7870840e+06   4.0161133e+01
   9.7871120e+06   3.6315918e+01
   9.7871220e+06   4.3395996e+01
   9.7871500e+06   3.4301758e+01
   9.7871770e+06   4.0954590e+01
   9.7872150e+06   3.6804199e+01
   9.7872460e+06   4.6630859e+01
   9.7872990e+06   3.6682129e+01
   9.7873220e+06   4.3151855e+01
   9.7873440e+06   3.6804199e+01
   9.7873590e+06   2.9113770e+01
   9.7875470e+06   2.9968262e+01
   9.7888240e+06   2.9357910e+01
   9.9094730e+06   3.4545898e+01
   9.9095170e+06   4.9255371e+01
   9.9095670e+06   5.0598145e+01
   9.9095790e+06   5.4565430e+01
   9.9096090e+06   3.6560059e+01
   9.9096520e+06   2.8869629e+01
   9.9096710e+06   5.4016113e+01
   9.9096960e+06   3.0700684e+01
   9.9097070e+06   3.1250000e+01
   9.9098470e+06   2.9479980e+01
   9.9102120e+06   2.7526855e+01
   9.9112940e+06   2.7526855e+01
   9.9220990e+06   5.2185059e+01
   9.9221240e+06   3.0273438e+01
   9.9221820e+06   3.2836914e+01
   9.9222240e+06   4.1870117e+01
   9.9222390e+06   2.8808594e+01
   9.9223090e+06   3.0761719e+01
   9.9223750e+06   5.1086426e+01
   9.9223970e+06   2.9724121e+01
   9.9224360e+06   2.9052734e+01
   9.9224720e+06   3.4118652e+01
   9.9225110e+06   3.8269043e+01
   9.9226250e+06   2.8930664e+01
   9.9228880e+06   2.7343750e+01
   9.9255390e+06   2.7587891e+01
   1.0090543e+07   2.7465820e+01
   1.0090562e+07   2.8991699e+01
   1.0090579e+07   2.9602051e+01
   1.0090613e+07   4.0161133e+01
   1.0090632e+07   3.8574219e+01
   1.0090646e+07   5.8959961e+01
   1.0090680e+07   3.2531738e+01
   1.0090704e+07   5.3039551e+01
   1.0090728e+07   4.6325684e+01
   1.0090739e+07   4.9011230e+01
   1.0090769e+07   3.1921387e+01
   1.0090797e+07   3.5034180e+01
   1.0090834e+07   2.8198242e+01
   1.0090920e+07   2.9724121e+01
   1.0091051e+07   3.8024902e+01
   1.0092082e+07   2.7282715e+01
   1.0102615e+07   2.9296875e+01
   1.0135742e+07   2.7587891e+01
   1.0137610e+07   3.1433105e+01
   1.0137951e+07   2.7709961e+01
   1.0137992e+07   2.8320313e+01
   1.0138060e+07   2.9602051e+01
   1.0138090e+07   3.1311035e+01
   1.0138113e+07   2.8015137e+01
   1.0138125e+07   3.1372070e+01
   1.0138148e+07   3.4179688e+01
   1.0138167e+07   4.1809082e+01
   1.0138186e+07   4.2236328e+01
   1.0138214e+07   4.3151855e+01
   1.0138242e+07   3.2043457e+01
   1.0138272e+07   2.7526855e+01
   1.0138304e+07   3.1433105e+01
   1.0138341e+07   2.8198242e+01
   1.0138370e+07   2.7770996e+01
   1.0138498e+07   2.9174805e+01
   1.0139118e+07   3.2348633e+01
   1.0139410e+07   2.8808594e+01
   1.0182673e+07   2.7709961e+01
   1.0257440e+07   2.8991699e+01
   1.0376273e+07   3.6865234e+01
   1.0376295e+07   4.7180176e+01
   1.0376317e+07   4.0283203e+01
   1.0376336e+07   3.7475586e+01
   1.0376363e+07   4.6081543e+01
   1.0376398e+07   3.6193848e+01
   1.0376412e+07   3.0761719e+01
   1.0376432e+07   3.5583496e+01
   1.0376461e+07   3.0273438e+01
   1.0376498e+07   3.5644531e+01
   1.0376529e+07   3.8452148e+01
   1.0376540e+07   3.8330078e+01
   1.0376574e+07   2.8930664e+01
   1.0376599e+07   3.5156250e+01
   1.0376636e+07   3.0578613e+01
   1.0377702e+07   2.7587891e+01
   1.0439967e+07   2.7282715e+01
   1.0440446e+07   2.9968262e+01
   1.0440465e+07   2.8259277e+01
   1.0440646e+07   2.9174805e+01
   1.0440856e+07   3.2409668e+01
   1.0440904e+07   2.9174805e+01
   1.0440939e+07   2.7343750e+01
   1.0440960e+07   3.3386230e+01
   1.0440976e+07   4.0649414e+01
   1.0440995e+07   5.7373047e+01
   1.0441030e+07   3.0334473e+01
   1.0441043e+07   2.7282715e+01
   1.0441093e+07   3.2409668e+01
   1.0441125e+07   2.8808594e+01
   1.0441160e+07   3.4362793e+01
   1.0441192e+07   3.2104492e+01
   1.0441287e+07   3.2104492e+01
   1.0441363e+07   2.8320313e+01
   1.0441531e+07   2.9357910e+01
   1.0478456e+07   4.9499512e+01
   1.0478478e+07   4.5654297e+01
   1.0478494e+07   3.2897949e+01
   1.0478523e+07   4.0771484e+01
   1.0478567e+07   4.1564941e+01
   1.0478635e+07   3.3325195e+01
   1.0478662e+07   3.5278320e+01
   1.0478677e+07   3.4729004e+01
   1.0478714e+07   2.8381348e+01
   1.0478758e+07   3.3264160e+01
   1.0478774e+07   2.9602051e+01
   1.0479044e+07   2.7709961e+01
   1.0632473e+07   4.4006348e+01
   1.0632528e+07   4.6997070e+01
   1.0632547e+07   2.8076172e+01
   1.0632563e+07   2.9052734e+01
   1.0632600e+07   4.4006348e+01
   1.0632615e+07   4.4494629e+01
   1.0632640e+07   3.6560059e+01
   1.0632660e+07   4.3457031e+01
   1.0632688e+07   3.7963867e+01
   1.0632718e+07   3.8513184e+01
   1.0632732e+07   4.0283203e+01
   1.0632816e+07   3.6193848e+01
   1.0632888e+07   3.2897949e+01
   1.0633922e+07   2.9479980e+01
   1.0639663e+07   3.1982422e+01
   1.0653050e+07   2.7343750e+01
   1.0655027e+07   3.0273438e+01
   1.0656136e+07   2.7526855e+01
   1.0656846e+07   3.0517578e+01
   1.0767158e+07   5.7617188e+01
   1.0767184e+07   3.4240723e+01
   1.0767200e+07   3.0578613e+01
   1.0767220e+07   3.2104492e+01
   1.0767236e+07   3.4301758e+01
   1.0767266e+07   4.3884277e+01
   1.0767292e+07   3.5949707e+01
   1.0767326e+07   6.4819336e+01
   1.0767346e+07   3.1799316e+01
   1.0767363e+07   2.9113770e+01
   1.0767419e+07   3.1738281e+01
   1.0767511e+07   3.0334473e+01
   1.0768577e+07   3.0090332e+01
   1.0768608e+07   3.2043457e+01
   1.0894629e+07   3.7536621e+01
   1.0894664e+07   5.3527832e+01
   1.0894681e+07   3.6621094e+01
   1.0894710e+07   3.9855957e+01
   1.0894733e+07   3.1250000e+01
   1.0894750e+07   2.8564453e+01
   1.0894801e+07   4.4982910e+01
   1.0894834e+07   4.0832520e+01
   1.0894847e+07   3.7475586e+01
   1.0894875e+07   3.1250000e+01
   1.0894899e+07   3.9978027e+01
   1.0894945e+07   2.8320313e+01
   1.0895784e+07   2.7404785e+01
   1.0999423e+07   2.7404785e+01
   1.0999557e+07   2.8015137e+01
   1.0999582e+07   3.1433105e+01
   1.0999610e+07   3.9550781e+01
   1.0999638e+07   2.8869629e+01
   1.0999684e+07   4.9072266e+01
   1.0999716e+07   5.2307129e+01
   1.0999736e+07   3.0639648e+01
   1.0999752e+07   2.8198242e+01
   1.0999783e+07   3.7231445e+01
   1.0999793e+07   3.0273438e+01
   1.0999809e+07   2.9357910e+01
   1.0999831e+07   3.0639648e+01
   1.0999841e+07   3.1982422e+01
   1.0999943e+07   2.9602051e+01
   1.1000471e+07   3.0151367e+01
   1.1170493e+07   2.9296875e+01
   1.1170587e+07   3.6010742e+01
   1.1170606e+07   3.6376953e+01
   1.1170625e+07   3.0273438e+01
   1.1170664e+07   6.9885254e+01
   1.1170700e+07   3.5095215e+01
   1.1170718e+07   3.6743164e+01
   1.1170749e+07   4.1320801e+01
   1.1170767e+07   3.3386230e+01
   1.1170784e+07   3.1005859e+01
   1.1170805e+07   3.6254883e+01
   1.1170820e+07   3.4667969e+01
   1.1170872e+07   4.0344238e+01
   1.1170888e+07   3.0395508e+01
   1.1170963e+07   2.7648926e+01
   1.1171585e+07   2.9724121e+01
   1.1172087e+07   2.9357910e+01
   1.1308402e+07   2.7893066e+01
   1.1308472e+07   3.2714844e+01
   1.1308499e+07   3.0029297e+01
   1.1308510e+07   3.2226563e+01
   1.1308541e+07   3.1066895e+01
   1.1308583e+07   2.8991699e+01
   1.1308598e+07   3.2958984e+01
   1.1308627e+07   3.7048340e+01
   1.1308652e+07   3.8024902e+01
   1.1308687e+07   3.6132813e+01
   1.1308716e+07   3.6254883e+01
   1.1308746e+07   2.7648926e+01
   1.1347587e+07   2.9846191e+01
   1.1347613e+07   3.9062500e+01
   1.1347624e+07   2.8686523e+01
   1.1347652e+07   3.3142090e+01
   1.1347719e+07   4.1442871e+01
   1.1347740e+07   2.9479980e+01
   1.1347779e+07   3.2104492e+01
   1.1347805e+07   3.6071777e+01
   1.1347829e+07   3.5095215e+01
   1.1347858e+07   4.0100098e+01
   1.1347901e+07   2.7893066e+01
   1.1347994e+07   3.9062500e+01
   1.1348006e+07   3.5400391e+01
   1.1348112e+07   3.1677246e+01
   1.1348152e+07   3.3081055e+01
   1.1445949e+07   3.8635254e+01
   1.1445974e+07   8.6791992e+01
   1.1445989e+07   4.5166016e+01
   1.1446025e+07   3.4790039e+01
   1.1446039e+07   4.4494629e+01
   1.1446072e+07   3.4057617e+01
   1.1446086e+07   2.9113770e+01
   1.1446107e+07   3.2775879e+01
   1.1446137e+07   4.0039063e+01
   1.1446161e+07   2.7893066e+01
   1.1446205e+07   3.5034180e+01
   1.1446223e+07   3.0151367e+01
   1.1446244e+07   4.0588379e+01
   1.1446280e+07   3.1616211e+01
   1.1446337e+07   2.7709961e+01
   1.1446380e+07   2.9418945e+01
   1.1446516e+07   2.9724121e+01
   1.1447305e+07   2.8564453e+01
   1.1447482e+07   3.2409668e+01
   1.1567405e+07   3.3081055e+01
   1.1567440e+07   3.8696289e+01
   1.1567458e+07   3.0334473e+01
   1.1567478e+07   3.8635254e+01
   1.1567491e+07   4.0649414e+01
   1.1567524e+07   3.1982422e+01
   1.1567542e+07   4.6508789e+01
   1.1567574e+07   3.6560059e+01
   1.1567609e+07   5.5541992e+01
   1.1567629e+07   5.3161621e+01
   1.1567649e+07   3.3874512e+01
   1.1567712e+07   3.2836914e+01
   1.1567774e+07   2.9174805e+01
   1.1567918e+07   3.0517578e+01
   1.1569578e+07   2.8503418e+01
   1.1618342e+07   2.9235840e+01
   1.1618649e+07   3.0151367e+01
   1.1619025e+07   2.9479980e+01
   1.1619405e+07   2.7404785e+01
   1.1736047e+07   3.5034180e+01
   1.1736064e+07   3.1677246e+01
   1.1736090e+07   2.9052734e+01
   1.1736107e+07   3.0151367e+01
   1.1736136e+07   2.8808594e+01
   1.1736166e+07   4.2053223e+01
   1.1736196e+07   3.9489746e+01
   1.1736225e+07   4.2419434e+01
   1.1736240e+07   2.8564453e+01
   1.1736250e+07   3.3142090e+01
   1.1736291e+07   3.3264160e+01
   1.1736336e+07   3.3508301e+01
   1.1736489e+07   3.0517578e+01
   1.1797112e+07   3.0700684e+01
   1.1797126e+07   3.7719727e+01
   1.1797141e+07   3.2348633e+01
   1.1797154e+07   5.1818848e+01
   1.1797192e+07   3.9428711e+01
   1.1797223e+07   2.9968262e+01
   1.1797234e+07   2.8747559e+01
   1.1797248e+07   3.0029297e+01
   1.1797301e+07   3.6682129e+01
   1.1797313e+07   3.3752441e+01
   1.1797336e+07   4.7302246e+01
   1.1797348e+07   3.6071777e+01
   1.1797364e+07   3.3081055e+01
   1.1797401e+07   3.0090332e+01
   1.1797426e+07   2.8930664e+01
   1.1797443e+07   3.9367676e+01
   1.1797551e+07   2.8198242e+01
   1.1797731e+07   2.8320313e+01
   1.1911094e+07   2.9113770e+01
   1.1911117e+07   4.9682617e+01
   1.1911139e+07   3.9001465e+01
   1.1911160e+07   2.7770996e+01
   1.1911177e+07   3.1250000e+01
   1.1911208e+07   3.1005859e+01
   1.1911230e+07   2.8686523e+01
   1.1911262e+07   4.4494629e+01
   1.1911281e+07   5.4077148e+01
   1.1911292e+07   2.7343750e+01
   1.1911322e+07   3.3447266e+01
   1.1911333e+07   3.8879395e+01
   1.1911449e+07   2.8137207e+01
