   1.1996000e+07   0.0000000e+00
   1.5940000e+04   2.8564453e+01
   1.6094000e+04   3.9611816e+01
   1.6107000e+04   2.6428223e+01
   1.6126000e+04   2.5512695e+01
   1.6142000e+04   5.8776855e+01
   1.6159000e+04   3.4851074e+01
   1.6180000e+04   2.8015137e+01
   1.6209000e+04   3.4729004e+01
   1.6233000e+04   3.1127930e+01
   1.6252000e+04   3.2226563e+01
   1.6284000e+04   3.7292480e+01
   1.6305000e+04   3.5583496e+01
   1.6326000e+04   2.7587891e+01
   1.6344000e+04   3.4667969e+01
   1.6377000e+04   3.1921387e+01
   1.6397000e+04   2.7221680e+01
   1.6437000e+04   2.9357910e+01
   3.0905000e+04   2.6062012e+01
   3.0979000e+04   6.5917969e+01
   3.1007000e+04   4.2175293e+01
   3.1017000e+04   3.0151367e+01
   3.1048000e+04   2.4658203e+01
   3.1076000e+04   3.1066895e+01
   3.1097000e+04   4.5043945e+01
   3.1118000e+04   2.6367188e+01
   3.1141000e+04   2.7343750e+01
   3.1157000e+04   2.9357910e+01
   3.1175000e+04   4.6447754e+01
   3.1216000e+04   2.7709961e+01
   3.1288000e+04   3.2653809e+01
   3.1316000e+04   2.9846191e+01
   3.1379000e+04   3.1677246e+01
   3.2787000e+04   2.5207520e+01
   4.7730000e+04   2.6428223e+01
   4.8048000e+04   2.7832031e+01
   1.3752700e+05   2.7526855e+01
   1.3758300e+05   2.7587891e+01
   1.3759900e+05   2.5085449e+01
   1.3762300e+05   5.4809570e+01
   1.3765000e+05   3.5034180e+01
   1.3768100e+05   3.4606934e+01
   1.3770900e+05   5.5175781e+01
   1.3771900e+05   5.1330566e+01
   1.3777300e+05   2.5451660e+01
   1.3780700e+05   4.2724609e+01
   1.3786600e+05   3.9794922e+01
   1.3789000e+05   3.5705566e+01
   1.3791700e+05   3.0517578e+01
   1.3796900e+05   2.5756836e+01
   1.7586600e+05   2.6123047e+01
   1.7618900e+05   5.5908203e+01
   1.7621000e+05   3.0334473e+01
   1.7628600e+05   4.0527344e+01
   1.7629800e+05   7.5134277e+01
   1.7633100e+05   3.6437988e+01
   1.7636700e+05   2.9724121e+01
   1.7637700e+05   3.8085938e+01
   1.7640600e+05   3.1738281e+01
   1.7644700e+05   3.9184570e+01
   1.7647400e+05   3.9794922e+01
   1.7654700e+05   2.7099609e+01
   1.7656400e+05   2.4841309e+01
   1.9193400e+05   2.8564453e+01
   1.9194800e+05   2.6733398e+01
   1.9207900e+05   2.6794434e+01
   1.9212700e+05   2.4963379e+01
   1.9215900e+05   4.6386719e+01
   1.9217500e+05   2.5207520e+01
   1.9219000e+05   2.4841309e+01
   1.9224600e+05   3.1921387e+01
   1.9229600e+05   2.9663086e+01
   1.9234700e+05   2.4902344e+01
   1.9242100e+05   2.8808594e+01
   1.9248300e+05   2.5878906e+01
   1.9277000e+05   2.4780273e+01
   2.3371800e+05   2.6916504e+01
   2.3390000e+05   2.7465820e+01
   2.3398500e+05   4.6020508e+01
   2.3402400e+05   2.7465820e+01
   2.3404100e+05   2.5207520e+01
   2.3409600e+05   3.0090332e+01
   2.3411800e+05   3.0761719e+01
   2.3413100e+05   2.9724121e+01
   2.3414200e+05   3.0151367e+01
   2.3418800e+05   5.3833008e+01
   2.3420800e+05   2.7465820e+01
   2.3426600e+05   3.1005859e+01
   2.3429700e+05   2.8747559e+01
   2.3431400e+05   3.2287598e+01
   2.5130700e+05   2.5451660e+01
   2.5133800e+05   4.6691895e+01
   2.5135200e+05   3.7963867e+01
   2.5143400e+05   2.9296875e+01
   2.5147500e+05   3.9245605e+01
   2.5151300e+05   2.5451660e+01
   2.5158100e+05   2.9602051e+01
   2.5160500e+05   3.3508301e+01
   2.5163100e+05   2.7282715e+01
   2.5173700e+05   3.8330078e+01
   2.5175800e+05   2.6733398e+01
   2.5182900e+05   2.5939941e+01
   2.5186900e+05   2.8625488e+01
   2.5190500e+05   2.5756836e+01
   2.5220000e+05   3.8696289e+01
   3.3281500e+05   3.2714844e+01
   3.3294500e+05   2.5451660e+01
   3.3298200e+05   2.4902344e+01
   3.3299400e+05   2.4597168e+01
   3.3307000e+05   6.0791016e+01
   3.3308500e+05   3.3203125e+01
   3.3310500e+05   4.1870117e+01
   3.3312600e+05   2.7099609e+01
   3.3316100e+05   3.1433105e+01
   3.3318800e+05   2.7160645e+01
   3.3319900e+05   6.2561035e+01
   3.3322200e+05   4.3640137e+01
   3.3325500e+05   4.6752930e+01
   3.3326500e+05   3.7353516e+01
   3.3329000e+05   2.9602051e+01
   3.3330700e+05   2.7404785e+01
   3.3333900e+05   2.8503418e+01
   3.3336000e+05   2.7221680e+01
   3.3339800e+05   2.4597168e+01
   3.3493100e+05   2.4963379e+01
   3.5580200e+05   2.9724121e+01
   3.5608800e+05   2.5268555e+01
   3.5610200e+05   3.0761719e+01
   3.5617700e+05   4.7302246e+01
   3.5618700e+05   2.8625488e+01
   3.5623600e+05   3.0029297e+01
   3.5628700e+05   3.5644531e+01
   3.5630300e+05   4.9682617e+01
   3.5631600e+05   2.5573730e+01
   3.5634300e+05   2.7587891e+01
   3.5635800e+05   4.6752930e+01
   3.5638300e+05   2.6184082e+01
   3.5642400e+05   2.8137207e+01
   3.5645400e+05   2.6245117e+01
   3.5650500e+05   2.7038574e+01
   3.5652000e+05   2.6184082e+01
   3.5660300e+05   2.4902344e+01
   3.5666500e+05   2.6733398e+01
   3.5686900e+05   2.4963379e+01
   3.5688100e+05   2.9113770e+01
   3.7400200e+05   2.7160645e+01
   3.7430000e+05   2.6794434e+01
   3.7453300e+05   2.5939941e+01
   3.7461100e+05   2.9174805e+01
   3.7467000e+05   3.4667969e+01
   3.7481200e+05   2.7099609e+01
   3.7488400e+05   3.4118652e+01
   3.7505400e+05   2.4658203e+01
   3.9639200e+05   2.5573730e+01
   4.1447100e+05   2.6306152e+01
   4.2552100e+05   2.4902344e+01
   4.2557000e+05   2.4902344e+01
   4.2578000e+05   3.5705566e+01
   4.2581800e+05   2.9357910e+01
   4.2584100e+05   3.5217285e+01
   4.2587300e+05   3.9123535e+01
   4.2588600e+05   4.5288086e+01
   4.2593500e+05   3.4362793e+01
   4.2594900e+05   5.7434082e+01
   4.2597800e+05   2.9602051e+01
   4.2599700e+05   3.1005859e+01
   4.2602200e+05   3.3874512e+01
   4.2603500e+05   3.4484863e+01
   4.2605600e+05   3.0639648e+01
   4.2614500e+05   2.7221680e+01
   4.4848800e+05   2.5756836e+01
   4.4895300e+05   3.0456543e+01
   4.4897700e+05   3.9245605e+01
   4.4901400e+05   2.6306152e+01
   4.4908100e+05   4.7485352e+01
   4.4910100e+05   3.2592773e+01
   4.4916000e+05   3.0334473e+01
   4.4917700e+05   2.9724121e+01
   4.4920300e+05   4.3457031e+01
   4.4933100e+05   3.0395508e+01
   4.4935700e+05   2.6855469e+01
   4.4938700e+05   2.8076172e+01
   4.4971000e+05   2.6306152e+01
   5.6668800e+05   2.9174805e+01
   5.6688100e+05   2.5817871e+01
   5.6690900e+05   6.4636230e+01
   5.6693900e+05   3.2714844e+01
   5.6696600e+05   3.0273438e+01
   5.6699200e+05   2.4658203e+01
   5.6703100e+05   3.2592773e+01
   5.6704600e+05   3.0944824e+01
   5.6708600e+05   3.0151367e+01
   5.6711800e+05   2.8259277e+01
   5.6713300e+05   3.5705566e+01
   5.6715900e+05   3.4484863e+01
   5.6719900e+05   2.5390625e+01
   5.6721000e+05   2.9235840e+01
   5.6725800e+05   2.4780273e+01
   5.8090900e+05   2.4902344e+01
   5.8242400e+05   2.5268555e+01
   5.8250700e+05   2.6794434e+01
   5.8282500e+05   3.3325195e+01
   5.8286200e+05   2.7282715e+01
   5.8288500e+05   4.8278809e+01
   5.8291100e+05   3.9855957e+01
   5.8292700e+05   2.7282715e+01
   5.8294300e+05   4.4738770e+01
   5.8298000e+05   3.1005859e+01
   5.8300100e+05   2.7465820e+01
   5.8302400e+05   3.5644531e+01
   5.8309600e+05   2.4902344e+01
   5.8311000e+05   2.5817871e+01
   5.8312000e+05   2.8503418e+01
   5.8315300e+05   2.9724121e+01
   5.8317900e+05   3.1555176e+01
   5.8328800e+05   2.6184082e+01
   5.8342600e+05   2.4597168e+01
   5.8363300e+05   2.5695801e+01
   5.8457000e+05   2.4780273e+01
   6.1271500e+05   2.9113770e+01
   6.1313300e+05   2.7343750e+01
   6.1342300e+05   3.3569336e+01
   6.1362400e+05   2.5695801e+01
   6.1371900e+05   2.6611328e+01
   6.1374000e+05   2.5878906e+01
   6.1376400e+05   2.5390625e+01
   6.1392100e+05   3.0639648e+01
   6.1410500e+05   2.6977539e+01
   6.1441700e+05   2.4597168e+01
   6.3272100e+05   2.4719238e+01
   6.3364300e+05   2.4597168e+01
   6.4909800e+05   2.5756836e+01
   6.8653900e+05   2.5207520e+01
   7.9183900e+05   4.3762207e+01
   7.9185400e+05   3.4790039e+01
   7.9188900e+05   4.5776367e+01
   7.9190700e+05   7.3913574e+01
   7.9192700e+05   2.6550293e+01
   7.9195800e+05   3.2531738e+01
   7.9197400e+05   3.0273438e+01
   7.9200500e+05   3.7231445e+01
   7.9205400e+05   4.4555664e+01
   7.9207000e+05   3.5522461e+01
   7.9210300e+05   3.1250000e+01
   7.9211600e+05   2.4719238e+01
   7.9215400e+05   2.8198242e+01
   7.9300600e+05   2.5268555e+01
   8.3803500e+05   2.6733398e+01
   8.3881700e+05   2.8076172e+01
   8.3894900e+05   2.6611328e+01
   8.3901000e+05   2.7099609e+01
   8.3909100e+05   2.7282715e+01
   8.3929500e+05   2.7709961e+01
   8.3938900e+05   2.5573730e+01
   8.3950300e+05   2.9968262e+01
   8.4000800e+05   2.4963379e+01
   8.8884300e+05   2.6855469e+01
   8.9379500e+05   2.5573730e+01
   8.9384800e+05   4.8461914e+01
   8.9387200e+05   3.8208008e+01
   8.9389400e+05   3.0517578e+01
   8.9390500e+05   3.2714844e+01
   8.9394700e+05   5.1269531e+01
   8.9397300e+05   3.9672852e+01
   8.9399600e+05   2.8442383e+01
   8.9402200e+05   3.2592773e+01
   8.9405700e+05   3.2287598e+01
   8.9408600e+05   2.7954102e+01
   8.9411300e+05   3.6376953e+01
   8.9412700e+05   3.1494141e+01
   8.9416900e+05   2.8259277e+01
   9.5625700e+05   2.4841309e+01
   9.6773100e+05   2.5695801e+01
   9.6780900e+05   2.4902344e+01
   9.6801700e+05   4.2419434e+01
   9.6804200e+05   2.9541016e+01
   9.6805800e+05   2.9968262e+01
   9.6808600e+05   3.6010742e+01
   9.6810800e+05   4.9682617e+01
   9.6812800e+05   2.7404785e+01
   9.6815500e+05   4.5104980e+01
   9.6818400e+05   4.0771484e+01
   9.6819600e+05   3.1372070e+01
   9.6823000e+05   2.4597168e+01
   9.6826000e+05   2.5390625e+01
   9.6827900e+05   3.2348633e+01
   9.6832000e+05   2.6367188e+01
   9.6833900e+05   2.4658203e+01
   9.6837500e+05   2.8747559e+01
   9.6840200e+05   2.5268555e+01
   9.9474100e+05   2.6611328e+01
   1.0055260e+06   2.7587891e+01
   1.0088480e+06   2.7099609e+01
   1.0135500e+06   2.4780273e+01
   1.0268690e+06   2.5756836e+01
   1.0450020e+06   5.0903320e+01
   1.0450630e+06   4.2419434e+01
   1.0450800e+06   4.0466309e+01
   1.0451280e+06   3.0700684e+01
   1.0451380e+06   3.2836914e+01
   1.0451620e+06   3.3630371e+01
   1.0451730e+06   2.9113770e+01
   1.0451990e+06   3.6926270e+01
   1.0452420e+06   3.5095215e+01
   1.0452620e+06   2.9724121e+01
   1.0453830e+06   2.5756836e+01
   1.0466400e+06   2.4963379e+01
   1.0469730e+06   2.5634766e+01
   1.0676610e+06   2.7893066e+01
   1.0712250e+06   2.9663086e+01
   1.2368110e+06   2.6062012e+01
   1.2370920e+06   5.1879883e+01
   1.2371120e+06   2.5878906e+01
   1.2371250e+06   3.1311035e+01
   1.2371360e+06   3.1066895e+01
   1.2371740e+06   4.3640137e+01
   1.2371840e+06   4.7546387e+01
   1.2371990e+06   3.0090332e+01
   1.2372400e+06   3.9611816e+01
   1.2372680e+06   5.4565430e+01
   1.2372920e+06   3.6010742e+01
   1.2373240e+06   3.1005859e+01
   1.2768590e+06   2.4780273e+01
   1.2992270e+06   2.6855469e+01
   1.2996000e+06   4.7180176e+01
   1.2996540e+06   2.6611328e+01
   1.2996940e+06   4.3579102e+01
   1.2997210e+06   2.5634766e+01
   1.2997690e+06   4.0710449e+01
   1.2997960e+06   3.1188965e+01
   1.2998190e+06   2.5268555e+01
   1.2998400e+06   4.0161133e+01
   1.2998660e+06   2.9235840e+01
   1.2998980e+06   3.2043457e+01
   1.2999600e+06   2.6245117e+01
   1.3001730e+06   2.8076172e+01
   1.4555630e+06   2.9357910e+01
   1.4555900e+06   2.5329590e+01
   1.4556940e+06   4.0344238e+01
   1.4557250e+06   2.7038574e+01
   1.4557390e+06   3.6560059e+01
   1.4557620e+06   4.1076660e+01
   1.4557820e+06   3.6376953e+01
   1.4558110e+06   3.8146973e+01
   1.4558340e+06   3.0395508e+01
   1.4558470e+06   2.8869629e+01
   1.4558700e+06   3.1127930e+01
   1.4558860e+06   4.0039063e+01
   1.4559280e+06   2.4963379e+01
   1.4559500e+06   2.9296875e+01
   1.4560650e+06   2.5451660e+01
   1.4803150e+06   2.5146484e+01
   1.4815090e+06   3.1311035e+01
   1.4815860e+06   2.4963379e+01
   1.4819230e+06   2.5756836e+01
   1.4820240e+06   3.5217285e+01
   1.4823090e+06   3.9367676e+01
   1.4823360e+06   2.9479980e+01
   1.5341260e+06   2.6123047e+01
   1.5597900e+06   2.4658203e+01
   1.5625990e+06   2.5634766e+01
   1.5665520e+06   2.5634766e+01
   1.6033100e+06   2.9174805e+01
   1.6033850e+06   2.8259277e+01
   1.6034080e+06   5.2673340e+01
   1.6034290e+06   2.6306152e+01
   1.6034540e+06   2.9907227e+01
   1.6034790e+06   3.8940430e+01
   1.6035030e+06   2.9907227e+01
   1.6035140e+06   2.5512695e+01
   1.6035530e+06   2.9052734e+01
   1.6035680e+06   3.4057617e+01
   1.6036050e+06   3.8696289e+01
   1.6036830e+06   2.4719238e+01
   1.6969920e+06   4.4189453e+01
   1.6970350e+06   4.3395996e+01
   1.6970480e+06   3.0761719e+01
   1.6970650e+06   4.7241211e+01
   1.6971160e+06   3.4973145e+01
   1.6971260e+06   6.0607910e+01
   1.6971620e+06   2.6184082e+01
   1.6971840e+06   3.7719727e+01
   1.6971960e+06   3.2958984e+01
   1.6972190e+06   2.5207520e+01
   1.6972520e+06   3.7841797e+01
   1.6972890e+06   2.7893066e+01
   1.6973200e+06   2.6245117e+01
   1.7419630e+06   2.6123047e+01
   1.8089700e+06   2.5573730e+01
   1.8090870e+06   2.7282715e+01
   1.8091810e+06   4.0771484e+01
   1.8092000e+06   3.5339355e+01
   1.8092170e+06   3.0883789e+01
   1.8092380e+06   2.5695801e+01
   1.8092530e+06   4.1503906e+01
   1.8092750e+06   2.6794434e+01
   1.8093040e+06   3.0761719e+01
   1.8093380e+06   4.2663574e+01
   1.8093490e+06   3.4912109e+01
   1.8093820e+06   2.5756836e+01
   1.8093950e+06   2.5024414e+01
   1.8094080e+06   2.5024414e+01
   1.8094650e+06   2.5939941e+01
   1.8095100e+06   2.4597168e+01
   1.9230520e+06   3.7048340e+01
   1.9231130e+06   4.3334961e+01
   1.9231240e+06   4.1931152e+01
   1.9231610e+06   4.5349121e+01
   1.9232020e+06   4.2480469e+01
   1.9232490e+06   3.6132813e+01
   1.9232610e+06   4.0893555e+01
   1.9232830e+06   2.8686523e+01
   1.9233160e+06   4.2419434e+01
   1.9233380e+06   2.5085449e+01
   1.9233650e+06   2.5207520e+01
   1.9233820e+06   2.6550293e+01
   1.9234660e+06   3.3813477e+01
   1.9236630e+06   2.6000977e+01
   1.9248020e+06   2.6550293e+01
   1.9571600e+06   2.5146484e+01
   1.9578890e+06   2.9418945e+01
   1.9578990e+06   2.5390625e+01
   1.9584060e+06   3.4118652e+01
   1.9585430e+06   3.5522461e+01
   1.9590480e+06   2.9235840e+01
   2.0118600e+06   2.4597168e+01
   2.0118850e+06   3.1066895e+01
   2.0119060e+06   4.7973633e+01
   2.0119450e+06   2.5939941e+01
   2.0119610e+06   3.6315918e+01
   2.0119870e+06   3.7658691e+01
   2.0120060e+06   2.8320313e+01
   2.0120310e+06   3.8574219e+01
   2.0120500e+06   3.0822754e+01
   2.0120840e+06   3.5583496e+01
   2.0121210e+06   4.4799805e+01
   2.0121410e+06   3.5461426e+01
   2.0121710e+06   2.6611328e+01
   2.0121950e+06   2.5146484e+01
   2.0562690e+06   4.7851563e+01
   2.0563100e+06   2.8198242e+01
   2.0563210e+06   2.8503418e+01
   2.0563390e+06   2.9602051e+01
   2.0563550e+06   2.5451660e+01
   2.0564130e+06   4.2846680e+01
   2.0564390e+06   4.4067383e+01
   2.0564490e+06   2.8869629e+01
   2.0564880e+06   2.9479980e+01
   2.0565090e+06   3.5095215e+01
   2.0565260e+06   3.1250000e+01
   2.0565460e+06   2.7893066e+01
   2.0565570e+06   2.4963379e+01
   2.0565780e+06   2.5695801e+01
   2.0566040e+06   2.5268555e+01
   2.0566240e+06   3.7170410e+01
   2.0566540e+06   3.1311035e+01
   2.0567130e+06   4.4494629e+01
   2.0568030e+06   2.7282715e+01
   2.1974770e+06   3.4545898e+01
   2.1976100e+06   3.2104492e+01
   2.1976230e+06   4.8278809e+01
   2.1976810e+06   3.9428711e+01
   2.1977230e+06   2.4658203e+01
   2.1977470e+06   6.1462402e+01
   2.1977780e+06   2.7038574e+01
   2.1977970e+06   3.4973145e+01
   2.1978180e+06   3.3569336e+01
   2.1978370e+06   3.8146973e+01
   2.1978470e+06   3.2165527e+01
   2.1981130e+06   2.8442383e+01
   2.4078320e+06   3.3325195e+01
   2.4079640e+06   2.5390625e+01
   2.4079770e+06   6.2194824e+01
   2.4079890e+06   3.2348633e+01
   2.4080200e+06   3.8146973e+01
   2.4080460e+06   4.9804688e+01
   2.4080650e+06   3.5034180e+01
   2.4080980e+06   3.7109375e+01
   2.4081300e+06   4.0710449e+01
   2.4081600e+06   2.9052734e+01
   2.4081720e+06   3.2470703e+01
   2.4081970e+06   4.0161133e+01
   2.4082130e+06   2.5146484e+01
   2.4082400e+06   3.2897949e+01
   2.4082710e+06   2.4597168e+01
   2.4083920e+06   2.7526855e+01
   2.4827300e+06   2.5268555e+01
   2.4828340e+06   2.8076172e+01
   2.4828480e+06   4.0161133e+01
   2.4829160e+06   2.6489258e+01
   2.4829530e+06   3.8391113e+01
   2.4830020e+06   4.8645020e+01
   2.4830150e+06   3.1188965e+01
   2.4830370e+06   3.2714844e+01
   2.4831020e+06   4.7790527e+01
   2.4831280e+06   4.6630859e+01
   2.4831520e+06   3.2287598e+01
   2.4831820e+06   3.4240723e+01
   2.4832090e+06   2.7221680e+01
   2.4832270e+06   2.8320313e+01
   2.4832640e+06   2.7526855e+01
   2.4833070e+06   2.7709961e+01
   2.4833530e+06   3.0700684e+01
   2.4833900e+06   2.6062012e+01
   2.6008770e+06   3.1066895e+01
   2.6010270e+06   4.9865723e+01
   2.6010500e+06   2.5207520e+01
   2.6010780e+06   3.5522461e+01
   2.6010940e+06   4.5837402e+01
   2.6011210e+06   2.5451660e+01
   2.6011500e+06   5.3833008e+01
   2.6011650e+06   2.8625488e+01
   2.6011990e+06   2.8320313e+01
   2.6012160e+06   3.4301758e+01
   2.6012520e+06   3.2592773e+01
   2.6013100e+06   2.6367188e+01
   2.6013340e+06   2.6062012e+01
   2.6013740e+06   2.5878906e+01
   2.6096790e+06   2.5085449e+01
   2.6116410e+06   2.4963379e+01
   2.6834460e+06   2.7282715e+01
   2.6835930e+06   2.6000977e+01
   2.6837320e+06   5.1635742e+01
   2.6837570e+06   2.4597168e+01
   2.6837730e+06   4.3640137e+01
   2.6838040e+06   3.5522461e+01
   2.6838320e+06   5.5480957e+01
   2.6838620e+06   4.0100098e+01
   2.6838770e+06   4.3518066e+01
   2.6839110e+06   3.0883789e+01
   2.6839270e+06   3.4912109e+01
   2.6839720e+06   3.3142090e+01
   2.6840310e+06   2.6977539e+01
   2.6840700e+06   3.3142090e+01
   2.7852130e+06   2.9602051e+01
   2.7853030e+06   3.1311035e+01
   2.7853540e+06   5.7067871e+01
   2.7854150e+06   3.2470703e+01
   2.7854430e+06   4.1748047e+01
   2.7854600e+06   2.8869629e+01
   2.7854870e+06   3.0517578e+01
   2.7855040e+06   4.0527344e+01
   2.7855280e+06   3.5034180e+01
   2.7855430e+06   3.8024902e+01
   2.7855530e+06   2.7038574e+01
   2.7855990e+06   3.0212402e+01
   2.7856200e+06   3.4545898e+01
   2.7856470e+06   3.1066895e+01
   2.7856880e+06   2.6672363e+01
   2.7857390e+06   2.5146484e+01
   2.8526040e+06   2.6123047e+01
   2.8526200e+06   5.0231934e+01
   2.8526880e+06   3.2287598e+01
   2.8527070e+06   4.2480469e+01
   2.8527290e+06   3.2226563e+01
   2.8527590e+06   3.1066895e+01
   2.8527880e+06   5.2490234e+01
   2.8528000e+06   2.6245117e+01
   2.8528530e+06   3.3630371e+01
   2.8529020e+06   2.7648926e+01
   2.8529320e+06   2.7038574e+01
   2.8529780e+06   3.2226563e+01
   2.8530180e+06   4.0527344e+01
   2.8530690e+06   2.5512695e+01
   2.8539410e+06   2.7709961e+01
   2.8541470e+06   2.4780273e+01
   2.9172770e+06   5.0964355e+01
   2.9173050e+06   3.2104492e+01
   2.9173590e+06   3.3630371e+01
   2.9173920e+06   3.0700684e+01
   2.9174020e+06   3.2592773e+01
   2.9174260e+06   3.1188965e+01
   2.9174490e+06   2.8686523e+01
   2.9174770e+06   4.1870117e+01
   2.9174960e+06   2.8442383e+01
   2.9175380e+06   3.1921387e+01
   2.9175710e+06   3.2714844e+01
   2.9177370e+06   2.7160645e+01
   2.9662590e+06   4.9682617e+01
   2.9662930e+06   3.1005859e+01
   2.9663500e+06   2.4902344e+01
   2.9663640e+06   3.8818359e+01
   2.9664060e+06   2.9174805e+01
   2.9664190e+06   3.7780762e+01
   2.9664370e+06   2.5390625e+01
   2.9664670e+06   2.8320313e+01
   2.9665340e+06   2.8503418e+01
   2.9665570e+06   3.5583496e+01
   2.9666070e+06   2.5024414e+01
   2.9667030e+06   3.3264160e+01
   3.0199890e+06   3.5217285e+01
   3.0200010e+06   4.1687012e+01
   3.0200330e+06   2.5268555e+01
   3.0200460e+06   3.4912109e+01
   3.0200840e+06   2.7526855e+01
   3.0201050e+06   3.5095215e+01
   3.0201320e+06   3.1860352e+01
   3.0201530e+06   2.9907227e+01
   3.0201880e+06   2.6000977e+01
   3.0202090e+06   2.9785156e+01
   3.0202470e+06   3.5461426e+01
   3.0202670e+06   2.7526855e+01
   3.0203180e+06   3.1616211e+01
   3.0203360e+06   2.6184082e+01
   3.0203580e+06   3.0212402e+01
   3.1383820e+06   2.6306152e+01
   3.1385520e+06   2.6550293e+01
   3.1385740e+06   4.9560547e+01
   3.1386000e+06   2.4597168e+01
   3.1386280e+06   2.8259277e+01
   3.1386450e+06   4.3518066e+01
   3.1386860e+06   3.0090332e+01
   3.1387150e+06   4.2236328e+01
   3.1387310e+06   3.2348633e+01
   3.1387490e+06   2.6794434e+01
   3.1387840e+06   4.3884277e+01
   3.1387990e+06   3.0822754e+01
   3.1388370e+06   2.5207520e+01
   3.1388660e+06   2.7587891e+01
   3.1388900e+06   2.4658203e+01
   3.1389250e+06   2.9052734e+01
   3.1390460e+06   2.7221680e+01
   3.2999920e+06   2.4963379e+01
   3.3027760e+06   2.7160645e+01
   3.3028800e+06   2.4963379e+01
   3.3028900e+06   2.7099609e+01
   3.3029200e+06   6.4147949e+01
   3.3029320e+06   2.6184082e+01
   3.3029690e+06   4.0649414e+01
   3.3029800e+06   3.5583496e+01
   3.3030050e+06   2.8259277e+01
   3.3030370e+06   5.1757813e+01
   3.3030530e+06   3.4790039e+01
   3.3030850e+06   3.7780762e+01
   3.3031110e+06   3.0334473e+01
   3.3031480e+06   3.2409668e+01
   3.3031640e+06   2.9724121e+01
   3.3032020e+06   2.8198242e+01
   3.3032290e+06   3.4545898e+01
   3.3033280e+06   2.7221680e+01
   3.3042570e+06   2.5024414e+01
   3.3044520e+06   2.8442383e+01
   3.3246640e+06   2.6184082e+01
   3.3249060e+06   2.5390625e+01
   3.3252820e+06   2.7648926e+01
   3.3258250e+06   3.4912109e+01
   3.4301510e+06   2.4780273e+01
   3.4303160e+06   2.5878906e+01
   3.4303720e+06   6.1096191e+01
   3.4304470e+06   5.9204102e+01
   3.4304730e+06   2.6489258e+01
   3.4304950e+06   3.4301758e+01
   3.4305110e+06   4.4006348e+01
   3.4305310e+06   2.5878906e+01
   3.4305670e+06   4.2297363e+01
   3.4306020e+06   3.8452148e+01
   3.4306170e+06   2.7465820e+01
   3.4306530e+06   3.2409668e+01
   3.4306980e+06   3.1677246e+01
   3.4307380e+06   2.8381348e+01
   3.5797290e+06   2.9663086e+01
   3.5798220e+06   2.7160645e+01
   3.5798480e+06   5.4992676e+01
   3.5798580e+06   2.7404785e+01
   3.5798770e+06   2.7893066e+01
   3.5799010e+06   5.6213379e+01
   3.5799290e+06   2.5878906e+01
   3.5799490e+06   3.4057617e+01
   3.5799710e+06   4.9865723e+01
   3.5799960e+06   5.3894043e+01
   3.5800140e+06   4.2968750e+01
   3.5800400e+06   3.1494141e+01
   3.5800520e+06   4.9377441e+01
   3.5800740e+06   2.5268555e+01
   3.5800840e+06   2.6123047e+01
   3.5801070e+06   2.8930664e+01
   3.7067980e+06   4.4067383e+01
   3.7068120e+06   3.0029297e+01
   3.7068350e+06   3.2409668e+01
   3.7068550e+06   2.9724121e+01
   3.7068790e+06   3.2348633e+01
   3.7068890e+06   2.6855469e+01
   3.7069160e+06   3.8269043e+01
   3.7069430e+06   6.0058594e+01
   3.7069820e+06   4.0954590e+01
   3.7070060e+06   3.5705566e+01
   3.7070340e+06   3.3569336e+01
   3.7070990e+06   3.9245605e+01
   3.7071190e+06   3.3020020e+01
   3.7071650e+06   2.8869629e+01
   3.7072090e+06   3.1250000e+01
   3.7592710e+06   2.7893066e+01
   3.7595650e+06   2.8686523e+01
   3.7595980e+06   2.7038574e+01
   3.7596110e+06   3.7841797e+01
   3.7596370e+06   2.4597168e+01
   3.7596700e+06   3.1799316e+01
   3.7597010e+06   3.6254883e+01
   3.7597250e+06   3.3508301e+01
   3.7597820e+06   2.6000977e+01
   3.7597960e+06   6.3659668e+01
   3.7598210e+06   2.6184082e+01
   3.7598360e+06   2.5390625e+01
   3.7598810e+06   4.7607422e+01
   3.7598970e+06   4.2968750e+01
   3.7599170e+06   3.1494141e+01
   3.7599490e+06   2.7893066e+01
   3.7599890e+06   2.9052734e+01
   3.8797030e+06   4.9377441e+01
   3.8797200e+06   2.6855469e+01
   3.8797470e+06   2.9846191e+01
   3.8797720e+06   3.9184570e+01
   3.8797840e+06   2.7404785e+01
   3.8798140e+06   3.9550781e+01
   3.8798290e+06   3.6621094e+01
   3.8798570e+06   2.8198242e+01
   3.8799020e+06   4.2541504e+01
   3.8799460e+06   2.4963379e+01
   3.8799680e+06   3.0639648e+01
   3.8816900e+06   3.0029297e+01
   3.8969640e+06   2.5695801e+01
   3.8970910e+06   2.5329590e+01
   3.8972240e+06   2.7221680e+01
   3.8972890e+06   4.8767090e+01
   3.8973160e+06   2.8747559e+01
   3.8973690e+06   2.9785156e+01
   3.8973980e+06   3.0090332e+01
   3.8974270e+06   2.6733398e+01
   3.8974720e+06   2.6245117e+01
   3.8975080e+06   2.4658203e+01
   3.8976190e+06   3.0395508e+01
   3.8977460e+06   2.9052734e+01
   3.8978960e+06   2.5390625e+01
   3.8982930e+06   3.4057617e+01
   4.0581790e+06   3.9184570e+01
   4.0582000e+06   2.6855469e+01
   4.0582400e+06   5.8776855e+01
   4.0582550e+06   3.0944824e+01
   4.0582810e+06   3.2226563e+01
   4.0582990e+06   2.9296875e+01
   4.0583270e+06   3.2104492e+01
   4.0583440e+06   3.4667969e+01
   4.0583580e+06   3.5156250e+01
   4.0583730e+06   3.1738281e+01
   4.0584290e+06   4.9194336e+01
   4.0584640e+06   2.7465820e+01
   4.0584890e+06   3.1005859e+01
   4.0585330e+06   2.5268555e+01
   4.0595420e+06   2.5146484e+01
   4.1186970e+06   2.5207520e+01
   4.1187990e+06   2.5024414e+01
   4.1188230e+06   3.1860352e+01
   4.1188580e+06   2.8686523e+01
   4.1188740e+06   4.7058105e+01
   4.1189520e+06   2.4597168e+01
   4.1189840e+06   4.4250488e+01
   4.1189950e+06   3.0151367e+01
   4.1190370e+06   2.4658203e+01
   4.1190710e+06   2.4780273e+01
   4.1191040e+06   4.6447754e+01
   4.1191170e+06   3.0822754e+01
   4.1192060e+06   2.7832031e+01
   4.1192800e+06   4.4555664e+01
   4.1192920e+06   2.5512695e+01
   4.1193220e+06   2.5207520e+01
   4.1201960e+06   2.7465820e+01
   4.1635330e+06   2.4597168e+01
   4.1635580e+06   4.2846680e+01
   4.1636380e+06   2.7038574e+01
   4.1636680e+06   4.8645020e+01
   4.1636820e+06   3.2897949e+01
   4.1637000e+06   2.4902344e+01
   4.1637130e+06   6.8481445e+01
   4.1637490e+06   2.6916504e+01
   4.1637680e+06   3.4362793e+01
   4.1637800e+06   3.4118652e+01
   4.1638300e+06   4.2175293e+01
   4.1639880e+06   2.8686523e+01
   4.1643130e+06   2.5634766e+01
   4.1647690e+06   2.5451660e+01
   4.2147200e+06   2.4841309e+01
   4.2147970e+06   2.8503418e+01
   4.2149360e+06   3.1555176e+01
   4.2149790e+06   5.1879883e+01
   4.2149900e+06   2.7954102e+01
   4.2150640e+06   3.5705566e+01
   4.2150850e+06   2.7221680e+01
   4.2151020e+06   3.7048340e+01
   4.2151390e+06   2.6062012e+01
   4.2151720e+06   4.6936035e+01
   4.2152530e+06   2.5512695e+01
   4.2152680e+06   3.6682129e+01
   4.2153220e+06   3.2104492e+01
   4.2458850e+06   2.5817871e+01
   4.2461240e+06   2.5512695e+01
   4.2461410e+06   4.7790527e+01
   4.2461640e+06   4.2907715e+01
   4.2461830e+06   2.8198242e+01
   4.2462190e+06   2.6489258e+01
   4.2462480e+06   3.9672852e+01
   4.2462700e+06   4.4738770e+01
   4.2462900e+06   2.6489258e+01
   4.2463060e+06   2.5512695e+01
   4.2463320e+06   3.1005859e+01
   4.2463480e+06   2.5573730e+01
   4.2463750e+06   4.1198730e+01
   4.2463910e+06   2.6611328e+01
   4.2464040e+06   2.7587891e+01
   4.2464280e+06   3.5644531e+01
   4.2464540e+06   3.1066895e+01
   4.2464810e+06   2.9174805e+01
   4.2465570e+06   2.5939941e+01
   4.3782320e+06   2.6428223e+01
   4.3783320e+06   3.3447266e+01
   4.3784800e+06   4.7180176e+01
   4.3785000e+06   2.8808594e+01
   4.3785410e+06   3.0700684e+01
   4.3785520e+06   5.3710938e+01
   4.3786000e+06   2.5817871e+01
   4.3786260e+06   2.7465820e+01
   4.3786610e+06   2.4780273e+01
   4.3786790e+06   4.5593262e+01
   4.3787110e+06   2.8198242e+01
   4.3787450e+06   3.4606934e+01
   4.3788260e+06   2.6733398e+01
   4.3788930e+06   2.7404785e+01
   4.3802890e+06   2.6550293e+01
   4.5527630e+06   2.8625488e+01
   4.5529260e+06   3.6376953e+01
   4.5529440e+06   4.2419434e+01
   4.5530020e+06   3.7353516e+01
   4.5530530e+06   2.5024414e+01
   4.5530650e+06   3.7231445e+01
   4.5531150e+06   4.2236328e+01
   4.5531290e+06   2.7221680e+01
   4.5531620e+06   2.5695801e+01
   4.5531800e+06   2.7770996e+01
   4.5532790e+06   2.6916504e+01
   4.6701030e+06   2.6062012e+01
   4.6701290e+06   3.0029297e+01
   4.6702010e+06   3.7048340e+01
   4.6702570e+06   3.2775879e+01
   4.6702690e+06   4.0405273e+01
   4.6703160e+06   2.5390625e+01
   4.6703270e+06   3.3264160e+01
   4.6703530e+06   3.9184570e+01
   4.6703810e+06   2.8137207e+01
   4.6704080e+06   3.6254883e+01
   4.6704630e+06   3.9855957e+01
   4.6705420e+06   2.7893066e+01
   4.8098580e+06   2.9724121e+01
   4.8098850e+06   5.8105469e+01
   4.8099020e+06   2.9357910e+01
   4.8099260e+06   2.9724121e+01
   4.8099550e+06   3.8208008e+01
   4.8099660e+06   2.5146484e+01
   4.8100000e+06   2.4902344e+01
   4.8100130e+06   5.8959961e+01
   4.8100330e+06   2.7648926e+01
   4.8100570e+06   4.1564941e+01
   4.8100900e+06   3.2226563e+01
   4.8101030e+06   2.5390625e+01
   4.8101280e+06   3.5095215e+01
   4.8101670e+06   2.4658203e+01
   4.8101960e+06   2.5390625e+01
   4.8102300e+06   3.0273438e+01
   4.8102460e+06   2.8503418e+01
   4.8102980e+06   2.6000977e+01
   4.8663470e+06   4.6691895e+01
   4.8664130e+06   2.7404785e+01
   4.8664320e+06   2.6794434e+01
   4.8664540e+06   3.9123535e+01
   4.8664750e+06   4.0527344e+01
   4.8665190e+06   2.4780273e+01
   4.8665400e+06   3.4240723e+01
   4.8665780e+06   5.0720215e+01
   4.8666170e+06   2.9174805e+01
   4.8666380e+06   3.1921387e+01
   4.8666630e+06   3.2348633e+01
   4.8666980e+06   2.7770996e+01
   4.8667250e+06   2.5207520e+01
   4.8667570e+06   3.4484863e+01
   4.8667810e+06   2.4841309e+01
   4.8669700e+06   2.6245117e+01
   4.9164790e+06   3.0212402e+01
   4.9165520e+06   4.3212891e+01
   4.9165830e+06   3.6743164e+01
   4.9166060e+06   2.6550293e+01
   4.9166380e+06   4.6081543e+01
   4.9166550e+06   2.6672363e+01
   4.9166920e+06   2.7160645e+01
   4.9167160e+06   4.8706055e+01
   4.9167350e+06   4.5898438e+01
   4.9167480e+06   2.9113770e+01
   4.9167970e+06   4.7119141e+01
   4.9168150e+06   2.5756836e+01
   4.9168450e+06   3.4729004e+01
   4.9168750e+06   2.5695801e+01
   4.9169210e+06   3.1799316e+01
   4.9169700e+06   2.6855469e+01
   4.9170490e+06   2.6672363e+01
   4.9175410e+06   2.8320312e+01
   4.9181030e+06   2.6428223e+01
   4.9988290e+06   2.5146484e+01
   4.9989480e+06   2.6733398e+01
   4.9989980e+06   4.9865723e+01
   4.9990400e+06   2.5451660e+01
   4.9990720e+06   3.2348633e+01
   4.9990910e+06   6.1279297e+01
   4.9991130e+06   2.6062012e+01
   4.9991350e+06   3.2897949e+01
   4.9991470e+06   3.4912109e+01
   4.9991730e+06   4.2541504e+01
   4.9992390e+06   2.8625488e+01
   4.9992510e+06   2.5024414e+01
   4.9992790e+06   3.0456543e+01
   5.1190970e+06   2.6672363e+01
   5.1191570e+06   2.5085449e+01
   5.1192640e+06   5.4321289e+01
   5.1192950e+06   3.3203125e+01
   5.1193190e+06   3.8513184e+01
   5.1193310e+06   3.6437988e+01
   5.1193820e+06   2.8320312e+01
   5.1193930e+06   4.6386719e+01
   5.1194180e+06   3.4179688e+01
   5.1194360e+06   4.2907715e+01
   5.1194750e+06   4.0039063e+01
   5.1195140e+06   2.9479980e+01
   5.2479110e+06   3.0212402e+01
   5.2479400e+06   3.9184570e+01
   5.2479670e+06   2.5695801e+01
   5.2479880e+06   4.6386719e+01
   5.2480070e+06   4.2358398e+01
   5.2480280e+06   2.5695801e+01
   5.2480440e+06   3.9978027e+01
   5.2480700e+06   5.7739258e+01
   5.2480880e+06   3.7475586e+01
   5.2481000e+06   3.8208008e+01
   5.2481150e+06   3.4973145e+01
   5.2481480e+06   3.4973145e+01
   5.2481810e+06   3.6804199e+01
   5.2482100e+06   2.6977539e+01
   5.2482580e+06   2.7893066e+01
   5.2488020e+06   2.8015137e+01
   5.2498140e+06   2.5329590e+01
   5.3759500e+06   2.6611328e+01
   5.3761720e+06   3.9733887e+01
   5.3761930e+06   2.7832031e+01
   5.3762390e+06   5.0476074e+01
   5.3762820e+06   2.9602051e+01
   5.3763020e+06   3.1555176e+01
   5.3763290e+06   3.2287598e+01
   5.3763460e+06   4.0161133e+01
   5.3763590e+06   2.9052734e+01
   5.3763920e+06   3.1311035e+01
   5.3764130e+06   4.9804688e+01
   5.3764600e+06   2.5390625e+01
   5.3764710e+06   3.0273438e+01
   5.3776940e+06   2.4780273e+01
   5.4954360e+06   2.4902344e+01
   5.4954680e+06   2.9907227e+01
   5.4957220e+06   4.5837402e+01
   5.4957700e+06   4.1992188e+01
   5.4957930e+06   3.5888672e+01
   5.4958470e+06   3.8085938e+01
   5.4958680e+06   4.9926758e+01
   5.4958800e+06   3.7536621e+01
   5.4959020e+06   3.4545898e+01
   5.4959300e+06   3.2775879e+01
   5.4959620e+06   3.4484863e+01
   5.4959820e+06   2.7709961e+01
   5.4960080e+06   3.7597656e+01
   5.4960250e+06   2.5390625e+01
   5.4969180e+06   2.6000977e+01
   5.5766660e+06   3.1372070e+01
   5.5766930e+06   3.2470703e+01
   5.5767190e+06   2.9907227e+01
   5.5767450e+06   3.1982422e+01
   5.5767730e+06   4.5227051e+01
   5.5768100e+06   2.6123047e+01
   5.5768600e+06   3.2714844e+01
   5.5768850e+06   2.5390625e+01
   5.5769470e+06   2.5634766e+01
   5.6698770e+06   4.6936035e+01
   5.6698950e+06   2.4780273e+01
   5.6699350e+06   3.2409668e+01
   5.6699510e+06   3.9855957e+01
   5.6700030e+06   2.9541016e+01
   5.6700190e+06   4.7912598e+01
   5.6700370e+06   2.6367188e+01
   5.6700590e+06   2.6062012e+01
   5.6700900e+06   5.1940918e+01
   5.6701190e+06   3.5522461e+01
   5.6701680e+06   2.5756836e+01
   5.6702700e+06   2.9113770e+01
   5.6703230e+06   2.5390625e+01
   5.7163840e+06   2.5207520e+01
   5.7170870e+06   2.8625488e+01
   5.7171000e+06   3.2348633e+01
   5.7171260e+06   5.2429199e+01
   5.7171650e+06   2.5390625e+01
   5.7171980e+06   3.3874512e+01
   5.7172400e+06   4.5837402e+01
   5.7172680e+06   3.1188965e+01
   5.7172960e+06   3.6315918e+01
   5.7173090e+06   2.6306152e+01
   5.7173280e+06   3.4790039e+01
   5.7173590e+06   3.7414551e+01
   5.7173800e+06   2.5451660e+01
   5.7174480e+06   3.1616211e+01
   5.7174620e+06   3.0761719e+01
   5.7175340e+06   2.8076172e+01
   5.7176290e+06   2.6733398e+01
   5.7176820e+06   2.6245117e+01
   5.7354970e+06   2.6123047e+01
   5.7367010e+06   2.5451660e+01
   5.9159360e+06   2.4719238e+01
   5.9159680e+06   2.8564453e+01
   5.9159810e+06   2.6123047e+01
   5.9160030e+06   5.0964355e+01
   5.9160170e+06   2.8320313e+01
   5.9160560e+06   3.5034180e+01
   5.9160710e+06   4.8706055e+01
   5.9161270e+06   3.4790039e+01
   5.9161470e+06   3.0395508e+01
   5.9161570e+06   2.6550293e+01
   5.9161770e+06   2.4841309e+01
   5.9161880e+06   3.3935547e+01
   5.9162670e+06   4.1809082e+01
   5.9163100e+06   2.6123047e+01
   5.9176490e+06   3.3630371e+01
   6.0230740e+06   4.0283203e+01
   6.0230840e+06   2.8076172e+01
   6.0231350e+06   3.8513184e+01
   6.0231450e+06   4.0527344e+01
   6.0231970e+06   3.6621094e+01
   6.0232130e+06   4.3090820e+01
   6.0232320e+06   2.6245117e+01
   6.0232450e+06   3.0517578e+01
   6.0232730e+06   6.1157227e+01
   6.0233030e+06   2.8259277e+01
   6.0233440e+06   2.5634766e+01
   6.0233600e+06   2.6794434e+01
   6.0233810e+06   2.9907227e+01
   6.0235160e+06   3.2409668e+01
   6.0242910e+06   2.5268555e+01
   6.1256060e+06   2.4902344e+01
   6.1257080e+06   2.6855469e+01
   6.1257350e+06   4.4006348e+01
   6.1257750e+06   2.7648926e+01
   6.1257970e+06   3.9123535e+01
   6.1258070e+06   4.8706055e+01
   6.1258310e+06   2.6245117e+01
   6.1258670e+06   2.8564453e+01
   6.1258770e+06   3.4973145e+01
   6.1259120e+06   3.7414551e+01
   6.1259280e+06   2.5268555e+01
   6.1259440e+06   2.8320313e+01
   6.1259650e+06   3.7292480e+01
   6.1260130e+06   2.7893066e+01
   6.1260400e+06   2.7893066e+01
   6.1260680e+06   2.8747559e+01
   6.1261000e+06   2.7832031e+01
   6.1261200e+06   2.5512695e+01
   6.1262760e+06   2.7709961e+01
   6.1866940e+06   2.4902344e+01
   6.1867590e+06   5.9326172e+01
   6.1868290e+06   4.0954590e+01
   6.1868550e+06   5.1879883e+01
   6.1868740e+06   4.3762207e+01
   6.1869220e+06   2.6367188e+01
   6.1869450e+06   4.8461914e+01
   6.1869680e+06   5.6030273e+01
   6.1869810e+06   3.7353516e+01
   6.1870190e+06   2.8015137e+01
   6.1870450e+06   3.9306641e+01
   6.1871030e+06   2.5329590e+01
   6.3319830e+06   3.4912109e+01
   6.3320140e+06   2.9174805e+01
   6.3320240e+06   5.5603027e+01
   6.3320530e+06   4.2541504e+01
   6.3320710e+06   2.6489258e+01
   6.3320950e+06   3.5034180e+01
   6.3321210e+06   2.6611328e+01
   6.3321310e+06   2.8137207e+01
   6.3321590e+06   2.7893066e+01
   6.3321740e+06   2.5146484e+01
   6.3322020e+06   2.8076172e+01
   6.3322270e+06   2.6245117e+01
   6.3322440e+06   2.6611328e+01
   6.3322990e+06   3.7414551e+01
   6.3323390e+06   2.9052734e+01
   6.4182250e+06   2.5390625e+01
   6.4184470e+06   6.7871094e+01
   6.4184850e+06   2.5085449e+01
   6.4184960e+06   2.7343750e+01
   6.4185230e+06   2.9663086e+01
   6.4185410e+06   3.8879395e+01
   6.4185670e+06   3.0578613e+01
   6.4185970e+06   4.7302246e+01
   6.4186180e+06   3.4118652e+01
   6.4186340e+06   3.8574219e+01
   6.4186590e+06   2.5085449e+01
   6.4186820e+06   2.9296875e+01
   6.4187070e+06   3.4301758e+01
   6.4187180e+06   2.4963379e+01
   6.4187710e+06   2.5695801e+01
   6.4187980e+06   2.7282715e+01
   6.4189110e+06   2.6000977e+01
   6.5448620e+06   2.5390625e+01
   6.5450620e+06   2.9846191e+01
   6.5450950e+06   4.5227051e+01
   6.5451120e+06   2.5268555e+01
   6.5451400e+06   3.6193848e+01
   6.5451590e+06   2.6977539e+01
   6.5451760e+06   2.6245117e+01
   6.5451920e+06   3.0151367e+01
   6.5452100e+06   3.1677246e+01
   6.5452220e+06   3.9428711e+01
   6.5452460e+06   2.6184082e+01
   6.5452570e+06   3.0456543e+01
   6.5452870e+06   2.8991699e+01
   6.5453020e+06   3.8330078e+01
   6.5453320e+06   3.1555176e+01
   6.5453500e+06   4.3823242e+01
   6.5453920e+06   2.9052734e+01
   6.5583390e+06   2.4963379e+01
   6.5584170e+06   5.1513672e+01
   6.5584410e+06   2.5207520e+01
   6.5585060e+06   2.5451660e+01
   6.5585340e+06   2.9785156e+01
   6.5585560e+06   2.9296875e+01
   6.5585740e+06   2.7709961e+01
   6.5585880e+06   2.8625488e+01
   6.5586730e+06   3.4667969e+01
   6.5587230e+06   5.0537109e+01
   6.5587800e+06   2.5268555e+01
   6.5588270e+06   2.8930664e+01
   6.5588450e+06   2.8991699e+01
   6.5589120e+06   3.1555176e+01
   6.5590510e+06   2.5939941e+01
   6.5590850e+06   2.5573730e+01
   6.6030210e+06   2.4719238e+01
   6.6034810e+06   2.6672363e+01
   6.6037430e+06   2.6000977e+01
   6.7225390e+06   2.9541016e+01
   6.7227050e+06   3.6743164e+01
   6.7227280e+06   3.5583496e+01
   6.7227580e+06   3.7719727e+01
   6.7227680e+06   4.3212891e+01
   6.7227800e+06   2.6916504e+01
   6.7228140e+06   2.7099609e+01
   6.7228310e+06   2.7770996e+01
   6.7228580e+06   5.1025391e+01
   6.7228960e+06   2.7709961e+01
   6.7229120e+06   4.5898438e+01
   6.7229380e+06   3.5095215e+01
   6.7229640e+06   2.4780273e+01
   6.7229920e+06   3.6621094e+01
   6.7230300e+06   4.4433594e+01
   6.7230720e+06   2.6062012e+01
   6.8745250e+06   2.6611328e+01
   6.8745580e+06   4.6386719e+01
   6.8745950e+06   4.7668457e+01
   6.8746280e+06   5.0292969e+01
   6.8746770e+06   3.1799316e+01
   6.8747050e+06   3.6987305e+01
   6.8747540e+06   2.6916504e+01
   6.8747750e+06   4.1625977e+01
   6.8747850e+06   2.7465820e+01
   6.8748210e+06   3.0456543e+01
   6.8748630e+06   2.6489258e+01
   6.8749100e+06   2.7404785e+01
   6.8751850e+06   2.5451660e+01
   6.8760190e+06   2.6489258e+01
   6.9275410e+06   2.6306152e+01
   6.9283070e+06   2.4658203e+01
   6.9283250e+06   2.8015137e+01
   6.9286000e+06   2.6672363e+01
   6.9292650e+06   4.0832520e+01
   6.9293640e+06   2.4658203e+01
   7.0831130e+06   2.9052734e+01
   7.0832150e+06   4.4189453e+01
   7.0832490e+06   2.5024414e+01
   7.0832650e+06   4.1320801e+01
   7.0832810e+06   3.9855957e+01
   7.0832960e+06   3.8146973e+01
   7.0833140e+06   2.6916504e+01
   7.0833460e+06   3.1677246e+01
   7.0833620e+06   4.6691895e+01
   7.0833860e+06   3.1127930e+01
   7.0834210e+06   5.6335449e+01
   7.0834500e+06   2.6489258e+01
   7.0834820e+06   2.5146484e+01
   7.0834940e+06   3.1799316e+01
   7.0835160e+06   2.4780273e+01
   7.0835320e+06   2.9968262e+01
   7.0835540e+06   2.8259277e+01
   7.0846320e+06   2.4902344e+01
   7.1131000e+06   2.7282715e+01
   7.2926270e+06   3.2409668e+01
   7.2926670e+06   5.6457520e+01
   7.2926930e+06   2.5878906e+01
   7.2927050e+06   4.6508789e+01
   7.2927260e+06   4.0954590e+01
   7.2927540e+06   2.4841309e+01
   7.2927690e+06   3.3813477e+01
   7.2928010e+06   4.4677734e+01
   7.2928170e+06   4.2602539e+01
   7.2928330e+06   3.1005859e+01
   7.2928580e+06   3.4118652e+01
   7.2929060e+06   3.4790039e+01
   7.2929260e+06   2.7343750e+01
   7.2929630e+06   2.6733398e+01
   7.3688740e+06   4.2663574e+01
   7.3689180e+06   3.3081055e+01
   7.3689370e+06   2.5573730e+01
   7.3689550e+06   2.5390625e+01
   7.3689700e+06   2.8015137e+01
   7.3690050e+06   3.4301758e+01
   7.3690230e+06   2.7832031e+01
   7.3690420e+06   3.3264160e+01
   7.3690690e+06   3.9062500e+01
   7.3690830e+06   3.8146973e+01
   7.3691100e+06   4.1442871e+01
   7.3691250e+06   2.4963379e+01
   7.3691400e+06   2.7587891e+01
   7.3691990e+06   2.8625488e+01
   7.3692420e+06   2.5939941e+01
   7.3692970e+06   2.5146484e+01
   7.4340060e+06   3.9062500e+01
   7.4340310e+06   2.8137207e+01
   7.4340700e+06   3.9916992e+01
   7.4340810e+06   2.7587891e+01
   7.4341060e+06   4.4250488e+01
   7.4341340e+06   3.5888672e+01
   7.4341730e+06   3.7231445e+01
   7.4341920e+06   2.6916504e+01
   7.4342250e+06   3.3142090e+01
   7.4342500e+06   3.1982422e+01
   7.4342770e+06   2.4902344e+01
   7.4342940e+06   3.8085938e+01
   7.4343580e+06   3.2775879e+01
   7.4344050e+06   2.6489258e+01
   7.4345100e+06   2.7221680e+01
   7.4355960e+06   2.6672363e+01
   7.4359590e+06   2.7465820e+01
   7.4728730e+06   2.5512695e+01
   7.4734600e+06   2.5756836e+01
   7.4738090e+06   2.5634766e+01
   7.4740700e+06   2.9296875e+01
   7.4741520e+06   3.2104492e+01
   7.4741930e+06   2.6000977e+01
   7.5037310e+06   2.4719238e+01
   7.5039140e+06   2.5512695e+01
   7.5040680e+06   5.1391602e+01
   7.5041130e+06   3.1982422e+01
   7.5041240e+06   4.4128418e+01
   7.5041910e+06   3.2287598e+01
   7.5042010e+06   2.8747559e+01
   7.5042340e+06   2.8686523e+01
   7.5042560e+06   2.9357910e+01
   7.5042840e+06   4.1137695e+01
   7.5042960e+06   2.6489258e+01
   7.5043150e+06   2.4658203e+01
   7.5043270e+06   2.6672363e+01
   7.5044040e+06   2.6428223e+01
   7.5044450e+06   2.5085449e+01
   7.5055910e+06   3.3325195e+01
   7.6160290e+06   3.0456543e+01
   7.6161280e+06   2.9479980e+01
   7.6161430e+06   2.5024414e+01
   7.6161860e+06   5.1208496e+01
   7.6162310e+06   4.0771484e+01
   7.6162470e+06   6.0607910e+01
   7.6162840e+06   2.7099609e+01
   7.6163040e+06   5.4138184e+01
   7.6163300e+06   3.9855957e+01
   7.6163550e+06   2.7343750e+01
   7.6163760e+06   4.6813965e+01
   7.6164290e+06   2.7709961e+01
   7.6164510e+06   3.9916992e+01
   7.6164620e+06   2.5573730e+01
   7.6165760e+06   2.7832031e+01
   7.6651750e+06   2.6977539e+01
   7.6668600e+06   2.5756836e+01
   7.6686770e+06   2.5024414e+01
   7.7274660e+06   4.4616699e+01
   7.7274900e+06   3.5217285e+01
   7.7275080e+06   2.9785156e+01
   7.7275280e+06   4.5166016e+01
   7.7275440e+06   2.5939941e+01
   7.7275620e+06   2.6428223e+01
   7.7275820e+06   3.6804199e+01
   7.7275930e+06   2.7465820e+01
   7.7276350e+06   3.5949707e+01
   7.7276480e+06   3.4118652e+01
   7.7276860e+06   2.7587891e+01
   7.7277130e+06   2.9907227e+01
   7.7277330e+06   3.3203125e+01
   7.7277490e+06   3.0578613e+01
   7.7277720e+06   3.8208008e+01
   7.7278130e+06   3.1250000e+01
   7.7278420e+06   2.8015137e+01
   7.7824780e+06   2.5878906e+01
   7.8628520e+06   6.2805176e+01
   7.8628950e+06   2.7709961e+01
   7.8629150e+06   2.9479980e+01
   7.8629720e+06   4.0832520e+01
   7.8630050e+06   2.8381348e+01
   7.8630390e+06   2.6306152e+01
   7.8630580e+06   3.5217285e+01
   7.8631220e+06   4.6081543e+01
   7.8631570e+06   2.6977539e+01
   7.8634430e+06   2.6550293e+01
   7.8645050e+06   2.6000977e+01
   7.9604240e+06   3.2958984e+01
   7.9604840e+06   5.8410645e+01
   7.9605190e+06   2.8564453e+01
   7.9605390e+06   3.6499023e+01
   7.9605710e+06   4.1748047e+01
   7.9606050e+06   2.5268555e+01
   7.9606350e+06   3.9123535e+01
   7.9606490e+06   3.7963867e+01
   7.9606880e+06   3.0212402e+01
   7.9607390e+06   3.4057617e+01
   7.9607610e+06   2.9052734e+01
   7.9607820e+06   2.9296875e+01
   7.9608080e+06   3.1982422e+01
   8.0473120e+06   6.4270020e+01
   8.0473740e+06   5.8593750e+01
   8.0474050e+06   3.1982422e+01
   8.0474470e+06   3.7170410e+01
   8.0474810e+06   5.3100586e+01
   8.0475070e+06   3.2836914e+01
   8.0475260e+06   3.7963867e+01
   8.0475500e+06   2.6916504e+01
   8.0475660e+06   2.6733398e+01
   8.0475780e+06   2.9907227e+01
   8.0475930e+06   2.8198242e+01
   8.0476270e+06   3.4667969e+01
   8.0477040e+06   2.5085449e+01
   8.0635440e+06   2.4780273e+01
   8.0637230e+06   2.5756836e+01
   8.0637880e+06   3.2165527e+01
   8.0645660e+06   2.7648926e+01
   8.0651250e+06   3.4667969e+01
   8.1813320e+06   2.5085449e+01
   8.1816040e+06   2.7648926e+01
   8.1816240e+06   5.6823730e+01
   8.1816770e+06   3.9916992e+01
   8.1816950e+06   3.4729004e+01
   8.1817130e+06   2.5817871e+01
   8.1817460e+06   2.6123047e+01
   8.1817630e+06   5.2856445e+01
   8.1817800e+06   2.5329590e+01
   8.1818080e+06   3.4179688e+01
   8.1818330e+06   3.9855957e+01
   8.1818630e+06   3.8879395e+01
   8.1819400e+06   4.0222168e+01
   8.3075110e+06   2.5756836e+01
   8.3075450e+06   5.6701660e+01
   8.3075740e+06   2.8259277e+01
   8.3076010e+06   3.0151367e+01
   8.3076110e+06   4.5532227e+01
   8.3076330e+06   4.2907715e+01
   8.3076670e+06   4.2175293e+01
   8.3076840e+06   2.4597168e+01
   8.3077070e+06   2.5512695e+01
   8.3077210e+06   2.9235840e+01
   8.3077400e+06   4.8522949e+01
   8.3078100e+06   2.5390625e+01
   8.3078360e+06   3.0456543e+01
   8.3078660e+06   3.2470703e+01
   8.4281950e+06   2.9296875e+01
   8.4283730e+06   5.0476074e+01
   8.4284440e+06   4.4616699e+01
   8.4284710e+06   2.7343750e+01
   8.4285030e+06   2.5817871e+01
   8.4285360e+06   6.0852051e+01
   8.4285590e+06   4.2236328e+01
   8.4285710e+06   3.6621094e+01
   8.4286210e+06   3.7292480e+01
   8.4286380e+06   3.1982422e+01
   8.4286620e+06   3.1677246e+01
   8.4286810e+06   2.8747559e+01
   8.4288190e+06   2.4902344e+01
   8.4296450e+06   2.6367188e+01
   8.4618340e+06   2.6550293e+01
   8.4632490e+06   3.3325195e+01
   8.5858030e+06   3.2226563e+01
   8.5858270e+06   2.6367188e+01
   8.5858610e+06   3.3752441e+01
   8.5858820e+06   3.8452148e+01
   8.5858980e+06   3.0151367e+01
   8.5859390e+06   3.2226563e+01
   8.5859520e+06   4.3395996e+01
   8.5859930e+06   2.5085449e+01
   8.5860120e+06   2.6367188e+01
   8.5860430e+06   4.9072266e+01
   8.5860700e+06   3.3752441e+01
   8.5860990e+06   2.6672363e+01
   8.5861380e+06   3.4118652e+01
   8.5861850e+06   2.7221680e+01
   8.5870470e+06   2.4780273e+01
   8.6401260e+06   3.1860352e+01
   8.6406380e+06   4.0466309e+01
   8.6406570e+06   4.7546387e+01
   8.6406720e+06   2.9907227e+01
   8.6407030e+06   3.3569336e+01
   8.6407180e+06   2.5024414e+01
   8.6407450e+06   4.2114258e+01
   8.6407670e+06   2.6123047e+01
   8.6407880e+06   2.4658203e+01
   8.6408230e+06   4.3457031e+01
   8.6409040e+06   2.4780273e+01
   8.6409170e+06   2.6794434e+01
   8.6409390e+06   2.4902344e+01
   8.6409680e+06   2.8564453e+01
   8.6410190e+06   2.5756836e+01
   8.6410730e+06   3.4729004e+01
   8.7487490e+06   2.5573730e+01
   8.7488790e+06   5.3100586e+01
   8.7489140e+06   3.4912109e+01
   8.7489420e+06   3.0334473e+01
   8.7490020e+06   3.8452148e+01
   8.7490240e+06   3.7414551e+01
   8.7490570e+06   2.4780273e+01
   8.7490750e+06   4.7119141e+01
   8.7490860e+06   4.7851563e+01
   8.7490970e+06   2.4719238e+01
   8.7491240e+06   3.1005859e+01
   8.7491400e+06   3.1921387e+01
   8.7491880e+06   2.6794434e+01
   8.7938610e+06   2.6123047e+01
   8.8970100e+06   2.5085449e+01
   8.8972010e+06   2.4597168e+01
   8.8972290e+06   4.6447754e+01
   8.8972460e+06   3.0212402e+01
   8.8972750e+06   3.1677246e+01
   8.8973080e+06   4.2968750e+01
   8.8973380e+06   3.2165527e+01
   8.8973580e+06   2.8015137e+01
   8.8973700e+06   4.4189453e+01
   8.8974080e+06   3.9306641e+01
   8.8974380e+06   5.0415039e+01
   8.8974550e+06   4.1442871e+01
   8.8974870e+06   3.2165527e+01
   8.8975060e+06   4.0039063e+01
   8.8975510e+06   3.4606934e+01
   8.8977110e+06   2.6794434e+01
   8.8983620e+06   2.9174805e+01
   9.0641610e+06   3.5888672e+01
   9.0641970e+06   2.7709961e+01
   9.0642330e+06   4.7546387e+01
   9.0642450e+06   2.5634766e+01
   9.0642670e+06   3.0090332e+01
   9.0642820e+06   5.9936523e+01
   9.0643050e+06   3.6560059e+01
   9.0643300e+06   3.1433105e+01
   9.0643490e+06   3.7475586e+01
   9.0643740e+06   2.7526855e+01
   9.0644240e+06   2.5451660e+01
   9.0644370e+06   3.1555176e+01
   9.0645040e+06   3.3630371e+01
   9.0645330e+06   2.4719238e+01
   9.0944330e+06   2.5207520e+01
   9.2946140e+06   5.3588867e+01
   9.2946310e+06   2.8808594e+01
   9.2946640e+06   2.8991699e+01
   9.2946890e+06   3.0273438e+01
   9.2947010e+06   3.5522461e+01
   9.2947370e+06   2.7526855e+01
   9.2947470e+06   5.4199219e+01
   9.2947880e+06   2.7648926e+01
   9.2948050e+06   2.8747559e+01
   9.2948310e+06   3.1188965e+01
   9.2948640e+06   3.5095215e+01
   9.2948840e+06   2.6184082e+01
   9.2949020e+06   2.7709961e+01
   9.2950030e+06   2.6733398e+01
   9.3251560e+06   2.5512695e+01
   9.3258310e+06   2.6794434e+01
   9.3259200e+06   3.0334473e+01
   9.3260180e+06   2.5756836e+01
   9.3260390e+06   2.5390625e+01
   9.3260820e+06   2.6672363e+01
   9.3262640e+06   3.8757324e+01
   9.3262750e+06   2.4902344e+01
   9.3264570e+06   3.2165527e+01
   9.4779420e+06   2.5390625e+01
   9.4779600e+06   6.0974121e+01
   9.4779960e+06   2.7221680e+01
   9.4780100e+06   2.9235840e+01
   9.4780270e+06   4.9377441e+01
   9.4780660e+06   2.6733398e+01
   9.4780810e+06   3.1066895e+01
   9.4781040e+06   3.7048340e+01
   9.4781170e+06   2.9541016e+01
   9.4781400e+06   2.7221680e+01
   9.4781630e+06   3.5278320e+01
   9.5481870e+06   5.7067871e+01
   9.5482260e+06   2.6977539e+01
   9.5482600e+06   2.8015137e+01
   9.5482700e+06   5.1513672e+01
   9.5482960e+06   3.3752441e+01
   9.5483320e+06   3.6437988e+01
   9.5483510e+06   2.9968262e+01
   9.5483720e+06   2.7587891e+01
   9.5483950e+06   2.8686523e+01
   9.5484160e+06   5.9082031e+01
   9.5484300e+06   3.5034180e+01
   9.5484850e+06   3.7902832e+01
   9.5485310e+06   3.1799316e+01
   9.5485570e+06   2.7770996e+01
   9.6566420e+06   3.2348633e+01
   9.6567630e+06   3.6682129e+01
   9.6567780e+06   2.4841309e+01
   9.6567970e+06   2.7160645e+01
   9.6568230e+06   3.2348633e+01
   9.6568380e+06   3.4301758e+01
   9.6568590e+06   2.7465820e+01
   9.6568860e+06   2.5817871e+01
   9.6568970e+06   3.7414551e+01
   9.6569340e+06   3.6987305e+01
   9.6569470e+06   3.6499023e+01
   9.6569820e+06   4.3090820e+01
   9.6570470e+06   2.6855469e+01
   9.6570810e+06   2.8198242e+01
   9.6571090e+06   2.4902344e+01
   9.6571980e+06   2.5146484e+01
   9.7868230e+06   2.7770996e+01
   9.7870890e+06   3.0822754e+01
   9.7871300e+06   5.2734375e+01
   9.7871520e+06   3.7841797e+01
   9.7871630e+06   2.6428223e+01
   9.7871880e+06   3.5949707e+01
   9.7872000e+06   3.2653809e+01
   9.7872260e+06   3.1616211e+01
   9.7872380e+06   2.7221680e+01
   9.7872480e+06   2.7282715e+01
   9.7872640e+06   2.6489258e+01
   9.7872910e+06   2.8015137e+01
   9.7873090e+06   4.0100098e+01
   9.7873290e+06   2.9235840e+01
   9.7873900e+06   3.5644531e+01
   9.7874000e+06   2.8015137e+01
   9.7874110e+06   2.7343750e+01
   9.7874520e+06   2.5878906e+01
   9.9095220e+06   2.8808594e+01
   9.9095340e+06   2.4597168e+01
   9.9095700e+06   3.0273438e+01
   9.9095940e+06   3.9489746e+01
   9.9096230e+06   3.2409668e+01
   9.9096490e+06   2.7038574e+01
   9.9096720e+06   2.6428223e+01
   9.9096880e+06   2.8198242e+01
   9.9097190e+06   5.2185059e+01
   9.9098000e+06   3.6315918e+01
   9.9098820e+06   2.5024414e+01
   9.9099060e+06   2.6245117e+01
   9.9112490e+06   2.4963379e+01
   9.9221570e+06   2.8747559e+01
   9.9221700e+06   3.0639648e+01
   9.9222050e+06   2.5695801e+01
   9.9222180e+06   3.2897949e+01
   9.9222900e+06   2.6245117e+01
   9.9223190e+06   3.9306641e+01
   9.9223430e+06   2.4719238e+01
   9.9223920e+06   3.0944824e+01
   9.9224260e+06   4.5166016e+01
   9.9224590e+06   4.2724609e+01
   9.9225280e+06   3.4729004e+01
   9.9226070e+06   2.4841309e+01
   9.9226740e+06   2.7221680e+01
   9.9228000e+06   2.8442383e+01
   9.9236650e+06   2.6000977e+01
   1.0090559e+07   2.6794434e+01
   1.0090575e+07   2.5695801e+01
   1.0090608e+07   3.5766602e+01
   1.0090621e+07   2.7954102e+01
   1.0090637e+07   4.2846680e+01
   1.0090648e+07   6.0791016e+01
   1.0090680e+07   3.0639648e+01
   1.0090696e+07   3.5278320e+01
   1.0090716e+07   3.1494141e+01
   1.0090726e+07   3.0090332e+01
   1.0090749e+07   2.9541016e+01
   1.0090791e+07   3.2226563e+01
   1.0090833e+07   3.2287598e+01
   1.0090856e+07   3.6254883e+01
   1.0090868e+07   2.7343750e+01
   1.0092101e+07   2.4841309e+01
   1.0137004e+07   3.5827637e+01
   1.0137381e+07   2.6367188e+01
   1.0137693e+07   2.7343750e+01
   1.0138056e+07   2.6977539e+01
   1.0138136e+07   5.3527832e+01
   1.0138159e+07   3.5888672e+01
   1.0138198e+07   2.5817871e+01
   1.0138213e+07   3.0944824e+01
   1.0138227e+07   3.0517578e+01
   1.0138250e+07   4.6569824e+01
   1.0138269e+07   2.5268555e+01
   1.0138307e+07   4.5898438e+01
   1.0138356e+07   3.4790039e+01
   1.0138385e+07   3.4301758e+01
   1.0138397e+07   2.4963379e+01
   1.0138460e+07   2.5146484e+01
   1.0138515e+07   4.2053223e+01
   1.0138574e+07   2.4963379e+01
   1.0224351e+07   2.6916504e+01
   1.0376216e+07   2.6123047e+01
   1.0376309e+07   3.1005859e+01
   1.0376345e+07   2.8320313e+01
   1.0376371e+07   5.2368164e+01
   1.0376384e+07   3.7597656e+01
   1.0376406e+07   3.9184570e+01
   1.0376440e+07   3.9001465e+01
   1.0376450e+07   3.2775879e+01
   1.0376490e+07   4.1809082e+01
   1.0376558e+07   4.5410156e+01
   1.0376580e+07   2.5817871e+01
   1.0376792e+07   3.2104492e+01
   1.0440929e+07   3.0517578e+01
   1.0440966e+07   4.5776367e+01
   1.0440987e+07   3.2226563e+01
   1.0441001e+07   7.8796387e+01
   1.0441040e+07   2.6794434e+01
   1.0441070e+07   3.1738281e+01
   1.0441097e+07   2.6000977e+01
   1.0441120e+07   3.1616211e+01
   1.0441134e+07   2.4902344e+01
   1.0441218e+07   3.8146973e+01
   1.0441244e+07   3.4057617e+01
   1.0441301e+07   3.0212402e+01
   1.0441387e+07   2.9541016e+01
   1.0442256e+07   2.5512695e+01
   1.0478474e+07   3.8269043e+01
   1.0478503e+07   2.7221680e+01
   1.0478518e+07   3.5644531e+01
   1.0478566e+07   2.6428223e+01
   1.0478591e+07   3.3569336e+01
   1.0478611e+07   3.4362793e+01
   1.0478624e+07   2.5085449e+01
   1.0478660e+07   2.9052734e+01
   1.0478706e+07   2.9968262e+01
   1.0478726e+07   4.0771484e+01
   1.0478738e+07   2.7587891e+01
   1.0478784e+07   2.7648926e+01
   1.0478847e+07   3.1616211e+01
   1.0478950e+07   2.6062012e+01
   1.0632358e+07   2.6733398e+01
   1.0632474e+07   2.6611328e+01
   1.0632521e+07   5.1574707e+01
   1.0632555e+07   3.4118652e+01
   1.0632582e+07   3.4851074e+01
   1.0632592e+07   3.7719727e+01
   1.0632633e+07   3.8696289e+01
   1.0632646e+07   4.0100098e+01
   1.0632673e+07   3.3752441e+01
   1.0632695e+07   3.9672852e+01
   1.0632732e+07   2.8625488e+01
   1.0632748e+07   2.9663086e+01
   1.0632761e+07   3.6804199e+01
   1.0632809e+07   2.8991699e+01
   1.0632823e+07   2.5329590e+01
   1.0633906e+07   2.4780273e+01
   1.0634309e+07   2.6855469e+01
   1.0655208e+07   2.4658203e+01
   1.0660475e+07   2.7282715e+01
   1.0767066e+07   2.6306152e+01
   1.0767154e+07   2.5939941e+01
   1.0767165e+07   5.2551270e+01
   1.0767208e+07   2.5817871e+01
   1.0767235e+07   5.9936523e+01
   1.0767283e+07   2.8930664e+01
   1.0767309e+07   4.8889160e+01
   1.0767327e+07   3.4301758e+01
   1.0767361e+07   2.9846191e+01
   1.0767391e+07   4.1015625e+01
   1.0767419e+07   3.1433105e+01
   1.0767465e+07   2.5512695e+01
   1.0767562e+07   3.2409668e+01
   1.0768567e+07   2.8076172e+01
   1.0894485e+07   2.7282715e+01
   1.0894642e+07   4.5104980e+01
   1.0894679e+07   2.4841309e+01
   1.0894715e+07   3.6926270e+01
   1.0894758e+07   2.8930664e+01
   1.0894788e+07   3.6193848e+01
   1.0894802e+07   3.6987305e+01
   1.0894847e+07   2.8198242e+01
   1.0894872e+07   4.1870117e+01
   1.0894937e+07   3.6743164e+01
   1.0895027e+07   2.5390625e+01
   1.0999569e+07   4.9499512e+01
   1.0999593e+07   3.2409668e+01
   1.0999612e+07   3.8452148e+01
   1.0999630e+07   5.0109863e+01
   1.0999653e+07   4.8278809e+01
   1.0999680e+07   4.3945313e+01
   1.0999691e+07   3.6376953e+01
   1.0999717e+07   4.2175293e+01
   1.0999733e+07   2.4719238e+01
   1.0999752e+07   2.5390625e+01
   1.0999763e+07   2.4719238e+01
   1.0999789e+07   2.4902344e+01
   1.0999857e+07   4.0649414e+01
   1.0999887e+07   2.5878906e+01
   1.0999927e+07   2.5756836e+01
   1.0999997e+07   2.7099609e+01
   1.1001166e+07   2.6123047e+01
   1.1170591e+07   4.9926758e+01
   1.1170607e+07   2.4902344e+01
   1.1170662e+07   4.9316406e+01
   1.1170685e+07   4.5654297e+01
   1.1170712e+07   2.9235840e+01
   1.1170741e+07   3.7475586e+01
   1.1170759e+07   2.8259277e+01
   1.1170804e+07   4.7058105e+01
   1.1170820e+07   2.4658203e+01
   1.1170847e+07   2.9785156e+01
   1.1170859e+07   2.5695801e+01
   1.1170888e+07   2.6733398e+01
   1.1170949e+07   2.6489258e+01
   1.1170981e+07   2.6000977e+01
   1.1172136e+07   2.5451660e+01
   1.1308487e+07   5.1086426e+01
   1.1308519e+07   3.1372070e+01
   1.1308530e+07   3.3691406e+01
   1.1308548e+07   3.6254883e+01
   1.1308581e+07   2.7648926e+01
   1.1308610e+07   2.6428223e+01
   1.1308653e+07   3.8940430e+01
   1.1308669e+07   2.6672363e+01
   1.1308700e+07   4.5532227e+01
   1.1308738e+07   2.8442383e+01
   1.1308751e+07   2.8503418e+01
   1.1308825e+07   2.7832031e+01
   1.1308940e+07   2.9663086e+01
   1.1309018e+07   2.5512695e+01
   1.1310016e+07   2.4902344e+01
   1.1347110e+07   2.9602051e+01
   1.1347295e+07   3.0761719e+01
   1.1347538e+07   2.9846191e+01
   1.1347683e+07   4.2785645e+01
   1.1347698e+07   3.0456543e+01
   1.1347734e+07   2.5024414e+01
   1.1347793e+07   2.8747559e+01
   1.1347826e+07   3.2897949e+01
   1.1347844e+07   3.3935547e+01
   1.1347873e+07   3.9733887e+01
   1.1347885e+07   3.0090332e+01
   1.1347910e+07   2.6000977e+01
   1.1347937e+07   2.5817871e+01
   1.1347974e+07   3.4301758e+01
   1.1347986e+07   2.9357910e+01
   1.1348021e+07   2.7099609e+01
   1.1348085e+07   2.9174805e+01
   1.1348097e+07   2.8320313e+01
   1.1445935e+07   5.0109863e+01
   1.1446006e+07   2.6977539e+01
   1.1446022e+07   3.4973145e+01
   1.1446046e+07   3.1250000e+01
   1.1446069e+07   2.8198242e+01
   1.1446081e+07   3.1494141e+01
   1.1446107e+07   3.2287598e+01
   1.1446137e+07   3.6010742e+01
   1.1446159e+07   3.0212402e+01
   1.1446195e+07   5.2185059e+01
   1.1446241e+07   3.0517578e+01
   1.1446267e+07   2.7587891e+01
   1.1446287e+07   3.0517578e+01
   1.1446330e+07   2.8991699e+01
   1.1446377e+07   2.9785156e+01
   1.1447187e+07   2.4841309e+01
   1.1567444e+07   4.6936035e+01
   1.1567498e+07   2.5268555e+01
   1.1567509e+07   4.8156738e+01
   1.1567540e+07   3.0456543e+01
   1.1567569e+07   4.0832520e+01
   1.1567590e+07   2.8320313e+01
   1.1567605e+07   3.1860352e+01
   1.1567621e+07   2.7465820e+01
   1.1567645e+07   4.1687012e+01
   1.1567660e+07   2.4841309e+01
   1.1567674e+07   2.5390625e+01
   1.1567716e+07   3.0334473e+01
   1.1567760e+07   2.6000977e+01
   1.1567813e+07   2.4658203e+01
   1.1567873e+07   2.5146484e+01
   1.1568619e+07   2.5207520e+01
   1.1618745e+07   2.6367188e+01
   1.1618957e+07   2.6672363e+01
   1.1619041e+07   3.3325195e+01
   1.1619397e+07   2.8808594e+01
   1.1619690e+07   2.5085449e+01
   1.1626554e+07   2.4719238e+01
   1.1736014e+07   3.4973145e+01
   1.1736069e+07   4.5837402e+01
   1.1736079e+07   2.5939941e+01
   1.1736112e+07   3.3264160e+01
   1.1736126e+07   3.0151367e+01
   1.1736139e+07   3.0456543e+01
   1.1736149e+07   4.4250488e+01
   1.1736192e+07   3.8940430e+01
   1.1736202e+07   4.8034668e+01
   1.1736220e+07   2.9113770e+01
   1.1736267e+07   2.7099609e+01
   1.1736288e+07   4.2846680e+01
   1.1736299e+07   2.8747559e+01
   1.1736372e+07   3.2165527e+01
   1.1736395e+07   2.6428223e+01
   1.1736440e+07   2.8503418e+01
   1.1797147e+07   4.2846680e+01
   1.1797245e+07   3.9978027e+01
   1.1797282e+07   2.5695801e+01
   1.1797310e+07   4.0405273e+01
   1.1797340e+07   2.9296875e+01
   1.1797366e+07   3.8574219e+01
   1.1797377e+07   2.4719238e+01
   1.1797402e+07   2.9418945e+01
   1.1797447e+07   4.3457031e+01
   1.1797471e+07   2.4902344e+01
   1.1797487e+07   2.8076172e+01
   1.1797605e+07   2.8198242e+01
   1.1910852e+07   2.7587891e+01
   1.1911073e+07   3.0517578e+01
   1.1911123e+07   3.0090332e+01
   1.1911141e+07   5.0109863e+01
   1.1911167e+07   4.1381836e+01
   1.1911199e+07   3.1127930e+01
   1.1911213e+07   3.5583496e+01
   1.1911259e+07   2.7099609e+01
   1.1911275e+07   4.3395996e+01
   1.1911293e+07   3.1311035e+01
   1.1911323e+07   5.3100586e+01
   1.1911346e+07   3.5217285e+01
   1.1911385e+07   2.9663086e+01
   1.1911401e+07   2.8808594e+01
   1.1911429e+07   3.1799316e+01
   1.1911451e+07   3.2470703e+01
