   1.1996000e+07   0.0000000e+00
   1.6243000e+04   2.8320313e+01
   3.0962000e+04   3.4423828e+01
   3.1126000e+04   3.5644531e+01
   3.1400000e+04   3.2653809e+01
   4.7861000e+04   3.1372070e+01
   1.3748700e+05   3.3935547e+01
   1.3758800e+05   3.0578613e+01
   1.7605600e+05   3.2226563e+01
   1.7617700e+05   2.8686523e+01
   1.9157800e+05   3.3386230e+01
   1.9287800e+05   2.7526855e+01
   1.9327100e+05   2.9296875e+01
   2.3404600e+05   3.4484863e+01
   2.3416400e+05   3.2958984e+01
   2.3427100e+05   3.3264160e+01
   2.5152600e+05   2.8381348e+01
   3.3298800e+05   2.9663086e+01
   3.3310700e+05   3.1250000e+01
   3.5599700e+05   3.4057617e+01
   3.5612500e+05   2.8625488e+01
   3.5626000e+05   3.0029297e+01
   3.7425100e+05   3.0395508e+01
   3.7456000e+05   2.7832031e+01
   3.7503000e+05   2.9846191e+01
   4.2583600e+05   2.7526855e+01
   4.2595900e+05   3.6254883e+01
   4.4894000e+05   3.2775879e+01
   4.4916400e+05   2.9235840e+01
   4.4936700e+05   3.4790039e+01
   5.6683800e+05   3.7353516e+01
   5.8275800e+05   2.9479980e+01
   5.8302900e+05   2.8137207e+01
   5.8319600e+05   2.8686523e+01
   6.1335200e+05   3.1921387e+01
   6.1366200e+05   2.7893066e+01
   6.1390600e+05   3.1250000e+01
   6.1450400e+05   2.9357910e+01
   6.3330700e+05   3.0944824e+01
   6.3374800e+05   3.0395508e+01
   6.3420300e+05   2.8320313e+01
   6.3476500e+05   2.9296875e+01
   7.9201600e+05   3.2897949e+01
   7.9214800e+05   2.9846191e+01
   8.3891300e+05   3.1372070e+01
   8.4071200e+05   2.8015137e+01
   8.9371000e+05   2.8930664e+01
   8.9381600e+05   3.1677246e+01
   8.9764600e+05   2.8137207e+01
   9.6798200e+05   3.1433105e+01
   1.0450690e+06   3.2409668e+01
   1.0451730e+06   2.8869629e+01
   1.0711830e+06   2.9968262e+01
   1.0722350e+06   2.7587891e+01
   1.2370100e+06   3.3874512e+01
   1.2371050e+06   3.1250000e+01
   1.2996380e+06   3.0578613e+01
   1.2997850e+06   2.9174805e+01
   1.4558400e+06   3.0273438e+01
   1.4559240e+06   2.8686523e+01
   1.4809030e+06   2.8137207e+01
   1.4814800e+06   2.9602051e+01
   1.4818350e+06   2.9602051e+01
   1.4828110e+06   2.8259277e+01
   1.6034570e+06   2.9479980e+01
   1.6970670e+06   3.0029297e+01
   1.6971720e+06   3.1616211e+01
   1.6972510e+06   2.8808594e+01
   1.7218560e+06   2.9541016e+01
   1.7223370e+06   3.0273438e+01
   1.7227460e+06   2.7648926e+01
   1.8092400e+06   3.5583496e+01
   1.8093510e+06   3.5217285e+01
   1.9232080e+06   3.4851074e+01
   1.9235020e+06   2.7709961e+01
   1.9256360e+06   2.8991699e+01
   1.9581050e+06   3.0883789e+01
   1.9584410e+06   2.9968262e+01
   1.9587970e+06   2.8747559e+01
   1.9597210e+06   2.7893066e+01
   2.0117240e+06   3.0273438e+01
   2.0118130e+06   3.0456543e+01
   2.0563030e+06   3.0700684e+01
   2.0564190e+06   2.9113770e+01
   2.0565350e+06   2.9602051e+01
   2.1976390e+06   3.2043457e+01
   2.1977490e+06   2.8442383e+01
   2.4079500e+06   3.1982422e+01
   2.4080620e+06   3.0456543e+01
   2.4081630e+06   3.0212402e+01
   2.4829060e+06   2.9968262e+01
   2.4830790e+06   3.3386230e+01
   2.4831980e+06   3.0517578e+01
   2.6011660e+06   3.1616211e+01
   2.6110940e+06   2.8442383e+01
   2.6835980e+06   3.2775879e+01
   2.6837050e+06   3.0456543e+01
   2.7854140e+06   3.7780762e+01
   2.7855150e+06   3.3752441e+01
   2.8527120e+06   3.0700684e+01
   2.8542790e+06   2.7770996e+01
   2.9172760e+06   3.2958984e+01
   2.9663170e+06   3.2348633e+01
   2.9664430e+06   2.7648926e+01
   3.0199950e+06   3.5156250e+01
   3.1386080e+06   2.7893066e+01
   3.1387370e+06   2.8015137e+01
   3.3030360e+06   2.8503418e+01
   3.3032020e+06   3.0883789e+01
   3.3249460e+06   2.8991699e+01
   3.3267770e+06   2.7770996e+01
   3.4305400e+06   2.8320313e+01
   3.4341460e+06   2.7587891e+01
   3.5798890e+06   2.7893066e+01
   3.5799740e+06   3.0944824e+01
   3.7068400e+06   3.4423828e+01
   3.7070470e+06   2.9113770e+01
   3.7111430e+06   3.0456543e+01
   3.7193560e+06   2.9602051e+01
   3.7209310e+06   2.8869629e+01
   3.7596850e+06   3.3935547e+01
   3.7598290e+06   3.5888672e+01
   3.7599480e+06   3.0273438e+01
   3.8797260e+06   3.1677246e+01
   3.8798830e+06   2.9113770e+01
   3.8966150e+06   3.1494141e+01
   3.8973910e+06   2.7832031e+01
   3.8980390e+06   2.9724121e+01
   3.8995990e+06   2.8991699e+01
   4.0582080e+06   3.5278320e+01
   4.0583080e+06   2.9602051e+01
   4.1184220e+06   2.8747559e+01
   4.1199270e+06   2.7526855e+01
   4.1635950e+06   3.0151367e+01
   4.1638370e+06   2.7587891e+01
   4.2152400e+06   2.7587891e+01
   4.2461130e+06   3.2775879e+01
   4.2462900e+06   2.7893066e+01
   4.3785060e+06   3.3874512e+01
   4.3837270e+06   3.1372070e+01
   4.5529190e+06   3.3020020e+01
   4.5530270e+06   3.1677246e+01
   4.6701530e+06   2.9174805e+01
   4.6702870e+06   3.2226563e+01
   4.6703690e+06   3.1005859e+01
   4.8099250e+06   3.7658691e+01
   4.8100510e+06   2.9663086e+01
   4.8664360e+06   3.4912109e+01
   4.8665640e+06   2.9235840e+01
   4.9166450e+06   3.0273438e+01
   4.9167710e+06   3.2897949e+01
   4.9988670e+06   2.7954102e+01
   5.1192820e+06   3.3447266e+01
   5.1194400e+06   2.9357910e+01
   5.1194730e+06   2.8137207e+01
   5.2479930e+06   3.0639648e+01
   5.2480930e+06   3.3386230e+01
   5.3762400e+06   3.9916992e+01
   5.4957840e+06   2.8808594e+01
   5.4958960e+06   2.9296875e+01
   5.5765600e+06   3.5034180e+01
   5.5768440e+06   2.9968262e+01
   5.6699130e+06   3.0761719e+01
   5.7171870e+06   3.0456543e+01
   5.7173460e+06   2.9174805e+01
   5.7185080e+06   2.8015137e+01
   5.7344780e+06   3.3630371e+01
   5.7358260e+06   3.3386230e+01
   5.7369610e+06   2.7526855e+01
   5.9159750e+06   2.8930664e+01
   5.9160870e+06   2.8808594e+01
   5.9161960e+06   2.8564453e+01
   6.0230700e+06   2.7832031e+01
   6.0232150e+06   3.4973145e+01
   6.0310340e+06   2.7709961e+01
   6.1257400e+06   2.9663086e+01
   6.1258480e+06   2.8503418e+01
   6.1259660e+06   3.8330078e+01
   6.1275050e+06   2.8320313e+01
   6.1866010e+06   2.7587891e+01
   6.1867070e+06   2.9113770e+01
   6.3319510e+06   3.1372070e+01
   6.3321910e+06   3.1311035e+01
   6.4184390e+06   2.8198242e+01
   6.4185680e+06   3.0456543e+01
   6.5452900e+06   3.3813477e+01
   6.5584160e+06   3.0151367e+01
   6.5586560e+06   3.0883789e+01
   6.5590660e+06   2.7709961e+01
   6.6045640e+06   3.3752441e+01
   6.7227690e+06   3.9123535e+01
   6.7228660e+06   2.8076172e+01
   6.7263260e+06   3.4729004e+01
   6.7363650e+06   2.8930664e+01
   6.8747090e+06   2.8137207e+01
   6.8856260e+06   2.9724121e+01
   6.9283880e+06   2.9968262e+01
   6.9286820e+06   2.9602051e+01
   7.0833270e+06   3.2104492e+01
   7.0834130e+06   3.0578613e+01
   7.1143140e+06   3.0212402e+01
   7.1153260e+06   2.9602051e+01
   7.2927920e+06   2.9052734e+01
   7.3690230e+06   2.7709961e+01
   7.4340390e+06   2.9602051e+01
   7.4341750e+06   3.0029297e+01
   7.4736900e+06   3.6865234e+01
   7.4741350e+06   2.7954102e+01
   7.4746190e+06   2.7648926e+01
   7.5041330e+06   3.8513184e+01
   7.5042540e+06   3.3935547e+01
   7.5043610e+06   3.0090332e+01
   7.6162100e+06   3.9367676e+01
   7.6163160e+06   2.8564453e+01
   7.6164160e+06   2.7954102e+01
   7.6657590e+06   3.0090332e+01
   7.7274990e+06   2.9846191e+01
   7.7276370e+06   2.8137207e+01
   7.8628640e+06   3.1982422e+01
   7.8630650e+06   2.8503418e+01
   7.9605490e+06   3.0517578e+01
   7.9606510e+06   3.5522461e+01
   8.0633340e+06   2.9418945e+01
   8.0648470e+06   2.9235840e+01
   8.1817620e+06   2.9785156e+01
   8.3075690e+06   3.2775879e+01
   8.4284100e+06   2.9907227e+01
   8.4285280e+06   3.1555176e+01
   8.4608800e+06   2.9846191e+01
   8.4626160e+06   3.2287598e+01
   8.6403140e+06   2.7587891e+01
   8.6405110e+06   3.0578613e+01
   8.6406680e+06   3.1188965e+01
   8.7488630e+06   3.3691406e+01
   8.7489750e+06   3.2104492e+01
   8.7934700e+06   2.8869629e+01
   8.7943420e+06   2.8137207e+01
   8.8972880e+06   3.0334473e+01
   9.0641690e+06   3.2897949e+01
   9.0937680e+06   3.0029297e+01
   9.2945550e+06   3.2226563e+01
   9.3253850e+06   2.8564453e+01
   9.4780090e+06   2.8198242e+01
   9.4781840e+06   2.8076172e+01
   9.5482420e+06   2.9602051e+01
   9.5881340e+06   2.7648926e+01
   9.6567990e+06   3.0883789e+01
   9.7872480e+06   2.8686523e+01
   9.7873350e+06   3.0456543e+01
   9.9095650e+06   2.9663086e+01
   9.9096630e+06   2.7526855e+01
   9.9221830e+06   3.4790039e+01
   9.9225300e+06   3.0273438e+01
   9.9226630e+06   2.8320313e+01
   1.0376329e+07   2.8076172e+01
   1.0376448e+07   2.9541016e+01
   1.0440940e+07   3.0456543e+01
   1.0441136e+07   2.9174805e+01
   1.0442903e+07   2.9479980e+01
   1.0478521e+07   3.1433105e+01
   1.0478670e+07   3.2409668e+01
   1.0478771e+07   3.1311035e+01
   1.0632549e+07   2.9602051e+01
   1.0653264e+07   2.9479980e+01
   1.0658049e+07   2.8991699e+01
   1.0659689e+07   2.9296875e+01
   1.0767183e+07   3.1066895e+01
   1.0767287e+07   3.0151367e+01
   1.0894739e+07   3.7414551e+01
   1.0894827e+07   2.7648926e+01
   1.0999608e+07   2.9418945e+01
   1.0999732e+07   2.7587891e+01
   1.1170733e+07   3.3508301e+01
   1.1308531e+07   2.9052734e+01
   1.1320114e+07   3.2226563e+01
   1.1347307e+07   2.9785156e+01
   1.1446005e+07   2.7954102e+01
   1.1567529e+07   4.5593262e+01
   1.1618974e+07   2.9418945e+01
   1.1619777e+07   2.8076172e+01
   1.1620533e+07   2.9846191e+01
   1.1736138e+07   2.8930664e+01
   1.1797349e+07   3.1005859e+01
   1.1797456e+07   2.7770996e+01
   1.1797542e+07   2.8625488e+01
   1.1911167e+07   2.8198242e+01
   1.1914647e+07   2.7832031e+01
   1.1915416e+07   3.0578613e+01
