   1.1996000e+07   0.0000000e+00
   8.7288000e+04   1.2237549e+02
   8.7417000e+04   1.5222168e+02
   1.5117400e+05   4.2175293e+01
   1.7244600e+05   5.9875488e+01
   1.7260200e+05   4.2236328e+01
   1.7275500e+05   4.2236328e+01
   1.7298100e+05   1.6198730e+02
   1.8512600e+05   1.3293457e+02
   2.4841300e+05   4.2114258e+01
   2.7307900e+05   4.0893555e+01
   2.9292100e+05   1.4837646e+02
   3.3581100e+05   1.3415527e+02
   3.7428300e+05   1.3787842e+02
   4.1547300e+05   1.4282227e+02
   4.9132800e+05   4.4677734e+01
   4.9577900e+05   4.2114258e+01
   4.9784000e+05   1.4965820e+02
   4.9791700e+05   1.0241699e+02
   4.9801600e+05   1.2445068e+02
   4.9826800e+05   1.2908936e+02
   6.8138900e+05   1.0418701e+02
   6.8139900e+05   4.1564941e+01
   6.8148300e+05   1.1773682e+02
   6.8154700e+05   7.6354980e+01
   6.8161600e+05   9.4787598e+01
   6.8169400e+05   8.4533691e+01
   6.8191800e+05   1.0137939e+02
   7.3563700e+05   1.4385986e+02
   7.3564700e+05   5.0720215e+01
   7.3574800e+05   1.2420654e+02
   8.3446800e+05   4.3334961e+01
   8.3458100e+05   4.5898438e+01
   8.3464700e+05   1.0473633e+02
   8.3473200e+05   1.1053467e+02
   8.3491600e+05   1.1181641e+02
   8.8116500e+05   4.2846680e+01
   8.8122600e+05   1.1138916e+02
   8.8129500e+05   1.0260010e+02
   8.8135100e+05   1.0156250e+02
   8.8144200e+05   7.8063965e+01
   8.8154200e+05   7.0922852e+01
   8.8161500e+05   6.0729980e+01
   8.8169900e+05   7.4584961e+01
   8.8173800e+05   4.7485352e+01
   8.8178100e+05   6.8786621e+01
   8.8187200e+05   6.1523437e+01
   8.8197800e+05   6.6223145e+01
   8.8209700e+05   7.8369141e+01
   8.8211400e+05   4.1442871e+01
   8.8222300e+05   8.5327148e+01
   8.8235100e+05   8.6486816e+01
   8.8253200e+05   1.0113525e+02
   8.8288900e+05   1.1138916e+02
   8.8314300e+05   1.2597656e+02
   8.8334800e+05   1.0754395e+02
   8.8394000e+05   4.1625977e+01
   9.3142600e+05   4.0710449e+01
   9.3178100e+05   4.1137695e+01
   9.5624700e+05   4.7302246e+01
   9.5632300e+05   8.9111328e+01
   9.5635600e+05   4.2297363e+01
   9.5638700e+05   7.3730469e+01
   9.5644100e+05   6.3110352e+01
   9.5654300e+05   1.1151123e+02
   9.9047700e+05   9.1979980e+01
   9.9053200e+05   1.1224365e+02
   9.9059500e+05   1.0211182e+02
   9.9068100e+05   7.9711914e+01
   9.9074100e+05   5.6457520e+01
   9.9079800e+05   4.2663574e+01
   9.9086200e+05   6.8664551e+01
   9.9098100e+05   5.0659180e+01
   9.9104700e+05   4.8095703e+01
   9.9112100e+05   5.3100586e+01
   9.9119500e+05   4.1870117e+01
   9.9121200e+05   4.1687012e+01
   9.9128900e+05   5.4870605e+01
   9.9137700e+05   5.0659180e+01
   9.9145100e+05   4.4982910e+01
   9.9152800e+05   5.0659180e+01
   9.9163300e+05   5.4382324e+01
   9.9164800e+05   4.4616699e+01
   9.9179300e+05   8.4655762e+01
   9.9193900e+05   8.9050293e+01
   9.9206400e+05   7.2509766e+01
   9.9218200e+05   8.6486816e+01
   9.9242700e+05   1.0253906e+02
   9.9258500e+05   1.0614014e+02
   9.9278100e+05   7.8125000e+01
   1.0547070e+06   4.3395996e+01
   1.0547320e+06   5.9082031e+01
   1.0547630e+06   4.7729492e+01
   1.0547850e+06   4.1259766e+01
   1.0548200e+06   9.1857910e+01
   1.0548420e+06   4.4311523e+01
   1.0548840e+06   7.0556641e+01
   1.0549520e+06   6.0974121e+01
   1.0549830e+06   4.9011230e+01
   1.0550520e+06   4.9255371e+01
   1.0551370e+06   4.5410156e+01
   1.0552210e+06   4.5776367e+01
   1.0553630e+06   4.6142578e+01
   1.0554730e+06   6.3171387e+01
   1.0555850e+06   5.3039551e+01
   1.0556750e+06   6.8115234e+01
   1.0557680e+06   6.7810059e+01
   1.0559020e+06   7.5622559e+01
   1.0560680e+06   9.2956543e+01
   1.0562140e+06   1.0656738e+02
   1.0564240e+06   1.1212158e+02
   1.0567030e+06   1.1871338e+02
   1.0569110e+06   1.1859131e+02
   1.1472890e+06   4.3090820e+01
   1.2230320e+06   4.2541504e+01
   1.2959810e+06   4.1137695e+01
   1.3412950e+06   4.3334961e+01
   1.3507340e+06   4.2602539e+01
   1.4067250e+06   4.2175293e+01
   1.4572910e+06   4.2724609e+01
   1.5374460e+06   4.4677734e+01
   1.5379860e+06   4.1809082e+01
   1.5460980e+06   1.3177490e+02
   1.6311230e+06   1.3024902e+02
   1.6312720e+06   1.1944580e+02
   1.6315660e+06   1.5637207e+02
   1.7475530e+06   4.3518066e+01
   1.7963240e+06   4.2053223e+01
   1.7974360e+06   1.6040039e+02
   1.7975230e+06   1.4031982e+02
   1.7975850e+06   4.1442871e+01
   1.7976040e+06   1.3238525e+02
   1.7977750e+06   1.3458252e+02
   1.8309880e+06   4.6752930e+01
   1.8312630e+06   1.1871338e+02
   1.8314430e+06   1.2200928e+02
   1.8316840e+06   1.4324951e+02
   1.8323490e+06   1.4306641e+02
   1.8562640e+06   1.2597656e+02
   1.8921600e+06   1.2078857e+02
   1.8925550e+06   5.4748535e+01
   1.8929270e+06   1.4031982e+02
   1.8933940e+06   4.6447754e+01
   1.9117070e+06   1.4898682e+02
   1.9790080e+06   4.5776367e+01
   2.0518150e+06   1.7089844e+02
   2.2241370e+06   4.6020508e+01
   2.3537370e+06   1.2658691e+02
   2.4097610e+06   1.2542725e+02
   2.4099080e+06   1.4135742e+02
   2.4101210e+06   1.3812256e+02
   2.4104880e+06   1.3391113e+02
   2.4107600e+06   1.2402344e+02
   2.4524670e+06   4.4311523e+01
   2.5881030e+06   1.5979004e+02
   2.7212430e+06   1.5679932e+02
   2.7224110e+06   1.4849854e+02
   2.7453270e+06   4.1137695e+01
   2.7707760e+06   4.1320801e+01
   2.7834610e+06   4.7912598e+01
   2.7835410e+06   1.3696289e+02
   2.8400130e+06   1.6070557e+02
   2.8401190e+06   1.2683105e+02
   2.8611390e+06   4.1503906e+01
   2.9485920e+06   4.8095703e+01
   3.0861310e+06   1.3458252e+02
   3.0861900e+06   1.2109375e+02
   3.0863270e+06   1.3885498e+02
   3.0864410e+06   1.4093018e+02
   3.0865890e+06   1.2994385e+02
   3.1608610e+06   4.4921875e+01
   3.1610020e+06   1.5490723e+02
   3.2005330e+06   1.3159180e+02
   3.2007350e+06   1.2298584e+02
   3.2446860e+06   1.2298584e+02
   3.2450660e+06   1.4764404e+02
   3.2853680e+06   1.3476563e+02
   3.3739180e+06   1.4007568e+02
   3.3740510e+06   1.3323975e+02
   3.3742820e+06   4.8034668e+01
   3.3745460e+06   5.2124023e+01
   3.4029230e+06   4.1381836e+01
   3.4603730e+06   1.3647461e+02
   3.4604190e+06   4.6569824e+01
   3.4604670e+06   1.0894775e+02
   3.4605280e+06   8.0627441e+01
   3.4605470e+06   5.0964355e+01
   3.4606000e+06   5.5908203e+01
   3.4606300e+06   4.6203613e+01
   3.4609150e+06   4.7729492e+01
   3.4609990e+06   5.7067871e+01
   3.4610480e+06   4.1442871e+01
   3.4611010e+06   4.7363281e+01
   3.4612270e+06   4.5166016e+01
   3.4612880e+06   4.4372559e+01
   3.4613780e+06   7.6049805e+01
   3.4614580e+06   5.1757813e+01
   3.4615460e+06   4.6691895e+01
   3.4616390e+06   6.3598633e+01
   3.4617390e+06   5.5786133e+01
   3.4618340e+06   7.7758789e+01
   3.4619270e+06   7.3608398e+01
   3.4620420e+06   8.2885742e+01
   3.4622010e+06   9.1979980e+01
   3.4623290e+06   9.7167969e+01
   3.4626760e+06   1.0235596e+02
   3.4629670e+06   1.2432861e+02
   3.4634500e+06   1.1810303e+02
   3.5177140e+06   1.3684082e+02
   3.5177460e+06   4.2480469e+01
   3.5177830e+06   4.1259766e+01
   3.5178630e+06   1.1346436e+02
   3.5180140e+06   1.1865234e+02
   3.5180270e+06   4.6081543e+01
   3.5182030e+06   1.2481689e+02
   3.5182870e+06   4.5166016e+01
   3.5183040e+06   1.0284424e+02
   3.5184350e+06   9.6740723e+01
   3.5184800e+06   4.2907715e+01
   3.5186150e+06   1.1975098e+02
   3.5191320e+06   4.6691895e+01
   3.5405290e+06   4.8217773e+01
   3.5405520e+06   1.0406494e+02
   3.5406210e+06   1.0760498e+02
   3.5406960e+06   5.2124023e+01
   3.5407640e+06   5.3833008e+01
   3.5408340e+06   4.6936035e+01
   3.5409630e+06   4.1625977e+01
   3.5411710e+06   6.5612793e+01
   3.5412480e+06   6.1523438e+01
   3.5413240e+06   5.8471680e+01
   3.5414010e+06   4.4860840e+01
   3.5415900e+06   4.3457031e+01
   3.5416800e+06   5.1635742e+01
   3.5417780e+06   7.3059082e+01
   3.5418740e+06   6.4025879e+01
   3.5419810e+06   8.6608887e+01
   3.5421130e+06   7.0861816e+01
   3.5421450e+06   4.5166016e+01
   3.5422330e+06   7.4035645e+01
   3.5423940e+06   9.6496582e+01
   3.5425630e+06   9.5886230e+01
   3.5646810e+06   4.3579102e+01
   3.5647410e+06   1.0400391e+02
   3.5647540e+06   4.3151855e+01
   3.5648250e+06   5.0537109e+01
   3.5648390e+06   4.4311523e+01
   3.5648600e+06   4.1870117e+01
   3.5648910e+06   9.6374512e+01
   3.5649740e+06   4.1198730e+01
   3.5649990e+06   4.6386719e+01
   3.5656000e+06   4.1625977e+01
   3.5658230e+06   1.0906982e+02
   3.5876390e+06   1.2139893e+02
   3.5877340e+06   1.0131836e+02
   3.5879040e+06   5.5908203e+01
   3.5879230e+06   9.4116211e+01
   3.5880100e+06   4.1564941e+01
   3.5881170e+06   4.8339844e+01
   3.5882600e+06   7.5012207e+01
   3.5883340e+06   5.2917480e+01
   3.5884290e+06   7.0251465e+01
   3.5885550e+06   8.8073730e+01
   3.5888000e+06   9.3933105e+01
   3.5889760e+06   9.3505859e+01
   3.5893220e+06   1.0601807e+02
   3.6045430e+06   9.6740723e+01
   3.6046340e+06   1.1614990e+02
   3.6046450e+06   4.5349121e+01
   3.6047900e+06   1.0736084e+02
   3.6049960e+06   9.8754883e+01
   3.6051100e+06   1.1175537e+02
   3.6051830e+06   5.3161621e+01
   3.6052600e+06   4.7729492e+01
   3.6052800e+06   4.5959473e+01
   3.6053580e+06   6.5612793e+01
   3.6054290e+06   4.3151855e+01
   3.6055050e+06   4.9255371e+01
   3.6056080e+06   5.3283691e+01
   3.6059150e+06   1.0766602e+02
   3.6062100e+06   9.8632813e+01
   3.6416750e+06   1.0974121e+02
   3.6417330e+06   7.9528809e+01
   3.6417450e+06   4.5898438e+01
   3.6417930e+06   7.0495605e+01
   3.6418080e+06   4.2602539e+01
   3.6418500e+06   5.0109863e+01
   3.6419180e+06   5.9936523e+01
   3.6423830e+06   4.0893555e+01
   3.6424700e+06   4.5471191e+01
   3.6426250e+06   4.0710449e+01
   3.6427150e+06   4.6752930e+01
   3.6428060e+06   4.0832520e+01
   3.6429320e+06   5.0964355e+01
   3.6430130e+06   5.5908203e+01
   3.6431280e+06   4.4006348e+01
   3.6432160e+06   4.1992188e+01
   3.6433190e+06   5.0476074e+01
   3.6434500e+06   7.5744629e+01
   3.6435820e+06   9.7167969e+01
   3.6436800e+06   6.4208984e+01
   3.6436960e+06   4.2297363e+01
   3.6437950e+06   6.4941406e+01
   3.6439470e+06   8.4045410e+01
   3.6440490e+06   4.1320801e+01
   3.6441010e+06   7.5561523e+01
   3.6444270e+06   1.0125732e+02
   3.6969730e+06   1.0699463e+02
   3.6970690e+06   1.1322021e+02
   3.6971280e+06   4.7546387e+01
   3.6971490e+06   8.6181641e+01
   3.6972410e+06   7.7880859e+01
   3.6973380e+06   8.5449219e+01
   3.6974320e+06   7.3669434e+01
   3.6975100e+06   5.7434082e+01
   3.6975790e+06   4.2663574e+01
   3.6976660e+06   5.4016113e+01
   3.6979150e+06   8.0810547e+01
   3.6980260e+06   9.4543457e+01
   3.6981960e+06   8.8867188e+01
   3.7309700e+06   9.3994141e+01
   3.7310680e+06   1.1096191e+02
   3.7311510e+06   8.6120605e+01
   3.7312210e+06   5.7495117e+01
   3.7312830e+06   6.4514160e+01
   3.7313650e+06   6.2927246e+01
   3.7314300e+06   4.5654297e+01
   3.7315140e+06   4.0954590e+01
   3.7315250e+06   4.7912598e+01
   3.7316590e+06   5.2001953e+01
   3.7317020e+06   4.1015625e+01
   3.7317870e+06   9.2285156e+01
   3.7319010e+06   7.8186035e+01
   3.7320310e+06   8.8806152e+01
   3.7321350e+06   4.2785645e+01
   3.7325050e+06   1.2634277e+02
   3.7758790e+06   1.3177490e+02
   3.7758900e+06   4.5532227e+01
   3.7759390e+06   1.0815430e+02
   3.7759500e+06   4.2358398e+01
   3.7759650e+06   4.0771484e+01
   3.7759950e+06   8.8989258e+01
   3.7760120e+06   4.1381836e+01
   3.7760480e+06   7.0007324e+01
   3.7761070e+06   6.4331055e+01
   3.7761620e+06   4.3029785e+01
   3.7762350e+06   6.6772461e+01
   3.7762990e+06   5.7495117e+01
   3.7763710e+06   5.3527832e+01
   3.7764580e+06   4.4921875e+01
   3.7766380e+06   6.5551758e+01
   3.7767640e+06   5.8959961e+01
   3.7768680e+06   6.9824219e+01
   3.7770040e+06   8.0383301e+01
   3.7771040e+06   6.5795898e+01
   3.7772350e+06   1.2060547e+02
   3.7776090e+06   9.9975586e+01
   3.7779260e+06   4.0832520e+01
   3.8290240e+06   4.3640137e+01
   3.8290960e+06   1.3214111e+02
   3.8291520e+06   1.0284424e+02
   3.8292360e+06   8.5083008e+01
   3.8293240e+06   9.0637207e+01
   3.8294380e+06   8.6730957e+01
   3.8295310e+06   9.5092773e+01
   3.8296160e+06   9.6679688e+01
   3.8297520e+06   9.4055176e+01
   3.8301050e+06   1.0559082e+02
   3.8816490e+06   1.0638428e+02
   3.8817310e+06   1.0931396e+02
   3.8818070e+06   1.2670898e+02
   3.8819130e+06   8.1359863e+01
   3.8819920e+06   8.6608887e+01
   3.8820740e+06   1.0412598e+02
   4.0245760e+06   4.3029785e+01
   4.0667090e+06   4.2236328e+01
   4.1531770e+06   4.5959473e+01
   4.3097220e+06   4.2053223e+01
   4.3944210e+06   4.1198730e+01
   4.5357930e+06   1.7004395e+02
   4.5359200e+06   1.3177490e+02
   4.5361220e+06   1.0876465e+02
   4.5362540e+06   1.2322998e+02
   4.5363700e+06   5.6152344e+01
   4.5364860e+06   5.2062988e+01
   4.5367420e+06   1.2603760e+02
   4.5696740e+06   1.1358643e+02
   4.5742360e+06   1.3568115e+02
   4.5743270e+06   4.4433594e+01
   4.5743490e+06   1.2786865e+02
   4.5744740e+06   4.7546387e+01
   4.6123770e+06   4.2785645e+01
   4.6125150e+06   1.1157227e+02
   4.6128920e+06   4.3090820e+01
   4.6130910e+06   1.3519287e+02
   4.6133290e+06   1.1492920e+02
   4.6448040e+06   5.1147461e+01
   4.6450060e+06   4.2053223e+01
   4.6761840e+06   1.2658691e+02
   4.6761950e+06   4.3151855e+01
   4.6767310e+06   1.3696289e+02
   4.6769120e+06   1.0992432e+02
   4.6769240e+06   4.2968750e+01
   4.7079360e+06   1.2335205e+02
   4.7080770e+06   1.2719727e+02
   4.7363200e+06   5.0842285e+01
   4.7365790e+06   1.2438965e+02
   4.7369380e+06   4.5532227e+01
   4.7369770e+06   4.3212891e+01
   4.7863770e+06   1.5173340e+02
   4.7864140e+06   4.1809082e+01
   4.8169020e+06   4.0710449e+01
   4.8318550e+06   1.3653564e+02
   4.8320100e+06   1.4599609e+02
   4.9021030e+06   1.4837646e+02
   4.9853590e+06   4.0954590e+01
   5.0132170e+06   4.1748047e+01
   5.1217040e+06   1.2347412e+02
   5.1219680e+06   1.3311768e+02
   5.1222060e+06   1.4483643e+02
   5.1228710e+06   1.2805176e+02
   5.3004300e+06   4.9987793e+01
   5.3188540e+06   4.1748047e+01
   5.3285750e+06   4.2724609e+01
   5.3297270e+06   4.0710449e+01
   5.4603040e+06   1.2310791e+02
   5.4615770e+06   1.5295410e+02
   5.4619510e+06   1.5142822e+02
   5.4625740e+06   1.4038086e+02
   5.4767990e+06   4.5715332e+01
   5.4768780e+06   1.4758301e+02
   5.6255290e+06   4.2724609e+01
   5.6672170e+06   1.3427734e+02
   5.6744630e+06   4.1015625e+01
   5.7823780e+06   4.3090820e+01
   5.7857800e+06   1.6552734e+02
   5.7858810e+06   4.9194336e+01
   5.8398000e+06   4.2602539e+01
   5.8409450e+06   1.6442871e+02
   5.8456550e+06   4.5227051e+01
   5.9355970e+06   4.2785645e+01
   5.9468990e+06   4.4738770e+01
   5.9601380e+06   1.3507080e+02
   5.9604700e+06   1.4282227e+02
   5.9606040e+06   1.3037109e+02
   5.9608250e+06   1.3433838e+02
   6.0550990e+06   4.2968750e+01
   6.0906480e+06   1.0412598e+02
   6.0907480e+06   1.1614990e+02
   6.1482520e+06   4.1992188e+01
   6.1482840e+06   1.2139893e+02
   6.1482970e+06   5.0476074e+01
   6.1483380e+06   1.3568115e+02
   6.1483860e+06   4.5532227e+01
   6.1483970e+06   7.0251465e+01
   6.1484440e+06   7.4157715e+01
   6.1485060e+06   8.1115723e+01
   6.1486020e+06   8.1481934e+01
   6.1486330e+06   4.5837402e+01
   6.1486890e+06   7.7697754e+01
   6.1487750e+06   4.4433594e+01
   6.1488410e+06   5.2368164e+01
   6.1489380e+06   4.9438477e+01
   6.1490390e+06   5.8471680e+01
   6.1491320e+06   4.1259766e+01
   6.1491800e+06   7.9711914e+01
   6.1493490e+06   8.9660645e+01
   6.1494550e+06   6.6894531e+01
   6.1495740e+06   9.6618652e+01
   6.1498810e+06   1.0418701e+02
   6.1501890e+06   4.1076660e+01
   6.1504390e+06   1.4373779e+02
   6.1988190e+06   4.2114258e+01
   6.2197160e+06   1.0479736e+02
   6.2197850e+06   1.1346436e+02
   6.2198890e+06   9.8999023e+01
   6.2199740e+06   4.6325684e+01
   6.2460430e+06   1.4465332e+02
   6.2461010e+06   1.0064697e+02
   6.2461620e+06   9.3261719e+01
   6.2462180e+06   5.2612305e+01
   6.2462840e+06   5.3710938e+01
   6.2463110e+06   4.3762207e+01
   6.2463780e+06   4.3762207e+01
   6.2464550e+06   4.1687012e+01
   6.2465170e+06   4.3640137e+01
   6.2466070e+06   5.2429199e+01
   6.2471470e+06   4.2114258e+01
   6.2473290e+06   7.3181152e+01
   6.2474090e+06   4.2907715e+01
   6.2475150e+06   4.2785645e+01
   6.2475950e+06   4.7119141e+01
   6.2477220e+06   6.0119629e+01
   6.2478740e+06   7.6721191e+01
   6.2478890e+06   4.0771484e+01
   6.2480090e+06   6.2377930e+01
   6.2481270e+06   9.4848633e+01
   6.2482560e+06   4.1076660e+01
   6.2483740e+06   8.2519531e+01
   6.2485030e+06   9.6313477e+01
   6.2486430e+06   7.9467773e+01
   6.2487870e+06   8.4167480e+01
   6.3099900e+06   8.1115723e+01
   6.3100160e+06   4.2541504e+01
   6.3100820e+06   1.0601807e+02
   6.3102480e+06   5.4382324e+01
   6.3102780e+06   4.1259766e+01
   6.3103570e+06   4.7668457e+01
   6.3104290e+06   6.9213867e+01
   6.3104910e+06   6.3720703e+01
   6.3105500e+06   4.7607422e+01
   6.3106170e+06   4.4250488e+01
   6.3107550e+06   5.5114746e+01
   6.3108400e+06   5.8349609e+01
   6.3109360e+06   4.5593262e+01
   6.3110640e+06   6.4208984e+01
   6.3111580e+06   5.7617188e+01
   6.3113230e+06   6.7199707e+01
   6.3115450e+06   4.4555664e+01
   6.3115840e+06   8.7280273e+01
   6.3119330e+06   1.2127686e+02
   6.3125320e+06   4.4250488e+01
   6.3586790e+06   4.2602539e+01
   6.3587300e+06   9.3383789e+01
   6.3587440e+06   4.5227051e+01
   6.3587920e+06   7.3364258e+01
   6.3588450e+06   6.6955566e+01
   6.3588640e+06   4.2785645e+01
   6.3589010e+06   6.4392090e+01
   6.3589550e+06   4.2053223e+01
   6.3590250e+06   4.0954590e+01
   6.3591080e+06   4.3273926e+01
   6.3591690e+06   4.0954590e+01
   6.3592380e+06   5.2734375e+01
   6.3593100e+06   4.5898438e+01
   6.3593750e+06   4.5166016e+01
   6.3594500e+06   4.4311523e+01
   6.3595490e+06   4.2297363e+01
   6.3595610e+06   6.6650391e+01
   6.3596990e+06   4.5837402e+01
   6.3597200e+06   4.7546387e+01
   6.3598060e+06   7.3974609e+01
   6.3599180e+06   6.7749023e+01
   6.3600500e+06   8.6608887e+01
   6.3601730e+06   6.6772461e+01
   6.3602830e+06   8.2031250e+01
   6.3604430e+06   9.6740723e+01
   6.3607840e+06   1.0406494e+02
   6.3609420e+06   4.5043945e+01
   6.3922710e+06   1.4062500e+02
   6.3923320e+06   9.8999023e+01
   6.3923880e+06   6.4331055e+01
   6.3923990e+06   4.6203613e+01
   6.3924460e+06   8.2214355e+01
   6.3925370e+06   7.1533203e+01
   6.3926090e+06   6.7810059e+01
   6.3927380e+06   4.2297363e+01
   6.3929240e+06   6.2683105e+01
   6.3930790e+06   8.2763672e+01
   6.3932050e+06   7.2753906e+01
   6.3933920e+06   9.2224121e+01
   6.3935040e+06   7.3913574e+01
   6.3937220e+06   4.8400879e+01
   6.4345140e+06   1.3439941e+02
   6.4345610e+06   9.0393066e+01
   6.4346440e+06   1.0223389e+02
   6.4347240e+06   7.2509766e+01
   6.4347370e+06   4.0893555e+01
   6.4348030e+06   7.9162598e+01
   6.4348590e+06   5.9509277e+01
   6.4349300e+06   5.4687500e+01
   6.4350120e+06   5.5358887e+01
   6.4352740e+06   4.0954590e+01
   6.4354430e+06   4.1992188e+01
   6.4355590e+06   4.4189453e+01
   6.4355690e+06   8.1542969e+01
   6.4356670e+06   4.8522949e+01
   6.4357530e+06   4.4921875e+01
   6.4357670e+06   4.3334961e+01
   6.4358790e+06   6.3903809e+01
   6.4359980e+06   6.7504883e+01
   6.4360990e+06   7.6904297e+01
   6.4362290e+06   8.6303711e+01
   6.4364470e+06   1.0778809e+02
   6.4366060e+06   9.6496582e+01
   6.4892760e+06   1.2426758e+02
   6.4893370e+06   9.5214844e+01
   6.4893480e+06   4.0771484e+01
   6.4894060e+06   1.1022949e+02
   6.4894680e+06   1.0125732e+02
   6.4895450e+06   7.2509766e+01
   6.4896120e+06   7.3608398e+01
   6.4897140e+06   5.2429199e+01
   6.4899260e+06   1.0461426e+02
   6.4900620e+06   8.5815430e+01
   6.4902480e+06   9.3200684e+01
   6.4904480e+06   1.0723877e+02
   6.5368250e+06   4.5776367e+01
   6.5368630e+06   4.7668457e+01
   6.5368930e+06   9.4482422e+01
   6.5369510e+06   6.8176270e+01
   6.5370020e+06   7.0800781e+01
   6.5370730e+06   6.7749023e+01
   6.5371400e+06   9.2102051e+01
   6.5372300e+06   8.1726074e+01
   6.5374030e+06   8.7280273e+01
   6.5376620e+06   4.1259766e+01
   6.5376890e+06   9.6252441e+01
   6.5875180e+06   1.1645508e+02
   6.5875300e+06   4.3579102e+01
   6.5875410e+06   4.2419434e+01
   6.5875780e+06   1.3482666e+02
   6.5876510e+06   9.0209961e+01
   6.5877100e+06   7.5927734e+01
   6.5877570e+06   4.0893555e+01
   6.5880310e+06   4.3457031e+01
   6.6553300e+06   1.0363770e+02
   6.6655580e+06   1.2066650e+02
   6.6656310e+06   4.2114258e+01
   6.6656460e+06   1.2225342e+02
   6.7390400e+06   1.1871338e+02
   6.8166110e+06   4.6630859e+01
   6.8168750e+06   1.1810303e+02
   6.9655260e+06   5.5053711e+01
   6.9820530e+06   4.8767090e+01
   7.0448380e+06   4.1381836e+01
   7.0501160e+06   4.6325684e+01
   7.0801220e+06   1.3586426e+02
   7.1595610e+06   4.1259766e+01
   7.2770880e+06   1.3616943e+02
   7.2771870e+06   5.1330566e+01
   7.3844050e+06   1.1547852e+02
   7.4359600e+06   4.4677734e+01
   7.4362730e+06   1.2469482e+02
   7.4367440e+06   1.3873291e+02
   7.5467030e+06   9.6984863e+01
   7.5468070e+06   1.1370850e+02
   7.5468820e+06   1.1749268e+02
   7.5469560e+06   1.0125732e+02
   7.5470620e+06   9.1796875e+01
   7.5471920e+06   1.1914063e+02
   7.5473530e+06   1.0882568e+02
   7.5475220e+06   1.0723877e+02
   7.5477370e+06   1.1187744e+02
   7.5479970e+06   1.3507080e+02
   7.5481680e+06   1.0821533e+02
   7.5483800e+06   1.2420654e+02
   7.5698240e+06   1.2713623e+02
   7.5699250e+06   1.2158203e+02
   7.5699360e+06   4.1931152e+01
   7.5701140e+06   1.0510254e+02
   7.5703620e+06   1.2738037e+02
   7.5706110e+06   1.2792969e+02
   7.5709350e+06   1.2591553e+02
   7.5711870e+06   1.4471436e+02
   7.6004270e+06   4.2663574e+01
   7.6004740e+06   4.4433594e+01
   7.6005740e+06   9.4360352e+01
   7.6005870e+06   4.2785645e+01
   7.6006420e+06   7.8735352e+01
   7.6006960e+06   4.9560547e+01
   7.6007330e+06   4.3457031e+01
   7.6008020e+06   4.5410156e+01
   7.6008720e+06   4.3457031e+01
   7.6011150e+06   4.3823242e+01
   7.6012100e+06   4.2236328e+01
   7.6012950e+06   4.2602539e+01
   7.6013940e+06   4.7058105e+01
   7.6014740e+06   5.1025391e+01
   7.6016940e+06   6.0852051e+01
   7.6017750e+06   4.9926758e+01
   7.6018910e+06   5.9936523e+01
   7.6019950e+06   7.2509766e+01
   7.6022130e+06   4.2175293e+01
   7.6023210e+06   9.9792480e+01
   7.6025170e+06   9.0087891e+01
   7.6031550e+06   1.2103271e+02
   7.6033720e+06   1.1596680e+02
   7.6701870e+06   1.2274170e+02
   7.6702520e+06   4.3884277e+01
   7.6703070e+06   4.0954590e+01
   7.6703700e+06   7.7941895e+01
   7.6704820e+06   9.5642090e+01
   7.6705830e+06   7.6232910e+01
   7.7066180e+06   4.1503906e+01
   7.7067150e+06   4.9316406e+01
   7.7067700e+06   8.1420898e+01
   7.7067810e+06   4.5104980e+01
   7.7068340e+06   7.6232910e+01
   7.7068860e+06   4.2785645e+01
   7.7069190e+06   6.9213867e+01
   7.7069930e+06   6.0791016e+01
   7.7071780e+06   6.2194824e+01
   7.7072760e+06   5.0842285e+01
   7.7072900e+06   4.7241211e+01
   7.7073450e+06   4.7302246e+01
   7.7077870e+06   4.8095703e+01
   7.7078230e+06   4.9987793e+01
   7.7078680e+06   5.5480957e+01
   7.7079600e+06   5.7556152e+01
   7.7080500e+06   5.1391602e+01
   7.7081470e+06   5.1818848e+01
   7.7082430e+06   5.2612305e+01
   7.7083830e+06   6.7687988e+01
   7.7085070e+06   6.5307617e+01
   7.7086840e+06   9.6008301e+01
   7.7088190e+06   9.1796875e+01
   7.7089570e+06   7.6354980e+01
   7.7091660e+06   1.0729980e+02
   7.7095130e+06   4.2907715e+01
   7.7573630e+06   1.0327148e+02
   7.7574380e+06   1.1193848e+02
   7.7575020e+06   4.2724609e+01
   7.7575320e+06   9.3872070e+01
   7.7576280e+06   1.0345459e+02
   7.7577210e+06   8.4472656e+01
   7.7579780e+06   1.1865234e+02
   7.7852680e+06   9.5153809e+01
   7.7853360e+06   8.8439941e+01
   7.7853480e+06   4.1198730e+01
   7.7854090e+06   7.9528809e+01
   7.7854900e+06   6.9641113e+01
   7.7856020e+06   8.0871582e+01
   7.7856920e+06   6.5307617e+01
   7.7858250e+06   9.5275879e+01
   7.7859460e+06   8.9172363e+01
   7.7860990e+06   1.0803223e+02
   7.7861950e+06   7.5988770e+01
   7.7863870e+06   7.9650879e+01
   7.7865410e+06   9.9304199e+01
   7.7869540e+06   1.0864258e+02
   7.7872390e+06   1.0559082e+02
   7.8275540e+06   1.0784912e+02
   7.8275690e+06   4.0954590e+01
   7.8276410e+06   1.1352539e+02
   7.8277060e+06   9.1674805e+01
   7.8277750e+06   4.1381836e+01
   7.8278650e+06   5.8715820e+01
   7.8279190e+06   4.4006348e+01
   7.8279840e+06   4.5776367e+01
   7.8280600e+06   5.5786133e+01
   7.8281270e+06   4.1137695e+01
   7.8282040e+06   4.4738770e+01
   7.8283160e+06   4.1442871e+01
   7.8283840e+06   4.4982910e+01
   7.8284710e+06   5.0842285e+01
   7.8285910e+06   4.8095703e+01
   7.8286910e+06   5.6396484e+01
   7.8288680e+06   9.0881348e+01
   7.8295540e+06   1.0430908e+02
   7.8780330e+06   4.1320801e+01
   7.8781930e+06   1.2249756e+02
   7.8782400e+06   4.1564941e+01
   7.8782770e+06   9.6740723e+01
   7.8783500e+06   7.2570801e+01
   7.8783920e+06   4.1137695e+01
   7.8784210e+06   4.9011230e+01
   7.8784790e+06   4.6691895e+01
   7.8786130e+06   4.3029785e+01
   7.8787050e+06   6.0607910e+01
   7.8788370e+06   1.1535645e+02
   7.8789530e+06   8.5754395e+01
   7.8791580e+06   9.8144531e+01
   7.9245090e+06   4.2114258e+01
   7.9248900e+06   9.6801758e+01
   7.9249820e+06   4.1076660e+01
   7.9250760e+06   9.1796875e+01
   7.9252000e+06   1.0778809e+02
   7.9259340e+06   4.1992188e+01
   8.0173600e+06   4.3029785e+01
   8.0174770e+06   4.2480469e+01
   8.0175830e+06   9.7412109e+01
   8.0176500e+06   8.1298828e+01
   8.0845840e+06   1.1004639e+02
   8.0847060e+06   4.1625977e+01
   8.2108230e+06   4.1198730e+01
   8.4120390e+06   4.0954590e+01
   8.4125530e+06   1.3415527e+02
   8.5451670e+06   4.0710449e+01
   8.5501940e+06   1.3012695e+02
   8.5522320e+06   1.4086914e+02
   8.5528100e+06   1.3525391e+02
   8.5532760e+06   1.3452148e+02
   8.5682920e+06   4.1687012e+01
   8.5685150e+06   1.1059570e+02
   8.5686000e+06   1.0375977e+02
   8.5686730e+06   9.7595215e+01
   8.5688040e+06   4.8522949e+01
   8.6245510e+06   4.8339844e+01
   8.6246220e+06   1.1181641e+02
   8.6246950e+06   1.0028076e+02
   8.6249050e+06   4.7729492e+01
   8.7353880e+06   4.9255371e+01
   8.7354260e+06   1.2255859e+02
   8.7354770e+06   4.0710449e+01
   8.7355620e+06   1.3482666e+02
   8.7356840e+06   1.3256836e+02
   8.8436180e+06   1.1456299e+02
   8.8438440e+06   1.4117432e+02
   8.9898560e+06   1.2408447e+02
   9.0401690e+06   4.1259766e+01
   9.1260980e+06   4.1931152e+01
   9.1777290e+06   1.1926270e+02
   9.1778830e+06   1.2707520e+02
   9.1781230e+06   1.3494873e+02
   9.1782470e+06   1.1297607e+02
   9.1786960e+06   1.2670898e+02
   9.2352300e+06   4.1259766e+01
   9.3155910e+06   4.3273926e+01
   9.3828600e+06   4.7607422e+01
   9.4221620e+06   1.4855957e+02
   9.4227960e+06   4.3762207e+01
   9.4302170e+06   4.4860840e+01
   9.4310450e+06   1.2915039e+02
   9.4562390e+06   4.1076660e+01
   9.4563100e+06   1.4758301e+02
   9.4563910e+06   1.1474609e+02
   9.4566120e+06   5.4016113e+01
   9.4569880e+06   1.3018799e+02
   9.4578910e+06   4.9194336e+01
   9.4971880e+06   1.0675049e+02
   9.4972980e+06   4.2724609e+01
   9.5627930e+06   5.0476074e+01
   9.5628050e+06   4.1381836e+01
   9.5628950e+06   1.3842773e+02
   9.5629700e+06   9.5458984e+01
   9.5630370e+06   7.5378418e+01
   9.5631140e+06   6.2622070e+01
   9.5631660e+06   5.4870605e+01
   9.5632290e+06   4.2358398e+01
   9.5632970e+06   4.7485352e+01
   9.5634740e+06   6.4331055e+01
   9.5635620e+06   9.2773437e+01
   9.5636650e+06   9.0148926e+01
   9.5637670e+06   6.9946289e+01
   9.5638780e+06   9.4909668e+01
   9.5640080e+06   9.8205566e+01
   9.5642860e+06   9.5214844e+01
   9.5664850e+06   4.2602539e+01
   9.6271610e+06   4.2724609e+01
   9.6273040e+06   1.2664795e+02
   9.6273830e+06   1.1108398e+02
   9.6274750e+06   6.6589355e+01
   9.6275400e+06   7.2692871e+01
   9.6276090e+06   6.3903809e+01
   9.6277310e+06   9.8571777e+01
   9.6278280e+06   9.5581055e+01
   9.6280030e+06   1.0430908e+02
   9.6286880e+06   1.2689209e+02
   9.6553880e+06   1.1669922e+02
   9.6554590e+06   1.1773682e+02
   9.6555330e+06   9.1552734e+01
   9.6555920e+06   6.2683105e+01
   9.6556120e+06   4.3884277e+01
   9.6556590e+06   4.3823242e+01
   9.6559430e+06   5.8227539e+01
   9.6560630e+06   7.1716309e+01
   9.6561450e+06   5.5297852e+01
   9.6562310e+06   5.7678223e+01
   9.6563330e+06   6.8420410e+01
   9.6564470e+06   5.8959961e+01
   9.6566120e+06   8.2824707e+01
   9.6567170e+06   6.8969727e+01
   9.6568580e+06   8.8684082e+01
   9.6941200e+06   4.1809082e+01
   9.6941490e+06   1.1505127e+02
   9.6942110e+06   1.0101318e+02
   9.6942610e+06   7.1655273e+01
   9.6943140e+06   6.6955566e+01
   9.6943830e+06   5.5847168e+01
   9.6944380e+06   5.4504395e+01
   9.6945010e+06   4.3090820e+01
   9.6947520e+06   4.1259766e+01
   9.6948420e+06   4.9987793e+01
   9.6949690e+06   4.1015625e+01
   9.6950560e+06   4.5654297e+01
   9.6951490e+06   4.4738770e+01
   9.6952410e+06   4.3762207e+01
   9.6954000e+06   5.8593750e+01
   9.6955290e+06   8.4350586e+01
   9.6957280e+06   8.1787109e+01
   9.6958370e+06   7.7880859e+01
   9.6959900e+06   7.8186035e+01
   9.6961430e+06   7.9223633e+01
   9.7437750e+06   4.7668457e+01
   9.7438520e+06   9.8632812e+01
   9.7439170e+06   5.3222656e+01
   9.7440420e+06   4.1687012e+01
   9.7445480e+06   1.0046387e+02
   9.7447540e+06   1.0003662e+02
   9.7698440e+06   1.1529541e+02
   9.7699420e+06   4.0893555e+01
   9.7700770e+06   1.0876465e+02
   9.7701910e+06   9.8815918e+01
   9.7702020e+06   4.4067383e+01
   9.7702900e+06   7.0861816e+01
   9.7703810e+06   5.4626465e+01
   9.7705000e+06   4.8034668e+01
   9.7705720e+06   4.7546387e+01
   9.7707010e+06   9.0515137e+01
   9.7707870e+06   5.2246094e+01
   9.7708960e+06   5.9814453e+01
   9.7710540e+06   7.9895020e+01
   9.7712360e+06   8.3312988e+01
   9.7714630e+06   9.6862793e+01
   9.8263630e+06   1.0491943e+02
   9.8263750e+06   4.3212891e+01
   9.8264230e+06   8.4716797e+01
   9.8264780e+06   6.8542480e+01
   9.8265390e+06   4.8583984e+01
   9.8266190e+06   5.0964355e+01
   9.8266870e+06   4.3579102e+01
   9.8269760e+06   4.0832520e+01
   9.8270700e+06   6.1950684e+01
   9.8271670e+06   5.2612305e+01
   9.8272660e+06   7.1960449e+01
   9.8273540e+06   4.4677734e+01
   9.8274640e+06   8.9416504e+01
   9.8276350e+06   9.2712402e+01
   9.8278480e+06   1.1962891e+02
   9.8288340e+06   1.0638428e+02
   9.8740570e+06   1.3726807e+02
   9.8741740e+06   9.0148926e+01
   9.8742910e+06   7.7209473e+01
   9.8743260e+06   4.1320801e+01
   9.8744020e+06   4.7790527e+01
   9.8744150e+06   8.3007812e+01
   9.8744890e+06   7.6782227e+01
   9.8745710e+06   5.4992676e+01
   9.8746150e+06   4.1931152e+01
   9.8746490e+06   4.7973633e+01
   9.8747270e+06   4.4799805e+01
   9.8752290e+06   6.0791016e+01
   9.8752730e+06   4.0832520e+01
   9.8753450e+06   6.3598633e+01
   9.8754260e+06   4.8767090e+01
   9.8755350e+06   6.3781738e+01
   9.8757060e+06   7.0678711e+01
   9.8758430e+06   8.5144043e+01
   9.8762410e+06   1.0266113e+02
   9.9333600e+06   1.0839844e+02
   9.9334600e+06   9.6618652e+01
   9.9336560e+06   1.2127686e+02
   9.9337850e+06   9.7656250e+01
   9.9338580e+06   9.7595215e+01
   9.9339340e+06   6.4819336e+01
   9.9340180e+06   6.8481445e+01
   9.9340990e+06   8.3801270e+01
   9.9343620e+06   9.5275879e+01
   1.0001737e+07   1.2628174e+02
   1.0001761e+07   4.1503906e+01
   1.0001838e+07   9.3872070e+01
   1.0001851e+07   4.8522949e+01
   1.0001937e+07   8.0688477e+01
   1.0002033e+07   4.0771484e+01
   1.0190984e+07   1.3525391e+02
   1.0469024e+07   1.3214111e+02
   1.0469056e+07   4.4372559e+01
   1.0476880e+07   1.2365723e+02
   1.0485716e+07   1.0803223e+02
   1.0540040e+07   1.3098145e+02
   1.0632918e+07   4.3457031e+01
   1.0658074e+07   1.2121582e+02
   1.0685711e+07   4.1259766e+01
   1.0767685e+07   4.3579102e+01
   1.0767979e+07   1.2017822e+02
   1.0802090e+07   1.2200928e+02
   1.0802188e+07   5.1574707e+01
   1.0802400e+07   1.2634277e+02
   1.0803337e+07   1.3366699e+02
   1.0942395e+07   1.2567139e+02
   1.0947792e+07   1.4318848e+02
   1.0948327e+07   1.3549805e+02
   1.0968622e+07   4.1381836e+01
   1.1019899e+07   4.0893555e+01
   1.1079781e+07   1.3031006e+02
   1.1192559e+07   1.4410400e+02
   1.1193418e+07   1.2243652e+02
   1.1195091e+07   1.2518311e+02
   1.1195992e+07   1.3214111e+02
   1.1197165e+07   1.2597656e+02
   1.1253426e+07   4.3640137e+01
   1.1256091e+07   9.8571777e+01
   1.1296721e+07   1.5185547e+02
   1.1299755e+07   1.4617920e+02
   1.1308767e+07   1.0919189e+02
   1.1308854e+07   1.1120605e+02
   1.1308999e+07   1.4459229e+02
   1.1309564e+07   1.1315918e+02
   1.1372359e+07   4.7363281e+01
   1.1418927e+07   4.4006348e+01
   1.1425855e+07   1.3647461e+02
   1.1425968e+07   1.2066650e+02
   1.1426137e+07   1.1175537e+02
   1.1513042e+07   1.2469482e+02
   1.1513204e+07   1.1968994e+02
   1.1570938e+07   1.3745117e+02
   1.1571066e+07   1.1132813e+02
   1.1571196e+07   5.4565430e+01
   1.1744797e+07   1.2518311e+02
   1.1744906e+07   1.3128662e+02
   1.1745032e+07   1.0974121e+02
   1.1782242e+07   1.2762451e+02
   1.1850745e+07   5.0903320e+01
   1.1850852e+07   1.2286377e+02
   1.1851305e+07   1.2133789e+02
   1.1972976e+07   1.2396240e+02
   1.1974940e+07   1.1541748e+02
