   1.1996000e+07   0.0000000e+00
   1.0272700e+05   4.0222168e+01
   1.2974200e+05   4.2297363e+01
   1.6529400e+05   3.3569336e+01
   1.7238200e+05   3.3691406e+01
   2.4874400e+05   3.3020020e+01
   2.9120400e+05   3.4667969e+01
   3.1144700e+05   3.4851074e+01
   3.3468900e+05   3.6132813e+01
   3.6544100e+05   3.4545898e+01
   3.9549200e+05   3.7353516e+01
   4.9729000e+05   3.4973145e+01
   4.9784600e+05   3.3203125e+01
   6.2027400e+05   3.6315918e+01
   6.2638100e+05   3.4912109e+01
   6.6119600e+05   3.5583496e+01
   6.6297300e+05   3.7109375e+01
   6.6670300e+05   3.2897949e+01
   6.9655000e+05   3.4362793e+01
   7.3682500e+05   3.3142090e+01
   7.8146700e+05   4.0405273e+01
   8.3358900e+05   3.4973145e+01
   8.7967600e+05   3.9184570e+01
   9.9054400e+05   3.3386230e+01
   1.0506180e+06   3.5156250e+01
   1.1472850e+06   4.5471191e+01
   1.1905440e+06   3.5156250e+01
   1.2158810e+06   3.3508301e+01
   1.2778550e+06   3.5156250e+01
   1.4470150e+06   3.5095215e+01
   1.4564410e+06   3.6499023e+01
   1.4573760e+06   3.3081055e+01
   1.4589000e+06   3.3264160e+01
   1.4809830e+06   4.1076660e+01
   1.5764370e+06   3.3569336e+01
   1.6311190e+06   3.9794922e+01
   1.6372130e+06   3.5400391e+01
   1.6567160e+06   3.5400391e+01
   1.6877780e+06   3.2897949e+01
   1.7086480e+06   3.2836914e+01
   1.7749420e+06   3.4179688e+01
   1.7868330e+06   3.6804199e+01
   1.7983210e+06   3.3264160e+01
   1.8309430e+06   3.8513184e+01
   1.8473050e+06   4.3151855e+01
   1.8559910e+06   3.3874512e+01
   1.8562340e+06   3.4729004e+01
   1.8886850e+06   4.1259766e+01
   1.8921410e+06   3.3081055e+01
   1.9111170e+06   3.3691406e+01
   1.9792220e+06   3.9733887e+01
   1.9800930e+06   3.3386230e+01
   2.0658420e+06   3.4301758e+01
   2.1023000e+06   3.6926270e+01
   2.1795500e+06   3.3691406e+01
   2.1805700e+06   3.3996582e+01
   2.2222720e+06   3.6865234e+01
   2.2240130e+06   3.4667969e+01
   2.2547440e+06   3.7780762e+01
   2.2731300e+06   3.4362793e+01
   2.3716410e+06   3.5888672e+01
   2.3836330e+06   4.1931152e+01
   2.3948540e+06   3.4179688e+01
   2.4573190e+06   3.8024902e+01
   2.4781880e+06   3.7658691e+01
   2.5796220e+06   3.6254883e+01
   2.5877870e+06   3.8635254e+01
   2.6269770e+06   3.4606934e+01
   2.6541640e+06   3.6376953e+01
   2.7210370e+06   3.9855957e+01
   2.7211770e+06   3.6865234e+01
   2.7465990e+06   3.5400391e+01
   2.7792550e+06   3.7536621e+01
   2.7833200e+06   3.3325195e+01
   2.8341080e+06   3.4545898e+01
   2.8619180e+06   3.8391113e+01
   2.9074430e+06   3.3508301e+01
   2.9488730e+06   3.5217285e+01
   3.0205490e+06   3.4484863e+01
   3.0207850e+06   3.3447266e+01
   3.0689200e+06   3.7231445e+01
   3.0848690e+06   3.8085938e+01
   3.1609520e+06   3.3630371e+01
   3.1920300e+06   3.4240723e+01
   3.2854120e+06   3.8757324e+01
   3.3501850e+06   3.5949707e+01
   3.3738440e+06   3.8391113e+01
   3.3825370e+06   3.3020020e+01
   3.4348390e+06   3.4606934e+01
   3.4604190e+06   3.9794922e+01
   3.5073480e+06   3.4729004e+01
   3.5405860e+06   4.3884277e+01
   3.5406310e+06   3.3935547e+01
   3.5407210e+06   3.7658691e+01
   3.5647820e+06   3.6743164e+01
   3.5876770e+06   3.3508301e+01
   3.6417280e+06   3.3386230e+01
   3.6715900e+06   3.5278320e+01
   3.7759690e+06   3.5034180e+01
   3.8292010e+06   3.4851074e+01
   3.8817600e+06   3.3081055e+01
   3.8823600e+06   3.3935547e+01
   3.9445760e+06   3.3996582e+01
   3.9508180e+06   3.8085938e+01
   3.9850020e+06   3.6132813e+01
   4.0345340e+06   3.6621094e+01
   4.0347690e+06   3.4912109e+01
   4.0799570e+06   4.2419434e+01
   4.1171740e+06   4.0405273e+01
   4.1535320e+06   3.9184570e+01
   4.1740080e+06   3.3203125e+01
   4.2558810e+06   3.7292480e+01
   4.3478480e+06   3.6560059e+01
   4.3597280e+06   3.5949707e+01
   4.3988580e+06   3.3203125e+01
   4.4293610e+06   4.1870117e+01
   4.5740080e+06   3.6499023e+01
   4.5754610e+06   3.3996582e+01
   4.6124920e+06   4.0283203e+01
   4.6761270e+06   3.8391113e+01
   4.7080660e+06   3.4667969e+01
   4.7363270e+06   3.6010742e+01
   4.7594780e+06   3.3081055e+01
   4.7863450e+06   3.4729004e+01
   4.8318700e+06   3.4362793e+01
   4.9808880e+06   3.8757324e+01
   5.2093100e+06   4.3212891e+01
   5.2172390e+06   3.8696289e+01
   5.2441950e+06   3.3020020e+01
   5.3278310e+06   3.5034180e+01
   5.3298850e+06   3.4606934e+01
   5.3923140e+06   3.8513184e+01
   5.4173860e+06   3.7353516e+01
   5.4937340e+06   3.3447266e+01
   5.5796150e+06   3.3813477e+01
   5.5802370e+06   3.6437988e+01
   5.5995590e+06   3.7841797e+01
   5.6254470e+06   3.6010742e+01
   5.7431360e+06   3.6804199e+01
   5.7844470e+06   3.3569336e+01
   5.8241440e+06   3.2836914e+01
   5.8895000e+06   3.9672852e+01
   5.9601360e+06   3.5766602e+01
   5.9778430e+06   3.9855957e+01
   6.0053900e+06   3.6376953e+01
   6.1258490e+06   3.4667969e+01
   6.1985530e+06   3.4973145e+01
   6.2177930e+06   3.4057617e+01
   6.2460900e+06   3.3569336e+01
   6.2871590e+06   3.5400391e+01
   6.3099990e+06   3.8574219e+01
   6.3586940e+06   3.9367676e+01
   6.3923880e+06   4.1137695e+01
   6.4893330e+06   3.5949707e+01
   6.5396260e+06   3.3630371e+01
   6.5876270e+06   3.6254883e+01
   6.6655810e+06   4.3334961e+01
   6.7390540e+06   3.4240723e+01
   6.8172180e+06   3.3325195e+01
   6.8799400e+06   3.3569336e+01
   6.9643280e+06   3.3325195e+01
   6.9735760e+06   3.8452148e+01
   6.9874990e+06   3.6376953e+01
   7.1364810e+06   3.3996582e+01
   7.2640720e+06   3.4301758e+01
   7.2747680e+06   3.7597656e+01
   7.4357730e+06   4.2419434e+01
   7.5705670e+06   3.3081055e+01
   7.6468930e+06   3.3630371e+01
   7.6695930e+06   3.8757324e+01
   7.7067210e+06   3.9184570e+01
   7.9665210e+06   3.5583496e+01
   8.0174870e+06   4.3579102e+01
   8.0715030e+06   4.3151855e+01
   8.0845550e+06   3.6560059e+01
   8.1090570e+06   3.4667969e+01
   8.1280220e+06   4.4616699e+01
   8.1868710e+06   3.5949707e+01
   8.2265420e+06   3.9489746e+01
   8.2743170e+06   3.4362793e+01
   8.3355940e+06   4.0100098e+01
   8.4121710e+06   3.9978027e+01
   8.6201030e+06   3.5217285e+01
   8.6218090e+06   4.0466309e+01
   8.6246480e+06   3.7109375e+01
   8.7202210e+06   3.7536621e+01
   8.7354160e+06   3.5339355e+01
   8.7827990e+06   4.1137695e+01
   8.8433420e+06   3.7231445e+01
   8.8434070e+06   3.8574219e+01
   8.8975810e+06   3.6071777e+01
   8.9556820e+06   3.9245605e+01
   9.0433240e+06   3.6804199e+01
   9.1409840e+06   3.3081055e+01
   9.1646250e+06   3.4118652e+01
   9.2350280e+06   3.4912109e+01
   9.2424570e+06   3.3020020e+01
   9.2701250e+06   3.4362793e+01
   9.2955200e+06   3.4973145e+01
   9.3374560e+06   4.0405273e+01
   9.4203410e+06   3.4179688e+01
   9.5616770e+06   3.7780762e+01
   9.5629120e+06   3.3325195e+01
   9.6283490e+06   3.5156250e+01
   9.6554430e+06   3.5888672e+01
   9.6942580e+06   4.3029785e+01
   9.8110250e+06   4.2846680e+01
   9.8261330e+06   3.9428711e+01
   9.8262500e+06   4.0771484e+01
   9.9670410e+06   3.3081055e+01
   9.9934130e+06   3.4484863e+01
   9.9950270e+06   3.3874512e+01
   1.0047183e+07   4.2114258e+01
   1.0050431e+07   3.3752441e+01
   1.0083853e+07   4.1931152e+01
   1.0169327e+07   4.2724609e+01
   1.0215674e+07   3.4423828e+01
   1.0215800e+07   3.3264160e+01
   1.0250409e+07   3.5095215e+01
   1.0282750e+07   3.8085938e+01
   1.0304246e+07   3.3569336e+01
   1.0319025e+07   3.7048340e+01
   1.0419878e+07   3.6621094e+01
   1.0436453e+07   3.2958984e+01
   1.0486235e+07   3.5095215e+01
   1.0530117e+07   3.7780762e+01
   1.0584404e+07   3.4240723e+01
   1.0633889e+07   3.6621094e+01
   1.0656582e+07   3.4118652e+01
   1.0704062e+07   3.6804199e+01
   1.0723416e+07   3.7658691e+01
   1.0724098e+07   3.4729004e+01
   1.0780532e+07   3.4545898e+01
   1.0905310e+07   3.6682129e+01
   1.0905987e+07   3.4423828e+01
   1.1075602e+07   3.6560059e+01
   1.1083834e+07   3.3874512e+01
   1.1092020e+07   3.3752441e+01
   1.1103746e+07   3.7841797e+01
   1.1142985e+07   3.5705566e+01
   1.1191595e+07   3.6193848e+01
   1.1192191e+07   3.3020020e+01
   1.1214340e+07   3.3813477e+01
   1.1255616e+07   4.1442871e+01
   1.1294743e+07   3.7231445e+01
   1.1294863e+07   3.3081055e+01
   1.1309541e+07   3.3325195e+01
   1.1338647e+07   3.9672852e+01
   1.1372144e+07   3.4240723e+01
   1.1425396e+07   3.4423828e+01
   1.1503601e+07   3.4301758e+01
   1.1570851e+07   3.4606934e+01
   1.1574582e+07   3.5217285e+01
   1.1658922e+07   3.3203125e+01
   1.1680047e+07   3.8330078e+01
   1.1687376e+07   3.7414551e+01
   1.1693013e+07   3.5644531e+01
   1.1729392e+07   3.5278320e+01
   1.1737919e+07   3.8635254e+01
   1.1744197e+07   3.4484863e+01
   1.1903822e+07   3.3874512e+01
   1.1947297e+07   3.2897949e+01
