   1.1996000e+07   0.0000000e+00
   9.9043700e+05   4.1564941e+01
   9.9055000e+05   3.6315918e+01
   9.9071300e+05   3.8696289e+01
   1.0550230e+06   3.6560059e+01
   3.2854380e+06   3.6315918e+01
   3.4604600e+06   3.9184570e+01
   3.5877280e+06   3.9611816e+01
   3.7313530e+06   3.6499023e+01
   3.8293730e+06   4.2175293e+01
   3.8817590e+06   3.6315918e+01
   4.6125840e+06   4.3029785e+01
   4.7081720e+06   3.6315918e+01
   4.7363040e+06   3.7475586e+01
   7.5466770e+06   3.6437988e+01
   9.7438230e+06   3.8513184e+01
