   1.1996000e+07   0.0000000e+00
   4.6890000e+03   4.5227051e+01
   6.9840000e+03   4.6325684e+01
   9.7510000e+03   3.8391113e+01
   2.2749000e+04   4.4433594e+01
   3.0862000e+04   4.1931152e+01
   3.0992000e+04   3.9428711e+01
   3.1066000e+04   3.8146973e+01
   3.6379000e+04   4.2114258e+01
   4.5311000e+04   3.7048340e+01
   6.7139000e+04   4.2480469e+01
   6.9418000e+04   3.8696289e+01
   6.9772000e+04   5.1635742e+01
   7.0001000e+04   3.8574219e+01
   8.7244000e+04   4.7851563e+01
   1.0491900e+05   3.7353516e+01
   1.0560400e+05   4.6447754e+01
   1.1511700e+05   4.0283203e+01
   1.1570000e+05   5.1879883e+01
   1.5154700e+05   5.0659180e+01
   1.6553900e+05   4.5410156e+01
   1.7201200e+05   3.8879395e+01
   1.7236200e+05   4.1320801e+01
   1.8688500e+05   3.9245605e+01
   2.0055500e+05   4.8339844e+01
   2.0072900e+05   4.3151855e+01
   2.0077800e+05   4.3090820e+01
   2.0085700e+05   4.1931152e+01
   2.0101400e+05   4.5349121e+01
   2.3891300e+05   4.0710449e+01
   2.4742100e+05   4.2907715e+01
   2.4747200e+05   3.7658691e+01
   2.4797500e+05   4.5593262e+01
   2.7351500e+05   4.0771484e+01
   3.0556500e+05   4.2785645e+01
   3.3369400e+05   4.0344238e+01
   3.3385300e+05   4.4433594e+01
   3.4692100e+05   4.5654297e+01
   3.5775800e+05   4.4860840e+01
   3.7357500e+05   3.9428711e+01
   3.7366500e+05   3.9245605e+01
   4.1365500e+05   3.7109375e+01
   4.1397300e+05   4.5654297e+01
   4.1448100e+05   4.2602539e+01
   4.1536300e+05   3.9001465e+01
   4.1544000e+05   3.9611816e+01
   4.4509500e+05   4.4555664e+01
   4.5715400e+05   3.7963867e+01
   4.6373600e+05   4.8034668e+01
   4.6925800e+05   4.5654297e+01
   4.7086300e+05   5.0598145e+01
   4.7336500e+05   3.7536621e+01
   4.7671600e+05   4.6875000e+01
   4.9473300e+05   3.9428711e+01
   4.9541700e+05   3.7719727e+01
   4.9697700e+05   4.5349121e+01
   4.9753100e+05   4.5410156e+01
   4.9764300e+05   3.7597656e+01
   4.9782100e+05   4.6936035e+01
   5.2757600e+05   4.4006348e+01
   5.3400400e+05   3.8940430e+01
   5.3933100e+05   4.7485352e+01
   5.3953700e+05   3.7780762e+01
   5.3987700e+05   4.7180176e+01
   5.4006100e+05   4.2846680e+01
   5.4024100e+05   4.3823242e+01
   5.4675900e+05   3.7658691e+01
   5.4728200e+05   4.1687012e+01
   5.4755000e+05   4.2175293e+01
   5.4856100e+05   4.5959473e+01
   5.4865400e+05   3.9062500e+01
   5.4868600e+05   4.0100098e+01
   5.4907700e+05   4.8706055e+01
   5.5189100e+05   4.4738770e+01
   5.7089100e+05   3.9489746e+01
   5.7168300e+05   3.9062500e+01
   5.7548600e+05   3.9123535e+01
   6.0046000e+05   4.0527344e+01
   6.0085200e+05   4.4799805e+01
   6.0107900e+05   4.7485352e+01
   6.0212100e+05   4.6325684e+01
   6.2092100e+05   4.6447754e+01
   6.3184800e+05   4.5471191e+01
   6.3205500e+05   4.3762207e+01
   6.3826500e+05   4.4372559e+01
   6.6271500e+05   4.2358398e+01
   6.8102100e+05   3.7109375e+01
   6.8118200e+05   3.9428711e+01
   6.8121000e+05   3.8330078e+01
   6.8129000e+05   4.0222168e+01
   6.8134300e+05   3.8146973e+01
   6.8139900e+05   4.1687012e+01
   6.8153700e+05   4.7058105e+01
   6.8160900e+05   4.8645020e+01
   6.8550200e+05   4.4860840e+01
   6.8564000e+05   4.5104980e+01
   6.8575800e+05   4.1259766e+01
   6.8579700e+05   5.0170898e+01
   6.8636600e+05   5.1513672e+01
   6.9620300e+05   4.1992188e+01
   6.9774200e+05   4.1687012e+01
   7.1487200e+05   4.9987793e+01
   7.2432500e+05   3.9306641e+01
   7.3494900e+05   4.1809082e+01
   7.3498400e+05   3.7231445e+01
   7.3509500e+05   4.0222168e+01
   7.3519300e+05   4.0527344e+01
   7.3533200e+05   4.9743652e+01
   7.3546300e+05   3.7109375e+01
   7.3557700e+05   5.2429199e+01
   7.3562900e+05   4.3395996e+01
   7.3569000e+05   3.9855957e+01
   7.6047500e+05   3.8574219e+01
   7.7755200e+05   4.0466309e+01
   7.7834700e+05   4.4372559e+01
   7.8528100e+05   4.6386719e+01
   7.9380000e+05   3.7353516e+01
   7.9941000e+05   4.3273926e+01
   8.0657600e+05   5.3222656e+01
   8.0670600e+05   4.2419434e+01
   8.0717300e+05   4.6081543e+01
   8.0730200e+05   3.7475586e+01
   8.0932200e+05   3.9978027e+01
   8.1339800e+05   4.3579102e+01
   8.1458200e+05   4.8828125e+01
   8.1710700e+05   4.3212891e+01
   8.2033100e+05   4.6569824e+01
   8.2052300e+05   4.7912598e+01
   8.2064200e+05   4.8828125e+01
   8.2146000e+05   3.7048340e+01
   8.2892600e+05   4.4677734e+01
   8.3278700e+05   5.0415039e+01
   8.3354000e+05   4.1625977e+01
   8.3426100e+05   3.9916992e+01
   8.3433800e+05   4.1137695e+01
   8.3451500e+05   4.6020508e+01
   8.4970100e+05   3.9001465e+01
   8.8029600e+05   5.5175781e+01
   8.8089500e+05   4.0649414e+01
   8.8094500e+05   4.2724609e+01
   8.8097900e+05   4.6203613e+01
   8.8101100e+05   3.8574219e+01
   8.8105900e+05   3.8330078e+01
   8.8109600e+05   3.9001465e+01
   8.8144200e+05   4.1992188e+01
   8.8147600e+05   3.9489746e+01
   8.8172900e+05   4.2907715e+01
   8.8306000e+05   3.8818359e+01
   8.8322600e+05   4.1198730e+01
   8.8477600e+05   3.7231445e+01
   9.2981900e+05   3.7719727e+01
   9.3006400e+05   4.3701172e+01
   9.3044200e+05   3.7536621e+01
   9.3058400e+05   4.1564941e+01
   9.3080800e+05   4.1259766e+01
   9.3119400e+05   3.8757324e+01
   9.3127700e+05   4.1809082e+01
   9.3231700e+05   3.7536621e+01
   9.4982700e+05   4.3762207e+01
   9.5465200e+05   4.4860840e+01
   9.5536100e+05   4.7668457e+01
   9.5555500e+05   4.4555664e+01
   9.5567400e+05   4.1015625e+01
   9.5586200e+05   3.7109375e+01
   9.5601900e+05   3.7353516e+01
   9.5629800e+05   4.6447754e+01
   9.5640700e+05   3.9001465e+01
   9.5762400e+05   4.2663574e+01
   9.6063500e+05   3.8391113e+01
   9.8168200e+05   3.9978027e+01
   9.9018600e+05   3.8391113e+01
   9.9027800e+05   3.8635254e+01
   9.9036800e+05   3.7231445e+01
   9.9052800e+05   4.0344238e+01
   9.9064500e+05   4.0405273e+01
   9.9080100e+05   6.0974121e+01
   9.9148600e+05   3.8635254e+01
   9.9214400e+05   3.9978027e+01
   9.9221700e+05   4.0649414e+01
   9.9289000e+05   3.9367676e+01
   1.0351310e+06   4.4982910e+01
   1.0364810e+06   4.8339844e+01
   1.0419660e+06   4.1259766e+01
   1.0432250e+06   4.3151855e+01
   1.0450140e+06   4.4067383e+01
   1.0512300e+06   4.1259766e+01
   1.0545380e+06   5.2368164e+01
   1.0546070e+06   4.0954590e+01
   1.0547230e+06   3.7719727e+01
   1.0549040e+06   3.8452148e+01
   1.0583320e+06   4.3151855e+01
   1.0966420e+06   4.1015625e+01
   1.1071020e+06   5.0842285e+01
   1.1072480e+06   3.9062500e+01
   1.1073310e+06   3.9428711e+01
   1.1075270e+06   4.5898438e+01
   1.1075970e+06   4.1381836e+01
   1.1081120e+06   4.0344238e+01
   1.1084200e+06   3.9794922e+01
   1.1084650e+06   4.3090820e+01
   1.1160180e+06   3.7902832e+01
   1.1182360e+06   4.7729492e+01
   1.1335260e+06   3.8391113e+01
   1.1357980e+06   4.4433594e+01
   1.1425230e+06   3.8146973e+01
   1.1468200e+06   4.6691895e+01
   1.1470380e+06   4.2480469e+01
   1.1471420e+06   4.3273926e+01
   1.1478160e+06   4.2358398e+01
   1.1484910e+06   3.8269043e+01
   1.1564090e+06   3.9794922e+01
   1.1648680e+06   4.6386719e+01
   1.1676400e+06   4.8828125e+01
   1.1714040e+06   4.8400879e+01
   1.1753280e+06   5.1086426e+01
   1.1903870e+06   3.9245605e+01
   1.1911150e+06   4.0283203e+01
   1.2154930e+06   4.5959473e+01
   1.2168130e+06   4.1015625e+01
   1.2233220e+06   5.0292969e+01
   1.2236200e+06   4.7912598e+01
   1.2237790e+06   3.8513184e+01
   1.2275470e+06   4.2846680e+01
   1.2277330e+06   4.1931152e+01
   1.2282200e+06   4.5166016e+01
   1.2284890e+06   4.0893555e+01
   1.2314270e+06   4.1198730e+01
   1.2364870e+06   4.4494629e+01
   1.2366480e+06   3.8269043e+01
   1.2422070e+06   4.4616699e+01
   1.2424040e+06   3.7231445e+01
   1.2424780e+06   4.5471191e+01
   1.2429570e+06   4.6020508e+01
   1.2430370e+06   5.1696777e+01
   1.2431650e+06   3.8513184e+01
   1.2502510e+06   3.8146973e+01
   1.2543890e+06   4.5166016e+01
   1.2545570e+06   3.7963867e+01
   1.2651160e+06   5.0231934e+01
   1.2709020e+06   5.3710938e+01
   1.2737930e+06   3.7292480e+01
   1.2781160e+06   4.1442871e+01
   1.2811630e+06   3.9184570e+01
   1.2823740e+06   4.1748047e+01
   1.2871610e+06   4.8461914e+01
   1.2972420e+06   4.1748047e+01
   1.3006230e+06   5.0659180e+01
   1.3008850e+06   3.8696289e+01
   1.3037940e+06   3.9550781e+01
   1.3041150e+06   4.5593262e+01
   1.3042820e+06   3.9123535e+01
   1.3086480e+06   4.5898438e+01
   1.3089570e+06   4.3029785e+01
   1.3090030e+06   3.8574219e+01
   1.3179230e+06   4.5166016e+01
   1.3244930e+06   4.2907715e+01
   1.3579290e+06   4.3945313e+01
   1.3744360e+06   4.3945313e+01
   1.3770990e+06   3.8024902e+01
   1.3840320e+06   4.0405273e+01
   1.3843930e+06   4.1076660e+01
   1.3960840e+06   3.7536621e+01
   1.3964480e+06   3.9550781e+01
   1.3965190e+06   5.1940918e+01
   1.4063010e+06   4.8095703e+01
   1.4067590e+06   3.9428711e+01
   1.4115750e+06   4.4311523e+01
   1.4122960e+06   4.0649414e+01
   1.4182040e+06   3.8391113e+01
   1.4226190e+06   5.7983398e+01
   1.4289660e+06   4.0039063e+01
   1.4292530e+06   4.2297363e+01
   1.4328330e+06   4.5471191e+01
   1.4389230e+06   4.0710449e+01
   1.4391050e+06   4.2846680e+01
   1.4393270e+06   3.7414551e+01
   1.4495490e+06   4.4067383e+01
   1.4533380e+06   3.9123535e+01
   1.4550860e+06   4.3884277e+01
   1.4554760e+06   4.7241211e+01
   1.4566560e+06   4.9133301e+01
   1.4569710e+06   3.8330078e+01
   1.4885160e+06   3.9855957e+01
   1.4889210e+06   3.7292480e+01
   1.4923710e+06   4.2907715e+01
   1.4927000e+06   3.9489746e+01
   1.4975590e+06   5.1391602e+01
   1.5027840e+06   4.0405273e+01
   1.5031760e+06   3.8391113e+01
   1.5092240e+06   4.9377441e+01
   1.5188890e+06   4.2602539e+01
   1.5221320e+06   3.8024902e+01
   1.5224720e+06   4.8645020e+01
   1.5228100e+06   4.3334961e+01
   1.5228790e+06   3.7231445e+01
   1.5288090e+06   3.8757324e+01
   1.5290680e+06   4.5227051e+01
   1.5378600e+06   3.9978027e+01
   1.5770290e+06   3.7414551e+01
   1.5770810e+06   4.0588379e+01
   1.5902830e+06   4.0100098e+01
   1.6014790e+06   3.7536621e+01
   1.6016440e+06   3.9794922e+01
   1.6117460e+06   4.2785645e+01
   1.6122990e+06   4.3151855e+01
   1.6173160e+06   4.9438477e+01
   1.6287470e+06   4.3090820e+01
   1.6289110e+06   4.2358398e+01
   1.6291530e+06   4.5288086e+01
   1.6307440e+06   3.8391113e+01
   1.6311730e+06   4.0649414e+01
   1.6313220e+06   4.5654297e+01
   1.6603820e+06   4.4677734e+01
   1.6605130e+06   5.2856445e+01
   1.6764710e+06   4.9682617e+01
   1.6767140e+06   4.2602539e+01
   1.6769960e+06   4.6875000e+01
   1.6771010e+06   3.8879395e+01
   1.6831760e+06   3.8330078e+01
   1.6834540e+06   3.7658691e+01
   1.6835140e+06   3.9245605e+01
   1.6923920e+06   4.8217773e+01
   1.6930570e+06   4.6386719e+01
   1.7018080e+06   3.9245605e+01
   1.7082970e+06   4.6875000e+01
   1.7085760e+06   3.7902832e+01
   1.7086450e+06   3.9550781e+01
   1.7131060e+06   4.0039063e+01
   1.7132970e+06   4.6936035e+01
   1.7194680e+06   3.9672852e+01
   1.7197620e+06   3.8513184e+01
   1.7198400e+06   4.7973633e+01
   1.7202270e+06   4.4128418e+01
   1.7252960e+06   5.4199219e+01
   1.7471910e+06   4.0771484e+01
   1.7561510e+06   3.7719727e+01
   1.7566050e+06   4.2663574e+01
   1.7617020e+06   4.6264648e+01
   1.7667590e+06   4.2541504e+01
   1.7733470e+06   4.1625977e+01
   1.7751280e+06   4.6264648e+01
   1.7846070e+06   4.4738770e+01
   1.7847860e+06   3.9367676e+01
   1.7850450e+06   4.0649414e+01
   1.7920060e+06   3.8940430e+01
   1.7961660e+06   5.0170898e+01
   1.7965010e+06   3.7536621e+01
   1.7966140e+06   4.7851563e+01
   1.7974240e+06   3.9978027e+01
   1.7975630e+06   4.5410156e+01
   1.7976900e+06   4.4006348e+01
   1.8184840e+06   4.3579102e+01
   1.8277670e+06   4.5715332e+01
   1.8305660e+06   5.0231934e+01
   1.8552620e+06   4.4677734e+01
   1.8558550e+06   4.0222168e+01
   1.8562650e+06   4.9316406e+01
   1.8884010e+06   4.4555664e+01
   1.8917280e+06   3.9123535e+01
   1.8918880e+06   3.9611816e+01
   1.8921240e+06   3.7902832e+01
   1.9101050e+06   3.7109375e+01
   1.9365670e+06   4.5104980e+01
   1.9391730e+06   4.5959473e+01
   1.9444370e+06   5.3894043e+01
   1.9623680e+06   3.8818359e+01
   1.9699650e+06   4.0161133e+01
   1.9790810e+06   3.8940430e+01
   1.9901070e+06   4.1870117e+01
   1.9940170e+06   4.4616699e+01
   2.0026470e+06   4.3273926e+01
   2.0058570e+06   3.7353516e+01
   2.0430310e+06   3.7170410e+01
   2.0486370e+06   4.5654297e+01
   2.0486820e+06   4.4738770e+01
   2.0487410e+06   4.1564941e+01
   2.0683660e+06   4.1809082e+01
   2.0806790e+06   4.1015625e+01
   2.0944670e+06   4.5043945e+01
   2.1021800e+06   4.1625977e+01
   2.1047920e+06   3.9001465e+01
   2.1088500e+06   4.1809082e+01
   2.1173740e+06   3.7536621e+01
   2.1353760e+06   4.3029785e+01
   2.1509140e+06   5.0903320e+01
   2.1658470e+06   4.5532227e+01
   2.1793460e+06   4.0283203e+01
   2.1803570e+06   4.4921875e+01
   2.1808360e+06   5.4138184e+01
   2.2134410e+06   4.6508789e+01
   2.2223040e+06   3.9245605e+01
   2.2225100e+06   3.7170410e+01
   2.2235540e+06   4.3945313e+01
   2.2236190e+06   4.4982910e+01
   2.2237450e+06   3.8208008e+01
   2.2240120e+06   3.8024902e+01
   2.2541310e+06   5.2246094e+01
   2.2742490e+06   4.4616699e+01
   2.2761810e+06   3.9672852e+01
   2.3013790e+06   4.3762207e+01
   2.3528690e+06   4.0649414e+01
   2.3529770e+06   3.7902832e+01
   2.3716570e+06   4.5288086e+01
   2.3717800e+06   3.8330078e+01
   2.4080850e+06   3.8513184e+01
   2.4086230e+06   3.7780762e+01
   2.4095020e+06   4.9743652e+01
   2.4096000e+06   4.0466309e+01
   2.4099520e+06   3.8269043e+01
   2.4380990e+06   3.8513184e+01
   2.4568790e+06   3.7597656e+01
   2.4570830e+06   4.0771484e+01
   2.4641160e+06   4.3579102e+01
   2.4665040e+06   3.9855957e+01
   2.4667070e+06   4.5410156e+01
   2.4995820e+06   3.9123535e+01
   2.5113680e+06   3.7109375e+01
   2.5114680e+06   4.2419434e+01
   2.5115680e+06   4.6081543e+01
   2.5602600e+06   3.9306641e+01
   2.5817210e+06   4.2114258e+01
   2.5871880e+06   4.4372559e+01
   2.5876570e+06   4.5715332e+01
   2.5881380e+06   4.2724609e+01
   2.6096290e+06   4.4372559e+01
   2.6324390e+06   3.9611816e+01
   2.6325110e+06   4.4494629e+01
   2.6422510e+06   4.6691895e+01
   2.6497930e+06   3.7658691e+01
   2.6499450e+06   4.9926758e+01
   2.6502870e+06   4.0893555e+01
   2.6765050e+06   3.7658691e+01
   2.7208590e+06   4.7973633e+01
   2.7210590e+06   3.8024902e+01
   2.7212560e+06   4.2114258e+01
   2.7390040e+06   4.0710449e+01
   2.7574160e+06   4.4006348e+01
   2.7775030e+06   4.5288086e+01
   2.7777020e+06   4.8828125e+01
   2.7780870e+06   4.1137695e+01
   2.8244610e+06   4.5776367e+01
   2.8395300e+06   3.8513184e+01
   2.8397230e+06   3.9550781e+01
   2.8398050e+06   3.9916992e+01
   2.8623640e+06   5.2307129e+01
   2.8877690e+06   4.0527344e+01
   2.9015630e+06   3.9489746e+01
   2.9068740e+06   5.5969238e+01
   2.9280090e+06   4.9987793e+01
   2.9430930e+06   3.7231445e+01
   2.9476260e+06   3.7292480e+01
   2.9479460e+06   4.0649414e+01
   2.9485000e+06   4.2175293e+01
   2.9614460e+06   4.4738770e+01
   2.9621640e+06   3.7841797e+01
   2.9751730e+06   4.7729492e+01
   2.9753140e+06   3.9062500e+01
   3.0804330e+06   4.8400879e+01
   3.0841810e+06   4.1381836e+01
   3.0843000e+06   3.8024902e+01
   3.0845810e+06   4.5532227e+01
   3.0860080e+06   3.7841797e+01
   3.0861430e+06   3.7414551e+01
   3.0866100e+06   4.0710449e+01
   3.1487510e+06   4.3884277e+01
   3.1494190e+06   4.0771484e+01
   3.1591200e+06   3.8330078e+01
   3.1594200e+06   3.7902832e+01
   3.1602450e+06   3.7414551e+01
   3.1605990e+06   3.7109375e+01
   3.1607050e+06   3.7048340e+01
   3.1608840e+06   5.1147461e+01
   3.1610100e+06   3.7597656e+01
   3.1870860e+06   4.3457031e+01
   3.1923250e+06   4.1381836e+01
   3.1984260e+06   3.9062500e+01
   3.1995310e+06   3.8696289e+01
   3.2003770e+06   4.0588379e+01
   3.2004550e+06   4.5043945e+01
   3.2005370e+06   4.6081543e+01
   3.2441180e+06   4.2724609e+01
   3.2442990e+06   3.9123535e+01
   3.2447110e+06   4.0344238e+01
   3.2449160e+06   3.9916992e+01
   3.2838460e+06   5.1574707e+01
   3.2844480e+06   3.7231445e+01
   3.2850720e+06   5.2429199e+01
   3.2851820e+06   4.7180176e+01
   3.2852540e+06   4.2602539e+01
   3.2854590e+06   3.8208008e+01
   3.3124920e+06   4.1748047e+01
   3.3253380e+06   4.3212891e+01
   3.3256430e+06   4.7058105e+01
   3.3258900e+06   4.3151855e+01
   3.3296860e+06   4.8095703e+01
   3.3392530e+06   5.0109863e+01
   3.3630110e+06   5.0781250e+01
   3.3647470e+06   5.7495117e+01
   3.3655310e+06   3.9978027e+01
   3.3733740e+06   3.8818359e+01
   3.3735320e+06   4.0039063e+01
   3.3738490e+06   4.2968750e+01
   3.3739070e+06   4.2053223e+01
   3.3820330e+06   4.8095703e+01
   3.3821060e+06   3.8757324e+01
   3.3821790e+06   3.8696289e+01
   3.3822180e+06   3.9611816e+01
   3.3822970e+06   3.7719727e+01
   3.3823690e+06   4.2236328e+01
   3.4141820e+06   4.5654297e+01
   3.4144870e+06   4.1564941e+01
   3.4148920e+06   4.0588379e+01
   3.4150560e+06   3.9123535e+01
   3.4355670e+06   4.1931152e+01
   3.4497640e+06   4.4921875e+01
   3.4505470e+06   3.8818359e+01
   3.4600310e+06   3.8879395e+01
   3.4601420e+06   4.1137695e+01
   3.4601690e+06   3.8818359e+01
   3.4602980e+06   3.7048340e+01
   3.4604420e+06   4.0222168e+01
   3.4604810e+06   3.9001465e+01
   3.4605430e+06   4.2724609e+01
   3.4609400e+06   4.0283203e+01
   3.4618620e+06   3.7170410e+01
   3.4626150e+06   4.0161133e+01
   3.5058160e+06   4.2297363e+01
   3.5068660e+06   3.9978027e+01
   3.5070060e+06   4.0100098e+01
   3.5073480e+06   3.9550781e+01
   3.5077950e+06   4.0344238e+01
   3.5080410e+06   4.2175293e+01
   3.5143890e+06   4.1137695e+01
   3.5163360e+06   4.4616699e+01
   3.5176900e+06   5.0231934e+01
   3.5177980e+06   4.0466309e+01
   3.5178440e+06   3.9916992e+01
   3.5179290e+06   3.7414551e+01
   3.5180130e+06   3.7963867e+01
   3.5181540e+06   3.8391113e+01
   3.5181890e+06   4.0710449e+01
   3.5182630e+06   5.0720215e+01
   3.5185370e+06   4.8767090e+01
   3.5187250e+06   4.6752930e+01
   3.5197060e+06   4.3640137e+01
   3.5209840e+06   4.1931152e+01
   3.5403450e+06   4.2175293e+01
   3.5403650e+06   4.0771484e+01
   3.5404190e+06   3.8330078e+01
   3.5404660e+06   3.8818359e+01
   3.5407070e+06   4.0832520e+01
   3.5407720e+06   3.7292480e+01
   3.5408650e+06   3.8574219e+01
   3.5410650e+06   3.8696289e+01
   3.5414920e+06   3.9245605e+01
   3.5416830e+06   4.2175293e+01
   3.5421570e+06   3.9489746e+01
   3.5422610e+06   3.7719727e+01
   3.5639710e+06   4.3273926e+01
   3.5644010e+06   4.0283203e+01
   3.5644350e+06   3.9306641e+01
   3.5644760e+06   4.9133301e+01
   3.5645280e+06   3.8085938e+01
   3.5648070e+06   4.4250488e+01
   3.5650030e+06   3.8696289e+01
   3.5650750e+06   3.7597656e+01
   3.5881460e+06   4.3945313e+01
   3.5882320e+06   3.7170410e+01
   3.5884180e+06   3.7475586e+01
   3.6045050e+06   3.8452148e+01
   3.6045570e+06   4.2419434e+01
   3.6047000e+06   4.8339844e+01
   3.6048130e+06   3.7231445e+01
   3.6048460e+06   3.9550781e+01
   3.6063290e+06   3.9306641e+01
   3.6391800e+06   4.6142578e+01
   3.6416860e+06   4.4067383e+01
   3.6417340e+06   3.9550781e+01
   3.6418640e+06   4.2358398e+01
   3.6418900e+06   3.8757324e+01
   3.6419290e+06   5.1635742e+01
   3.6419870e+06   4.9499512e+01
   3.6420670e+06   4.2236328e+01
   3.6423020e+06   4.2419434e+01
   3.6423820e+06   4.6936035e+01
   3.6445090e+06   4.0039063e+01
   3.6451080e+06   3.9916992e+01
   3.6715390e+06   4.1809082e+01
   3.6718700e+06   4.1259766e+01
   3.6723580e+06   3.9611816e+01
   3.6969550e+06   4.0649414e+01
   3.6970030e+06   4.2175293e+01
   3.6972340e+06   3.9855957e+01
   3.6974590e+06   4.2785645e+01
   3.6975660e+06   3.7719727e+01
   3.6991970e+06   3.9123535e+01
   3.6995210e+06   4.1076660e+01
   3.7306130e+06   3.8574219e+01
   3.7306690e+06   4.0161133e+01
   3.7307780e+06   3.7658691e+01
   3.7308170e+06   3.8879395e+01
   3.7309410e+06   3.9794922e+01
   3.7312150e+06   3.9978027e+01
   3.7312800e+06   4.4799805e+01
   3.7312980e+06   4.5471191e+01
   3.7313680e+06   3.9123535e+01
   3.7325950e+06   4.0100098e+01
   3.7328100e+06   4.2175293e+01
   3.7661920e+06   4.0954590e+01
   3.7741200e+06   4.3457031e+01
   3.7756930e+06   4.2663574e+01
   3.7757330e+06   4.6447754e+01
   3.7758100e+06   3.7902832e+01
   3.7759200e+06   4.0039063e+01
   3.7760930e+06   3.8513184e+01
   3.7765790e+06   4.2968750e+01
   3.7766950e+06   3.7475586e+01
   3.7772140e+06   3.7414551e+01
   3.7775950e+06   3.8757324e+01
   3.7778090e+06   3.9855957e+01
   3.7780590e+06   3.8146973e+01
   3.7795900e+06   3.8208008e+01
   3.8161560e+06   3.8635254e+01
   3.8291430e+06   4.5349121e+01
   3.8291710e+06   5.0109863e+01
   3.8292980e+06   3.7963867e+01
   3.8293770e+06   4.1198730e+01
   3.8294160e+06   3.8085938e+01
   3.8294790e+06   4.6081543e+01
   3.8295440e+06   5.0415039e+01
   3.8297320e+06   5.0292969e+01
   3.8472740e+06   3.8940430e+01
   3.8588740e+06   4.2297363e+01
   3.8671700e+06   3.8879395e+01
   3.8701790e+06   3.7841797e+01
   3.8798150e+06   4.9072266e+01
   3.8814470e+06   3.8330078e+01
   3.8815310e+06   4.1748047e+01
   3.8815830e+06   4.1198730e+01
   3.8816380e+06   3.7536621e+01
   3.8816880e+06   3.7719727e+01
   3.8817350e+06   3.7414551e+01
   3.8818110e+06   5.2307129e+01
   3.8819840e+06   3.7475586e+01
   3.8823420e+06   3.7963867e+01
   3.9146470e+06   3.8330078e+01
   3.9183380e+06   4.1992188e+01
   3.9227540e+06   5.1879883e+01
   3.9262060e+06   3.7414551e+01
   3.9290410e+06   4.3945313e+01
   3.9434290e+06   3.9245605e+01
   3.9523270e+06   4.4738770e+01
   3.9704660e+06   3.8635254e+01
   3.9752730e+06   3.8940430e+01
   3.9756770e+06   5.9448242e+01
   3.9804390e+06   4.2907715e+01
   3.9806920e+06   4.4555664e+01
   3.9810560e+06   4.3457031e+01
   3.9843490e+06   3.9611816e+01
   3.9847500e+06   3.8452148e+01
   4.0178860e+06   4.0222168e+01
   4.0248940e+06   4.0588379e+01
   4.0339230e+06   3.8635254e+01
   4.0340640e+06   3.7109375e+01
   4.0344240e+06   3.7170410e+01
   4.0384390e+06   3.8024902e+01
   4.0526710e+06   3.8818359e+01
   4.0702270e+06   4.1687012e+01
   4.0704230e+06   3.8452148e+01
   4.0706290e+06   3.8330078e+01
   4.0766590e+06   4.5227051e+01
   4.0854030e+06   4.3518066e+01
   4.0899730e+06   5.4565430e+01
   4.0954950e+06   3.9550781e+01
   4.0957290e+06   4.0649414e+01
   4.0957870e+06   4.5288086e+01
   4.1091950e+06   3.7963867e+01
   4.1163680e+06   3.8146973e+01
   4.1194830e+06   4.3762207e+01
   4.1523550e+06   3.9306641e+01
   4.1526690e+06   3.9611816e+01
   4.1527320e+06   4.1687012e+01
   4.1529420e+06   4.0771484e+01
   4.1668240e+06   4.3151855e+01
   4.1831080e+06   4.5288086e+01
   4.1834830e+06   4.5471191e+01
   4.1836400e+06   4.1198730e+01
   4.1957470e+06   4.6142578e+01
   4.1960640e+06   4.5837402e+01
   4.1962040e+06   3.7353516e+01
   4.1965140e+06   4.3151855e+01
   4.2045060e+06   4.5410156e+01
   4.2046530e+06   4.3212891e+01
   4.2163900e+06   4.6020508e+01
   4.2168360e+06   4.1076660e+01
   4.2269650e+06   4.5349121e+01
   4.2353650e+06   3.9733887e+01
   4.2458950e+06   3.7353516e+01
   4.2459370e+06   3.8452148e+01
   4.2605790e+06   4.3029785e+01
   4.2637220e+06   3.9916992e+01
   4.2781430e+06   4.3090820e+01
   4.2782180e+06   4.0161133e+01
   4.2784030e+06   3.7719727e+01
   4.2983790e+06   4.6875000e+01
   4.3027870e+06   4.5349121e+01
   4.3119060e+06   4.7973633e+01
   4.3161140e+06   4.6447754e+01
   4.3165360e+06   4.3090820e+01
   4.3222990e+06   4.5959473e+01
   4.3239530e+06   3.8635254e+01
   4.3303980e+06   3.9184570e+01
   4.3554020e+06   3.8574219e+01
   4.3589530e+06   4.5715332e+01
   4.3612410e+06   3.7719727e+01
   4.3618030e+06   4.3762207e+01
   4.3619300e+06   4.3273926e+01
   4.3639740e+06   3.9123535e+01
   4.3645050e+06   4.2114258e+01
   4.3646010e+06   4.0832520e+01
   4.3821500e+06   3.9855957e+01
   4.3855670e+06   3.7597656e+01
   4.3944350e+06   3.7902832e+01
   4.3946400e+06   4.4311523e+01
   4.3948320e+06   3.7719727e+01
   4.3952380e+06   4.4921875e+01
   4.4126190e+06   4.3762207e+01
   4.4191200e+06   4.2114258e+01
   4.4229570e+06   3.9672852e+01
   4.4273830e+06   4.2175293e+01
   4.4294440e+06   5.4443359e+01
   4.4333000e+06   4.5410156e+01
   4.4420160e+06   3.9367676e+01
   4.4466220e+06   3.7231445e+01
   4.4466880e+06   3.8513184e+01
   4.4531810e+06   4.4006348e+01
   4.4553210e+06   4.4799805e+01
   4.4558270e+06   3.7048340e+01
   4.4560130e+06   4.5104980e+01
   4.4654990e+06   3.8146973e+01
   4.4725160e+06   3.9672852e+01
   4.4729480e+06   4.3518066e+01
   4.4730150e+06   4.1198730e+01
   4.4773140e+06   4.2297363e+01
   4.4775240e+06   4.0344238e+01
   4.4777660e+06   4.5898438e+01
   4.4845400e+06   3.8696289e+01
   4.4918500e+06   3.9855957e+01
   4.5025130e+06   5.1513672e+01
   4.5075020e+06   3.9062500e+01
   4.5079580e+06   3.9184570e+01
   4.5126090e+06   4.4311523e+01
   4.5186640e+06   4.0710449e+01
   4.5250520e+06   4.4860840e+01
   4.5255140e+06   3.9978027e+01
   4.5257170e+06   4.1137695e+01
   4.5267740e+06   4.3945313e+01
   4.5268630e+06   4.4860840e+01
   4.5349150e+06   4.9987793e+01
   4.5351090e+06   3.8879395e+01
   4.5357780e+06   4.1015625e+01
   4.5358800e+06   3.7109375e+01
   4.5364710e+06   3.8146973e+01
   4.5367460e+06   4.9194336e+01
   4.5674900e+06   3.8635254e+01
   4.5739330e+06   4.5776367e+01
   4.5739490e+06   4.1625977e+01
   4.5742140e+06   3.9794922e+01
   4.5743840e+06   4.1503906e+01
   4.5746060e+06   4.4616699e+01
   4.6055830e+06   4.1503906e+01
   4.6071050e+06   3.9123535e+01
   4.6093480e+06   4.1198730e+01
   4.6124750e+06   4.9926758e+01
   4.6125310e+06   4.8217773e+01
   4.6126590e+06   3.9367676e+01
   4.6128800e+06   4.0466309e+01
   4.6345950e+06   4.8217773e+01
   4.6439580e+06   3.7170410e+01
   4.6440050e+06   3.9855957e+01
   4.6440480e+06   4.1137695e+01
   4.6446920e+06   4.4921875e+01
   4.6447920e+06   4.5043945e+01
   4.6727320e+06   4.0771484e+01
   4.6761370e+06   4.0588379e+01
   4.6762790e+06   4.4433594e+01
   4.6763640e+06   3.8330078e+01
   4.6766300e+06   5.6274414e+01
   4.6975990e+06   3.9672852e+01
   4.7024090e+06   4.3395996e+01
   4.7076620e+06   5.7983398e+01
   4.7078310e+06   4.6447754e+01
   4.7079310e+06   4.3457031e+01
   4.7080480e+06   3.7353516e+01
   4.7081560e+06   4.3457031e+01
   4.7179230e+06   3.9428711e+01
   4.7363360e+06   3.9794922e+01
   4.7366490e+06   3.7048340e+01
   4.7587690e+06   4.3579102e+01
   4.7592560e+06   4.0954590e+01
   4.7592920e+06   3.9001465e+01
   4.7595040e+06   4.0283203e+01
   4.7773740e+06   3.9367676e+01
   4.7781400e+06   4.2663574e+01
   4.7863620e+06   4.2114258e+01
   4.7865560e+06   4.5837402e+01
   4.7866190e+06   4.5288086e+01
   4.7872160e+06   4.7607422e+01
   4.8027550e+06   5.3466797e+01
   4.8068340e+06   4.6875000e+01
   4.8069650e+06   4.7546387e+01
   4.8156810e+06   3.8574219e+01
   4.8163250e+06   3.8452148e+01
   4.8165980e+06   3.8208008e+01
   4.8167350e+06   3.7475586e+01
   4.8170340e+06   3.8391113e+01
   4.8312570e+06   4.0100098e+01
   4.8316430e+06   4.2602539e+01
   4.8318080e+06   4.3273926e+01
   4.8322570e+06   4.4616699e+01
   4.8433520e+06   4.5837402e+01
   4.8452220e+06   4.1870117e+01
   4.8664770e+06   4.6142578e+01
   4.8678030e+06   4.1198730e+01
   4.8693800e+06   4.6508789e+01
   4.8705260e+06   4.5227051e+01
   4.8754980e+06   4.5410156e+01
   4.8806600e+06   3.8024902e+01
   4.8907600e+06   3.7170410e+01
   4.9001260e+06   4.7485352e+01
   4.9002470e+06   4.0283203e+01
   4.9003510e+06   4.0710449e+01
   4.9011540e+06   4.0344238e+01
   4.9015270e+06   4.6142578e+01
   4.9333780e+06   4.1931152e+01
   4.9340090e+06   4.2602539e+01
   4.9742930e+06   4.0710449e+01
   4.9817540e+06   4.7607422e+01
   4.9839280e+06   3.8818359e+01
   4.9840190e+06   4.3701172e+01
   4.9841200e+06   4.2602539e+01
   4.9843280e+06   3.7475586e+01
   5.1025390e+06   3.8574219e+01
   5.1202520e+06   3.8818359e+01
   5.1204120e+06   3.9489746e+01
   5.1214180e+06   3.8696289e+01
   5.1610190e+06   3.7719727e+01
   5.1642430e+06   4.6325684e+01
   5.1661250e+06   4.1198730e+01
   5.1662800e+06   4.2358398e+01
   5.1664240e+06   4.3945313e+01
   5.1667140e+06   4.1687012e+01
   5.2295290e+06   3.8696289e+01
   5.2596440e+06   4.6569824e+01
   5.2644910e+06   4.5654297e+01
   5.3038230e+06   3.7536621e+01
   5.3256910e+06   4.0893555e+01
   5.3257720e+06   3.9245605e+01
   5.3262700e+06   5.0476074e+01
   5.3269590e+06   4.2419434e+01
   5.3272440e+06   3.8146973e+01
   5.3296240e+06   4.3701172e+01
   5.3305750e+06   4.8583984e+01
   5.3554630e+06   4.3823242e+01
   5.3608080e+06   4.5837402e+01
   5.3916950e+06   3.7902832e+01
   5.3922800e+06   3.9550781e+01
   5.4040520e+06   4.2968750e+01
   5.4044540e+06   4.8156738e+01
   5.4196560e+06   4.1748047e+01
   5.4232280e+06   4.1381836e+01
   5.4753360e+06   3.8574219e+01
   5.4757600e+06   4.1809082e+01
   5.4759010e+06   5.8593750e+01
   5.4759770e+06   3.9123535e+01
   5.4767010e+06   4.0100098e+01
   5.4769930e+06   5.0048828e+01
   5.4918420e+06   4.8767090e+01
   5.4930570e+06   4.0832520e+01
   5.5176400e+06   4.3151855e+01
   5.5179580e+06   4.2907715e+01
   5.5183810e+06   4.8095703e+01
   5.5184500e+06   4.5227051e+01
   5.5251830e+06   3.7170410e+01
   5.5257800e+06   4.8950195e+01
   5.5261830e+06   4.0710449e+01
   5.5376440e+06   4.3395996e+01
   5.5412390e+06   4.0222168e+01
   5.5413390e+06   4.4982910e+01
   5.5515430e+06   3.7048340e+01
   5.5567290e+06   4.3884277e+01
   5.5613020e+06   5.1330566e+01
   5.5616310e+06   3.8879395e+01
   5.5669780e+06   4.5288086e+01
   5.5673760e+06   4.0100098e+01
   5.5676030e+06   4.2480469e+01
   5.5787430e+06   3.7902832e+01
   5.5793340e+06   4.0771484e+01
   5.5796370e+06   4.6630859e+01
   5.6129750e+06   4.1320801e+01
   5.6240980e+06   4.1259766e+01
   5.6241270e+06   3.7353516e+01
   5.6243140e+06   3.7658691e+01
   5.6252490e+06   4.3029785e+01
   5.6253390e+06   3.7475586e+01
   5.6666900e+06   4.2785645e+01
   5.6669680e+06   4.6447754e+01
   5.6670340e+06   3.7475586e+01
   5.6672390e+06   3.7109375e+01
   5.7013700e+06   3.8818359e+01
   5.7085480e+06   3.8146973e+01
   5.7101370e+06   3.8818359e+01
   5.7400930e+06   3.7719727e+01
   5.7679450e+06   4.1748047e+01
   5.7684090e+06   4.0832520e+01
   5.7776610e+06   3.8696289e+01
   5.7828390e+06   3.7353516e+01
   5.7829130e+06   4.5349121e+01
   5.7837370e+06   4.0466309e+01
   5.7856240e+06   3.9611816e+01
   5.7857530e+06   4.0588379e+01
   5.7993380e+06   3.9489746e+01
   5.7994620e+06   4.5410156e+01
   5.8074370e+06   4.9865723e+01
   5.8243280e+06   4.0283203e+01
   5.8381090e+06   4.0283203e+01
   5.8445900e+06   4.6081543e+01
   5.8450330e+06   4.3579102e+01
   5.8453050e+06   4.1076660e+01
   5.8454060e+06   3.7292480e+01
   5.8454910e+06   4.0100098e+01
   5.8457760e+06   5.0659180e+01
   5.8691990e+06   4.2297363e+01
   5.8772010e+06   3.8024902e+01
   5.8799570e+06   4.2053223e+01
   5.8894750e+06   4.0710449e+01
   5.8918210e+06   3.9672852e+01
   5.8920900e+06   4.2053223e+01
   5.8922160e+06   4.2175293e+01
   5.8922860e+06   4.1137695e+01
   5.8932790e+06   3.9123535e+01
   5.9212680e+06   3.9916992e+01
   5.9462170e+06   3.7963867e+01
   5.9463420e+06   4.5959473e+01
   5.9466580e+06   4.3640137e+01
   5.9467270e+06   3.7597656e+01
   5.9467760e+06   4.5471191e+01
   5.9468320e+06   3.9733887e+01
   5.9468610e+06   3.8208008e+01
   5.9546130e+06   4.8645020e+01
   5.9547150e+06   4.4494629e+01
   5.9556980e+06   3.9672852e+01
   5.9558210e+06   4.5349121e+01
   5.9595990e+06   4.4982910e+01
   5.9600150e+06   4.5166016e+01
   5.9600790e+06   4.4677734e+01
   5.9602120e+06   3.8574219e+01
   5.9832820e+06   3.7963867e+01
   5.9918080e+06   5.0354004e+01
   5.9925500e+06   3.9123535e+01
   5.9930450e+06   4.4982910e+01
   6.0013410e+06   3.9062500e+01
   6.0116910e+06   3.7475586e+01
   6.0353400e+06   3.7170410e+01
   6.0384970e+06   4.1198730e+01
   6.0536230e+06   4.5349121e+01
   6.0538730e+06   4.6752930e+01
   6.0542730e+06   4.8156738e+01
   6.0547230e+06   3.8574219e+01
   6.0548180e+06   3.8269043e+01
   6.0549720e+06   4.9194336e+01
   6.0550420e+06   4.7851563e+01
   6.1219970e+06   4.8645020e+01
   6.1247790e+06   4.5043945e+01
   6.1344140e+06   4.4189453e+01
   6.1410930e+06   4.5959473e+01
   6.1415970e+06   4.4189453e+01
   6.1478860e+06   3.8879395e+01
   6.1479220e+06   4.0283203e+01
   6.1480550e+06   4.4128418e+01
   6.1480800e+06   3.8269043e+01
   6.1481140e+06   3.8452148e+01
   6.1486890e+06   3.7780762e+01
   6.1492720e+06   4.7363281e+01
   6.1501710e+06   3.8085938e+01
   6.1625350e+06   4.4799805e+01
   6.1978880e+06   4.0100098e+01
   6.1979680e+06   3.7902832e+01
   6.1980390e+06   4.1748047e+01
   6.1982320e+06   3.7597656e+01
   6.1982940e+06   3.9794922e+01
   6.1983790e+06   3.7109375e+01
   6.1987420e+06   4.1625977e+01
   6.1988580e+06   3.8391113e+01
   6.1989410e+06   3.8940430e+01
   6.1991100e+06   4.5654297e+01
   6.1997720e+06   3.9489746e+01
   6.2169790e+06   4.1625977e+01
   6.2170960e+06   4.7668457e+01
   6.2176920e+06   4.2968750e+01
   6.2181340e+06   4.7058105e+01
   6.2183570e+06   4.6447754e+01
   6.2188750e+06   4.0710449e+01
   6.2189430e+06   3.9428711e+01
   6.2203030e+06   3.9245605e+01
   6.2212780e+06   4.6447754e+01
   6.2382800e+06   4.1870117e+01
   6.2453940e+06   4.5166016e+01
   6.2460640e+06   5.0231934e+01
   6.2461480e+06   3.8696289e+01
   6.2462740e+06   3.8024902e+01
   6.2463100e+06   3.9245605e+01
   6.2480820e+06   4.0161133e+01
   6.2491860e+06   3.8513184e+01
   6.2493820e+06   4.0161133e+01
   6.2500260e+06   3.8879395e+01
   6.2868070e+06   3.8513184e+01
   6.2870690e+06   3.9489746e+01
   6.2872320e+06   3.9062500e+01
   6.2890980e+06   4.1870117e+01
   6.3037220e+06   4.8095703e+01
   6.3104400e+06   4.4067383e+01
   6.3105060e+06   4.1320801e+01
   6.3105260e+06   4.0771484e+01
   6.3106100e+06   4.0893555e+01
   6.3111150e+06   4.3518066e+01
   6.3128370e+06   3.8696289e+01
   6.3579680e+06   4.1809082e+01
   6.3583480e+06   3.9306641e+01
   6.3584530e+06   4.1809082e+01
   6.3585550e+06   3.8269043e+01
   6.3588210e+06   4.6997070e+01
   6.3589280e+06   4.6386719e+01
   6.3595540e+06   3.7414551e+01
   6.3596160e+06   3.8757324e+01
   6.3597150e+06   3.8452148e+01
   6.3614280e+06   3.7841797e+01
   6.3703040e+06   3.9794922e+01
   6.3921820e+06   3.7902832e+01
   6.3922140e+06   4.3945313e+01
   6.3922500e+06   4.3457031e+01
   6.3923900e+06   3.8513184e+01
   6.3924290e+06   3.9672852e+01
   6.3925110e+06   4.3640137e+01
   6.3926270e+06   4.1442871e+01
   6.3927280e+06   4.4372559e+01
   6.3937060e+06   3.7475586e+01
   6.3946030e+06   4.0771484e+01
   6.4345310e+06   4.0283203e+01
   6.4345910e+06   3.7048340e+01
   6.4348180e+06   3.8696289e+01
   6.4348730e+06   3.9733887e+01
   6.4349410e+06   5.2856445e+01
   6.4349640e+06   4.1748047e+01
   6.4350290e+06   3.7292480e+01
   6.4351220e+06   4.6020508e+01
   6.4351900e+06   4.1137695e+01
   6.4353520e+06   3.7170410e+01
   6.4365000e+06   4.3151855e+01
   6.4890400e+06   3.8513184e+01
   6.4890690e+06   4.1137695e+01
   6.4892550e+06   3.7292480e+01
   6.4894060e+06   3.9123535e+01
   6.4895540e+06   3.7719727e+01
   6.5358540e+06   4.0161133e+01
   6.5360970e+06   3.9611816e+01
   6.5366100e+06   3.8330078e+01
   6.5367090e+06   4.6813965e+01
   6.5369020e+06   3.8146973e+01
   6.5369210e+06   3.8085938e+01
   6.5369930e+06   3.9428711e+01
   6.5372380e+06   4.1564941e+01
   6.5377620e+06   4.1748047e+01
   6.5381940e+06   4.3884277e+01
   6.5385250e+06   3.8024902e+01
   6.5651710e+06   4.2724609e+01
   6.5873570e+06   4.5776367e+01
   6.5875570e+06   3.8757324e+01
   6.5875760e+06   3.9978027e+01
   6.5878070e+06   3.9367676e+01
   6.5971020e+06   4.4311523e+01
   6.6164740e+06   3.7841797e+01
   6.6220510e+06   4.4433594e+01
   6.6250750e+06   4.0283203e+01
   6.6311210e+06   3.8879395e+01
   6.6355660e+06   3.9367676e+01
   6.6462380e+06   4.2724609e+01
   6.6538690e+06   4.0344238e+01
   6.6552460e+06   3.8391113e+01
   6.6553170e+06   4.0466309e+01
   6.6557760e+06   4.0466309e+01
   6.6652950e+06   3.7780762e+01
   6.7112690e+06   4.0588379e+01
   6.7208360e+06   3.8940430e+01
   6.7238920e+06   4.4067383e+01
   6.7305400e+06   3.7658691e+01
   6.7339910e+06   4.1748047e+01
   6.7377130e+06   3.8146973e+01
   6.7382680e+06   4.4128418e+01
   6.7388840e+06   4.4189453e+01
   6.7389750e+06   4.2907715e+01
   6.7882210e+06   4.0405273e+01
   6.7901600e+06   4.1564941e+01
   6.7942060e+06   3.7719727e+01
   6.7950120e+06   3.8818359e+01
   6.8064460e+06   4.1564941e+01
   6.8091720e+06   3.7109375e+01
   6.8133480e+06   4.1503906e+01
   6.8164440e+06   3.8085938e+01
   6.8164960e+06   3.7292480e+01
   6.8165430e+06   3.8024902e+01
   6.8166220e+06   4.3701172e+01
   6.8474210e+06   4.6997070e+01
   6.8537200e+06   4.4738770e+01
   6.8634500e+06   3.7414551e+01
   6.8765100e+06   4.4921875e+01
   6.8857760e+06   4.2968750e+01
   6.8933460e+06   4.5288086e+01
   6.8939680e+06   5.2490234e+01
   6.9090630e+06   4.4311523e+01
   6.9100510e+06   3.7658691e+01
   6.9118050e+06   3.7414551e+01
   6.9156980e+06   4.8889160e+01
   6.9159630e+06   4.5776367e+01
   6.9223710e+06   4.4128418e+01
   6.9242210e+06   4.0588379e+01
   6.9380080e+06   4.0283203e+01
   6.9435300e+06   3.8574219e+01
   6.9437650e+06   4.1198730e+01
   6.9442430e+06   4.2175293e+01
   6.9443320e+06   3.9306641e+01
   6.9450110e+06   4.4860840e+01
   6.9645670e+06   3.9306641e+01
   6.9810120e+06   4.1381836e+01
   6.9819020e+06   3.8940430e+01
   6.9875030e+06   5.1818848e+01
   6.9875320e+06   4.0344238e+01
   6.9875890e+06   4.0710449e+01
   7.0118420e+06   4.3334961e+01
   7.0210980e+06   3.8879395e+01
   7.0244270e+06   4.0893555e+01
   7.0249140e+06   4.6447754e+01
   7.0325550e+06   4.0893555e+01
   7.0329470e+06   4.1259766e+01
   7.0330040e+06   4.4006348e+01
   7.0380210e+06   4.1320801e+01
   7.0384890e+06   3.7231445e+01
   7.0448910e+06   3.9916992e+01
   7.0501570e+06   4.1320801e+01
   7.0503150e+06   4.5837402e+01
   7.0503890e+06   3.9916992e+01
   7.0547430e+06   4.3884277e+01
   7.0624470e+06   4.1687012e+01
   7.0660210e+06   4.3395996e+01
   7.0711130e+06   3.7292480e+01
   7.0712040e+06   3.7902832e+01
   7.0756970e+06   4.7485352e+01
   7.0757290e+06   5.2734375e+01
   7.0769060e+06   3.7048340e+01
   7.0794480e+06   3.9855957e+01
   7.0796840e+06   3.7536621e+01
   7.1193190e+06   4.8950195e+01
   7.1279440e+06   4.0161133e+01
   7.1327880e+06   3.9001465e+01
   7.1468160e+06   5.8898926e+01
   7.1473070e+06   3.8452148e+01
   7.1473540e+06   4.0100098e+01
   7.1474180e+06   4.2175293e+01
   7.1597100e+06   4.8950195e+01
   7.1603620e+06   3.9001465e+01
   7.1732220e+06   4.0039063e+01
   7.1785670e+06   4.1198730e+01
   7.1822590e+06   4.0222168e+01
   7.1869730e+06   4.6752930e+01
   7.1920550e+06   4.4189453e+01
   7.1923210e+06   3.8330078e+01
   7.1923680e+06   4.4555664e+01
   7.1926690e+06   3.9489746e+01
   7.1987040e+06   4.0283203e+01
   7.2008800e+06   4.2968750e+01
   7.2009360e+06   3.7292480e+01
   7.2010080e+06   4.0649414e+01
   7.2093320e+06   4.4067383e+01
   7.2094020e+06   4.2175293e+01
   7.2138240e+06   3.9367676e+01
   7.2245040e+06   3.7231445e+01
   7.2360200e+06   3.7841797e+01
   7.2404590e+06   4.3518066e+01
   7.2634810e+06   3.9245605e+01
   7.2679440e+06   5.0720215e+01
   7.2748510e+06   3.7841797e+01
   7.2751820e+06   3.9123535e+01
   7.2769810e+06   3.8940430e+01
   7.2770520e+06   3.9489746e+01
   7.3279580e+06   3.7109375e+01
   7.3490160e+06   4.6630859e+01
   7.3524830e+06   4.2175293e+01
   7.3731410e+06   3.7658691e+01
   7.3750230e+06   5.1025391e+01
   7.3839810e+06   3.7719727e+01
   7.3841610e+06   3.9978027e+01
   7.3843670e+06   3.7231445e+01
   7.4203340e+06   4.7973633e+01
   7.4265790e+06   4.8645020e+01
   7.4272520e+06   3.9733887e+01
   7.4356620e+06   3.9978027e+01
   7.4359470e+06   4.1259766e+01
   7.4537260e+06   3.7536621e+01
   7.4545660e+06   4.1442871e+01
   7.4546890e+06   3.8818359e+01
   7.4854750e+06   3.7292480e+01
   7.4990370e+06   3.7902832e+01
   7.5181710e+06   5.5603027e+01
   7.5465090e+06   4.0527344e+01
   7.5465370e+06   4.8706055e+01
   7.5465580e+06   3.8269043e+01
   7.5466190e+06   4.1931152e+01
   7.5467170e+06   4.0649414e+01
   7.5468950e+06   3.7780762e+01
   7.5469890e+06   4.3579102e+01
   7.5473340e+06   4.1503906e+01
   7.5524590e+06   4.6875000e+01
   7.5698330e+06   4.4616699e+01
   7.6002020e+06   3.8635254e+01
   7.6002880e+06   4.4189453e+01
   7.6003190e+06   4.5043945e+01
   7.6004050e+06   4.3090820e+01
   7.6005580e+06   3.7597656e+01
   7.6005850e+06   3.7963867e+01
   7.6007460e+06   4.1931152e+01
   7.6008820e+06   3.9123535e+01
   7.6010470e+06   3.7170410e+01
   7.6011440e+06   3.7536621e+01
   7.6014130e+06   3.8024902e+01
   7.6019490e+06   4.3457031e+01
   7.6458110e+06   3.8330078e+01
   7.6459260e+06   3.8696289e+01
   7.6464520e+06   3.7719727e+01
   7.6465370e+06   3.9062500e+01
   7.6684720e+06   4.2297363e+01
   7.6694200e+06   4.1931152e+01
   7.6694810e+06   5.7495117e+01
   7.6695460e+06   3.9428711e+01
   7.6699840e+06   4.3029785e+01
   7.6703230e+06   4.8950195e+01
   7.6797570e+06   4.8095703e+01
   7.6918030e+06   3.8513184e+01
   7.7013870e+06   3.7048340e+01
   7.7055590e+06   4.1687012e+01
   7.7065150e+06   4.3334961e+01
   7.7066120e+06   3.7536621e+01
   7.7068560e+06   4.3640137e+01
   7.7069560e+06   3.7048340e+01
   7.7071030e+06   5.0842285e+01
   7.7073510e+06   4.1687012e+01
   7.7075360e+06   4.1320801e+01
   7.7079750e+06   4.0222168e+01
   7.7081420e+06   3.9794922e+01
   7.7084490e+06   3.7109375e+01
   7.7103000e+06   3.8574219e+01
   7.7565650e+06   3.9123535e+01
   7.7571180e+06   3.7597656e+01
   7.7571610e+06   3.8940430e+01
   7.7572300e+06   3.9184570e+01
   7.7576950e+06   3.8513184e+01
   7.7579340e+06   3.9123535e+01
   7.7591110e+06   3.7597656e+01
   7.7597530e+06   3.8818359e+01
   7.7819560e+06   4.0100098e+01
   7.7849130e+06   4.4372559e+01
   7.7850550e+06   3.8818359e+01
   7.7851120e+06   4.0161133e+01
   7.7855320e+06   3.8024902e+01
   7.7863690e+06   4.0100098e+01
   7.7879740e+06   3.7292480e+01
   7.8169850e+06   3.7536621e+01
   7.8225940e+06   4.3334961e+01
   7.8263250e+06   4.0954590e+01
   7.8275450e+06   4.8828125e+01
   7.8275960e+06   4.9133301e+01
   7.8277360e+06   4.5837402e+01
   7.8277950e+06   3.9306641e+01
   7.8278310e+06   3.8513184e+01
   7.8278750e+06   4.1687012e+01
   7.8278880e+06   3.9306641e+01
   7.8283280e+06   3.7048340e+01
   7.8285840e+06   3.7231445e+01
   7.8773730e+06   4.8522949e+01
   7.8775170e+06   3.9245605e+01
   7.8783280e+06   4.6081543e+01
   7.8786110e+06   3.9489746e+01
   7.8788270e+06   4.0893555e+01
   7.9015080e+06   3.8330078e+01
   7.9047600e+06   4.4494629e+01
   7.9075920e+06   4.4616699e+01
   7.9084730e+06   4.0527344e+01
   7.9162030e+06   4.5898438e+01
   7.9200480e+06   3.7048340e+01
   7.9229120e+06   3.8330078e+01
   7.9231120e+06   4.2297363e+01
   7.9243400e+06   3.9550781e+01
   7.9264030e+06   3.7902832e+01
   7.9267290e+06   3.7109375e+01
   7.9686800e+06   3.9794922e+01
   7.9697260e+06   4.2236328e+01
   7.9716760e+06   4.0649414e+01
   7.9718820e+06   4.0954590e+01
   7.9775990e+06   3.9428711e+01
   7.9876750e+06   3.7963867e+01
   7.9895780e+06   4.4738770e+01
   7.9908210e+06   3.7963867e+01
   7.9911430e+06   4.4433594e+01
   7.9913600e+06   3.7475586e+01
   7.9919080e+06   4.5532227e+01
   8.0048950e+06   4.4555664e+01
   8.0136970e+06   4.3823242e+01
   8.0163940e+06   3.8574219e+01
   8.0166650e+06   4.6325684e+01
   8.0172330e+06   4.1564941e+01
   8.0174330e+06   3.7841797e+01
   8.0176310e+06   3.7109375e+01
   8.0177640e+06   3.9672852e+01
   8.0484910e+06   4.8645020e+01
   8.0489170e+06   4.1992188e+01
   8.0557430e+06   4.0954590e+01
   8.0600370e+06   4.0405273e+01
   8.0682280e+06   4.3884277e+01
   8.0836310e+06   4.2663574e+01
   8.0845100e+06   4.3090820e+01
   8.0845630e+06   4.1748047e+01
   8.0845970e+06   3.9550781e+01
   8.1148760e+06   4.0954590e+01
   8.1212540e+06   4.4860840e+01
   8.1215780e+06   3.7353516e+01
   8.1217230e+06   4.2480469e+01
   8.1308760e+06   5.0048828e+01
   8.1448500e+06   5.0048828e+01
   8.1550140e+06   4.2297363e+01
   8.1552650e+06   4.3029785e+01
   8.1601900e+06   4.0832520e+01
   8.1641200e+06   4.2358398e+01
   8.1718520e+06   4.1442871e+01
   8.1818840e+06   4.2297363e+01
   8.1821300e+06   4.0405273e+01
   8.1825110e+06   4.2602539e+01
   8.1921190e+06   3.7719727e+01
   8.1925270e+06   4.4433594e+01
   8.2106950e+06   3.8024902e+01
   8.2108020e+06   3.7292480e+01
   8.2113110e+06   3.7719727e+01
   8.2114570e+06   3.8574219e+01
   8.2155690e+06   4.1809082e+01
   8.2279350e+06   4.5532227e+01
   8.2305630e+06   3.9672852e+01
   8.2386960e+06   3.7780762e+01
   8.2502390e+06   3.9978027e+01
   8.2505030e+06   4.4189453e+01
   8.2512840e+06   3.9672852e+01
   8.2716370e+06   4.8461914e+01
   8.2759210e+06   4.2663574e+01
   8.2966890e+06   3.7292480e+01
   8.3065120e+06   4.2297363e+01
   8.3132020e+06   4.2175293e+01
   8.3243480e+06   4.1687012e+01
   8.3269050e+06   4.1076660e+01
   8.3319980e+06   4.3884277e+01
   8.3358690e+06   4.5776367e+01
   8.3397650e+06   4.4799805e+01
   8.3401080e+06   4.5837402e+01
   8.3405020e+06   3.8391113e+01
   8.3480180e+06   3.7353516e+01
   8.3522370e+06   4.4982910e+01
   8.3524050e+06   4.2480469e+01
   8.3524400e+06   3.8452148e+01
   8.3525100e+06   3.7353516e+01
   8.3525840e+06   3.7780762e+01
   8.3526190e+06   4.6447754e+01
   8.3526400e+06   3.7536621e+01
   8.3559110e+06   4.6508789e+01
   8.3787800e+06   3.8391113e+01
   8.3828700e+06   3.7170410e+01
   8.3910340e+06   3.9062500e+01
   8.3935210e+06   4.9499512e+01
   8.4036620e+06   3.7841797e+01
   8.4037860e+06   4.4860840e+01
   8.4109770e+06   3.7780762e+01
   8.4110970e+06   4.3273926e+01
   8.4117100e+06   4.5471191e+01
   8.4118800e+06   3.7475586e+01
   8.4257590e+06   4.1809082e+01
   8.4261600e+06   4.2358398e+01
   8.4297880e+06   3.9550781e+01
   8.4300030e+06   4.1320801e+01
   8.4396850e+06   3.8391113e+01
   8.4558480e+06   3.9978027e+01
   8.4600890e+06   4.3090820e+01
   8.4925160e+06   4.1687012e+01
   8.4925960e+06   4.0588379e+01
   8.4931240e+06   3.7475586e+01
   8.5050350e+06   4.2114258e+01
   8.5123650e+06   3.7353516e+01
   8.5184920e+06   3.7353516e+01
   8.5236050e+06   4.0283203e+01
   8.5349890e+06   4.6447754e+01
   8.5448800e+06   4.5959473e+01
   8.5492670e+06   3.9550781e+01
   8.5495150e+06   4.3395996e+01
   8.5556860e+06   3.9184570e+01
   8.5682670e+06   4.6508789e+01
   8.5684020e+06   3.7658691e+01
   8.5691360e+06   4.0649414e+01
   8.6218580e+06   4.4677734e+01
   8.6242710e+06   4.0222168e+01
   8.6243300e+06   3.9062500e+01
   8.6243860e+06   4.1870117e+01
   8.6246190e+06   3.9001465e+01
   8.6247030e+06   4.1625977e+01
   8.6381630e+06   4.8583984e+01
   8.6645900e+06   4.9194336e+01
   8.6653510e+06   4.8278809e+01
   8.6655110e+06   4.7058105e+01
   8.6795970e+06   4.7546387e+01
   8.6810610e+06   3.7231445e+01
   8.6959280e+06   5.6396484e+01
   8.6995140e+06   3.9428711e+01
   8.7159070e+06   3.8024902e+01
   8.7220810e+06   5.2124023e+01
   8.7280980e+06   4.5104980e+01
   8.7348270e+06   4.8156738e+01
   8.7351870e+06   4.1748047e+01
   8.7352990e+06   3.9794922e+01
   8.7355500e+06   3.7353516e+01
   8.7814570e+06   3.7963867e+01
   8.7850180e+06   4.0161133e+01
   8.7899160e+06   5.2734375e+01
   8.7904120e+06   4.1137695e+01
   8.7905520e+06   4.4982910e+01
   8.7906340e+06   6.8908691e+01
   8.8149600e+06   3.9672852e+01
   8.8245330e+06   4.9072266e+01
   8.8343910e+06   3.7475586e+01
   8.8370290e+06   4.3273926e+01
   8.8372730e+06   3.8085938e+01
   8.8373770e+06   4.2053223e+01
   8.8374390e+06   3.7231445e+01
   8.8427950e+06   4.0344238e+01
   8.8431560e+06   4.5043945e+01
   8.8434830e+06   4.1137695e+01
   8.8436010e+06   3.9672852e+01
   8.8644440e+06   4.7607422e+01
   8.8844290e+06   3.7658691e+01
   8.8848380e+06   3.9306641e+01
   8.9044340e+06   4.4189453e+01
   8.9168450e+06   4.2724609e+01
   8.9213230e+06   3.7170410e+01
   8.9243180e+06   4.2724609e+01
   8.9286050e+06   4.7546387e+01
   8.9291900e+06   5.2368164e+01
   8.9602420e+06   4.4799805e+01
   8.9688690e+06   3.7780762e+01
   8.9873480e+06   4.1137695e+01
   8.9884900e+06   4.1076660e+01
   8.9886160e+06   4.6020508e+01
   8.9895490e+06   3.7170410e+01
   9.0183230e+06   4.4433594e+01
   9.0308130e+06   4.2907715e+01
   9.0400240e+06   4.3395996e+01
   9.0432170e+06   4.2846680e+01
   9.0817860e+06   3.8635254e+01
   9.0865650e+06   3.7658691e+01
   9.0873890e+06   4.5349121e+01
   9.0875880e+06   4.3579102e+01
   9.1007650e+06   4.5532227e+01
   9.1059420e+06   4.1259766e+01
   9.1076470e+06   3.9123535e+01
   9.1083980e+06   3.7109375e+01
   9.1085460e+06   3.9001465e+01
   9.1262370e+06   4.5898438e+01
   9.1640850e+06   4.8156738e+01
   9.1773990e+06   4.2663574e+01
   9.1774800e+06   4.6264648e+01
   9.1776510e+06   3.9306641e+01
   9.1788330e+06   3.9794922e+01
   9.2077400e+06   5.0598145e+01
   9.2078240e+06   4.2480469e+01
   9.2338150e+06   4.8217773e+01
   9.2345120e+06   3.7170410e+01
   9.2352440e+06   4.0588379e+01
   9.2360470e+06   3.8269043e+01
   9.2361460e+06   4.3151855e+01
   9.2816340e+06   4.2602539e+01
   9.2879550e+06   4.6081543e+01
   9.2955320e+06   3.9245605e+01
   9.2956370e+06   4.1137695e+01
   9.3133120e+06   3.9306641e+01
   9.3309010e+06   3.8208008e+01
   9.3335500e+06   4.3212891e+01
   9.3364040e+06   5.1391602e+01
   9.3365110e+06   3.9672852e+01
   9.3366590e+06   5.2856445e+01
   9.3377580e+06   4.3212891e+01
   9.3636690e+06   4.7058105e+01
   9.3637880e+06   4.0283203e+01
   9.3640130e+06   4.0222168e+01
   9.3641690e+06   4.5715332e+01
   9.3930260e+06   3.9367676e+01
   9.3930850e+06   4.3823242e+01
   9.3934520e+06   3.7231445e+01
   9.3936610e+06   3.7902832e+01
   9.4126580e+06   4.4677734e+01
   9.4556860e+06   3.8391113e+01
   9.4561350e+06   4.4433594e+01
   9.4561910e+06   3.8269043e+01
   9.4562220e+06   3.9855957e+01
   9.4562670e+06   4.2968750e+01
   9.4563720e+06   4.1259766e+01
   9.4564900e+06   4.6264648e+01
   9.4565910e+06   3.7658691e+01
   9.4833790e+06   4.8339844e+01
   9.4967640e+06   3.7536621e+01
   9.4968350e+06   4.2663574e+01
   9.4968910e+06   4.1015625e+01
   9.4969350e+06   3.8085938e+01
   9.4969720e+06   4.5898438e+01
   9.4970010e+06   4.4677734e+01
   9.4971360e+06   3.9245605e+01
   9.4971980e+06   3.8635254e+01
   9.4973160e+06   4.1137695e+01
   9.5149160e+06   4.7302246e+01
   9.5160920e+06   4.6203613e+01
   9.5165670e+06   4.6752930e+01
   9.5172420e+06   4.0527344e+01
   9.5173300e+06   4.7241211e+01
   9.5174390e+06   4.0039063e+01
   9.5350350e+06   3.9306641e+01
   9.5353590e+06   4.0588379e+01
   9.5435800e+06   3.9123535e+01
   9.5458640e+06   4.4433594e+01
   9.5474890e+06   4.2419434e+01
   9.5565460e+06   3.7353516e+01
   9.5609310e+06   3.9001465e+01
   9.5610980e+06   4.2236328e+01
   9.5613410e+06   4.2907715e+01
   9.5625320e+06   4.4006348e+01
   9.5627150e+06   4.1015625e+01
   9.5628320e+06   3.7902832e+01
   9.5633170e+06   4.1137695e+01
   9.5636880e+06   4.1259766e+01
   9.6046120e+06   4.3640137e+01
   9.6056490e+06   4.1931152e+01
   9.6058020e+06   4.1320801e+01
   9.6061880e+06   3.8635254e+01
   9.6250350e+06   4.3090820e+01
   9.6256630e+06   4.2663574e+01
   9.6267440e+06   4.6386719e+01
   9.6268320e+06   4.0588379e+01
   9.6269340e+06   4.1320801e+01
   9.6273860e+06   3.8574219e+01
   9.6274520e+06   3.8574219e+01
   9.6275320e+06   3.8452148e+01
   9.6281590e+06   4.1748047e+01
   9.6282280e+06   3.7353516e+01
   9.6312210e+06   4.6325684e+01
   9.6548950e+06   4.4006348e+01
   9.6550560e+06   5.1086426e+01
   9.6551490e+06   4.6447754e+01
   9.6552800e+06   4.0893555e+01
   9.6554520e+06   4.4555664e+01
   9.6555280e+06   4.0466309e+01
   9.6556430e+06   4.2297363e+01
   9.6556690e+06   3.8574219e+01
   9.6557600e+06   4.0100098e+01
   9.6566370e+06   3.8208008e+01
   9.6895090e+06   4.2907715e+01
   9.6909130e+06   4.6691895e+01
   9.6940490e+06   4.3945313e+01
   9.6941640e+06   3.8757324e+01
   9.6943210e+06   4.0710449e+01
   9.6945150e+06   4.1625977e+01
   9.6945650e+06   3.7597656e+01
   9.6948770e+06   3.8574219e+01
   9.6965280e+06   3.7780762e+01
   9.6966560e+06   3.7719727e+01
   9.7428500e+06   4.7851563e+01
   9.7432640e+06   3.9489746e+01
   9.7433630e+06   4.8645020e+01
   9.7435420e+06   3.7292480e+01
   9.7437950e+06   4.0588379e+01
   9.7438390e+06   3.7963867e+01
   9.7439990e+06   3.8269043e+01
   9.7441700e+06   4.2419434e+01
   9.7449150e+06   3.8269043e+01
   9.7698710e+06   4.6081543e+01
   9.7699110e+06   3.8391113e+01
   9.7699670e+06   3.8085938e+01
   9.7700090e+06   4.1564941e+01
   9.7701100e+06   3.9245605e+01
   9.7702510e+06   3.9428711e+01
   9.7703140e+06   3.8879395e+01
   9.7705990e+06   4.3151855e+01
   9.7712140e+06   5.2185059e+01
   9.7721840e+06   3.8085938e+01
   9.7944390e+06   5.0109863e+01
   9.8100380e+06   3.8085938e+01
   9.8218590e+06   4.2297363e+01
   9.8234380e+06   3.9184570e+01
   9.8257450e+06   4.6020508e+01
   9.8259550e+06   4.1625977e+01
   9.8261020e+06   4.0954590e+01
   9.8261550e+06   3.8757324e+01
   9.8264450e+06   3.9245605e+01
   9.8266270e+06   4.1259766e+01
   9.8266880e+06   3.7963867e+01
   9.8614650e+06   4.3151855e+01
   9.8722670e+06   5.0354004e+01
   9.8740360e+06   3.9123535e+01
   9.8745050e+06   3.9672852e+01
   9.8745910e+06   4.5776367e+01
   9.8746050e+06   4.1687012e+01
   9.8748000e+06   4.0832520e+01
   9.8749560e+06   4.4372559e+01
   9.9151400e+06   4.0588379e+01
   9.9164240e+06   4.1442871e+01
   9.9168890e+06   4.2297363e+01
   9.9170560e+06   3.7902832e+01
   9.9175980e+06   3.7536621e+01
   9.9333590e+06   4.6752930e+01
   9.9339290e+06   3.7597656e+01
   9.9339470e+06   4.4921875e+01
   9.9340480e+06   3.8208008e+01
   9.9669270e+06   3.7536621e+01
   9.9673190e+06   3.7109375e+01
   1.0001165e+07   4.0588379e+01
   1.0001632e+07   3.9611816e+01
   1.0001754e+07   4.1320801e+01
   1.0001828e+07   3.7658691e+01
   1.0021856e+07   3.7597656e+01
   1.0044258e+07   4.7119141e+01
   1.0048108e+07   4.2480469e+01
   1.0048391e+07   3.8208008e+01
   1.0049604e+07   4.6569824e+01
   1.0049972e+07   4.1687012e+01
   1.0050079e+07   4.3945313e+01
   1.0050450e+07   4.4738770e+01
   1.0064799e+07   3.9184570e+01
   1.0075886e+07   4.8278809e+01
   1.0076808e+07   4.7912598e+01
   1.0079707e+07   3.8818359e+01
   1.0082843e+07   4.0283203e+01
   1.0083149e+07   4.4677734e+01
   1.0096432e+07   4.7424316e+01
   1.0108380e+07   3.9978027e+01
   1.0108926e+07   3.7109375e+01
   1.0124254e+07   4.4067383e+01
   1.0147927e+07   4.9560547e+01
   1.0148265e+07   5.1879883e+01
   1.0154615e+07   4.5776367e+01
   1.0154775e+07   4.2968750e+01
   1.0164479e+07   4.1564941e+01
   1.0171520e+07   3.7963867e+01
   1.0178807e+07   3.7109375e+01
   1.0186652e+07   4.9072266e+01
   1.0213635e+07   3.9794922e+01
   1.0235806e+07   4.2297363e+01
   1.0236508e+07   4.2480469e+01
   1.0248208e+07   4.1442871e+01
   1.0248344e+07   4.1809082e+01
   1.0252748e+07   4.3395996e+01
   1.0257903e+07   4.0405273e+01
   1.0262303e+07   3.7963867e+01
   1.0262541e+07   4.6630859e+01
   1.0267978e+07   3.8757324e+01
   1.0268257e+07   4.0893555e+01
   1.0298460e+07   3.7292480e+01
   1.0309986e+07   4.7729492e+01
   1.0314186e+07   4.7729492e+01
   1.0322801e+07   5.2368164e+01
   1.0335033e+07   3.8757324e+01
   1.0335175e+07   3.9978027e+01
   1.0335405e+07   4.0771484e+01
   1.0335592e+07   3.9428711e+01
   1.0378985e+07   4.0710449e+01
   1.0383370e+07   4.1992188e+01
   1.0400716e+07   3.8208008e+01
   1.0400951e+07   3.8757324e+01
   1.0405007e+07   4.0954590e+01
   1.0412112e+07   4.2419434e+01
   1.0412479e+07   3.7963867e+01
   1.0420611e+07   5.2062988e+01
   1.0443809e+07   3.9672852e+01
   1.0447456e+07   4.0344238e+01
   1.0467755e+07   3.8330078e+01
   1.0468126e+07   3.9916992e+01
   1.0476675e+07   4.4677734e+01
   1.0483924e+07   4.1259766e+01
   1.0484588e+07   4.2907715e+01
   1.0484669e+07   3.8269043e+01
   1.0485582e+07   5.3222656e+01
   1.0538415e+07   4.0222168e+01
   1.0539131e+07   4.7302246e+01
   1.0539377e+07   3.8879395e+01
   1.0546849e+07   4.5227051e+01
   1.0547137e+07   4.0039063e+01
   1.0554935e+07   4.3762207e+01
   1.0555100e+07   4.4006348e+01
   1.0568324e+07   3.9978027e+01
   1.0573681e+07   4.5593262e+01
   1.0577454e+07   4.4738770e+01
   1.0577764e+07   4.1503906e+01
   1.0589789e+07   4.2114258e+01
   1.0590242e+07   4.5349121e+01
   1.0590328e+07   4.0893555e+01
   1.0596567e+07   4.2663574e+01
   1.0604126e+07   3.9672852e+01
   1.0609695e+07   5.2551270e+01
   1.0613336e+07   5.0415039e+01
   1.0619761e+07   3.7963867e+01
   1.0622939e+07   4.2663574e+01
   1.0632962e+07   4.2907715e+01
   1.0647558e+07   4.4006348e+01
   1.0651258e+07   4.3090820e+01
   1.0658119e+07   4.1320801e+01
   1.0658624e+07   4.2846680e+01
   1.0658695e+07   3.9245605e+01
   1.0691074e+07   4.3579102e+01
   1.0691427e+07   3.8635254e+01
   1.0691821e+07   4.0710449e+01
   1.0699465e+07   4.0710449e+01
   1.0699804e+07   3.7170410e+01
   1.0726078e+07   3.7902832e+01
   1.0728655e+07   3.7109375e+01
   1.0733874e+07   4.2663574e+01
   1.0734221e+07   4.1809082e+01
   1.0745643e+07   3.9916992e+01
   1.0746051e+07   3.7963867e+01
   1.0752456e+07   4.2968750e+01
   1.0753260e+07   4.2907715e+01
   1.0767487e+07   3.7231445e+01
   1.0767517e+07   3.9306641e+01
   1.0767572e+07   3.8085938e+01
   1.0780567e+07   3.9672852e+01
   1.0795575e+07   3.9733887e+01
   1.0800707e+07   3.8208008e+01
   1.0801204e+07   3.7292480e+01
   1.0801409e+07   3.9489746e+01
   1.0801968e+07   4.0893555e+01
   1.0802072e+07   4.0771484e+01
   1.0826276e+07   4.1381836e+01
   1.0837458e+07   4.1015625e+01
   1.0839723e+07   4.4006348e+01
   1.0846917e+07   4.3151855e+01
   1.0847203e+07   4.1259766e+01
   1.0852617e+07   4.3579102e+01
   1.0856268e+07   4.1625977e+01
   1.0859584e+07   4.9011230e+01
   1.0860930e+07   3.8879395e+01
   1.0883545e+07   3.8513184e+01
   1.0884147e+07   4.0161133e+01
   1.0904697e+07   4.2907715e+01
   1.0905001e+07   4.1564941e+01
   1.0905152e+07   3.7231445e+01
   1.0921411e+07   4.2053223e+01
   1.0921811e+07   4.0832520e+01
   1.0921982e+07   3.8452148e+01
   1.0923729e+07   4.1076660e+01
   1.0924624e+07   4.3701172e+01
   1.0927914e+07   4.0222168e+01
   1.0933426e+07   3.8940430e+01
   1.0933872e+07   4.1992188e+01
   1.0939695e+07   3.9550781e+01
   1.0939928e+07   4.5959473e+01
   1.0940113e+07   4.6936035e+01
   1.0960955e+07   4.6875000e+01
   1.0961866e+07   4.4311523e+01
   1.0995418e+07   4.2358398e+01
   1.0998800e+07   4.2541504e+01
   1.1001553e+07   4.3090820e+01
   1.1002209e+07   3.7902832e+01
   1.1007968e+07   4.5227051e+01
   1.1019847e+07   4.2968750e+01
   1.1019952e+07   4.0100098e+01
   1.1020222e+07   4.5410156e+01
   1.1054596e+07   3.9062500e+01
   1.1055027e+07   3.7231445e+01
   1.1060876e+07   3.8757324e+01
   1.1077930e+07   3.8085938e+01
   1.1078032e+07   4.5654297e+01
   1.1083831e+07   3.9916992e+01
   1.1085962e+07   5.0292969e+01
   1.1105437e+07   3.9306641e+01
   1.1153397e+07   3.9367676e+01
   1.1154025e+07   3.9428711e+01
   1.1155061e+07   3.9123535e+01
   1.1164364e+07   4.1687012e+01
   1.1213607e+07   4.0161133e+01
   1.1254638e+07   3.7231445e+01
   1.1254677e+07   3.8085938e+01
   1.1255834e+07   4.1137695e+01
   1.1255979e+07   3.9916992e+01
   1.1256105e+07   3.7353516e+01
   1.1292781e+07   4.2236328e+01
   1.1297918e+07   4.3640137e+01
   1.1308745e+07   3.9733887e+01
   1.1308859e+07   4.0710449e+01
   1.1348441e+07   3.9367676e+01
   1.1348911e+07   3.7170410e+01
   1.1367227e+07   3.9794922e+01
   1.1372028e+07   4.2846680e+01
   1.1372108e+07   4.0405273e+01
   1.1372139e+07   4.1564941e+01
   1.1372420e+07   3.8085938e+01
   1.1404518e+07   4.4799805e+01
   1.1405198e+07   5.1269531e+01
   1.1424112e+07   3.8085938e+01
   1.1424484e+07   4.1381836e+01
   1.1424952e+07   4.2419434e+01
   1.1425135e+07   3.7170410e+01
   1.1425676e+07   3.9611816e+01
   1.1444416e+07   4.7180176e+01
   1.1445094e+07   3.9733887e+01
   1.1511272e+07   4.0283203e+01
   1.1511643e+07   5.2917480e+01
   1.1511686e+07   3.7841797e+01
   1.1511897e+07   4.0039063e+01
   1.1512082e+07   4.5288086e+01
   1.1512525e+07   4.9865723e+01
   1.1512638e+07   3.8208008e+01
   1.1566081e+07   4.3823242e+01
   1.1570646e+07   3.7597656e+01
   1.1570714e+07   5.2856445e+01
   1.1570874e+07   3.7719727e+01
   1.1570995e+07   4.3334961e+01
   1.1571375e+07   4.4250488e+01
   1.1637553e+07   4.4189453e+01
   1.1663299e+07   3.9367676e+01
   1.1663383e+07   4.5227051e+01
   1.1688969e+07   4.9438477e+01
   1.1689062e+07   3.9367676e+01
   1.1693018e+07   4.1442871e+01
   1.1696251e+07   4.4311523e+01
   1.1729362e+07   3.9428711e+01
   1.1731960e+07   4.1198730e+01
   1.1743967e+07   3.7048340e+01
   1.1744149e+07   3.9001465e+01
   1.1744332e+07   4.2602539e+01
   1.1792572e+07   4.7546387e+01
   1.1818440e+07   4.4433594e+01
   1.1850202e+07   4.7851563e+01
   1.1850413e+07   4.2846680e+01
   1.1850457e+07   4.4250488e+01
   1.1850563e+07   4.7241211e+01
   1.1850707e+07   3.7109375e+01
   1.1879749e+07   4.1259766e+01
   1.1901208e+07   4.2907715e+01
   1.1901366e+07   3.9978027e+01
   1.1903093e+07   4.2480469e+01
   1.1903640e+07   4.6813965e+01
   1.1915618e+07   3.8879395e+01
   1.1915715e+07   3.9978027e+01
   1.1930579e+07   3.7902832e+01
   1.1933262e+07   4.4982910e+01
   1.1933534e+07   3.8879395e+01
   1.1947374e+07   3.8269043e+01
   1.1949883e+07   4.5959473e+01
   1.1970660e+07   4.7790527e+01
   1.1977330e+07   3.7475586e+01
   1.1977463e+07   4.7790527e+01
