   1.1996000e+07   0.0000000e+00
   9.5616500e+05   3.6865234e+01
   9.9037800e+05   3.6376953e+01
   1.6604870e+06   3.8452148e+01
   1.8802810e+06   3.7353516e+01
   3.0544000e+06   4.1015625e+01
   3.4606940e+06   3.9978027e+01
   3.5405820e+06   3.7353516e+01
   3.5648370e+06   3.7231445e+01
   3.5879490e+06   3.8574219e+01
   3.5879850e+06   3.6804199e+01
   4.6125580e+06   3.8146973e+01
   4.6761920e+06   3.7231445e+01
   4.9001500e+06   3.7231445e+01
   6.2868630e+06   3.7780762e+01
   6.4345500e+06   4.0344238e+01
   6.4893860e+06   4.2114258e+01
   6.5368060e+06   3.9428711e+01
   7.6700680e+06   3.6743164e+01
   7.7066590e+06   4.2602539e+01
   7.8779830e+06   3.9123535e+01
   9.6554790e+06   3.6315918e+01
   9.6942130e+06   3.8513184e+01
   9.7698520e+06   3.8085938e+01
