   1.1996000e+07   0.0000000e+00
   4.7940000e+03   3.8635254e+01
   5.8274000e+04   3.8330078e+01
   5.8795000e+04   3.8513184e+01
   7.5644000e+04   3.8330078e+01
   8.7103000e+04   3.9733887e+01
   1.0274000e+05   3.8574219e+01
   1.6584400e+05   4.1015625e+01
   2.9281000e+05   3.9428711e+01
   3.3524800e+05   4.7973633e+01
   3.6518600e+05   5.2673340e+01
   3.6524300e+05   7.1105957e+01
   3.6531100e+05   5.1330566e+01
   3.7350900e+05   3.9672852e+01
   3.7353300e+05   5.7006836e+01
   3.7355000e+05   4.1870117e+01
   3.7357800e+05   8.9416504e+01
   3.7360000e+05   3.9062500e+01
   3.7362000e+05   5.9631348e+01
   3.7363100e+05   4.3273926e+01
   3.7366300e+05   4.5532227e+01
   3.7369900e+05   8.5266113e+01
   3.7376100e+05   4.3395996e+01
   3.7377600e+05   4.2846680e+01
   3.7381700e+05   3.9001465e+01
   4.1073600e+05   3.9001465e+01
   4.1535300e+05   3.8574219e+01
   4.1543700e+05   4.7363281e+01
   4.7141200e+05   4.1931152e+01
   4.8879800e+05   4.3334961e+01
   4.9375800e+05   4.3151855e+01
   4.9690200e+05   3.9184570e+01
   4.9799500e+05   4.3212891e+01
   5.4658000e+05   5.0354004e+01
   5.4664000e+05   5.2856445e+01
   5.4665700e+05   6.0791016e+01
   5.4667100e+05   3.8696289e+01
   5.4671600e+05   4.0100098e+01
   5.4673800e+05   4.9987793e+01
   5.4680500e+05   4.5532227e+01
   5.4682400e+05   7.4462891e+01
   5.4688000e+05   4.3273926e+01
   6.0165800e+05   3.9367676e+01
   6.2030500e+05   4.0771484e+01
   6.6176600e+05   3.8391113e+01
   6.8134500e+05   5.1635742e+01
   6.8136300e+05   1.2341309e+02
   6.8138200e+05   4.0466309e+01
   6.8140600e+05   6.5612793e+01
   6.8142000e+05   4.2663574e+01
   6.8145000e+05   5.4199219e+01
   6.8146900e+05   4.8461914e+01
   6.8149000e+05   4.9804688e+01
   6.8150200e+05   4.4128418e+01
   6.8153000e+05   4.2663574e+01
   6.8154200e+05   5.0781250e+01
   6.8159000e+05   4.9926758e+01
   6.8161100e+05   4.3579102e+01
   6.8167100e+05   5.5847168e+01
   6.8175500e+05   4.3945313e+01
   6.8179600e+05   6.7871094e+01
   6.8190900e+05   4.9621582e+01
   6.8199900e+05   5.0354004e+01
   6.8481000e+05   4.4860840e+01
   7.3513600e+05   7.1655273e+01
   7.3518300e+05   4.9133301e+01
   7.3519400e+05   7.9101563e+01
   7.3522100e+05   4.6569824e+01
   7.3526500e+05   5.2429199e+01
   7.3528900e+05   6.4941406e+01
   7.3531600e+05   6.2316895e+01
   7.3536400e+05   4.6264648e+01
   7.3537400e+05   4.9987793e+01
   7.3542100e+05   5.0720215e+01
   7.3543400e+05   4.0161133e+01
   7.3545300e+05   4.0466309e+01
   7.3549600e+05   6.1279297e+01
   7.3555400e+05   4.9133301e+01
   7.3557200e+05   4.9377441e+01
   7.3560500e+05   4.0039063e+01
   7.3564600e+05   6.2438965e+01
   7.3569000e+05   4.8950195e+01
   7.3573400e+05   4.6508789e+01
   7.3576200e+05   4.7302246e+01
   7.3584500e+05   4.1137695e+01
   7.3585700e+05   4.1564941e+01
   7.3592300e+05   4.1320801e+01
   7.3594500e+05   3.9123535e+01
   7.6174700e+05   3.9550781e+01
   8.3453000e+05   4.8217773e+01
   8.3454200e+05   1.1260986e+02
   8.3455600e+05   3.9245605e+01
   8.3458600e+05   8.7402344e+01
   8.3461900e+05   3.8574219e+01
   8.3463000e+05   7.4218750e+01
   8.3466200e+05   4.9133301e+01
   8.3469000e+05   4.0161133e+01
   8.3470800e+05   5.0903320e+01
   8.3473800e+05   5.9753418e+01
   8.3479100e+05   4.9255371e+01
   8.3484600e+05   3.8818359e+01
   8.8117900e+05   1.3421631e+02
   8.8119900e+05   4.8217773e+01
   8.8122300e+05   7.1960449e+01
   8.8124100e+05   5.6640625e+01
   8.8127900e+05   5.8959961e+01
   8.8129300e+05   5.1147461e+01
   8.8130800e+05   4.8828125e+01
   8.8134600e+05   5.1940918e+01
   8.8137500e+05   4.0954590e+01
   8.8138600e+05   5.1452637e+01
   8.8142100e+05   5.1635742e+01
   8.8143300e+05   4.1381836e+01
   8.8146300e+05   4.1076660e+01
   8.8149600e+05   5.4199219e+01
   8.8155200e+05   3.8513184e+01
   8.8157500e+05   4.6203613e+01
   8.8161500e+05   4.0954590e+01
   8.8168800e+05   4.2480469e+01
   8.8173600e+05   4.3212891e+01
   8.8178100e+05   3.8940430e+01
   8.8183800e+05   4.1442871e+01
   8.8186000e+05   4.1320801e+01
   8.8204700e+05   4.9865723e+01
   8.8213400e+05   4.0832520e+01
   8.8231100e+05   4.8706055e+01
   8.8242100e+05   3.9733887e+01
   8.8244000e+05   3.8513184e+01
   8.8253300e+05   4.1992188e+01
   8.8263400e+05   4.3151855e+01
   8.8266300e+05   4.0588379e+01
   8.8268300e+05   4.4006348e+01
   8.8277400e+05   4.1259766e+01
   8.8306000e+05   4.2663574e+01
   8.8337600e+05   3.8391113e+01
   9.2496700e+05   4.0832520e+01
   9.3135500e+05   7.0129395e+01
   9.3141200e+05   5.4199219e+01
   9.3144900e+05   4.2053223e+01
   9.3147700e+05   4.5715332e+01
   9.3150800e+05   5.5053711e+01
   9.3152600e+05   5.0964355e+01
   9.3154200e+05   5.5969238e+01
   9.3156900e+05   4.5837402e+01
   9.3161100e+05   6.4086914e+01
   9.3167100e+05   4.2175293e+01
   9.3178300e+05   5.2673340e+01
   9.3182400e+05   4.6447754e+01
   9.3188700e+05   4.0710449e+01
   9.5614600e+05   4.6081543e+01
   9.5619000e+05   1.0992432e+02
   9.5622800e+05   6.9152832e+01
   9.5623800e+05   4.2114258e+01
   9.5625900e+05   4.2480469e+01
   9.5627600e+05   4.0222168e+01
   9.5629500e+05   4.7058105e+01
   9.5630900e+05   4.0710449e+01
   9.5634200e+05   4.4128418e+01
   9.5636000e+05   3.9428711e+01
   9.5638100e+05   4.3823242e+01
   9.5641900e+05   5.0048828e+01
   9.5644800e+05   5.4748535e+01
   9.5646500e+05   7.2814941e+01
   9.5651200e+05   4.5898438e+01
   9.5653200e+05   4.4799805e+01
   9.5657300e+05   4.2419434e+01
   9.5664900e+05   4.7546387e+01
   9.5667400e+05   3.8452148e+01
   9.5673300e+05   4.4067383e+01
   9.5686500e+05   4.9377441e+01
   9.5691700e+05   3.8696289e+01
   9.5696100e+05   4.0649414e+01
   9.5705200e+05   4.4433594e+01
   9.5718500e+05   4.1442871e+01
   9.5725700e+05   4.1137695e+01
   9.5729200e+05   4.7058105e+01
   9.5739800e+05   3.8269043e+01
   9.5742300e+05   3.9733887e+01
   9.5752200e+05   4.3945313e+01
   9.5764800e+05   4.8156738e+01
   9.5776200e+05   4.1320801e+01
   9.5787200e+05   4.2724609e+01
   9.5808900e+05   4.0100098e+01
   9.9046100e+05   4.6081543e+01
   9.9047300e+05   6.1584473e+01
   9.9049100e+05   5.1391602e+01
   9.9051500e+05   6.5002441e+01
   9.9053900e+05   6.7687988e+01
   9.9055200e+05   4.2480469e+01
   9.9057300e+05   4.5837402e+01
   9.9059300e+05   5.5236816e+01
   9.9062700e+05   6.0241699e+01
   9.9066100e+05   5.2429199e+01
   9.9067800e+05   3.9001465e+01
   9.9069200e+05   4.3273926e+01
   9.9070600e+05   4.0893555e+01
   9.9074800e+05   5.6640625e+01
   9.9078200e+05   4.0832520e+01
   9.9080200e+05   4.1381836e+01
   9.9082600e+05   4.0649414e+01
   9.9092200e+05   4.1076660e+01
   9.9096500e+05   4.3457031e+01
   9.9122500e+05   4.7485352e+01
   9.9135900e+05   4.2297363e+01
   9.9148000e+05   4.0710449e+01
   9.9151400e+05   4.0832520e+01
   9.9158800e+05   4.1503906e+01
   9.9166600e+05   3.8330078e+01
   9.9194200e+05   3.9916992e+01
   9.9200400e+05   4.1809082e+01
   9.9204400e+05   3.9733887e+01
   9.9220200e+05   3.8513184e+01
   9.9232900e+05   3.9916992e+01
   9.9235300e+05   4.3212891e+01
   9.9237600e+05   3.8452148e+01
   9.9253500e+05   4.0649414e+01
   9.9264900e+05   4.5104980e+01
   9.9278700e+05   4.0466309e+01
   9.9320200e+05   4.0222168e+01
   9.9526300e+05   3.8879395e+01
   1.0546890e+06   5.3833008e+01
   1.0547070e+06   1.0955811e+02
   1.0547210e+06   4.5043945e+01
   1.0547570e+06   3.8269043e+01
   1.0547970e+06   5.8288574e+01
   1.0548210e+06   6.7565918e+01
   1.0548710e+06   5.4443359e+01
   1.0549020e+06   6.3476563e+01
   1.0549310e+06   4.3518066e+01
   1.0549820e+06   4.1137695e+01
   1.0550140e+06   4.1503906e+01
   1.0550300e+06   5.0720215e+01
   1.0550750e+06   4.1259766e+01
   1.0551320e+06   4.0649414e+01
   1.0551490e+06   4.1015625e+01
   1.0551830e+06   5.5175781e+01
   1.0552010e+06   4.0527344e+01
   1.0552910e+06   4.2480469e+01
   1.0553110e+06   3.8391113e+01
   1.0553670e+06   4.6081543e+01
   1.0553910e+06   4.2602539e+01
   1.0555250e+06   4.0283203e+01
   1.0555460e+06   4.2480469e+01
   1.0555940e+06   4.0710449e+01
   1.0557290e+06   4.0466309e+01
   1.0557750e+06   4.1198730e+01
   1.0559130e+06   4.5898438e+01
   1.0559570e+06   4.0710449e+01
   1.0559910e+06   4.2114258e+01
   1.0561870e+06   4.3823242e+01
   1.0562130e+06   3.8452148e+01
   1.0562580e+06   4.1870117e+01
   1.0563400e+06   4.4738770e+01
   1.0564460e+06   4.6569824e+01
   1.0565160e+06   3.8391113e+01
   1.0565580e+06   3.9794922e+01
   1.0567170e+06   3.9672852e+01
   1.0568470e+06   4.3151855e+01
   1.0570230e+06   3.9306641e+01
   1.0570650e+06   6.0852051e+01
   1.0570750e+06   4.0771484e+01
   1.0572610e+06   4.0100098e+01
   1.0573220e+06   3.8391113e+01
   1.0574070e+06   3.9794922e+01
   1.0574810e+06   4.2785645e+01
   1.0575310e+06   4.5227051e+01
   1.0576070e+06   4.3090820e+01
   1.0580730e+06   4.0527344e+01
   1.0589840e+06   3.8330078e+01
   1.0590150e+06   4.0527344e+01
   1.0590980e+06   4.3029785e+01
   1.1077430e+06   4.1748047e+01
   1.1077650e+06   7.9467773e+01
   1.1078150e+06   5.1757813e+01
   1.1078260e+06   6.4636230e+01
   1.1078510e+06   4.9743652e+01
   1.1078750e+06   4.7912598e+01
   1.1079010e+06   5.1879883e+01
   1.1079310e+06   3.9306641e+01
   1.1080550e+06   4.4616699e+01
   1.1080990e+06   4.6447754e+01
   1.1081570e+06   5.8837891e+01
   1.1082240e+06   5.8593750e+01
   1.1082890e+06   5.0781250e+01
   1.1083060e+06   6.5490723e+01
   1.1083580e+06   3.9794922e+01
   1.1083830e+06   3.8940430e+01
   1.1084290e+06   4.0710449e+01
   1.1084630e+06   4.6813965e+01
   1.1085220e+06   4.6020508e+01
   1.1085510e+06   5.4931641e+01
   1.1086320e+06   3.8696289e+01
   1.1086730e+06   5.0354004e+01
   1.1088680e+06   4.7973633e+01
   1.1089160e+06   4.4494629e+01
   1.1090360e+06   4.0161133e+01
   1.1092880e+06   6.1523438e+01
   1.1093060e+06   3.9611816e+01
   1.1093690e+06   3.9245605e+01
   1.1094670e+06   4.3395996e+01
   1.1096680e+06   4.2968750e+01
   1.1096910e+06   5.4504395e+01
   1.1097920e+06   4.4372559e+01
   1.1101220e+06   3.9001465e+01
   1.1104710e+06   4.4799805e+01
   1.1105730e+06   4.1320801e+01
   1.1424250e+06   4.0100098e+01
   1.1471410e+06   1.1730957e+02
   1.1472020e+06   7.5622559e+01
   1.1472260e+06   3.9733887e+01
   1.1472530e+06   7.9528809e+01
   1.1472890e+06   3.9001465e+01
   1.1473150e+06   4.4189453e+01
   1.1473480e+06   4.1931152e+01
   1.1473740e+06   4.4921875e+01
   1.1474180e+06   5.2673340e+01
   1.1474460e+06   4.0832520e+01
   1.1474730e+06   5.0659180e+01
   1.1475100e+06   4.1198730e+01
   1.1475450e+06   5.1208496e+01
   1.1475750e+06   5.1940918e+01
   1.1476230e+06   3.8757324e+01
   1.1476510e+06   5.4504395e+01
   1.1476810e+06   4.1381836e+01
   1.1477320e+06   3.8757324e+01
   1.1477670e+06   3.8574219e+01
   1.1478130e+06   3.9123535e+01
   1.1478280e+06   3.8391113e+01
   1.1478580e+06   4.6997070e+01
   1.1478680e+06   4.0588379e+01
   1.1479470e+06   4.3090820e+01
   1.1481850e+06   4.4921875e+01
   1.1483130e+06   5.7983398e+01
   1.1484350e+06   5.7495117e+01
   1.1487990e+06   6.7993164e+01
   1.1489110e+06   5.3100586e+01
   1.1491460e+06   5.9875488e+01
   1.1495190e+06   3.8269043e+01
   1.1495590e+06   6.5612793e+01
   1.1499700e+06   3.8757324e+01
   1.1500090e+06   7.3181152e+01
   1.1505620e+06   3.9611816e+01
   1.1907630e+06   3.8391113e+01
   1.1908210e+06   5.4260254e+01
   1.1908310e+06   3.9306641e+01
   1.1908690e+06   5.7922363e+01
   1.1908930e+06   4.2907715e+01
   1.1909210e+06   5.6640625e+01
   1.1910290e+06   7.0983887e+01
   1.1910970e+06   6.0668945e+01
   1.1911150e+06   3.9123535e+01
   1.1912010e+06   3.9245605e+01
   1.1912110e+06   6.5185547e+01
   1.1912360e+06   4.5410156e+01
   1.2157250e+06   1.2719727e+02
   1.2157890e+06   3.8940430e+01
   1.2158440e+06   5.2368164e+01
   1.2158760e+06   5.7373047e+01
   1.2158960e+06   4.4982910e+01
   1.2159140e+06   4.1076660e+01
   1.2159370e+06   5.4321289e+01
   1.2159720e+06   5.5847168e+01
   1.2160100e+06   4.0283203e+01
   1.2160340e+06   4.1259766e+01
   1.2160590e+06   5.4504395e+01
   1.2161120e+06   4.5471191e+01
   1.2161240e+06   5.4199219e+01
   1.2161680e+06   4.1381836e+01
   1.2161990e+06   4.5349121e+01
   1.2162350e+06   5.2673340e+01
   1.2162750e+06   3.9367676e+01
   1.2163570e+06   8.8317871e+01
   1.2164330e+06   3.9672852e+01
   1.2164470e+06   4.3884277e+01
   1.2165920e+06   5.7189941e+01
   1.2166690e+06   4.3762207e+01
   1.2166960e+06   4.7485352e+01
   1.2168340e+06   4.1198730e+01
   1.3284890e+06   4.2602539e+01
   1.3390000e+06   4.8339844e+01
   1.3409730e+06   4.0039063e+01
   1.4374530e+06   3.9062500e+01
   1.4392060e+06   3.8269043e+01
   1.4564600e+06   3.9184570e+01
   1.4804280e+06   4.1748047e+01
   1.4917920e+06   4.2846680e+01
   1.5334470e+06   4.0283203e+01
   1.5424380e+06   3.8330078e+01
   1.6312570e+06   4.6630859e+01
   1.6313270e+06   4.4921875e+01
   1.7730330e+06   4.6142578e+01
   1.7975330e+06   4.7119141e+01
   1.7977540e+06   4.2175293e+01
   1.8472820e+06   4.0832520e+01
   1.8923410e+06   3.9611816e+01
   1.9793880e+06   3.8879395e+01
   2.0140890e+06   4.2053223e+01
   2.0296820e+06   8.2153320e+01
   2.0297440e+06   7.6660156e+01
   2.0297700e+06   4.0771484e+01
   2.0297930e+06   4.6081543e+01
   2.0298430e+06   6.7138672e+01
   2.0298750e+06   3.9672852e+01
   2.0298860e+06   4.7912598e+01
   2.0299240e+06   4.5471191e+01
   2.0299790e+06   6.2011719e+01
   2.0300050e+06   3.9978027e+01
   2.0309230e+06   3.8696289e+01
   2.0487000e+06   3.8269043e+01
   2.1224290e+06   4.1198730e+01
   2.1229490e+06   4.7302246e+01
   2.1624460e+06   3.9367676e+01
   2.1659870e+06   4.0588379e+01
   2.2217690e+06   3.8330078e+01
   2.2225240e+06   4.3029785e+01
   2.2979580e+06   4.4799805e+01
   2.3227140e+06   4.3212891e+01
   2.3227540e+06   5.4077148e+01
   2.3532840e+06   4.0161133e+01
   2.4096530e+06   4.0222168e+01
   2.4098310e+06   4.0832520e+01
   2.4510790e+06   4.1809082e+01
   2.5095250e+06   3.8574219e+01
   2.5177480e+06   3.9306641e+01
   2.5546450e+06   4.1992188e+01
   2.5878220e+06   3.9184570e+01
   2.5879110e+06   4.4433594e+01
   2.6325440e+06   5.3527832e+01
   2.6407290e+06   3.9062500e+01
   2.6826950e+06   3.8635254e+01
   2.6956330e+06   4.1076660e+01
   2.7075440e+06   3.9367676e+01
   2.7210530e+06   4.1076660e+01
   2.7217170e+06   4.4860840e+01
   2.7833630e+06   3.9306641e+01
   2.7835110e+06   4.2724609e+01
   2.8401200e+06   4.8645020e+01
   2.8624880e+06   4.7729492e+01
   2.8835160e+06   3.9794922e+01
   3.0206360e+06   4.1625977e+01
   3.0352140e+06   4.1748047e+01
   3.0685070e+06   3.9855957e+01
   3.0860770e+06   3.9733887e+01
   3.0862890e+06   4.3579102e+01
   3.0863520e+06   4.0344238e+01
   3.0864380e+06   4.5532227e+01
   3.0868270e+06   4.8706055e+01
   3.1296820e+06   3.9489746e+01
   3.1297200e+06   3.8879395e+01
   3.1297570e+06   3.9916992e+01
   3.1300060e+06   4.4982910e+01
   3.1434370e+06   4.6203613e+01
   3.1612680e+06   3.9428711e+01
   3.2005240e+06   4.1748047e+01
   3.2708740e+06   4.7973633e+01
   3.2817850e+06   3.8513184e+01
   3.3183750e+06   3.8696289e+01
   3.3213210e+06   4.0771484e+01
   3.3365270e+06   4.1381836e+01
   3.3637120e+06   3.9978027e+01
   3.3739950e+06   3.9794922e+01
   3.3742140e+06   4.1687012e+01
   3.3749100e+06   3.9367676e+01
   3.3823560e+06   3.9794922e+01
   3.3823670e+06   1.0437012e+02
   3.3824430e+06   6.7749023e+01
   3.3824680e+06   3.8574219e+01
   3.3827060e+06   3.8513184e+01
   3.4145510e+06   4.1137695e+01
   3.4151700e+06   3.9672852e+01
   3.4152330e+06   3.8818359e+01
   3.4348960e+06   4.0649414e+01
   3.4350160e+06   4.2541504e+01
   3.4355590e+06   4.0466309e+01
   3.4602910e+06   4.0588379e+01
   3.4603430e+06   5.0537109e+01
   3.4603760e+06   4.0161133e+01
   3.4603920e+06   7.5073242e+01
   3.4604250e+06   4.8706055e+01
   3.4604530e+06   8.6486816e+01
   3.4604840e+06   5.9204102e+01
   3.4605190e+06   5.8898926e+01
   3.4605660e+06   4.7668457e+01
   3.4606060e+06   6.8115234e+01
   3.4606350e+06   4.0954590e+01
   3.4606510e+06   4.1320801e+01
   3.4606830e+06   4.9011230e+01
   3.4607830e+06   4.3945313e+01
   3.4607930e+06   4.0405273e+01
   3.4608320e+06   3.8696289e+01
   3.4608760e+06   3.8635254e+01
   3.4609060e+06   6.0119629e+01
   3.4609550e+06   3.9001465e+01
   3.4609970e+06   4.2480469e+01
   3.4610380e+06   3.9245605e+01
   3.4610970e+06   3.8879395e+01
   3.4611310e+06   4.8889160e+01
   3.4613410e+06   3.9001465e+01
   3.4613890e+06   4.4616699e+01
   3.4617410e+06   4.6203613e+01
   3.4617930e+06   3.8757324e+01
   3.4621110e+06   5.2368164e+01
   3.4623670e+06   5.2001953e+01
   3.4626510e+06   5.5419922e+01
   3.4626690e+06   3.8757324e+01
   3.4628750e+06   4.0527344e+01
   3.5065170e+06   4.4067383e+01
   3.5067420e+06   7.8979492e+01
   3.5070500e+06   4.2907715e+01
   3.5070700e+06   4.7424316e+01
   3.5071250e+06   9.3872070e+01
   3.5071880e+06   6.5979004e+01
   3.5072540e+06   4.5410156e+01
   3.5073690e+06   4.2297363e+01
   3.5075140e+06   4.0954590e+01
   3.5175830e+06   3.8269043e+01
   3.5176360e+06   4.8645020e+01
   3.5176500e+06   9.1308594e+01
   3.5176610e+06   3.9916992e+01
   3.5176720e+06   6.7687988e+01
   3.5176940e+06   8.9355469e+01
   3.5177190e+06   7.1166992e+01
   3.5177300e+06   6.7077637e+01
   3.5177590e+06   5.0659180e+01
   3.5177830e+06   4.5654297e+01
   3.5177940e+06   5.1208496e+01
   3.5178350e+06   4.9926758e+01
   3.5178620e+06   4.2053223e+01
   3.5178930e+06   4.3518066e+01
   3.5179180e+06   4.3823242e+01
   3.5179940e+06   4.0649414e+01
   3.5180530e+06   4.1076660e+01
   3.5181030e+06   3.9916992e+01
   3.5182000e+06   4.2602539e+01
   3.5182330e+06   4.4799805e+01
   3.5182520e+06   3.9672852e+01
   3.5183060e+06   6.2744141e+01
   3.5183800e+06   4.5043945e+01
   3.5184500e+06   4.8889160e+01
   3.5185330e+06   4.5471191e+01
   3.5186070e+06   4.0222168e+01
   3.5187530e+06   4.0222168e+01
   3.5188630e+06   3.9733887e+01
   3.5190410e+06   4.4555664e+01
   3.5194050e+06   4.8706055e+01
   3.5196310e+06   4.4921875e+01
   3.5196810e+06   5.0720215e+01
   3.5203640e+06   4.1320801e+01
   3.5405170e+06   5.0537109e+01
   3.5405430e+06   4.7729492e+01
   3.5405730e+06   8.7890625e+01
   3.5406140e+06   4.2236328e+01
   3.5406480e+06   4.8583984e+01
   3.5406730e+06   5.6030273e+01
   3.5406870e+06   4.1320801e+01
   3.5407260e+06   4.7729492e+01
   3.5407450e+06   6.6528320e+01
   3.5407750e+06   4.2663574e+01
   3.5408050e+06   3.8574219e+01
   3.5408500e+06   4.1687012e+01
   3.5408720e+06   4.1503906e+01
   3.5408870e+06   4.6264648e+01
   3.5409100e+06   4.2785645e+01
   3.5410480e+06   4.1564941e+01
   3.5410900e+06   3.9367676e+01
   3.5411260e+06   4.2663574e+01
   3.5411400e+06   4.1381836e+01
   3.5411640e+06   6.1767578e+01
   3.5413920e+06   4.7790527e+01
   3.5416950e+06   3.9245605e+01
   3.5417190e+06   3.8330078e+01
   3.5417320e+06   3.9978027e+01
   3.5418130e+06   4.4616699e+01
   3.5418550e+06   4.3212891e+01
   3.5419100e+06   4.4555664e+01
   3.5422450e+06   4.1442871e+01
   3.5423060e+06   3.8574219e+01
   3.5423510e+06   3.9245605e+01
   3.5424060e+06   3.8391113e+01
   3.5427710e+06   4.4860840e+01
   3.5429960e+06   4.9621582e+01
   3.5647060e+06   4.7607422e+01
   3.5647180e+06   8.6730957e+01
   3.5647690e+06   7.0251465e+01
   3.5648170e+06   5.7006836e+01
   3.5648660e+06   5.7983398e+01
   3.5648980e+06   4.2175293e+01
   3.5649230e+06   5.6884766e+01
   3.5649550e+06   4.1503906e+01
   3.5650130e+06   4.1442871e+01
   3.5650230e+06   4.4921875e+01
   3.5650510e+06   4.0344238e+01
   3.5650960e+06   3.8940430e+01
   3.5651130e+06   5.7678223e+01
   3.5652420e+06   5.4382324e+01
   3.5653290e+06   3.9978027e+01
   3.5653720e+06   4.3090820e+01
   3.5653860e+06   5.4321289e+01
   3.5654580e+06   4.6997070e+01
   3.5655330e+06   3.9672852e+01
   3.5655840e+06   4.1137695e+01
   3.5656540e+06   3.8635254e+01
   3.5875730e+06   7.5683594e+01
   3.5875960e+06   4.4555664e+01
   3.5876180e+06   5.6396484e+01
   3.5876280e+06   4.1809082e+01
   3.5876530e+06   3.9062500e+01
   3.5876730e+06   5.7495117e+01
   3.5876960e+06   6.3903809e+01
   3.5877300e+06   3.8452148e+01
   3.5877680e+06   5.0292969e+01
   3.5878140e+06   4.0039063e+01
   3.5878280e+06   3.9184570e+01
   3.5878640e+06   5.0048828e+01
   3.5878750e+06   4.5593262e+01
   3.5879050e+06   3.9367676e+01
   3.5879380e+06   4.0710449e+01
   3.5879680e+06   5.1696777e+01
   3.5880020e+06   4.3212891e+01
   3.5880230e+06   3.9916992e+01
   3.5880560e+06   3.9978027e+01
   3.5882070e+06   3.8635254e+01
   3.5883190e+06   3.9001465e+01
   3.5883710e+06   4.6752930e+01
   3.5885060e+06   4.4677734e+01
   3.5886100e+06   3.9123535e+01
   3.5887400e+06   4.3823242e+01
   3.5888450e+06   4.7302246e+01
   3.5888550e+06   4.6203613e+01
   3.5889210e+06   4.3457031e+01
   3.5890850e+06   4.2602539e+01
   3.5891180e+06   4.4860840e+01
   3.5896300e+06   5.0170898e+01
   3.5905040e+06   5.0048828e+01
   3.5905660e+06   6.6955566e+01
   3.5921720e+06   4.9072266e+01
   3.5921910e+06   6.9946289e+01
   3.6045190e+06   9.2224121e+01
   3.6045500e+06   4.7668457e+01
   3.6045780e+06   7.2692871e+01
   3.6046070e+06   4.9621582e+01
   3.6046270e+06   5.0231934e+01
   3.6046520e+06   5.1086426e+01
   3.6046780e+06   6.1584473e+01
   3.6048210e+06   6.0485840e+01
   3.6049120e+06   4.6386719e+01
   3.6049390e+06   3.8330078e+01
   3.6049800e+06   3.8391113e+01
   3.6050170e+06   4.1625977e+01
   3.6050560e+06   4.2236328e+01
   3.6050840e+06   4.0344238e+01
   3.6050970e+06   4.9011230e+01
   3.6051230e+06   4.3518066e+01
   3.6052190e+06   3.8696289e+01
   3.6053570e+06   4.4311523e+01
   3.6053740e+06   4.0222168e+01
   3.6054710e+06   4.3395996e+01
   3.6054920e+06   5.2307129e+01
   3.6058920e+06   5.7922363e+01
   3.6059330e+06   4.2663574e+01
   3.6065260e+06   3.8635254e+01
   3.6416790e+06   4.2846680e+01
   3.6416920e+06   8.5693359e+01
   3.6417300e+06   7.1655273e+01
   3.6417580e+06   5.3710938e+01
   3.6417800e+06   4.4128418e+01
   3.6417990e+06   3.9794922e+01
   3.6418310e+06   4.9682617e+01
   3.6418460e+06   4.6142578e+01
   3.6418950e+06   4.9560547e+01
   3.6419170e+06   5.8349609e+01
   3.6419290e+06   4.4494629e+01
   3.6419630e+06   5.2429199e+01
   3.6420130e+06   4.8645020e+01
   3.6421070e+06   3.8940430e+01
   3.6422770e+06   4.3823242e+01
   3.6423020e+06   5.1269531e+01
   3.6423260e+06   3.8635254e+01
   3.6423790e+06   4.2602539e+01
   3.6424460e+06   4.2907715e+01
   3.6425630e+06   3.9184570e+01
   3.6426060e+06   3.8452148e+01
   3.6426880e+06   4.4250488e+01
   3.6430540e+06   3.8269043e+01
   3.6432030e+06   4.1076660e+01
   3.6432770e+06   4.4982910e+01
   3.6433100e+06   3.9550781e+01
   3.6433630e+06   4.6508789e+01
   3.6435970e+06   4.5532227e+01
   3.6436650e+06   3.8635254e+01
   3.6437110e+06   3.8574219e+01
   3.6441700e+06   4.3457031e+01
   3.6442880e+06   3.9123535e+01
   3.6443320e+06   3.9550781e+01
   3.6444900e+06   4.1076660e+01
   3.6446730e+06   3.9550781e+01
   3.6446980e+06   4.1259766e+01
   3.6451700e+06   5.3894043e+01
   3.6452150e+06   3.8513184e+01
   3.6452680e+06   3.9428711e+01
   3.6457950e+06   5.5480957e+01
   3.6458860e+06   4.2663574e+01
   3.6459540e+06   6.0363770e+01
   3.6715710e+06   4.2541504e+01
   3.6715940e+06   9.0637207e+01
   3.6716150e+06   4.2480469e+01
   3.6716430e+06   8.3374023e+01
   3.6716630e+06   4.0710449e+01
   3.6716810e+06   4.4982910e+01
   3.6717030e+06   4.0588379e+01
   3.6717240e+06   4.8950195e+01
   3.6717390e+06   4.4067383e+01
   3.6717810e+06   6.5185547e+01
   3.6717970e+06   4.5898438e+01
   3.6718380e+06   4.0466309e+01
   3.6718610e+06   4.4982910e+01
   3.6719340e+06   5.0415039e+01
   3.6719480e+06   6.3293457e+01
   3.6720700e+06   4.3151855e+01
   3.6721310e+06   4.0466309e+01
   3.6723600e+06   4.0527344e+01
   3.6723710e+06   6.6894531e+01
   3.6724210e+06   3.9489746e+01
   3.6724610e+06   5.7495117e+01
   3.6726260e+06   4.2785645e+01
   3.6731210e+06   7.2204590e+01
   3.6739290e+06   4.0100098e+01
   3.6969540e+06   4.4067383e+01
   3.6970040e+06   6.6101074e+01
   3.6970320e+06   5.3894043e+01
   3.6970690e+06   4.3701172e+01
   3.6970800e+06   4.7668457e+01
   3.6971080e+06   4.9255371e+01
   3.6971310e+06   5.8776855e+01
   3.6971660e+06   4.0649414e+01
   3.6971940e+06   5.8349609e+01
   3.6972040e+06   4.7058105e+01
   3.6972300e+06   4.3762207e+01
   3.6972780e+06   4.0588379e+01
   3.6973040e+06   3.9062500e+01
   3.6973360e+06   3.8574219e+01
   3.6974200e+06   4.7546387e+01
   3.6974380e+06   4.1870117e+01
   3.6974510e+06   4.0649414e+01
   3.6974980e+06   3.8574219e+01
   3.6975150e+06   4.3273926e+01
   3.6975560e+06   4.4067383e+01
   3.6976820e+06   4.3945313e+01
   3.6977990e+06   4.4433594e+01
   3.6978110e+06   4.3334961e+01
   3.6980470e+06   4.0039063e+01
   3.6981520e+06   4.7607422e+01
   3.6983770e+06   5.2551270e+01
   3.6990130e+06   4.6386719e+01
   3.6990670e+06   3.9550781e+01
   3.6991350e+06   4.4372559e+01
   3.6995130e+06   3.8940430e+01
   3.6997500e+06   5.5847168e+01
   3.6997730e+06   4.0832520e+01
   3.7000700e+06   5.9082031e+01
   3.7007710e+06   4.0283203e+01
   3.7304630e+06   4.1320801e+01
   3.7305260e+06   3.9367676e+01
   3.7305580e+06   9.7106934e+01
   3.7305950e+06   5.4260254e+01
   3.7306160e+06   4.0222168e+01
   3.7306460e+06   4.3395996e+01
   3.7306860e+06   4.3212891e+01
   3.7307350e+06   4.3823242e+01
   3.7307570e+06   5.9753418e+01
   3.7307950e+06   4.3457031e+01
   3.7308220e+06   4.3457031e+01
   3.7308990e+06   4.0954590e+01
   3.7309400e+06   4.6447754e+01
   3.7309740e+06   4.5043945e+01
   3.7310830e+06   4.0649414e+01
   3.7311110e+06   4.0222168e+01
   3.7311340e+06   4.5959473e+01
   3.7311610e+06   3.9306641e+01
   3.7312220e+06   4.7790527e+01
   3.7312950e+06   5.1696777e+01
   3.7314080e+06   4.9926758e+01
   3.7314730e+06   4.0649414e+01
   3.7315100e+06   3.9184570e+01
   3.7316140e+06   3.9062500e+01
   3.7318610e+06   4.9621582e+01
   3.7319050e+06   3.9367676e+01
   3.7319880e+06   4.3945313e+01
   3.7320940e+06   4.5471191e+01
   3.7322850e+06   4.9072266e+01
   3.7324140e+06   3.8330078e+01
   3.7324560e+06   4.1076660e+01
   3.7327210e+06   3.8391113e+01
   3.7327310e+06   5.6823730e+01
   3.7329130e+06   4.0222168e+01
   3.7330210e+06   4.2114258e+01
   3.7759240e+06   7.5622559e+01
   3.7759370e+06   5.3344727e+01
   3.7759680e+06   9.6313477e+01
   3.7759850e+06   4.9743652e+01
   3.7760070e+06   5.4809570e+01
   3.7760330e+06   7.1350098e+01
   3.7760580e+06   4.6386719e+01
   3.7760830e+06   4.5654297e+01
   3.7761120e+06   4.9194336e+01
   3.7761420e+06   5.6091309e+01
   3.7761780e+06   4.2114258e+01
   3.7762340e+06   5.2062988e+01
   3.7762770e+06   5.1391602e+01
   3.7763260e+06   4.2846680e+01
   3.7763860e+06   3.9001465e+01
   3.7764380e+06   3.9428711e+01
   3.7765050e+06   3.9550781e+01
   3.7765350e+06   4.5471191e+01
   3.7766190e+06   4.2297363e+01
   3.7766850e+06   4.1748047e+01
   3.7768670e+06   3.9855957e+01
   3.7769590e+06   4.3640137e+01
   3.7770340e+06   4.5410156e+01
   3.7771430e+06   4.2297363e+01
   3.7773260e+06   3.8879395e+01
   3.7773730e+06   4.8278809e+01
   3.7774700e+06   5.6091309e+01
   3.7775080e+06   3.9550781e+01
   3.7775390e+06   3.8452148e+01
   3.7778620e+06   5.5114746e+01
   3.7779400e+06   3.8391113e+01
   3.7781710e+06   5.8959961e+01
   3.7782400e+06   4.5227051e+01
   3.7783250e+06   3.9184570e+01
   3.7784790e+06   4.5104980e+01
   3.7787150e+06   4.0588379e+01
   3.7790250e+06   4.6081543e+01
   3.7790430e+06   6.3659668e+01
   3.7791000e+06   4.0039063e+01
   3.7797040e+06   7.5317383e+01
   3.7797330e+06   4.0283203e+01
   3.8291120e+06   9.8449707e+01
   3.8291350e+06   4.7912598e+01
   3.8291540e+06   5.9692383e+01
   3.8291670e+06   5.5358887e+01
   3.8292040e+06   5.4321289e+01
   3.8292150e+06   4.9560547e+01
   3.8292560e+06   5.1086426e+01
   3.8292690e+06   4.0954590e+01
   3.8293030e+06   5.4138184e+01
   3.8293390e+06   4.4555664e+01
   3.8294080e+06   4.7302246e+01
   3.8294530e+06   3.9489746e+01
   3.8294640e+06   4.2358398e+01
   3.8294820e+06   5.4382324e+01
   3.8295080e+06   5.3527832e+01
   3.8295230e+06   4.1931152e+01
   3.8295770e+06   4.4250488e+01
   3.8296000e+06   4.0649414e+01
   3.8296350e+06   4.0893555e+01
   3.8296590e+06   4.4128418e+01
   3.8296830e+06   4.5532227e+01
   3.8297390e+06   3.9855957e+01
   3.8297910e+06   3.8330078e+01
   3.8299820e+06   4.0039063e+01
   3.8302540e+06   4.5654297e+01
   3.8303280e+06   3.8391113e+01
   3.8305890e+06   4.9804688e+01
   3.8306150e+06   3.8391113e+01
   3.8306940e+06   3.8330078e+01
   3.8307220e+06   4.1809082e+01
   3.8308100e+06   4.2663574e+01
   3.8311360e+06   4.1625977e+01
   3.8311600e+06   5.5847168e+01
   3.8312170e+06   3.9672852e+01
   3.8312290e+06   3.8818359e+01
   3.8317700e+06   4.9926758e+01
   3.8324540e+06   4.9133301e+01
   3.8816810e+06   8.7280273e+01
   3.8817120e+06   6.0058594e+01
   3.8817340e+06   7.6477051e+01
   3.8817610e+06   4.2297363e+01
   3.8817790e+06   7.4096680e+01
   3.8818420e+06   4.0710449e+01
   3.8818610e+06   4.0466309e+01
   3.8819340e+06   4.1748047e+01
   3.8819520e+06   4.5593262e+01
   3.8819990e+06   4.0649414e+01
   3.8820280e+06   5.1208496e+01
   3.8820630e+06   4.2480469e+01
   3.8821500e+06   4.0344238e+01
   3.8822440e+06   5.4138184e+01
   3.8822600e+06   4.0039063e+01
   3.8823190e+06   4.9377441e+01
   3.8823510e+06   4.1870117e+01
   3.8824070e+06   5.0598145e+01
   3.8824250e+06   3.9306641e+01
   3.8825030e+06   4.0771484e+01
   3.8825970e+06   3.9978027e+01
   3.8826430e+06   5.5053711e+01
   3.8827660e+06   3.8879395e+01
   3.8828340e+06   7.6599121e+01
   3.9850390e+06   3.9306641e+01
   3.9851560e+06   3.9123535e+01
   3.9853890e+06   4.4006348e+01
   3.9862630e+06   3.9123535e+01
   4.0246200e+06   4.3945313e+01
   4.0346730e+06   3.8269043e+01
   4.0799980e+06   4.0161133e+01
   4.1531210e+06   5.0659180e+01
   4.1531430e+06   6.8847656e+01
   4.1531670e+06   3.9916992e+01
   4.1532110e+06   4.2358398e+01
   4.1532300e+06   5.4260254e+01
   4.1532740e+06   4.2175293e+01
   4.1532880e+06   4.0283203e+01
   4.1739440e+06   3.8513184e+01
   4.1740580e+06   3.8696289e+01
   4.2092390e+06   3.9306641e+01
   4.2458080e+06   6.1279297e+01
   4.2458300e+06   6.2561035e+01
   4.2458630e+06   4.0893555e+01
   4.2458740e+06   1.0369873e+02
   4.2459020e+06   4.3762207e+01
   4.2459170e+06   3.8574219e+01
   4.2459370e+06   4.7912598e+01
   4.2459570e+06   6.3781738e+01
   4.2459720e+06   4.7668457e+01
   4.2460350e+06   4.0405273e+01
   4.2460670e+06   9.4238281e+01
   4.2554330e+06   3.8391113e+01
   4.3096820e+06   4.4372559e+01
   4.3097240e+06   4.9316406e+01
   4.3097690e+06   8.5571289e+01
   4.3098470e+06   4.0527344e+01
   4.3099110e+06   3.9367676e+01
   4.3478820e+06   3.9306641e+01
   4.3646050e+06   3.8391113e+01
   4.4041110e+06   3.9245605e+01
   4.4775980e+06   3.8330078e+01
   4.5150040e+06   3.9062500e+01
   4.5268770e+06   1.0974121e+02
   4.5269120e+06   4.2175293e+01
   4.5357590e+06   9.7778320e+01
   4.5357780e+06   7.0312500e+01
   4.5358010e+06   9.4604492e+01
   4.5358210e+06   4.8400879e+01
   4.5358490e+06   5.4077148e+01
   4.5358870e+06   7.5012207e+01
   4.5359040e+06   4.0588379e+01
   4.5359370e+06   5.5908203e+01
   4.5359610e+06   4.9865723e+01
   4.5360050e+06   4.8645020e+01
   4.5360560e+06   4.0039063e+01
   4.5364160e+06   3.8391113e+01
   4.5365460e+06   4.3518066e+01
   4.5365690e+06   7.5805664e+01
   4.5744010e+06   3.9367676e+01
   4.5744280e+06   4.0161133e+01
   4.6046930e+06   4.5104980e+01
   4.6124740e+06   8.4289551e+01
   4.6124970e+06   5.6518555e+01
   4.6125170e+06   8.6791992e+01
   4.6125550e+06   8.5144043e+01
   4.6125670e+06   4.2541504e+01
   4.6125830e+06   5.6945801e+01
   4.6126420e+06   3.8818359e+01
   4.6126950e+06   3.8391113e+01
   4.6127400e+06   6.2377930e+01
   4.6128020e+06   3.9123535e+01
   4.6129840e+06   4.1015625e+01
   4.6443430e+06   4.2968750e+01
   4.6446530e+06   4.2602539e+01
   4.6753020e+06   4.0161133e+01
   4.6760770e+06   4.9987793e+01
   4.6761050e+06   1.0192871e+02
   4.6761290e+06   6.9213867e+01
   4.6761500e+06   9.0148926e+01
   4.6761840e+06   5.5908203e+01
   4.6762050e+06   4.2663574e+01
   4.6762280e+06   4.1198730e+01
   4.6762690e+06   5.0415039e+01
   4.6763340e+06   3.8452148e+01
   4.6763740e+06   5.7373047e+01
   4.6763920e+06   3.8635254e+01
   4.6764440e+06   4.0039063e+01
   4.6764590e+06   5.8349609e+01
   4.6766480e+06   6.7443848e+01
   4.6768040e+06   4.0344238e+01
   4.6769110e+06   3.8330078e+01
   4.7080590e+06   4.0161133e+01
   4.7081550e+06   7.6965332e+01
   4.7081650e+06   5.1330566e+01
   4.7082320e+06   3.8940430e+01
   4.7083880e+06   3.8757324e+01
   4.7233610e+06   3.9855957e+01
   4.7280320e+06   3.8391113e+01
   4.7351180e+06   4.2480469e+01
   4.7362580e+06   4.4250488e+01
   4.7362980e+06   8.1420898e+01
   4.7363150e+06   4.0039063e+01
   4.7363370e+06   8.5205078e+01
   4.7363600e+06   6.0485840e+01
   4.7364090e+06   4.1564941e+01
   4.7364430e+06   6.7138672e+01
   4.7364850e+06   4.2175293e+01
   4.7594990e+06   3.9428711e+01
   4.7862680e+06   4.7180176e+01
   4.7862980e+06   6.6772461e+01
   4.7863240e+06   6.8115234e+01
   4.7863410e+06   6.7199707e+01
   4.7863680e+06   4.4433594e+01
   4.7863940e+06   5.4077148e+01
   4.7864160e+06   4.8828125e+01
   4.7864660e+06   4.2480469e+01
   4.7864970e+06   4.5471191e+01
   4.7865140e+06   4.0466309e+01
   4.7865530e+06   5.5969238e+01
   4.7865720e+06   4.1992188e+01
   4.7866270e+06   5.9936523e+01
   4.7869270e+06   4.1381836e+01
   4.8318800e+06   4.8278809e+01
   4.8320250e+06   4.1259766e+01
   4.8321580e+06   3.8391113e+01
   4.9001030e+06   1.3452148e+02
   4.9001490e+06   9.6496582e+01
   4.9001750e+06   5.0231934e+01
   4.9002040e+06   9.1064453e+01
   4.9002250e+06   4.8522949e+01
   4.9002480e+06   5.0415039e+01
   4.9002840e+06   5.8410645e+01
   4.9003250e+06   3.9367676e+01
   4.9003560e+06   4.8156738e+01
   4.9003770e+06   5.9265137e+01
   4.9004160e+06   4.0283203e+01
   4.9405930e+06   3.8757324e+01
   4.9522820e+06   5.0415039e+01
   4.9523120e+06   9.8571777e+01
   4.9523890e+06   7.6965332e+01
   4.9524280e+06   3.9306641e+01
   4.9524540e+06   5.2429199e+01
   4.9524930e+06   4.6203613e+01
   4.9812820e+06   3.8330078e+01
   5.0947330e+06   3.8391113e+01
   5.0947490e+06   3.9978027e+01
   5.1666070e+06   3.8818359e+01
   5.2615750e+06   4.0405273e+01
   5.2618130e+06   3.9245605e+01
   5.3263210e+06   4.3701172e+01
   5.3298710e+06   4.0710449e+01
   5.3298950e+06   1.2768555e+02
   5.3299050e+06   5.7556152e+01
   5.3299410e+06   4.2114258e+01
   5.4169660e+06   4.1625977e+01
   5.4173690e+06   3.8879395e+01
   5.4174560e+06   3.9978027e+01
   5.4400860e+06   3.9489746e+01
   5.4427990e+06   3.9062500e+01
   5.4483440e+06   3.9123535e+01
   5.4769840e+06   4.3090820e+01
   5.4776130e+06   3.9611816e+01
   5.5252920e+06   4.0405273e+01
   5.5277840e+06   4.1320801e+01
   5.5796350e+06   3.8940430e+01
   5.5797810e+06   4.1381836e+01
   5.6260350e+06   4.0283203e+01
   5.6260750e+06   3.9306641e+01
   5.7034440e+06   3.8635254e+01
   5.7374220e+06   4.3579102e+01
   5.7623480e+06   3.8269043e+01
   5.7832910e+06   3.9367676e+01
   5.7839240e+06   1.4123535e+02
   5.7839800e+06   6.8420410e+01
   5.7855450e+06   4.3579102e+01
   5.7859740e+06   3.8879395e+01
   5.8455180e+06   1.1419678e+02
   5.8457560e+06   5.0659180e+01
   5.8725830e+06   3.9367676e+01
   5.8921720e+06   3.9245605e+01
   5.8921970e+06   1.0205078e+02
   5.8922220e+06   5.6762695e+01
   5.8922560e+06   3.9367676e+01
   5.8922900e+06   7.9040527e+01
   5.8923310e+06   3.9184570e+01
   5.8923750e+06   4.2175293e+01
   5.8927970e+06   3.8452148e+01
   5.9165360e+06   3.8696289e+01
   5.9351780e+06   4.5715332e+01
   5.9468650e+06   7.2448730e+01
   5.9469110e+06   3.8635254e+01
   5.9603210e+06   3.8940430e+01
   5.9784090e+06   3.9978027e+01
   6.0221990e+06   3.9550781e+01
   6.0358000e+06   3.9245605e+01
   6.0551710e+06   4.6997070e+01
   6.0904990e+06   3.8574219e+01
   6.1238330e+06   3.9367676e+01
   6.1263560e+06   3.8391113e+01
   6.1436510e+06   3.9062500e+01
   6.1481680e+06   4.3640137e+01
   6.1481950e+06   9.2895508e+01
   6.1482130e+06   4.0588379e+01
   6.1482260e+06   3.9184570e+01
   6.1482470e+06   9.3444824e+01
   6.1482920e+06   7.2937012e+01
   6.1483400e+06   7.3852539e+01
   6.1483540e+06   4.2175293e+01
   6.1484080e+06   7.5744629e+01
   6.1484560e+06   5.6762695e+01
   6.1484810e+06   6.2622070e+01
   6.1484920e+06   4.2175293e+01
   6.1485090e+06   4.7302246e+01
   6.1485460e+06   4.6142578e+01
   6.1485900e+06   4.4494629e+01
   6.1486070e+06   4.3457031e+01
   6.1486480e+06   4.7790527e+01
   6.1487650e+06   4.2968750e+01
   6.1488400e+06   5.2185059e+01
   6.1488860e+06   4.1870117e+01
   6.1490890e+06   4.9316406e+01
   6.1496420e+06   5.0964355e+01
   6.1498800e+06   5.0231934e+01
   6.1502850e+06   6.2744141e+01
   6.1983660e+06   4.9987793e+01
   6.1984870e+06   4.0710449e+01
   6.1984970e+06   8.5693359e+01
   6.1985660e+06   3.9184570e+01
   6.1985910e+06   5.1818848e+01
   6.1986820e+06   4.8217773e+01
   6.1987040e+06   6.2194824e+01
   6.1987330e+06   4.4982910e+01
   6.1987670e+06   6.4208984e+01
   6.1987960e+06   4.0527344e+01
   6.1988240e+06   3.9367676e+01
   6.1988940e+06   3.9855957e+01
   6.1989290e+06   4.5715332e+01
   6.1989390e+06   6.8237305e+01
   6.1989940e+06   3.9978027e+01
   6.1990250e+06   5.2124023e+01
   6.1991590e+06   6.0729980e+01
   6.2176280e+06   3.8940430e+01
   6.2176420e+06   1.0406494e+02
   6.2176670e+06   4.6569824e+01
   6.2177020e+06   6.8359375e+01
   6.2177310e+06   5.0292969e+01
   6.2177570e+06   5.9936523e+01
   6.2177850e+06   4.3334961e+01
   6.2178080e+06   4.2053223e+01
   6.2178300e+06   5.8349609e+01
   6.2178890e+06   7.2814941e+01
   6.2179710e+06   4.7607422e+01
   6.2180010e+06   4.3273926e+01
   6.2180490e+06   7.9284668e+01
   6.2180910e+06   4.3273926e+01
   6.2181170e+06   4.2663574e+01
   6.2181570e+06   3.9672852e+01
   6.2182200e+06   4.1564941e+01
   6.2182630e+06   4.4860840e+01
   6.2183470e+06   3.8818359e+01
   6.2184860e+06   5.4138184e+01
   6.2185070e+06   5.6396484e+01
   6.2185670e+06   4.5715332e+01
   6.2187800e+06   3.8452148e+01
   6.2188700e+06   3.9489746e+01
   6.2189130e+06   4.3640137e+01
   6.2191530e+06   7.5500488e+01
   6.2192910e+06   4.3945313e+01
   6.2193660e+06   4.0588379e+01
   6.2196830e+06   4.3090820e+01
   6.2197130e+06   3.9428711e+01
   6.2197640e+06   4.6691895e+01
   6.2197900e+06   3.8574219e+01
   6.2198590e+06   4.6569824e+01
   6.2200240e+06   4.1320801e+01
   6.2201540e+06   4.1015625e+01
   6.2203380e+06   4.3090820e+01
   6.2204840e+06   4.2541504e+01
   6.2459860e+06   4.1442871e+01
   6.2460170e+06   1.0711670e+02
   6.2460520e+06   4.6447754e+01
   6.2460640e+06   3.8940430e+01
   6.2460880e+06   7.9772949e+01
   6.2461160e+06   5.2795410e+01
   6.2461450e+06   5.3283691e+01
   6.2461660e+06   4.2663574e+01
   6.2462040e+06   4.7607422e+01
   6.2462570e+06   5.5664063e+01
   6.2462990e+06   5.1452637e+01
   6.2464110e+06   3.9001465e+01
   6.2464580e+06   4.3640137e+01
   6.2464940e+06   3.8330078e+01
   6.2465600e+06   4.0222168e+01
   6.2466270e+06   3.9428711e+01
   6.2466390e+06   5.4626465e+01
   6.2469790e+06   3.8574219e+01
   6.2470060e+06   4.3701172e+01
   6.2470450e+06   4.2114258e+01
   6.2472550e+06   5.0598145e+01
   6.2472910e+06   4.8889160e+01
   6.2473790e+06   3.8513184e+01
   6.2478820e+06   4.8217773e+01
   6.2481350e+06   4.3212891e+01
   6.2481760e+06   4.0283203e+01
   6.2485010e+06   4.3395996e+01
   6.2487080e+06   3.8879395e+01
   6.2489430e+06   5.1025391e+01
   6.2489930e+06   4.3151855e+01
   6.2494890e+06   4.2907715e+01
   6.2495010e+06   4.0405273e+01
   6.2869860e+06   3.8940430e+01
   6.2870140e+06   9.0332031e+01
   6.2870480e+06   3.8940430e+01
   6.2870780e+06   8.1726074e+01
   6.2871340e+06   7.9650879e+01
   6.2871720e+06   4.4738770e+01
   6.2871860e+06   4.6630859e+01
   6.2872420e+06   4.3701172e+01
   6.2872690e+06   6.2866211e+01
   6.2873070e+06   4.3945313e+01
   6.2873210e+06   4.1564941e+01
   6.2873580e+06   4.6264648e+01
   6.2874160e+06   4.9926758e+01
   6.2874530e+06   4.4372559e+01
   6.2874770e+06   3.8635254e+01
   6.2874900e+06   4.1687012e+01
   6.2875270e+06   4.0771484e+01
   6.2875450e+06   4.0222168e+01
   6.2876110e+06   4.7668457e+01
   6.2876760e+06   3.8513184e+01
   6.2877140e+06   4.4982910e+01
   6.2877880e+06   4.9316406e+01
   6.2879300e+06   5.4626465e+01
   6.2879490e+06   3.9672852e+01
   6.2879890e+06   4.6508789e+01
   6.2880330e+06   4.4006348e+01
   6.2881230e+06   4.1625977e+01
   6.2881470e+06   3.9062500e+01
   6.2881650e+06   3.9001465e+01
   6.2882070e+06   3.9245605e+01
   6.2883550e+06   4.4677734e+01
   6.2883730e+06   4.1076660e+01
   6.2885680e+06   4.0527344e+01
   6.2886910e+06   3.8330078e+01
   6.2887280e+06   6.3598633e+01
   6.2887780e+06   4.7241211e+01
   6.2888770e+06   3.8513184e+01
   6.2891430e+06   4.7485352e+01
   6.2893610e+06   3.9306641e+01
   6.2896170e+06   4.0100098e+01
   6.2897830e+06   3.8269043e+01
   6.2900180e+06   4.0405273e+01
   6.3099940e+06   7.2082520e+01
   6.3100390e+06   5.0537109e+01
   6.3100830e+06   6.4025879e+01
   6.3100980e+06   4.2724609e+01
   6.3101240e+06   4.6203613e+01
   6.3101520e+06   5.2429199e+01
   6.3101720e+06   5.2001953e+01
   6.3101900e+06   5.7250977e+01
   6.3102230e+06   4.5776367e+01
   6.3102440e+06   6.2805176e+01
   6.3102720e+06   4.3212891e+01
   6.3102930e+06   5.2246094e+01
   6.3103150e+06   4.6752930e+01
   6.3103560e+06   4.8828125e+01
   6.3103770e+06   4.0710449e+01
   6.3103940e+06   3.9001465e+01
   6.3104580e+06   4.4433594e+01
   6.3104690e+06   3.8696289e+01
   6.3104940e+06   3.8879395e+01
   6.3105280e+06   3.8513184e+01
   6.3105610e+06   4.1748047e+01
   6.3106270e+06   4.0649414e+01
   6.3106650e+06   4.0161133e+01
   6.3107310e+06   4.0649414e+01
   6.3107420e+06   4.6691895e+01
   6.3108570e+06   4.3151855e+01
   6.3108990e+06   5.5358887e+01
   6.3109610e+06   4.6691895e+01
   6.3113600e+06   4.2358398e+01
   6.3115390e+06   4.3884277e+01
   6.3116800e+06   4.1198730e+01
   6.3117740e+06   4.8278809e+01
   6.3118660e+06   4.2480469e+01
   6.3121210e+06   4.4738770e+01
   6.3123660e+06   3.8696289e+01
   6.3127080e+06   6.9091797e+01
   6.3132220e+06   4.0710449e+01
   6.3586180e+06   8.6303711e+01
   6.3586560e+06   3.9611816e+01
   6.3586680e+06   6.3781738e+01
   6.3587080e+06   7.0007324e+01
   6.3587260e+06   4.0466309e+01
   6.3587430e+06   6.7321777e+01
   6.3587850e+06   5.6213379e+01
   6.3588200e+06   4.3395996e+01
   6.3588500e+06   4.4494629e+01
   6.3588940e+06   3.8574219e+01
   6.3589040e+06   3.9001465e+01
   6.3589520e+06   4.7119141e+01
   6.3589720e+06   4.4799805e+01
   6.3590580e+06   4.3701172e+01
   6.3591010e+06   3.8330078e+01
   6.3591600e+06   5.0354004e+01
   6.3591840e+06   3.8452148e+01
   6.3593810e+06   4.4433594e+01
   6.3596050e+06   4.3090820e+01
   6.3596830e+06   4.0161133e+01
   6.3596950e+06   4.3090820e+01
   6.3597670e+06   3.9550781e+01
   6.3598490e+06   3.8452148e+01
   6.3598910e+06   4.2175293e+01
   6.3600190e+06   4.1992188e+01
   6.3601310e+06   4.1076660e+01
   6.3603680e+06   3.8330078e+01
   6.3604530e+06   4.2968750e+01
   6.3605470e+06   4.0649414e+01
   6.3610210e+06   4.2358398e+01
   6.3612290e+06   4.0283203e+01
   6.3617240e+06   3.9245605e+01
   6.3618990e+06   4.0527344e+01
   6.3622010e+06   3.9062500e+01
   6.3623590e+06   5.8593750e+01
   6.3624170e+06   4.4067383e+01
   6.3624510e+06   4.5532227e+01
   6.3625570e+06   4.1992188e+01
   6.3923100e+06   5.0598145e+01
   6.3923540e+06   1.0046387e+02
   6.3923780e+06   4.3823242e+01
   6.3924020e+06   9.5642090e+01
   6.3924410e+06   5.0964355e+01
   6.3924680e+06   4.1564941e+01
   6.3924850e+06   5.1757813e+01
   6.3925250e+06   5.0720215e+01
   6.3925390e+06   5.7678223e+01
   6.3925930e+06   4.2968750e+01
   6.3926560e+06   4.7485352e+01
   6.3927330e+06   5.6701660e+01
   6.3927950e+06   4.3090820e+01
   6.3928820e+06   6.0913086e+01
   6.3929170e+06   4.3334961e+01
   6.3930100e+06   4.8889160e+01
   6.3930750e+06   4.4738770e+01
   6.3932170e+06   4.2114258e+01
   6.3932540e+06   4.5288086e+01
   6.3934680e+06   4.3212891e+01
   6.3936060e+06   4.0344238e+01
   6.3937770e+06   4.3212891e+01
   6.3942910e+06   6.7810059e+01
   6.4345040e+06   3.9672852e+01
   6.4345320e+06   8.2397461e+01
   6.4345530e+06   5.8349609e+01
   6.4345700e+06   3.9123535e+01
   6.4345960e+06   4.7180176e+01
   6.4346180e+06   5.5725098e+01
   6.4346390e+06   5.3710938e+01
   6.4346690e+06   5.2062988e+01
   6.4346960e+06   5.9936523e+01
   6.4347500e+06   4.3884277e+01
   6.4347970e+06   4.3212891e+01
   6.4348270e+06   4.7119141e+01
   6.4348620e+06   3.9428711e+01
   6.4348940e+06   4.0161133e+01
   6.4350050e+06   4.7363281e+01
   6.4350630e+06   4.3762207e+01
   6.4351250e+06   3.9367676e+01
   6.4352240e+06   4.0466309e+01
   6.4352470e+06   3.9184570e+01
   6.4353360e+06   3.9916992e+01
   6.4354470e+06   3.9978027e+01
   6.4356460e+06   4.6936035e+01
   6.4357670e+06   4.2114258e+01
   6.4358170e+06   4.3090820e+01
   6.4359410e+06   4.6264648e+01
   6.4364050e+06   4.1259766e+01
   6.4365360e+06   4.4006348e+01
   6.4366970e+06   4.3823242e+01
   6.4367440e+06   4.7851563e+01
   6.4368280e+06   4.4006348e+01
   6.4368900e+06   4.5471191e+01
   6.4369310e+06   3.8635254e+01
   6.4371270e+06   4.2297363e+01
   6.4371630e+06   3.8330078e+01
   6.4374000e+06   4.1687012e+01
   6.4375100e+06   3.9794922e+01
   6.4375730e+06   4.4250488e+01
   6.4376120e+06   4.2968750e+01
   6.4384720e+06   3.9794922e+01
   6.4385330e+06   4.2846680e+01
   6.4385490e+06   4.3579102e+01
   6.4892820e+06   6.4270020e+01
   6.4893300e+06   7.4035645e+01
   6.4893590e+06   5.1696777e+01
   6.4893880e+06   5.2429199e+01
   6.4894080e+06   5.9570313e+01
   6.4894380e+06   4.0039063e+01
   6.4894730e+06   5.8166504e+01
   6.4895140e+06   4.4677734e+01
   6.4895560e+06   6.2133789e+01
   6.4895870e+06   3.9245605e+01
   6.4896090e+06   5.0476074e+01
   6.4896620e+06   3.8818359e+01
   6.4896940e+06   4.2846680e+01
   6.4897050e+06   4.0039063e+01
   6.4897210e+06   4.6325684e+01
   6.4897320e+06   4.6997070e+01
   6.4897990e+06   4.0039063e+01
   6.4898600e+06   3.9367676e+01
   6.4898940e+06   4.2663574e+01
   6.4899930e+06   4.1564941e+01
   6.4900390e+06   4.9011230e+01
   6.4901100e+06   4.3212891e+01
   6.4901600e+06   4.1625977e+01
   6.4901910e+06   4.2907715e+01
   6.4903810e+06   4.7668457e+01
   6.4904360e+06   4.4433594e+01
   6.4906320e+06   4.2663574e+01
   6.4907560e+06   4.3701172e+01
   6.4908590e+06   4.2968750e+01
   6.4909650e+06   3.8574219e+01
   6.4910600e+06   4.9743652e+01
   6.4910980e+06   4.1809082e+01
   6.4912650e+06   4.4677734e+01
   6.4913960e+06   3.8452148e+01
   6.4914580e+06   4.6813965e+01
   6.4921460e+06   3.8940430e+01
   6.5368400e+06   4.0771484e+01
   6.5368620e+06   6.0791016e+01
   6.5368770e+06   5.8776855e+01
   6.5369060e+06   7.0373535e+01
   6.5369280e+06   4.0588379e+01
   6.5369490e+06   6.3415527e+01
   6.5369690e+06   4.6997070e+01
   6.5369950e+06   5.1635742e+01
   6.5370190e+06   4.7485352e+01
   6.5370390e+06   3.8818359e+01
   6.5370770e+06   4.1015625e+01
   6.5370930e+06   4.6691895e+01
   6.5371140e+06   4.3762207e+01
   6.5371370e+06   4.0161133e+01
   6.5371700e+06   4.0771484e+01
   6.5372120e+06   5.2551270e+01
   6.5372490e+06   5.0415039e+01
   6.5372960e+06   4.1137695e+01
   6.5373400e+06   5.9020996e+01
   6.5373840e+06   4.0161133e+01
   6.5374840e+06   3.9306641e+01
   6.5375140e+06   4.0954590e+01
   6.5375690e+06   4.6264648e+01
   6.5376550e+06   4.8706055e+01
   6.5377440e+06   4.1320801e+01
   6.5379970e+06   4.1992188e+01
   6.5380620e+06   3.9245605e+01
   6.5381610e+06   4.2663574e+01
   6.5382880e+06   3.9306641e+01
   6.5383350e+06   4.0161133e+01
   6.5383490e+06   3.8940430e+01
   6.5386070e+06   5.6274414e+01
   6.5387740e+06   3.8452148e+01
   6.5391440e+06   4.5288086e+01
   6.5874720e+06   4.0466309e+01
   6.5875440e+06   6.7932129e+01
   6.5875770e+06   4.8461914e+01
   6.5875960e+06   7.1350098e+01
   6.5876250e+06   4.5654297e+01
   6.5876520e+06   4.9804688e+01
   6.5876680e+06   5.0292969e+01
   6.5876910e+06   4.7851563e+01
   6.5877910e+06   4.3579102e+01
   6.5878090e+06   4.1198730e+01
   6.5878340e+06   4.6264648e+01
   6.5878550e+06   5.2429199e+01
   6.5879170e+06   4.3640137e+01
   6.5879900e+06   4.1442871e+01
   6.5880320e+06   5.6335449e+01
   6.5880990e+06   4.5959473e+01
   6.5882260e+06   5.8715820e+01
   6.5883130e+06   4.4799805e+01
   6.5883280e+06   4.8461914e+01
   6.5883880e+06   4.1687012e+01
   6.5884180e+06   5.3833008e+01
   6.5884550e+06   3.9489746e+01
   6.5885140e+06   4.1870117e+01
   6.5885420e+06   4.6630859e+01
   6.5886030e+06   4.0710449e+01
   6.5886620e+06   3.9001465e+01
   6.5887580e+06   4.1015625e+01
   6.5888470e+06   5.2917480e+01
   6.5888810e+06   4.4555664e+01
   6.5888970e+06   4.0466309e+01
   6.5889890e+06   3.9062500e+01
   6.5891950e+06   5.1269531e+01
   6.6291910e+06   4.0161133e+01
   6.6487190e+06   4.1748047e+01
   6.6552430e+06   5.3405762e+01
   6.6552550e+06   4.1748047e+01
   6.6552690e+06   4.2419434e+01
   6.6553050e+06   8.6486816e+01
   6.6553570e+06   6.0241699e+01
   6.6553800e+06   4.4799805e+01
   6.6554220e+06   7.2814941e+01
   6.6554400e+06   4.3395996e+01
   6.6555620e+06   6.6162109e+01
   6.6654780e+06   5.0170898e+01
   6.6655270e+06   7.3974609e+01
   6.6655500e+06   3.9611816e+01
   6.6655810e+06   6.3232422e+01
   6.6656170e+06   4.0283203e+01
   6.6656500e+06   6.3537598e+01
   6.6656740e+06   6.2377930e+01
   6.6657160e+06   4.4860840e+01
   6.6657280e+06   6.1096191e+01
   6.6657550e+06   4.4189453e+01
   6.6657910e+06   4.2968750e+01
   6.6658620e+06   4.1015625e+01
   6.7304700e+06   4.2785645e+01
   6.7311890e+06   4.0344238e+01
   6.7389430e+06   4.4982910e+01
   6.7389710e+06   9.2529297e+01
   6.7390320e+06   5.0476074e+01
   6.7390610e+06   6.3293457e+01
   6.7390750e+06   4.6630859e+01
   6.7391120e+06   5.5725098e+01
   6.7391390e+06   8.0200195e+01
   6.7391550e+06   5.3955078e+01
   6.7391710e+06   4.7058105e+01
   6.7392560e+06   3.8269043e+01
   6.7394540e+06   4.3029785e+01
   6.7552040e+06   4.1137695e+01
   6.7804280e+06   3.9123535e+01
   6.8167440e+06   4.2602539e+01
   6.8167820e+06   7.3913574e+01
   6.8168320e+06   4.6691895e+01
   6.8168730e+06   5.8593750e+01
   6.8168910e+06   4.4921875e+01
   6.8169300e+06   4.6569824e+01
   6.8169610e+06   7.7392578e+01
   6.8169890e+06   3.9001465e+01
   6.8170360e+06   3.9611816e+01
   6.8801870e+06   4.1992188e+01
   6.9874630e+06   4.6997070e+01
   6.9874870e+06   8.9660645e+01
   6.9875050e+06   5.1025391e+01
   6.9875240e+06   4.5471191e+01
   6.9875430e+06   5.7189941e+01
   6.9875740e+06   4.7729492e+01
   6.9876070e+06   7.7880859e+01
   6.9876580e+06   3.9611816e+01
   6.9876690e+06   4.1931152e+01
   7.0244930e+06   3.8818359e+01
   7.0756510e+06   5.4260254e+01
   7.0756860e+06   9.5214844e+01
   7.0757020e+06   3.8269043e+01
   7.0757280e+06   8.4838867e+01
   7.0757440e+06   5.1635742e+01
   7.0757760e+06   5.3466797e+01
   7.0758360e+06   3.9123535e+01
   7.0758600e+06   4.7180176e+01
   7.0759900e+06   3.9489746e+01
   7.1069660e+06   4.5776367e+01
   7.2008510e+06   4.0100098e+01
   7.2008780e+06   5.9448242e+01
   7.2008900e+06   6.2683105e+01
   7.2009130e+06   4.6264648e+01
   7.2009390e+06   7.7453613e+01
   7.2009600e+06   4.6386719e+01
   7.2009840e+06   4.0283203e+01
   7.2009960e+06   4.0283203e+01
   7.2010100e+06   4.0649414e+01
   7.2010320e+06   5.4138184e+01
   7.2010570e+06   5.0048828e+01
   7.2011140e+06   5.7128906e+01
   7.2584040e+06   3.9001465e+01
   7.2635060e+06   3.9245605e+01
   7.3524230e+06   4.0771484e+01
   7.3524780e+06   4.1137695e+01
   7.3844130e+06   3.9855957e+01
   7.3847000e+06   3.9794922e+01
   7.4357630e+06   4.2785645e+01
   7.4361030e+06   3.9794922e+01
   7.5078000e+06   3.9611816e+01
   7.5467250e+06   5.7128906e+01
   7.5467560e+06   4.6997070e+01
   7.5467850e+06   7.0678711e+01
   7.5468520e+06   7.6171875e+01
   7.5468860e+06   5.9631348e+01
   7.5469460e+06   4.0100098e+01
   7.5469770e+06   5.6335449e+01
   7.5470530e+06   6.6894531e+01
   7.5698710e+06   8.8684082e+01
   7.5699280e+06   7.4401855e+01
   7.6004500e+06   4.7180176e+01
   7.6004730e+06   9.1003418e+01
   7.6004920e+06   4.9377441e+01
   7.6005200e+06   6.2133789e+01
   7.6005530e+06   5.2612305e+01
   7.6005670e+06   8.4167480e+01
   7.6005980e+06   3.9855957e+01
   7.6006410e+06   4.8828125e+01
   7.6006700e+06   4.0222168e+01
   7.6006900e+06   5.8227539e+01
   7.6007290e+06   5.2917480e+01
   7.6007510e+06   4.9865723e+01
   7.6008180e+06   4.0466309e+01
   7.6008490e+06   3.8452148e+01
   7.6009210e+06   4.0954590e+01
   7.6010450e+06   4.9560547e+01
   7.6010690e+06   4.1931152e+01
   7.6011250e+06   4.0893555e+01
   7.6012580e+06   4.2358398e+01
   7.6015340e+06   5.2734375e+01
   7.6016010e+06   4.3579102e+01
   7.6016720e+06   4.6142578e+01
   7.6020000e+06   4.8461914e+01
   7.6021880e+06   5.0781250e+01
   7.6024280e+06   4.1564941e+01
   7.6024390e+06   5.9509277e+01
   7.6026310e+06   3.9916992e+01
   7.6463670e+06   4.8706055e+01
   7.6471330e+06   4.4006348e+01
   7.6471580e+06   6.7016602e+01
   7.6511620e+06   4.2114258e+01
   7.6512320e+06   4.1870117e+01
   7.6694830e+06   3.9245605e+01
   7.6694960e+06   8.8256836e+01
   7.6695490e+06   7.1105957e+01
   7.6695910e+06   6.8054199e+01
   7.6696130e+06   4.5410156e+01
   7.6696660e+06   3.9672852e+01
   7.6696990e+06   6.9274902e+01
   7.6697650e+06   7.9345703e+01
   7.6697940e+06   6.0668945e+01
   7.6698390e+06   6.6955566e+01
   7.6698540e+06   4.3884277e+01
   7.6699430e+06   6.9213867e+01
   7.6699950e+06   4.3884277e+01
   7.6701430e+06   4.2724609e+01
   7.6702310e+06   8.3679199e+01
   7.6702880e+06   3.8330078e+01
   7.6702990e+06   5.7495117e+01
   7.6703360e+06   3.8391113e+01
   7.6704260e+06   5.5419922e+01
   7.6704740e+06   4.3151855e+01
   7.6707630e+06   5.4199219e+01
   7.7067400e+06   1.1553955e+02
   7.7067680e+06   6.7687988e+01
   7.7067930e+06   4.2724609e+01
   7.7068080e+06   4.6936035e+01
   7.7068410e+06   4.1931152e+01
   7.7068640e+06   3.9306641e+01
   7.7069070e+06   4.0649414e+01
   7.7069250e+06   4.3518066e+01
   7.7069770e+06   4.2602539e+01
   7.7070110e+06   3.9306641e+01
   7.7070690e+06   4.9011230e+01
   7.7071090e+06   5.3039551e+01
   7.7071790e+06   3.9123535e+01
   7.7071920e+06   3.8513184e+01
   7.7072250e+06   3.9428711e+01
   7.7072760e+06   4.0222168e+01
   7.7073670e+06   3.9306641e+01
   7.7074500e+06   4.3212891e+01
   7.7077130e+06   5.0598145e+01
   7.7078530e+06   4.1625977e+01
   7.7079020e+06   3.9916992e+01
   7.7080110e+06   4.0405273e+01
   7.7080520e+06   3.8757324e+01
   7.7080900e+06   3.8391113e+01
   7.7082210e+06   4.3823242e+01
   7.7084190e+06   4.0893555e+01
   7.7086690e+06   4.3395996e+01
   7.7087000e+06   4.0222168e+01
   7.7088050e+06   4.1748047e+01
   7.7088300e+06   4.1259766e+01
   7.7090780e+06   3.9428711e+01
   7.7092570e+06   3.9367676e+01
   7.7094330e+06   5.6884766e+01
   7.7095580e+06   3.8940430e+01
   7.7538220e+06   3.9794922e+01
   7.7572780e+06   3.8574219e+01
   7.7572880e+06   4.1625977e+01
   7.7573170e+06   1.2060547e+02
   7.7573720e+06   6.3903809e+01
   7.7573950e+06   5.5541992e+01
   7.7574200e+06   4.7180176e+01
   7.7574380e+06   4.5471191e+01
   7.7574640e+06   4.7302246e+01
   7.7574750e+06   5.3955078e+01
   7.7575290e+06   4.8889160e+01
   7.7575810e+06   4.5898438e+01
   7.7576480e+06   3.9001465e+01
   7.7577050e+06   4.4677734e+01
   7.7578020e+06   4.4250488e+01
   7.7578150e+06   5.1574707e+01
   7.7578790e+06   3.9855957e+01
   7.7579190e+06   4.0710449e+01
   7.7579330e+06   5.3344727e+01
   7.7579750e+06   4.0344238e+01
   7.7580070e+06   4.7180176e+01
   7.7580820e+06   3.8330078e+01
   7.7582100e+06   4.0466309e+01
   7.7583130e+06   5.1757813e+01
   7.7583720e+06   4.0466309e+01
   7.7584200e+06   4.1381836e+01
   7.7586210e+06   3.9550781e+01
   7.7586790e+06   4.6569824e+01
   7.7587320e+06   3.8330078e+01
   7.7589060e+06   5.1818848e+01
   7.7590770e+06   4.9377441e+01
   7.7592540e+06   4.9072266e+01
   7.7592770e+06   4.0222168e+01
   7.7851220e+06   4.0649414e+01
   7.7852180e+06   4.3640137e+01
   7.7852280e+06   1.2011719e+02
   7.7852800e+06   7.4401855e+01
   7.7853030e+06   5.9326172e+01
   7.7853240e+06   7.5073242e+01
   7.7853430e+06   4.1564941e+01
   7.7853550e+06   5.9509277e+01
   7.7853780e+06   4.4555664e+01
   7.7853980e+06   4.5227051e+01
   7.7854500e+06   4.2846680e+01
   7.7854850e+06   4.0100098e+01
   7.7855050e+06   4.2663574e+01
   7.7855190e+06   5.8105469e+01
   7.7855670e+06   3.9550781e+01
   7.7856020e+06   4.1503906e+01
   7.7856530e+06   4.2541504e+01
   7.7857110e+06   3.9428711e+01
   7.7857600e+06   3.9062500e+01
   7.7857790e+06   3.8696289e+01
   7.7859020e+06   4.3273926e+01
   7.7859520e+06   4.0710449e+01
   7.7860260e+06   4.1809082e+01
   7.7860730e+06   5.3222656e+01
   7.7860870e+06   4.3518066e+01
   7.7861040e+06   4.1687012e+01
   7.7861930e+06   4.5043945e+01
   7.7863490e+06   4.0893555e+01
   7.7864200e+06   3.9794922e+01
   7.7865480e+06   4.1748047e+01
   7.7865930e+06   4.3334961e+01
   7.7867090e+06   5.0292969e+01
   7.7869230e+06   4.1198730e+01
   7.7870980e+06   4.0161133e+01
   7.7871540e+06   4.7851563e+01
   7.7872830e+06   5.9387207e+01
   7.7875970e+06   4.3273926e+01
   7.7877650e+06   3.9489746e+01
   7.7879160e+06   5.9814453e+01
   7.7879840e+06   3.9428711e+01
   7.7880060e+06   3.9367676e+01
   7.7888720e+06   4.2419434e+01
   7.8275460e+06   7.4523926e+01
   7.8275620e+06   4.2724609e+01
   7.8275910e+06   7.6782227e+01
   7.8276040e+06   6.0485840e+01
   7.8276270e+06   7.7697754e+01
   7.8276540e+06   5.2368164e+01
   7.8276710e+06   6.9946289e+01
   7.8277130e+06   4.4372559e+01
   7.8277440e+06   5.5480957e+01
   7.8277650e+06   4.6569824e+01
   7.8278110e+06   4.4189453e+01
   7.8278360e+06   4.7790527e+01
   7.8278720e+06   4.0832520e+01
   7.8278920e+06   5.3955078e+01
   7.8279020e+06   5.3466797e+01
   7.8279350e+06   5.3283691e+01
   7.8279680e+06   4.3273926e+01
   7.8280390e+06   3.9184570e+01
   7.8282490e+06   4.8461914e+01
   7.8285420e+06   4.2663574e+01
   7.8286100e+06   4.1564941e+01
   7.8287010e+06   4.0039063e+01
   7.8290830e+06   5.0109863e+01
   7.8293230e+06   3.9916992e+01
   7.8294120e+06   4.4433594e+01
   7.8295200e+06   4.1442871e+01
   7.8296930e+06   4.1870117e+01
   7.8299700e+06   4.8339844e+01
   7.8300420e+06   6.7077637e+01
   7.8300910e+06   4.5959473e+01
   7.8301910e+06   4.2480469e+01
   7.8307650e+06   4.8950195e+01
   7.8314150e+06   3.9794922e+01
   7.8314600e+06   3.9916992e+01
   7.8314950e+06   4.4494629e+01
   7.8780770e+06   9.6069336e+01
   7.8781270e+06   4.3762207e+01
   7.8781740e+06   5.5664063e+01
   7.8782020e+06   4.2419434e+01
   7.8782380e+06   5.4870605e+01
   7.8782490e+06   4.6325684e+01
   7.8782890e+06   6.4147949e+01
   7.8783090e+06   4.5898438e+01
   7.8783480e+06   5.6701660e+01
   7.8784710e+06   4.7668457e+01
   7.8785180e+06   4.1137695e+01
   7.8785410e+06   4.5410156e+01
   7.8785570e+06   3.8391113e+01
   7.8785800e+06   4.1015625e+01
   7.8786050e+06   4.5776367e+01
   7.8786400e+06   4.8217773e+01
   7.8787140e+06   7.4768066e+01
   7.8787580e+06   4.6813965e+01
   7.8787860e+06   4.8156738e+01
   7.8788380e+06   4.8095703e+01
   7.8788690e+06   6.5856934e+01
   7.8788850e+06   4.4555664e+01
   7.8790090e+06   5.1391602e+01
   7.8791770e+06   3.8757324e+01
   7.8792640e+06   4.5471191e+01
   7.8795500e+06   3.9367676e+01
   7.8796220e+06   4.2114258e+01
   7.8798820e+06   4.4616699e+01
   7.8799800e+06   4.4616699e+01
   7.8800480e+06   3.9794922e+01
   7.8801180e+06   4.4250488e+01
   7.8803780e+06   4.4799805e+01
   7.8804040e+06   4.2907715e+01
   7.8805760e+06   3.9916992e+01
   7.8807500e+06   3.9001465e+01
   7.8807990e+06   6.7260742e+01
   7.8812050e+06   4.0344238e+01
   7.8815350e+06   3.8696289e+01
   7.8820180e+06   4.7790527e+01
   7.9237970e+06   5.0231934e+01
   7.9238150e+06   8.6303711e+01
   7.9238440e+06   5.1818848e+01
   7.9239220e+06   4.0832520e+01
   7.9239320e+06   4.6936035e+01
   7.9239560e+06   5.7983398e+01
   7.9239780e+06   8.9294434e+01
   7.9240170e+06   4.8278809e+01
   7.9240750e+06   4.2114258e+01
   7.9240880e+06   4.4250488e+01
   7.9241110e+06   4.9072266e+01
   7.9241830e+06   6.2194824e+01
   7.9242120e+06   5.1086426e+01
   7.9243050e+06   7.5622559e+01
   7.9243810e+06   4.8034668e+01
   7.9244090e+06   4.6997070e+01
   7.9244530e+06   6.2622070e+01
   7.9244930e+06   4.8645020e+01
   7.9245150e+06   3.9489746e+01
   7.9245590e+06   3.8879395e+01
   7.9246570e+06   4.0100098e+01
   7.9246680e+06   3.8574219e+01
   7.9247260e+06   4.2053223e+01
   7.9247610e+06   4.7119141e+01
   7.9247720e+06   3.9184570e+01
   7.9248070e+06   4.6020508e+01
   7.9249890e+06   4.5288086e+01
   7.9250040e+06   4.1503906e+01
   7.9250220e+06   4.6020508e+01
   7.9251060e+06   4.4372559e+01
   7.9251200e+06   5.3222656e+01
   7.9252230e+06   4.1809082e+01
   7.9260690e+06   4.3823242e+01
   7.9264990e+06   3.8574219e+01
   7.9931270e+06   3.8269043e+01
   7.9932200e+06   4.7546387e+01
   7.9932340e+06   1.1706543e+02
   7.9932500e+06   4.8706055e+01
   7.9932910e+06   5.5297852e+01
   7.9933080e+06   4.4128418e+01
   8.0173450e+06   4.4555664e+01
   8.0173690e+06   7.0800781e+01
   8.0173990e+06   4.0039063e+01
   8.0174230e+06   7.7697754e+01
   8.0174800e+06   6.1828613e+01
   8.0175320e+06   6.1096191e+01
   8.0175440e+06   4.2114258e+01
   8.0175740e+06   4.0283203e+01
   8.0176140e+06   6.7810059e+01
   8.0176460e+06   3.9550781e+01
   8.0176710e+06   5.4016113e+01
   8.0177000e+06   6.0729980e+01
   8.0177160e+06   5.3100586e+01
   8.0753970e+06   3.9794922e+01
   8.0844800e+06   4.5837402e+01
   8.0845120e+06   3.8940430e+01
   8.0845370e+06   8.3740234e+01
   8.0845640e+06   3.9672852e+01
   8.0845820e+06   9.0515137e+01
   8.0845980e+06   5.5725098e+01
   8.0846320e+06   4.4799805e+01
   8.0846730e+06   4.4738770e+01
   8.0846910e+06   3.9672852e+01
   8.0847040e+06   3.8757324e+01
   8.0847480e+06   3.9428711e+01
   8.1511820e+06   4.0893555e+01
   8.1630620e+06   3.9123535e+01
   8.1720730e+06   3.8757324e+01
   8.1741900e+06   3.9672852e+01
   8.2111110e+06   3.9245605e+01
   8.2124860e+06   4.1259766e+01
   8.2736000e+06   3.9672852e+01
   8.2737340e+06   4.0405273e+01
   8.2768810e+06   3.8513184e+01
   8.2769290e+06   4.7668457e+01
   8.2970250e+06   3.8574219e+01
   8.3524590e+06   4.0222168e+01
   8.3527220e+06   9.6862793e+01
   8.3527640e+06   4.3579102e+01
   8.3528630e+06   4.1687012e+01
   8.3530510e+06   4.0954590e+01
   8.3531050e+06   3.9733887e+01
   8.4032250e+06   3.9245605e+01
   8.4120330e+06   4.1809082e+01
   8.4122570e+06   4.2114258e+01
   8.4123350e+06   4.6020508e+01
   8.5683850e+06   7.0617676e+01
   8.5684130e+06   4.4433594e+01
   8.5684450e+06   5.7128906e+01
   8.5684560e+06   4.5410156e+01
   8.5684810e+06   5.0781250e+01
   8.5684920e+06   6.7871094e+01
   8.5685190e+06   4.0710449e+01
   8.5685360e+06   4.3884277e+01
   8.5685530e+06   5.3894043e+01
   8.5685670e+06   3.8330078e+01
   8.5686060e+06   3.8452148e+01
   8.5686830e+06   7.2998047e+01
   8.5686960e+06   4.6936035e+01
   8.6223710e+06   3.9672852e+01
   8.6244890e+06   4.5104980e+01
   8.6245380e+06   7.2937012e+01
   8.6245660e+06   5.8532715e+01
   8.6245910e+06   7.6232910e+01
   8.6246530e+06   4.1564941e+01
   8.6246740e+06   6.3049316e+01
   8.6247300e+06   4.0527344e+01
   8.6247680e+06   7.1228027e+01
   8.6667010e+06   7.4401855e+01
   8.6667650e+06   4.0954590e+01
   8.6668400e+06   1.0021973e+02
   8.6668940e+06   3.8940430e+01
   8.6669070e+06   4.5959473e+01
   8.6671200e+06   4.2236328e+01
   8.7003800e+06   8.9416504e+01
   8.7004500e+06   5.6701660e+01
   8.7004600e+06   8.0017090e+01
   8.7004880e+06   3.9794922e+01
   8.7005160e+06   7.3486328e+01
   8.7005590e+06   3.9428711e+01
   8.7005920e+06   5.9997559e+01
   8.7006530e+06   4.1381836e+01
   8.7006990e+06   7.3547363e+01
   8.7353400e+06   4.7363281e+01
   8.7353630e+06   7.5256348e+01
   8.7353840e+06   5.0109863e+01
   8.7354090e+06   6.8725586e+01
   8.7354520e+06   5.2795410e+01
   8.7354700e+06   3.9489746e+01
   8.7355100e+06   5.1635742e+01
   8.7355300e+06   4.2053223e+01
   8.7356030e+06   4.3029785e+01
   8.7356150e+06   3.9855957e+01
   8.7827610e+06   3.8513184e+01
   8.7828090e+06   4.4860840e+01
   8.7828400e+06   3.9672852e+01
   8.7906420e+06   7.8002930e+01
   8.7906940e+06   7.8857422e+01
   8.7907120e+06   4.4860840e+01
   8.7907440e+06   6.0607910e+01
   8.7907690e+06   5.2368164e+01
   8.7908420e+06   6.4941406e+01
   8.9373010e+06   3.9062500e+01
   8.9379390e+06   3.8452148e+01
   8.9490760e+06   4.0771484e+01
   8.9896090e+06   3.8330078e+01
   9.0383810e+06   3.8330078e+01
   9.0907770e+06   4.6386719e+01
   9.1776940e+06   4.5104980e+01
   9.1777600e+06   3.8879395e+01
   9.1780950e+06   3.9123535e+01
   9.1781840e+06   7.2143555e+01
   9.1782210e+06   4.0222168e+01
   9.1788180e+06   3.9672852e+01
   9.2081120e+06   3.9550781e+01
   9.2081990e+06   4.2968750e+01
   9.2082270e+06   4.0893555e+01
   9.2660660e+06   4.0649414e+01
   9.2955130e+06   4.0222168e+01
   9.2957070e+06   4.0771484e+01
   9.4025660e+06   4.4372559e+01
   9.4494790e+06   3.9245605e+01
   9.4564090e+06   7.9772949e+01
   9.4970160e+06   4.5410156e+01
   9.4970450e+06   4.4677734e+01
   9.4970930e+06   1.2670898e+02
   9.4972470e+06   5.4931641e+01
   9.5174060e+06   4.3029785e+01
   9.5345320e+06   3.8635254e+01
   9.5348010e+06   3.8818359e+01
   9.5615200e+06   9.2346191e+01
   9.5615850e+06   7.9467773e+01
   9.5616000e+06   5.3222656e+01
   9.5616370e+06   7.2937012e+01
   9.5616660e+06   4.1564941e+01
   9.5616940e+06   4.7668457e+01
   9.5628050e+06   3.8696289e+01
   9.5628570e+06   1.1676025e+02
   9.5629070e+06   4.5715332e+01
   9.5629360e+06   9.6008301e+01
   9.5629880e+06   4.9926758e+01
   9.5630260e+06   4.6569824e+01
   9.5630550e+06   4.7424316e+01
   9.5630940e+06   3.9855957e+01
   9.5631310e+06   4.2419434e+01
   9.5632700e+06   4.0954590e+01
   9.5635400e+06   4.1992188e+01
   9.5636780e+06   3.9733887e+01
   9.5639370e+06   3.9794922e+01
   9.5639600e+06   4.6997070e+01
   9.5641640e+06   6.1584473e+01
   9.5644310e+06   4.4982910e+01
   9.5645140e+06   4.3273926e+01
   9.5647250e+06   4.5898438e+01
   9.5647680e+06   4.0954590e+01
   9.6065290e+06   6.1584473e+01
   9.6065520e+06   4.2602539e+01
   9.6070580e+06   4.2419434e+01
   9.6269440e+06   6.3110352e+01
   9.6272000e+06   8.2275391e+01
   9.6272290e+06   5.0354004e+01
   9.6272600e+06   6.2866211e+01
   9.6272970e+06   4.9011230e+01
   9.6273230e+06   5.2368164e+01
   9.6273400e+06   4.6997070e+01
   9.6273550e+06   4.0893555e+01
   9.6273820e+06   4.4128418e+01
   9.6274020e+06   5.1147461e+01
   9.6274360e+06   6.2438965e+01
   9.6274620e+06   5.0842285e+01
   9.6275190e+06   4.1809082e+01
   9.6275440e+06   3.8391113e+01
   9.6275800e+06   5.2307129e+01
   9.6275900e+06   4.6264648e+01
   9.6276550e+06   4.1931152e+01
   9.6277310e+06   4.1625977e+01
   9.6279000e+06   4.1564941e+01
   9.6279900e+06   5.1330566e+01
   9.6281650e+06   4.5043945e+01
   9.6282410e+06   4.1442871e+01
   9.6283320e+06   4.2114258e+01
   9.6284510e+06   5.4382324e+01
   9.6285400e+06   4.2724609e+01
   9.6287640e+06   4.8156738e+01
   9.6288750e+06   4.0893555e+01
   9.6290230e+06   3.9245605e+01
   9.6291110e+06   4.6508789e+01
   9.6553380e+06   3.8513184e+01
   9.6553480e+06   8.1909180e+01
   9.6553990e+06   7.6110840e+01
   9.6554090e+06   3.8696289e+01
   9.6554410e+06   7.7148438e+01
   9.6554610e+06   5.3649902e+01
   9.6555020e+06   4.0100098e+01
   9.6555330e+06   5.3222656e+01
   9.6555580e+06   6.0913086e+01
   9.6555710e+06   3.9855957e+01
   9.6555820e+06   7.0556641e+01
   9.6556180e+06   4.4006348e+01
   9.6556490e+06   3.9306641e+01
   9.6557110e+06   3.9184570e+01
   9.6557220e+06   4.6142578e+01
   9.6557340e+06   4.2480469e+01
   9.6557650e+06   4.4982910e+01
   9.6557890e+06   5.1574707e+01
   9.6558960e+06   3.9306641e+01
   9.6559410e+06   3.9489746e+01
   9.6560090e+06   4.2358398e+01
   9.6560770e+06   4.1259766e+01
   9.6560880e+06   4.4494629e+01
   9.6561620e+06   3.8269043e+01
   9.6561950e+06   4.0283203e+01
   9.6563850e+06   4.0527344e+01
   9.6564540e+06   3.8513184e+01
   9.6566880e+06   4.1748047e+01
   9.6567810e+06   3.8757324e+01
   9.6568630e+06   3.8879395e+01
   9.6570830e+06   4.3457031e+01
   9.6571910e+06   4.1625977e+01
   9.6572950e+06   3.8269043e+01
   9.6574120e+06   3.8391113e+01
   9.6576410e+06   5.5236816e+01
   9.6576730e+06   4.1870117e+01
   9.6941690e+06   4.1442871e+01
   9.6941860e+06   7.4523926e+01
   9.6942130e+06   4.5837402e+01
   9.6942310e+06   5.1452637e+01
   9.6942570e+06   5.8227539e+01
   9.6942870e+06   6.1706543e+01
   9.6943040e+06   8.7158203e+01
   9.6943360e+06   4.7058105e+01
   9.6943600e+06   4.3029785e+01
   9.6943800e+06   4.1198730e+01
   9.6944150e+06   5.0781250e+01
   9.6944270e+06   4.9499512e+01
   9.6944540e+06   4.7241211e+01
   9.6944980e+06   3.8879395e+01
   9.6945200e+06   4.5532227e+01
   9.6945330e+06   3.9001465e+01
   9.6945740e+06   5.3771973e+01
   9.6946090e+06   3.8635254e+01
   9.6946220e+06   4.5471191e+01
   9.6947920e+06   4.3273926e+01
   9.6948410e+06   4.8645020e+01
   9.6948760e+06   4.3823242e+01
   9.6949500e+06   5.6579590e+01
   9.6952960e+06   4.0283203e+01
   9.6953390e+06   4.2541504e+01
   9.6953760e+06   4.0954590e+01
   9.6956330e+06   3.8513184e+01
   9.6958320e+06   3.9306641e+01
   9.6959130e+06   4.0527344e+01
   9.6961360e+06   3.9978027e+01
   9.6965010e+06   3.9855957e+01
   9.6965600e+06   6.0363770e+01
   9.6969570e+06   6.5612793e+01
   9.6974290e+06   3.9428711e+01
   9.7436350e+06   3.9978027e+01
   9.7436460e+06   9.0087891e+01
   9.7436660e+06   4.4921875e+01
   9.7436960e+06   6.2622070e+01
   9.7437160e+06   4.6936035e+01
   9.7437350e+06   7.1960449e+01
   9.7437680e+06   4.2602539e+01
   9.7437940e+06   4.7912598e+01
   9.7438420e+06   5.1391602e+01
   9.7439040e+06   4.2297363e+01
   9.7439680e+06   4.1442871e+01
   9.7440270e+06   4.4616699e+01
   9.7440380e+06   5.3283691e+01
   9.7441040e+06   4.4189453e+01
   9.7441720e+06   4.5043945e+01
   9.7443930e+06   3.8635254e+01
   9.7444160e+06   4.3518066e+01
   9.7445120e+06   4.2358398e+01
   9.7445360e+06   4.4555664e+01
   9.7446710e+06   4.2175293e+01
   9.7447120e+06   4.0832520e+01
   9.7448030e+06   4.8095703e+01
   9.7448320e+06   4.0466309e+01
   9.7449950e+06   5.5236816e+01
   9.7450380e+06   4.6020508e+01
   9.7450990e+06   4.0466309e+01
   9.7453470e+06   4.5959473e+01
   9.7454390e+06   3.9367676e+01
   9.7456340e+06   3.9001465e+01
   9.7457680e+06   5.6274414e+01
   9.7458980e+06   4.3457031e+01
   9.7462960e+06   6.0485840e+01
   9.7463290e+06   4.2236328e+01
   9.7464070e+06   4.0588379e+01
   9.7473530e+06   5.1208496e+01
   9.7473660e+06   6.2561035e+01
   9.7697940e+06   4.0588379e+01
   9.7698390e+06   7.7026367e+01
   9.7698570e+06   4.3884277e+01
   9.7698710e+06   7.3059082e+01
   9.7698980e+06   5.7861328e+01
   9.7699230e+06   5.5969238e+01
   9.7699510e+06   4.2968750e+01
   9.7699750e+06   6.7687988e+01
   9.7699860e+06   4.4189453e+01
   9.7700290e+06   5.4260254e+01
   9.7700440e+06   3.9428711e+01
   9.7701010e+06   4.5166016e+01
   9.7701380e+06   3.9794922e+01
   9.7701520e+06   5.2795410e+01
   9.7701820e+06   4.9072266e+01
   9.7702760e+06   3.9794922e+01
   9.7702870e+06   3.8635254e+01
   9.7703380e+06   4.2846680e+01
   9.7703550e+06   4.0649414e+01
   9.7703730e+06   4.2785645e+01
   9.7703860e+06   4.0466309e+01
   9.7704930e+06   4.1870117e+01
   9.7705330e+06   4.1625977e+01
   9.7705960e+06   4.6691895e+01
   9.7706670e+06   4.1259766e+01
   9.7709290e+06   3.8696289e+01
   9.7710570e+06   4.8034668e+01
   9.7711940e+06   4.0039062e+01
   9.7713810e+06   4.3151855e+01
   9.7714710e+06   3.8940430e+01
   9.7715370e+06   4.1625977e+01
   9.7715510e+06   4.2907715e+01
   9.7719320e+06   3.9001465e+01
   9.8089470e+06   4.2480469e+01
   9.8260740e+06   3.8330078e+01
   9.8261360e+06   8.3984375e+01
   9.8261760e+06   3.9978027e+01
   9.8261900e+06   7.7880859e+01
   9.8262140e+06   4.5959473e+01
   9.8262330e+06   5.0476074e+01
   9.8262500e+06   5.4687500e+01
   9.8262800e+06   5.0048828e+01
   9.8263440e+06   5.8654785e+01
   9.8263950e+06   4.9377441e+01
   9.8264300e+06   4.1809082e+01
   9.8264450e+06   6.8969727e+01
   9.8265270e+06   3.9611816e+01
   9.8265580e+06   5.0048828e+01
   9.8266050e+06   3.8635254e+01
   9.8266160e+06   4.8767090e+01
   9.8266290e+06   3.9245605e+01
   9.8266690e+06   4.4006348e+01
   9.8267560e+06   4.2907715e+01
   9.8268000e+06   4.0527344e+01
   9.8268610e+06   4.1992188e+01
   9.8269530e+06   3.9367676e+01
   9.8270740e+06   3.8330078e+01
   9.8270970e+06   4.5654297e+01
   9.8272050e+06   4.1015625e+01
   9.8274770e+06   4.0710449e+01
   9.8274970e+06   3.9184570e+01
   9.8275560e+06   4.1259766e+01
   9.8277640e+06   4.8034668e+01
   9.8277970e+06   3.9184570e+01
   9.8280080e+06   3.9489746e+01
   9.8282120e+06   3.9978027e+01
   9.8284350e+06   4.0100098e+01
   9.8284880e+06   3.8757324e+01
   9.8285200e+06   4.6020508e+01
   9.8286540e+06   4.0100098e+01
   9.8291270e+06   6.4758301e+01
   9.8292710e+06   4.2419434e+01
   9.8297250e+06   4.0161133e+01
   9.8740550e+06   8.5327148e+01
   9.8740820e+06   4.8400879e+01
   9.8740970e+06   7.6538086e+01
   9.8741240e+06   6.1157227e+01
   9.8741520e+06   4.5349121e+01
   9.8741810e+06   5.3527832e+01
   9.8742030e+06   4.8339844e+01
   9.8742340e+06   6.9763184e+01
   9.8742640e+06   4.0405273e+01
   9.8743190e+06   4.6569824e+01
   9.8743620e+06   4.6386719e+01
   9.8743940e+06   4.6569824e+01
   9.8744450e+06   4.2419434e+01
   9.8745050e+06   4.4006348e+01
   9.8745180e+06   3.9550781e+01
   9.8746070e+06   4.5959473e+01
   9.8746210e+06   4.3884277e+01
   9.8746600e+06   5.5358887e+01
   9.8746740e+06   3.8391113e+01
   9.8747350e+06   3.8635254e+01
   9.8749690e+06   4.1259766e+01
   9.8751730e+06   4.2907715e+01
   9.8752000e+06   4.4311523e+01
   9.8752550e+06   3.8757324e+01
   9.8752880e+06   4.1442871e+01
   9.8756550e+06   4.5898438e+01
   9.8757660e+06   3.8574219e+01
   9.8760370e+06   4.1992188e+01
   9.8762690e+06   4.2968750e+01
   9.8764020e+06   4.9255371e+01
   9.8764670e+06   5.2368164e+01
   9.8769290e+06   5.2612305e+01
   9.9333470e+06   8.7158203e+01
   9.9333750e+06   5.8227539e+01
   9.9333890e+06   7.7819824e+01
   9.9334270e+06   8.0810547e+01
   9.9334540e+06   4.1748047e+01
   9.9334820e+06   6.7443848e+01
   9.9334920e+06   4.4372559e+01
   9.9335250e+06   4.6875000e+01
   9.9336850e+06   4.2419434e+01
   9.9337290e+06   4.1076660e+01
   9.9337400e+06   4.8339844e+01
   9.9337700e+06   4.0771484e+01
   9.9338130e+06   4.9316406e+01
   9.9338270e+06   4.2602539e+01
   9.9338790e+06   4.8767090e+01
   9.9339030e+06   4.2114258e+01
   9.9339690e+06   5.0659180e+01
   9.9340030e+06   3.8574219e+01
   9.9340380e+06   4.5288086e+01
   9.9340820e+06   3.9123535e+01
   9.9341530e+06   3.8269043e+01
   9.9342130e+06   4.6508789e+01
   9.9342970e+06   4.0039063e+01
   9.9344000e+06   4.3518066e+01
   9.9344320e+06   3.9733887e+01
   9.9344830e+06   4.2053223e+01
   9.9345420e+06   4.2114258e+01
   9.9347570e+06   4.2846680e+01
   9.9348210e+06   4.8583984e+01
   9.9349450e+06   4.7424316e+01
   9.9349960e+06   5.6335449e+01
   9.9352490e+06   5.7006836e+01
   9.9353600e+06   4.3090820e+01
   9.9353820e+06   3.8391113e+01
   9.9358400e+06   6.8908691e+01
   9.9363530e+06   4.0832520e+01
   9.9364220e+06   4.5959473e+01
   1.0001726e+07   6.1157227e+01
   1.0001744e+07   5.6579590e+01
   1.0001785e+07   5.0598145e+01
   1.0001796e+07   8.9355469e+01
   1.0001837e+07   4.5959473e+01
   1.0001858e+07   4.1259766e+01
   1.0001882e+07   3.9062500e+01
   1.0001896e+07   5.2856445e+01
   1.0001933e+07   5.2978516e+01
   1.0001957e+07   5.4565430e+01
   1.0001983e+07   4.8278809e+01
   1.0001996e+07   4.1625977e+01
   1.0002049e+07   4.3640137e+01
   1.0002063e+07   3.8452148e+01
   1.0002123e+07   4.2236328e+01
   1.0002220e+07   4.4982910e+01
   1.0002256e+07   4.0832520e+01
   1.0002303e+07   4.0039063e+01
   1.0003138e+07   3.8391113e+01
   1.0050289e+07   4.6081543e+01
   1.0050309e+07   6.2622070e+01
   1.0050343e+07   4.0100098e+01
   1.0050381e+07   7.0556641e+01
   1.0050439e+07   4.1809082e+01
   1.0050464e+07   6.7016602e+01
   1.0050475e+07   7.3120117e+01
   1.0050507e+07   4.6203613e+01
   1.0050587e+07   6.7504883e+01
   1.0050638e+07   3.9428711e+01
   1.0082312e+07   3.8818359e+01
   1.0083890e+07   3.8757324e+01
   1.0166917e+07   4.3395996e+01
   1.0335442e+07   4.1076660e+01
   1.0335961e+07   4.0283203e+01
   1.0369610e+07   4.2114258e+01
   1.0369938e+07   4.0344238e+01
   1.0468030e+07   3.8696289e+01
   1.0485537e+07   4.8583984e+01
   1.0485685e+07   4.2114258e+01
   1.0584951e+07   4.2419434e+01
   1.0585029e+07   4.0405273e+01
   1.0656615e+07   4.1564941e+01
   1.0656686e+07   4.0527344e+01
   1.0656723e+07   3.9978027e+01
   1.0683897e+07   4.8950195e+01
   1.0723853e+07   3.9245605e+01
   1.0767574e+07   5.1818848e+01
   1.0767654e+07   8.5632324e+01
   1.0802218e+07   3.8269043e+01
   1.0802316e+07   4.1442871e+01
   1.0874963e+07   4.1870117e+01
   1.0880859e+07   3.9245605e+01
   1.0905221e+07   9.5031738e+01
   1.0905271e+07   8.0322266e+01
   1.0905282e+07   5.3039551e+01
   1.0905304e+07   6.6284180e+01
   1.0905401e+07   3.8391113e+01
   1.0905433e+07   4.4982910e+01
   1.1078050e+07   7.0434570e+01
   1.1086080e+07   3.8818359e+01
   1.1191503e+07   4.1381836e+01
   1.1214034e+07   8.8256836e+01
   1.1214046e+07   4.9682617e+01
   1.1214088e+07   8.3862305e+01
   1.1214136e+07   6.5734863e+01
   1.1214154e+07   5.2307129e+01
   1.1214175e+07   4.1625977e+01
   1.1225483e+07   4.8034668e+01
   1.1226309e+07   4.1625977e+01
   1.1255654e+07   3.8513184e+01
   1.1309577e+07   3.9794922e+01
   1.1338110e+07   4.0771484e+01
   1.1346474e+07   3.9978027e+01
   1.1372408e+07   4.4067383e+01
   1.1372446e+07   3.8757324e+01
   1.1413662e+07   3.9978027e+01
   1.1425016e+07   4.2297363e+01
   1.1425429e+07   4.1198730e+01
   1.1479469e+07   4.1381836e+01
   1.1503422e+07   3.9306641e+01
   1.1512895e+07   3.9428711e+01
   1.1513238e+07   4.4860840e+01
   1.1613220e+07   3.8391113e+01
   1.1693148e+07   3.9550781e+01
   1.1729271e+07   3.9062500e+01
   1.1729409e+07   4.2846680e+01
   1.1745025e+07   4.7119141e+01
   1.1849163e+07   4.3212891e+01
   1.1972185e+07   4.1259766e+01
