   1.1996000e+07   0.0000000e+00
   7.9202000e+04   4.3334961e+01
   8.7069000e+04   2.6782227e+02
   8.7082000e+04   4.4006348e+01
   8.7120000e+04   4.1992188e+01
   8.7171000e+04   4.5043945e+01
   1.7277700e+05   4.1931152e+01
   2.4787100e+05   4.1564941e+01
   2.4792000e+05   3.9672852e+01
   2.4856800e+05   2.5433350e+02
   2.4857900e+05   6.4086914e+01
   2.4863700e+05   5.4809570e+01
   2.6694500e+05   2.6263428e+02
   2.6695600e+05   5.3222656e+01
   2.8632900e+05   4.0161133e+01
   3.0672400e+05   4.6081543e+01
   3.3369300e+05   4.0039063e+01
   3.7349700e+05   4.3395996e+01
   3.7361000e+05   4.1015625e+01
   3.7364700e+05   5.3466797e+01
   3.7368600e+05   3.9794922e+01
   4.1426900e+05   2.6507568e+02
   4.1427900e+05   5.9570313e+01
   4.1445400e+05   4.9987793e+01
   4.3400800e+05   4.0954590e+01
   4.9761100e+05   4.2175293e+01
   4.9765000e+05   7.0800781e+01
   4.9780600e+05   3.9001465e+01
   4.9783100e+05   2.7410889e+02
   4.9784500e+05   5.2734375e+01
   5.4032400e+05   3.9306641e+01
   5.4669800e+05   3.9550781e+01
   5.4871100e+05   4.5349121e+01
   6.0085500e+05   4.0893555e+01
   6.2628900e+05   2.5604248e+02
   6.2629900e+05   5.6030273e+01
   6.3184300e+05   4.0100098e+01
   6.3186900e+05   2.6434326e+02
   6.3188100e+05   7.0983887e+01
   6.3190400e+05   3.9123535e+01
   6.3782400e+05   2.3773193e+02
   6.3783600e+05   4.0893555e+01
   6.6311300e+05   2.6538086e+02
   6.6312800e+05   4.1259766e+01
   6.6840700e+05   4.3212891e+01
   6.8127100e+05   4.0649414e+01
   6.8132000e+05   2.7038574e+02
   6.8133800e+05   6.9335937e+01
   6.8136400e+05   5.1391602e+01
   6.8138400e+05   6.3476563e+01
   6.8140500e+05   1.9488525e+02
   6.8142000e+05   4.1198730e+01
   6.8145100e+05   4.9804688e+01
   6.8147800e+05   1.5588379e+02
   6.8149900e+05   4.1198730e+01
   6.8153600e+05   4.6447754e+01
   6.8155500e+05   2.0471191e+02
   6.8157500e+05   4.8156738e+01
   6.8166900e+05   1.4721680e+02
   6.8168200e+05   5.3100586e+01
   6.8179200e+05   1.5759277e+02
   6.8180700e+05   3.9794922e+01
   7.0083000e+05   4.0954590e+01
   7.2341600e+05   3.8879395e+01
   7.3520500e+05   3.8940430e+01
   7.3530500e+05   4.3579102e+01
   7.3537400e+05   4.3029785e+01
   7.3553400e+05   3.9306641e+01
   7.3558700e+05   7.3486328e+01
   7.3562100e+05   4.0283203e+01
   7.3563400e+05   5.1574707e+01
   7.3564700e+05   2.2552490e+02
   7.3572700e+05   6.2500000e+01
   7.3577700e+05   1.8896484e+02
   7.3578700e+05   6.1401367e+01
   7.3580900e+05   4.3762207e+01
   7.7543200e+05   4.2358398e+01
   7.9373800e+05   4.4738770e+01
   8.1297700e+05   5.0537109e+01
   8.2048100e+05   4.4433594e+01
   8.3444600e+05   3.9367676e+01
   8.3451500e+05   5.3710938e+01
   8.3453500e+05   4.4677734e+01
   8.3458100e+05   5.1147461e+01
   8.3460300e+05   2.4572754e+02
   8.3461400e+05   4.3273926e+01
   8.3463900e+05   5.5969238e+01
   8.3466300e+05   4.2053223e+01
   8.3468300e+05   2.5402832e+02
   8.3473200e+05   5.7678223e+01
   8.3475800e+05   5.9936523e+01
   8.3479700e+05   4.9438477e+01
   8.3483800e+05   2.0715332e+02
   8.3487700e+05   4.6142578e+01
   8.8109400e+05   4.0161133e+01
   8.8113500e+05   5.6945801e+01
   8.8116600e+05   4.2724609e+01
   8.8118000e+05   4.3518066e+01
   8.8120900e+05   2.2857666e+02
   8.8122100e+05   6.0241699e+01
   8.8125700e+05   5.0720215e+01
   8.8127800e+05   6.9213867e+01
   8.8130700e+05   5.8288574e+01
   8.8135100e+05   4.4372559e+01
   8.8136300e+05   4.9987793e+01
   8.8139100e+05   1.7083740e+02
   8.8141700e+05   4.3151855e+01
   8.8143900e+05   4.8706055e+01
   8.8145900e+05   1.1053467e+02
   8.8147500e+05   5.8227539e+01
   8.8149400e+05   3.9306641e+01
   8.8153800e+05   9.6435547e+01
   8.8155100e+05   4.9987793e+01
   8.8158800e+05   4.9316406e+01
   8.8160600e+05   5.5175781e+01
   8.8162300e+05   1.1505127e+02
   8.8165700e+05   4.9743652e+01
   8.8167200e+05   4.0893555e+01
   8.8172600e+05   1.2402344e+02
   8.8173600e+05   5.0842285e+01
   8.8180700e+05   8.3435059e+01
   8.8189400e+05   9.2895508e+01
   8.8192100e+05   4.5043945e+01
   8.8199100e+05   9.1796875e+01
   8.8200600e+05   4.2663574e+01
   8.8202100e+05   4.1137695e+01
   8.8209900e+05   5.9143066e+01
   8.8221600e+05   9.6618652e+01
   8.8222800e+05   4.5959473e+01
   8.8231900e+05   3.8879395e+01
   8.8234100e+05   1.0778809e+02
   8.8249700e+05   4.3762207e+01
   8.8265300e+05   1.4117432e+02
   8.8267300e+05   5.4870605e+01
   8.8272100e+05   4.1442871e+01
   8.8311700e+05   1.1822510e+02
   9.5620300e+05   4.7119141e+01
   9.5627900e+05   1.0113525e+02
   9.5629700e+05   4.7119141e+01
   9.5631000e+05   3.9550781e+01
   9.5634600e+05   6.7016602e+01
   9.5637400e+05   4.1625977e+01
   9.5640200e+05   4.3640137e+01
   9.5644600e+05   4.3884277e+01
   9.5646600e+05   2.4865723e+02
   9.5647600e+05   7.1960449e+01
   9.5652200e+05   4.3640137e+01
   9.5660100e+05   5.0048828e+01
   9.5697400e+05   3.9916992e+01
   9.9025100e+05   3.8818359e+01
   9.9038900e+05   4.0466309e+01
   9.9044300e+05   4.2602539e+01
   9.9045800e+05   4.2297363e+01
   9.9049300e+05   4.8522949e+01
   9.9051200e+05   4.0039063e+01
   9.9052900e+05   2.3718262e+02
   9.9054700e+05   6.6284180e+01
   9.9060500e+05   6.2805176e+01
   9.9061800e+05   6.4025879e+01
   9.9064300e+05   4.0100098e+01
   9.9070800e+05   7.5500488e+01
   9.9072200e+05   1.5911865e+02
   9.9078900e+05   4.3762207e+01
   9.9080500e+05   4.6630859e+01
   9.9085600e+05   1.8804932e+02
   9.9089000e+05   4.7729492e+01
   9.9103400e+05   5.1269531e+01
   9.9117700e+05   1.9641113e+02
   9.9119200e+05   4.5654297e+01
   9.9242100e+05   4.0222168e+01
   1.0221520e+06   4.1137695e+01
   1.0546400e+06   4.0893555e+01
   1.0546510e+06   5.1696777e+01
   1.0546920e+06   7.8491211e+01
   1.0547020e+06   7.3730469e+01
   1.0547390e+06   4.8156738e+01
   1.0547580e+06   8.3862305e+01
   1.0547940e+06   4.3762207e+01
   1.0548210e+06   7.3852539e+01
   1.0548580e+06   2.0184326e+02
   1.0548700e+06   5.9692383e+01
   1.0549440e+06   4.3884277e+01
   1.0549550e+06   1.8548584e+02
   1.0549790e+06   4.0954590e+01
   1.0550050e+06   5.3283691e+01
   1.0550290e+06   9.9121094e+01
   1.0550680e+06   5.9326172e+01
   1.0550940e+06   4.5227051e+01
   1.0551470e+06   1.2402344e+02
   1.0552610e+06   1.2518311e+02
   1.0553030e+06   3.9001465e+01
   1.0553650e+06   4.0405273e+01
   1.0553750e+06   4.9377441e+01
   1.0554690e+06   1.7010498e+02
   1.0554790e+06   4.9377441e+01
   1.0557100e+06   1.5838623e+02
   1.0558690e+06   4.2541504e+01
   1.1079470e+06   4.7607422e+01
   1.1084400e+06   4.2846680e+01
   1.1426220e+06   4.4006348e+01
   1.1477170e+06   4.5227051e+01
   1.1477900e+06   4.2236328e+01
   1.1648230e+06   4.2053223e+01
   1.2160610e+06   3.9306641e+01
   1.2427920e+06   2.4298096e+02
   1.2428030e+06   5.5786133e+01
   1.2544090e+06   4.8522949e+01
   1.2709160e+06   3.9367676e+01
   1.2913860e+06   4.0039063e+01
   1.3189100e+06   4.8400879e+01
   1.3742680e+06   4.2785645e+01
   1.3840530e+06   4.5166016e+01
   1.3911790e+06   3.9672852e+01
   1.4066560e+06   3.8818359e+01
   1.4231820e+06   2.2344971e+02
   1.4231940e+06   4.4799805e+01
   1.4295480e+06   3.9306641e+01
   1.4495940e+06   2.4682617e+02
   1.4496040e+06   5.5969238e+01
   1.4564710e+06   3.8879395e+01
   1.4569160e+06   2.6385498e+02
   1.4569260e+06   6.3537598e+01
   1.4885950e+06   3.9245605e+01
   1.5092810e+06   4.0527344e+01
   1.5187690e+06   3.9367676e+01
   1.5228220e+06   3.8818359e+01
   1.5383210e+06   2.4615479e+02
   1.5383310e+06   5.5847168e+01
   1.5771750e+06   4.6081543e+01
   1.6020790e+06   2.3956299e+02
   1.6020890e+06   6.9152832e+01
   1.6172960e+06   3.9001465e+01
   1.6213910e+06   2.6245117e+02
   1.6295680e+06   2.2607422e+02
   1.6295790e+06   6.1279297e+01
   1.6314150e+06   3.9489746e+01
   1.6600160e+06   4.5654297e+01
   1.6601690e+06   2.3333740e+02
   1.6601810e+06   5.2185059e+01
   1.6765990e+06   3.9550781e+01
   1.7174660e+06   2.3797607e+02
   1.7174790e+06   4.6997070e+01
   1.7200940e+06   2.4285889e+02
   1.7201040e+06   6.2988281e+01
   1.7473440e+06   3.9794922e+01
   1.7777670e+06   2.5170898e+02
   1.7849730e+06   2.0312500e+02
   1.7963230e+06   4.9560547e+01
   1.7975250e+06   4.1564941e+01
   1.7975990e+06   4.1259766e+01
   1.7976820e+06   4.1076660e+01
   1.8309090e+06   3.9306641e+01
   1.8920310e+06   3.9001465e+01
   1.8921810e+06   5.4443359e+01
   1.9107250e+06   4.0039063e+01
   1.9392380e+06   4.0222168e+01
   1.9789880e+06   4.7241211e+01
   2.0371040e+06   4.1503906e+01
   2.0490890e+06   2.5018311e+02
   2.0491030e+06   4.0100098e+01
   2.1657530e+06   4.2419434e+01
   2.1795270e+06   4.3640137e+01
   2.1796090e+06   4.0039063e+01
   2.1802500e+06   2.6605225e+02
   2.1804360e+06   3.9428711e+01
   2.2218720e+06   2.4487305e+02
   2.2241560e+06   1.9854736e+02
   2.2241680e+06   6.1828613e+01
   2.3158130e+06   2.6953125e+02
   2.3158230e+06   5.7800293e+01
   2.3241690e+06   3.9550781e+01
   2.3526710e+06   3.9672852e+01
   2.3528670e+06   2.2253418e+02
   2.3528800e+06   4.7851563e+01
   2.3529730e+06   3.9001465e+01
   2.3530760e+06   4.2724609e+01
   2.3714110e+06   2.5659180e+02
   2.3714220e+06   6.7749023e+01
   2.3716770e+06   4.0832520e+01
   2.3717500e+06   3.9062500e+01
   2.3721080e+06   2.4798584e+02
   2.3721190e+06   5.7434082e+01
   2.3938520e+06   3.9978027e+01
   2.4078670e+06   2.3333740e+02
   2.4078780e+06   7.0312500e+01
   2.4096180e+06   3.9062500e+01
   2.4568500e+06   2.4218750e+02
   2.4568630e+06   5.5541992e+01
   2.5096860e+06   3.8879395e+01
   2.5116920e+06   2.4658203e+02
   2.5117340e+06   4.7973633e+01
   2.5415930e+06   4.0832520e+01
   2.5877110e+06   3.9062500e+01
   2.5877700e+06   2.7087402e+02
   2.5877820e+06   4.4494629e+01
   2.5880070e+06   2.3864746e+02
   2.5880190e+06   6.7504883e+01
   2.6502080e+06   2.5842285e+02
   2.6765380e+06   3.9001465e+01
   2.7048570e+06   3.8818359e+01
   2.7208740e+06   2.1099854e+02
   2.7208840e+06   5.5725098e+01
   2.7210540e+06   2.3388672e+02
   2.7210740e+06   4.7607422e+01
   2.7525750e+06   4.4189453e+01
   2.7780090e+06   2.5701904e+02
   2.7780220e+06   5.0659180e+01
   2.8399180e+06   3.9306641e+01
   2.8401650e+06   4.2175293e+01
   2.9280570e+06   4.2602539e+01
   2.9474200e+06   2.4731445e+02
   2.9474320e+06   4.8583984e+01
   2.9621460e+06   2.5518799e+02
   2.9621610e+06   4.0405273e+01
   2.9750370e+06   2.5457764e+02
   2.9750480e+06   5.7617188e+01
   3.0861120e+06   4.4738770e+01
   3.0864360e+06   4.4311523e+01
   3.0868730e+06   4.3334961e+01
   3.1587570e+06   4.0039063e+01
   3.1596990e+06   2.6043701e+02
   3.1597110e+06   4.6508789e+01
   3.2004580e+06   4.2297363e+01
   3.2005380e+06   4.9621582e+01
   3.2006090e+06   4.1381836e+01
   3.2448760e+06   4.4921875e+01
   3.2844750e+06   5.3955078e+01
   3.2852320e+06   4.5837402e+01
   3.2853710e+06   4.2053223e+01
   3.3134830e+06   3.9916992e+01
   3.3629790e+06   4.2175293e+01
   3.3731990e+06   4.0588379e+01
   3.3739740e+06   4.0710449e+01
   3.3740630e+06   2.5042725e+02
   3.3740740e+06   7.1960449e+01
   3.3818300e+06   2.3626709e+02
   3.3821100e+06   4.3457031e+01
   3.3821910e+06   4.1076660e+01
   3.3822220e+06   2.3992920e+02
   3.3822340e+06   5.3283691e+01
   3.3822660e+06   4.9194336e+01
   3.3822920e+06   4.0405273e+01
   3.3823260e+06   6.4880371e+01
   3.3823830e+06   6.3842773e+01
   3.3823940e+06   1.1102295e+02
   3.3824210e+06   6.2988281e+01
   3.3824380e+06   4.2114258e+01
   3.3825030e+06   4.1259766e+01
   3.4207430e+06   3.9245605e+01
   3.4602140e+06   4.0527344e+01
   3.4602850e+06   5.4992676e+01
   3.4603210e+06   4.1992188e+01
   3.4603560e+06   2.6300049e+02
   3.4603700e+06   5.9448242e+01
   3.4603990e+06   9.1125488e+01
   3.4604280e+06   2.5012207e+02
   3.4604490e+06   6.6101074e+01
   3.4604640e+06   7.0007324e+01
   3.4604880e+06   1.2542725e+02
   3.4604990e+06   5.5969238e+01
   3.4605470e+06   6.3354492e+01
   3.4605670e+06   1.0693359e+02
   3.4605810e+06   4.2297363e+01
   3.4606110e+06   5.6213379e+01
   3.4606390e+06   1.1486816e+02
   3.4606660e+06   7.7697754e+01
   3.4606870e+06   4.0100098e+01
   3.4606980e+06   4.0100098e+01
   3.4607470e+06   8.8623047e+01
   3.4607580e+06   4.7363281e+01
   3.4608260e+06   6.1035156e+01
   3.4608370e+06   6.6467285e+01
   3.4608590e+06   4.6203613e+01
   3.4609160e+06   8.4533691e+01
   3.4609300e+06   5.6152344e+01
   3.4610110e+06   1.1340332e+02
   3.4610380e+06   4.5104980e+01
   3.4611170e+06   1.0638428e+02
   3.4611430e+06   6.6162109e+01
   3.4611660e+06   4.4799805e+01
   3.4611800e+06   3.9001465e+01
   3.4612170e+06   1.0021973e+02
   3.4612460e+06   5.4504395e+01
   3.4613370e+06   4.3273926e+01
   3.4613490e+06   9.5825195e+01
   3.4613660e+06   4.1015625e+01
   3.4614380e+06   8.0200195e+01
   3.4614620e+06   5.3161621e+01
   3.4615390e+06   8.3190918e+01
   3.4615550e+06   4.7851563e+01
   3.4615960e+06   4.6936035e+01
   3.4616510e+06   1.0217285e+02
   3.4616850e+06   4.0100098e+01
   3.4617220e+06   4.6875000e+01
   3.4617340e+06   3.9978027e+01
   3.4618080e+06   1.0192871e+02
   3.4618370e+06   4.9255371e+01
   3.4619210e+06   1.2152100e+02
   3.4619670e+06   5.3955078e+01
   3.4619810e+06   4.1931152e+01
   3.4620600e+06   1.1621094e+02
   3.4621280e+06   4.2114258e+01
   3.4621900e+06   1.0803223e+02
   3.5176860e+06   5.4992676e+01
   3.5177550e+06   5.0842285e+01
   3.5177790e+06   3.9672852e+01
   3.5177910e+06   4.6386719e+01
   3.5178230e+06   4.3334961e+01
   3.5178710e+06   3.9672852e+01
   3.5178930e+06   4.6081543e+01
   3.5180970e+06   4.7058105e+01
   3.5181940e+06   5.5480957e+01
   3.5186310e+06   6.0791016e+01
   3.5191350e+06   3.9184570e+01
   3.5404770e+06   4.2480469e+01
   3.5405330e+06   4.3823242e+01
   3.5405470e+06   5.0720215e+01
   3.5405770e+06   5.6701660e+01
   3.5405920e+06   6.2927246e+01
   3.5406160e+06   2.2790527e+02
   3.5406270e+06   5.2429199e+01
   3.5406670e+06   4.1931152e+01
   3.5407210e+06   5.2307129e+01
   3.5407460e+06   4.1931152e+01
   3.5407760e+06   2.1533203e+02
   3.5407860e+06   6.4697266e+01
   3.5408420e+06   7.0739746e+01
   3.5409520e+06   1.9586182e+02
   3.5409840e+06   5.9753418e+01
   3.5410550e+06   4.2358398e+01
   3.5410780e+06   4.2236328e+01
   3.5411370e+06   3.9123535e+01
   3.5411560e+06   5.3283691e+01
   3.5415080e+06   4.0222168e+01
   3.5416340e+06   4.0466309e+01
   3.5417050e+06   3.9001465e+01
   3.5418990e+06   4.5959473e+01
   3.5423920e+06   4.0283203e+01
   3.5645620e+06   4.7851563e+01
   3.5646560e+06   6.9580078e+01
   3.5646730e+06   4.6081543e+01
   3.5647010e+06   3.9733887e+01
   3.5647400e+06   4.1137695e+01
   3.5647650e+06   7.7575684e+01
   3.5647780e+06   2.7020264e+02
   3.5647910e+06   5.7250977e+01
   3.5648530e+06   6.3537598e+01
   3.5648960e+06   4.2541504e+01
   3.5649160e+06   6.2927246e+01
   3.5649830e+06   1.9976807e+02
   3.5649990e+06   9.3750000e+01
   3.5650230e+06   4.9499512e+01
   3.5650800e+06   4.2297363e+01
   3.5651770e+06   4.2175293e+01
   3.5651900e+06   6.3598633e+01
   3.5653100e+06   4.2846680e+01
   3.5653460e+06   4.8095703e+01
   3.5656290e+06   4.4372559e+01
   3.5659800e+06   3.9855957e+01
   3.5875400e+06   4.6752930e+01
   3.5876140e+06   4.1748047e+01
   3.5876790e+06   4.7668457e+01
   3.5877140e+06   5.2673340e+01
   3.5878090e+06   4.0039063e+01
   3.5879890e+06   4.3457031e+01
   3.5880090e+06   4.2907715e+01
   3.5880490e+06   4.4189453e+01
   3.5880610e+06   2.3712158e+02
   3.5880710e+06   7.9772949e+01
   3.5881260e+06   6.0363770e+01
   3.5881680e+06   4.9987793e+01
   3.5882190e+06   2.0532227e+02
   3.5882390e+06   6.6101074e+01
   3.5882790e+06   4.2236328e+01
   3.5883070e+06   5.3894043e+01
   3.5883230e+06   1.6595459e+02
   3.5884010e+06   5.4992676e+01
   3.6044950e+06   5.2246094e+01
   3.6045780e+06   4.3090820e+01
   3.6046860e+06   4.0222168e+01
   3.6047300e+06   6.1096191e+01
   3.6049630e+06   4.6386719e+01
   3.6050410e+06   4.5532227e+01
   3.6050630e+06   4.0832520e+01
   3.6050950e+06   2.3052979e+02
   3.6051140e+06   7.0373535e+01
   3.6051660e+06   5.3161621e+01
   3.6051860e+06   1.7614746e+02
   3.6052000e+06   4.5532227e+01
   3.6052230e+06   4.3945313e+01
   3.6052610e+06   3.9794922e+01
   3.6052730e+06   4.3151855e+01
   3.6053030e+06   4.6142578e+01
   3.6053260e+06   4.0466309e+01
   3.6053570e+06   1.7266846e+02
   3.6053910e+06   4.6691895e+01
   3.6416420e+06   4.0466309e+01
   3.6416570e+06   6.5490723e+01
   3.6416810e+06   4.5898438e+01
   3.6416910e+06   7.6171875e+01
   3.6417410e+06   5.1757813e+01
   3.6417890e+06   4.2297363e+01
   3.6418130e+06   4.6386719e+01
   3.6418290e+06   6.1218262e+01
   3.6418520e+06   6.1584473e+01
   3.6418720e+06   5.3894043e+01
   3.6419110e+06   6.4758301e+01
   3.6419260e+06   3.9123535e+01
   3.6419640e+06   1.7834473e+02
   3.6419750e+06   5.0048828e+01
   3.6420210e+06   3.9550781e+01
   3.6420410e+06   1.6979980e+02
   3.6420680e+06   5.1696777e+01
   3.6420950e+06   3.9855957e+01
   3.6421290e+06   4.5227051e+01
   3.6421390e+06   5.8288574e+01
   3.6421650e+06   4.9316406e+01
   3.6422170e+06   9.9426270e+01
   3.6422280e+06   5.5847168e+01
   3.6422990e+06   1.0675049e+02
   3.6423090e+06   5.1879883e+01
   3.6423840e+06   8.0871582e+01
   3.6423960e+06   3.9794922e+01
   3.6424410e+06   4.6142578e+01
   3.6425010e+06   1.0699463e+02
   3.6425340e+06   4.4738770e+01
   3.6425640e+06   4.7302246e+01
   3.6426080e+06   9.0332031e+01
   3.6426470e+06   7.0739746e+01
   3.6426900e+06   7.3242188e+01
   3.6427140e+06   3.9428711e+01
   3.6427410e+06   5.8349609e+01
   3.6427570e+06   4.2663574e+01
   3.6427830e+06   4.8339844e+01
   3.6428240e+06   8.6975098e+01
   3.6428550e+06   4.4372559e+01
   3.6429280e+06   8.2519531e+01
   3.6429390e+06   4.9804688e+01
   3.6429980e+06   3.8818359e+01
   3.6430250e+06   6.6040039e+01
   3.6430580e+06   4.2419434e+01
   3.6431390e+06   9.4604492e+01
   3.6431670e+06   5.3100586e+01
   3.6432460e+06   5.4016113e+01
   3.6432780e+06   5.5419922e+01
   3.6434430e+06   1.2634277e+02
   3.6434620e+06   5.0598145e+01
   3.6435790e+06   4.6081543e+01
   3.6436560e+06   1.4355469e+02
   3.6438010e+06   8.9233398e+01
   3.6440380e+06   3.9550781e+01
   3.6442330e+06   1.4025879e+02
   3.6445160e+06   4.8095703e+01
   3.6644010e+06   3.9001465e+01
   3.6969210e+06   4.2541504e+01
   3.6969610e+06   3.9855957e+01
   3.6969770e+06   6.7565918e+01
   3.6970390e+06   4.3090820e+01
   3.6971260e+06   3.9184570e+01
   3.6972140e+06   6.7626953e+01
   3.6972800e+06   4.6142578e+01
   3.6974580e+06   4.5471191e+01
   3.6975040e+06   3.9184570e+01
   3.6975290e+06   3.9123535e+01
   3.6975690e+06   5.7067871e+01
   3.6976760e+06   3.9611816e+01
   3.7308950e+06   5.4870605e+01
   3.7309820e+06   4.7241211e+01
   3.7309980e+06   5.1940918e+01
   3.7310780e+06   5.0781250e+01
   3.7311600e+06   5.2490234e+01
   3.7311700e+06   4.6264648e+01
   3.7312040e+06   5.0781250e+01
   3.7312580e+06   2.1484375e+02
   3.7312880e+06   4.4433594e+01
   3.7313110e+06   4.3212891e+01
   3.7313610e+06   7.6477051e+01
   3.7313830e+06   4.3518066e+01
   3.7314420e+06   4.3823242e+01
   3.7314600e+06   5.5480957e+01
   3.7315310e+06   4.2724609e+01
   3.7316310e+06   4.6875000e+01
   3.7316970e+06   3.9550781e+01
   3.7317310e+06   4.1442871e+01
   3.7317410e+06   1.9976807e+02
   3.7317770e+06   5.0598145e+01
   3.7318560e+06   5.2551270e+01
   3.7321660e+06   3.8879395e+01
   3.7324060e+06   3.8879395e+01
   3.7758760e+06   4.8706055e+01
   3.7759030e+06   7.4951172e+01
   3.7759220e+06   5.8044434e+01
   3.7759410e+06   7.2814941e+01
   3.7759780e+06   5.2490234e+01
   3.7759880e+06   2.2271729e+02
   3.7760370e+06   3.9306641e+01
   3.7760730e+06   1.5625000e+02
   3.7760870e+06   5.1330566e+01
   3.7761040e+06   4.7424316e+01
   3.7761620e+06   1.2603760e+02
   3.7761720e+06   6.7077637e+01
   3.7761990e+06   4.0100098e+01
   3.7762380e+06   4.5532227e+01
   3.7762570e+06   1.8255615e+02
   3.7762770e+06   7.6232910e+01
   3.7763480e+06   1.0913086e+02
   3.7763580e+06   4.1015625e+01
   3.7763690e+06   4.6203613e+01
   3.7764720e+06   1.4135742e+02
   3.7764820e+06   3.9611816e+01
   3.7765590e+06   4.9011230e+01
   3.7765940e+06   6.0913086e+01
   3.7766690e+06   3.8818359e+01
   3.7768070e+06   1.7962646e+02
   3.7769700e+06   4.6386719e+01
   3.7772070e+06   4.8706055e+01
   3.7780590e+06   4.8889160e+01
   3.7795290e+06   4.0466309e+01
   3.8290880e+06   4.9865723e+01
   3.8291150e+06   5.0537109e+01
   3.8291470e+06   4.0832520e+01
   3.8291950e+06   5.1086426e+01
   3.8292260e+06   4.1198730e+01
   3.8293000e+06   4.7180176e+01
   3.8293670e+06   4.4250488e+01
   3.8293940e+06   3.9611816e+01
   3.8294450e+06   2.2595215e+02
   3.8294610e+06   6.2377930e+01
   3.8295400e+06   5.2551270e+01
   3.8296010e+06   2.2912598e+02
   3.8296140e+06   6.7565918e+01
   3.8296550e+06   4.3395996e+01
   3.8297120e+06   4.4128418e+01
   3.8297300e+06   1.7144775e+02
   3.8297530e+06   4.0405273e+01
   3.8297740e+06   4.3090820e+01
   3.8298310e+06   4.8828125e+01
   3.8816590e+06   5.8837891e+01
   3.8816970e+06   4.0466309e+01
   3.8817180e+06   4.5532227e+01
   3.8817370e+06   4.2114258e+01
   3.8817720e+06   5.2246094e+01
   3.8817860e+06   1.8688965e+02
   3.8817970e+06   4.0466309e+01
   3.8818350e+06   3.9550781e+01
   3.8818470e+06   5.9875488e+01
   3.8818770e+06   1.5527344e+02
   3.8818880e+06   3.9733887e+01
   3.8819210e+06   4.7302246e+01
   3.8819470e+06   5.0537109e+01
   3.8819730e+06   4.6569824e+01
   3.8820270e+06   1.6308594e+02
   3.8820560e+06   4.9804688e+01
   3.9345950e+06   3.9245605e+01
   3.9354870e+06   4.0100098e+01
   3.9980570e+06   3.9062500e+01
   4.0248470e+06   3.9550781e+01
   4.0340340e+06   2.2259521e+02
   4.0340440e+06   4.5288086e+01
   4.0343650e+06   4.1931152e+01
   4.0344240e+06   5.3039551e+01
   4.0345900e+06   2.4151611e+02
   4.0346020e+06   6.2316895e+01
   4.0348220e+06   4.5410156e+01
   4.1098690e+06   2.5573730e+02
   4.1098810e+06   5.3161621e+01
   4.1197780e+06   3.9367676e+01
   4.1531150e+06   4.8278809e+01
   4.1531680e+06   4.4433594e+01
   4.1531940e+06   4.0649414e+01
   4.1533510e+06   2.3846436e+02
   4.1533650e+06   5.3833008e+01
   4.1924830e+06   4.0954590e+01
   4.1963580e+06   2.2113037e+02
   4.2169140e+06   2.2308350e+02
   4.2169240e+06   4.5043945e+01
   4.2457390e+06   3.9001465e+01
   4.2458390e+06   4.0832520e+01
   4.2459210e+06   4.5959473e+01
   4.2460250e+06   4.1198730e+01
   4.2783050e+06   2.4914551e+02
   4.2783170e+06   5.8654785e+01
   4.2784020e+06   3.8818359e+01
   4.3096730e+06   3.9184570e+01
   4.3302380e+06   1.9903564e+02
   4.3302500e+06   5.1757813e+01
   4.3476720e+06   4.0710449e+01
   4.3644820e+06   2.6129150e+02
   4.3644930e+06   6.3537598e+01
   4.3856180e+06   3.9855957e+01
   4.3944220e+06   4.0588379e+01
   4.4027350e+06   2.2167969e+02
   4.4027470e+06   5.3771973e+01
   4.4558990e+06   2.3809814e+02
   4.4559130e+06   4.5776367e+01
   4.4846860e+06   4.1381836e+01
   4.5188310e+06   3.9916992e+01
   4.5349900e+06   4.4128418e+01
   4.5357440e+06   4.7180176e+01
   4.5358970e+06   5.4809570e+01
   4.5362340e+06   3.9733887e+01
   4.5366170e+06   4.1198730e+01
   4.5674970e+06   3.9306641e+01
   4.5744830e+06   4.0405273e+01
   4.5811330e+06   3.9123535e+01
   4.6124800e+06   4.4189453e+01
   4.6125790e+06   4.0771484e+01
   4.6308590e+06   3.8879395e+01
   4.6446620e+06   4.2114258e+01
   4.6762110e+06   4.2907715e+01
   4.6768330e+06   4.1442871e+01
   4.6852960e+06   3.9733887e+01
   4.7080600e+06   3.8940430e+01
   4.7082410e+06   4.0527344e+01
   4.7179130e+06   4.4860840e+01
   4.7362930e+06   6.1462402e+01
   4.7363060e+06   4.6081543e+01
   4.7363420e+06   3.9611816e+01
   4.7363670e+06   4.6325684e+01
   4.7364290e+06   3.9367676e+01
   4.7365020e+06   4.0222168e+01
   4.7373610e+06   4.2114258e+01
   4.7593830e+06   4.2785645e+01
   4.7863270e+06   3.9367676e+01
   4.7863460e+06   4.6875000e+01
   4.7864180e+06   4.3579102e+01
   4.7865570e+06   4.5166016e+01
   4.7866050e+06   4.3334961e+01
   4.7870060e+06   2.7142334e+02
   4.7870190e+06   4.5898438e+01
   4.7871980e+06   2.4737549e+02
   4.7872080e+06   5.4321289e+01
   4.8003130e+06   3.8940430e+01
   4.8170490e+06   2.1429443e+02
   4.8170590e+06   4.1931152e+01
   4.8316300e+06   4.0344238e+01
   4.8318940e+06   2.7819824e+02
   4.8319060e+06   6.5368652e+01
   4.8699190e+06   4.9621582e+01
   4.9001000e+06   5.1452637e+01
   4.9002200e+06   6.5551758e+01
   4.9003000e+06   4.5349121e+01
   4.9003280e+06   4.2968750e+01
   4.9003450e+06   3.9916992e+01
   4.9009550e+06   2.2796631e+02
   4.9009650e+06   4.8645020e+01
   4.9015330e+06   4.5471191e+01
   4.9522840e+06   4.3457031e+01
   4.9523180e+06   3.9001465e+01
   4.9523610e+06   5.0354004e+01
   4.9532680e+06   2.5762939e+02
   4.9532780e+06   5.0842285e+01
   5.1133500e+06   3.9184570e+01
   5.1209140e+06   2.5604248e+02
   5.1209290e+06   4.8522949e+01
   5.1209610e+06   4.0771484e+01
   5.1211090e+06   4.1198730e+01
   5.1216550e+06   2.3535156e+02
   5.1216670e+06   5.8837891e+01
   5.1578380e+06   2.5665283e+02
   5.1578480e+06   4.9011230e+01
   5.1666490e+06   4.0710449e+01
   5.2781050e+06   3.9733887e+01
   5.2861200e+06   4.0100098e+01
   5.3188550e+06   5.2978516e+01
   5.3188740e+06   4.1381836e+01
   5.3264330e+06   2.0831299e+02
   5.3264430e+06   6.1828613e+01
   5.3284520e+06   4.2541504e+01
   5.3297920e+06   3.9733887e+01
   5.3555710e+06   2.5415039e+02
   5.3555810e+06   6.1401367e+01
   5.3607550e+06   4.3701172e+01
   5.3918500e+06   4.3395996e+01
   5.4763220e+06   2.2509766e+02
   5.4763330e+06   5.1879883e+01
   5.4768040e+06   2.4780273e+02
   5.4768170e+06   4.9316406e+01
   5.4769980e+06   4.4067383e+01
   5.4834110e+06   4.4738770e+01
   5.5005040e+06   4.2236328e+01
   5.5182630e+06   2.6049805e+02
   5.5254020e+06   3.9123535e+01
   5.5258790e+06   2.5469971e+02
   5.5258900e+06   6.2500000e+01
   5.5260480e+06   3.9794922e+01
   5.5670450e+06   4.3884277e+01
   5.5675860e+06   2.4255371e+02
   5.5675960e+06   5.3588867e+01
   5.5804090e+06   3.9855957e+01
   5.6135430e+06   3.9550781e+01
   5.6242320e+06   4.5593262e+01
   5.6242750e+06   2.7087402e+02
   5.6242860e+06   6.3537598e+01
   5.6243810e+06   4.6386719e+01
   5.6254430e+06   5.2490234e+01
   5.6669850e+06   3.9062500e+01
   5.6671310e+06   4.5837402e+01
   5.7840630e+06   4.1137695e+01
   5.7856850e+06   4.0222168e+01
   5.8455900e+06   4.1076660e+01
   5.8596420e+06   3.9062500e+01
   5.8922220e+06   6.6894531e+01
   5.8923260e+06   3.9062500e+01
   5.8927920e+06   2.2692871e+02
   5.8929310e+06   2.2918701e+02
   5.8931140e+06   2.1978760e+02
   5.8931300e+06   4.4128418e+01
   5.8934020e+06   3.8940430e+01
   5.9912520e+06   3.9245605e+01
   6.0385150e+06   2.6678467e+02
   6.0385290e+06   4.4067383e+01
   6.0427100e+06   2.5354004e+02
   6.0427200e+06   5.0964355e+01
   6.0905250e+06   2.5067139e+02
   6.0905400e+06   5.9143066e+01
   6.1481350e+06   5.9997559e+01
   6.1481610e+06   4.3334961e+01
   6.1482140e+06   6.4147949e+01
   6.1482460e+06   2.9479980e+02
   6.1482560e+06   5.8959961e+01
   6.1482790e+06   3.9245605e+01
   6.1483150e+06   2.2833252e+02
   6.1483380e+06   5.5175781e+01
   6.1483680e+06   6.2744141e+01
   6.1484000e+06   6.9641113e+01
   6.1484210e+06   1.7163086e+02
   6.1484430e+06   6.6223145e+01
   6.1484620e+06   5.2185059e+01
   6.1484880e+06   1.0211182e+02
   6.1485680e+06   4.5349121e+01
   6.1486020e+06   1.3433838e+02
   6.1486120e+06   4.7058105e+01
   6.1486840e+06   1.3708496e+02
   6.1486960e+06   4.9926758e+01
   6.1487170e+06   4.3518066e+01
   6.1487880e+06   1.3305664e+02
   6.1488000e+06   4.9560547e+01
   6.1488590e+06   1.0736084e+02
   6.1488770e+06   6.1828613e+01
   6.1489510e+06   1.3751221e+02
   6.1489790e+06   6.4575195e+01
   6.1490480e+06   1.1444092e+02
   6.1491370e+06   1.1413574e+02
   6.1491550e+06   4.1198730e+01
   6.1492450e+06   1.0656738e+02
   6.1492700e+06   4.0344238e+01
   6.1493110e+06   4.6020508e+01
   6.1493300e+06   4.1442871e+01
   6.1493580e+06   1.1834717e+02
   6.1494230e+06   4.6752930e+01
   6.1494440e+06   4.0466309e+01
   6.1494850e+06   1.2255859e+02
   6.1494980e+06   3.9672852e+01
   6.1495370e+06   4.2785645e+01
   6.1495640e+06   5.4565430e+01
   6.1495930e+06   1.3586426e+02
   6.1496920e+06   9.2224121e+01
   6.1497870e+06   9.3750000e+01
   6.1499870e+06   1.3861084e+02
   6.1500400e+06   3.9978027e+01
   6.1510180e+06   4.1687012e+01
   6.1985980e+06   4.1259766e+01
   6.1987920e+06   4.6325684e+01
   6.1989290e+06   4.3334961e+01
   6.1991400e+06   3.9062500e+01
   6.1992820e+06   3.9001465e+01
   6.1994680e+06   3.9978027e+01
   6.2195220e+06   4.6997070e+01
   6.2195810e+06   6.2438965e+01
   6.2196490e+06   6.8786621e+01
   6.2197070e+06   5.5053711e+01
   6.2197550e+06   6.2500000e+01
   6.2197780e+06   3.9367676e+01
   6.2197950e+06   2.3962402e+02
   6.2198060e+06   8.2519531e+01
   6.2199220e+06   4.1809082e+01
   6.2199600e+06   4.1809082e+01
   6.2203040e+06   5.0354004e+01
   6.2459580e+06   4.1625977e+01
   6.2459760e+06   4.0466309e+01
   6.2459930e+06   4.2053223e+01
   6.2460050e+06   5.4992676e+01
   6.2460300e+06   4.9377441e+01
   6.2460540e+06   7.5805664e+01
   6.2460840e+06   2.3583984e+02
   6.2460980e+06   6.4086914e+01
   6.2461290e+06   6.6223145e+01
   6.2461600e+06   2.1795654e+02
   6.2461710e+06   4.8828125e+01
   6.2462190e+06   4.9194336e+01
   6.2462320e+06   2.0727539e+02
   6.2462490e+06   4.3884277e+01
   6.2463010e+06   1.4569092e+02
   6.2463270e+06   6.2805176e+01
   6.2463620e+06   4.7668457e+01
   6.2464190e+06   1.4251709e+02
   6.2464290e+06   4.1625977e+01
   6.2464530e+06   4.2846680e+01
   6.2465170e+06   1.6369629e+02
   6.2465360e+06   4.9499512e+01
   6.2465810e+06   3.9672852e+01
   6.2466050e+06   1.3537598e+02
   6.2466300e+06   6.7016602e+01
   6.2466650e+06   3.9184570e+01
   6.2466840e+06   5.4016113e+01
   6.2467180e+06   1.4636230e+02
   6.2467320e+06   4.4311523e+01
   6.2468340e+06   1.2561035e+02
   6.2469120e+06   4.1198730e+01
   6.2469240e+06   3.9550781e+01
   6.2470300e+06   1.6638184e+02
   6.2470960e+06   5.7800293e+01
   6.2472310e+06   1.4849854e+02
   6.2473350e+06   4.2907715e+01
   6.2473640e+06   3.9978027e+01
   6.2474350e+06   1.8304443e+02
   6.2474570e+06   3.9367676e+01
   6.2477470e+06   4.3457031e+01
   6.2477790e+06   3.9123535e+01
   6.2869380e+06   6.4331055e+01
   6.2869610e+06   4.6020508e+01
   6.2870220e+06   4.1076660e+01
   6.2870990e+06   6.9580078e+01
   6.2871810e+06   3.9611816e+01
   6.2872520e+06   3.9733887e+01
   6.2874220e+06   4.7851563e+01
   6.3084100e+06   4.0039063e+01
   6.3099530e+06   5.5847168e+01
   6.3100080e+06   4.5898438e+01
   6.3100560e+06   4.7851563e+01
   6.3101170e+06   5.0903320e+01
   6.3101290e+06   4.5288086e+01
   6.3101970e+06   7.3425293e+01
   6.3102500e+06   4.6997070e+01
   6.3102680e+06   4.3640137e+01
   6.3102960e+06   5.9570313e+01
   6.3103180e+06   4.1381836e+01
   6.3103290e+06   2.3858643e+02
   6.3103430e+06   4.8645020e+01
   6.3103580e+06   4.4738770e+01
   6.3103780e+06   4.3273926e+01
   6.3104100e+06   4.2785645e+01
   6.3104270e+06   2.2143555e+02
   6.3104450e+06   4.6936035e+01
   6.3105040e+06   5.6884766e+01
   6.3105140e+06   1.9329834e+02
   6.3105450e+06   5.3222656e+01
   6.3105860e+06   1.6632080e+02
   6.3106080e+06   5.0476074e+01
   6.3107540e+06   1.7004395e+02
   6.3107900e+06   4.1870117e+01
   6.3108660e+06   4.5959473e+01
   6.3109090e+06   1.6229248e+02
   6.3109430e+06   4.2907715e+01
   6.3110390e+06   7.1411133e+01
   6.3110740e+06   1.6345215e+02
   6.3110960e+06   4.3579102e+01
   6.3111840e+06   5.2734375e+01
   6.3111960e+06   5.5419922e+01
   6.3113020e+06   6.2561035e+01
   6.3114020e+06   1.4733887e+02
   6.3116020e+06   1.5289307e+02
   6.3585740e+06   4.6630859e+01
   6.3585980e+06   3.9978027e+01
   6.3586350e+06   4.4250488e+01
   6.3586540e+06   4.9865723e+01
   6.3586670e+06   4.7973633e+01
   6.3586900e+06   7.6354980e+01
   6.3587040e+06   2.5769043e+02
   6.3587160e+06   5.1025391e+01
   6.3587510e+06   4.8461914e+01
   6.3587920e+06   3.8940430e+01
   6.3588240e+06   4.5837402e+01
   6.3588360e+06   6.2744141e+01
   6.3588700e+06   2.1905518e+02
   6.3588870e+06   4.9255371e+01
   6.3589480e+06   7.2570801e+01
   6.3590230e+06   1.8756104e+02
   6.3590340e+06   4.2358398e+01
   6.3590570e+06   3.9184570e+01
   6.3592330e+06   4.5288086e+01
   6.3593560e+06   4.1503906e+01
   6.3597210e+06   4.1198730e+01
   6.3922440e+06   4.4067383e+01
   6.3922790e+06   4.4799805e+01
   6.3923050e+06   5.5053711e+01
   6.3923320e+06   6.9030762e+01
   6.3923470e+06   7.3547363e+01
   6.3923680e+06   5.1452637e+01
   6.3924020e+06   4.8034668e+01
   6.3924170e+06   6.5368652e+01
   6.3924460e+06   3.9611816e+01
   6.3924810e+06   4.1442871e+01
   6.3925010e+06   5.8227539e+01
   6.3925350e+06   1.6632080e+02
   6.3925530e+06   4.5104980e+01
   6.3925750e+06   5.4626465e+01
   6.3925980e+06   3.9611816e+01
   6.3926320e+06   1.5112305e+02
   6.3926560e+06   5.5358887e+01
   6.3927390e+06   4.2419434e+01
   6.3927900e+06   4.6691895e+01
   6.3928140e+06   4.9926758e+01
   6.3928290e+06   1.7510986e+02
   6.3930080e+06   1.8853760e+02
   6.3930330e+06   5.3283691e+01
   6.3932280e+06   1.8402100e+02
   6.3932390e+06   6.6650391e+01
   6.3932870e+06   3.9916992e+01
   6.3934670e+06   4.1503906e+01
   6.3936950e+06   3.8818359e+01
   6.3937090e+06   3.9672852e+01
   6.4345080e+06   6.6589355e+01
   6.4345390e+06   6.7504883e+01
   6.4345610e+06   5.7250977e+01
   6.4346310e+06   4.2907715e+01
   6.4346970e+06   4.3701172e+01
   6.4347530e+06   3.9611816e+01
   6.4347640e+06   4.2663574e+01
   6.4348340e+06   4.2785645e+01
   6.4348490e+06   3.9001465e+01
   6.4348820e+06   4.9987793e+01
   6.4349080e+06   5.4321289e+01
   6.4349510e+06   1.8029785e+02
   6.4349820e+06   4.0710449e+01
   6.4350280e+06   1.8200684e+02
   6.4350790e+06   4.7729492e+01
   6.4351090e+06   1.3360596e+02
   6.4352030e+06   4.4860840e+01
   6.4352380e+06   1.3671875e+02
   6.4352500e+06   4.0466309e+01
   6.4352940e+06   4.3640137e+01
   6.4353270e+06   5.4992676e+01
   6.4353660e+06   4.3518066e+01
   6.4354470e+06   4.4067383e+01
   6.4354580e+06   1.5789795e+02
   6.4355610e+06   1.0821533e+02
   6.4356960e+06   7.1350098e+01
   6.4357530e+06   1.2469482e+02
   6.4357710e+06   4.5959473e+01
   6.4359410e+06   8.3618164e+01
   6.4360380e+06   1.6473389e+02
   6.4892400e+06   4.0832520e+01
   6.4892540e+06   4.2968750e+01
   6.4892800e+06   6.6406250e+01
   6.4892980e+06   4.1503906e+01
   6.4893090e+06   6.0180664e+01
   6.4893320e+06   4.0649414e+01
   6.4893560e+06   2.4432373e+02
   6.4893750e+06   4.7851563e+01
   6.4893920e+06   5.6518555e+01
   6.4894540e+06   2.2619629e+02
   6.4894680e+06   7.2265625e+01
   6.4894980e+06   4.9499512e+01
   6.4895220e+06   4.2053223e+01
   6.4895490e+06   2.1270752e+02
   6.4896100e+06   4.8461914e+01
   6.4896400e+06   4.7302246e+01
   6.4896520e+06   4.4677734e+01
   6.4896830e+06   1.7712402e+02
   6.4897120e+06   6.3049316e+01
   6.4897230e+06   5.2612305e+01
   6.4897360e+06   4.4067383e+01
   6.4898130e+06   1.5057373e+02
   6.4898300e+06   4.7363281e+01
   6.4900920e+06   4.5837402e+01
   6.4902430e+06   4.3945313e+01
   6.5330820e+06   3.9184570e+01
   6.5367710e+06   4.2419434e+01
   6.5367830e+06   7.8857422e+01
   6.5368250e+06   4.9499512e+01
   6.5368490e+06   5.6945801e+01
   6.5368710e+06   6.2011719e+01
   6.5368970e+06   4.7302246e+01
   6.5369230e+06   4.2663574e+01
   6.5369370e+06   1.9244385e+02
   6.5369840e+06   4.3457031e+01
   6.5369970e+06   2.5177002e+02
   6.5370080e+06   5.4992676e+01
   6.5370350e+06   4.2602539e+01
   6.5370700e+06   4.2907715e+01
   6.5370830e+06   4.7424316e+01
   6.5371110e+06   1.7541504e+02
   6.5371210e+06   4.2541504e+01
   6.5371540e+06   6.4025879e+01
   6.5371930e+06   4.1931152e+01
   6.5372160e+06   1.3806152e+02
   6.5372330e+06   4.1381836e+01
   6.5372430e+06   4.3701172e+01
   6.5373280e+06   1.5124512e+02
   6.5373640e+06   5.3466797e+01
   6.5378560e+06   4.3823242e+01
   6.5605470e+06   3.9001465e+01
   6.5874790e+06   6.7504883e+01
   6.5874960e+06   4.9255371e+01
   6.5875230e+06   5.5541992e+01
   6.5875340e+06   7.2204590e+01
   6.5875550e+06   2.1429443e+02
   6.5875650e+06   7.4890137e+01
   6.5876010e+06   6.2805176e+01
   6.5876300e+06   4.2785645e+01
   6.5876410e+06   5.9265137e+01
   6.5876870e+06   4.4494629e+01
   6.5877180e+06   1.5930176e+02
   6.5877880e+06   1.4141846e+02
   6.5877980e+06   5.7617188e+01
   6.5878690e+06   1.3684082e+02
   6.5878900e+06   4.3701172e+01
   6.6551720e+06   5.5725098e+01
   6.6552400e+06   4.8828125e+01
   6.6653920e+06   3.9428711e+01
   6.6654140e+06   5.6640625e+01
   6.6654580e+06   2.6623535e+02
   6.6654680e+06   5.2490234e+01
   6.6655020e+06   6.2561035e+01
   6.6655270e+06   4.3395996e+01
   6.6655420e+06   6.5063477e+01
   6.6655660e+06   2.4737549e+02
   6.6655990e+06   4.2907715e+01
   6.6656180e+06   4.9560547e+01
   6.6656520e+06   5.1635742e+01
   6.6657160e+06   1.9818115e+02
   6.6657370e+06   5.1757813e+01
   6.7141530e+06   4.0832520e+01
   6.7388090e+06   4.4555664e+01
   6.7388740e+06   4.8522949e+01
   6.7389080e+06   4.2236328e+01
   6.7389190e+06   2.7789307e+02
   6.7389300e+06   8.4167480e+01
   6.7389730e+06   5.7312012e+01
   6.7389890e+06   5.2185059e+01
   6.7390080e+06   4.1076660e+01
   6.7390310e+06   2.2827148e+02
   6.7390800e+06   5.2551270e+01
   6.7391240e+06   1.9433594e+02
   6.7391430e+06   4.2541504e+01
   6.7392020e+06   4.2480469e+01
   6.8166150e+06   4.8034668e+01
   6.8166420e+06   4.0588379e+01
   6.8167070e+06   6.5490723e+01
   6.8167260e+06   2.3339844e+02
   6.8167610e+06   5.9814453e+01
   6.8168370e+06   6.0607910e+01
   6.8168690e+06   1.9812012e+02
   6.8168820e+06   5.4748535e+01
   6.8169180e+06   5.0231934e+01
   6.8170920e+06   1.7755127e+02
   6.8171350e+06   4.9926758e+01
   6.8506300e+06   4.0161133e+01
   6.9016280e+06   4.1198730e+01
   6.9123980e+06   4.0344238e+01
   6.9594630e+06   3.8879395e+01
   6.9714710e+06   2.6623535e+02
   6.9714830e+06   5.3649902e+01
   6.9874540e+06   4.2907715e+01
   6.9874660e+06   4.3090820e+01
   6.9875460e+06   4.3334961e+01
   6.9876070e+06   5.2124023e+01
   6.9876920e+06   3.9245605e+01
   7.0062330e+06   3.9916992e+01
   7.0327610e+06   4.0161133e+01
   7.0383840e+06   4.7912598e+01
   7.0756860e+06   5.2307129e+01
   7.0794340e+06   3.9916992e+01
   7.0972480e+06   4.6508789e+01
   7.1602300e+06   2.5421143e+02
   7.1602400e+06   7.0495605e+01
   7.1873630e+06   3.9062500e+01
   7.1926830e+06   2.3797607e+02
   7.1926990e+06   4.5410156e+01
   7.2009040e+06   5.9509277e+01
   7.2771990e+06   4.5349121e+01
   7.3841860e+06   3.9916992e+01
   7.3843320e+06   2.5848389e+02
   7.3843420e+06   6.3171387e+01
   7.3845600e+06   4.6020508e+01
   7.4363470e+06   4.0283203e+01
   7.4989470e+06   4.0283203e+01
   7.5059180e+06   2.4719238e+02
   7.5059290e+06   4.5776367e+01
   7.5465550e+06   4.1748047e+01
   7.5465820e+06   4.2419434e+01
   7.5466460e+06   9.3139648e+01
   7.5466700e+06   4.5837402e+01
   7.5466850e+06   2.5457764e+02
   7.5466980e+06   6.2805176e+01
   7.5467240e+06   4.3212891e+01
   7.5467500e+06   2.8216553e+02
   7.5467780e+06   4.6142578e+01
   7.5468010e+06   5.5114746e+01
   7.5468250e+06   5.3894043e+01
   7.5468830e+06   2.2479248e+02
   7.5468950e+06   4.4006348e+01
   7.5469750e+06   1.8603516e+02
   7.5695830e+06   3.8879395e+01
   7.5698320e+06   4.8767090e+01
   7.5699810e+06   4.1748047e+01
   7.5960780e+06   4.4189453e+01
   7.6004020e+06   4.8950195e+01
   7.6004450e+06   4.7851563e+01
   7.6004760e+06   5.7373047e+01
   7.6005040e+06   2.6312256e+02
   7.6005320e+06   5.3283691e+01
   7.6005520e+06   5.3100586e+01
   7.6005790e+06   4.8095703e+01
   7.6005930e+06   2.0233154e+02
   7.6006260e+06   4.1687012e+01
   7.6006440e+06   4.3518066e+01
   7.6006940e+06   5.6457520e+01
   7.6007050e+06   1.0058594e+02
   7.6007240e+06   4.1320801e+01
   7.6007350e+06   4.0283203e+01
   7.6007830e+06   1.5826416e+02
   7.6008120e+06   6.2072754e+01
   7.6008330e+06   3.9916992e+01
   7.6008600e+06   1.1877441e+02
   7.6009600e+06   1.2792969e+02
   7.6010310e+06   4.2785645e+01
   7.6010490e+06   3.9184570e+01
   7.6011020e+06   1.4111328e+02
   7.6011290e+06   4.3395996e+01
   7.6011470e+06   4.5227051e+01
   7.6011980e+06   1.2438965e+02
   7.6012300e+06   4.3701172e+01
   7.6012830e+06   1.2530518e+02
   7.6013160e+06   4.3945313e+01
   7.6013720e+06   4.0100098e+01
   7.6013980e+06   1.1621094e+02
   7.6015030e+06   1.2213135e+02
   7.6015210e+06   5.0354004e+01
   7.6016880e+06   1.5917969e+02
   7.6017740e+06   3.9550781e+01
   7.6018430e+06   1.3452148e+02
   7.6018570e+06   3.9367676e+01
   7.6020850e+06   1.1798096e+02
   7.6021030e+06   4.8461914e+01
   7.6024400e+06   5.1330566e+01
   7.6467970e+06   4.0710449e+01
   7.6701810e+06   5.8105469e+01
   7.6702080e+06   4.1198730e+01
   7.6702220e+06   3.9428711e+01
   7.6702340e+06   5.1208496e+01
   7.6702470e+06   4.2724609e+01
   7.6702700e+06   5.4016113e+01
   7.6702950e+06   4.5776367e+01
   7.6703050e+06   2.4688721e+02
   7.6703350e+06   4.9011230e+01
   7.6703810e+06   6.0546875e+01
   7.6704080e+06   3.8818359e+01
   7.6704860e+06   6.9458008e+01
   7.6705110e+06   5.2185059e+01
   7.6705810e+06   1.8939209e+02
   7.6705930e+06   6.1157227e+01
   7.7066990e+06   6.8786621e+01
   7.7067280e+06   9.5764160e+01
   7.7067480e+06   3.9001465e+01
   7.7067730e+06   2.7728271e+02
   7.7067840e+06   5.4260254e+01
   7.7067960e+06   5.2978516e+01
   7.7068180e+06   5.6457520e+01
   7.7068660e+06   2.0294189e+02
   7.7068830e+06   4.0283203e+01
   7.7069080e+06   4.6020508e+01
   7.7069330e+06   5.6518555e+01
   7.7069440e+06   6.2683105e+01
   7.7069930e+06   5.3955078e+01
   7.7070030e+06   1.7510986e+02
   7.7070430e+06   4.2602539e+01
   7.7070540e+06   4.1931152e+01
   7.7070940e+06   1.3800049e+02
   7.7071730e+06   1.4215088e+02
   7.7072100e+06   4.2785645e+01
   7.7072320e+06   4.0161133e+01
   7.7072720e+06   1.3928223e+02
   7.7072910e+06   7.2143555e+01
   7.7073610e+06   5.4321289e+01
   7.7073840e+06   1.3562012e+02
   7.7073940e+06   4.6691895e+01
   7.7074340e+06   3.9184570e+01
   7.7075030e+06   1.2390137e+02
   7.7075240e+06   4.1687012e+01
   7.7076100e+06   1.1761475e+02
   7.7076220e+06   5.6396484e+01
   7.7076570e+06   4.2785645e+01
   7.7076730e+06   4.2358398e+01
   7.7077220e+06   1.1248779e+02
   7.7079590e+06   1.4691162e+02
   7.7079860e+06   4.0710449e+01
   7.7080770e+06   1.3854980e+02
   7.7080920e+06   3.9306641e+01
   7.7084360e+06   1.4166260e+02
   7.7572630e+06   4.9926758e+01
   7.7573500e+06   4.6569824e+01
   7.7573820e+06   4.5593262e+01
   7.7574010e+06   5.3283691e+01
   7.7574200e+06   4.1809082e+01
   7.7575200e+06   4.1503906e+01
   7.7575300e+06   4.3334961e+01
   7.7576080e+06   4.4433594e+01
   7.7578150e+06   4.1442871e+01
   7.7851240e+06   4.6081543e+01
   7.7852360e+06   3.9794922e+01
   7.7852520e+06   4.8217773e+01
   7.7853030e+06   6.8115234e+01
   7.7853620e+06   2.4749756e+02
   7.7853730e+06   8.3251953e+01
   7.7854280e+06   4.6936035e+01
   7.7854540e+06   4.0283203e+01
   7.7854660e+06   2.2381592e+02
   7.7854790e+06   4.6691895e+01
   7.7855110e+06   4.6264648e+01
   7.7855960e+06   4.7119141e+01
   7.7857070e+06   5.3161621e+01
   7.7858140e+06   2.0471191e+02
   7.7858350e+06   5.9082031e+01
   7.7859890e+06   4.4006348e+01
   7.7861940e+06   4.4616699e+01
   7.7863820e+06   4.0100098e+01
   7.8246290e+06   4.5959473e+01
   7.8274650e+06   3.9062500e+01
   7.8275200e+06   4.5410156e+01
   7.8275810e+06   4.0100098e+01
   7.8276120e+06   4.4555664e+01
   7.8276520e+06   4.4860840e+01
   7.8277130e+06   4.4067383e+01
   7.8277560e+06   4.6203613e+01
   7.8278360e+06   5.8166504e+01
   7.8278590e+06   4.0832520e+01
   7.8278940e+06   4.9194336e+01
   7.8279070e+06   4.4311523e+01
   7.8279340e+06   4.1687012e+01
   7.8279680e+06   2.2674561e+02
   7.8279960e+06   4.7424316e+01
   7.8280220e+06   3.9550781e+01
   7.8280370e+06   4.7790527e+01
   7.8280830e+06   4.7546387e+01
   7.8281380e+06   1.9360352e+02
   7.8281750e+06   4.4128418e+01
   7.8282010e+06   4.6264648e+01
   7.8282230e+06   3.9733887e+01
   7.8282760e+06   1.7608643e+02
   7.8282980e+06   4.2968750e+01
   7.8283290e+06   4.1625977e+01
   7.8284070e+06   1.7883301e+02
   7.8284410e+06   4.6203613e+01
   7.8286860e+06   3.9672852e+01
   7.8779790e+06   4.1564941e+01
   7.8780890e+06   4.6630859e+01
   7.8781450e+06   5.3283691e+01
   7.8781580e+06   4.1931152e+01
   7.8781990e+06   5.0109863e+01
   7.8782140e+06   4.6508789e+01
   7.8782400e+06   3.9794922e+01
   7.8782610e+06   4.2358398e+01
   7.8782710e+06   4.5898438e+01
   7.8782920e+06   5.9997559e+01
   7.8783510e+06   1.8951416e+02
   7.8783850e+06   5.4565430e+01
   7.8784160e+06   4.6447754e+01
   7.8784800e+06   1.8804932e+02
   7.8785030e+06   5.1208496e+01
   7.8785180e+06   5.0048828e+01
   7.8785800e+06   1.5185547e+02
   7.8786130e+06   5.1879883e+01
   7.9239330e+06   3.8940430e+01
   7.9244460e+06   4.6081543e+01
   7.9245620e+06   3.9794922e+01
   7.9245960e+06   4.3762207e+01
   7.9248850e+06   5.6884766e+01
   7.9249460e+06   5.9814453e+01
   7.9249890e+06   5.2185059e+01
   7.9250150e+06   2.1893311e+02
   7.9250260e+06   5.7312012e+01
   7.9250520e+06   4.6020508e+01
   7.9250760e+06   7.7697754e+01
   7.9250920e+06   2.0538330e+02
   7.9251260e+06   4.6264648e+01
   7.9251640e+06   4.0954590e+01
   7.9251910e+06   1.5777588e+02
   7.9252010e+06   3.9611816e+01
   7.9252920e+06   1.7663574e+02
   7.9673020e+06   3.9794922e+01
   7.9933890e+06   4.1992188e+01
   8.0173470e+06   2.2546387e+02
   8.0173570e+06   4.3762207e+01
   8.0173810e+06   7.7087402e+01
   8.0174330e+06   4.9499512e+01
   8.0174560e+06   6.0485840e+01
   8.0174760e+06   4.7241211e+01
   8.0174940e+06   4.4799805e+01
   8.0175410e+06   6.8298340e+01
   8.0175920e+06   2.0355225e+02
   8.0176110e+06   4.4494629e+01
   8.0177270e+06   1.9329834e+02
   8.0177380e+06   4.1320801e+01
   8.0844700e+06   5.8898926e+01
   8.0845490e+06   4.5166016e+01
   8.1309740e+06   2.5006104e+02
   8.1309850e+06   5.4626465e+01
   8.1450330e+06   2.0324707e+02
   8.1450450e+06   5.0964355e+01
   8.1987470e+06   3.9062500e+01
   8.2073370e+06   3.9855957e+01
   8.2073750e+06   4.0161133e+01
   8.2111850e+06   3.8940430e+01
   8.2113240e+06   3.9916992e+01
   8.2206290e+06   2.3931885e+02
   8.2304960e+06   4.4372559e+01
   8.2306420e+06   4.0710449e+01
   8.3063290e+06   2.4426270e+02
   8.3212940e+06   2.2167969e+02
   8.3266400e+06   2.4969482e+02
   8.3266500e+06   6.0668945e+01
   8.3524370e+06   4.9194336e+01
   8.3526330e+06   5.5603027e+01
   8.3526530e+06   4.9682617e+01
   8.3526960e+06   4.6264648e+01
   8.3527350e+06   2.1319580e+02
   8.3527500e+06   4.8706055e+01
   8.3528640e+06   5.7312012e+01
   8.3529710e+06   2.0996094e+02
   8.4036700e+06   2.3114014e+02
   8.4114600e+06   4.1259766e+01
   8.4297840e+06   4.3273926e+01
   8.4397980e+06   2.1801758e+02
   8.4398080e+06   4.7424316e+01
   8.4528370e+06   2.5006104e+02
   8.4528470e+06   5.6762695e+01
   8.4603630e+06   2.1966553e+02
   8.4603750e+06   6.0546875e+01
   8.5681130e+06   4.2663574e+01
   8.5681300e+06   5.6091309e+01
   8.5682450e+06   6.5551758e+01
   8.5683120e+06   5.7800293e+01
   8.5683340e+06   4.2724609e+01
   8.5683690e+06   4.1137695e+01
   8.5683810e+06   2.5836182e+02
   8.5683960e+06   5.1086426e+01
   8.5684120e+06   3.9855957e+01
   8.5684350e+06   6.2866211e+01
   8.5684730e+06   1.9311523e+02
   8.5684920e+06   4.1381836e+01
   8.5685210e+06   6.2561035e+01
   8.5685600e+06   4.2724609e+01
   8.6243530e+06   4.4311523e+01
   8.6244840e+06   5.2429199e+01
   8.6245160e+06   2.2467041e+02
   8.6245280e+06   5.6579590e+01
   8.6245520e+06   6.1767578e+01
   8.6245700e+06   4.9560547e+01
   8.6246030e+06   2.3199463e+02
   8.6246140e+06   6.8420410e+01
   8.6246820e+06   1.6314697e+02
   8.6246920e+06   5.5847168e+01
   8.6247830e+06   1.9342041e+02
   8.7350930e+06   3.9855957e+01
   8.7352200e+06   5.6274414e+01
   8.7352410e+06   4.7363281e+01
   8.7352610e+06   3.9611816e+01
   8.7352780e+06   5.2490234e+01
   8.7353120e+06   4.6813965e+01
   8.7353610e+06   2.0776367e+02
   8.7353730e+06   4.4128418e+01
   8.7353970e+06   8.0688477e+01
   8.7354240e+06   4.0832520e+01
   8.7354540e+06   1.6058350e+02
   8.7354790e+06   5.2307129e+01
   8.7354970e+06   4.4555664e+01
   8.7355540e+06   1.5606689e+02
   8.7355780e+06   6.6772461e+01
   8.7906700e+06   4.1259766e+01
   8.8148010e+06   2.6177979e+02
   8.8148120e+06   4.5104980e+01
   8.8429210e+06   2.4346924e+02
   8.8431560e+06   2.1948242e+02
   8.8434020e+06   4.2663574e+01
   8.8437220e+06   4.0344238e+01
   8.8438210e+06   4.2419434e+01
   8.9812630e+06   2.0935059e+02
   8.9812760e+06   3.9672852e+01
   8.9883080e+06   2.2515869e+02
   8.9883220e+06   3.9123535e+01
   8.9890740e+06   2.4255371e+02
   8.9890860e+06   5.0170898e+01
   8.9892250e+06   3.9733887e+01
   8.9894860e+06   2.0996094e+02
   8.9894980e+06   4.2480469e+01
   8.9896270e+06   3.9306641e+01
   9.0405490e+06   2.6354980e+02
   9.0405600e+06   5.2551270e+01
   9.1076900e+06   4.7912598e+01
   9.1613890e+06   2.1221924e+02
   9.1613990e+06   6.7199707e+01
   9.1934420e+06   4.6203613e+01
   9.2344270e+06   2.6678467e+02
   9.2344410e+06   4.0954590e+01
   9.2632200e+06   3.9123535e+01
   9.3364610e+06   2.3681641e+02
   9.3364860e+06   4.0710449e+01
   9.3451470e+06   3.9794922e+01
   9.3636770e+06   4.4128418e+01
   9.4564770e+06   5.6945801e+01
   9.4967200e+06   4.8706055e+01
   9.4968610e+06   4.4006348e+01
   9.4968960e+06   4.2297363e+01
   9.4969780e+06   6.5124512e+01
   9.4969890e+06   2.6678467e+02
   9.4970010e+06   4.2663574e+01
   9.4970270e+06   4.6020508e+01
   9.4970570e+06   3.9184570e+01
   9.4970700e+06   2.1148682e+02
   9.4970840e+06   7.1716309e+01
   9.4971190e+06   4.8339844e+01
   9.4971790e+06   1.9995117e+02
   9.4972090e+06   6.1889648e+01
   9.5065890e+06   2.2912598e+02
   9.5066000e+06   4.1198730e+01
   9.5615310e+06   4.0161133e+01
   9.5625890e+06   4.7424316e+01
   9.5626190e+06   3.9855957e+01
   9.5627250e+06   5.5297852e+01
   9.5627780e+06   6.1584473e+01
   9.5627960e+06   2.2375488e+02
   9.5628060e+06   5.6823730e+01
   9.5628330e+06   6.1950684e+01
   9.5628440e+06   4.0893555e+01
   9.5628740e+06   2.0904541e+02
   9.5628900e+06   5.6640625e+01
   9.5629130e+06   4.3579102e+01
   9.5629600e+06   1.4916992e+02
   9.5629830e+06   4.9011230e+01
   9.5630130e+06   4.1809082e+01
   9.5630260e+06   4.1931152e+01
   9.5630440e+06   1.4929199e+02
   9.5630540e+06   4.0344238e+01
   9.5630840e+06   4.6203613e+01
   9.5630940e+06   4.9255371e+01
   9.5631390e+06   1.6088867e+02
   9.5631600e+06   4.0954590e+01
   9.5632170e+06   1.0900879e+02
   9.5632290e+06   3.9733887e+01
   9.5633150e+06   1.2481689e+02
   9.5633310e+06   4.2297363e+01
   9.5633740e+06   4.5959473e+01
   9.5634030e+06   1.2701416e+02
   9.5634770e+06   4.3640137e+01
   9.5635390e+06   1.0961914e+02
   9.5635660e+06   4.6569824e+01
   9.5635830e+06   4.0527344e+01
   9.5636530e+06   1.0784912e+02
   9.5636710e+06   4.6752930e+01
   9.5636980e+06   4.3457031e+01
   9.5637530e+06   1.0839844e+02
   9.5637680e+06   4.8645020e+01
   9.5638690e+06   1.2103271e+02
   9.5638940e+06   4.5043945e+01
   9.5640960e+06   1.3092041e+02
   9.5641400e+06   3.8940430e+01
   9.5645210e+06   1.4196777e+02
   9.6064240e+06   4.2358398e+01
   9.6268630e+06   4.1137695e+01
   9.6271700e+06   4.7912598e+01
   9.6272550e+06   4.2663574e+01
   9.6273020e+06   5.7495117e+01
   9.6273280e+06   5.3100586e+01
   9.6273530e+06   3.9306641e+01
   9.6273770e+06   4.6020508e+01
   9.6274100e+06   5.6518555e+01
   9.6274570e+06   4.0893555e+01
   9.6275300e+06   5.3649902e+01
   9.6275460e+06   4.3273926e+01
   9.6275880e+06   3.9184570e+01
   9.6276300e+06   3.9672852e+01
   9.6277320e+06   5.4626465e+01
   9.6279510e+06   3.9001465e+01
   9.6283400e+06   4.5166016e+01
   9.6353440e+06   4.0527344e+01
   9.6553120e+06   4.6386719e+01
   9.6553260e+06   4.7058105e+01
   9.6553820e+06   3.9611816e+01
   9.6554060e+06   5.8837891e+01
   9.6554210e+06   6.8542480e+01
   9.6554430e+06   3.8879395e+01
   9.6554720e+06   5.0476074e+01
   9.6554950e+06   6.6223145e+01
   9.6555280e+06   3.9428711e+01
   9.6555550e+06   4.7912598e+01
   9.6556020e+06   5.4748535e+01
   9.6556400e+06   2.2467041e+02
   9.6556710e+06   5.7495117e+01
   9.6556990e+06   4.1198730e+01
   9.6557970e+06   5.5603027e+01
   9.6558420e+06   2.2247314e+02
   9.6558530e+06   4.1259766e+01
   9.6559250e+06   4.2053223e+01
   9.6940940e+06   6.3537598e+01
   9.6941160e+06   5.5908203e+01
   9.6941310e+06   2.5872803e+02
   9.6941510e+06   7.9711914e+01
   9.6941720e+06   5.3283691e+01
   9.6941840e+06   4.4189453e+01
   9.6942270e+06   4.2358398e+01
   9.6942390e+06   8.7646484e+01
   9.6942710e+06   4.9194336e+01
   9.6943130e+06   1.9177246e+02
   9.6943270e+06   3.9794922e+01
   9.6943640e+06   4.8278809e+01
   9.6943770e+06   4.2907715e+01
   9.6944280e+06   4.3151855e+01
   9.6944460e+06   1.8554688e+02
   9.6944950e+06   4.5166016e+01
   9.6945220e+06   1.1828613e+02
   9.6946020e+06   9.8327637e+01
   9.6946810e+06   1.3665771e+02
   9.6947390e+06   4.1687012e+01
   9.6947920e+06   1.4172363e+02
   9.6948060e+06   4.1625977e+01
   9.6949110e+06   4.4006348e+01
   9.6949520e+06   1.2658691e+02
   9.6949980e+06   4.0161133e+01
   9.6950630e+06   1.2176514e+02
   9.6951140e+06   4.1687012e+01
   9.6951800e+06   1.2988281e+02
   9.6951930e+06   4.6997070e+01
   9.6955140e+06   1.3519287e+02
   9.6958440e+06   4.1503906e+01
   9.6958750e+06   3.9978027e+01
   9.7436230e+06   3.8940430e+01
   9.7436800e+06   3.9062500e+01
   9.7437200e+06   4.0283203e+01
   9.7437410e+06   5.7434082e+01
   9.7437680e+06   4.4372559e+01
   9.7437840e+06   4.5898438e+01
   9.7438130e+06   5.2429199e+01
   9.7438550e+06   4.0466309e+01
   9.7438780e+06   3.9550781e+01
   9.7439790e+06   3.9367676e+01
   9.7440250e+06   4.3212891e+01
   9.7442880e+06   5.5114746e+01
   9.7447360e+06   4.2785645e+01
   9.7697970e+06   5.6518555e+01
   9.7698390e+06   3.9367676e+01
   9.7698890e+06   4.1748047e+01
   9.7699010e+06   4.1015625e+01
   9.7699770e+06   4.3945313e+01
   9.7699990e+06   4.1748047e+01
   9.7700570e+06   4.0893555e+01
   9.7700960e+06   4.2358398e+01
   9.7701280e+06   4.9926758e+01
   9.7702220e+06   4.2480469e+01
   9.7702520e+06   4.7546387e+01
   9.7702690e+06   4.3823242e+01
   9.7702840e+06   5.3710938e+01
   9.7702970e+06   7.5317383e+01
   9.7703220e+06   4.4616699e+01
   9.7703690e+06   3.9123535e+01
   9.7703910e+06   5.2795410e+01
   9.7704720e+06   2.1441650e+02
   9.7705030e+06   5.2673340e+01
   9.7705650e+06   3.9001465e+01
   9.7706090e+06   4.1320801e+01
   9.7706650e+06   2.2210693e+02
   9.7706840e+06   4.3090820e+01
   9.7707060e+06   4.4250488e+01
   9.7708110e+06   1.7443848e+02
   9.7708520e+06   4.0283203e+01
   9.7709400e+06   4.0710449e+01
   9.8185910e+06   4.1076660e+01
   9.8262820e+06   4.1503906e+01
   9.8263290e+06   4.0405273e+01
   9.8263500e+06   2.4066162e+02
   9.8263610e+06   9.4543457e+01
   9.8264150e+06   4.6508789e+01
   9.8264400e+06   4.5227051e+01
   9.8264570e+06   2.0678711e+02
   9.8264820e+06   5.4626465e+01
   9.8265290e+06   1.4843750e+02
   9.8265630e+06   4.2053223e+01
   9.8265760e+06   4.4860840e+01
   9.8265980e+06   1.4569092e+02
   9.8266220e+06   6.1279297e+01
   9.8266820e+06   1.2945557e+02
   9.8267040e+06   5.0354004e+01
   9.8267410e+06   4.1137695e+01
   9.8267660e+06   1.2237549e+02
   9.8268030e+06   5.4687500e+01
   9.8268600e+06   1.3629150e+02
   9.8269320e+06   5.6945801e+01
   9.8270830e+06   7.0129395e+01
   9.8272970e+06   1.5893555e+02
   9.8273240e+06   4.3884277e+01
   9.8740260e+06   5.3527832e+01
   9.8740920e+06   3.9001465e+01
   9.8741690e+06   3.9245605e+01
   9.8743040e+06   5.4992676e+01
   9.8743220e+06   4.1992188e+01
   9.8743980e+06   4.3029785e+01
   9.8744500e+06   1.8481445e+02
   9.8744630e+06   6.2438965e+01
   9.8745050e+06   4.4250488e+01
   9.8745290e+06   4.1015625e+01
   9.8745670e+06   2.2851563e+02
   9.8745950e+06   5.1635742e+01
   9.8746630e+06   1.7266846e+02
   9.8746940e+06   4.4677734e+01
   9.8748100e+06   1.6571045e+02
   9.8748230e+06   4.7973633e+01
   9.8748980e+06   6.0791016e+01
   9.8749490e+06   1.8481445e+02
   9.8749590e+06   5.8044434e+01
   9.8750410e+06   3.9367676e+01
   9.8750760e+06   4.0222168e+01
   9.8751260e+06   1.8218994e+02
   9.8754430e+06   4.1076660e+01
   9.8755580e+06   1.7797852e+02
   9.8755750e+06   4.4433594e+01
   9.8761040e+06   5.3710938e+01
   9.9332960e+06   4.7546387e+01
   9.9333520e+06   4.2358398e+01
   9.9334740e+06   4.5288086e+01
   9.9336090e+06   3.9123535e+01
   9.9336250e+06   4.7424316e+01
   9.9336500e+06   3.9367676e+01
   9.9337970e+06   4.4555664e+01
   9.9338140e+06   4.4189453e+01
   9.9338580e+06   3.9550781e+01
   9.9339140e+06   2.3126221e+02
   9.9339250e+06   4.3395996e+01
   9.9340010e+06   5.5908203e+01
   9.9340300e+06   2.1636963e+02
   9.9340440e+06   4.4006348e+01
   9.9341180e+06   4.8095703e+01
   9.9341940e+06   1.9244385e+02
   9.9342080e+06   4.1564941e+01
   1.0001619e+07   3.9916992e+01
   1.0001658e+07   4.7058105e+01
   1.0001700e+07   2.2601318e+02
   1.0001710e+07   5.7250977e+01
   1.0001730e+07   7.3974609e+01
   1.0001756e+07   4.8583984e+01
   1.0001791e+07   1.9787598e+02
   1.0001816e+07   6.8603516e+01
   1.0001851e+07   5.3222656e+01
   1.0001907e+07   3.9672852e+01
   1.0001920e+07   5.1025391e+01
   1.0001956e+07   4.5532227e+01
   1.0002016e+07   1.6442871e+02
   1.0002037e+07   5.4870605e+01
   1.0002239e+07   1.9049072e+02
   1.0002257e+07   4.3762207e+01
   1.0050289e+07   5.1696777e+01
   1.0050363e+07   4.5349121e+01
   1.0122967e+07   4.1687012e+01
   1.0235813e+07   4.0771484e+01
   1.0236379e+07   2.0422363e+02
   1.0236390e+07   5.9814453e+01
   1.0273233e+07   2.4212646e+02
   1.0273243e+07   5.7250977e+01
   1.0315328e+07   2.3303223e+02
   1.0315339e+07   4.2663574e+01
   1.0335242e+07   5.3405762e+01
   1.0335281e+07   4.0771484e+01
   1.0335328e+07   2.2833252e+02
   1.0335340e+07   5.0598145e+01
   1.0335413e+07   5.3161621e+01
   1.0335461e+07   3.9184570e+01
   1.0335533e+07   4.0283203e+01
   1.0335549e+07   2.0190430e+02
   1.0335562e+07   4.6264648e+01
   1.0335665e+07   1.9689941e+02
   1.0335680e+07   4.1320801e+01
   1.0443818e+07   4.1259766e+01
   1.0465011e+07   2.5134277e+02
   1.0465022e+07   4.6325684e+01
   1.0484562e+07   2.4090576e+02
   1.0484576e+07   4.1870117e+01
   1.0484702e+07   2.2625732e+02
   1.0485494e+07   4.0649414e+01
   1.0554840e+07   4.8400879e+01
   1.0589821e+07   4.6936035e+01
   1.0590227e+07   2.1093750e+02
   1.0590237e+07   5.3222656e+01
   1.0652119e+07   2.4902344e+02
   1.0652129e+07   6.6528320e+01
   1.0659323e+07   3.9611816e+01
   1.0700023e+07   2.2088623e+02
   1.0700034e+07   4.7912598e+01
   1.0767595e+07   4.1809082e+01
   1.0767632e+07   3.9489746e+01
   1.0801468e+07   3.9978027e+01
   1.0801640e+07   2.5512695e+02
   1.0801650e+07   4.4128418e+01
   1.0801869e+07   2.3107910e+02
   1.0801880e+07   4.1687012e+01
   1.1002071e+07   2.5463867e+02
   1.1002081e+07   7.1899414e+01
   1.1002111e+07   4.2419434e+01
   1.1019814e+07   2.0428467e+02
   1.1019825e+07   5.2856445e+01
   1.1054544e+07   2.4017334e+02
   1.1054556e+07   4.5776367e+01
   1.1155079e+07   3.8879395e+01
   1.1155579e+07   4.5715332e+01
   1.1253626e+07   2.4383545e+02
   1.1253636e+07   7.4096680e+01
   1.1254629e+07   4.2480469e+01
   1.1255818e+07   3.9123535e+01
   1.1255933e+07   2.3498535e+02
   1.1255944e+07   6.5917969e+01
   1.1340166e+07   4.0588379e+01
   1.1341776e+07   2.2528076e+02
   1.1341788e+07   4.6875000e+01
   1.1352859e+07   3.9733887e+01
   1.1366929e+07   4.2663574e+01
   1.1367710e+07   2.3156738e+02
   1.1367720e+07   5.6823730e+01
   1.1372212e+07   5.8715820e+01
   1.1573625e+07   4.3640137e+01
   1.1654174e+07   3.9367676e+01
   1.1688972e+07   3.9062500e+01
   1.1718309e+07   4.3090820e+01
   1.1744178e+07   2.3339844e+02
   1.1744189e+07   5.4626465e+01
   1.1744592e+07   2.3187256e+02
   1.1744604e+07   4.6569824e+01
   1.1850550e+07   6.6528320e+01
   1.1850578e+07   2.7203369e+02
   1.1850590e+07   5.6335449e+01
   1.1850682e+07   4.4982910e+01
   1.1850705e+07   2.2692871e+02
   1.1850739e+07   6.1828613e+01
   1.1850787e+07   3.9184570e+01
   1.1858806e+07   2.4627686e+02
   1.1858817e+07   5.0781250e+01
   1.1901032e+07   2.2595215e+02
   1.1901043e+07   5.3039551e+01
   1.1901212e+07   3.9550781e+01
   1.1903711e+07   3.8879395e+01
   1.1930351e+07   2.2888184e+02
   1.1930363e+07   4.2236328e+01
   1.1933320e+07   2.4414063e+02
   1.1933332e+07   5.6518555e+01
   1.1970508e+07   2.4475098e+02
   1.1970520e+07   6.0058594e+01
   1.1977250e+07   3.8879395e+01
   1.1977567e+07   2.4005127e+02
   1.1977578e+07   5.3527832e+01
