   1.1996000e+07   0.0000000e+00
   8.6780000e+04   4.4677734e+01
   1.7236600e+05   4.4189453e+01
   1.7243300e+05   3.9428711e+01
   2.4862700e+05   4.6081543e+01
   3.6532900e+05   5.3100586e+01
   3.7353900e+05   6.1523438e+01
   3.7362700e+05   3.6682129e+01
   4.1520300e+05   3.8208008e+01
   4.7131200e+05   4.9560547e+01
   4.9788700e+05   3.8574219e+01
   4.9815500e+05   5.3833008e+01
   5.4671400e+05   5.4687500e+01
   5.4687400e+05   3.8757324e+01
   5.4868300e+05   4.9682617e+01
   5.7167800e+05   4.7241211e+01
   6.8132100e+05   5.8105469e+01
   6.8138900e+05   4.4555664e+01
   6.8141100e+05   3.8391113e+01
   6.8172700e+05   4.5959473e+01
   7.3491200e+05   6.6406250e+01
   7.3505900e+05   4.0710449e+01
   7.3516800e+05   5.0537109e+01
   7.3530900e+05   5.1757813e+01
   7.3552700e+05   3.6621094e+01
   7.3567200e+05   3.8269043e+01
   7.3571400e+05   4.1076660e+01
   8.0787900e+05   5.6579590e+01
   8.0931600e+05   5.2124023e+01
   8.2051600e+05   5.0659180e+01
   8.3446300e+05   6.2133789e+01
   8.3457000e+05   4.4921875e+01
   8.3467000e+05   4.2907715e+01
   8.8114300e+05   4.4860840e+01
   8.8120300e+05   3.7292480e+01
   8.8123600e+05   4.1748047e+01
   8.8135300e+05   3.8024902e+01
   9.3061400e+05   5.0354004e+01
   9.3088700e+05   4.2663574e+01
   9.3118100e+05   4.1809082e+01
   9.3138700e+05   4.6997070e+01
   9.5602600e+05   5.1574707e+01
   9.5610500e+05   3.8085938e+01
   9.5622300e+05   4.0893555e+01
   9.5628900e+05   3.7780762e+01
   9.9037700e+05   5.9448242e+01
   9.9044600e+05   4.2724609e+01
   9.9046900e+05   3.7109375e+01
   9.9056000e+05   4.3273926e+01
   9.9059400e+05   4.4433594e+01
   9.9069700e+05   3.7231445e+01
   1.0546450e+06   7.8735352e+01
   1.0546760e+06   4.4433594e+01
   1.0549220e+06   3.9550781e+01
   1.1076920e+06   4.5288086e+01
   1.1077030e+06   5.0842285e+01
   1.1079170e+06   3.6987305e+01
   1.1079760e+06   4.1137695e+01
   1.1101540e+06   4.2846680e+01
   1.1105390e+06   4.9865723e+01
   1.1109370e+06   4.4128418e+01
   1.1470350e+06   5.8471680e+01
   1.1470940e+06   3.9489746e+01
   1.1488530e+06   4.1687012e+01
   1.1491530e+06   3.9672852e+01
   1.1496070e+06   4.4189453e+01
   1.1499940e+06   4.3029785e+01
   1.1506230e+06   3.9428711e+01
   1.1904530e+06   3.8024902e+01
   1.1908590e+06   4.8583984e+01
   1.1914110e+06   4.1076660e+01
   1.2156850e+06   6.3537598e+01
   1.2159010e+06   5.3527832e+01
   1.6310880e+06   4.2663574e+01
   1.6322510e+06   4.4555664e+01
   1.7203620e+06   5.3527832e+01
   1.7974020e+06   3.7475586e+01
   1.7976210e+06   5.9265137e+01
   1.8205710e+06   5.7373047e+01
   1.8310570e+06   6.3659668e+01
   1.8563040e+06   6.6772461e+01
   1.8568330e+06   5.5480957e+01
   1.8920550e+06   3.6560059e+01
   1.8922100e+06   5.5786133e+01
   1.9514090e+06   4.0161133e+01
   1.9793320e+06   4.0954590e+01
   1.9794370e+06   5.1147461e+01
   2.0127720e+06   5.3283691e+01
   2.0296790e+06   5.3833008e+01
   2.0298480e+06   3.9855957e+01
   2.0334550e+06   5.3649902e+01
   2.1805520e+06   4.4799805e+01
   2.1807420e+06   4.0466309e+01
   2.2237590e+06   3.8574219e+01
   2.2763090e+06   4.4128418e+01
   2.5110530e+06   6.0668945e+01
   2.5181690e+06   3.7231445e+01
   2.5878650e+06   4.9316406e+01
   2.6325030e+06   5.9814453e+01
   2.6958490e+06   3.6621094e+01
   2.7211000e+06   4.3762207e+01
   2.7832590e+06   4.9072266e+01
   2.8397070e+06   3.7536621e+01
   2.8398370e+06   4.4982910e+01
   2.8401200e+06   4.6142578e+01
   2.8404020e+06   4.5471191e+01
   2.9071980e+06   4.0100098e+01
   2.9482890e+06   4.0344238e+01
   2.9763010e+06   3.7109375e+01
   3.0174530e+06   4.1442871e+01
   3.0188170e+06   5.8959961e+01
   3.0860170e+06   3.8146973e+01
   3.0860290e+06   3.7719727e+01
   3.0863500e+06   4.4189453e+01
   3.1302910e+06   3.7048340e+01
   3.1484910e+06   5.4870605e+01
   3.1489300e+06   4.5166016e+01
   3.1584150e+06   4.7851563e+01
   3.1607880e+06   4.4677734e+01
   3.1609890e+06   4.7729492e+01
   3.2004940e+06   3.7353516e+01
   3.2005930e+06   3.6682129e+01
   3.2448110e+06   5.7861328e+01
   3.2449480e+06   4.0100098e+01
   3.2659900e+06   5.4016113e+01
   3.2750070e+06   6.7016602e+01
   3.2764930e+06   4.7912598e+01
   3.2830660e+06   3.8391113e+01
   3.2852460e+06   3.6987305e+01
   3.2854490e+06   5.2551270e+01
   3.3822920e+06   6.1645508e+01
   3.3823450e+06   4.3273926e+01
   3.3823700e+06   3.9855957e+01
   3.3824240e+06   4.0405273e+01
   3.3825140e+06   4.1137695e+01
   3.4148690e+06   3.7353516e+01
   3.4152050e+06   3.9367676e+01
   3.4602310e+06   4.8095703e+01
   3.4602950e+06   5.1452637e+01
   3.4603610e+06   3.7963867e+01
   3.4604210e+06   3.7170410e+01
   3.4604640e+06   4.0405273e+01
   3.4605640e+06   4.7546387e+01
   3.5064200e+06   4.2663574e+01
   3.5066430e+06   4.3334961e+01
   3.5070660e+06   4.1198730e+01
   3.5071310e+06   3.6804199e+01
   3.5074110e+06   3.6865234e+01
   3.5176400e+06   4.5166016e+01
   3.5178920e+06   4.1931152e+01
   3.5184100e+06   4.0649414e+01
   3.5186220e+06   3.8574219e+01
   3.5404170e+06   5.4748535e+01
   3.5406690e+06   4.0222168e+01
   3.5407810e+06   3.6804199e+01
   3.5410450e+06   3.6926270e+01
   3.5418590e+06   4.0588379e+01
   3.5645890e+06   5.5541992e+01
   3.5646140e+06   3.6499023e+01
   3.5646660e+06   3.8757324e+01
   3.5647000e+06   3.7109375e+01
   3.5650060e+06   4.1931152e+01
   3.5651260e+06   3.6621094e+01
   3.5654240e+06   3.8146973e+01
   3.5655700e+06   3.8146973e+01
   3.5875770e+06   5.6457520e+01
   3.5875890e+06   4.0832520e+01
   3.5877370e+06   3.8085938e+01
   3.5877900e+06   3.8574219e+01
   3.5879080e+06   3.8146973e+01
   3.5921800e+06   3.7719727e+01
   3.6045080e+06   4.4189453e+01
   3.6045780e+06   3.9184570e+01
   3.6049570e+06   3.9245605e+01
   3.6416790e+06   7.0983887e+01
   3.6418400e+06   3.9733887e+01
   3.6419740e+06   3.7048340e+01
   3.6421310e+06   3.7231445e+01
   3.6427960e+06   3.8391113e+01
   3.6715530e+06   3.6865234e+01
   3.6716490e+06   3.7292480e+01
   3.6723330e+06   3.7109375e+01
   3.6969390e+06   5.8532715e+01
   3.6970320e+06   4.0893555e+01
   3.6972830e+06   4.1625977e+01
   3.6983260e+06   3.7658691e+01
   3.7008170e+06   4.0344238e+01
   3.7305920e+06   6.0607910e+01
   3.7306100e+06   3.7414551e+01
   3.7309230e+06   3.7536621e+01
   3.7312040e+06   4.0100098e+01
   3.7758520e+06   4.9133301e+01
   3.7759210e+06   4.3273926e+01
   3.7759710e+06   3.7231445e+01
   3.7760540e+06   3.9978027e+01
   3.8290970e+06   3.7109375e+01
   3.8293360e+06   3.7719727e+01
   3.8294310e+06   3.8146973e+01
   3.8306970e+06   4.0832520e+01
   3.8312190e+06   3.7719727e+01
   3.8815960e+06   6.2683105e+01
   3.8816460e+06   4.6386719e+01
   3.8816860e+06   4.0344238e+01
   3.8817030e+06   3.9978027e+01
   3.8817270e+06   4.2968750e+01
   3.8818360e+06   3.7475586e+01
   3.8819190e+06   3.9916992e+01
   3.9810320e+06   4.6936035e+01
   3.9810450e+06   3.8085938e+01
   3.9849680e+06   3.9855957e+01
   3.9851320e+06   3.7475586e+01
   4.0343280e+06   4.8156738e+01
   4.1531190e+06   4.6081543e+01
   4.1531580e+06   3.7536621e+01
   4.1533110e+06   3.6743164e+01
   4.2458570e+06   5.5053711e+01
   4.2458940e+06   3.8208008e+01
   4.4576890e+06   3.8452148e+01
   4.5267730e+06   4.1259766e+01
   4.5357620e+06   5.6701660e+01
   4.5358950e+06   3.6621094e+01
   4.5362850e+06   3.8757324e+01
   4.5743300e+06   5.7739258e+01
   4.5745060e+06   5.4138184e+01
   4.6124710e+06   6.4941406e+01
   4.6125170e+06   4.6081543e+01
   4.6125550e+06   3.7963867e+01
   4.6126530e+06   3.6743164e+01
   4.6135040e+06   4.0039063e+01
   4.6441550e+06   5.1818848e+01
   4.6448360e+06   4.9438477e+01
   4.6761120e+06   4.3579102e+01
   4.6762090e+06   3.6804199e+01
   4.6762390e+06   3.7597656e+01
   4.6764350e+06   4.0405273e+01
   4.7078750e+06   4.2602539e+01
   4.7080330e+06   6.0668945e+01
   4.7080880e+06   4.2968750e+01
   4.7081530e+06   4.0222168e+01
   4.7081900e+06   3.6743164e+01
   4.7362950e+06   6.9396973e+01
   4.7364230e+06   3.7963867e+01
   4.7591920e+06   3.9245605e+01
   4.7594060e+06   4.9926758e+01
   4.7863430e+06   5.7495117e+01
   4.7866580e+06   3.7353516e+01
   4.9001340e+06   8.1604004e+01
   4.9003060e+06   4.2236328e+01
   4.9017930e+06   3.6804199e+01
   4.9523200e+06   5.8837891e+01
   4.9844670e+06   3.7048340e+01
   5.1214160e+06   3.7414551e+01
   5.1217310e+06   3.8696289e+01
   5.2498370e+06   5.1635742e+01
   5.3024020e+06   3.6987305e+01
   5.3283670e+06   4.1687012e+01
   5.3284130e+06   4.0771484e+01
   5.3298260e+06   5.3894043e+01
   5.4768230e+06   3.8024902e+01
   5.6256030e+06   5.2062988e+01
   5.6671790e+06   4.7607422e+01
   5.7104950e+06   3.9550781e+01
   5.7838810e+06   5.6884766e+01
   5.7855410e+06   4.0344238e+01
   5.8454630e+06   4.8400879e+01
   5.8455550e+06   4.3579102e+01
   5.8916520e+06   5.4992676e+01
   5.8921160e+06   4.6203613e+01
   5.8921620e+06   4.4372559e+01
   5.8930850e+06   3.7719727e+01
   5.9467660e+06   5.8105469e+01
   5.9561920e+06   3.8269043e+01
   5.9601590e+06   4.4616699e+01
   5.9602370e+06   6.0668945e+01
   5.9913020e+06   5.1757813e+01
   6.0355740e+06   5.6335449e+01
   6.0549660e+06   3.7048340e+01
   6.0551350e+06   4.1870117e+01
   6.0905220e+06   3.7353516e+01
   6.0907660e+06   4.1259766e+01
   6.1480670e+06   5.0292969e+01
   6.1481870e+06   3.8513184e+01
   6.1482020e+06   3.8513184e+01
   6.1482240e+06   3.6743164e+01
   6.1483280e+06   3.6499023e+01
   6.1488990e+06   3.7231445e+01
   6.1980510e+06   5.7373047e+01
   6.1981950e+06   4.1320801e+01
   6.1983390e+06   4.2968750e+01
   6.1987990e+06   3.8452148e+01
   6.1988230e+06   3.9794922e+01
   6.1988620e+06   3.6804199e+01
   6.1988810e+06   3.9489746e+01
   6.1990410e+06   3.7231445e+01
   6.1994970e+06   3.7597656e+01
   6.1998400e+06   4.5166016e+01
   6.2002730e+06   3.7353516e+01
   6.2175480e+06   4.2358398e+01
   6.2176140e+06   4.3579102e+01
   6.2181580e+06   3.9550781e+01
   6.2196660e+06   3.7719727e+01
   6.2459040e+06   5.3588867e+01
   6.2460820e+06   3.8269043e+01
   6.2460920e+06   3.8330078e+01
   6.2461910e+06   3.6926270e+01
   6.2465290e+06   4.1809082e+01
   6.2869490e+06   3.7963867e+01
   6.2870550e+06   3.7719727e+01
   6.2871430e+06   3.6560059e+01
   6.2871610e+06   3.8879395e+01
   6.2872460e+06   4.5104980e+01
   6.2874240e+06   4.0649414e+01
   6.2891400e+06   4.1015625e+01
   6.2894340e+06   4.2053223e+01
   6.3099660e+06   4.7912598e+01
   6.3102280e+06   3.7963867e+01
   6.3103790e+06   4.6447754e+01
   6.3584870e+06   4.8522949e+01
   6.3587240e+06   3.7414551e+01
   6.3587490e+06   4.1809082e+01
   6.3588310e+06   3.7963867e+01
   6.3599260e+06   3.7597656e+01
   6.3922760e+06   5.9692383e+01
   6.3923220e+06   3.7170410e+01
   6.3924090e+06   4.1015625e+01
   6.3926620e+06   3.8024902e+01
   6.3930430e+06   3.7109375e+01
   6.4345110e+06   5.9387207e+01
   6.4348210e+06   3.9794922e+01
   6.4348940e+06   3.7597656e+01
   6.4892050e+06   5.0231934e+01
   6.4892580e+06   4.4250488e+01
   6.4893690e+06   3.6560059e+01
   6.4894950e+06   4.8889160e+01
   6.4895710e+06   3.9367676e+01
   6.4899410e+06   3.9184570e+01
   6.5367840e+06   6.0363770e+01
   6.5369030e+06   3.6804199e+01
   6.5371180e+06   4.0649414e+01
   6.5874720e+06   3.9672852e+01
   6.5875500e+06   5.5603027e+01
   6.5876440e+06   3.8452148e+01
   6.5889450e+06   4.5104980e+01
   6.6552270e+06   3.9306641e+01
   6.6552800e+06   3.6743164e+01
   6.6654160e+06   4.3090820e+01
   6.6654670e+06   4.1809082e+01
   6.6654840e+06   3.6804199e+01
   6.7388600e+06   3.9978027e+01
   6.7390220e+06   3.7475586e+01
   6.8166920e+06   4.1809082e+01
   6.8168490e+06   3.8635254e+01
   6.9443000e+06   5.5358887e+01
   6.9874940e+06   4.9316406e+01
   6.9884220e+06   5.1147461e+01
   7.0756930e+06   5.2062988e+01
   7.0757050e+06   4.6997070e+01
   7.1297400e+06   4.3029785e+01
   7.1367560e+06   3.6560059e+01
   7.2008940e+06   6.9580078e+01
   7.2009450e+06   4.4189453e+01
   7.2632330e+06   3.7841797e+01
   7.3843600e+06   3.6682129e+01
   7.4362500e+06   3.8269043e+01
   7.5466480e+06   5.7006836e+01
   7.5466820e+06   4.1931152e+01
   7.5468090e+06   4.3151855e+01
   7.5473800e+06   4.0283203e+01
   7.5697720e+06   4.8767090e+01
   7.5697970e+06   5.3894043e+01
   7.5699100e+06   4.0466309e+01
   7.6004070e+06   5.4687500e+01
   7.6004610e+06   3.6987305e+01
   7.6004860e+06   4.1931152e+01
   7.6005120e+06   4.4860840e+01
   7.6005330e+06   3.6499023e+01
   7.6006120e+06   3.6682129e+01
   7.6007290e+06   3.8330078e+01
   7.6462700e+06   5.6823730e+01
   7.6465400e+06   4.1809082e+01
   7.6471030e+06   4.4006348e+01
   7.6693690e+06   5.6457520e+01
   7.6698050e+06   3.9489746e+01
   7.6702430e+06   4.0893555e+01
   7.6704470e+06   3.9306641e+01
   7.6707640e+06   3.6804199e+01
   7.7066870e+06   5.1391602e+01
   7.7067870e+06   4.4311523e+01
   7.7068480e+06   3.9733887e+01
   7.7069260e+06   3.7719727e+01
   7.7572110e+06   6.2072754e+01
   7.7573430e+06   4.9011230e+01
   7.7574850e+06   4.0222168e+01
   7.7594220e+06   3.9733887e+01
   7.7851140e+06   5.7983398e+01
   7.7852730e+06   4.0039063e+01
   7.7853120e+06   4.1198730e+01
   7.7853980e+06   3.7292480e+01
   7.7854710e+06   3.6926270e+01
   7.7857220e+06   3.7597656e+01
   7.8275380e+06   5.6884766e+01
   7.8275640e+06   3.9794922e+01
   7.8277100e+06   4.2846680e+01
   7.8277430e+06   3.6499023e+01
   7.8780020e+06   4.7851563e+01
   7.8781410e+06   3.9306641e+01
   7.8782210e+06   4.4860840e+01
   7.8782780e+06   4.1442871e+01
   7.8784310e+06   3.6499023e+01
   7.8819730e+06   3.9367676e+01
   7.9230330e+06   7.3303223e+01
   7.9237160e+06   5.9387207e+01
   7.9239890e+06   4.4555664e+01
   7.9240520e+06   4.1503906e+01
   7.9244280e+06   4.0710449e+01
   7.9919620e+06   5.6884766e+01
   7.9932770e+06   5.3588867e+01
   8.0172880e+06   5.7922363e+01
   8.0173870e+06   4.6203613e+01
   8.0174610e+06   3.9428711e+01
   8.0845060e+06   3.6865234e+01
   8.0845220e+06   7.6965332e+01
   8.0845960e+06   3.7048340e+01
   8.0848390e+06   3.9184570e+01
   8.3526630e+06   5.8959961e+01
   8.5479690e+06   3.9001465e+01
   8.5683220e+06   3.7536621e+01
   8.5683370e+06   4.1931152e+01
   8.5684170e+06   3.9916992e+01
   8.5684850e+06   3.7780762e+01
   8.5686570e+06   3.6682129e+01
   8.5690100e+06   4.2297363e+01
   8.6244400e+06   4.9377441e+01
   8.6246570e+06   4.0344238e+01
   8.6653710e+06   5.5603027e+01
   8.6666290e+06   4.6875000e+01
   8.6669030e+06   3.7658691e+01
   8.7001640e+06   5.3894043e+01
   8.7002960e+06   4.5715332e+01
   8.7006090e+06   5.1940918e+01
   8.7006920e+06   3.9489746e+01
   8.7352590e+06   5.5725098e+01
   8.7353760e+06   4.6813965e+01
   8.7355350e+06   4.0344238e+01
   8.7904820e+06   5.4809570e+01
   8.7905760e+06   5.0964355e+01
   8.9894750e+06   4.1809082e+01
   9.1076330e+06   4.7119141e+01
   9.1211630e+06   3.8635254e+01
   9.1774860e+06   4.1870117e+01
   9.1777290e+06   6.0546875e+01
   9.1777650e+06   3.7597656e+01
   9.1780900e+06   4.7363281e+01
   9.1790780e+06   4.2602539e+01
   9.1797680e+06   4.8095703e+01
   9.2079980e+06   3.9428711e+01
   9.2081350e+06   5.2856445e+01
   9.2081890e+06   3.9489746e+01
   9.2359220e+06   3.8024902e+01
   9.3028910e+06   5.1635742e+01
   9.4121160e+06   5.0354004e+01
   9.4131060e+06   6.0668945e+01
   9.4563590e+06   4.9682617e+01
   9.4970390e+06   5.7495117e+01
   9.4970690e+06   4.1320801e+01
   9.4971120e+06   3.6987305e+01
   9.5174050e+06   5.3039551e+01
   9.5614170e+06   6.1340332e+01
   9.5614900e+06   4.8767090e+01
   9.5626420e+06   3.9367676e+01
   9.5627310e+06   4.5776367e+01
   9.5628170e+06   3.9978027e+01
   9.5629450e+06   3.8940430e+01
   9.5630060e+06   3.9855957e+01
   9.6062390e+06   5.0659180e+01
   9.6064870e+06   4.2419434e+01
   9.6266940e+06   5.4382324e+01
   9.6271470e+06   5.5541992e+01
   9.6272100e+06   3.7841797e+01
   9.6272930e+06   3.7353516e+01
   9.6279100e+06   3.9550781e+01
   9.6552580e+06   5.9143066e+01
   9.6553040e+06   4.1809082e+01
   9.6554520e+06   3.7109375e+01
   9.6555210e+06   3.7048340e+01
   9.6555550e+06   3.9794922e+01
   9.6941320e+06   6.6528320e+01
   9.6941960e+06   3.6804199e+01
   9.6942120e+06   4.0954590e+01
   9.6942640e+06   3.8085938e+01
   9.6943650e+06   3.7536621e+01
   9.6944060e+06   4.2846680e+01
   9.7436140e+06   3.7658691e+01
   9.7436570e+06   4.3151855e+01
   9.7437810e+06   4.1503906e+01
   9.7438630e+06   3.9916992e+01
   9.7439010e+06   3.9245605e+01
   9.7447270e+06   4.0527344e+01
   9.7698210e+06   4.3457031e+01
   9.7701270e+06   3.6743164e+01
   9.7705380e+06   4.2846680e+01
   9.7706160e+06   3.8757324e+01
   9.8100950e+06   4.7058105e+01
   9.8101050e+06   3.7475586e+01
   9.8260270e+06   3.9794922e+01
   9.8261210e+06   5.3344727e+01
   9.8264600e+06   3.6926270e+01
   9.8740380e+06   5.1574707e+01
   9.8740790e+06   3.9062500e+01
   9.8741020e+06   3.7353516e+01
   9.8743790e+06   3.7170410e+01
   9.8748980e+06   4.1381836e+01
   9.9176420e+06   3.9306641e+01
   9.9176990e+06   4.3823242e+01
   9.9333320e+06   5.8044434e+01
   9.9336600e+06   4.1198730e+01
   9.9337440e+06   4.0100098e+01
   9.9351080e+06   3.7536621e+01
   9.9364050e+06   4.9316406e+01
   9.9668930e+06   5.1086426e+01
   9.9670200e+06   3.7719727e+01
   1.0001677e+07   5.5236816e+01
   1.0001718e+07   3.9489746e+01
   1.0001751e+07   4.3029785e+01
   1.0001788e+07   4.4799805e+01
   1.0050189e+07   3.7597656e+01
   1.0050488e+07   3.9916992e+01
   1.0335297e+07   5.2917480e+01
   1.0335569e+07   3.8452148e+01
   1.0485384e+07   3.6865234e+01
   1.0659064e+07   3.9916992e+01
   1.0767563e+07   4.5532227e+01
   1.0767699e+07   4.2480469e+01
   1.0905173e+07   5.3649902e+01
   1.1038419e+07   5.6518555e+01
   1.1077947e+07   4.5349121e+01
   1.1077996e+07   4.7668457e+01
   1.1154984e+07   3.6621094e+01
   1.1155122e+07   4.9621582e+01
   1.1165013e+07   6.0607910e+01
   1.1166543e+07   5.9753418e+01
   1.1213976e+07   5.0170898e+01
   1.1308503e+07   4.7607422e+01
   1.1308796e+07   5.0842285e+01
   1.1372378e+07   4.4189453e+01
   1.1425312e+07   5.0781250e+01
   1.1425702e+07   3.8269043e+01
   1.1480998e+07   5.5297852e+01
   1.1570916e+07   4.3823242e+01
   1.1663333e+07   5.7434082e+01
   1.1693094e+07   4.5288086e+01
   1.1714570e+07   5.3894043e+01
   1.1737917e+07   5.8410645e+01
   1.1792640e+07   5.1330566e+01
   1.1850506e+07   5.2307129e+01
   1.1903757e+07   6.2011719e+01
   1.1903822e+07   3.9733887e+01
