   5.9980000e+06   0.0000000e+00
   7.9186000e+04   4.1259766e+01
   8.3296000e+04   9.7839355e+01
   9.7103000e+04   4.0588379e+01
   1.1884700e+05   4.6813965e+01
   1.2973800e+05   8.0383301e+01
   1.2985400e+05   4.1931152e+01
   1.2986800e+05   6.1767578e+01
   1.3010900e+05   6.8115234e+01
   1.3058600e+05   6.2255859e+01
   1.3080000e+05   7.5805664e+01
   1.3118000e+05   4.0161133e+01
   1.3151000e+05   5.5847168e+01
   1.3218600e+05   6.5856934e+01
   1.7245000e+05   4.6142578e+01
   1.9737500e+05   7.6782227e+01
   1.9741100e+05   4.4555664e+01
   1.9765200e+05   4.6447754e+01
   2.1928500e+05   9.0332031e+01
   2.1958500e+05   4.6020508e+01
   2.3754400e+05   5.0903320e+01
   2.5200200e+05   4.2053223e+01
   2.6376500e+05   4.4067383e+01
   2.6553700e+05   8.4106445e+01
   2.6573400e+05   8.0200195e+01
   2.6917100e+05   6.5429688e+01
   2.9551600e+05   4.3029785e+01
   2.9588500e+05   7.4035645e+01
   3.3079300e+05   3.9855957e+01
   3.3402400e+05   8.1481934e+01
   3.3514200e+05   7.2753906e+01
   3.5286200e+05   9.9670410e+01
   3.5291300e+05   7.1716309e+01
   3.6275600e+05   8.2214355e+01
   3.6285200e+05   7.3669434e+01
   3.6294400e+05   6.3537598e+01
   3.9393800e+05   5.3588867e+01
   4.0792800e+05   4.6264648e+01
   4.0795900e+05   4.0344238e+01
   4.0802000e+05   4.9621582e+01
   4.1093500e+05   8.2214355e+01
   4.1113800e+05   7.8369141e+01
   4.1123900e+05   5.8959961e+01
   4.3651400e+05   3.9611816e+01
   4.3833200e+05   7.5500488e+01
   4.6897900e+05   4.0466309e+01
   4.6935300e+05   4.4982910e+01
   4.8261800e+05   7.8063965e+01
   4.9124500e+05   8.6181641e+01
   4.9132600e+05   3.9611816e+01
   4.9166500e+05   4.1687012e+01
   4.9887200e+05   7.8308105e+01
   5.0360000e+05   7.7209473e+01
   5.0372300e+05   6.9091797e+01
   5.0376600e+05   4.1931152e+01
   5.0388800e+05   4.4860840e+01
   5.0684300e+05   7.9833984e+01
   5.6686600e+05   4.3029785e+01
   5.6798200e+05   3.9916992e+01
   5.9713300e+05   8.5876465e+01
   5.9748200e+05   6.7932129e+01
   6.3234600e+05   4.2663574e+01
   6.6555100e+05   9.4787598e+01
   6.6562000e+05   7.5866699e+01
   6.6567600e+05   4.0954590e+01
   6.6569600e+05   4.1625977e+01
   6.6573900e+05   5.9387207e+01
   6.6584000e+05   5.5358887e+01
   6.6598100e+05   4.8217773e+01
   6.6613300e+05   6.4636230e+01
   6.6640500e+05   4.7241211e+01
   6.6685600e+05   5.1757813e+01
   6.6722000e+05   5.4565430e+01
   6.6754100e+05   5.9387207e+01
   6.6801100e+05   5.0109863e+01
   6.6857800e+05   5.1879883e+01
   6.6874700e+05   4.5715332e+01
   6.6926700e+05   5.0354004e+01
   6.7038700e+05   5.2673340e+01
   6.7059000e+05   4.0405273e+01
   6.7096600e+05   4.3212891e+01
   6.7405300e+05   4.3029785e+01
   6.7622100e+05   4.1015625e+01
   6.7993900e+05   5.4443359e+01
   7.7284500e+05   4.3090820e+01
   7.7483400e+05   4.2541504e+01
   7.8601200e+05   4.0161133e+01
   8.0458000e+05   6.3781738e+01
   8.0514000e+05   4.0405273e+01
   8.0941600e+05   7.6782227e+01
   8.1292000e+05   7.4523926e+01
   8.1350000e+05   8.0871582e+01
   8.1405100e+05   7.0678711e+01
   8.1428400e+05   5.8227539e+01
   8.1443000e+05   4.9072266e+01
   8.1454000e+05   6.0546875e+01
   8.1593900e+05   5.9020996e+01
   8.1830200e+05   4.7302246e+01
   8.2322400e+05   3.9611816e+01
   8.2449200e+05   3.9794922e+01
   9.4930400e+05   8.5388184e+01
   9.4964700e+05   4.2175293e+01
   9.6316600e+05   3.9550781e+01
   9.7554800e+05   4.4738770e+01
   9.7629500e+05   4.1992188e+01
   9.7648700e+05   7.8308105e+01
   9.7651600e+05   4.0100098e+01
   9.7668100e+05   6.1279297e+01
   9.7671800e+05   4.0954590e+01
   1.0215890e+06   7.8369141e+01
   1.0218620e+06   4.0893555e+01
   1.0219180e+06   7.5927734e+01
   1.0223930e+06   7.1289063e+01
   1.0226000e+06   7.5805664e+01
   1.0226330e+06   4.0527344e+01
   1.0386140e+06   8.0688477e+01
   1.0388150e+06   3.9733887e+01
   1.0390300e+06   4.9682617e+01
   1.0919790e+06   4.0344238e+01
   1.0920990e+06   4.6020508e+01
   1.1775060e+06   4.2480469e+01
   1.2361170e+06   7.9895020e+01
   1.2364330e+06   4.5349121e+01
   1.2364940e+06   7.9406738e+01
   1.2366140e+06   5.6823730e+01
   1.2366910e+06   3.9428711e+01
   1.2382330e+06   8.2702637e+01
   1.2672890e+06   5.5847168e+01
   1.2673270e+06   8.8623047e+01
   1.2673750e+06   5.6335449e+01
   1.2674160e+06   4.0832520e+01
   1.3082790e+06   1.0119629e+02
   1.3085660e+06   4.1870117e+01
   1.3086720e+06   9.6862793e+01
   1.3156390e+06   4.0893555e+01
   1.3534320e+06   4.6508789e+01
   1.3978480e+06   4.4006348e+01
   1.3980230e+06   4.7363281e+01
   1.4295190e+06   3.9672852e+01
   1.4297060e+06   5.2551270e+01
   1.4297260e+06   4.1137695e+01
   1.4297680e+06   8.8439941e+01
   1.4299260e+06   5.2062988e+01
   1.4303670e+06   7.1716309e+01
   1.4352460e+06   8.7341309e+01
   1.4473050e+06   7.1105957e+01
   1.4477360e+06   4.7607422e+01
   1.4497190e+06   4.2846680e+01
   1.4837270e+06   8.6975098e+01
   1.5235540e+06   9.4726563e+01
   1.5236460e+06   6.2622070e+01
   1.5267380e+06   8.3801270e+01
   1.5692030e+06   9.3322754e+01
   1.5729540e+06   7.2570801e+01
   1.5744850e+06   5.2734375e+01
   1.5836080e+06   4.4433594e+01
   1.5848390e+06   7.5622559e+01
   1.5971310e+06   8.4716797e+01
   1.6008800e+06   7.8002930e+01
   1.6046750e+06   4.0771484e+01
   1.6272430e+06   4.4616699e+01
   1.6278650e+06   4.9194336e+01
   1.6280560e+06   4.2297363e+01
   1.6471750e+06   7.8979492e+01
   1.6473420e+06   8.8439941e+01
   1.6474370e+06   4.0954590e+01
   1.6475410e+06   8.6059570e+01
   1.6475780e+06   4.2846680e+01
   1.6476590e+06   4.2358398e+01
   1.6478090e+06   5.2185059e+01
   1.6479350e+06   4.2541504e+01
   1.6518710e+06   7.3547363e+01
   1.6529940e+06   7.1411133e+01
   1.6555000e+06   7.6477051e+01
   1.6974420e+06   6.7321777e+01
   1.7029780e+06   8.5998535e+01
   1.7031870e+06   3.9428711e+01
   1.7035080e+06   6.8969727e+01
   1.7221540e+06   5.7434082e+01
   1.7832890e+06   7.4401855e+01
   1.7925720e+06   4.3090820e+01
   1.7948310e+06   9.0393066e+01
   1.8000440e+06   7.9284668e+01
   1.8006740e+06   4.0954590e+01
   1.8069400e+06   7.7087402e+01
   1.8070390e+06   6.9458008e+01
   1.8094050e+06   6.4697266e+01
   1.8395710e+06   8.0627441e+01
   1.8613320e+06   4.2358398e+01
   1.8614180e+06   4.3884277e+01
   1.8614380e+06   7.5866699e+01
   1.8614520e+06   5.4260254e+01
   1.8615470e+06   8.1298828e+01
   1.8615660e+06   4.7302246e+01
   1.8616220e+06   3.9855957e+01
   1.9123400e+06   8.6242676e+01
   1.9174040e+06   7.8369141e+01
   1.9230620e+06   4.2419434e+01
   1.9267360e+06   7.4401855e+01
   1.9297920e+06   4.2297363e+01
   1.9872740e+06   9.0576172e+01
   1.9873720e+06   5.7067871e+01
   1.9874200e+06   4.4860840e+01
   1.9874920e+06   7.2631836e+01
   1.9875350e+06   4.2358398e+01
   1.9900200e+06   8.6425781e+01
   2.0467550e+06   8.4838867e+01
   2.0469380e+06   7.9956055e+01
   2.0469850e+06   5.2246094e+01
   2.0470090e+06   4.8156738e+01
   2.0470790e+06   6.6772461e+01
   2.0470940e+06   5.0292969e+01
   2.0471740e+06   4.0344238e+01
   2.0472310e+06   4.3518066e+01
   2.0473950e+06   4.7668457e+01
   2.0505780e+06   4.5532227e+01
   2.0523640e+06   4.4799805e+01
   2.0528920e+06   4.2602539e+01
   2.0545380e+06   4.7851563e+01
   2.0604430e+06   4.8095703e+01
   2.0605320e+06   4.8889160e+01
   2.0609930e+06   4.7241211e+01
   2.1498330e+06   6.5673828e+01
   2.1817870e+06   4.3029785e+01
   2.2141910e+06   3.9794922e+01
   2.2147140e+06   7.4218750e+01
   2.2293740e+06   9.4421387e+01
   2.2295150e+06   4.3579102e+01
   2.2295370e+06   8.9355469e+01
   2.2296270e+06   6.3415527e+01
   2.2296490e+06   3.9428711e+01
   2.2297240e+06   4.5654297e+01
   2.2299090e+06   4.7668457e+01
   2.2303570e+06   4.3090820e+01
   2.2305220e+06   4.7607422e+01
   2.2306330e+06   4.0771484e+01
   2.2311830e+06   4.0100098e+01
   2.2316740e+06   5.6945801e+01
   2.3525490e+06   9.6801758e+01
   2.3526770e+06   5.1452637e+01
   2.3528180e+06   8.5144043e+01
   2.3528320e+06   4.1625977e+01
   2.3652210e+06   8.5754395e+01
   2.3654140e+06   6.9702148e+01
   2.3945170e+06   7.2937012e+01
   2.4113370e+06   8.2580566e+01
   2.4117290e+06   7.2143555e+01
   2.4119620e+06   4.1625977e+01
   2.4365900e+06   1.0070801e+02
   2.4366410e+06   4.1320801e+01
   2.4367300e+06   6.2805176e+01
   2.4367650e+06   4.5654297e+01
   2.4368490e+06   6.3049316e+01
   2.4369070e+06   4.1198730e+01
   2.4370350e+06   5.6884766e+01
   2.4371510e+06   6.2316895e+01
   2.4372420e+06   3.9489746e+01
   2.4374200e+06   6.3415527e+01
   2.4374380e+06   4.0405273e+01
   2.4375270e+06   4.1748047e+01
   2.4380260e+06   5.1940918e+01
   2.4386100e+06   5.3588867e+01
   2.5002340e+06   8.2275391e+01
   2.5151040e+06   4.3579102e+01
   2.5869500e+06   4.0527344e+01
   2.5871580e+06   7.1289063e+01
   2.5873010e+06   6.0791016e+01
   2.5873960e+06   4.0527344e+01
   2.6353020e+06   4.2358398e+01
   2.6562230e+06   9.1979980e+01
   2.6562360e+06   4.2236328e+01
   2.6596640e+06   4.4433594e+01
   2.6597660e+06   4.0161133e+01
   2.6598700e+06   4.1076660e+01
   2.6877060e+06   7.6477051e+01
   2.6904470e+06   4.2907715e+01
   2.7188190e+06   4.0466309e+01
   2.7237250e+06   8.4472656e+01
   2.7334750e+06   8.9599609e+01
   2.7335710e+06   4.0405273e+01
   2.7336080e+06   6.6711426e+01
   2.7336940e+06   4.0466309e+01
   2.7337630e+06   7.1350098e+01
   2.7339030e+06   4.8522949e+01
   2.7340240e+06   5.6091309e+01
   2.7343410e+06   5.9631348e+01
   2.7572650e+06   7.3059082e+01
   2.8009740e+06   8.3984375e+01
   2.8118740e+06   8.1787109e+01
   2.8122340e+06   7.3730469e+01
   2.8124520e+06   6.3598633e+01
   2.8125520e+06   4.2114258e+01
   2.8125860e+06   4.4677734e+01
   2.8126340e+06   4.2663574e+01
   2.8126900e+06   4.2602539e+01
   2.8127220e+06   5.1086426e+01
   2.8127480e+06   4.3334961e+01
   2.8128850e+06   4.3823242e+01
   2.8130440e+06   5.4443359e+01
   2.8253590e+06   8.4350586e+01
   2.9185010e+06   7.4401855e+01
   2.9204810e+06   7.2143555e+01
   2.9377090e+06   4.0527344e+01
   2.9377900e+06   7.9345703e+01
   2.9378210e+06   4.5043945e+01
   2.9577960e+06   4.1992188e+01
   2.9579460e+06   5.1940918e+01
   2.9579750e+06   7.1838379e+01
   3.0027110e+06   8.6791992e+01
   3.0030420e+06   4.6936035e+01
   3.0324050e+06   7.2692871e+01
   3.0704880e+06   8.0688477e+01
   3.0709280e+06   9.4665527e+01
   3.0711300e+06   7.3486328e+01
   3.0942900e+06   4.2419434e+01
   3.1213900e+06   8.8195801e+01
   3.1556840e+06   9.7229004e+01
   3.1652500e+06   9.1735840e+01
   3.1739280e+06   8.4533691e+01
   3.1741720e+06   3.9428711e+01
   3.1741850e+06   7.8796387e+01
   3.1872810e+06   4.3640137e+01
   3.1874610e+06   8.6364746e+01
   3.1876430e+06   4.0161133e+01
   3.2115670e+06   8.2519531e+01
   3.2713760e+06   1.1676025e+02
   3.2732880e+06   9.5520020e+01
   3.2791370e+06   4.1442871e+01
   3.3104820e+06   8.1909180e+01
   3.3132100e+06   3.9489746e+01
   3.3261000e+06   8.5876465e+01
   3.3814510e+06   7.4035645e+01
   3.4087120e+06   4.3395996e+01
   3.4088730e+06   4.3945313e+01
   3.4090020e+06   9.1308594e+01
   3.4091250e+06   9.2224121e+01
   3.4094450e+06   3.9428711e+01
   3.4094840e+06   8.1176758e+01
   3.4095810e+06   6.7871094e+01
   3.4097270e+06   5.8532715e+01
   3.4100960e+06   5.1940918e+01
   3.4119180e+06   4.0161133e+01
   3.4179150e+06   3.9855957e+01
   3.5001110e+06   8.0505371e+01
   3.5003120e+06   7.4340820e+01
   3.5028810e+06   6.7871094e+01
   3.5421650e+06   7.4279785e+01
   3.5543710e+06   7.9895020e+01
   3.5544080e+06   3.9672852e+01
   3.5544510e+06   8.3129883e+01
   3.5548400e+06   7.5500488e+01
   3.5549520e+06   5.6823730e+01
   3.5603570e+06   7.6293945e+01
   3.5607730e+06   7.0434570e+01
   3.5714110e+06   8.1481934e+01
   3.5768870e+06   7.8674316e+01
   3.5772900e+06   4.8645020e+01
   3.5774810e+06   6.8603516e+01
   3.5776360e+06   5.7861328e+01
   3.5778490e+06   5.8471680e+01
   3.5778920e+06   4.1320801e+01
   3.5780310e+06   4.4860840e+01
   3.6370610e+06   4.2846680e+01
   3.6371750e+06   4.1076660e+01
   3.6372070e+06   6.3415527e+01
   3.6377540e+06   7.7819824e+01
   3.6943880e+06   5.9875488e+01
   3.6948750e+06   7.0007324e+01
   3.7339150e+06   8.7524414e+01
   3.7588650e+06   6.8664551e+01
   3.7590410e+06   4.5776367e+01
   3.7591300e+06   1.0003662e+02
   3.7592080e+06   3.9428711e+01
   3.7596230e+06   4.0954590e+01
   3.7832580e+06   7.8430176e+01
   3.7902260e+06   4.5410156e+01
   3.7902540e+06   8.3190918e+01
   3.7904080e+06   4.0344238e+01
   3.7904540e+06   7.5683594e+01
   3.7905680e+06   4.0405273e+01
   3.8515500e+06   4.3334961e+01
   3.8641650e+06   4.0832520e+01
   3.9086580e+06   7.1166992e+01
   3.9189630e+06   3.9794922e+01
   3.9189820e+06   9.8632813e+01
   3.9190860e+06   6.4147949e+01
   3.9191290e+06   4.2114258e+01
   3.9191660e+06   5.9875488e+01
   3.9193080e+06   5.1818848e+01
   3.9194690e+06   4.7851563e+01
   3.9197250e+06   5.5480957e+01
   3.9198820e+06   6.1462402e+01
   3.9233950e+06   6.0302734e+01
   3.9311120e+06   7.9467773e+01
   4.0031360e+06   8.0444336e+01
   4.0038220e+06   7.8491211e+01
   4.0046310e+06   6.4758301e+01
   4.0833890e+06   8.0139160e+01
   4.0835310e+06   4.3579102e+01
   4.0835430e+06   8.1726074e+01
   4.0836150e+06   5.1025391e+01
   4.0836910e+06   5.0292969e+01
   4.0837720e+06   4.0588379e+01
   4.0839730e+06   6.3537598e+01
   4.0841840e+06   6.1340332e+01
   4.0842970e+06   4.8828125e+01
   4.0843470e+06   3.9672852e+01
   4.0858010e+06   6.2316895e+01
   4.1179850e+06   4.3640137e+01
   4.1180020e+06   8.5632324e+01
   4.1180750e+06   4.1992188e+01
   4.1181120e+06   4.8767090e+01
   4.1181850e+06   7.5622559e+01
   4.1182100e+06   4.7973633e+01
   4.1182620e+06   4.5532227e+01
   4.1183660e+06   4.3334961e+01
   4.1184880e+06   3.9672852e+01
   4.1217590e+06   3.9489746e+01
   4.2197280e+06   7.4218750e+01
   4.2198610e+06   7.2387695e+01
   4.2288080e+06   7.1655273e+01
   4.2459010e+06   7.6049805e+01
   4.2608930e+06   7.4645996e+01
   4.2610320e+06   8.2702637e+01
   4.2611910e+06   8.0444336e+01
   4.2612790e+06   4.1748047e+01
   4.3055900e+06   4.1503906e+01
   4.3264990e+06   3.9489746e+01
   4.3379090e+06   4.4677734e+01
   4.3379660e+06   3.9978027e+01
   4.3380020e+06   4.2297363e+01
   4.3381630e+06   8.1604004e+01
   4.3382420e+06   3.9855957e+01
   4.3383400e+06   6.8054199e+01
   4.3386000e+06   6.3171387e+01
   4.3776290e+06   5.0781250e+01
   4.3777640e+06   9.6618652e+01
   4.3781140e+06   7.8979492e+01
   4.3782010e+06   5.7128906e+01
   4.3990760e+06   6.8298340e+01
   4.4129140e+06   7.3303223e+01
   4.4198880e+06   4.6447754e+01
   4.4199090e+06   9.6191406e+01
   4.4200090e+06   8.0261230e+01
   4.4200830e+06   5.3771973e+01
   4.4203020e+06   4.6020508e+01
   4.4347950e+06   8.2580566e+01
   4.4454310e+06   8.1359863e+01
   4.4527740e+06   7.8002930e+01
   4.4937500e+06   5.4687500e+01
   4.4938280e+06   8.6975098e+01
   4.5276120e+06   4.7668457e+01
   4.5276470e+06   4.1625977e+01
   4.5276710e+06   8.8684082e+01
   4.5276870e+06   4.6081543e+01
   4.5278140e+06   5.9692383e+01
   4.5278580e+06   4.0527344e+01
   4.5281100e+06   5.5847168e+01
   4.5403460e+06   9.0454102e+01
   4.5503670e+06   9.3322754e+01
   4.5675350e+06   3.9489746e+01
   4.5677280e+06   4.6508789e+01
   4.5718340e+06   4.0527344e+01
   4.5830030e+06   5.1208496e+01
   4.5831780e+06   8.0688477e+01
   4.5867380e+06   8.2092285e+01
   4.6002840e+06   6.6589355e+01
   4.6052740e+06   8.4960938e+01
   4.6420120e+06   7.0739746e+01
   4.6502580e+06   8.3679199e+01
   4.6697850e+06   7.7392578e+01
   4.6878370e+06   9.8327637e+01
   4.6878970e+06   6.9091797e+01
   4.7028240e+06   8.0688477e+01
   4.7218250e+06   9.0393066e+01
   4.7219660e+06   8.1115723e+01
   4.7221020e+06   4.9621582e+01
   4.7223490e+06   7.0739746e+01
   4.7395440e+06   9.1186523e+01
   4.7545320e+06   9.3872070e+01
   4.7547030e+06   6.2377930e+01
   4.7739500e+06   7.5378418e+01
   4.7741060e+06   7.4707031e+01
   4.7856010e+06   4.0832520e+01
   4.7859450e+06   8.5083008e+01
   4.8022340e+06   8.0139160e+01
   4.8078990e+06   8.9660645e+01
   4.8080150e+06   6.2927246e+01
   4.8262060e+06   9.2468262e+01
   4.8264200e+06   8.2458496e+01
   4.8267690e+06   4.3701172e+01
   4.8408140e+06   8.3923340e+01
   4.8409000e+06   5.0659180e+01
   4.8409450e+06   5.7434082e+01
   4.8409800e+06   4.1931152e+01
   4.8410110e+06   4.3762207e+01
   4.8410700e+06   4.1809082e+01
   4.8411790e+06   4.0527344e+01
   4.8419060e+06   4.2358398e+01
   4.8422040e+06   4.1992188e+01
   4.8424730e+06   4.1748047e+01
   4.8428200e+06   3.9794922e+01
   4.8433280e+06   4.9255371e+01
   4.8436910e+06   4.1931152e+01
   4.9137510e+06   4.3640137e+01
   4.9591530e+06   8.9721680e+01
   4.9655880e+06   9.0148926e+01
   4.9761760e+06   7.5805664e+01
   4.9763820e+06   8.1848145e+01
   4.9764660e+06   6.3842773e+01
   4.9764960e+06   4.0405273e+01
   4.9765950e+06   5.6701660e+01
   4.9766800e+06   6.3354492e+01
   4.9768800e+06   4.7973633e+01
   4.9788270e+06   3.9733887e+01
   5.0583470e+06   7.0678711e+01
   5.0656810e+06   3.9978027e+01
   5.0758110e+06   8.3801270e+01
   5.1208840e+06   7.7209473e+01
   5.1210550e+06   8.9965820e+01
   5.1212870e+06   7.2814941e+01
   5.1214790e+06   6.1462402e+01
   5.1309910e+06   7.9833984e+01
   5.1436490e+06   7.8369141e+01
   5.1438170e+06   7.4157715e+01
   5.1439710e+06   4.3945313e+01
   5.1716630e+06   8.1298828e+01
   5.1739760e+06   7.8979492e+01
   5.1957780e+06   8.9050293e+01
   5.2019640e+06   4.2053223e+01
   5.2019780e+06   7.0495605e+01
   5.2020370e+06   5.7495117e+01
   5.2020960e+06   7.6599121e+01
   5.2021220e+06   4.3945313e+01
   5.2022150e+06   4.6325684e+01
   5.2023540e+06   5.4199219e+01
   5.2025490e+06   4.2541504e+01
   5.2029890e+06   4.8950195e+01
   5.2034430e+06   4.4616699e+01
   5.2036170e+06   4.9804688e+01
   5.2037680e+06   4.4677734e+01
   5.2040530e+06   4.6081543e+01
   5.2042430e+06   4.7485352e+01
   5.2043940e+06   4.5898438e+01
   5.2047370e+06   4.9133301e+01
   5.2170820e+06   7.7087402e+01
   5.2192160e+06   4.0466309e+01
   5.2862220e+06   4.5288086e+01
   5.2866590e+06   4.6752930e+01
   5.2866700e+06   8.3251953e+01
   5.2994880e+06   1.0229492e+02
   5.2999630e+06   7.2570801e+01
   5.3469260e+06   7.6782227e+01
   5.3486200e+06   7.0556641e+01
   5.3491020e+06   8.2397461e+01
   5.3636800e+06   4.1198730e+01
   5.3638460e+06   4.1442871e+01
   5.3762260e+06   8.5388184e+01
   5.4144140e+06   5.0415039e+01
   5.4145380e+06   4.2968750e+01
   5.4145760e+06   5.9936523e+01
   5.4146540e+06   7.2814941e+01
   5.4147760e+06   8.0078125e+01
   5.4148650e+06   4.2785645e+01
   5.4148950e+06   6.2988281e+01
   5.4151730e+06   6.4270020e+01
   5.4336170e+06   4.4128418e+01
   5.4337630e+06   4.6875000e+01
   5.4367680e+06   8.7463379e+01
   5.4619020e+06   4.5715332e+01
   5.4620070e+06   4.0771484e+01
   5.4624950e+06   8.4472656e+01
   5.4647820e+06   8.0261230e+01
   5.4675430e+06   9.1430664e+01
   5.4690650e+06   6.6833496e+01
   5.4698070e+06   7.7758789e+01
   5.4707810e+06   7.3974609e+01
   5.4764090e+06   8.9050293e+01
   5.4794360e+06   6.4941406e+01
   5.5006590e+06   6.8603516e+01
   5.5007060e+06   4.0588379e+01
   5.5007250e+06   4.3212891e+01
   5.5007890e+06   5.1208496e+01
   5.5111850e+06   4.1625977e+01
   5.5112180e+06   9.6923828e+01
   5.5112320e+06   4.4128418e+01
   5.5112630e+06   6.5795898e+01
   5.5112770e+06   4.6813965e+01
   5.5113730e+06   6.1645508e+01
   5.5114250e+06   4.4616699e+01
   5.5115920e+06   6.2683105e+01
   5.5122090e+06   6.1523438e+01
   5.5172930e+06   4.0771484e+01
   5.5197260e+06   7.2204590e+01
   5.5199970e+06   6.7077637e+01
   5.5206170e+06   6.0729980e+01
   5.5215590e+06   5.6945801e+01
   5.5318470e+06   6.2988281e+01
   5.5717820e+06   8.6059570e+01
   5.5754130e+06   8.4594727e+01
   5.5767170e+06   7.2875977e+01
   5.5919940e+06   8.0566406e+01
   5.6149540e+06   5.1574707e+01
   5.6149640e+06   8.9111328e+01
   5.6149870e+06   4.1198730e+01
   5.6150290e+06   6.8237305e+01
   5.6150560e+06   6.0424805e+01
   5.6150980e+06   5.6640625e+01
   5.6151280e+06   4.3395996e+01
   5.6151990e+06   5.3466797e+01
   5.6153400e+06   6.0180664e+01
   5.6154290e+06   4.2724609e+01
   5.6154630e+06   3.9550781e+01
   5.6157630e+06   4.0832520e+01
   5.6165390e+06   3.9489746e+01
   5.6965390e+06   7.8796387e+01
   5.7167160e+06   4.1564941e+01
   5.7221090e+06   7.9650879e+01
   5.7222240e+06   6.6772461e+01
   5.7222860e+06   5.3039551e+01
   5.7226160e+06   7.9040527e+01
   5.7301130e+06   7.0373535e+01
   5.7368570e+06   4.1442871e+01
   5.7372700e+06   7.6782227e+01
   5.8072850e+06   7.3852539e+01
   5.8098530e+06   8.9172363e+01
   5.8148390e+06   7.9589844e+01
   5.8219420e+06   7.8186035e+01
   5.8410280e+06   8.3740234e+01
   5.8423080e+06   7.0739746e+01
   5.8614910e+06   4.1687012e+01
   5.8724800e+06   9.1857910e+01
   5.8726040e+06   4.0588379e+01
   5.8726950e+06   7.3059082e+01
   5.8727240e+06   4.6752930e+01
   5.8727730e+06   6.5795898e+01
   5.8727910e+06   4.4921875e+01
   5.8729290e+06   4.9133301e+01
   5.8730830e+06   5.2673340e+01
   5.9101420e+06   9.5214844e+01
   5.9102710e+06   6.8908691e+01
   5.9103050e+06   4.1992188e+01
   5.9189990e+06   4.1259766e+01
   5.9336900e+06   4.2846680e+01
   5.9787460e+06   8.2519531e+01
   5.9824970e+06   4.1442871e+01
   5.9880110e+06   8.3068848e+01
   5.9882790e+06   4.5776367e+01
