   5.9980000e+06   0.0000000e+00
   2.1982300e+05   3.6132813e+01
   2.3612000e+05   3.6499023e+01
   4.7939100e+05   3.5827637e+01
   1.0094610e+06   3.7292480e+01
   1.3356130e+06   3.5095215e+01
   1.4984600e+06   3.6437988e+01
   1.5219340e+06   3.4301758e+01
   1.5510660e+06   3.6010742e+01
   1.6053230e+06   3.4484863e+01
   1.9274810e+06   3.6071777e+01
   2.0478990e+06   3.7658691e+01
   2.3532480e+06   3.8818359e+01
   2.4242420e+06   3.5644531e+01
   2.5365760e+06   4.0893555e+01
   2.6766650e+06   3.4484863e+01
   2.7239050e+06   3.5339355e+01
   2.9984930e+06   3.6926270e+01
   2.9987730e+06   3.4729004e+01
   3.1483070e+06   3.5156250e+01
   3.1729050e+06   3.8513184e+01
   3.2213630e+06   3.4790039e+01
   3.2460560e+06   3.4973145e+01
   3.5454770e+06   3.8330078e+01
   3.7526620e+06   3.4545898e+01
   3.9073220e+06   3.5034180e+01
   3.9693950e+06   3.4606934e+01
   3.9959060e+06   3.9550781e+01
   4.0194100e+06   3.6437988e+01
   4.1460600e+06   3.4667969e+01
   4.1564720e+06   3.4912109e+01
   4.2301820e+06   3.6804199e+01
   4.3778490e+06   3.7841797e+01
   4.4052660e+06   3.5583496e+01
   4.5511570e+06   4.1503906e+01
   4.5701350e+06   3.4179688e+01
   4.6252940e+06   3.6804199e+01
   4.9948030e+06   3.4484863e+01
   5.1012440e+06   3.6071777e+01
   5.7182370e+06   3.6132813e+01
   5.7370240e+06   3.9978027e+01
   5.9163130e+06   3.6193848e+01
   5.9311820e+06   3.5400391e+01
