   5.9980000e+06   0.0000000e+00
   2.6700000e+02   4.8522949e+01
   1.2040000e+03   5.3833008e+01
   2.3390000e+03   5.1269531e+01
   2.9600000e+03   4.4738770e+01
   3.2520000e+03   4.2846680e+01
   9.5790000e+03   5.1391602e+01
   2.5108000e+04   4.3273926e+01
   3.8554000e+04   4.2724609e+01
   4.4737000e+04   4.8461914e+01
   4.5278000e+04   5.7189941e+01
   5.2248000e+04   4.7973633e+01
   5.9194000e+04   5.4565430e+01
   6.3137000e+04   6.7443848e+01
   6.8325000e+04   4.5654297e+01
   6.8475000e+04   4.3884277e+01
   7.5631000e+04   4.4982910e+01
   7.9231000e+04   6.4514160e+01
   8.2563000e+04   5.2001953e+01
   8.7805000e+04   6.2255859e+01
   8.9832000e+04   4.9743652e+01
   9.2302000e+04   4.6264648e+01
   1.1837500e+05   5.4321289e+01
   1.2274700e+05   4.4921875e+01
   1.2488600e+05   4.9438477e+01
   1.2800400e+05   6.7138672e+01
   1.2944300e+05   5.3161621e+01
   1.3016900e+05   7.0800781e+01
   1.3044100e+05   4.4921875e+01
   1.3055900e+05   5.2368164e+01
   1.3079100e+05   5.3100586e+01
   1.3080700e+05   4.2724609e+01
   1.3092000e+05   5.9448242e+01
   1.3114200e+05   7.5805664e+01
   1.3120700e+05   4.9682617e+01
   1.3127000e+05   4.3334961e+01
   1.3154000e+05   4.7058105e+01
   1.3162000e+05   4.8522949e+01
   1.3191500e+05   4.9072266e+01
   1.3193500e+05   4.6752930e+01
   1.3215800e+05   8.1970215e+01
   1.3230100e+05   4.2907715e+01
   1.3339500e+05   4.7241211e+01
   1.3351600e+05   6.3781738e+01
   1.3356800e+05   8.5144043e+01
   1.3521500e+05   7.5561523e+01
   1.3699900e+05   4.4433594e+01
   1.3851300e+05   6.2927246e+01
   1.4128300e+05   4.3395996e+01
   1.4199400e+05   5.7128906e+01
   1.4288800e+05   5.7739258e+01
   1.4374600e+05   5.1208496e+01
   1.5166800e+05   6.2133789e+01
   1.5168000e+05   4.2968750e+01
   1.5761000e+05   5.3894043e+01
   1.6012900e+05   4.5410156e+01
   1.6022000e+05   6.5734863e+01
   1.6054300e+05   4.6752930e+01
   1.6059700e+05   4.4921875e+01
   1.6412200e+05   4.3395996e+01
   1.6860900e+05   4.3701172e+01
   1.7229100e+05   6.5307617e+01
   1.7242500e+05   5.9509277e+01
   1.9574700e+05   7.6293945e+01
   1.9733600e+05   5.0842285e+01
   1.9747000e+05   5.8471680e+01
   2.0301200e+05   4.2785645e+01
   2.0683400e+05   4.2724609e+01
   2.1384100e+05   4.3579102e+01
   2.1928400e+05   6.0302734e+01
   2.1983700e+05   6.4819336e+01
   2.2151500e+05   7.8491211e+01
   2.2606600e+05   7.1960449e+01
   2.2701900e+05   4.6936035e+01
   2.3770600e+05   4.9133301e+01
   2.3840900e+05   4.7363281e+01
   2.3853600e+05   7.5012207e+01
   2.4176900e+05   4.4311523e+01
   2.5127900e+05   7.2570801e+01
   2.5171500e+05   5.9082031e+01
   2.5186500e+05   4.4982910e+01
   2.5190800e+05   4.3029785e+01
   2.5335700e+05   4.8156738e+01
   2.5532200e+05   4.9133301e+01
   2.5595800e+05   4.5410156e+01
   2.5887400e+05   4.3212891e+01
   2.6339700e+05   6.9091797e+01
   2.6460600e+05   7.9650879e+01
   2.6461900e+05   5.2734375e+01
   2.6480700e+05   6.9519043e+01
   2.6563300e+05   5.0354004e+01
   2.6599200e+05   4.7363281e+01
   2.6723100e+05   5.8349609e+01
   2.6725200e+05   8.8623047e+01
   2.6740200e+05   5.9631348e+01
   2.6774700e+05   5.9326172e+01
   2.6777900e+05   6.4758301e+01
   2.8284600e+05   4.3762207e+01
   2.9531800e+05   5.0964355e+01
   2.9551600e+05   5.6091309e+01
   2.9592900e+05   5.4504395e+01
   2.9619300e+05   4.4433594e+01
   2.9646100e+05   5.6091309e+01
   2.9675000e+05   7.5256348e+01
   2.9685700e+05   4.4189453e+01
   2.9744300e+05   6.4514160e+01
   2.9853300e+05   6.0424805e+01
   3.0321300e+05   6.2866211e+01
   3.0513600e+05   5.3710938e+01
   3.0867400e+05   4.6264648e+01
   3.0869600e+05   4.2724609e+01
   3.1204300e+05   6.5429688e+01
   3.1231700e+05   4.9072266e+01
   3.2458400e+05   7.2937012e+01
   3.2508300e+05   4.3823242e+01
   3.2538000e+05   5.7312012e+01
   3.2991200e+05   6.6467285e+01
   3.3030000e+05   4.4921875e+01
   3.3384900e+05   5.6091309e+01
   3.3408400e+05   4.4921875e+01
   3.3562300e+05   7.8063965e+01
   3.3564700e+05   4.2663574e+01
   3.3575800e+05   4.6447754e+01
   3.3607600e+05   5.2368164e+01
   3.3653200e+05   7.0617676e+01
   3.5540100e+05   5.0048828e+01
   3.5551800e+05   5.4321289e+01
   3.5911500e+05   4.5349121e+01
   3.6288600e+05   4.7424316e+01
   3.6820300e+05   5.2429199e+01
   3.6824300e+05   4.5410156e+01
   3.7164400e+05   7.1533203e+01
   3.8646500e+05   6.8542480e+01
   3.9211900e+05   5.8654785e+01
   3.9219900e+05   5.3222656e+01
   3.9374300e+05   5.8044434e+01
   3.9394900e+05   4.5837402e+01
   3.9485500e+05   4.8217773e+01
   3.9697900e+05   6.9396973e+01
   4.0250100e+05   4.9255371e+01
   4.0292300e+05   5.2673340e+01
   4.0402300e+05   6.1096191e+01
   4.0793700e+05   4.3395996e+01
   4.0801100e+05   4.4494629e+01
   4.0807800e+05   4.7912598e+01
   4.0864600e+05   4.7607422e+01
   4.0907800e+05   6.5368652e+01
   4.1072500e+05   4.4067383e+01
   4.1096300e+05   5.0903320e+01
   4.1418700e+05   6.8176270e+01
   4.1436500e+05   4.3518066e+01
   4.1494200e+05   4.2968750e+01
   4.1544200e+05   4.4433594e+01
   4.1781500e+05   5.2062988e+01
   4.1801100e+05   6.2194824e+01
   4.1812600e+05   4.8095703e+01
   4.2906600e+05   5.0354004e+01
   4.3314300e+05   4.6630859e+01
   4.3325100e+05   4.7912598e+01
   4.3568700e+05   5.4016113e+01
   4.4334500e+05   7.0068359e+01
   4.4605600e+05   7.2814941e+01
   4.5038200e+05   6.1950684e+01
   4.5220900e+05   4.4616699e+01
   4.5234300e+05   4.6203613e+01
   4.6001000e+05   6.6589355e+01
   4.6647300e+05   7.0556641e+01
   4.6770200e+05   6.2316895e+01
   4.6787200e+05   4.6264648e+01
   4.6795400e+05   4.2968750e+01
   4.6887000e+05   4.7241211e+01
   4.6892600e+05   4.8706055e+01
   4.7216100e+05   4.8645020e+01
   4.7683800e+05   6.9763184e+01
   4.7833800e+05   5.6396484e+01
   4.7994400e+05   5.4992676e+01
   4.8193400e+05   6.0363770e+01
   4.9128600e+05   5.0109863e+01
   4.9146200e+05   4.3518066e+01
   4.9195200e+05   5.8715820e+01
   4.9203500e+05   4.4921875e+01
   4.9856300e+05   5.7128906e+01
   4.9877300e+05   5.2185059e+01
   4.9941100e+05   4.5898438e+01
   5.0353800e+05   5.4260254e+01
   5.0508100e+05   9.0209961e+01
   5.0608700e+05   5.8349609e+01
   5.0673400e+05   6.3781738e+01
   5.0676500e+05   8.2336426e+01
   5.0706500e+05   5.0659180e+01
   5.0734200e+05   5.8532715e+01
   5.0737000e+05   4.7607422e+01
   5.0874700e+05   4.3762207e+01
   5.0890800e+05   4.4860840e+01
   5.1354000e+05   5.2246094e+01
   5.1420200e+05   6.3049316e+01
   5.1616000e+05   4.9682617e+01
   5.1648800e+05   4.5288086e+01
   5.1894300e+05   4.6630859e+01
   5.1979800e+05   4.4738770e+01
   5.2767900e+05   6.5368652e+01
   5.2911200e+05   6.7199707e+01
   5.3176500e+05   4.8400879e+01
   5.3834400e+05   4.6630859e+01
   5.3847200e+05   5.1452637e+01
   5.3866500e+05   5.2368164e+01
   5.4016200e+05   7.3974609e+01
   5.4505600e+05   6.0546875e+01
   5.4725300e+05   6.8542480e+01
   5.4838700e+05   6.6589355e+01
   5.4877500e+05   4.7180176e+01
   5.5094400e+05   6.3781738e+01
   5.5158700e+05   4.8339844e+01
   5.5819700e+05   6.4575195e+01
   5.6265200e+05   4.4250488e+01
   5.6656300e+05   5.7067871e+01
   5.6757900e+05   4.6569824e+01
   5.6798400e+05   5.5847168e+01
   5.6800000e+05   4.2785645e+01
   5.6841800e+05   6.5124512e+01
   5.6868500e+05   5.0170898e+01
   5.6891700e+05   5.1391602e+01
   5.6915200e+05   5.5114746e+01
   5.6925600e+05   7.1044922e+01
   5.6953200e+05   4.3457031e+01
   5.6986900e+05   4.3151855e+01
   5.7124700e+05   6.8786621e+01
   5.7134200e+05   4.5715332e+01
   5.7234700e+05   7.4462891e+01
   5.7479500e+05   4.6264648e+01
   5.8149500e+05   6.3354492e+01
   5.8262700e+05   5.2246094e+01
   5.8328000e+05   4.9072266e+01
   5.8358200e+05   4.6020508e+01
   5.8386700e+05   4.7668457e+01
   5.8562400e+05   5.3100586e+01
   5.8746100e+05   4.6936035e+01
   5.8932300e+05   4.7912598e+01
   5.9096700e+05   5.3222656e+01
   5.9219200e+05   6.1035156e+01
   5.9847500e+05   5.5725098e+01
   6.0159600e+05   5.8288574e+01
   6.1092900e+05   4.9926758e+01
   6.1378200e+05   6.8969727e+01
   6.1939800e+05   4.2968750e+01
   6.2109800e+05   6.7687988e+01
   6.2495000e+05   5.6945801e+01
   6.2558000e+05   6.4758301e+01
   6.3165400e+05   6.6650391e+01
   6.4150200e+05   4.8767090e+01
   6.4172700e+05   4.4372559e+01
   6.4914600e+05   7.3608398e+01
   6.5163100e+05   4.9377441e+01
   6.5171100e+05   4.9682617e+01
   6.5182900e+05   4.4433594e+01
   6.5230100e+05   5.3039551e+01
   6.5334500e+05   7.6232910e+01
   6.6183300e+05   4.6386719e+01
   6.6449100e+05   5.0292969e+01
   6.6527000e+05   5.7556152e+01
   6.6530800e+05   4.6508789e+01
   6.6550200e+05   4.4982910e+01
   6.6552700e+05   4.9438477e+01
   6.6559400e+05   4.5959473e+01
   6.6562700e+05   4.8217773e+01
   6.6569000e+05   5.6640625e+01
   6.6571100e+05   5.1208496e+01
   6.6575800e+05   4.3701172e+01
   6.6582300e+05   5.6579590e+01
   6.6590200e+05   4.7363281e+01
   6.6600900e+05   4.9316406e+01
   6.6606200e+05   4.8889160e+01
   6.6617800e+05   6.1157227e+01
   6.6623100e+05   5.2612305e+01
   6.6625600e+05   4.6508789e+01
   6.6631800e+05   8.3740234e+01
   6.6645300e+05   4.8583984e+01
   6.6650100e+05   4.3334961e+01
   6.6654100e+05   4.4799805e+01
   6.6666600e+05   5.7495117e+01
   6.6698600e+05   4.3090820e+01
   6.6702500e+05   4.3090820e+01
   6.6718000e+05   6.9824219e+01
   6.6720500e+05   4.8583984e+01
   6.6732700e+05   4.8706055e+01
   6.6736300e+05   4.8400879e+01
   6.6740900e+05   4.5715332e+01
   6.6745700e+05   4.4921875e+01
   6.6795200e+05   4.5837402e+01
   6.6798600e+05   5.5236816e+01
   6.6819200e+05   4.5043945e+01
   6.6844100e+05   5.5419922e+01
   6.6850000e+05   4.5837402e+01
   6.6898200e+05   4.5471191e+01
   6.6913600e+05   4.5471191e+01
   6.6941700e+05   5.7800293e+01
   6.6977600e+05   7.4218750e+01
   6.7036300e+05   4.6875000e+01
   6.7105700e+05   4.2846680e+01
   6.7163600e+05   5.6091309e+01
   6.7180800e+05   4.6569824e+01
   6.7252600e+05   4.9255371e+01
   6.7259600e+05   4.4006348e+01
   6.7312400e+05   6.2744141e+01
   6.7419600e+05   7.8125000e+01
   6.7427700e+05   5.7312012e+01
   6.7450900e+05   4.5776367e+01
   6.7470500e+05   5.5053711e+01
   6.7504000e+05   4.3273926e+01
   6.7526800e+05   5.4992676e+01
   6.7561800e+05   5.0109863e+01
   6.7577700e+05   4.9011230e+01
   6.7585900e+05   4.9621582e+01
   6.7651800e+05   6.1096191e+01
   6.7673500e+05   5.7373047e+01
   6.7684800e+05   5.0231934e+01
   6.7829500e+05   5.6457520e+01
   6.7861900e+05   4.4006348e+01
   6.7911000e+05   4.4494629e+01
   6.7928600e+05   5.2429199e+01
   6.8087100e+05   4.5104980e+01
   6.8095900e+05   4.4982910e+01
   6.8180800e+05   5.8959961e+01
   6.8182200e+05   4.3823242e+01
   6.8255700e+05   5.6823730e+01
   6.8337600e+05   4.8767090e+01
   6.8366300e+05   4.7424316e+01
   6.8427900e+05   4.4921875e+01
   6.8450500e+05   5.0292969e+01
   6.8887600e+05   4.3945313e+01
   6.9420600e+05   4.5898438e+01
   6.9600700e+05   5.0659180e+01
   6.9718000e+05   7.0861816e+01
   6.9871900e+05   5.1635742e+01
   7.0021000e+05   4.3884277e+01
   7.0079700e+05   4.6142578e+01
   7.0237200e+05   4.4616699e+01
   7.0247800e+05   6.7626953e+01
   7.0862700e+05   4.6203613e+01
   7.0916500e+05   4.9926758e+01
   7.1981000e+05   4.3029785e+01
   7.1990500e+05   4.3762207e+01
   7.2013100e+05   8.5754395e+01
   7.2043600e+05   4.4982910e+01
   7.2051400e+05   5.9753418e+01
   7.2100800e+05   5.9020996e+01
   7.2726400e+05   4.9743652e+01
   7.3630500e+05   4.3212891e+01
   7.4767000e+05   6.9396973e+01
   7.4772000e+05   4.5349121e+01
   7.5147800e+05   4.6203613e+01
   7.5974600e+05   6.1218262e+01
   7.6375400e+05   4.2968750e+01
   7.6414600e+05   4.8156738e+01
   7.6440200e+05   5.9936523e+01
   7.6509200e+05   4.2663574e+01
   7.6526500e+05   4.4494629e+01
   7.6531300e+05   5.8532715e+01
   7.6535800e+05   4.5166016e+01
   7.6548800e+05   6.1096191e+01
   7.6998500e+05   6.7626953e+01
   7.7190400e+05   5.9082031e+01
   7.7267000e+05   4.3151855e+01
   7.7285800e+05   5.2551270e+01
   7.7714900e+05   4.6020508e+01
   7.8116500e+05   7.0190430e+01
   7.8471800e+05   7.2326660e+01
   7.8591200e+05   4.4555664e+01
   7.8605000e+05   4.5410156e+01
   7.8651400e+05   4.3395996e+01
   7.8809700e+05   4.3273926e+01
   7.9968000e+05   4.2602539e+01
   7.9972000e+05   4.3090820e+01
   8.0111900e+05   4.4494629e+01
   8.0155600e+05   8.1054688e+01
   8.0198200e+05   4.3151855e+01
   8.0200800e+05   7.3425293e+01
   8.0278500e+05   6.0913086e+01
   8.0433300e+05   7.1044922e+01
   8.0460800e+05   4.6447754e+01
   8.0845100e+05   5.1452637e+01
   8.0859800e+05   4.3579102e+01
   8.0896000e+05   6.9213867e+01
   8.0937100e+05   4.3823242e+01
   8.1278200e+05   4.8706055e+01
   8.1356800e+05   5.0842285e+01
   8.1377100e+05   5.4931641e+01
   8.1387700e+05   4.4006348e+01
   8.1395800e+05   5.5847168e+01
   8.1398200e+05   4.8950195e+01
   8.1407800e+05   4.4921875e+01
   8.1409000e+05   7.4523926e+01
   8.1432300e+05   4.7607422e+01
   8.1440000e+05   4.3701172e+01
   8.1445500e+05   4.6264648e+01
   8.1446800e+05   4.6142578e+01
   8.1447800e+05   4.4311523e+01
   8.1465300e+05   4.3640137e+01
   8.1474100e+05   4.3640137e+01
   8.1478100e+05   7.7392578e+01
   8.1486500e+05   5.0781250e+01
   8.1513000e+05   4.3457031e+01
   8.1525900e+05   5.0415039e+01
   8.1533800e+05   4.4067383e+01
   8.1537500e+05   4.3945313e+01
   8.1542000e+05   4.7912598e+01
   8.1544700e+05   4.6936035e+01
   8.1547500e+05   4.2846680e+01
   8.1556400e+05   4.9133301e+01
   8.1566800e+05   6.4392090e+01
   8.1573300e+05   4.3395996e+01
   8.1576300e+05   4.7241211e+01
   8.1607900e+05   4.3457031e+01
   8.1619200e+05   4.3579102e+01
   8.1643600e+05   4.3395996e+01
   8.1650600e+05   4.2663574e+01
   8.1656000e+05   5.1696777e+01
   8.1687400e+05   4.8645020e+01
   8.1688900e+05   4.6691895e+01
   8.1692400e+05   7.4401855e+01
   8.1693600e+05   6.0546875e+01
   8.1709300e+05   4.7668457e+01
   8.1751600e+05   4.3701172e+01
   8.1769200e+05   5.0720215e+01
   8.1775800e+05   4.6691895e+01
   8.1778800e+05   4.7180176e+01
   8.1785400e+05   4.3518066e+01
   8.1799700e+05   4.3457031e+01
   8.1833300e+05   5.0903320e+01
   8.1890400e+05   4.6752930e+01
   8.1929000e+05   6.2805176e+01
   8.1932900e+05   4.5959473e+01
   8.1957400e+05   4.5898438e+01
   8.2000400e+05   5.7006836e+01
   8.2020300e+05   4.4433594e+01
   8.2114200e+05   4.6508789e+01
   8.2141400e+05   5.5114746e+01
   8.2198100e+05   4.4067383e+01
   8.2235100e+05   4.2968750e+01
   8.2241200e+05   4.4372559e+01
   8.2277500e+05   5.3405762e+01
   8.2320200e+05   5.2612305e+01
   8.2343600e+05   5.7312012e+01
   8.2344700e+05   4.3823242e+01
   8.2356800e+05   5.5541992e+01
   8.2369200e+05   6.2194824e+01
   8.2401100e+05   4.5288086e+01
   8.2436400e+05   6.5063477e+01
   8.2504900e+05   4.4372559e+01
   8.2686300e+05   4.3273926e+01
   8.2722900e+05   5.6335449e+01
   8.2724300e+05   4.7119141e+01
   8.2803500e+05   4.5288086e+01
   8.3015100e+05   4.6325684e+01
   8.3031400e+05   5.4016113e+01
   8.3051200e+05   5.3649902e+01
   8.3076200e+05   4.3823242e+01
   8.3247400e+05   4.4738770e+01
   8.3471800e+05   4.6203613e+01
   8.3566000e+05   4.9255371e+01
   8.3750700e+05   6.1096191e+01
   8.3983900e+05   5.9570313e+01
   8.4388400e+05   5.1574707e+01
   8.4408400e+05   5.3955078e+01
   8.4914200e+05   4.4799805e+01
   8.4933700e+05   5.7922363e+01
   8.6701100e+05   5.0598145e+01
   8.6798400e+05   5.3833008e+01
   8.8739600e+05   5.6335449e+01
   8.8762100e+05   7.0861816e+01
   8.8966400e+05   5.1452637e+01
   8.9303000e+05   7.2387695e+01
   8.9589100e+05   5.0109863e+01
   8.9662300e+05   6.8481445e+01
   8.9679200e+05   4.2968750e+01
   9.0293400e+05   6.1157227e+01
   9.1729300e+05   4.8034668e+01
   9.2228300e+05   4.9804688e+01
   9.2708000e+05   4.4677734e+01
   9.2972900e+05   6.1279297e+01
   9.3169400e+05   4.3518066e+01
   9.3675400e+05   6.0913086e+01
   9.4383100e+05   4.7241211e+01
   9.4914400e+05   5.3649902e+01
   9.4920500e+05   4.3640137e+01
   9.4923900e+05   7.8857422e+01
   9.5736800e+05   5.3771973e+01
   9.6033800e+05   6.1035156e+01
   9.6247900e+05   6.3903809e+01
   9.7551900e+05   5.3833008e+01
   9.7554500e+05   5.4992676e+01
   9.7631300e+05   5.9692383e+01
   9.7648400e+05   4.5166016e+01
   9.7653200e+05   6.1889648e+01
   9.7668400e+05   4.5715332e+01
   9.7670000e+05   4.4494629e+01
   9.7822900e+05   4.4738770e+01
   9.9967700e+05   4.9438477e+01
   9.9983900e+05   4.2968750e+01
   1.0069940e+06   6.6894531e+01
   1.0076980e+06   5.7495117e+01
   1.0171540e+06   5.7800293e+01
   1.0173700e+06   4.3212891e+01
   1.0175910e+06   6.6223145e+01
   1.0214690e+06   5.8837891e+01
   1.0216370e+06   4.3945313e+01
   1.0223230e+06   4.9011230e+01
   1.0224440e+06   6.0180664e+01
   1.0295410e+06   7.5012207e+01
   1.0297690e+06   5.5664063e+01
   1.0301330e+06   5.9082031e+01
   1.0347250e+06   6.3110352e+01
   1.0347400e+06   5.9875488e+01
   1.0349440e+06   4.7973633e+01
   1.0368490e+06   4.7119141e+01
   1.0370520e+06   5.7434082e+01
   1.0381960e+06   4.5410156e+01
   1.0386920e+06   4.6691895e+01
   1.0387300e+06   4.6752930e+01
   1.0388410e+06   5.0659180e+01
   1.0388750e+06   5.0537109e+01
   1.0390110e+06   4.6264648e+01
   1.0458910e+06   5.6091309e+01
   1.0633220e+06   4.7851563e+01
   1.0822330e+06   4.2724609e+01
   1.0847890e+06   7.8735352e+01
   1.0966560e+06   5.4443359e+01
   1.1087400e+06   6.9824219e+01
   1.1217680e+06   7.1777344e+01
   1.1317730e+06   7.5805664e+01
   1.1397940e+06   6.7687988e+01
   1.1401600e+06   4.8706055e+01
   1.1412640e+06   5.9204102e+01
   1.1600220e+06   5.2368164e+01
   1.1602570e+06   8.7158203e+01
   1.1623830e+06   6.3659668e+01
   1.1673780e+06   4.3945313e+01
   1.1749440e+06   5.7617188e+01
   1.1772120e+06   5.4626465e+01
   1.1813800e+06   7.0068359e+01
   1.1858110e+06   4.6142578e+01
   1.1859900e+06   9.7595215e+01
   1.1861770e+06   7.0800781e+01
   1.1864040e+06   7.2265625e+01
   1.1865640e+06   4.5654297e+01
   1.1868260e+06   4.4799805e+01
   1.1877760e+06   5.3405762e+01
   1.2005690e+06   4.9438477e+01
   1.2040000e+06   6.5246582e+01
   1.2062690e+06   5.7373047e+01
   1.2070570e+06   7.7880859e+01
   1.2136970e+06   6.3781738e+01
   1.2219930e+06   8.5632324e+01
   1.2305780e+06   6.3293457e+01
   1.2319850e+06   6.2011719e+01
   1.2362010e+06   5.0292969e+01
   1.2363460e+06   4.4189453e+01
   1.2364060e+06   6.0913086e+01
   1.2365580e+06   4.7546387e+01
   1.2366870e+06   4.2602539e+01
   1.2367150e+06   5.3588867e+01
   1.2368680e+06   6.9946289e+01
   1.2372600e+06   4.7668457e+01
   1.2375430e+06   4.3273926e+01
   1.2376530e+06   7.3669434e+01
   1.2377950e+06   4.3273926e+01
   1.2382480e+06   7.0495605e+01
   1.2386880e+06   7.9467773e+01
   1.2388970e+06   6.4025879e+01
   1.2389430e+06   5.4443359e+01
   1.2392480e+06   4.4921875e+01
   1.2393030e+06   6.9763184e+01
   1.2394240e+06   5.8959961e+01
   1.2398130e+06   4.2602539e+01
   1.2401700e+06   4.8461914e+01
   1.2402010e+06   5.7983398e+01
   1.2427370e+06   4.4433594e+01
   1.2433630e+06   5.3283691e+01
   1.2448720e+06   4.4250488e+01
   1.2462100e+06   4.8767090e+01
   1.2543750e+06   6.4575195e+01
   1.2586080e+06   6.2438965e+01
   1.2670910e+06   6.1035156e+01
   1.2673770e+06   6.2438965e+01
   1.2674390e+06   4.4250488e+01
   1.2674540e+06   4.4555664e+01
   1.2674990e+06   4.5227051e+01
   1.2676490e+06   4.3823242e+01
   1.2676890e+06   4.4006348e+01
   1.2680520e+06   7.5805664e+01
   1.2680630e+06   5.2978516e+01
   1.2701280e+06   7.0007324e+01
   1.2710640e+06   6.4514160e+01
   1.2721530e+06   6.3903809e+01
   1.2733640e+06   5.2124023e+01
   1.2742330e+06   4.3640137e+01
   1.2762260e+06   4.3945313e+01
   1.2813950e+06   6.4941406e+01
   1.2840180e+06   6.1828613e+01
   1.2911270e+06   7.2204590e+01
   1.2953710e+06   6.3049316e+01
   1.2983510e+06   5.6152344e+01
   1.3006690e+06   4.4128418e+01
   1.3007330e+06   4.2785645e+01
   1.3022880e+06   7.4890137e+01
   1.3044350e+06   6.3964844e+01
   1.3081490e+06   4.3029785e+01
   1.3081590e+06   6.7932129e+01
   1.3082250e+06   4.2968750e+01
   1.3092640e+06   4.6386719e+01
   1.3093040e+06   8.6303711e+01
   1.3093150e+06   4.5776367e+01
   1.3107630e+06   4.5227051e+01
   1.3107950e+06   8.5510254e+01
   1.3109610e+06   5.5114746e+01
   1.3110410e+06   6.3964844e+01
   1.3117260e+06   8.1665039e+01
   1.3118880e+06   4.4311523e+01
   1.3119910e+06   4.2846680e+01
   1.3123560e+06   8.7219238e+01
   1.3130710e+06   5.6091309e+01
   1.3132660e+06   5.1635742e+01
   1.3135380e+06   4.9011230e+01
   1.3203470e+06   6.0791016e+01
   1.3207010e+06   5.4138184e+01
   1.3244930e+06   5.6518555e+01
   1.3276440e+06   5.4199219e+01
   1.3304720e+06   5.4321289e+01
   1.3328730e+06   4.6691895e+01
   1.3333540e+06   5.5419922e+01
   1.3370730e+06   5.5541992e+01
   1.3392460e+06   4.8889160e+01
   1.3481230e+06   5.8959961e+01
   1.3517130e+06   7.0922852e+01
   1.3517370e+06   7.4523926e+01
   1.3530690e+06   4.7668457e+01
   1.3576220e+06   6.4941406e+01
   1.3592390e+06   5.5725098e+01
   1.3654130e+06   5.6823730e+01
   1.3668820e+06   5.2673340e+01
   1.3677110e+06   6.9580078e+01
   1.3691200e+06   4.5898438e+01
   1.3699360e+06   4.6875000e+01
   1.3745350e+06   7.0312500e+01
   1.3834190e+06   5.6274414e+01
   1.3868780e+06   6.2255859e+01
   1.3898400e+06   5.3710938e+01
   1.3901980e+06   4.3457031e+01
   1.3976720e+06   4.8889160e+01
   1.3978820e+06   6.5246582e+01
   1.4006910e+06   7.1838379e+01
   1.4061860e+06   6.6528320e+01
   1.4106960e+06   5.9204102e+01
   1.4115490e+06   4.2968750e+01
   1.4115900e+06   8.8928223e+01
   1.4119100e+06   6.6284180e+01
   1.4126890e+06   7.4096680e+01
   1.4131900e+06   4.6630859e+01
   1.4132550e+06   6.1889648e+01
   1.4136470e+06   5.0476074e+01
   1.4144330e+06   7.0190430e+01
   1.4153090e+06   5.9143066e+01
   1.4156970e+06   5.3771973e+01
   1.4215120e+06   4.3090820e+01
   1.4239710e+06   4.6081543e+01
   1.4275130e+06   5.1330566e+01
   1.4295270e+06   6.2133789e+01
   1.4299860e+06   5.7128906e+01
   1.4308870e+06   5.8898926e+01
   1.4309000e+06   4.9560547e+01
   1.4314680e+06   4.9133301e+01
   1.4316190e+06   4.7363281e+01
   1.4395090e+06   5.5419922e+01
   1.4414340e+06   4.6569824e+01
   1.4416440e+06   4.8156738e+01
   1.4453410e+06   6.5917969e+01
   1.4474880e+06   6.9580078e+01
   1.4480970e+06   4.3884277e+01
   1.4500660e+06   7.2326660e+01
   1.4500970e+06   4.7973633e+01
   1.4501120e+06   4.2846680e+01
   1.4501460e+06   4.5898438e+01
   1.4503020e+06   4.9926758e+01
   1.4532620e+06   5.4992676e+01
   1.4600440e+06   6.8847656e+01
   1.4640860e+06   6.3659668e+01
   1.4660050e+06   6.5063477e+01
   1.4718280e+06   4.4616699e+01
   1.4745260e+06   6.4697266e+01
   1.4754020e+06   6.3415527e+01
   1.4797740e+06   5.0476074e+01
   1.4798190e+06   4.3395996e+01
   1.4864850e+06   7.1228027e+01
   1.4955590e+06   5.7312012e+01
   1.4967790e+06   7.2692871e+01
   1.4985470e+06   6.3110352e+01
   1.4985970e+06   5.1818848e+01
   1.5048800e+06   6.7687988e+01
   1.5098130e+06   5.2246094e+01
   1.5098270e+06   4.3090820e+01
   1.5152810e+06   6.2316895e+01
   1.5231780e+06   7.1899414e+01
   1.5244300e+06   6.0607910e+01
   1.5257130e+06   4.3884277e+01
   1.5277500e+06   6.2927246e+01
   1.5312330e+06   6.2377930e+01
   1.5338480e+06   7.6354980e+01
   1.5347450e+06   8.6914063e+01
   1.5351730e+06   6.5551758e+01
   1.5379020e+06   6.2561035e+01
   1.5385180e+06   6.6772461e+01
   1.5465190e+06   5.9570313e+01
   1.5503470e+06   8.2336426e+01
   1.5642710e+06   7.3486328e+01
   1.5650500e+06   4.3762207e+01
   1.5660560e+06   7.3730469e+01
   1.5721740e+06   5.2429199e+01
   1.5779890e+06   6.8664551e+01
   1.5833380e+06   4.5166016e+01
   1.5834100e+06   4.4128418e+01
   1.5834720e+06   4.8706055e+01
   1.5838200e+06   4.4250488e+01
   1.5838990e+06   6.2316895e+01
   1.5843890e+06   4.3151855e+01
   1.5852450e+06   4.4921875e+01
   1.5859000e+06   7.4401855e+01
   1.5866840e+06   5.5725098e+01
   1.5887660e+06   6.3720703e+01
   1.5925110e+06   8.3435059e+01
   1.5944080e+06   7.2082520e+01
   1.5954260e+06   7.1289063e+01
   1.5958890e+06   7.2448730e+01
   1.5962290e+06   6.2622070e+01
   1.5964040e+06   8.5144043e+01
   1.5967130e+06   4.6081543e+01
   1.5976710e+06   4.7973633e+01
   1.6007350e+06   5.9509277e+01
   1.6032710e+06   4.7180176e+01
   1.6044640e+06   6.7565918e+01
   1.6045270e+06   4.6203613e+01
   1.6055440e+06   4.3395996e+01
   1.6058490e+06   4.3945313e+01
   1.6064720e+06   5.9997559e+01
   1.6110300e+06   6.9763184e+01
   1.6156210e+06   6.1584473e+01
   1.6185460e+06   5.2001953e+01
   1.6200330e+06   4.5043945e+01
   1.6267790e+06   8.1604004e+01
   1.6271350e+06   4.2785645e+01
   1.6272240e+06   6.1706543e+01
   1.6279450e+06   5.0231934e+01
   1.6279790e+06   7.4829102e+01
   1.6281010e+06   4.3518066e+01
   1.6294360e+06   8.2031250e+01
   1.6296210e+06   8.0261230e+01
   1.6296630e+06   6.6223145e+01
   1.6297910e+06   6.0913086e+01
   1.6299600e+06   4.5410156e+01
   1.6302230e+06   4.9621582e+01
   1.6303140e+06   6.9946289e+01
   1.6314600e+06   5.5480957e+01
   1.6318020e+06   5.0537109e+01
   1.6318440e+06   4.6020508e+01
   1.6331690e+06   5.3649902e+01
   1.6332980e+06   4.3212891e+01
   1.6336720e+06   4.6691895e+01
   1.6338380e+06   4.9743652e+01
   1.6385390e+06   4.3762207e+01
   1.6431780e+06   7.1533203e+01
   1.6473080e+06   4.5898438e+01
   1.6475170e+06   7.8369141e+01
   1.6475700e+06   6.3598633e+01
   1.6475930e+06   5.6823730e+01
   1.6476690e+06   5.6335449e+01
   1.6476910e+06   4.5043945e+01
   1.6477730e+06   6.0668945e+01
   1.6478180e+06   5.4626465e+01
   1.6478410e+06   4.4677734e+01
   1.6478650e+06   6.1279297e+01
   1.6480550e+06   6.8542480e+01
   1.6486000e+06   5.6396484e+01
   1.6490830e+06   5.6213379e+01
   1.6492910e+06   4.4189453e+01
   1.6493640e+06   8.7829590e+01
   1.6497990e+06   4.4799805e+01
   1.6500970e+06   6.6284180e+01
   1.6503250e+06   4.3884277e+01
   1.6512900e+06   5.4443359e+01
   1.6514540e+06   4.5227051e+01
   1.6526270e+06   5.1574707e+01
   1.6591680e+06   4.7851563e+01
   1.6677420e+06   5.0231934e+01
   1.6691480e+06   6.1096191e+01
   1.6699890e+06   5.3466797e+01
   1.6712090e+06   6.2866211e+01
   1.6740310e+06   4.5043945e+01
   1.6761910e+06   4.3823242e+01
   1.6887840e+06   5.2673340e+01
   1.6909260e+06   4.7546387e+01
   1.6924700e+06   6.1523438e+01
   1.6947040e+06   7.1105957e+01
   1.6972920e+06   5.5114746e+01
   1.6985520e+06   5.0598145e+01
   1.6999010e+06   6.4208984e+01
   1.7028520e+06   5.8654785e+01
   1.7029830e+06   4.3884277e+01
   1.7123710e+06   4.4860840e+01
   1.7142880e+06   4.2785645e+01
   1.7220810e+06   4.9194336e+01
   1.7222890e+06   5.7556152e+01
   1.7224790e+06   6.1035156e+01
   1.7252750e+06   4.3212891e+01
   1.7253800e+06   7.1472168e+01
   1.7357750e+06   4.6752930e+01
   1.7358490e+06   7.7026367e+01
   1.7389890e+06   4.7363281e+01
   1.7463790e+06   8.5998535e+01
   1.7480830e+06   6.7260742e+01
   1.7551640e+06   5.9265137e+01
   1.7572100e+06   7.3608398e+01
   1.7610490e+06   5.6274414e+01
   1.7656950e+06   6.5917969e+01
   1.7684710e+06   6.8298340e+01
   1.7765200e+06   8.7341309e+01
   1.7781470e+06   6.2683105e+01
   1.7799290e+06   6.6406250e+01
   1.7800190e+06   4.6142578e+01
   1.7802150e+06   5.4260254e+01
   1.7826720e+06   6.0241699e+01
   1.7838420e+06   4.3273926e+01
   1.7855390e+06   7.2387695e+01
   1.7908360e+06   6.2744141e+01
   1.7919360e+06   6.9396973e+01
   1.7952410e+06   7.7148438e+01
   1.7979340e+06   6.3598633e+01
   1.7993210e+06   4.2663574e+01
   1.8001780e+06   7.5256348e+01
   1.8002090e+06   4.3579102e+01
   1.8013340e+06   7.5988770e+01
   1.8038400e+06   5.3161621e+01
   1.8059560e+06   6.2377930e+01
   1.8069310e+06   6.9885254e+01
   1.8070530e+06   6.0974121e+01
   1.8072550e+06   7.1411133e+01
   1.8075650e+06   6.6223145e+01
   1.8076000e+06   4.6997070e+01
   1.8081140e+06   4.7363281e+01
   1.8087520e+06   5.8593750e+01
   1.8092000e+06   4.5776367e+01
   1.8092860e+06   4.4677734e+01
   1.8107890e+06   4.5532227e+01
   1.8116040e+06   4.4433594e+01
   1.8179540e+06   4.4799805e+01
   1.8201900e+06   5.0354004e+01
   1.8219450e+06   6.0607910e+01
   1.8219580e+06   4.3334961e+01
   1.8249160e+06   5.7678223e+01
   1.8288010e+06   6.0791016e+01
   1.8335530e+06   6.5490723e+01
   1.8412880e+06   5.5786133e+01
   1.8443240e+06   6.9519043e+01
   1.8450380e+06   4.4067383e+01
   1.8464620e+06   5.4992676e+01
   1.8552550e+06   6.6528320e+01
   1.8586540e+06   5.7128906e+01
   1.8596160e+06   5.8837891e+01
   1.8615020e+06   5.3955078e+01
   1.8615190e+06   7.9040527e+01
   1.8616100e+06   4.4616699e+01
   1.8617260e+06   5.5725098e+01
   1.8618370e+06   4.4372559e+01
   1.8625290e+06   6.7199707e+01
   1.8625400e+06   4.5104980e+01
   1.8720140e+06   5.8837891e+01
   1.8748850e+06   5.0048828e+01
   1.8752140e+06   6.0180664e+01
   1.8752260e+06   4.6386719e+01
   1.8760670e+06   5.4382324e+01
   1.8801950e+06   4.5043945e+01
   1.8811330e+06   6.2316895e+01
   1.8882030e+06   6.9030762e+01
   1.8915580e+06   6.7626953e+01
   1.8920280e+06   6.5795898e+01
   1.8967500e+06   6.3232422e+01
   1.8992890e+06   5.3894043e+01
   1.9011350e+06   4.3579102e+01
   1.9057060e+06   4.8400879e+01
   1.9057840e+06   6.8481445e+01
   1.9082170e+06   6.1218262e+01
   1.9168710e+06   5.9631348e+01
   1.9200980e+06   4.3212891e+01
   1.9265970e+06   5.6579590e+01
   1.9266100e+06   4.7851563e+01
   1.9294280e+06   4.5043945e+01
   1.9298740e+06   7.1777344e+01
   1.9348500e+06   5.6823730e+01
   1.9405900e+06   6.9091797e+01
   1.9438610e+06   5.7189941e+01
   1.9483960e+06   5.2490234e+01
   1.9488540e+06   7.5012207e+01
   1.9491530e+06   5.4382324e+01
   1.9508950e+06   4.2663574e+01
   1.9541470e+06   4.2846680e+01
   1.9543040e+06   4.4921875e+01
   1.9574480e+06   7.1899414e+01
   1.9604990e+06   6.6711426e+01
   1.9658550e+06   6.5429688e+01
   1.9873860e+06   4.3701172e+01
   1.9874210e+06   6.0058594e+01
   1.9878980e+06   4.5104980e+01
   1.9886650e+06   7.8125000e+01
   1.9888110e+06   4.3823242e+01
   1.9942710e+06   7.0312500e+01
   1.9990310e+06   6.7504883e+01
   2.0047990e+06   6.9274902e+01
   2.0083800e+06   5.3527832e+01
   2.0105600e+06   5.4443359e+01
   2.0106680e+06   4.3579102e+01
   2.0137930e+06   7.3059082e+01
   2.0138070e+06   4.4311523e+01
   2.0203760e+06   5.8288574e+01
   2.0249630e+06   6.4147949e+01
   2.0291160e+06   6.6040039e+01
   2.0366870e+06   5.7495117e+01
   2.0387350e+06   5.7434082e+01
   2.0388530e+06   4.3884277e+01
   2.0447080e+06   7.2448730e+01
   2.0450910e+06   5.8959961e+01
   2.0467580e+06   4.6020508e+01
   2.0468580e+06   4.5288086e+01
   2.0469350e+06   4.4799805e+01
   2.0470470e+06   5.7128906e+01
   2.0471020e+06   4.3518066e+01
   2.0471550e+06   4.3029785e+01
   2.0472100e+06   4.8034668e+01
   2.0472910e+06   5.6091309e+01
   2.0473330e+06   6.0424805e+01
   2.0473950e+06   5.3588867e+01
   2.0474490e+06   5.3833008e+01
   2.0474880e+06   7.7819824e+01
   2.0475000e+06   4.7790527e+01
   2.0475470e+06   4.3945313e+01
   2.0475660e+06   5.4992676e+01
   2.0476480e+06   5.7556152e+01
   2.0477350e+06   4.8156738e+01
   2.0477580e+06   6.4025879e+01
   2.0478790e+06   5.9326172e+01
   2.0479030e+06   5.6823730e+01
   2.0479410e+06   4.3273926e+01
   2.0479850e+06   6.1706543e+01
   2.0480170e+06   8.1176758e+01
   2.0480940e+06   6.5856934e+01
   2.0481540e+06   4.8767090e+01
   2.0481900e+06   4.8950195e+01
   2.0482850e+06   4.4738770e+01
   2.0483560e+06   5.7189941e+01
   2.0484060e+06   4.4860840e+01
   2.0484900e+06   4.3212891e+01
   2.0485220e+06   5.0964355e+01
   2.0485960e+06   4.7241211e+01
   2.0487740e+06   5.4504395e+01
   2.0488720e+06   4.2602539e+01
   2.0490120e+06   9.0209961e+01
   2.0490970e+06   4.6997070e+01
   2.0491510e+06   4.5166016e+01
   2.0492390e+06   5.3100586e+01
   2.0493210e+06   6.2011719e+01
   2.0493860e+06   4.8217773e+01
   2.0496270e+06   4.7729492e+01
   2.0507380e+06   4.2663574e+01
   2.0510640e+06   4.4128418e+01
   2.0517930e+06   4.4067383e+01
   2.0521310e+06   5.4260254e+01
   2.0527640e+06   5.5358887e+01
   2.0528620e+06   4.3151855e+01
   2.0531390e+06   5.0231934e+01
   2.0533500e+06   6.6101074e+01
   2.0534160e+06   4.8645020e+01
   2.0535110e+06   6.8542480e+01
   2.0536470e+06   4.2724609e+01
   2.0564650e+06   4.5104980e+01
   2.0570870e+06   4.2785645e+01
   2.0577120e+06   4.2907715e+01
   2.0582210e+06   4.5471191e+01
   2.0586410e+06   6.5490723e+01
   2.0590940e+06   4.7546387e+01
   2.0593290e+06   4.3151855e+01
   2.0594020e+06   4.8339844e+01
   2.0595620e+06   5.7067871e+01
   2.0625320e+06   7.0373535e+01
   2.0638990e+06   4.3212891e+01
   2.0653790e+06   4.6447754e+01
   2.0656750e+06   4.7790527e+01
   2.0672920e+06   4.3212891e+01
   2.0781290e+06   6.8969727e+01
   2.1012960e+06   7.0373535e+01
   2.1016640e+06   4.3212891e+01
   2.1026130e+06   6.2194824e+01
   2.1067880e+06   4.5898438e+01
   2.1070260e+06   4.2968750e+01
   2.1071200e+06   7.4157715e+01
   2.1213830e+06   4.3518066e+01
   2.1305470e+06   4.7851563e+01
   2.1320370e+06   8.4777832e+01
   2.1522440e+06   4.3273926e+01
   2.1523370e+06   6.4086914e+01
   2.1538130e+06   8.6486816e+01
   2.1540330e+06   6.2377930e+01
   2.1571180e+06   6.1889648e+01
   2.1691920e+06   7.8308105e+01
   2.1722950e+06   5.2124023e+01
   2.1803460e+06   4.7973633e+01
   2.1804630e+06   5.6030273e+01
   2.1814000e+06   4.3334961e+01
   2.2061650e+06   5.9204102e+01
   2.2139720e+06   5.8715820e+01
   2.2156600e+06   7.2631836e+01
   2.2157300e+06   4.7058105e+01
   2.2205730e+06   5.3222656e+01
   2.2209950e+06   5.9082031e+01
   2.2294140e+06   7.2448730e+01
   2.2295240e+06   4.5410156e+01
   2.2295410e+06   4.6630859e+01
   2.2295920e+06   6.8359375e+01
   2.2298130e+06   5.3771973e+01
   2.2298400e+06   4.7912598e+01
   2.2298990e+06   4.3640137e+01
   2.2299270e+06   5.3344727e+01
   2.2299440e+06   4.4616699e+01
   2.2299770e+06   6.4575195e+01
   2.2300160e+06   4.5349121e+01
   2.2301200e+06   4.3151855e+01
   2.2301540e+06   4.6081543e+01
   2.2302850e+06   4.8461914e+01
   2.2304230e+06   5.3283691e+01
   2.2307030e+06   6.4453125e+01
   2.2308710e+06   4.5349121e+01
   2.2311270e+06   4.3273926e+01
   2.2315630e+06   4.4250488e+01
   2.2317810e+06   6.5307617e+01
   2.2320720e+06   6.3354492e+01
   2.2322930e+06   5.2978516e+01
   2.2326880e+06   7.1960449e+01
   2.2341920e+06   4.4250488e+01
   2.2426670e+06   7.3791504e+01
   2.2444160e+06   4.6081543e+01
   2.2450350e+06   8.0505371e+01
   2.2467250e+06   6.5490723e+01
   2.2487790e+06   6.5612793e+01
   2.2503630e+06   4.2663574e+01
   2.2504830e+06   6.5307617e+01
   2.2510490e+06   6.1340332e+01
   2.2512940e+06   4.7119141e+01
   2.2519590e+06   5.5969238e+01
   2.2558850e+06   4.7363281e+01
   2.2603150e+06   6.8603516e+01
   2.2607520e+06   5.6701660e+01
   2.2631700e+06   6.7199707e+01
   2.2650250e+06   4.3579102e+01
   2.2666980e+06   5.5175781e+01
   2.2696730e+06   5.1330566e+01
   2.2773290e+06   6.5551758e+01
   2.2814140e+06   5.5847168e+01
   2.2821600e+06   7.4890137e+01
   2.2824220e+06   5.4687500e+01
   2.2825130e+06   5.9997559e+01
   2.2826500e+06   5.7067871e+01
   2.2830500e+06   6.7749023e+01
   2.2835490e+06   4.4067383e+01
   2.2846610e+06   5.7373047e+01
   2.2846900e+06   6.0668945e+01
   2.2933880e+06   4.2846680e+01
   2.2934760e+06   6.4453125e+01
   2.2979510e+06   6.2500000e+01
   2.2981080e+06   4.8522949e+01
   2.3018850e+06   4.3884277e+01
   2.3038750e+06   6.5429688e+01
   2.3203340e+06   7.4462891e+01
   2.3229550e+06   5.1818848e+01
   2.3267520e+06   6.4575195e+01
   2.3318020e+06   5.7800293e+01
   2.3362710e+06   4.7607422e+01
   2.3418030e+06   4.3762207e+01
   2.3526240e+06   4.3518066e+01
   2.3526660e+06   5.1086426e+01
   2.3527760e+06   4.8095703e+01
   2.3527890e+06   5.2917480e+01
   2.3542470e+06   7.4707031e+01
   2.3545990e+06   7.0922852e+01
   2.3557460e+06   6.1096191e+01
   2.3560900e+06   5.6213379e+01
   2.3580230e+06   6.0302734e+01
   2.3591640e+06   5.6030273e+01
   2.3603980e+06   5.8288574e+01
   2.3634900e+06   7.6904297e+01
   2.3643160e+06   5.8410645e+01
   2.3651660e+06   5.1391602e+01
   2.3652720e+06   5.2001953e+01
   2.3654920e+06   4.9377441e+01
   2.3897010e+06   4.2968750e+01
   2.4078190e+06   4.7729492e+01
   2.4121320e+06   5.5358887e+01
   2.4122600e+06   4.4616699e+01
   2.4161380e+06   4.5410156e+01
   2.4177000e+06   7.1533203e+01
   2.4197790e+06   8.0444336e+01
   2.4289380e+06   6.2255859e+01
   2.4341090e+06   5.4992676e+01
   2.4344410e+06   4.2785645e+01
   2.4363180e+06   5.4870605e+01
   2.4363460e+06   4.3701172e+01
   2.4364290e+06   4.9682617e+01
   2.4365370e+06   4.5349121e+01
   2.4365720e+06   4.2663574e+01
   2.4366270e+06   5.9082031e+01
   2.4367430e+06   4.6264648e+01
   2.4367600e+06   4.5715332e+01
   2.4368230e+06   5.6213379e+01
   2.4368540e+06   6.5551758e+01
   2.4368790e+06   4.5227051e+01
   2.4369620e+06   4.4128418e+01
   2.4370140e+06   4.5410156e+01
   2.4370810e+06   4.4982910e+01
   2.4371370e+06   5.8044434e+01
   2.4371550e+06   4.7546387e+01
   2.4371780e+06   5.3222656e+01
   2.4373090e+06   8.4045410e+01
   2.4374540e+06   6.3781738e+01
   2.4375790e+06   7.1350098e+01
   2.4376000e+06   5.1696777e+01
   2.4378390e+06   4.7607422e+01
   2.4380910e+06   4.2785645e+01
   2.4383180e+06   7.3364258e+01
   2.4383590e+06   4.6447754e+01
   2.4385610e+06   4.3579102e+01
   2.4388600e+06   6.2866211e+01
   2.4393520e+06   4.3090820e+01
   2.4395710e+06   4.3701172e+01
   2.4400090e+06   4.5837402e+01
   2.4402060e+06   4.6691895e+01
   2.4402710e+06   4.2724609e+01
   2.4406720e+06   5.0476074e+01
   2.4414390e+06   4.6447754e+01
   2.4415280e+06   6.4575195e+01
   2.4415940e+06   4.7119141e+01
   2.4424320e+06   6.7565918e+01
   2.4468830e+06   6.8237305e+01
   2.4479110e+06   6.1767578e+01
   2.4481430e+06   5.6335449e+01
   2.4483480e+06   4.6813965e+01
   2.4485610e+06   6.4758301e+01
   2.4522850e+06   5.3649902e+01
   2.4559460e+06   5.8105469e+01
   2.4646920e+06   5.8105469e+01
   2.4701980e+06   7.7514648e+01
   2.4720300e+06   6.4514160e+01
   2.4761210e+06   5.6091309e+01
   2.4788760e+06   5.2062988e+01
   2.4804800e+06   5.8654785e+01
   2.4822100e+06   5.8959961e+01
   2.4830570e+06   6.6040039e+01
   2.4867850e+06   6.8176270e+01
   2.4903010e+06   4.9072266e+01
   2.4932330e+06   6.4636230e+01
   2.4970790e+06   6.1157227e+01
   2.4982300e+06   4.3701172e+01
   2.5001740e+06   4.5898438e+01
   2.5044400e+06   4.4738770e+01
   2.5112460e+06   6.5246582e+01
   2.5133080e+06   7.0129395e+01
   2.5136850e+06   6.3354492e+01
   2.5149710e+06   4.4372559e+01
   2.5150100e+06   5.0354004e+01
   2.5150330e+06   7.2570801e+01
   2.5203400e+06   7.4279785e+01
   2.5203580e+06   4.4738770e+01
   2.5241930e+06   5.8410645e+01
   2.5288030e+06   5.9692383e+01
   2.5348510e+06   4.6142578e+01
   2.5376560e+06   7.3303223e+01
   2.5379930e+06   7.2570801e+01
   2.5395410e+06   6.5979004e+01
   2.5429440e+06   6.7138672e+01
   2.5430160e+06   5.6518555e+01
   2.5432380e+06   5.5541992e+01
   2.5434010e+06   4.2602539e+01
   2.5446510e+06   4.3212891e+01
   2.5447800e+06   4.4494629e+01
   2.5448560e+06   7.4279785e+01
   2.5450790e+06   6.7199707e+01
   2.5567600e+06   5.7678223e+01
   2.5585650e+06   5.4321289e+01
   2.5596400e+06   6.7565918e+01
   2.5596510e+06   4.4250488e+01
   2.5656390e+06   6.6467285e+01
   2.5688040e+06   5.0964355e+01
   2.5732160e+06   6.8786621e+01
   2.5767260e+06   4.9865723e+01
   2.5782010e+06   7.8674316e+01
   2.5868710e+06   5.7739258e+01
   2.5872850e+06   7.1350098e+01
   2.5873710e+06   5.7861328e+01
   2.5873820e+06   4.7058105e+01
   2.5874230e+06   5.0476074e+01
   2.5874440e+06   4.9133301e+01
   2.5875240e+06   4.5104980e+01
   2.5876430e+06   4.3579102e+01
   2.5877410e+06   8.5815430e+01
   2.5878310e+06   4.3457031e+01
   2.5879430e+06   7.7514648e+01
   2.5881140e+06   4.5104980e+01
   2.5887610e+06   7.6782227e+01
   2.5893200e+06   5.7800293e+01
   2.5896410e+06   6.3659668e+01
   2.5898730e+06   5.9936523e+01
   2.5903340e+06   5.0598145e+01
   2.5908690e+06   6.1218262e+01
   2.5918140e+06   4.8217773e+01
   2.5951920e+06   6.0241699e+01
   2.5991210e+06   5.9204102e+01
   2.6045430e+06   6.4575195e+01
   2.6068720e+06   6.0180664e+01
   2.6116290e+06   5.4809570e+01
   2.6170880e+06   6.3110352e+01
   2.6190250e+06   6.7993164e+01
   2.6233020e+06   4.8522949e+01
   2.6317580e+06   7.4523926e+01
   2.6350570e+06   4.3640137e+01
   2.6361990e+06   7.2204590e+01
   2.6421980e+06   5.1025391e+01
   2.6436020e+06   5.8105469e+01
   2.6477480e+06   4.8645020e+01
   2.6513580e+06   5.6762695e+01
   2.6542360e+06   5.1940918e+01
   2.6554300e+06   4.5410156e+01
   2.6564160e+06   5.9509277e+01
   2.6595650e+06   7.5256348e+01
   2.6596020e+06   4.3395996e+01
   2.6611430e+06   5.7617188e+01
   2.6697830e+06   6.2255859e+01
   2.6697950e+06   4.5288086e+01
   2.6757430e+06   4.9865723e+01
   2.6761400e+06   5.8288574e+01
   2.6762560e+06   4.7851563e+01
   2.6766510e+06   4.4616699e+01
   2.6768430e+06   7.1777344e+01
   2.6770710e+06   5.4931641e+01
   2.6775630e+06   5.2490234e+01
   2.6779940e+06   4.9804688e+01
   2.6877550e+06   7.4340820e+01
   2.6901730e+06   5.5297852e+01
   2.6901950e+06   4.2663574e+01
   2.6923360e+06   5.9204102e+01
   2.6923460e+06   4.4799805e+01
   2.7014470e+06   6.8176270e+01
   2.7048860e+06   5.4199219e+01
   2.7077040e+06   5.1086426e+01
   2.7095270e+06   4.3151855e+01
   2.7182960e+06   6.1096191e+01
   2.7226830e+06   7.5256348e+01
   2.7230120e+06   4.4494629e+01
   2.7231930e+06   4.6203613e+01
   2.7234080e+06   5.2795410e+01
   2.7250600e+06   6.1523438e+01
   2.7287640e+06   5.3039551e+01
   2.7289540e+06   5.5847168e+01
   2.7336020e+06   6.7138672e+01
   2.7336290e+06   4.8583984e+01
   2.7336770e+06   5.3161621e+01
   2.7337540e+06   5.4260254e+01
   2.7337910e+06   6.9152832e+01
   2.7338060e+06   5.1513672e+01
   2.7339240e+06   6.2255859e+01
   2.7339380e+06   4.2724609e+01
   2.7339890e+06   6.6711426e+01
   2.7340190e+06   4.6630859e+01
   2.7340610e+06   4.7302246e+01
   2.7340880e+06   4.8583984e+01
   2.7341280e+06   9.2529297e+01
   2.7342140e+06   4.9743652e+01
   2.7342460e+06   6.1340332e+01
   2.7343440e+06   6.3476563e+01
   2.7343760e+06   4.8645020e+01
   2.7345180e+06   6.2377930e+01
   2.7347170e+06   4.4128418e+01
   2.7350730e+06   4.3823242e+01
   2.7350950e+06   5.1940918e+01
   2.7355150e+06   5.9936523e+01
   2.7357490e+06   5.9570313e+01
   2.7361950e+06   5.4382324e+01
   2.7364890e+06   6.2500000e+01
   2.7367120e+06   4.6997070e+01
   2.7374130e+06   5.0598145e+01
   2.7384580e+06   4.6752930e+01
   2.7410320e+06   4.3457031e+01
   2.7419250e+06   5.0170898e+01
   2.7424980e+06   4.3945313e+01
   2.7512800e+06   5.8959961e+01
   2.7545750e+06   5.9143066e+01
   2.7548360e+06   4.8278809e+01
   2.7580970e+06   5.0964355e+01
   2.7656370e+06   6.6833496e+01
   2.7678230e+06   4.3273926e+01
   2.7703220e+06   5.5480957e+01
   2.7723080e+06   4.3701172e+01
   2.7745260e+06   6.7077637e+01
   2.7801590e+06   6.9030762e+01
   2.7818050e+06   4.3212891e+01
   2.7827090e+06   6.4147949e+01
   2.7841200e+06   5.6396484e+01
   2.7866740e+06   5.2429199e+01
   2.7884890e+06   5.4809570e+01
   2.7890100e+06   5.6396484e+01
   2.7893410e+06   4.3762207e+01
   2.7894100e+06   4.3151855e+01
   2.7909060e+06   5.9143066e+01
   2.7948290e+06   5.8837891e+01
   2.7994520e+06   5.7189941e+01
   2.8022750e+06   6.8420410e+01
   2.8023010e+06   5.6701660e+01
   2.8057830e+06   5.3466797e+01
   2.8083940e+06   6.7382813e+01
   2.8084870e+06   4.5410156e+01
   2.8100250e+06   5.2734375e+01
   2.8104560e+06   4.6447754e+01
   2.8117550e+06   4.4799805e+01
   2.8118440e+06   4.8461914e+01
   2.8124830e+06   7.6171875e+01
   2.8125730e+06   4.3701172e+01
   2.8125930e+06   5.2124023e+01
   2.8126730e+06   5.8166504e+01
   2.8127200e+06   4.7851563e+01
   2.8127580e+06   4.5837402e+01
   2.8127730e+06   4.4006348e+01
   2.8127990e+06   4.7058105e+01
   2.8128430e+06   4.2663574e+01
   2.8128600e+06   7.4401855e+01
   2.8129240e+06   5.0231934e+01
   2.8129540e+06   5.2917480e+01
   2.8129750e+06   5.1208496e+01
   2.8130150e+06   4.4433594e+01
   2.8130310e+06   7.4096680e+01
   2.8130560e+06   4.9865723e+01
   2.8131330e+06   4.8339844e+01
   2.8132180e+06   6.6650391e+01
   2.8134390e+06   6.8176270e+01
   2.8135050e+06   4.5043945e+01
   2.8137560e+06   6.1157227e+01
   2.8143520e+06   5.3588867e+01
   2.8151800e+06   4.4921875e+01
   2.8152270e+06   6.8298340e+01
   2.8153170e+06   4.9133301e+01
   2.8158460e+06   4.7058105e+01
   2.8159570e+06   5.3649902e+01
   2.8183800e+06   4.4738770e+01
   2.8184080e+06   4.3334961e+01
   2.8226650e+06   4.6325684e+01
   2.8230060e+06   4.6630859e+01
   2.8269050e+06   5.4443359e+01
   2.8299760e+06   5.9143066e+01
   2.8314100e+06   5.2795410e+01
   2.8333950e+06   4.3640137e+01
   2.8370070e+06   4.9316406e+01
   2.8399050e+06   4.3762207e+01
   2.8403190e+06   4.6691895e+01
   2.8453090e+06   5.8410645e+01
   2.8482900e+06   4.3090820e+01
   2.8487220e+06   6.7016602e+01
   2.8487330e+06   4.2602539e+01
   2.8487990e+06   5.0109863e+01
   2.8501120e+06   5.8166504e+01
   2.8515810e+06   4.3640137e+01
   2.8529320e+06   5.1330566e+01
   2.8537450e+06   4.7607422e+01
   2.8557950e+06   4.8767090e+01
   2.8569280e+06   4.7058105e+01
   2.8591850e+06   4.4250488e+01
   2.8606560e+06   4.4494629e+01
   2.8668250e+06   4.5593262e+01
   2.8697030e+06   4.5471191e+01
   2.8723920e+06   4.7912598e+01
   2.8735350e+06   5.9387207e+01
   2.8761250e+06   4.7607422e+01
   2.8776410e+06   6.7199707e+01
   2.8799760e+06   5.6091309e+01
   2.8801120e+06   4.4372559e+01
   2.8802950e+06   4.8339844e+01
   2.8811290e+06   4.3640137e+01
   2.8817520e+06   7.7880859e+01
   2.8854290e+06   6.1340332e+01
   2.8901630e+06   6.6284180e+01
   2.8926500e+06   5.3283691e+01
   2.8946170e+06   6.8359375e+01
   2.8956340e+06   7.3303223e+01
   2.8989000e+06   4.5654297e+01
   2.9062040e+06   4.5471191e+01
   2.9100680e+06   8.2031250e+01
   2.9118440e+06   6.1584473e+01
   2.9175240e+06   6.2377930e+01
   2.9220860e+06   4.4433594e+01
   2.9221590e+06   6.9213867e+01
   2.9229260e+06   7.2570801e+01
   2.9279230e+06   4.4372559e+01
   2.9287570e+06   5.5419922e+01
   2.9336690e+06   5.9448242e+01
   2.9377790e+06   7.1350098e+01
   2.9384040e+06   8.0749512e+01
   2.9395700e+06   5.7373047e+01
   2.9399440e+06   4.6997070e+01
   2.9404030e+06   4.6997070e+01
   2.9414760e+06   5.1635742e+01
   2.9425900e+06   4.5288086e+01
   2.9426830e+06   7.0312500e+01
   2.9430760e+06   5.8593750e+01
   2.9431810e+06   4.9255371e+01
   2.9451850e+06   4.4677734e+01
   2.9539150e+06   6.4575195e+01
   2.9552290e+06   5.1757813e+01
   2.9578450e+06   4.6386719e+01
   2.9579470e+06   6.4025879e+01
   2.9580620e+06   4.6813965e+01
   2.9603230e+06   7.3608398e+01
   2.9609290e+06   8.1115723e+01
   2.9642330e+06   5.1696777e+01
   2.9681140e+06   5.9570313e+01
   2.9697680e+06   5.8227539e+01
   2.9706690e+06   5.7189941e+01
   2.9727360e+06   5.9326172e+01
   2.9736240e+06   6.1767578e+01
   2.9755460e+06   5.6518555e+01
   2.9784840e+06   4.2968750e+01
   2.9797330e+06   4.7851563e+01
   2.9812520e+06   6.8054199e+01
   2.9820820e+06   4.5166016e+01
   2.9889660e+06   6.0791016e+01
   2.9893400e+06   6.2255859e+01
   2.9896300e+06   6.3354492e+01
   3.0029890e+06   6.6589355e+01
   3.0031020e+06   4.4677734e+01
   3.0031570e+06   6.1218262e+01
   3.0053340e+06   6.3293457e+01
   3.0055330e+06   4.7485352e+01
   3.0065300e+06   6.2438965e+01
   3.0066260e+06   4.3029785e+01
   3.0072820e+06   5.0170898e+01
   3.0073560e+06   6.6162109e+01
   3.0074630e+06   7.4951172e+01
   3.0080140e+06   5.5908203e+01
   3.0131370e+06   6.3781738e+01
   3.0140780e+06   4.7241211e+01
   3.0147360e+06   5.2795410e+01
   3.0178060e+06   5.4931641e+01
   3.0199700e+06   5.5358887e+01
   3.0204040e+06   4.7119141e+01
   3.0248640e+06   5.4321289e+01
   3.0263000e+06   7.5744629e+01
   3.0269810e+06   6.6284180e+01
   3.0322940e+06   7.0312500e+01
   3.0330480e+06   7.5012207e+01
   3.0358210e+06   7.1838379e+01
   3.0442880e+06   6.3781738e+01
   3.0464150e+06   7.0739746e+01
   3.0493230e+06   6.7443848e+01
   3.0579340e+06   6.5063477e+01
   3.0585060e+06   7.9406738e+01
   3.0587990e+06   7.8063965e+01
   3.0591090e+06   7.3974609e+01
   3.0695280e+06   4.6569824e+01
   3.0710080e+06   5.5114746e+01
   3.0786150e+06   4.6447754e+01
   3.0840950e+06   6.4941406e+01
   3.0880270e+06   7.6416016e+01
   3.0912620e+06   5.0109863e+01
   3.1018760e+06   7.3669434e+01
   3.1047050e+06   6.6162109e+01
   3.1078800e+06   4.4250488e+01
   3.1083220e+06   6.0424805e+01
   3.1101470e+06   7.4401855e+01
   3.1156360e+06   6.8542480e+01
   3.1181960e+06   4.9316406e+01
   3.1241900e+06   6.8054199e+01
   3.1266280e+06   7.0190430e+01
   3.1285060e+06   6.0058594e+01
   3.1319010e+06   6.3537598e+01
   3.1444720e+06   6.3903809e+01
   3.1466950e+06   6.7810059e+01
   3.1534580e+06   6.4453125e+01
   3.1593270e+06   4.6081543e+01
   3.1652550e+06   5.0720215e+01
   3.1712790e+06   4.9377441e+01
   3.1714090e+06   4.4921875e+01
   3.1743870e+06   4.5532227e+01
   3.1747330e+06   6.2316895e+01
   3.1778280e+06   7.0373535e+01
   3.1809470e+06   5.9326172e+01
   3.1821690e+06   4.2663574e+01
   3.1827490e+06   8.4289551e+01
   3.1829060e+06   4.9865723e+01
   3.1831290e+06   5.3161621e+01
   3.1858630e+06   6.6040039e+01
   3.1858750e+06   4.4982910e+01
   3.1860890e+06   5.1086426e+01
   3.1877990e+06   4.2846680e+01
   3.1884600e+06   6.7687988e+01
   3.1884940e+06   4.5410156e+01
   3.1893470e+06   4.9865723e+01
   3.1913500e+06   6.7504883e+01
   3.1918580e+06   5.0354004e+01
   3.1974980e+06   6.4025879e+01
   3.2000570e+06   6.8237305e+01
   3.2047930e+06   6.4514160e+01
   3.2061930e+06   6.8115234e+01
   3.2101100e+06   5.8532715e+01
   3.2116750e+06   4.6875000e+01
   3.2158810e+06   5.1635742e+01
   3.2171790e+06   6.1706543e+01
   3.2219950e+06   4.7790527e+01
   3.2222110e+06   6.0363770e+01
   3.2281120e+06   6.9641113e+01
   3.2327510e+06   6.4453125e+01
   3.2339300e+06   7.1838379e+01
   3.2346610e+06   6.0913086e+01
   3.2346770e+06   4.2724609e+01
   3.2367040e+06   5.2551270e+01
   3.2424000e+06   6.7749023e+01
   3.2465700e+06   6.2927246e+01
   3.2479620e+06   4.9377441e+01
   3.2481060e+06   7.0251465e+01
   3.2481200e+06   4.3273926e+01
   3.2517840e+06   5.6396484e+01
   3.2520340e+06   5.9570313e+01
   3.2556510e+06   5.5236816e+01
   3.2576780e+06   7.0007324e+01
   3.2611610e+06   5.3649902e+01
   3.2612640e+06   5.0659180e+01
   3.2648540e+06   5.5725098e+01
   3.2656750e+06   5.4931641e+01
   3.2682730e+06   5.7434082e+01
   3.2719780e+06   6.2072754e+01
   3.2721730e+06   4.3090820e+01
   3.2767230e+06   4.5593262e+01
   3.2800610e+06   5.8105469e+01
   3.2818200e+06   6.1401367e+01
   3.2831710e+06   7.0312500e+01
   3.2877850e+06   6.2072754e+01
   3.2904600e+06   7.2875977e+01
   3.2904700e+06   4.4189453e+01
   3.2939060e+06   4.3579102e+01
   3.2945420e+06   7.8491211e+01
   3.2948010e+06   6.3537598e+01
   3.2960100e+06   6.7260742e+01
   3.2962490e+06   5.5358887e+01
   3.2967280e+06   7.3242188e+01
   3.2970580e+06   5.7800293e+01
   3.2975790e+06   5.6457520e+01
   3.2981670e+06   4.5043945e+01
   3.2987420e+06   4.4982910e+01
   3.3008520e+06   5.0598145e+01
   3.3031510e+06   5.9143066e+01
   3.3081330e+06   6.1218262e+01
   3.3092850e+06   5.6335449e+01
   3.3099780e+06   4.8339844e+01
   3.3132050e+06   5.2917480e+01
   3.3138970e+06   5.4748535e+01
   3.3143370e+06   4.6081543e+01
   3.3161780e+06   5.0598145e+01
   3.3210840e+06   6.9702148e+01
   3.3238320e+06   6.2377930e+01
   3.3241610e+06   4.4067383e+01
   3.3244200e+06   6.0607910e+01
   3.3258840e+06   5.3222656e+01
   3.3259660e+06   4.6142578e+01
   3.3272030e+06   5.9570313e+01
   3.3309370e+06   5.7128906e+01
   3.3341580e+06   6.6101074e+01
   3.3349720e+06   5.2917480e+01
   3.3376570e+06   4.3884277e+01
   3.3397640e+06   4.2968750e+01
   3.3434180e+06   6.1279297e+01
   3.3454690e+06   5.5053711e+01
   3.3483090e+06   5.9570313e+01
   3.3523190e+06   6.1462402e+01
   3.3537320e+06   4.7973633e+01
   3.3537780e+06   5.1696777e+01
   3.3662410e+06   6.2133789e+01
   3.3709770e+06   6.5795898e+01
   3.3725100e+06   6.3354492e+01
   3.3736840e+06   5.8532715e+01
   3.3746450e+06   5.4016113e+01
   3.3766310e+06   6.3354492e+01
   3.3766610e+06   5.0903320e+01
   3.3772550e+06   5.4565430e+01
   3.3802790e+06   5.7373047e+01
   3.3823460e+06   4.4677734e+01
   3.3837140e+06   5.9570313e+01
   3.3837280e+06   5.0415039e+01
   3.3873790e+06   5.2551270e+01
   3.3912750e+06   6.2988281e+01
   3.3965070e+06   5.5603027e+01
   3.4003090e+06   7.0190430e+01
   3.4015070e+06   5.2062988e+01
   3.4057960e+06   5.1025391e+01
   3.4074240e+06   6.0119629e+01
   3.4083720e+06   5.7128906e+01
   3.4086040e+06   4.9438477e+01
   3.4092290e+06   5.1147461e+01
   3.4094130e+06   6.7382813e+01
   3.4094940e+06   4.6752930e+01
   3.4095090e+06   5.6701660e+01
   3.4095330e+06   6.5612793e+01
   3.4095970e+06   4.3762207e+01
   3.4096440e+06   7.7148438e+01
   3.4096910e+06   5.2490234e+01
   3.4097440e+06   4.3823242e+01
   3.4097810e+06   6.5673828e+01
   3.4098120e+06   4.5288086e+01
   3.4098280e+06   4.8706055e+01
   3.4098400e+06   4.8400879e+01
   3.4098720e+06   4.3212891e+01
   3.4098970e+06   5.9753418e+01
   3.4099160e+06   4.6875000e+01
   3.4099430e+06   6.7565918e+01
   3.4099540e+06   4.4006348e+01
   3.4100290e+06   5.5236816e+01
   3.4100760e+06   5.8288574e+01
   3.4100890e+06   5.5603027e+01
   3.4101250e+06   7.1044922e+01
   3.4101470e+06   4.4128418e+01
   3.4101630e+06   7.2631836e+01
   3.4102470e+06   4.4067383e+01
   3.4102690e+06   5.4443359e+01
   3.4102990e+06   4.2785645e+01
   3.4103180e+06   4.2785645e+01
   3.4103790e+06   5.0964355e+01
   3.4103970e+06   4.3151855e+01
   3.4104310e+06   9.1735840e+01
   3.4104980e+06   4.6752930e+01
   3.4106050e+06   4.4433594e+01
   3.4106270e+06   4.5776367e+01
   3.4108300e+06   4.6447754e+01
   3.4109150e+06   6.4636230e+01
   3.4110020e+06   5.1269531e+01
   3.4110940e+06   5.5969238e+01
   3.4111210e+06   4.9316406e+01
   3.4111580e+06   5.0903320e+01
   3.4116340e+06   5.2978516e+01
   3.4116720e+06   5.1818848e+01
   3.4117940e+06   4.9865723e+01
   3.4118930e+06   4.3884277e+01
   3.4121200e+06   4.4128418e+01
   3.4122460e+06   5.2185059e+01
   3.4126170e+06   4.9194336e+01
   3.4130190e+06   5.3161621e+01
   3.4136400e+06   4.6875000e+01
   3.4158230e+06   4.3395996e+01
   3.4164630e+06   5.3100586e+01
   3.4168130e+06   4.8034668e+01
   3.4180510e+06   4.4921875e+01
   3.4194690e+06   4.5104980e+01
   3.4196000e+06   4.4372559e+01
   3.4202970e+06   5.4748535e+01
   3.4212230e+06   4.4677734e+01
   3.4239520e+06   5.6945801e+01
   3.4240730e+06   4.3334961e+01
   3.4243830e+06   5.4504395e+01
   3.4361700e+06   5.1757813e+01
   3.4406730e+06   4.3823242e+01
   3.4493120e+06   4.3579102e+01
   3.4493710e+06   6.0974121e+01
   3.4497420e+06   4.6508789e+01
   3.4711690e+06   5.6030273e+01
   3.4754200e+06   5.8715820e+01
   3.4888330e+06   5.3527832e+01
   3.4966880e+06   4.7912598e+01
   3.5034320e+06   4.5043945e+01
   3.5073110e+06   4.9255371e+01
   3.5087030e+06   4.6997070e+01
   3.5154970e+06   4.4677734e+01
   3.5207430e+06   4.3762207e+01
   3.5231780e+06   4.9377441e+01
   3.5306260e+06   6.2194824e+01
   3.5315450e+06   6.7993164e+01
   3.5367150e+06   4.3029785e+01
   3.5426620e+06   6.3964844e+01
   3.5535190e+06   6.5307617e+01
   3.5535290e+06   8.0261230e+01
   3.5541420e+06   5.9082031e+01
   3.5543950e+06   4.8889160e+01
   3.5549760e+06   4.9926758e+01
   3.5602190e+06   4.2785645e+01
   3.5682460e+06   5.9936523e+01
   3.5705920e+06   4.7180176e+01
   3.5719190e+06   4.7790527e+01
   3.5725150e+06   7.2509766e+01
   3.5769140e+06   6.3903809e+01
   3.5771070e+06   4.2846680e+01
   3.5772500e+06   5.6274414e+01
   3.5775730e+06   5.4931641e+01
   3.5777150e+06   5.2612305e+01
   3.5777370e+06   4.5959473e+01
   3.5777620e+06   4.3151855e+01
   3.5778810e+06   4.4799805e+01
   3.5779200e+06   4.7668457e+01
   3.5780930e+06   4.2663574e+01
   3.5781930e+06   4.4128418e+01
   3.5782460e+06   4.8645020e+01
   3.5795090e+06   4.4311523e+01
   3.5812680e+06   7.2814941e+01
   3.5822460e+06   7.0068359e+01
   3.5966970e+06   6.8176270e+01
   3.6006420e+06   4.4067383e+01
   3.6008680e+06   4.6630859e+01
   3.6012040e+06   6.8908691e+01
   3.6017100e+06   7.8979492e+01
   3.6034520e+06   5.2246094e+01
   3.6176050e+06   6.8298340e+01
   3.6209920e+06   5.4565430e+01
   3.6246730e+06   8.2153320e+01
   3.6287690e+06   7.8552246e+01
   3.6328200e+06   7.5805664e+01
   3.6368200e+06   4.9804688e+01
   3.6368440e+06   4.4555664e+01
   3.6369680e+06   4.6936035e+01
   3.6381990e+06   8.7280273e+01
   3.6451430e+06   5.6823730e+01
   3.6490440e+06   5.6762695e+01
   3.6492990e+06   4.3212891e+01
   3.6511980e+06   6.2805176e+01
   3.6567300e+06   6.6223145e+01
   3.6626450e+06   7.6660156e+01
   3.6717260e+06   5.1452637e+01
   3.6784860e+06   6.3659668e+01
   3.6829050e+06   4.6142578e+01
   3.6862610e+06   7.0922852e+01
   3.6863650e+06   4.9560547e+01
   3.6890720e+06   6.2683105e+01
   3.6917230e+06   4.4128418e+01
   3.6941880e+06   6.1706543e+01
   3.6949530e+06   6.7199707e+01
   3.6960890e+06   4.5837402e+01
   3.7011030e+06   6.0729980e+01
   3.7054650e+06   6.9274902e+01
   3.7172330e+06   8.0505371e+01
   3.7174310e+06   4.5227051e+01
   3.7187340e+06   6.3842773e+01
   3.7227700e+06   4.4189453e+01
   3.7256440e+06   7.1472168e+01
   3.7321890e+06   5.3710938e+01
   3.7341130e+06   6.1706543e+01
   3.7434940e+06   6.4453125e+01
   3.7444070e+06   6.1950684e+01
   3.7531690e+06   6.3659668e+01
   3.7591500e+06   4.8400879e+01
   3.7594360e+06   6.2255859e+01
   3.7596940e+06   4.2907715e+01
   3.7607880e+06   6.5795898e+01
   3.7615130e+06   6.4147949e+01
   3.7618140e+06   6.2438965e+01
   3.7620410e+06   6.4636230e+01
   3.7621160e+06   4.6203613e+01
   3.7623730e+06   5.8105469e+01
   3.7627830e+06   6.8847656e+01
   3.7630230e+06   6.0485840e+01
   3.7640980e+06   4.4677734e+01
   3.7699210e+06   5.1330566e+01
   3.7728760e+06   6.9641113e+01
   3.7738430e+06   5.7128906e+01
   3.7770780e+06   6.9580078e+01
   3.7789160e+06   4.6386719e+01
   3.7789270e+06   4.3090820e+01
   3.7832340e+06   6.5795898e+01
   3.7833620e+06   4.9377441e+01
   3.7898060e+06   5.0231934e+01
   3.7904540e+06   4.9560547e+01
   3.7910050e+06   6.2622070e+01
   3.7920460e+06   8.2275391e+01
   3.7920830e+06   4.2907715e+01
   3.7921310e+06   4.9987793e+01
   3.7924210e+06   4.3884277e+01
   3.7924330e+06   5.2001953e+01
   3.7925150e+06   6.5307617e+01
   3.7931600e+06   6.0668945e+01
   3.7977980e+06   5.9631348e+01
   3.8053520e+06   6.4392090e+01
   3.8092650e+06   6.3659668e+01
   3.8139050e+06   5.5419922e+01
   3.8162920e+06   5.3771973e+01
   3.8168250e+06   4.4189453e+01
   3.8185220e+06   6.8054199e+01
   3.8258320e+06   4.7485352e+01
   3.8293300e+06   4.6142578e+01
   3.8293480e+06   4.3823242e+01
   3.8303100e+06   6.8054199e+01
   3.8355680e+06   7.1350098e+01
   3.8428540e+06   7.7758789e+01
   3.8452500e+06   6.7932129e+01
   3.8478960e+06   4.3579102e+01
   3.8479840e+06   5.5725098e+01
   3.8502170e+06   6.4086914e+01
   3.8517150e+06   5.5053711e+01
   3.8632770e+06   6.4819336e+01
   3.8640100e+06   5.1025391e+01
   3.8689350e+06   5.2307129e+01
   3.8707190e+06   6.2316895e+01
   3.8771190e+06   6.2438965e+01
   3.8793100e+06   7.1411133e+01
   3.8853770e+06   7.0129395e+01
   3.8868920e+06   7.9589844e+01
   3.8873400e+06   4.7363281e+01
   3.8910860e+06   6.1706543e+01
   3.8938830e+06   6.6894531e+01
   3.8967330e+06   4.6447754e+01
   3.9042220e+06   6.2744141e+01
   3.9048710e+06   4.6264648e+01
   3.9067990e+06   5.4809570e+01
   3.9084550e+06   4.7363281e+01
   3.9086870e+06   4.4921875e+01
   3.9091040e+06   6.9946289e+01
   3.9095960e+06   7.3242187e+01
   3.9096620e+06   4.8400879e+01
   3.9101530e+06   6.4941406e+01
   3.9101630e+06   6.1279297e+01
   3.9105760e+06   4.8400879e+01
   3.9106520e+06   5.4748535e+01
   3.9108880e+06   7.3669434e+01
   3.9129890e+06   5.6213379e+01
   3.9172620e+06   5.4016113e+01
   3.9187630e+06   4.7241211e+01
   3.9189820e+06   4.2724609e+01
   3.9189920e+06   4.4067383e+01
   3.9191190e+06   4.7485352e+01
   3.9191390e+06   5.4138184e+01
   3.9191810e+06   4.6569824e+01
   3.9192610e+06   4.3151855e+01
   3.9193080e+06   6.0668945e+01
   3.9193490e+06   5.3710938e+01
   3.9193770e+06   5.1940918e+01
   3.9194540e+06   6.0363770e+01
   3.9197440e+06   4.6936035e+01
   3.9197780e+06   4.4433594e+01
   3.9198340e+06   4.5654297e+01
   3.9199010e+06   6.5124512e+01
   3.9209580e+06   4.4250488e+01
   3.9211060e+06   5.2917480e+01
   3.9226900e+06   4.4799805e+01
   3.9227930e+06   6.3598633e+01
   3.9260070e+06   6.2683105e+01
   3.9263080e+06   4.5715332e+01
   3.9265930e+06   4.9865723e+01
   3.9271230e+06   5.1879883e+01
   3.9385330e+06   7.0617676e+01
   3.9388750e+06   5.2612305e+01
   3.9397180e+06   4.5349121e+01
   3.9425410e+06   4.4250488e+01
   3.9446050e+06   5.7617188e+01
   3.9471440e+06   5.6640625e+01
   3.9512320e+06   5.7678223e+01
   3.9519390e+06   7.4645996e+01
   3.9541210e+06   6.3049316e+01
   3.9633910e+06   6.4575195e+01
   3.9638440e+06   5.8166504e+01
   3.9665900e+06   6.3415527e+01
   3.9690230e+06   5.3161621e+01
   3.9696240e+06   5.8410645e+01
   3.9725580e+06   5.3710938e+01
   3.9730890e+06   4.4189453e+01
   3.9753010e+06   4.9255371e+01
   3.9820990e+06   6.6955566e+01
   3.9839390e+06   5.5053711e+01
   3.9849330e+06   4.4494629e+01
   3.9850580e+06   4.6630859e+01
   3.9866590e+06   5.5908203e+01
   3.9880000e+06   6.4453125e+01
   3.9882910e+06   5.8593750e+01
   3.9891430e+06   5.8959961e+01
   3.9911570e+06   6.3720703e+01
   3.9925990e+06   4.3701172e+01
   3.9929320e+06   4.2968750e+01
   3.9943670e+06   4.4189453e+01
   3.9997370e+06   5.6945801e+01
   4.0013540e+06   5.0659180e+01
   4.0016260e+06   8.2885742e+01
   4.0025670e+06   4.2663574e+01
   4.0025980e+06   6.1706543e+01
   4.0030480e+06   6.0546875e+01
   4.0033690e+06   5.0537109e+01
   4.0037900e+06   7.7819824e+01
   4.0038040e+06   4.4311523e+01
   4.0044640e+06   5.8593750e+01
   4.0046640e+06   4.4311523e+01
   4.0058550e+06   5.2612305e+01
   4.0067420e+06   8.3129883e+01
   4.0068600e+06   6.2377930e+01
   4.0166800e+06   5.6762695e+01
   4.0217150e+06   4.3273926e+01
   4.0247760e+06   7.0556641e+01
   4.0258830e+06   4.4921875e+01
   4.0272180e+06   7.0129395e+01
   4.0291210e+06   6.4636230e+01
   4.0309700e+06   4.7851563e+01
   4.0386430e+06   6.8786621e+01
   4.0406310e+06   5.3894043e+01
   4.0415550e+06   5.7678223e+01
   4.0464260e+06   6.3232422e+01
   4.0532590e+06   7.6477051e+01
   4.0538220e+06   6.6650391e+01
   4.0544510e+06   6.0546875e+01
   4.0547050e+06   5.9936523e+01
   4.0556590e+06   5.4321289e+01
   4.0585730e+06   6.4453125e+01
   4.0595460e+06   5.9204102e+01
   4.0641850e+06   6.8481445e+01
   4.0642100e+06   5.7617188e+01
   4.0645140e+06   6.0119629e+01
   4.0696090e+06   5.8715820e+01
   4.0702310e+06   5.3527832e+01
   4.0703570e+06   4.3029785e+01
   4.0714270e+06   6.1950684e+01
   4.0748020e+06   5.7861328e+01
   4.0761730e+06   5.8410645e+01
   4.0833510e+06   6.0485840e+01
   4.0834410e+06   4.3457031e+01
   4.0837250e+06   4.9072266e+01
   4.0837570e+06   6.0974121e+01
   4.0838190e+06   4.6081543e+01
   4.0838650e+06   4.5532227e+01
   4.0839140e+06   6.2683105e+01
   4.0839980e+06   4.5349121e+01
   4.0840500e+06   4.3579102e+01
   4.0840720e+06   5.1269531e+01
   4.0840870e+06   4.4433594e+01
   4.0841060e+06   5.8837891e+01
   4.0841580e+06   9.1003418e+01
   4.0841810e+06   4.7912598e+01
   4.0842570e+06   6.9274902e+01
   4.0844000e+06   5.9020996e+01
   4.0844250e+06   5.7800293e+01
   4.0844960e+06   4.2968750e+01
   4.0845440e+06   7.1594238e+01
   4.0848480e+06   7.1166992e+01
   4.0852070e+06   5.3161621e+01
   4.0859220e+06   6.0302734e+01
   4.0864360e+06   5.9448242e+01
   4.0873050e+06   4.9743652e+01
   4.0876240e+06   4.4067383e+01
   4.0895720e+06   4.2724609e+01
   4.0897590e+06   4.9621582e+01
   4.0932170e+06   5.9326172e+01
   4.0949400e+06   4.3334961e+01
   4.1018910e+06   6.2927246e+01
   4.1031300e+06   6.2988281e+01
   4.1077200e+06   4.7119141e+01
   4.1085330e+06   6.0180664e+01
   4.1098510e+06   6.0668945e+01
   4.1126590e+06   5.0415039e+01
   4.1135510e+06   5.6030273e+01
   4.1156530e+06   5.9326172e+01
   4.1179200e+06   6.2255859e+01
   4.1179620e+06   4.2663574e+01
   4.1180640e+06   7.0312500e+01
   4.1181630e+06   4.4128418e+01
   4.1182720e+06   4.3029785e+01
   4.1182910e+06   4.5776367e+01
   4.1183080e+06   4.8217773e+01
   4.1183240e+06   4.5227051e+01
   4.1183570e+06   4.5288086e+01
   4.1184030e+06   6.6589355e+01
   4.1184450e+06   6.0913086e+01
   4.1185270e+06   7.1472168e+01
   4.1185840e+06   7.1044922e+01
   4.1186080e+06   5.3955078e+01
   4.1186610e+06   4.8950195e+01
   4.1187020e+06   4.2602539e+01
   4.1187630e+06   4.8339844e+01
   4.1187950e+06   4.7973633e+01
   4.1188080e+06   7.8002930e+01
   4.1188420e+06   4.5043945e+01
   4.1188880e+06   4.4128418e+01
   4.1189900e+06   5.0109863e+01
   4.1190280e+06   4.7302246e+01
   4.1191420e+06   8.6120605e+01
   4.1191920e+06   4.4250488e+01
   4.1192900e+06   4.5043945e+01
   4.1194120e+06   4.5227051e+01
   4.1196270e+06   4.4616699e+01
   4.1196920e+06   4.6447754e+01
   4.1199110e+06   6.1401367e+01
   4.1199480e+06   4.5959473e+01
   4.1203590e+06   5.8044434e+01
   4.1204580e+06   5.1025391e+01
   4.1206050e+06   4.3518066e+01
   4.1209280e+06   4.3029785e+01
   4.1210420e+06   4.6691895e+01
   4.1214310e+06   4.4738770e+01
   4.1274270e+06   4.4311523e+01
   4.1314660e+06   4.6203613e+01
   4.1315600e+06   6.5490723e+01
   4.1320260e+06   5.9875488e+01
   4.1323610e+06   4.2785645e+01
   4.1327310e+06   5.1147461e+01
   4.1355510e+06   4.4311523e+01
   4.1416550e+06   4.4128418e+01
   4.1578690e+06   4.6813965e+01
   4.1587670e+06   7.3608398e+01
   4.1588510e+06   4.5593262e+01
   4.1589370e+06   5.8105469e+01
   4.1826730e+06   4.3823242e+01
   4.1860980e+06   5.0781250e+01
   4.1863370e+06   4.9377441e+01
   4.1887420e+06   4.3334961e+01
   4.1992620e+06   5.8837891e+01
   4.1999120e+06   4.3029785e+01
   4.2051350e+06   5.2124023e+01
   4.2052950e+06   5.5480957e+01
   4.2187080e+06   4.3212891e+01
   4.2194200e+06   4.6020508e+01
   4.2195080e+06   6.1279297e+01
   4.2196440e+06   5.5786133e+01
   4.2291370e+06   5.8349609e+01
   4.2349230e+06   6.0424805e+01
   4.2350380e+06   4.3884277e+01
   4.2376180e+06   4.4616699e+01
   4.2419060e+06   7.4157715e+01
   4.2442540e+06   6.0363770e+01
   4.2456170e+06   5.4504395e+01
   4.2457130e+06   4.4799805e+01
   4.2457310e+06   6.1645508e+01
   4.2473500e+06   7.6660156e+01
   4.2548360e+06   4.6203613e+01
   4.2611950e+06   5.8715820e+01
   4.2626060e+06   4.3579102e+01
   4.2651290e+06   7.0251465e+01
   4.2767830e+06   5.1940918e+01
   4.2783540e+06   4.2968750e+01
   4.2783920e+06   4.2907715e+01
   4.2840550e+06   5.1086426e+01
   4.2887180e+06   4.3884277e+01
   4.2888330e+06   6.3476563e+01
   4.2899760e+06   4.8706055e+01
   4.2915950e+06   6.9458008e+01
   4.2953100e+06   6.5917969e+01
   4.2973870e+06   6.8298340e+01
   4.3011270e+06   5.6396484e+01
   4.3054080e+06   5.7312012e+01
   4.3054540e+06   4.3823242e+01
   4.3092370e+06   4.3701172e+01
   4.3127850e+06   4.4067383e+01
   4.3191960e+06   4.7241211e+01
   4.3195100e+06   5.5725098e+01
   4.3199190e+06   7.2570801e+01
   4.3204160e+06   7.3059082e+01
   4.3204420e+06   6.4147949e+01
   4.3204950e+06   4.6508789e+01
   4.3376320e+06   4.6875000e+01
   4.3376540e+06   6.8054199e+01
   4.3377810e+06   6.5002441e+01
   4.3382280e+06   5.6823730e+01
   4.3384710e+06   7.5195313e+01
   4.3388330e+06   4.6752930e+01
   4.3389380e+06   7.5561523e+01
   4.3392080e+06   6.1218262e+01
   4.3393780e+06   8.2092285e+01
   4.3397380e+06   4.4433594e+01
   4.3398210e+06   6.7016602e+01
   4.3399150e+06   4.8034668e+01
   4.3406680e+06   6.6894531e+01
   4.3416700e+06   6.5551758e+01
   4.3441380e+06   5.7250977e+01
   4.3463680e+06   6.9824219e+01
   4.3526040e+06   6.1035156e+01
   4.3590640e+06   6.6833496e+01
   4.3613400e+06   5.8471680e+01
   4.3648970e+06   6.5185547e+01
   4.3674400e+06   4.3090820e+01
   4.3715180e+06   4.3884277e+01
   4.3738790e+06   5.7922363e+01
   4.3756620e+06   5.0598145e+01
   4.3777260e+06   8.8134766e+01
   4.3780090e+06   5.5053711e+01
   4.3781140e+06   4.8706055e+01
   4.3781640e+06   7.7209473e+01
   4.3782420e+06   5.2734375e+01
   4.3782860e+06   5.1330566e+01
   4.3786690e+06   4.4006348e+01
   4.3788450e+06   8.8439941e+01
   4.3788550e+06   4.6508789e+01
   4.3801980e+06   6.8420410e+01
   4.3803050e+06   4.3029785e+01
   4.3808300e+06   6.4270020e+01
   4.3823390e+06   6.0607910e+01
   4.3870270e+06   5.9936523e+01
   4.3879510e+06   6.6040039e+01
   4.3900440e+06   5.7434082e+01
   4.3910350e+06   4.3273926e+01
   4.4117970e+06   8.3129883e+01
   4.4131550e+06   4.5898438e+01
   4.4158980e+06   5.1147461e+01
   4.4198250e+06   7.4768066e+01
   4.4198360e+06   4.8156738e+01
   4.4198670e+06   4.3151855e+01
   4.4198920e+06   5.1452637e+01
   4.4199420e+06   4.6325684e+01
   4.4199810e+06   5.5664063e+01
   4.4200390e+06   4.4799805e+01
   4.4200810e+06   4.2663574e+01
   4.4201270e+06   4.9621582e+01
   4.4201540e+06   4.9316406e+01
   4.4202190e+06   4.8339844e+01
   4.4203270e+06   6.2438965e+01
   4.4203590e+06   4.5166016e+01
   4.4204160e+06   4.5959473e+01
   4.4206730e+06   8.4899902e+01
   4.4208160e+06   5.7250977e+01
   4.4208310e+06   5.1757813e+01
   4.4227650e+06   5.8959961e+01
   4.4230420e+06   7.6538086e+01
   4.4235480e+06   6.1523438e+01
   4.4260650e+06   4.6691895e+01
   4.4310480e+06   6.2194824e+01
   4.4340180e+06   6.2438965e+01
   4.4471070e+06   8.0810547e+01
   4.4489480e+06   6.5368652e+01
   4.4490400e+06   4.6691895e+01
   4.4498300e+06   6.2744141e+01
   4.4513100e+06   6.6772461e+01
   4.4540180e+06   6.1462402e+01
   4.4570560e+06   5.8837891e+01
   4.4622520e+06   5.7556152e+01
   4.4641940e+06   6.0852051e+01
   4.4679710e+06   6.5429688e+01
   4.4714540e+06   5.6518555e+01
   4.4720480e+06   6.0119629e+01
   4.4732620e+06   5.0964355e+01
   4.4758860e+06   5.4809570e+01
   4.4789050e+06   4.3273926e+01
   4.4817500e+06   4.3579102e+01
   4.4842320e+06   5.5725098e+01
   4.4873110e+06   6.9641113e+01
   4.4877420e+06   6.0485840e+01
   4.4923940e+06   5.6823730e+01
   4.4936290e+06   4.7363281e+01
   4.4939190e+06   6.7810059e+01
   4.4940620e+06   5.2612305e+01
   4.4999010e+06   7.0556641e+01
   4.5025610e+06   6.2805176e+01
   4.5049420e+06   5.7067871e+01
   4.5073670e+06   6.5856934e+01
   4.5080540e+06   6.2133789e+01
   4.5114300e+06   5.7556152e+01
   4.5167390e+06   6.0363770e+01
   4.5193840e+06   5.7006836e+01
   4.5218000e+06   7.4523926e+01
   4.5260780e+06   4.6875000e+01
   4.5275400e+06   4.7607422e+01
   4.5276240e+06   4.3945313e+01
   4.5276390e+06   5.9143066e+01
   4.5277600e+06   4.8522949e+01
   4.5278320e+06   4.3151855e+01
   4.5278730e+06   5.4504395e+01
   4.5278900e+06   7.8674316e+01
   4.5279680e+06   4.7729492e+01
   4.5280840e+06   4.4738770e+01
   4.5281080e+06   4.2846680e+01
   4.5282380e+06   8.6486816e+01
   4.5294590e+06   4.6875000e+01
   4.5297400e+06   7.3364258e+01
   4.5302400e+06   8.1726074e+01
   4.5304640e+06   5.5358887e+01
   4.5305160e+06   5.3710938e+01
   4.5307490e+06   6.1218262e+01
   4.5313200e+06   4.9499512e+01
   4.5318900e+06   5.5114746e+01
   4.5333440e+06   4.4677734e+01
   4.5339040e+06   4.9255371e+01
   4.5342580e+06   4.3212891e+01
   4.5354320e+06   4.4982910e+01
   4.5383100e+06   4.4494629e+01
   4.5404880e+06   5.9020996e+01
   4.5450460e+06   7.2387695e+01
   4.5550920e+06   6.1828613e+01
   4.5604410e+06   7.6416016e+01
   4.5628110e+06   5.7617188e+01
   4.5630320e+06   4.7790527e+01
   4.5631000e+06   4.3395996e+01
   4.5634150e+06   7.7758789e+01
   4.5639880e+06   6.5185547e+01
   4.5673120e+06   4.5471191e+01
   4.5674250e+06   4.5043945e+01
   4.5691930e+06   6.0180664e+01
   4.5693630e+06   6.6772461e+01
   4.5715200e+06   4.8950195e+01
   4.5722790e+06   6.4392090e+01
   4.5734020e+06   8.6059570e+01
   4.5827580e+06   4.6875000e+01
   4.5830240e+06   5.4748535e+01
   4.5837330e+06   6.1401367e+01
   4.5887000e+06   6.9335938e+01
   4.5901490e+06   6.4025879e+01
   4.5914440e+06   4.3762207e+01
   4.5945650e+06   7.6171875e+01
   4.5990620e+06   7.7819824e+01
   4.6019040e+06   6.5734863e+01
   4.6040660e+06   4.3823242e+01
   4.6050370e+06   5.2856445e+01
   4.6068460e+06   6.2805176e+01
   4.6089490e+06   6.5979004e+01
   4.6177650e+06   4.8522949e+01
   4.6187380e+06   7.7941895e+01
   4.6231920e+06   4.5349121e+01
   4.6235990e+06   9.0637207e+01
   4.6264980e+06   4.3151855e+01
   4.6265290e+06   7.6904297e+01
   4.6276830e+06   6.2805176e+01
   4.6321940e+06   4.2785645e+01
   4.6322900e+06   4.2968750e+01
   4.6324150e+06   4.7790527e+01
   4.6357160e+06   7.6538086e+01
   4.6376860e+06   5.5664063e+01
   4.6388110e+06   6.7993164e+01
   4.6410600e+06   5.1940918e+01
   4.6420630e+06   4.2663574e+01
   4.6423360e+06   4.9255371e+01
   4.6424950e+06   6.4331055e+01
   4.6427510e+06   5.4321289e+01
   4.6450160e+06   6.4392090e+01
   4.6467770e+06   5.5725098e+01
   4.6500980e+06   4.2602539e+01
   4.6515080e+06   4.8950195e+01
   4.6550000e+06   5.2673340e+01
   4.6572820e+06   4.2785645e+01
   4.6580870e+06   4.4494629e+01
   4.6590900e+06   6.8115234e+01
   4.6737880e+06   6.0241699e+01
   4.6809750e+06   6.0058594e+01
   4.6850310e+06   5.8471680e+01
   4.6909590e+06   5.4748535e+01
   4.6935080e+06   4.8400879e+01
   4.6956080e+06   8.2397461e+01
   4.6981900e+06   6.2744141e+01
   4.7024320e+06   4.2785645e+01
   4.7033700e+06   6.3659668e+01
   4.7053360e+06   7.8247070e+01
   4.7054140e+06   4.3518066e+01
   4.7056410e+06   7.2692871e+01
   4.7153070e+06   5.0720215e+01
   4.7220610e+06   6.3049316e+01
   4.7222250e+06   5.2612305e+01
   4.7222760e+06   4.4067383e+01
   4.7225110e+06   6.4331055e+01
   4.7234000e+06   6.9702148e+01
   4.7235450e+06   4.2663574e+01
   4.7243150e+06   5.4016113e+01
   4.7246010e+06   4.6081543e+01
   4.7247080e+06   7.3486328e+01
   4.7249020e+06   6.0302734e+01
   4.7254490e+06   5.8593750e+01
   4.7303470e+06   5.4992676e+01
   4.7360280e+06   5.7678223e+01
   4.7364030e+06   7.1289063e+01
   4.7393690e+06   4.4067383e+01
   4.7402530e+06   4.4799805e+01
   4.7468820e+06   6.7565918e+01
   4.7481210e+06   7.1777344e+01
   4.7511630e+06   4.4189453e+01
   4.7555780e+06   4.5104980e+01
   4.7567400e+06   4.5776367e+01
   4.7631720e+06   6.5979004e+01
   4.7638190e+06   4.4494629e+01
   4.7659010e+06   4.3884277e+01
   4.7703600e+06   7.2631836e+01
   4.7736330e+06   5.1208496e+01
   4.7741820e+06   4.4494629e+01
   4.7750800e+06   8.7829590e+01
   4.7855100e+06   6.0485840e+01
   4.7856590e+06   4.2602539e+01
   4.7872390e+06   6.7016602e+01
   4.7873550e+06   5.0842285e+01
   4.7886110e+06   5.0659180e+01
   4.7896940e+06   4.9499512e+01
   4.7913040e+06   7.9162598e+01
   4.7928790e+06   5.6030273e+01
   4.8021410e+06   5.5175781e+01
   4.8021670e+06   6.0241699e+01
   4.8025050e+06   5.6396484e+01
   4.8030240e+06   6.5307617e+01
   4.8044830e+06   7.5744629e+01
   4.8048180e+06   6.7443848e+01
   4.8067250e+06   4.2907715e+01
   4.8087240e+06   6.2500000e+01
   4.8102450e+06   4.4128418e+01
   4.8104540e+06   6.1889648e+01
   4.8107680e+06   6.5429688e+01
   4.8108710e+06   5.2551270e+01
   4.8174040e+06   5.6457520e+01
   4.8219860e+06   5.2978516e+01
   4.8221360e+06   5.7495117e+01
   4.8264910e+06   4.9499512e+01
   4.8268930e+06   7.0373535e+01
   4.8269120e+06   4.4067383e+01
   4.8290780e+06   5.1696777e+01
   4.8315960e+06   7.0495605e+01
   4.8332520e+06   6.3842773e+01
   4.8360650e+06   6.1706543e+01
   4.8363760e+06   5.1818848e+01
   4.8370190e+06   5.0964355e+01
   4.8406180e+06   4.2846680e+01
   4.8406630e+06   4.6997070e+01
   4.8408390e+06   5.3161621e+01
   4.8408780e+06   4.4250488e+01
   4.8409180e+06   5.1940918e+01
   4.8409550e+06   4.4372559e+01
   4.8410560e+06   5.4870605e+01
   4.8411510e+06   4.9987793e+01
   4.8412220e+06   5.1330566e+01
   4.8412610e+06   9.8205566e+01
   4.8413500e+06   4.4128418e+01
   4.8414080e+06   9.1125488e+01
   4.8415070e+06   4.4372559e+01
   4.8415520e+06   5.0537109e+01
   4.8416060e+06   7.5683594e+01
   4.8416650e+06   4.3945313e+01
   4.8417460e+06   5.2062988e+01
   4.8420570e+06   6.3415527e+01
   4.8420780e+06   4.6569824e+01
   4.8422630e+06   5.4260254e+01
   4.8424400e+06   4.4311523e+01
   4.8424660e+06   4.5288086e+01
   4.8426710e+06   6.8664551e+01
   4.8430300e+06   5.4016113e+01
   4.8433730e+06   4.4372559e+01
   4.8438440e+06   4.9011230e+01
   4.8445620e+06   4.3334961e+01
   4.8468460e+06   6.3476563e+01
   4.8482280e+06   5.1635742e+01
   4.8490590e+06   5.3771973e+01
   4.8508970e+06   5.0170898e+01
   4.8527020e+06   4.5104980e+01
   4.8538430e+06   4.3579102e+01
   4.8543500e+06   4.6936035e+01
   4.8568680e+06   4.3884277e+01
   4.8585750e+06   5.0231934e+01
   4.8656550e+06   4.7546387e+01
   4.8737780e+06   4.2663574e+01
   4.8749490e+06   4.4372559e+01
   4.8750790e+06   4.8889160e+01
   4.8756850e+06   5.8532715e+01
   4.8766920e+06   4.2785645e+01
   4.8767350e+06   4.3884277e+01
   4.8847320e+06   5.9448242e+01
   4.8890810e+06   6.3903809e+01
   4.8915850e+06   7.1716309e+01
   4.9013640e+06   6.2316895e+01
   4.9177000e+06   5.1330566e+01
   4.9188650e+06   7.1289063e+01
   4.9266190e+06   7.9895020e+01
   4.9302450e+06   4.3518066e+01
   4.9306060e+06   6.8542480e+01
   4.9314640e+06   6.1950684e+01
   4.9363700e+06   6.0668945e+01
   4.9393820e+06   4.2907715e+01
   4.9477740e+06   5.7006836e+01
   4.9539640e+06   6.6833496e+01
   4.9662750e+06   4.4494629e+01
   4.9706430e+06   7.4401855e+01
   4.9763940e+06   5.0842285e+01
   4.9764070e+06   7.4462891e+01
   4.9764480e+06   4.7424316e+01
   4.9765060e+06   6.4208984e+01
   4.9765450e+06   4.7790527e+01
   4.9766180e+06   4.7790527e+01
   4.9766860e+06   6.5185547e+01
   4.9767280e+06   4.4494629e+01
   4.9767940e+06   5.5419922e+01
   4.9768300e+06   5.7128906e+01
   4.9768430e+06   6.8969727e+01
   4.9768870e+06   4.6020508e+01
   4.9769190e+06   5.3466797e+01
   4.9769590e+06   6.5612793e+01
   4.9770480e+06   6.5795898e+01
   4.9770850e+06   4.5166016e+01
   4.9771310e+06   5.8166504e+01
   4.9771680e+06   5.2490234e+01
   4.9771820e+06   4.6264648e+01
   4.9772930e+06   1.0687256e+02
   4.9773250e+06   6.8237305e+01
   4.9773450e+06   5.3771973e+01
   4.9773900e+06   4.4982910e+01
   4.9774410e+06   4.6264648e+01
   4.9774890e+06   4.3090820e+01
   4.9775660e+06   4.2724609e+01
   4.9776050e+06   4.5288086e+01
   4.9776500e+06   6.3293457e+01
   4.9780120e+06   5.6518555e+01
   4.9780620e+06   6.1889648e+01
   4.9780840e+06   4.6264648e+01
   4.9781420e+06   4.3762207e+01
   4.9781950e+06   4.5593262e+01
   4.9782560e+06   4.8461914e+01
   4.9784270e+06   4.5654297e+01
   4.9784660e+06   4.9255371e+01
   4.9785860e+06   4.3334961e+01
   4.9787400e+06   4.8583984e+01
   4.9788740e+06   4.9377441e+01
   4.9793080e+06   4.4311523e+01
   4.9828040e+06   4.4494629e+01
   4.9888560e+06   5.2429199e+01
   4.9896940e+06   4.2846680e+01
   4.9909620e+06   4.6691895e+01
   4.9933250e+06   5.6945801e+01
   4.9939300e+06   5.8044434e+01
   4.9943410e+06   5.6396484e+01
   4.9946340e+06   5.7983398e+01
   4.9946480e+06   4.5227051e+01
   4.9979300e+06   5.4504395e+01
   4.9992160e+06   4.5593262e+01
   5.0019410e+06   5.9509277e+01
   5.0046090e+06   4.3945313e+01
   5.0061000e+06   4.8400879e+01
   5.0206700e+06   4.4311523e+01
   5.0245760e+06   4.6752930e+01
   5.0246030e+06   4.2968750e+01
   5.0247200e+06   4.7424316e+01
   5.0253770e+06   4.4677734e+01
   5.0297650e+06   4.2846680e+01
   5.0396230e+06   6.0668945e+01
   5.0524380e+06   4.2907715e+01
   5.0579540e+06   5.2612305e+01
   5.0580920e+06   4.7607422e+01
   5.0593980e+06   5.2490234e+01
   5.0600490e+06   4.3029785e+01
   5.0624280e+06   5.0720215e+01
   5.0655100e+06   4.6203613e+01
   5.0709230e+06   4.4433594e+01
   5.0720650e+06   5.5114746e+01
   5.0731610e+06   7.1716309e+01
   5.0757060e+06   5.0537109e+01
   5.0802150e+06   4.4128418e+01
   5.0805920e+06   6.4880371e+01
   5.0820310e+06   5.3283691e+01
   5.0820640e+06   4.9865723e+01
   5.0831580e+06   5.1269531e+01
   5.0912140e+06   4.5043945e+01
   5.0974460e+06   8.3435059e+01
   5.0980670e+06   4.7668457e+01
   5.1107000e+06   7.0800781e+01
   5.1112850e+06   6.7565918e+01
   5.1129820e+06   5.7067871e+01
   5.1137840e+06   7.3608398e+01
   5.1147330e+06   6.5856934e+01
   5.1166080e+06   4.5349121e+01
   5.1174520e+06   6.8725586e+01
   5.1176940e+06   4.6569824e+01
   5.1187820e+06   6.8115234e+01
   5.1190050e+06   7.5256348e+01
   5.1250230e+06   5.4687500e+01
   5.1399020e+06   4.3823242e+01
   5.1437260e+06   4.5288086e+01
   5.1437570e+06   6.6711426e+01
   5.1440960e+06   7.6477051e+01
   5.1514350e+06   8.1542969e+01
   5.1531870e+06   4.9865723e+01
   5.1575180e+06   4.8583984e+01
   5.1674860e+06   8.0932617e+01
   5.1702160e+06   7.4523926e+01
   5.1746840e+06   6.6711426e+01
   5.1902220e+06   4.4860840e+01
   5.1908120e+06   7.7331543e+01
   5.1933650e+06   4.9438477e+01
   5.1948370e+06   5.9020996e+01
   5.2019490e+06   7.4951172e+01
   5.2020020e+06   4.6447754e+01
   5.2020890e+06   5.0354004e+01
   5.2021620e+06   4.5166016e+01
   5.2022010e+06   6.1950684e+01
   5.2022260e+06   5.1757813e+01
   5.2023080e+06   8.1420898e+01
   5.2023180e+06   6.6711426e+01
   5.2023520e+06   4.3151855e+01
   5.2023630e+06   5.1757813e+01
   5.2024330e+06   4.4677734e+01
   5.2025220e+06   7.7758789e+01
   5.2025560e+06   4.5471191e+01
   5.2026000e+06   6.1828613e+01
   5.2026200e+06   4.4311523e+01
   5.2026430e+06   4.4189453e+01
   5.2028090e+06   5.3894043e+01
   5.2029230e+06   8.0261230e+01
   5.2030810e+06   4.5043945e+01
   5.2032240e+06   7.8002930e+01
   5.2033480e+06   7.1960449e+01
   5.2033990e+06   4.3212891e+01
   5.2035050e+06   6.3598633e+01
   5.2035590e+06   5.0109863e+01
   5.2037870e+06   4.3395996e+01
   5.2043080e+06   5.5114746e+01
   5.2044740e+06   6.0485840e+01
   5.2149780e+06   5.4016113e+01
   5.2160760e+06   6.2927246e+01
   5.2169120e+06   5.1757813e+01
   5.2187470e+06   6.0913086e+01
   5.2196230e+06   5.7006836e+01
   5.2198830e+06   4.7424316e+01
   5.2249750e+06   4.4494629e+01
   5.2282020e+06   5.2246094e+01
   5.2331140e+06   5.1452637e+01
   5.2345400e+06   6.0424805e+01
   5.2387220e+06   6.3354492e+01
   5.2467730e+06   6.5429688e+01
   5.2474640e+06   5.0659180e+01
   5.2491960e+06   8.0322266e+01
   5.2502340e+06   5.9875488e+01
   5.2509520e+06   7.7209473e+01
   5.2514990e+06   5.9509277e+01
   5.2517970e+06   5.0476074e+01
   5.2520290e+06   5.3344727e+01
   5.2520600e+06   5.6762695e+01
   5.2526360e+06   6.6345215e+01
   5.2528160e+06   4.8461914e+01
   5.2528550e+06   4.9865723e+01
   5.2531550e+06   4.4128418e+01
   5.2585630e+06   5.0415039e+01
   5.2676950e+06   4.7973633e+01
   5.2684080e+06   5.6457520e+01
   5.2727960e+06   7.3120117e+01
   5.2804740e+06   5.0354004e+01
   5.2865910e+06   4.2663574e+01
   5.2866690e+06   5.6091309e+01
   5.2879760e+06   4.6752930e+01
   5.2883500e+06   6.7810059e+01
   5.2886190e+06   5.9814453e+01
   5.2979360e+06   5.4748535e+01
   5.3016000e+06   4.6325684e+01
   5.3046030e+06   5.9631348e+01
   5.3126660e+06   5.9387207e+01
   5.3207720e+06   5.4321289e+01
   5.3293910e+06   6.3720703e+01
   5.3332040e+06   7.7758789e+01
   5.3342540e+06   4.6081543e+01
   5.3397940e+06   6.5429687e+01
   5.3442680e+06   5.4321289e+01
   5.3467690e+06   6.1401367e+01
   5.3468470e+06   4.8889160e+01
   5.3468800e+06   4.3151855e+01
   5.3469350e+06   5.2307129e+01
   5.3487820e+06   6.1645508e+01
   5.3554200e+06   6.2744141e+01
   5.3562430e+06   5.8288574e+01
   5.3603060e+06   6.1340332e+01
   5.3638060e+06   4.7912598e+01
   5.3638920e+06   5.7373047e+01
   5.3640800e+06   4.6630859e+01
   5.3653150e+06   6.4086914e+01
   5.3656880e+06   6.9580078e+01
   5.3657960e+06   5.8166504e+01
   5.3664060e+06   5.1574707e+01
   5.3664600e+06   6.3171387e+01
   5.3666960e+06   5.9936523e+01
   5.3669910e+06   6.9335938e+01
   5.3672440e+06   5.0842285e+01
   5.3683130e+06   6.5734863e+01
   5.3687680e+06   5.6579590e+01
   5.3767900e+06   6.2194824e+01
   5.3825970e+06   5.5236816e+01
   5.3834820e+06   6.6162109e+01
   5.3851300e+06   4.8583984e+01
   5.4053240e+06   7.5073242e+01
   5.4063420e+06   6.7810059e+01
   5.4115890e+06   6.1096191e+01
   5.4144780e+06   4.3518066e+01
   5.4146750e+06   7.2875977e+01
   5.4148280e+06   4.6264648e+01
   5.4149010e+06   5.3283691e+01
   5.4149440e+06   4.7790527e+01
   5.4151530e+06   4.2724609e+01
   5.4155180e+06   5.0415039e+01
   5.4171500e+06   4.3395996e+01
   5.4176220e+06   6.7321777e+01
   5.4176480e+06   6.2683105e+01
   5.4183880e+06   6.1279297e+01
   5.4247350e+06   5.1940918e+01
   5.4267630e+06   5.7067871e+01
   5.4317860e+06   7.5256348e+01
   5.4332900e+06   4.7546387e+01
   5.4355150e+06   8.1420898e+01
   5.4365610e+06   7.9040527e+01
   5.4415050e+06   4.8828125e+01
   5.4462140e+06   5.4748535e+01
   5.4491960e+06   6.1889648e+01
   5.4519920e+06   4.8706055e+01
   5.4562920e+06   7.8125000e+01
   5.4619350e+06   6.9091797e+01
   5.4624970e+06   6.2316895e+01
   5.4634900e+06   5.6457520e+01
   5.4636670e+06   4.2785645e+01
   5.4637800e+06   4.5104980e+01
   5.4641570e+06   7.0068359e+01
   5.4644120e+06   5.5786133e+01
   5.4646200e+06   6.6894531e+01
   5.4646520e+06   8.8439941e+01
   5.4649260e+06   4.2785645e+01
   5.4649980e+06   4.6508789e+01
   5.4651560e+06   4.8950195e+01
   5.4652990e+06   5.1635742e+01
   5.4655370e+06   4.6203613e+01
   5.4657960e+06   5.2368164e+01
   5.4673800e+06   4.4372559e+01
   5.4677560e+06   4.7241211e+01
   5.4684000e+06   4.7973633e+01
   5.4696380e+06   4.6203613e+01
   5.4696540e+06   4.9621582e+01
   5.4697760e+06   5.8593750e+01
   5.4698340e+06   4.9743652e+01
   5.4701020e+06   4.7119141e+01
   5.4701800e+06   4.2968750e+01
   5.4709920e+06   4.4860840e+01
   5.4710640e+06   4.6386719e+01
   5.4712480e+06   5.0659180e+01
   5.4732750e+06   4.3457031e+01
   5.4739580e+06   4.5349121e+01
   5.4774730e+06   4.3334961e+01
   5.4868930e+06   6.1645508e+01
   5.4883390e+06   5.3710938e+01
   5.4904720e+06   6.2316895e+01
   5.4938020e+06   6.0241699e+01
   5.4971030e+06   5.0964355e+01
   5.4979060e+06   5.6823730e+01
   5.4988570e+06   6.4392090e+01
   5.5006170e+06   4.3640137e+01
   5.5007780e+06   5.5603027e+01
   5.5010810e+06   4.4494629e+01
   5.5020360e+06   4.6752930e+01
   5.5024230e+06   4.4555664e+01
   5.5034620e+06   4.5104980e+01
   5.5055580e+06   4.3334961e+01
   5.5063140e+06   5.1086426e+01
   5.5088870e+06   4.4189453e+01
   5.5111800e+06   4.2968750e+01
   5.5112170e+06   4.5043945e+01
   5.5112480e+06   4.9438477e+01
   5.5113270e+06   4.3701172e+01
   5.5113730e+06   5.8959961e+01
   5.5113850e+06   4.6142578e+01
   5.5114460e+06   7.6232910e+01
   5.5114820e+06   4.7729492e+01
   5.5115180e+06   5.7006836e+01
   5.5115820e+06   4.8461914e+01
   5.5116040e+06   5.1757813e+01
   5.5117810e+06   4.4311523e+01
   5.5118400e+06   5.8288574e+01
   5.5120080e+06   4.5532227e+01
   5.5121140e+06   5.2795410e+01
   5.5124040e+06   4.9865723e+01
   5.5125460e+06   5.4504395e+01
   5.5130890e+06   4.3457031e+01
   5.5146420e+06   4.3457031e+01
   5.5166620e+06   4.4982910e+01
   5.5174410e+06   4.5471191e+01
   5.5174930e+06   4.4128418e+01
   5.5175400e+06   4.2907715e+01
   5.5179320e+06   4.7241211e+01
   5.5180790e+06   4.9438477e+01
   5.5193110e+06   5.0903320e+01
   5.5195260e+06   5.7922363e+01
   5.5195990e+06   5.1940918e+01
   5.5201940e+06   4.3884277e+01
   5.5206720e+06   4.5654297e+01
   5.5211900e+06   4.6569824e+01
   5.5215360e+06   4.7912598e+01
   5.5221580e+06   4.7546387e+01
   5.5235180e+06   6.1584473e+01
   5.5244540e+06   6.4270020e+01
   5.5255860e+06   5.9570313e+01
   5.5263010e+06   5.1696777e+01
   5.5264560e+06   4.4006348e+01
   5.5265850e+06   4.5166016e+01
   5.5266980e+06   5.2368164e+01
   5.5269680e+06   4.8278809e+01
   5.5297190e+06   4.6447754e+01
   5.5310950e+06   6.2072754e+01
   5.5320080e+06   4.3884277e+01
   5.5334190e+06   5.2307129e+01
   5.5395330e+06   6.2072754e+01
   5.5437800e+06   5.2429199e+01
   5.5442900e+06   5.2124023e+01
   5.5452630e+06   7.2692871e+01
   5.5563290e+06   6.7993164e+01
   5.5575380e+06   7.1838379e+01
   5.5583550e+06   5.2001953e+01
   5.5592890e+06   4.5715332e+01
   5.5662580e+06   6.2438965e+01
   5.5737950e+06   4.5715332e+01
   5.5744290e+06   4.4067383e+01
   5.5768960e+06   4.3640137e+01
   5.5783890e+06   7.3181152e+01
   5.5820130e+06   4.3640137e+01
   5.5820850e+06   4.4738770e+01
   5.5826950e+06   6.6955566e+01
   5.5838190e+06   5.7678223e+01
   5.5839860e+06   4.5959473e+01
   5.5866770e+06   4.8583984e+01
   5.5986400e+06   5.4504395e+01
   5.6061930e+06   4.9072266e+01
   5.6149990e+06   4.3273926e+01
   5.6150550e+06   4.5593262e+01
   5.6151070e+06   7.5317383e+01
   5.6151440e+06   7.0556641e+01
   5.6151540e+06   4.3395996e+01
   5.6152050e+06   5.0720215e+01
   5.6152170e+06   5.3588867e+01
   5.6152390e+06   5.5664063e+01
   5.6152740e+06   7.1655273e+01
   5.6153140e+06   4.5959473e+01
   5.6153600e+06   4.7180176e+01
   5.6153750e+06   4.7912598e+01
   5.6154380e+06   5.1391602e+01
   5.6154650e+06   8.1481934e+01
   5.6154910e+06   4.7851563e+01
   5.6155370e+06   4.8034668e+01
   5.6155580e+06   5.2368164e+01
   5.6155970e+06   4.6813965e+01
   5.6156240e+06   4.5776367e+01
   5.6156360e+06   5.8410645e+01
   5.6157760e+06   4.4921875e+01
   5.6158050e+06   4.3945313e+01
   5.6158250e+06   5.6274414e+01
   5.6158530e+06   7.2937012e+01
   5.6159180e+06   4.2602539e+01
   5.6160280e+06   5.2124023e+01
   5.6161220e+06   8.6364746e+01
   5.6162430e+06   4.5593262e+01
   5.6163720e+06   5.8715820e+01
   5.6165510e+06   4.2907715e+01
   5.6167200e+06   4.4311523e+01
   5.6168480e+06   4.3884277e+01
   5.6169810e+06   6.0241699e+01
   5.6172820e+06   6.3964844e+01
   5.6190260e+06   5.7495117e+01
   5.6190700e+06   4.2907715e+01
   5.6218460e+06   4.4799805e+01
   5.6313300e+06   5.3222656e+01
   5.6331940e+06   4.6203613e+01
   5.6336580e+06   4.7790527e+01
   5.6361420e+06   4.3151855e+01
   5.6391260e+06   4.9133301e+01
   5.6426530e+06   5.2368164e+01
   5.6450960e+06   4.3823242e+01
   5.6466450e+06   5.0231934e+01
   5.6773530e+06   4.3823242e+01
   5.6846780e+06   4.4738770e+01
   5.6859280e+06   4.7790527e+01
   5.6905860e+06   5.4199219e+01
   5.6906600e+06   4.4433594e+01
   5.6939330e+06   5.1940918e+01
   5.6941840e+06   5.1391602e+01
   5.6943540e+06   4.5288086e+01
   5.6957920e+06   4.7729492e+01
   5.6958100e+06   6.9946289e+01
   5.6963330e+06   4.3518066e+01
   5.6967420e+06   4.7241211e+01
   5.6970510e+06   7.1838379e+01
   5.6974720e+06   7.3913574e+01
   5.6979020e+06   7.0251465e+01
   5.7074050e+06   4.6447754e+01
   5.7074550e+06   4.8645020e+01
   5.7220540e+06   4.3518066e+01
   5.7221490e+06   5.0537109e+01
   5.7226820e+06   4.8217773e+01
   5.7363790e+06   5.9997559e+01
   5.7365790e+06   4.3701172e+01
   5.7374110e+06   6.9824219e+01
   5.7379690e+06   4.5166016e+01
   5.7382970e+06   6.2194824e+01
   5.7387450e+06   5.2001953e+01
   5.7389080e+06   7.0678711e+01
   5.7399100e+06   4.2907715e+01
   5.7480390e+06   4.9438477e+01
   5.7527630e+06   6.6894531e+01
   5.7551580e+06   5.5908203e+01
   5.7566030e+06   5.5480957e+01
   5.7796300e+06   4.3090820e+01
   5.7798020e+06   6.3110352e+01
   5.7804950e+06   4.9377441e+01
   5.7807970e+06   7.2998047e+01
   5.7838490e+06   5.4992676e+01
   5.7839670e+06   7.7087402e+01
   5.7850560e+06   4.9316406e+01
   5.7868240e+06   6.2988281e+01
   5.7880720e+06   4.3701172e+01
   5.7882450e+06   6.5368652e+01
   5.7883860e+06   4.8461914e+01
   5.7989690e+06   5.2734375e+01
   5.7998660e+06   5.8776855e+01
   5.8029790e+06   6.0119629e+01
   5.8035190e+06   5.0903320e+01
   5.8095410e+06   7.8125000e+01
   5.8118690e+06   5.2673340e+01
   5.8120720e+06   4.4677734e+01
   5.8123630e+06   5.3771973e+01
   5.8185780e+06   6.9458008e+01
   5.8186110e+06   4.6569824e+01
   5.8281440e+06   6.0485840e+01
   5.8316000e+06   6.4697266e+01
   5.8322710e+06   6.8298340e+01
   5.8327520e+06   4.5959473e+01
   5.8348150e+06   4.4189453e+01
   5.8368560e+06   4.6936035e+01
   5.8371190e+06   4.4433594e+01
   5.8389050e+06   4.8400879e+01
   5.8390720e+06   5.1330566e+01
   5.8415320e+06   6.0424805e+01
   5.8419030e+06   4.5715332e+01
   5.8420020e+06   4.3151855e+01
   5.8423240e+06   5.5419922e+01
   5.8425590e+06   5.0354004e+01
   5.8426120e+06   7.1716309e+01
   5.8428540e+06   5.5847168e+01
   5.8436550e+06   4.3823242e+01
   5.8441100e+06   6.9274902e+01
   5.8442170e+06   5.7128906e+01
   5.8445840e+06   4.4982910e+01
   5.8448870e+06   6.5856934e+01
   5.8454900e+06   4.5166016e+01
   5.8460960e+06   4.6630859e+01
   5.8502520e+06   4.2907715e+01
   5.8521310e+06   5.1391602e+01
   5.8552930e+06   6.9396973e+01
   5.8593050e+06   6.1279297e+01
   5.8615830e+06   5.1269531e+01
   5.8617110e+06   5.0842285e+01
   5.8618100e+06   5.9875488e+01
   5.8727510e+06   5.4260254e+01
   5.8727780e+06   5.4382324e+01
   5.8728160e+06   4.4494629e+01
   5.8728300e+06   5.5541992e+01
   5.8729010e+06   4.3151855e+01
   5.8729640e+06   4.7790527e+01
   5.8732190e+06   4.7241211e+01
   5.8833820e+06   5.3405762e+01
   5.8859260e+06   4.3395996e+01
   5.8886950e+06   6.1157227e+01
   5.8898890e+06   6.9885254e+01
   5.8935010e+06   6.6101074e+01
   5.8951790e+06   5.4809570e+01
   5.9005820e+06   6.0302734e+01
   5.9008390e+06   5.1818848e+01
   5.9077450e+06   5.8776855e+01
   5.9101670e+06   5.6762695e+01
   5.9102770e+06   4.3640137e+01
   5.9117080e+06   6.7199707e+01
   5.9188750e+06   5.1086426e+01
   5.9216710e+06   6.7565918e+01
   5.9247510e+06   5.4809570e+01
   5.9297940e+06   5.3039551e+01
   5.9338240e+06   4.5654297e+01
   5.9369830e+06   4.3884277e+01
   5.9398440e+06   5.9631348e+01
   5.9457620e+06   6.5917969e+01
   5.9512900e+06   5.0354004e+01
   5.9529660e+06   6.6955566e+01
   5.9544580e+06   6.1523438e+01
   5.9589670e+06   5.8776855e+01
   5.9673780e+06   7.2448730e+01
   5.9822710e+06   5.7067871e+01
   5.9833850e+06   4.5288086e+01
   5.9877290e+06   4.3579102e+01
   5.9879220e+06   5.6396484e+01
   5.9880560e+06   7.7941895e+01
   5.9884360e+06   5.4626465e+01
   5.9887410e+06   6.0607910e+01
   5.9889560e+06   5.4443359e+01
   5.9892580e+06   7.1899414e+01
   5.9892900e+06   4.8767090e+01
   5.9893850e+06   9.0454102e+01
   5.9899310e+06   5.9814453e+01
   5.9900300e+06   4.9133301e+01
   5.9901500e+06   6.0424805e+01
   5.9905350e+06   4.6447754e+01
   5.9909570e+06   5.2062988e+01
   5.9912980e+06   4.5959473e+01
   5.9914730e+06   4.8217773e+01
   5.9939730e+06   5.4565430e+01
   5.9947820e+06   4.5349121e+01
