   1.1996000e+07   0.0000000e+00
   2.3172000e+04   8.0993652e+01
   7.6987000e+04   8.8439941e+01
   9.0886000e+04   7.5500488e+01
   9.1726000e+04   9.7473145e+01
   9.1930000e+04   7.2265625e+01
   9.1948000e+04   7.2570801e+01
   9.2028000e+04   8.1604004e+01
   3.1529600e+05   7.3059082e+01
   3.7983900e+05   8.0261230e+01
   3.7988400e+05   7.6293945e+01
   3.7991800e+05   7.8247070e+01
   3.7994500e+05   8.0627441e+01
   3.8000100e+05   9.2773438e+01
   3.8002400e+05   9.5886230e+01
   3.8008000e+05   9.3383789e+01
   3.8023000e+05   7.2509766e+01
   4.7659200e+05   7.6477051e+01
   4.7665900e+05   7.4645996e+01
   4.7667900e+05   7.4096680e+01
   4.7678200e+05   8.1604004e+01
   4.7681000e+05   7.6782227e+01
   4.7682800e+05   9.2285156e+01
   4.7689400e+05   7.4035645e+01
   4.7744200e+05   7.2753906e+01
   4.9055100e+05   7.4218750e+01
   5.7955600e+05   8.3374023e+01
   5.8074500e+05   9.4970703e+01
   5.8077600e+05   9.0515137e+01
   5.8078900e+05   7.3547363e+01
   5.8082200e+05   9.0637207e+01
   5.8093900e+05   1.0980225e+02
   5.8104700e+05   8.0322266e+01
   5.8114900e+05   9.8937988e+01
   5.8118300e+05   8.7341309e+01
   5.8124300e+05   7.7453613e+01
   5.8153600e+05   7.5256348e+01
   6.6806900e+05   7.7453613e+01
   6.7525600e+05   7.2204590e+01
   6.7568000e+05   8.0932617e+01
   6.7571900e+05   7.6049805e+01
   6.7580400e+05   7.2631836e+01
   6.7599800e+05   8.0993652e+01
   6.7602300e+05   7.2265625e+01
   6.7609700e+05   9.0270996e+01
   6.7620100e+05   7.4951172e+01
   6.7622800e+05   7.8125000e+01
   6.7631900e+05   7.4768066e+01
   6.7637900e+05   7.3791504e+01
   7.8750600e+05   7.2998047e+01
   7.9166300e+05   7.3425293e+01
   7.9186200e+05   7.6110840e+01
   7.9200600e+05   7.4096680e+01
   7.9327200e+05   7.3486328e+01
   9.0463400e+05   9.2834473e+01
   9.0474400e+05   9.6801758e+01
   9.0485300e+05   8.0810547e+01
   9.0488700e+05   7.9772949e+01
   9.0494400e+05   8.6486816e+01
   9.0499700e+05   7.6721191e+01
   9.0503300e+05   1.0650635e+02
   9.0514800e+05   7.8369141e+01
   9.0520400e+05   7.5378418e+01
   9.0527400e+05   9.1430664e+01
   9.0536800e+05   8.2092285e+01
   9.0545500e+05   7.7209473e+01
   9.7664700e+05   7.6171875e+01
   1.0172920e+06   7.5988770e+01
   1.0178790e+06   7.8002930e+01
   1.0178990e+06   7.6171875e+01
   1.0180020e+06   9.7900391e+01
   1.0180450e+06   8.7219238e+01
   1.0180710e+06   8.5083008e+01
   1.0181400e+06   7.6293945e+01
   1.0652050e+06   7.3425293e+01
   1.0654670e+06   7.5500488e+01
   1.0656430e+06   7.5805664e+01
   1.0656700e+06   7.9162598e+01
   1.0659860e+06   7.5317383e+01
   1.0662100e+06   7.3913574e+01
   1.0662610e+06   8.2641602e+01
   1.0780510e+06   7.3059082e+01
   1.1807920e+06   7.4157715e+01
   1.2789100e+06   7.4645996e+01
   1.3449650e+06   7.7758789e+01
   1.3451590e+06   7.3364258e+01
   1.3452510e+06   7.3669434e+01
   1.3453740e+06   7.9162598e+01
   1.3454080e+06   7.4279785e+01
   1.4628790e+06   7.9528809e+01
   1.4629830e+06   7.2448730e+01
   1.4631170e+06   7.5866699e+01
   1.4631920e+06   7.3608398e+01
   1.4632130e+06   7.6354980e+01
   1.4632510e+06   7.9162598e+01
   1.4633740e+06   7.6904297e+01
   1.4635070e+06   7.5622559e+01
   1.5565120e+06   8.0078125e+01
   1.5704470e+06   7.4462891e+01
   1.5704900e+06   7.3364258e+01
   1.5705130e+06   7.2265625e+01
   1.5705570e+06   7.5195313e+01
   1.5707070e+06   7.5866699e+01
   1.6418450e+06   7.2692871e+01
   1.6748130e+06   7.7026367e+01
   1.6885960e+06   7.2692871e+01
   1.7628860e+06   7.2998047e+01
   1.7638400e+06   7.2998047e+01
   2.0066620e+06   8.1604004e+01
   2.1689180e+06   8.9721680e+01
   2.2415370e+06   7.3669434e+01
   2.3600810e+06   8.5693359e+01
   2.4940800e+06   7.4829102e+01
   2.5318180e+06   7.7087402e+01
   2.6352750e+06   8.9416504e+01
   2.7228890e+06   9.6069336e+01
   2.8355960e+06   7.4951172e+01
   3.0033590e+06   7.4157715e+01
   3.0045610e+06   7.8247070e+01
   3.1198650e+06   7.6477051e+01
   3.1216230e+06   7.2570801e+01
   3.1827630e+06   7.5195313e+01
   3.3050840e+06   8.0200195e+01
   3.4697080e+06   8.1054688e+01
   3.4702450e+06   7.8674316e+01
   3.5440750e+06   7.8674316e+01
   3.5640950e+06   7.2753906e+01
   3.6246590e+06   7.2570801e+01
   3.7199410e+06   7.2509766e+01
   3.7200330e+06   7.8125000e+01
   3.8387760e+06   7.2937012e+01
   3.8950850e+06   7.4218750e+01
   3.9886990e+06   7.2448730e+01
   4.0490370e+06   8.2397461e+01
   4.1478070e+06   7.4340820e+01
   4.1482990e+06   7.2753906e+01
   4.3065700e+06   7.4584961e+01
   4.3567160e+06   7.4340820e+01
   4.4339720e+06   7.4707031e+01
   4.4358180e+06   7.5683594e+01
   4.4434760e+06   7.3974609e+01
   4.4689780e+06   7.4584961e+01
   4.5689360e+06   7.3730469e+01
   4.5710750e+06   7.4279785e+01
   4.6181660e+06   7.2998047e+01
   4.8148900e+06   7.6538086e+01
   4.8645630e+06   7.2387695e+01
   4.9251960e+06   7.5439453e+01
   4.9298320e+06   7.7819824e+01
   4.9298820e+06   8.0505371e+01
   4.9299190e+06   7.2814941e+01
   4.9299740e+06   7.3120117e+01
   4.9300190e+06   1.0314941e+02
   4.9301000e+06   7.3425293e+01
   4.9301130e+06   7.9101563e+01
   4.9301400e+06   8.2824707e+01
   4.9312820e+06   7.2692871e+01
   5.0050460e+06   8.1176758e+01
   5.0432580e+06   7.4218750e+01
   5.0433410e+06   7.2448730e+01
   5.0436550e+06   7.2631836e+01
   5.0438230e+06   7.2631836e+01
   5.0671480e+06   7.5927734e+01
   5.0671810e+06   9.8022461e+01
   5.0673090e+06   9.8754883e+01
   5.0673370e+06   7.5134277e+01
   5.0674240e+06   7.6110840e+01
   5.0674540e+06   7.4157715e+01
   5.0678200e+06   7.3730469e+01
   5.0805610e+06   7.3364258e+01
   5.0950700e+06   8.0017090e+01
   5.1347860e+06   7.6293945e+01
   5.1513790e+06   1.1328125e+02
   5.1515200e+06   7.2204590e+01
   5.1515710e+06   7.6782227e+01
   5.1517990e+06   9.2407227e+01
   5.1748450e+06   8.3984375e+01
   5.1748810e+06   7.7636719e+01
   5.1749150e+06   7.7270508e+01
   5.1753380e+06   7.3974609e+01
   5.1865910e+06   7.7087402e+01
   5.2130740e+06   7.2814941e+01
   5.2134360e+06   7.9589844e+01
   5.2266260e+06   8.1420898e+01
   5.2267380e+06   8.1054688e+01
   5.2267630e+06   8.0322266e+01
   5.2268310e+06   7.7941895e+01
   5.2268550e+06   7.2937012e+01
   5.2269080e+06   7.9345703e+01
   5.2270090e+06   8.2824707e+01
   5.2392940e+06   7.5866699e+01
   5.2394390e+06   7.2753906e+01
   5.2396320e+06   8.8378906e+01
   5.2398250e+06   7.8369141e+01
   5.2399640e+06   8.0261230e+01
   5.2572430e+06   8.7158203e+01
   5.2573060e+06   7.4890137e+01
   5.2574220e+06   8.2519531e+01
   5.2576290e+06   7.4035645e+01
   5.2577190e+06   7.3303223e+01
   5.2577580e+06   7.7758789e+01
   5.2703770e+06   7.5317383e+01
   5.2705610e+06   9.3994141e+01
   5.2706050e+06   8.2702637e+01
   5.2707070e+06   7.8002930e+01
   5.2707390e+06   8.3312988e+01
   5.2709310e+06   7.4218750e+01
   5.2867850e+06   7.9895020e+01
   5.2870100e+06   7.2631836e+01
   5.2871910e+06   8.4777832e+01
   5.2873900e+06   8.0871582e+01
   5.3016780e+06   8.8439941e+01
   5.3016960e+06   7.6599121e+01
   5.3017220e+06   9.3872070e+01
   5.3017460e+06   7.7209473e+01
   5.3017940e+06   8.0871582e+01
   5.3018350e+06   8.9050293e+01
   5.3020080e+06   7.6354980e+01
   5.3174520e+06   7.3181152e+01
   5.3176380e+06   7.4035645e+01
   5.3318930e+06   7.2998047e+01
   5.3320810e+06   7.7209473e+01
   5.3451590e+06   8.0383301e+01
   5.3576830e+06   7.4096680e+01
   5.3577480e+06   8.1970215e+01
   5.3577970e+06   7.2509766e+01
   5.3578530e+06   8.3923340e+01
   5.3579050e+06   8.2092285e+01
   5.3710400e+06   7.4890137e+01
   5.3713510e+06   7.3547363e+01
   5.3714000e+06   7.7331543e+01
   5.3714520e+06   8.5327148e+01
   5.3715720e+06   8.1298828e+01
   5.3715940e+06   7.5622559e+01
   5.3716470e+06   9.7229004e+01
   5.3875640e+06   7.4401855e+01
   5.3876950e+06   8.7219238e+01
   5.3878380e+06   7.2326660e+01
   5.4009320e+06   7.9772949e+01
   5.4152840e+06   7.3486328e+01
   5.4153590e+06   8.0627441e+01
   5.4155100e+06   9.3322754e+01
   5.4155370e+06   7.8369141e+01
   5.4325430e+06   7.4157715e+01
   5.4773290e+06   8.3251953e+01
   5.4779280e+06   7.6721191e+01
   5.6675300e+06   7.4340820e+01
   5.6686280e+06   7.6599121e+01
   5.6687520e+06   7.6843262e+01
   5.7945690e+06   7.5866699e+01
   6.0611060e+06   8.4106445e+01
   6.0611320e+06   7.7514648e+01
   6.0614950e+06   7.7758789e+01
   6.0615100e+06   8.0505371e+01
   6.1219660e+06   7.2998047e+01
   6.1796740e+06   7.2875977e+01
   6.1798710e+06   7.3059082e+01
   6.1798820e+06   8.0444336e+01
   6.2649710e+06   7.3120117e+01
   6.2656430e+06   7.7514648e+01
   6.2672710e+06   7.2937012e+01
   6.4433160e+06   7.7453613e+01
   6.4439880e+06   9.0454102e+01
   6.6783130e+06   7.9101563e+01
   6.6783970e+06   7.3120117e+01
   6.6786180e+06   8.9294434e+01
   6.6786610e+06   8.1970215e+01
   6.6787040e+06   7.4890137e+01
   6.6788300e+06   7.2387695e+01
   6.6789600e+06   7.4340820e+01
   6.6790430e+06   7.8063965e+01
   6.7993650e+06   8.4228516e+01
   6.8002790e+06   8.3740234e+01
   6.8435890e+06   7.3425293e+01
   6.8618350e+06   7.3120117e+01
   6.8618910e+06   7.4707031e+01
   6.8620090e+06   7.8552246e+01
   6.8621400e+06   7.6232910e+01
   6.8623080e+06   7.4218750e+01
   6.8623650e+06   7.8491211e+01
   6.8982670e+06   7.6232910e+01
   6.9595340e+06   7.4157715e+01
   6.9599250e+06   9.0026855e+01
   6.9753270e+06   7.5500488e+01
   7.0142910e+06   7.9772949e+01
   7.0143110e+06   7.4096680e+01
   7.1229510e+06   7.7758789e+01
   7.1230440e+06   7.6782227e+01
   7.1231890e+06   7.6049805e+01
   7.1650500e+06   7.5561523e+01
   7.1651730e+06   7.6660156e+01
   7.1653060e+06   7.3181152e+01
   7.1655330e+06   7.3669434e+01
   7.1659290e+06   7.3974609e+01
   7.2114720e+06   8.1176758e+01
   7.2338560e+06   8.6608887e+01
   7.2339440e+06   7.8063965e+01
   7.2340830e+06   7.5378418e+01
   7.2674730e+06   8.3190918e+01
   7.2675310e+06   8.5754395e+01
   7.2675820e+06   7.5805664e+01
   7.2676670e+06   7.3913574e+01
   7.2677470e+06   7.4218750e+01
   7.2679750e+06   7.4523926e+01
   7.3586000e+06   7.5256348e+01
   7.3586950e+06   7.8308105e+01
   7.3587160e+06   7.3547363e+01
   7.3587520e+06   9.1064453e+01
   7.3590850e+06   7.6293945e+01
   7.3804260e+06   7.2448730e+01
   7.4140280e+06   7.5195313e+01
   7.4140860e+06   8.4533691e+01
   7.4142910e+06   7.7270508e+01
   7.4146690e+06   8.4655762e+01
   7.4367150e+06   7.3486328e+01
   7.4590500e+06   7.3242188e+01
   7.4591950e+06   7.3730469e+01
   7.4593010e+06   8.1848145e+01
   7.4593390e+06   7.2387695e+01
   7.4593600e+06   9.8937988e+01
   7.4594800e+06   7.3669434e+01
   7.4595700e+06   8.2031250e+01
   7.4866930e+06   8.3374023e+01
   7.4870990e+06   7.4279785e+01
   7.5067770e+06   8.2275391e+01
   7.5285360e+06   7.3425293e+01
   7.5287930e+06   8.3618164e+01
   7.5493580e+06   8.7646484e+01
   7.5496200e+06   9.3200684e+01
   7.5724070e+06   8.0810547e+01
   7.5724460e+06   7.5317383e+01
   7.5726730e+06   7.5744629e+01
   7.5727260e+06   7.4584961e+01
   7.5728950e+06   8.1359863e+01
   7.5730140e+06   7.6965332e+01
   7.5893050e+06   7.2937012e+01
   7.5896230e+06   8.0627441e+01
   7.6037270e+06   8.2641602e+01
   7.6037610e+06   7.9528809e+01
   7.6179540e+06   7.5744629e+01
   7.6180150e+06   8.2214355e+01
   7.6181490e+06   7.8796387e+01
   7.6183200e+06   7.5866699e+01
   7.6186830e+06   7.2204590e+01
   7.6369150e+06   7.4035645e+01
   7.6370740e+06   7.2631836e+01
   7.6371900e+06   8.8317871e+01
   7.6377200e+06   8.5266113e+01
   7.6503610e+06   7.5256348e+01
   7.6504270e+06   8.2153320e+01
   7.6758110e+06   7.2204590e+01
   7.6823750e+06   8.0993652e+01
   7.6825740e+06   7.8247070e+01
   7.6827130e+06   7.5195313e+01
   7.6827950e+06   8.6853027e+01
   7.7239010e+06   7.5805664e+01
   7.7241300e+06   7.3852539e+01
   7.7637710e+06   7.8369141e+01
   7.7642880e+06   8.0749512e+01
   7.7644560e+06   8.9477539e+01
   7.7875830e+06   7.5195313e+01
   7.7876760e+06   7.2753906e+01
   7.7877830e+06   8.6486816e+01
   7.7878690e+06   7.2753906e+01
   7.7879150e+06   1.0778809e+02
   7.7881420e+06   7.8857422e+01
   7.7883730e+06   7.7148438e+01
   7.9926040e+06   7.4645996e+01
   7.9927680e+06   7.5744629e+01
   7.9929000e+06   7.9467773e+01
   7.9931110e+06   8.2275391e+01
   7.9931320e+06   8.1604004e+01
   8.1509930e+06   7.5012207e+01
   8.1510380e+06   8.4899902e+01
   8.1510870e+06   9.1735840e+01
   8.1511260e+06   8.1542969e+01
   8.1512810e+06   7.5927734e+01
   8.1670840e+06   7.4218750e+01
   8.2571840e+06   7.2204590e+01
   8.2572810e+06   7.6354980e+01
   8.2573220e+06   7.4768066e+01
   8.2573780e+06   8.1054688e+01
   8.2574130e+06   7.3852539e+01
   8.2574420e+06   7.8796387e+01
   8.2576150e+06   8.4777832e+01
   8.2577630e+06   8.0810547e+01
   8.2578770e+06   8.0322266e+01
   8.3631560e+06   9.4787598e+01
   8.3632860e+06   8.1481934e+01
   8.3633550e+06   8.0017090e+01
   8.3634240e+06   9.0148926e+01
   8.3634980e+06   8.5754395e+01
   8.4320580e+06   7.3974609e+01
   8.4321260e+06   7.6110840e+01
   8.4322530e+06   7.7392578e+01
   8.4323780e+06   7.7331543e+01
   8.5182620e+06   7.3242188e+01
   8.5183160e+06   7.8613281e+01
   8.5184220e+06   8.0749512e+01
   8.5184910e+06   7.5622559e+01
   8.5185230e+06   7.9162598e+01
   8.5185620e+06   7.6721191e+01
   8.5186620e+06   9.4482422e+01
   8.6616790e+06   7.8063965e+01
   8.7101760e+06   8.2763672e+01
   8.7102060e+06   7.3486328e+01
   8.7102470e+06   8.2580566e+01
   8.7102710e+06   7.9101563e+01
   8.7104630e+06   8.1665039e+01
   8.7799680e+06   7.3913574e+01
   8.7803220e+06   7.6416016e+01
   8.7809100e+06   7.2570801e+01
   8.8022760e+06   7.5561523e+01
   8.8643010e+06   7.7087402e+01
   8.8650150e+06   7.8063965e+01
   8.9738340e+06   8.0749512e+01
   8.9739150e+06   7.8613281e+01
   8.9739860e+06   7.7880859e+01
   8.9740250e+06   8.5083008e+01
   8.9741880e+06   9.0087891e+01
   9.0345010e+06   7.5134277e+01
   9.0345540e+06   8.8989258e+01
   9.0345780e+06   7.4035645e+01
   9.0346170e+06   7.5012207e+01
   9.0348680e+06   7.5134277e+01
   9.0349420e+06   9.4665527e+01
   9.0875970e+06   7.4218750e+01
   9.0884790e+06   7.2265625e+01
   9.1310690e+06   8.4228516e+01
   9.1311240e+06   7.5012207e+01
   9.1311410e+06   7.6232910e+01
   9.1313340e+06   8.5754395e+01
   9.1314230e+06   8.0444336e+01
   9.1314750e+06   9.2956543e+01
   9.1315680e+06   7.5561523e+01
   9.1316360e+06   8.2580566e+01
   9.1318990e+06   7.2326660e+01
   9.2095960e+06   7.7270508e+01
   9.3064010e+06   7.2448730e+01
   9.3064950e+06   8.2397461e+01
   9.3066380e+06   7.2265625e+01
   9.3070090e+06   8.2519531e+01
   9.4219510e+06   7.9467773e+01
   9.5223960e+06   7.8247070e+01
   9.6998430e+06   7.3059082e+01
   9.7001260e+06   7.2692871e+01
   9.9422910e+06   7.4584961e+01
   9.9423630e+06   7.3059082e+01
   1.0007631e+07   7.2509766e+01
   1.0007724e+07   8.0566406e+01
   1.0246805e+07   8.2153320e+01
   1.0430124e+07   7.2998047e+01
   1.0430207e+07   8.2214355e+01
   1.0508305e+07   7.3303223e+01
   1.0508968e+07   7.7758789e+01
   1.0610388e+07   8.7097168e+01
   1.0610551e+07   7.8979492e+01
   1.0709849e+07   8.3312988e+01
   1.0709880e+07   1.0430908e+02
   1.0710173e+07   7.6416016e+01
   1.0710356e+07   7.7087402e+01
   1.0734435e+07   8.5754395e+01
   1.0734554e+07   9.0698242e+01
   1.0734773e+07   7.2448730e+01
   1.0772338e+07   9.1491699e+01
   1.0772458e+07   7.5561523e+01
   1.0772483e+07   8.0383301e+01
   1.0790348e+07   7.9772949e+01
   1.0821521e+07   7.5561523e+01
   1.0821598e+07   8.3007813e+01
   1.0821740e+07   8.4411621e+01
   1.0821847e+07   7.6538086e+01
   1.0821994e+07   8.0566406e+01
   1.0822032e+07   7.3608398e+01
   1.0878250e+07   7.7331543e+01
   1.0890453e+07   7.3547363e+01
   1.0890755e+07   8.3679199e+01
   1.0890785e+07   7.3425293e+01
   1.0890893e+07   7.3791504e+01
   1.0923948e+07   8.6730957e+01
   1.0924042e+07   7.2692871e+01
   1.0942898e+07   7.2204590e+01
   1.0943126e+07   7.2631836e+01
   1.0943358e+07   8.0261230e+01
   1.0943409e+07   8.5876465e+01
   1.0943658e+07   7.4584961e+01
   1.0958921e+07   8.0322266e+01
   1.0958989e+07   7.3425293e+01
   1.0959037e+07   8.7463379e+01
   1.0959190e+07   7.7941895e+01
   1.0959213e+07   8.8500977e+01
   1.0959284e+07   7.2570801e+01
   1.0959295e+07   7.5378418e+01
   1.0977978e+07   7.2814941e+01
   1.0978312e+07   7.2692871e+01
   1.1004760e+07   8.0017090e+01
   1.1012079e+07   7.3791504e+01
   1.1013418e+07   7.2753906e+01
   1.1020596e+07   7.4584961e+01
   1.1033254e+07   7.5256348e+01
   1.1033318e+07   7.3852539e+01
   1.1033495e+07   7.6782227e+01
   1.1033553e+07   8.9050293e+01
   1.1033633e+07   8.0261230e+01
   1.1033663e+07   7.5622559e+01
   1.1060096e+07   7.2814941e+01
   1.1072010e+07   8.0932617e+01
   1.1072737e+07   8.0871582e+01
   1.1072923e+07   7.8674316e+01
   1.1086547e+07   7.4218750e+01
   1.1102508e+07   7.5317383e+01
   1.1119161e+07   7.2753906e+01
   1.1119429e+07   7.3364258e+01
   1.1137180e+07   7.5744629e+01
   1.1137317e+07   7.8186035e+01
   1.1137448e+07   8.3068848e+01
   1.1159243e+07   8.3435059e+01
   1.1159269e+07   7.3730469e+01
   1.1159322e+07   7.2631836e+01
   1.1159508e+07   7.6965332e+01
   1.1159756e+07   7.2326660e+01
   1.1160298e+07   7.4890137e+01
   1.1190576e+07   7.3303223e+01
   1.1212179e+07   7.4951172e+01
   1.1222517e+07   8.5815430e+01
   1.1235226e+07   8.1726074e+01
   1.1248492e+07   8.1848145e+01
   1.1263910e+07   8.5449219e+01
   1.1263977e+07   7.3303223e+01
   1.1264144e+07   7.5561523e+01
   1.1283561e+07   8.4289551e+01
   1.1283834e+07   7.2631836e+01
   1.1283912e+07   7.2326660e+01
   1.1303811e+07   8.0139160e+01
   1.1303973e+07   7.7575684e+01
   1.1304336e+07   7.2631836e+01
   1.1323324e+07   8.1298828e+01
   1.1323697e+07   7.3913574e+01
   1.1323894e+07   1.0717773e+02
   1.1323973e+07   8.8500977e+01
   1.1324085e+07   8.6059570e+01
   1.1324313e+07   7.3486328e+01
   1.1354078e+07   8.6425781e+01
   1.1354209e+07   7.3608398e+01
   1.1354483e+07   8.1970215e+01
   1.1424902e+07   8.5998535e+01
   1.1487811e+07   7.5866699e+01
   1.1487848e+07   8.7280273e+01
   1.1578471e+07   7.9589844e+01
   1.1883170e+07   8.2214355e+01
