   1.1996000e+07   0.0000000e+00
   1.4590000e+03   3.8757324e+01
   1.5070000e+03   5.1330566e+01
   1.5370000e+03   5.0476074e+01
   1.5500000e+03   4.2053223e+01
   1.5680000e+03   5.5847168e+01
   1.5780000e+03   4.5837402e+01
   1.6050000e+03   4.5288086e+01
   1.6180000e+03   4.1625977e+01
   1.6310000e+03   6.3232422e+01
   1.6590000e+03   4.5654297e+01
   1.6860000e+03   4.1381836e+01
   1.7120000e+03   4.1625977e+01
   1.7250000e+03   3.8696289e+01
   1.7390000e+03   3.9062500e+01
   1.7700000e+03   4.0344238e+01
   1.7890000e+03   5.6091309e+01
   1.8150000e+03   4.6569824e+01
   1.8340000e+03   4.0283203e+01
   1.8630000e+03   6.0180664e+01
   1.8890000e+03   4.9987793e+01
   1.9070000e+03   4.2358398e+01
   1.9270000e+03   4.3457031e+01
   1.9630000e+03   5.8471680e+01
   2.0170000e+03   4.4006348e+01
   2.0420000e+03   5.2795410e+01
   2.1010000e+03   3.9611816e+01
   2.1260000e+03   3.7780762e+01
   2.1750000e+03   3.7475586e+01
   2.2400000e+03   4.3029785e+01
   2.3430000e+03   3.7597656e+01
   2.3860000e+03   3.7536621e+01
   2.4700000e+03   4.4067383e+01
   1.5240000e+04   3.8574219e+01
   9.3578000e+04   4.1381836e+01
   9.3606000e+04   5.3283691e+01
   9.3628000e+04   5.5297852e+01
   9.3638000e+04   5.1879883e+01
   9.3670000e+04   4.4189453e+01
   9.3681000e+04   4.0405273e+01
   9.3707000e+04   7.8430176e+01
   9.3724000e+04   3.8757324e+01
   9.3756000e+04   4.2480469e+01
   9.3780000e+04   5.0048828e+01
   9.3797000e+04   5.8410645e+01
   9.3822000e+04   5.8837891e+01
   9.3836000e+04   4.4189453e+01
   9.3873000e+04   4.7790527e+01
   9.3917000e+04   3.8146973e+01
   9.3948000e+04   4.6630859e+01
   9.3989000e+04   3.7475586e+01
   9.4016000e+04   4.8583984e+01
   9.4046000e+04   4.0832520e+01
   9.4068000e+04   4.3090820e+01
   9.4108000e+04   4.6630859e+01
   9.4131000e+04   4.1809082e+01
   9.4286000e+04   5.1330566e+01
   9.4720000e+04   3.9367676e+01
   1.1035700e+05   3.7292480e+01
   2.1809500e+05   4.2785645e+01
   2.1813200e+05   4.1564941e+01
   2.1814800e+05   6.1889648e+01
   2.1817400e+05   5.1269531e+01
   2.1823100e+05   3.9672852e+01
   2.1825200e+05   4.5471191e+01
   2.1827400e+05   5.4931641e+01
   2.1829100e+05   4.3151855e+01
   2.1830700e+05   4.5471191e+01
   2.1833800e+05   4.4799805e+01
   2.1840300e+05   3.9672852e+01
   2.1843600e+05   4.0466309e+01
   2.1844700e+05   4.4677734e+01
   2.1847300e+05   5.1025391e+01
   2.1854400e+05   4.1320801e+01
   2.1858300e+05   3.8635254e+01
   2.1861800e+05   4.1870117e+01
   2.1863600e+05   4.6508789e+01
   2.1867100e+05   3.9123535e+01
   2.1870300e+05   4.0588379e+01
   2.1877200e+05   3.7292480e+01
   2.1894700e+05   3.8330078e+01
   2.3207100e+05   3.9489746e+01
   4.4556000e+05   3.8330078e+01
   4.9662000e+05   3.7902832e+01
   5.9360000e+05   3.8269043e+01
   6.0794300e+05   3.9855957e+01
   7.1883400e+05   3.9855957e+01
   7.1935200e+05   4.2846680e+01
   7.1959100e+05   4.2053223e+01
   7.2001400e+05   4.5959473e+01
   7.2011200e+05   3.9367676e+01
   7.2019200e+05   5.0659180e+01
   7.5518700e+05   3.7231445e+01
   8.6000100e+05   4.2907715e+01
   8.6002900e+05   4.6386719e+01
   8.6005600e+05   4.9438477e+01
   8.6007900e+05   7.1777344e+01
   8.6009600e+05   6.5490723e+01
   8.6012400e+05   3.7414551e+01
   8.6014800e+05   4.6813965e+01
   8.6015900e+05   5.3222656e+01
   8.6017600e+05   5.3222656e+01
   8.6021900e+05   5.2429199e+01
   8.6025800e+05   4.0283203e+01
   8.6027000e+05   5.3222656e+01
   8.6029700e+05   4.1931152e+01
   8.6031900e+05   4.8828125e+01
   8.6034400e+05   3.7963867e+01
   8.6037300e+05   3.9978027e+01
   8.6043700e+05   4.8095703e+01
   8.6045400e+05   4.2785645e+01
   8.6052200e+05   4.4311523e+01
   8.6054100e+05   4.5593262e+01
   8.6061100e+05   3.8391113e+01
   8.6062700e+05   5.7739258e+01
   8.6079800e+05   3.8085938e+01
   8.6088000e+05   4.2175293e+01
   8.6094000e+05   3.9428711e+01
   8.6101100e+05   4.4494629e+01
   8.6142400e+05   4.5043945e+01
   8.8757500e+05   3.9306641e+01
   9.4481700e+05   4.0527344e+01
   9.4485200e+05   4.1015625e+01
   9.4488200e+05   4.5471191e+01
   9.4490600e+05   3.8146973e+01
   9.4491900e+05   8.1176758e+01
   9.4494500e+05   4.3395996e+01
   9.4496200e+05   4.8950195e+01
   9.4498900e+05   5.8349609e+01
   9.4502000e+05   4.4006348e+01
   9.4504100e+05   4.8278809e+01
   9.4507400e+05   3.9123535e+01
   9.4510300e+05   5.7861328e+01
   9.4512400e+05   3.8940430e+01
   9.4516400e+05   3.8391113e+01
   9.4518500e+05   4.5654297e+01
   9.4523100e+05   4.0283203e+01
   9.4525700e+05   4.8156738e+01
   9.4527400e+05   5.5847168e+01
   9.4534900e+05   4.1381836e+01
   9.4540000e+05   5.2551270e+01
   9.4545400e+05   4.3212891e+01
   9.4547600e+05   3.8085938e+01
   9.4550500e+05   3.9550781e+01
   9.4553200e+05   3.8574219e+01
   9.4566400e+05   3.7780762e+01
   9.4574800e+05   4.2724609e+01
   9.4621100e+05   4.0039063e+01
   9.4631400e+05   4.0893555e+01
   9.6543700e+05   4.4189453e+01
   1.0222900e+06   3.7658691e+01
   1.0223220e+06   3.8330078e+01
   1.0223440e+06   3.9184570e+01
   1.0223820e+06   5.1391602e+01
   1.0223940e+06   3.8391113e+01
   1.0224280e+06   3.9428711e+01
   1.0224460e+06   5.4931641e+01
   1.0224650e+06   4.9011230e+01
   1.0224850e+06   5.6640625e+01
   1.0225100e+06   3.7963867e+01
   1.0225230e+06   4.1442871e+01
   1.0225650e+06   3.8940430e+01
   1.0225890e+06   3.8330078e+01
   1.0226110e+06   6.0302734e+01
   1.0226280e+06   5.4443359e+01
   1.0226440e+06   3.9184570e+01
   1.0226660e+06   3.8024902e+01
   1.0227000e+06   3.9184570e+01
   1.0227240e+06   4.0344238e+01
   1.0227350e+06   4.1687012e+01
   1.0227660e+06   4.6875000e+01
   1.0227820e+06   4.7485352e+01
   1.0227960e+06   4.4677734e+01
   1.0228130e+06   3.9916992e+01
   1.0228540e+06   4.6386719e+01
   1.0228830e+06   4.0588379e+01
   1.0229580e+06   4.1870117e+01
   1.0230150e+06   3.9855957e+01
   1.0230910e+06   4.0405273e+01
   1.0231120e+06   4.0954590e+01
   1.0231850e+06   4.7912598e+01
   1.0233500e+06   3.9794922e+01
   1.0238730e+06   3.8208008e+01
   1.1081860e+06   4.3518066e+01
   1.1082460e+06   3.9306641e+01
   1.1082680e+06   4.4372559e+01
   1.1082940e+06   5.5603027e+01
   1.1083160e+06   5.3771973e+01
   1.1083490e+06   4.9194336e+01
   1.1083720e+06   4.6997070e+01
   1.1083900e+06   6.1401367e+01
   1.1084040e+06   5.0720215e+01
   1.1084160e+06   4.7241211e+01
   1.1084420e+06   5.5480957e+01
   1.1084540e+06   5.1940918e+01
   1.1084640e+06   4.6020508e+01
   1.1084750e+06   3.9123535e+01
   1.1085270e+06   5.3894043e+01
   1.1085390e+06   3.8818359e+01
   1.1085510e+06   5.4565430e+01
   1.1085940e+06   4.0283203e+01
   1.1086260e+06   4.0344238e+01
   1.1086520e+06   4.3579102e+01
   1.1087050e+06   3.9855957e+01
   1.1087680e+06   4.0954590e+01
   1.1088090e+06   4.1320801e+01
   1.1088420e+06   4.8034668e+01
   1.1088680e+06   4.2724609e+01
   1.1251600e+06   4.0222168e+01
   1.1538610e+06   4.0222168e+01
   1.1859630e+06   5.1757813e+01
   1.1860350e+06   3.7902832e+01
   1.1860650e+06   3.8574219e+01
   1.1861550e+06   4.7302246e+01
   1.1861800e+06   3.7414551e+01
   1.1861960e+06   4.8645020e+01
   1.1862110e+06   5.6030273e+01
   1.1862420e+06   4.3701172e+01
   1.1862620e+06   4.3884277e+01
   1.1862750e+06   3.8635254e+01
   1.1863260e+06   4.9438477e+01
   1.1863460e+06   4.0344238e+01
   1.1863750e+06   5.0292969e+01
   1.1864030e+06   5.3344727e+01
   1.1864140e+06   4.0954590e+01
   1.1864380e+06   3.8696289e+01
   1.1864810e+06   4.7180176e+01
   1.1865100e+06   4.5776367e+01
   1.1865310e+06   4.0039063e+01
   1.1865530e+06   4.5471191e+01
   1.1865760e+06   4.4372559e+01
   1.1866130e+06   5.2185059e+01
   1.1867340e+06   3.9794922e+01
   1.1867460e+06   5.2307129e+01
   1.1869210e+06   6.3354492e+01
   1.1869610e+06   3.9916992e+01
   1.1869810e+06   4.1320801e+01
   1.1871760e+06   3.7353516e+01
   1.2634350e+06   3.8391113e+01
   1.2634620e+06   4.3029785e+01
   1.2635020e+06   4.5227051e+01
   1.2635170e+06   4.9560547e+01
   1.2635480e+06   5.1574707e+01
   1.2635650e+06   4.9377441e+01
   1.2636080e+06   4.5104980e+01
   1.2636290e+06   4.1687012e+01
   1.2636620e+06   4.6325684e+01
   1.2636940e+06   4.3334961e+01
   1.2637210e+06   4.9194336e+01
   1.2637340e+06   4.6264648e+01
   1.2637570e+06   4.7546387e+01
   1.2637940e+06   4.0161133e+01
   1.2638130e+06   3.9855957e+01
   1.2638390e+06   4.2846680e+01
   1.2638670e+06   5.0476074e+01
   1.2639130e+06   4.1076660e+01
   1.2639290e+06   3.7292480e+01
   1.2640010e+06   3.8940430e+01
   1.2640350e+06   4.1809082e+01
   1.2640550e+06   4.0832520e+01
   1.2641250e+06   3.9428711e+01
   1.2642140e+06   3.9245605e+01
   1.2642840e+06   4.0771484e+01
   1.2645890e+06   4.3334961e+01
   1.2981690e+06   3.7658691e+01
   1.4737920e+06   4.5776367e+01
   1.4738020e+06   3.7597656e+01
   1.4738530e+06   5.5664063e+01
   1.4738900e+06   6.2927246e+01
   1.4739340e+06   6.2988281e+01
   1.4739540e+06   4.4799805e+01
   1.4739830e+06   4.4189453e+01
   1.4740210e+06   3.8513184e+01
   1.4740580e+06   5.7189941e+01
   1.4740770e+06   4.0527344e+01
   1.4740910e+06   4.2358398e+01
   1.4741140e+06   4.0893555e+01
   1.4741350e+06   4.3640137e+01
   1.4741650e+06   4.8339844e+01
   1.4741760e+06   4.2419434e+01
   1.4742120e+06   4.3090820e+01
   1.4742250e+06   4.8156738e+01
   1.4742510e+06   3.7902832e+01
   1.4742820e+06   5.3405762e+01
   1.4742990e+06   4.5043945e+01
   1.4743290e+06   4.6569824e+01
   1.4743460e+06   3.9245605e+01
   1.4743720e+06   3.9916992e+01
   1.4743840e+06   4.5166016e+01
   1.4744240e+06   4.6142578e+01
   1.4744380e+06   3.7658691e+01
   1.4744570e+06   4.7485352e+01
   1.4745230e+06   4.3029785e+01
   1.4745620e+06   3.8879395e+01
   1.4914330e+06   3.8635254e+01
   1.5962710e+06   3.7902832e+01
   1.5963220e+06   4.6325684e+01
   1.5963580e+06   5.9326172e+01
   1.5963780e+06   3.9489746e+01
   1.5964050e+06   4.7851563e+01
   1.5964240e+06   4.2541504e+01
   1.5964410e+06   6.2683105e+01
   1.5964650e+06   4.5776367e+01
   1.5964890e+06   4.8156738e+01
   1.5965200e+06   7.0007324e+01
   1.5965420e+06   4.2358398e+01
   1.5965630e+06   4.2053223e+01
   1.5965780e+06   5.0903320e+01
   1.5966040e+06   5.2734375e+01
   1.5966320e+06   4.8400879e+01
   1.5966870e+06   4.2419434e+01
   1.5966970e+06   4.5898438e+01
   1.5967380e+06   4.4128418e+01
   1.5967830e+06   4.6875000e+01
   1.5968320e+06   3.8024902e+01
   1.5972530e+06   3.8635254e+01
   1.6084920e+06   3.7902832e+01
   1.7032240e+06   3.7780762e+01
   1.7074370e+06   3.8085938e+01
   1.7443680e+06   3.8513184e+01
   1.7443900e+06   4.9987793e+01
   1.7444400e+06   4.0405273e+01
   1.7444600e+06   7.1899414e+01
   1.7444790e+06   6.1401367e+01
   1.7444970e+06   4.1625977e+01
   1.7445070e+06   5.6945801e+01
   1.7445740e+06   5.3283691e+01
   1.7445880e+06   5.0842285e+01
   1.7446170e+06   4.5837402e+01
   1.7446450e+06   5.1696777e+01
   1.7446640e+06   3.7902832e+01
   1.7446820e+06   4.8950195e+01
   1.7447060e+06   4.1015625e+01
   1.7447190e+06   4.6203613e+01
   1.7447340e+06   4.4616699e+01
   1.7447780e+06   3.8574219e+01
   1.7448250e+06   4.6142578e+01
   1.7448680e+06   3.9978027e+01
   1.7449090e+06   4.0588379e+01
   1.7449480e+06   4.1198730e+01
   1.7449640e+06   4.3579102e+01
   1.7450390e+06   3.7414551e+01
   1.7451650e+06   3.7536621e+01
   1.7452430e+06   3.9855957e+01
   1.7453170e+06   4.6630859e+01
   1.7453340e+06   4.4860840e+01
   1.7581300e+06   3.8696289e+01
   1.7683390e+06   4.0039063e+01
   1.8259090e+06   4.6447754e+01
   1.8259520e+06   5.1269531e+01
   1.8259690e+06   3.9978027e+01
   1.8259970e+06   4.5715332e+01
   1.8260080e+06   4.8828125e+01
   1.8260390e+06   3.9672852e+01
   1.8260610e+06   6.4575195e+01
   1.8261080e+06   3.9733887e+01
   1.8261390e+06   4.1687012e+01
   1.8261560e+06   5.8593750e+01
   1.8261840e+06   5.2185059e+01
   1.8261990e+06   4.0832520e+01
   1.8262190e+06   4.3701172e+01
   1.8262300e+06   3.9001465e+01
   1.8262510e+06   5.1635742e+01
   1.8262830e+06   4.3212891e+01
   1.8263170e+06   3.7231445e+01
   1.8264350e+06   4.0771484e+01
   1.8264790e+06   3.7414551e+01
   1.8265020e+06   3.9916992e+01
   1.8265410e+06   5.0903320e+01
   1.8265940e+06   3.7780762e+01
   1.8266280e+06   4.1564941e+01
   1.9132140e+06   4.3701172e+01
   1.9132560e+06   4.0832520e+01
   1.9132670e+06   4.1076660e+01
   1.9133040e+06   3.9428711e+01
   1.9133190e+06   3.8391113e+01
   1.9133340e+06   4.1992188e+01
   1.9133480e+06   4.4616699e+01
   1.9133670e+06   5.6762695e+01
   1.9133830e+06   6.8542480e+01
   1.9133970e+06   5.5725098e+01
   1.9134230e+06   5.2673340e+01
   1.9134530e+06   4.8217773e+01
   1.9134770e+06   5.4992676e+01
   1.9134910e+06   4.2846680e+01
   1.9135010e+06   4.5166016e+01
   1.9135320e+06   4.1320801e+01
   1.9135520e+06   3.9001465e+01
   1.9135760e+06   6.0485840e+01
   1.9136130e+06   4.2358398e+01
   1.9136320e+06   3.7780762e+01
   1.9136710e+06   4.1198730e+01
   1.9137010e+06   4.0832520e+01
   1.9137720e+06   3.7658691e+01
   1.9138510e+06   3.8757324e+01
   1.9138790e+06   4.3457031e+01
   1.9139490e+06   3.8391113e+01
   1.9141100e+06   4.7119141e+01
   1.9141370e+06   3.8696289e+01
   1.9356280e+06   3.8452148e+01
   1.9391990e+06   3.8513184e+01
   1.9539120e+06   5.3833008e+01
   1.9879660e+06   4.6203613e+01
   2.0118330e+06   5.2856445e+01
   2.0118980e+06   4.9804688e+01
   2.0119120e+06   4.3395996e+01
   2.0119290e+06   3.9428711e+01
   2.0119560e+06   6.3781738e+01
   2.0120310e+06   6.3842773e+01
   2.0120490e+06   6.7382813e+01
   2.0120910e+06   4.1137695e+01
   2.0121030e+06   3.9306641e+01
   2.0121330e+06   5.7434082e+01
   2.0121440e+06   4.8645020e+01
   2.0121700e+06   4.4677734e+01
   2.0121850e+06   4.0588379e+01
   2.0122420e+06   4.5898438e+01
   2.0122800e+06   4.5837402e+01
   2.0122970e+06   3.9184570e+01
   2.0123330e+06   5.5969238e+01
   2.0123580e+06   5.0231934e+01
   2.0123820e+06   3.7353516e+01
   2.0123990e+06   4.2358398e+01
   2.0124200e+06   4.1381836e+01
   2.0124820e+06   3.8574219e+01
   2.0125060e+06   4.2419434e+01
   2.0125440e+06   3.9001465e+01
   2.0126640e+06   4.1564941e+01
   2.0128250e+06   3.8024902e+01
   2.0129120e+06   4.3212891e+01
   2.0283730e+06   3.8085938e+01
   2.0404400e+06   4.2907715e+01
   2.0791450e+06   4.1442871e+01
   2.1063620e+06   4.0466309e+01
   2.1063810e+06   5.4321289e+01
   2.1064070e+06   4.9621582e+01
   2.1064250e+06   4.0222168e+01
   2.1064450e+06   4.0588379e+01
   2.1064660e+06   7.5622559e+01
   2.1064870e+06   5.2062988e+01
   2.1065000e+06   4.4555664e+01
   2.1065280e+06   4.5959473e+01
   2.1065430e+06   4.7668457e+01
   2.1065650e+06   4.1503906e+01
   2.1065750e+06   4.3640137e+01
   2.1066310e+06   3.8452148e+01
   2.1066490e+06   6.4086914e+01
   2.1066670e+06   5.3222656e+01
   2.1066970e+06   3.9611816e+01
   2.1067250e+06   5.6213379e+01
   2.1067720e+06   4.0771484e+01
   2.1068190e+06   3.9245605e+01
   2.1068320e+06   4.0405273e+01
   2.1069040e+06   4.4189453e+01
   2.1069290e+06   4.4616699e+01
   2.1070500e+06   4.0893555e+01
   2.1075300e+06   3.8330078e+01
   2.1215740e+06   3.9550781e+01
   2.1237530e+06   3.7719727e+01
   2.1259800e+06   3.8452148e+01
   2.1264600e+06   3.9794922e+01
   2.1308940e+06   3.8513184e+01
   2.1574250e+06   4.6020508e+01
   2.2108880e+06   4.0222168e+01
   2.2338910e+06   3.7597656e+01
   2.2339070e+06   3.7353516e+01
   2.2339270e+06   3.7231445e+01
   2.2339620e+06   5.4687500e+01
   2.2339960e+06   4.1259766e+01
   2.2340350e+06   4.3090820e+01
   2.2340530e+06   5.2612305e+01
   2.2340870e+06   3.8696289e+01
   2.2341330e+06   4.2541504e+01
   2.2341480e+06   4.8461914e+01
   2.2341740e+06   4.7973633e+01
   2.2342390e+06   5.2368164e+01
   2.2342840e+06   5.0048828e+01
   2.2343080e+06   4.2297363e+01
   2.2343680e+06   4.0283203e+01
   2.2344020e+06   4.6936035e+01
   2.2344200e+06   4.9072266e+01
   2.2344310e+06   3.8330078e+01
   2.2344880e+06   3.9062500e+01
   2.2345730e+06   3.9978027e+01
   2.2346390e+06   4.0954590e+01
   2.2347000e+06   4.3762207e+01
   2.3133230e+06   4.2785645e+01
   2.3134880e+06   4.0588379e+01
   2.3135970e+06   3.7475586e+01
   2.3137160e+06   3.9062500e+01
   2.3138610e+06   4.4372559e+01
   2.3139020e+06   3.9184570e+01
   2.3141080e+06   4.8400879e+01
   2.4251980e+06   4.4372559e+01
   2.4252450e+06   3.9855957e+01
   2.4252680e+06   4.1809082e+01
   2.4252870e+06   3.8513184e+01
   2.4253200e+06   6.0180664e+01
   2.4253340e+06   5.5786133e+01
   2.4253800e+06   3.8085938e+01
   2.4253950e+06   4.0649414e+01
   2.4254090e+06   4.2846680e+01
   2.4254390e+06   4.6508789e+01
   2.4254620e+06   4.6203613e+01
   2.4254920e+06   3.8879395e+01
   2.4255130e+06   3.9428711e+01
   2.4255320e+06   3.8574219e+01
   2.4255460e+06   4.7302246e+01
   2.4255680e+06   5.0903320e+01
   2.4256050e+06   4.8156738e+01
   2.4256170e+06   4.3579102e+01
   2.4256630e+06   5.7495117e+01
   2.4256950e+06   4.1931152e+01
   2.4257380e+06   4.9133301e+01
   2.4257690e+06   4.9377441e+01
   2.4258660e+06   5.5175781e+01
   2.4258790e+06   4.7912598e+01
   2.4261780e+06   4.0039063e+01
   2.4261920e+06   4.3334961e+01
   2.4459630e+06   3.8940430e+01
   2.5656070e+06   4.2114258e+01
   2.5656750e+06   4.0100098e+01
   2.5656940e+06   4.1687012e+01
   2.5657080e+06   3.8696289e+01
   2.5657190e+06   3.8879395e+01
   2.5657390e+06   4.6325684e+01
   2.5657640e+06   5.4443359e+01
   2.5657900e+06   4.8889160e+01
   2.5658050e+06   6.0180664e+01
   2.5658160e+06   3.9001465e+01
   2.5658430e+06   4.0893555e+01
   2.5658570e+06   4.1748047e+01
   2.5658780e+06   3.8269043e+01
   2.5658960e+06   3.8940430e+01
   2.5659090e+06   4.5288086e+01
   2.5659730e+06   4.2236328e+01
   2.5660150e+06   3.8696289e+01
   2.5660710e+06   4.3701172e+01
   2.5660940e+06   4.2541504e+01
   2.5661420e+06   4.3945313e+01
   2.5661650e+06   3.9916992e+01
   2.5663800e+06   4.0954590e+01
   2.5664560e+06   3.9916992e+01
   2.5665280e+06   4.1870117e+01
   2.5665630e+06   3.9245605e+01
   2.5667590e+06   3.8269043e+01
   2.5814500e+06   4.8950195e+01
   2.6889810e+06   4.4311523e+01
   2.6890190e+06   3.9489746e+01
   2.6890370e+06   4.2419434e+01
   2.6890560e+06   4.6936035e+01
   2.6890830e+06   5.1086426e+01
   2.6890980e+06   7.5927734e+01
   2.6891210e+06   5.3710938e+01
   2.6891750e+06   5.3100586e+01
   2.6891980e+06   5.7373047e+01
   2.6892130e+06   4.8034668e+01
   2.6892290e+06   3.9794922e+01
   2.6892660e+06   4.0283203e+01
   2.6892930e+06   4.1320801e+01
   2.6893340e+06   3.8452148e+01
   2.6893700e+06   4.1625977e+01
   2.6893860e+06   5.2795410e+01
   2.6894370e+06   5.5908203e+01
   2.6895030e+06   3.8635254e+01
   2.6895140e+06   4.3579102e+01
   2.6895640e+06   3.7597656e+01
   2.6896260e+06   4.5227051e+01
   2.6896650e+06   4.2419434e+01
   2.6897110e+06   4.7058105e+01
   2.6898960e+06   4.2114258e+01
   2.6899540e+06   3.9916992e+01
   2.6899800e+06   3.9855957e+01
   2.6900450e+06   4.1442871e+01
   2.7727260e+06   5.4321289e+01
   2.7727630e+06   4.1809082e+01
   2.7727790e+06   3.7658691e+01
   2.7727940e+06   4.5715332e+01
   2.7728160e+06   3.8146973e+01
   2.7728380e+06   4.8828125e+01
   2.7728520e+06   4.4921875e+01
   2.7728730e+06   5.4260254e+01
   2.7728950e+06   7.0556641e+01
   2.7729360e+06   4.0466309e+01
   2.7729610e+06   3.9001465e+01
   2.7729810e+06   5.5297852e+01
   2.7729990e+06   4.5104980e+01
   2.7730290e+06   5.0415039e+01
   2.7730700e+06   4.7424316e+01
   2.7730940e+06   5.1818848e+01
   2.7731050e+06   4.5227051e+01
   2.7731420e+06   4.1809082e+01
   2.7731600e+06   3.8391113e+01
   2.7731800e+06   4.2480469e+01
   2.7732670e+06   4.4921875e+01
   2.7732950e+06   3.8696289e+01
   2.7733650e+06   3.7536621e+01
   2.7733970e+06   4.6386719e+01
   2.7734430e+06   4.0344238e+01
   2.7734960e+06   4.5166016e+01
   2.7736170e+06   4.0405273e+01
   2.7738810e+06   3.8085938e+01
   2.7927180e+06   3.8635254e+01
   2.9045270e+06   4.0832520e+01
   2.9413330e+06   3.7536621e+01
   2.9420840e+06   5.1940918e+01
   2.9420980e+06   4.9987793e+01
   2.9421450e+06   3.8330078e+01
   2.9421560e+06   3.9733887e+01
   2.9422020e+06   5.4382324e+01
   2.9422260e+06   4.6813965e+01
   2.9422400e+06   4.0466309e+01
   2.9422670e+06   4.4128418e+01
   2.9422840e+06   5.7006836e+01
   2.9423120e+06   3.7475586e+01
   2.9423430e+06   4.5227051e+01
   2.9423730e+06   5.4626465e+01
   2.9424150e+06   5.3894043e+01
   2.9424400e+06   5.0415039e+01
   2.9424810e+06   3.7902832e+01
   2.9425150e+06   3.8391113e+01
   2.9425340e+06   3.8757324e+01
   2.9425680e+06   4.7729492e+01
   2.9426180e+06   4.6997070e+01
   2.9427300e+06   3.8879395e+01
   2.9427920e+06   4.1076660e+01
   2.9428370e+06   4.4738770e+01
   2.9428670e+06   3.7597656e+01
   2.9429560e+06   3.7414551e+01
   2.9558440e+06   3.8452148e+01
   3.0345170e+06   4.3945313e+01
   3.0345430e+06   3.9550781e+01
   3.0345580e+06   4.1503906e+01
   3.0345850e+06   3.8513184e+01
   3.0346270e+06   3.8513184e+01
   3.0346530e+06   5.1330566e+01
   3.0346890e+06   4.5837402e+01
   3.0347060e+06   3.8391113e+01
   3.0347430e+06   3.9733887e+01
   3.0347670e+06   3.8635254e+01
   3.0347790e+06   4.2785645e+01
   3.0348120e+06   4.7851563e+01
   3.0348220e+06   4.8583984e+01
   3.0348700e+06   4.2968750e+01
   3.0348890e+06   3.8513184e+01
   3.0349490e+06   3.7414551e+01
   3.0349800e+06   4.1503906e+01
   3.0350800e+06   4.2785645e+01
   3.0351410e+06   3.9489746e+01
   3.0351630e+06   3.8574219e+01
   3.0352150e+06   4.2358398e+01
   3.0936760e+06   3.8757324e+01
   3.0937080e+06   4.2175293e+01
   3.0937590e+06   3.8208008e+01
   3.0937900e+06   3.7231445e+01
   3.0938130e+06   8.8317871e+01
   3.0938380e+06   5.0598145e+01
   3.0938590e+06   4.3029785e+01
   3.0938990e+06   4.4494629e+01
   3.0939270e+06   5.0354004e+01
   3.0939410e+06   5.7678223e+01
   3.0939670e+06   4.3579102e+01
   3.0939800e+06   4.2480469e+01
   3.0940250e+06   4.4433594e+01
   3.0940670e+06   5.2551270e+01
   3.0941060e+06   4.4250488e+01
   3.0941200e+06   3.7658691e+01
   3.0941440e+06   3.8696289e+01
   3.0941600e+06   4.3090820e+01
   3.0941900e+06   3.9001465e+01
   3.0942070e+06   3.9428711e+01
   3.0943010e+06   4.1503906e+01
   3.0943250e+06   3.9428711e+01
   3.0943750e+06   4.8278809e+01
   3.0944550e+06   4.2846680e+01
   3.0945200e+06   4.0222168e+01
   3.1079170e+06   3.9916992e+01
   3.1137880e+06   4.2053223e+01
   3.1152730e+06   3.8940430e+01
   3.1797110e+06   3.8330078e+01
   3.1797400e+06   5.0476074e+01
   3.1797680e+06   4.5288086e+01
   3.1797880e+06   4.8706055e+01
   3.1798000e+06   5.4504395e+01
   3.1798310e+06   4.2053223e+01
   3.1798610e+06   4.0527344e+01
   3.1798730e+06   5.3710938e+01
   3.1798960e+06   5.8349609e+01
   3.1799210e+06   7.7026367e+01
   3.1799490e+06   4.3212891e+01
   3.1799630e+06   4.6813965e+01
   3.1799960e+06   5.1513672e+01
   3.1800330e+06   4.1259766e+01
   3.1800520e+06   5.4138184e+01
   3.1800790e+06   3.8940430e+01
   3.1800980e+06   4.2175293e+01
   3.1801130e+06   4.6386719e+01
   3.1801620e+06   4.3151855e+01
   3.1801800e+06   4.2724609e+01
   3.1802040e+06   4.2663574e+01
   3.1803120e+06   3.7963867e+01
   3.1803320e+06   4.7302246e+01
   3.1803850e+06   4.9743652e+01
   3.1804080e+06   3.8024902e+01
   3.1804250e+06   4.2297363e+01
   3.1804680e+06   3.8757324e+01
   3.1805830e+06   3.8024902e+01
   3.1805970e+06   3.7658691e+01
   3.1948250e+06   4.2907715e+01
   3.2737840e+06   3.7719727e+01
   3.2738280e+06   4.7180176e+01
   3.2738440e+06   6.5002441e+01
   3.2738590e+06   6.0852051e+01
   3.2738990e+06   4.1259766e+01
   3.2739150e+06   4.7119141e+01
   3.2739400e+06   4.5166016e+01
   3.2739560e+06   4.3518066e+01
   3.2739710e+06   4.2846680e+01
   3.2739930e+06   4.3701172e+01
   3.2740290e+06   3.8574219e+01
   3.2740790e+06   4.0405273e+01
   3.2741280e+06   4.7241211e+01
   3.2741880e+06   4.3395996e+01
   3.2742000e+06   5.1025391e+01
   3.2742110e+06   4.8828125e+01
   3.2742780e+06   4.1564941e+01
   3.2743010e+06   3.7292480e+01
   3.2743130e+06   4.4738770e+01
   3.2743950e+06   3.7780762e+01
   3.2744060e+06   4.5837402e+01
   3.2745140e+06   5.0415039e+01
   3.2745810e+06   4.3395996e+01
   3.2747620e+06   4.6142578e+01
   3.2748750e+06   3.9306641e+01
   3.3052400e+06   3.7536621e+01
   3.3818760e+06   3.7780762e+01
   3.3819340e+06   4.3090820e+01
   3.3819450e+06   4.2724609e+01
   3.3819690e+06   3.9672852e+01
   3.3820720e+06   5.9448242e+01
   3.3821110e+06   4.0527344e+01
   3.3821260e+06   5.3405762e+01
   3.3821480e+06   4.4372559e+01
   3.3821830e+06   4.5715332e+01
   3.3822410e+06   4.2358398e+01
   3.3822810e+06   5.4504395e+01
   3.3822940e+06   3.8635254e+01
   3.3823440e+06   3.8452148e+01
   3.3824020e+06   3.8452148e+01
   3.3824170e+06   5.2429199e+01
   3.3824430e+06   4.1687012e+01
   3.3825390e+06   3.8330078e+01
   3.3825650e+06   4.0222168e+01
   3.3827220e+06   4.4250488e+01
   3.3827710e+06   4.3945313e+01
   3.3828360e+06   3.9489746e+01
   3.3945450e+06   3.9367676e+01
   3.4107900e+06   3.9062500e+01
   3.5323630e+06   3.7902832e+01
   3.5643680e+06   4.7485352e+01
   3.5645930e+06   4.1931152e+01
   3.5647210e+06   4.3212891e+01
   3.5649780e+06   4.5349121e+01
   3.5650020e+06   3.8574219e+01
   3.5653120e+06   3.8635254e+01
   3.5970410e+06   3.8940430e+01
   3.6107870e+06   3.9123535e+01
   3.6736300e+06   3.8513184e+01
   3.8224580e+06   4.3823242e+01
   3.8224970e+06   3.7292480e+01
   3.8226610e+06   3.7963867e+01
   3.8227820e+06   3.9672852e+01
   3.8228370e+06   3.8330078e+01
   3.8228820e+06   4.9499512e+01
   3.8230220e+06   4.2358398e+01
   3.9828990e+06   4.2846680e+01
   4.0856450e+06   3.8940430e+01
   4.0856580e+06   6.1523438e+01
   4.0856770e+06   5.7861328e+01
   4.0857000e+06   4.5043945e+01
   4.0857130e+06   4.7912598e+01
   4.0857400e+06   4.5227051e+01
   4.0857500e+06   3.9672852e+01
   4.0857700e+06   5.7556152e+01
   4.0857850e+06   4.4311523e+01
   4.0857990e+06   6.1157227e+01
   4.0858210e+06   6.0363770e+01
   4.0858390e+06   4.1442871e+01
   4.0858620e+06   3.8757324e+01
   4.0858940e+06   6.5246582e+01
   4.0859180e+06   3.9550781e+01
   4.0859380e+06   4.4006348e+01
   4.0859610e+06   7.0678711e+01
   4.0859870e+06   4.1625977e+01
   4.0860150e+06   5.1208496e+01
   4.0860570e+06   5.7739258e+01
   4.0860910e+06   4.1931152e+01
   4.0861300e+06   3.8879395e+01
   4.0861440e+06   3.9123535e+01
   4.0861650e+06   4.6264648e+01
   4.0861770e+06   3.9672852e+01
   4.0862310e+06   3.8879395e+01
   4.0862620e+06   4.0954590e+01
   4.0863550e+06   4.6020508e+01
   4.0863790e+06   4.0954590e+01
   4.1021150e+06   4.8339844e+01
   4.1034200e+06   5.1574707e+01
   4.1087720e+06   3.9306641e+01
   4.2068110e+06   4.1992188e+01
   4.2068460e+06   4.3334961e+01
   4.2068600e+06   5.7006836e+01
   4.2068900e+06   4.5288086e+01
   4.2069220e+06   4.2724609e+01
   4.2069560e+06   5.2429199e+01
   4.2069860e+06   4.5104980e+01
   4.2070120e+06   5.3039551e+01
   4.2070290e+06   6.2194824e+01
   4.2070780e+06   5.1269531e+01
   4.2071090e+06   5.3833008e+01
   4.2071420e+06   5.8288574e+01
   4.2071520e+06   3.7292480e+01
   4.2071720e+06   3.8757324e+01
   4.2072130e+06   4.2175293e+01
   4.2072310e+06   4.2114258e+01
   4.2072580e+06   4.3640137e+01
   4.2072790e+06   3.7841797e+01
   4.2073470e+06   3.9916992e+01
   4.2073840e+06   4.9377441e+01
   4.2074890e+06   3.7658691e+01
   4.2075290e+06   3.8391113e+01
   4.2075490e+06   3.9123535e+01
   4.2075660e+06   3.8024902e+01
   4.2075820e+06   4.1320801e+01
   4.2076160e+06   3.7719727e+01
   4.2076870e+06   3.7719727e+01
   4.2077370e+06   4.0039063e+01
   4.2082700e+06   3.8208008e+01
   4.2117680e+06   3.7414551e+01
   4.2225590e+06   4.1809082e+01
   4.2288830e+06   3.8635254e+01
   4.2326880e+06   4.0771484e+01
   4.2340680e+06   3.9916992e+01
   4.2347370e+06   3.8085938e+01
   4.2373580e+06   3.7414551e+01
   4.2386640e+06   4.0161133e+01
   4.2766730e+06   3.8330078e+01
   4.2776150e+06   4.2602539e+01
   4.2780590e+06   5.4138184e+01
   4.2784570e+06   3.9306641e+01
   4.2784700e+06   3.7780762e+01
   4.2785730e+06   4.1809082e+01
   4.2786520e+06   4.3395996e+01
   4.3136310e+06   3.9184570e+01
   4.3136500e+06   3.9611816e+01
   4.3136760e+06   5.8166504e+01
   4.3136920e+06   4.2907715e+01
   4.3137070e+06   5.3344727e+01
   4.3137250e+06   4.5593262e+01
   4.3137470e+06   4.1198730e+01
   4.3137630e+06   4.1870117e+01
   4.3137850e+06   4.4677734e+01
   4.3138230e+06   3.9123535e+01
   4.3138540e+06   5.7006836e+01
   4.3139080e+06   6.4880371e+01
   4.3139300e+06   4.8522949e+01
   4.3139580e+06   3.8269043e+01
   4.3139750e+06   4.8828125e+01
   4.3140100e+06   3.8574219e+01
   4.3140800e+06   4.3945312e+01
   4.3141120e+06   3.9428711e+01
   4.3141600e+06   5.5603027e+01
   4.3142050e+06   3.8269043e+01
   4.3142250e+06   4.2724609e+01
   4.3145650e+06   3.7231445e+01
   4.3304560e+06   4.4067383e+01
   4.3309110e+06   3.9672852e+01
   4.3405440e+06   4.1564941e+01
   4.3425830e+06   3.9184570e+01
   4.3464280e+06   5.2551270e+01
   4.3584150e+06   3.8940430e+01
   4.3795250e+06   4.2175293e+01
   4.4718300e+06   4.5471191e+01
   4.4718520e+06   3.7719727e+01
   4.4718780e+06   4.2785645e+01
   4.4718950e+06   4.4555664e+01
   4.4719330e+06   7.0251465e+01
   4.4719600e+06   5.5603027e+01
   4.4720080e+06   4.5471191e+01
   4.4720280e+06   5.9082031e+01
   4.4720400e+06   5.8166504e+01
   4.4720610e+06   6.3720703e+01
   4.4720740e+06   5.1574707e+01
   4.4721240e+06   3.8696289e+01
   4.4721550e+06   6.1096191e+01
   4.4721960e+06   4.1442871e+01
   4.4722320e+06   4.3579102e+01
   4.4722550e+06   4.7546387e+01
   4.4722770e+06   4.4555664e+01
   4.4723880e+06   4.8400879e+01
   4.4724160e+06   3.8757324e+01
   4.4724850e+06   5.0598145e+01
   4.4725760e+06   3.7658691e+01
   4.4726530e+06   4.0649414e+01
   4.4728210e+06   3.7353516e+01
   4.4729930e+06   3.8757324e+01
   4.4902090e+06   3.7658691e+01
   4.4907090e+06   4.6020508e+01
   4.4915550e+06   3.9550781e+01
   4.4934030e+06   3.9550781e+01
   4.5504180e+06   4.3395996e+01
   4.5504350e+06   4.1992188e+01
   4.5504780e+06   4.4006348e+01
   4.5505130e+06   3.7902832e+01
   4.5505670e+06   4.2175293e+01
   4.5505940e+06   4.1503906e+01
   4.5506070e+06   5.4321289e+01
   4.5506550e+06   3.7780762e+01
   4.5506820e+06   4.1381836e+01
   4.5507050e+06   3.8696289e+01
   4.5507220e+06   5.2001953e+01
   4.5507650e+06   4.9926758e+01
   4.5507980e+06   3.9306641e+01
   4.5508630e+06   4.6936035e+01
   4.5509910e+06   3.8146973e+01
   4.5510780e+06   4.3212891e+01
   4.6335710e+06   3.8940430e+01
   4.6514780e+06   4.2541504e+01
   4.6514960e+06   4.8461914e+01
   4.6515210e+06   5.9936523e+01
   4.6515360e+06   4.6691895e+01
   4.6515630e+06   4.8583984e+01
   4.6515730e+06   6.9946289e+01
   4.6516000e+06   4.0710449e+01
   4.6516240e+06   3.8330078e+01
   4.6516470e+06   4.4067383e+01
   4.6516680e+06   4.5837402e+01
   4.6516830e+06   4.1198730e+01
   4.6517220e+06   4.0222168e+01
   4.6517440e+06   4.9438477e+01
   4.6517880e+06   4.7424316e+01
   4.6518170e+06   4.0283203e+01
   4.6518310e+06   5.0781250e+01
   4.6518480e+06   5.5114746e+01
   4.6518700e+06   4.4677734e+01
   4.6519170e+06   4.5104980e+01
   4.6519450e+06   3.7902832e+01
   4.6520050e+06   6.2011719e+01
   4.6520480e+06   3.9001465e+01
   4.6521050e+06   4.1503906e+01
   4.6521490e+06   4.2785645e+01
   4.6522160e+06   3.8696289e+01
   4.6523440e+06   4.0954590e+01
   4.6681280e+06   3.8696289e+01
   4.8801630e+06   4.5166016e+01
   4.8803740e+06   4.2053223e+01
   4.8804050e+06   4.6813965e+01
   4.8804690e+06   4.9316406e+01
   4.8805540e+06   4.3762207e+01
   4.8807370e+06   4.1687012e+01
   4.8936750e+06   3.8269043e+01
   5.2313510e+06   4.0100098e+01
   5.2314570e+06   4.1015625e+01
   5.2314890e+06   3.9184570e+01
   5.2316030e+06   3.9001465e+01
   5.2318300e+06   3.8452148e+01
   5.2319720e+06   4.6569824e+01
   5.2320000e+06   4.1931152e+01
   5.2321100e+06   3.9245605e+01
   5.2321410e+06   3.8330078e+01
   5.2321820e+06   3.8391113e+01
   5.2322070e+06   3.7353516e+01
   5.2322840e+06   4.3273926e+01
   5.2322960e+06   4.2724609e+01
   5.2324470e+06   3.8452148e+01
   5.2388280e+06   4.5166016e+01
   5.3610160e+06   3.8452148e+01
   5.5510500e+06   3.7353516e+01
   5.5899290e+06   5.0415039e+01
   5.5899770e+06   3.7902832e+01
   5.5901490e+06   3.9001465e+01
   5.5902290e+06   5.1757813e+01
   5.5902890e+06   3.8513184e+01
   5.5904100e+06   3.9916992e+01
   5.5904480e+06   4.1076660e+01
   5.5905110e+06   4.5776367e+01
   5.5905990e+06   3.7292480e+01
   5.5907320e+06   4.1564941e+01
   5.5909340e+06   4.0039063e+01
   5.6236640e+06   4.0649414e+01
   5.6236940e+06   4.1931152e+01
   5.6237230e+06   3.7292480e+01
   5.6238910e+06   4.7180176e+01
   5.6241100e+06   4.1198730e+01
   5.6243210e+06   4.1320801e+01
   5.6446290e+06   3.7780762e+01
   5.7101160e+06   3.8574219e+01
   5.7101370e+06   3.8757324e+01
   5.7101630e+06   6.1218262e+01
   5.7101830e+06   5.0048828e+01
   5.7101940e+06   5.0170898e+01
   5.7102160e+06   3.9184570e+01
   5.7102560e+06   4.1198730e+01
   5.7102730e+06   4.0588379e+01
   5.7102930e+06   3.7841797e+01
   5.7103460e+06   5.3405762e+01
   5.7103700e+06   4.1076660e+01
   5.7104010e+06   4.6447754e+01
   5.7104240e+06   5.6762695e+01
   5.7105320e+06   4.4799805e+01
   5.7106640e+06   4.5715332e+01
   5.7107240e+06   3.8452148e+01
   5.7292700e+06   3.7902832e+01
   5.7293360e+06   3.7780762e+01
   5.7294800e+06   4.2663574e+01
   5.7296090e+06   3.8940430e+01
   5.7297870e+06   4.3090820e+01
   5.7298200e+06   4.0344238e+01
   5.7545880e+06   3.9916992e+01
   5.7548490e+06   5.2246094e+01
   5.7555170e+06   5.2368164e+01
   5.7672210e+06   4.0893555e+01
   5.7692240e+06   4.3212891e+01
   5.7973710e+06   4.6203613e+01
   5.7974900e+06   4.6447754e+01
   5.7975260e+06   5.1452637e+01
   5.7975530e+06   5.2917480e+01
   5.7975710e+06   4.8095703e+01
   5.7975900e+06   3.9245605e+01
   5.7976200e+06   8.4533691e+01
   5.7976420e+06   3.7902832e+01
   5.7976520e+06   4.0344238e+01
   5.7976870e+06   7.1716309e+01
   5.7977310e+06   4.0893555e+01
   5.7977460e+06   3.7536621e+01
   5.7978170e+06   3.9306641e+01
   5.8090990e+06   4.3273926e+01
   5.8092180e+06   3.7902832e+01
   5.8092700e+06   3.8024902e+01
   5.8092990e+06   4.4189453e+01
   5.8093290e+06   4.0405273e+01
   5.8094080e+06   4.0832520e+01
   5.8094850e+06   4.1870117e+01
   5.8096010e+06   5.0231934e+01
   5.8207150e+06   6.7077637e+01
   5.8208420e+06   4.4860840e+01
   5.8209280e+06   3.8208008e+01
   5.8213530e+06   4.0344238e+01
   5.8341370e+06   4.7058105e+01
   5.8352270e+06   4.1687012e+01
   5.8353010e+06   3.7902832e+01
   5.8353460e+06   5.2307129e+01
   5.8353720e+06   3.7536621e+01
   5.8354000e+06   4.2419434e+01
   5.8354650e+06   5.4138184e+01
   5.8355830e+06   5.7373047e+01
   5.8358670e+06   3.8391113e+01
   5.8508890e+06   3.9733887e+01
   5.8508990e+06   5.6335449e+01
   5.8509600e+06   4.4555664e+01
   5.8510140e+06   5.5480957e+01
   5.8510350e+06   3.7719727e+01
   5.8511050e+06   3.7414551e+01
   5.8511200e+06   4.1381836e+01
   5.8642570e+06   4.3457031e+01
   5.8643920e+06   6.0302734e+01
   5.8644350e+06   4.3640137e+01
   5.8644580e+06   5.1757813e+01
   5.8644730e+06   4.3823242e+01
   5.8645330e+06   3.8269043e+01
   5.8645430e+06   4.6203613e+01
   5.8645920e+06   3.8208008e+01
   5.8646230e+06   4.4738770e+01
   5.8646500e+06   5.3710938e+01
   5.8646790e+06   4.3762207e+01
   5.8647020e+06   3.9855957e+01
   5.8647140e+06   5.1025391e+01
   5.8647450e+06   4.5166016e+01
   5.8648540e+06   4.3090820e+01
   5.8649850e+06   4.2968750e+01
   5.8764080e+06   4.5593262e+01
   5.8766720e+06   4.2968750e+01
   5.8766940e+06   5.0476074e+01
   5.8767280e+06   4.2480469e+01
   5.8767470e+06   5.2856445e+01
   5.8767820e+06   4.1320801e+01
   5.8768040e+06   4.0344238e+01
   5.8768340e+06   3.8940430e+01
   5.8768560e+06   4.8156738e+01
   5.8768820e+06   5.0720215e+01
   5.8769800e+06   4.2785645e+01
   5.8770550e+06   4.5349121e+01
   5.8770700e+06   4.0893555e+01
   5.8771080e+06   3.9733887e+01
   5.8772260e+06   3.9184570e+01
   5.8853690e+06   4.8217773e+01
   5.8854070e+06   3.7231445e+01
   5.8854830e+06   3.7231445e+01
   5.8948410e+06   4.8828125e+01
   5.8949690e+06   3.9550781e+01
   5.8949860e+06   4.6142578e+01
   5.8950030e+06   3.9367676e+01
   5.8950470e+06   5.3100586e+01
   5.8950610e+06   4.3640137e+01
   5.8951290e+06   3.7414551e+01
   5.8951710e+06   5.0354004e+01
   5.8952080e+06   3.7353516e+01
   5.8952250e+06   4.1687012e+01
   5.8952720e+06   4.0161133e+01
   5.8952990e+06   3.8818359e+01
   5.8953900e+06   3.7475586e+01
   5.8957020e+06   3.8513184e+01
   5.9061010e+06   4.6997070e+01
   5.9062080e+06   4.2541504e+01
   5.9062680e+06   4.4738770e+01
   5.9062950e+06   3.7475586e+01
   5.9063380e+06   4.2602539e+01
   5.9064030e+06   4.1320801e+01
   5.9064300e+06   4.1381836e+01
   5.9064520e+06   4.3579102e+01
   5.9064690e+06   4.0039063e+01
   5.9065220e+06   3.8391113e+01
   5.9066200e+06   3.7841797e+01
   5.9174080e+06   4.3823242e+01
   5.9174300e+06   3.8208008e+01
   5.9175070e+06   4.9499512e+01
   5.9175700e+06   3.8024902e+01
   5.9176040e+06   4.0222168e+01
   5.9176340e+06   4.9865723e+01
   5.9176600e+06   8.4472656e+01
   5.9176830e+06   4.0222168e+01
   5.9177100e+06   3.8269043e+01
   5.9177920e+06   4.0222168e+01
   5.9178080e+06   4.1748047e+01
   5.9178580e+06   4.3273926e+01
   5.9180840e+06   3.7292480e+01
   5.9183140e+06   3.7536621e+01
   5.9326220e+06   5.7006836e+01
   5.9326450e+06   4.1931152e+01
   5.9326800e+06   4.9499512e+01
   5.9326970e+06   4.2541504e+01
   5.9327290e+06   5.9082031e+01
   5.9327630e+06   4.7851563e+01
   5.9327850e+06   3.9184570e+01
   5.9328020e+06   4.2053223e+01
   5.9328310e+06   3.8146973e+01
   5.9328440e+06   4.6813965e+01
   5.9328640e+06   4.3518066e+01
   5.9329080e+06   3.7231445e+01
   5.9329710e+06   4.4677734e+01
   5.9329990e+06   4.6142578e+01
   5.9330140e+06   3.8879395e+01
   5.9330670e+06   4.9011230e+01
   5.9337020e+06   3.8818359e+01
   5.9453290e+06   3.7902832e+01
   5.9454350e+06   4.5043945e+01
   5.9455010e+06   4.0100098e+01
   5.9456020e+06   4.5532227e+01
   5.9512690e+06   4.7180176e+01
   5.9515410e+06   4.6325684e+01
   5.9515550e+06   5.1269531e+01
   5.9597370e+06   4.2175293e+01
   5.9597870e+06   4.0954590e+01
   5.9598520e+06   5.0476074e+01
   5.9598790e+06   4.1870117e+01
   5.9599350e+06   5.7861328e+01
   5.9599680e+06   8.3374023e+01
   5.9600770e+06   4.2785645e+01
   5.9602000e+06   4.2419434e+01
   5.9603310e+06   3.9611816e+01
   5.9684670e+06   5.0292969e+01
   5.9685340e+06   3.7902832e+01
   5.9685780e+06   4.3518066e+01
   5.9685940e+06   3.8696289e+01
   5.9686310e+06   3.7475586e+01
   5.9686430e+06   4.2114258e+01
   5.9686660e+06   3.9001465e+01
   5.9688200e+06   3.7841797e+01
   5.9690380e+06   3.7719727e+01
   5.9739190e+06   3.8513184e+01
   5.9815950e+06   3.7292480e+01
   5.9816530e+06   3.8085938e+01
   5.9816970e+06   4.5837402e+01
   5.9817280e+06   3.7292480e+01
   5.9817860e+06   4.4921875e+01
   5.9818250e+06   4.4799805e+01
   5.9818730e+06   4.0649414e+01
   5.9819120e+06   5.8349609e+01
   5.9923120e+06   3.8696289e+01
   5.9924630e+06   3.8452148e+01
   5.9925250e+06   4.0588379e+01
   5.9925510e+06   5.5358887e+01
   5.9925910e+06   4.3945313e+01
   5.9926540e+06   3.8024902e+01
   6.0048800e+06   3.8513184e+01
   6.0049050e+06   4.1137695e+01
   6.0050300e+06   3.8146973e+01
   6.0050870e+06   3.8146973e+01
   6.0051220e+06   4.3334961e+01
   6.0051340e+06   4.9316406e+01
   6.0051810e+06   4.1931152e+01
   6.0051960e+06   3.8146973e+01
   6.0052160e+06   4.0222168e+01
   6.0052860e+06   4.6081543e+01
   6.0054150e+06   3.7902832e+01
   6.0184910e+06   3.9855957e+01
   6.0185770e+06   3.8085938e+01
   6.0186220e+06   4.2053223e+01
   6.0186830e+06   4.4860840e+01
   6.0187030e+06   6.2316895e+01
   6.0187850e+06   4.2968750e+01
   6.0188440e+06   5.0354004e+01
   6.0188630e+06   4.6752930e+01
   6.0190930e+06   3.9428711e+01
   6.0305540e+06   3.8513184e+01
   6.0306040e+06   4.1503906e+01
   6.0306750e+06   3.9733887e+01
   6.0307040e+06   4.0344238e+01
   6.0307490e+06   4.7424316e+01
   6.0307950e+06   4.2236328e+01
   6.0308130e+06   4.5898438e+01
   6.0310050e+06   3.7658691e+01
   6.0312970e+06   3.8024902e+01
   6.0432790e+06   4.4128418e+01
   6.0433610e+06   3.7414551e+01
   6.0434270e+06   4.1442871e+01
   6.0434480e+06   4.0588379e+01
   6.0435220e+06   3.7658691e+01
   6.0435430e+06   4.5837402e+01
   6.0435770e+06   3.9672852e+01
   6.0439600e+06   3.9306641e+01
   6.0569530e+06   4.0466309e+01
   6.0570720e+06   4.5471191e+01
   6.0571350e+06   4.1809082e+01
   6.0571660e+06   3.8513184e+01
   6.0572350e+06   3.9489746e+01
   6.0574490e+06   3.9672852e+01
   6.0721150e+06   5.6030273e+01
   6.0722370e+06   3.9123535e+01
   6.0723390e+06   4.6691895e+01
   6.0724160e+06   5.0598145e+01
   6.0726900e+06   4.4311523e+01
   6.0855000e+06   4.2053223e+01
   6.0856190e+06   3.7536621e+01
   6.0858520e+06   5.5664063e+01
   6.0858690e+06   5.1818848e+01
   6.2110000e+06   3.7597656e+01
   6.2573520e+06   4.0283203e+01
   6.2574120e+06   4.1870117e+01
   6.2575600e+06   4.7607422e+01
   6.2576390e+06   4.3518066e+01
   6.2577630e+06   4.3884277e+01
   6.2579130e+06   4.7668457e+01
   6.2581120e+06   3.9855957e+01
   6.2582630e+06   3.7658691e+01
   6.5302090e+06   4.2175293e+01
   6.5303590e+06   4.2846680e+01
   6.5304800e+06   4.4067383e+01
   6.5305370e+06   4.1564941e+01
   6.5305850e+06   4.3762207e+01
   6.5308000e+06   4.5776367e+01
   6.5310210e+06   3.8513184e+01
   6.5310740e+06   3.8818359e+01
   6.9746660e+06   4.6264648e+01
   6.9747310e+06   4.4433594e+01
   6.9747610e+06   6.5795898e+01
   6.9747920e+06   3.9611816e+01
   6.9748380e+06   6.5368652e+01
   6.9748660e+06   4.5532227e+01
   6.9749080e+06   4.7485352e+01
   6.9749190e+06   4.5532227e+01
   6.9749630e+06   4.2968750e+01
   6.9749940e+06   3.7780762e+01
   6.9751850e+06   3.7292480e+01
   6.9752840e+06   4.2053223e+01
   6.9753400e+06   3.9367676e+01
   6.9756480e+06   3.7536621e+01
   6.9888390e+06   3.8818359e+01
   7.1856070e+06   4.2236328e+01
   7.1856560e+06   3.9672852e+01
   7.1857370e+06   4.4860840e+01
   7.1857940e+06   3.7658691e+01
   7.1858160e+06   4.3151855e+01
   7.1858880e+06   4.9438477e+01
   7.1859540e+06   4.6752930e+01
   7.1859750e+06   3.8879395e+01
   7.1860170e+06   3.8879395e+01
   7.1860320e+06   3.8391113e+01
   7.1860630e+06   4.0161133e+01
   7.1864000e+06   4.5654297e+01
   7.2457350e+06   4.5532227e+01
   7.2458260e+06   4.4677734e+01
   7.2459230e+06   4.2785645e+01
   7.2460320e+06   4.2968750e+01
   7.2461130e+06   3.9306641e+01
   7.2461620e+06   3.7536621e+01
   7.2462240e+06   4.9865723e+01
   7.2468420e+06   4.2297363e+01
   7.3322920e+06   4.3029785e+01
   7.3323400e+06   3.7475586e+01
   7.3324030e+06   3.7902832e+01
   7.3325010e+06   4.3945313e+01
   7.3325600e+06   4.1809082e+01
   7.3325770e+06   3.9123535e+01
   7.3326540e+06   3.8024902e+01
   7.3326910e+06   4.0588379e+01
   7.3328060e+06   3.8513184e+01
   7.3328580e+06   4.4677734e+01
   7.3330620e+06   3.8879395e+01
   7.3333770e+06   4.1687012e+01
   7.3540610e+06   4.0344238e+01
   7.3540960e+06   3.7658691e+01
   7.3542250e+06   4.1442871e+01
   7.3542510e+06   4.8217773e+01
   7.3544600e+06   4.6386719e+01
   7.3545870e+06   4.2236328e+01
   7.3546200e+06   4.0405273e+01
   7.3775510e+06   4.1870117e+01
   7.3776800e+06   3.7231445e+01
   7.3777270e+06   3.7902832e+01
   7.3777880e+06   4.7363281e+01
   7.3778190e+06   4.7241211e+01
   7.3779670e+06   4.0222168e+01
   7.3780170e+06   3.7475586e+01
   7.3780770e+06   3.7780762e+01
   7.3785250e+06   3.8940430e+01
   7.3948520e+06   3.9550781e+01
   7.3949900e+06   3.7841797e+01
   7.4552200e+06   3.7231445e+01
   7.5950750e+06   3.9306641e+01
   7.5953460e+06   3.9367676e+01
   7.5954840e+06   3.8818359e+01
   7.5955720e+06   3.7658691e+01
   7.5955960e+06   4.2236328e+01
   7.5956610e+06   4.7241211e+01
   7.5957950e+06   3.7719727e+01
   7.5958850e+06   3.8818359e+01
   7.5960750e+06   3.9062500e+01
   7.6174310e+06   5.5541992e+01
   7.6175190e+06   4.0466309e+01
   7.6175850e+06   3.8757324e+01
   7.6177360e+06   3.8391113e+01
   7.6178870e+06   3.9489746e+01
   7.6179670e+06   3.7841797e+01
   7.6181420e+06   3.8635254e+01
   7.9841880e+06   3.7231445e+01
   8.0994670e+06   4.4189453e+01
   8.0994770e+06   3.9794922e+01
   8.1471700e+06   4.3457031e+01
   8.1472020e+06   3.9733887e+01
   8.1473000e+06   4.0161133e+01
   8.1474060e+06   4.2968750e+01
   8.1474410e+06   4.0161133e+01
   8.1474820e+06   3.8269043e+01
   8.1475190e+06   3.8757324e+01
   8.1475450e+06   3.7841797e+01
   8.1476770e+06   4.3823242e+01
   8.1477510e+06   4.0527344e+01
   8.1477980e+06   4.2541504e+01
   8.2208270e+06   4.4067383e+01
   8.2209170e+06   5.2001953e+01
   8.2209410e+06   4.1931152e+01
   8.2210430e+06   4.3395996e+01
   8.2210610e+06   3.9428711e+01
   8.2210900e+06   6.4147949e+01
   8.2211230e+06   4.1076660e+01
   8.2214330e+06   5.6030273e+01
   8.2215620e+06   5.1574707e+01
   8.3074610e+06   5.0048828e+01
   8.3074820e+06   4.3212891e+01
   8.3075060e+06   3.7292480e+01
   8.3075300e+06   4.7851563e+01
   8.3075440e+06   4.9011230e+01
   8.3075620e+06   4.0527344e+01
   8.3075900e+06   5.0659180e+01
   8.3076110e+06   5.2124023e+01
   8.3076220e+06   3.7231445e+01
   8.3076500e+06   4.6691895e+01
   8.3076830e+06   3.8085938e+01
   8.3077000e+06   6.4941406e+01
   8.3077780e+06   3.7597656e+01
   8.3078100e+06   5.4016113e+01
   8.3078350e+06   4.2602539e+01
   8.3081090e+06   3.8208008e+01
   8.3084400e+06   3.7414551e+01
   8.3196760e+06   4.3762207e+01
   8.3199040e+06   3.8208008e+01
   8.3201700e+06   3.7902832e+01
   8.3264990e+06   4.7607422e+01
   8.3266390e+06   3.7231445e+01
   8.3267460e+06   5.4016113e+01
   8.3269220e+06   3.7536621e+01
   8.3269480e+06   3.8208008e+01
   8.3270800e+06   3.7231445e+01
   8.3272350e+06   4.0039063e+01
   8.3273620e+06   4.3273926e+01
   8.3359910e+06   4.9865723e+01
   8.3360050e+06   4.6508789e+01
   8.3366520e+06   3.7292480e+01
   8.3439590e+06   4.4311523e+01
   8.3448460e+06   3.8330078e+01
   8.3529760e+06   4.1076660e+01
   8.3537560e+06   3.9489746e+01
   8.3540090e+06   4.0466309e+01
   8.3542560e+06   3.9672852e+01
   8.3543450e+06   4.2602539e+01
   8.3631560e+06   3.9672852e+01
   8.3633050e+06   3.9062500e+01
   8.3634670e+06   3.8146973e+01
   8.3635340e+06   4.2053223e+01
   8.3637780e+06   4.9682617e+01
   8.3732980e+06   4.2480469e+01
   8.3734260e+06   4.2175293e+01
   8.3734650e+06   4.7912598e+01
   8.3735960e+06   3.7658691e+01
   8.3736170e+06   3.9978027e+01
   8.3738320e+06   3.9611816e+01
   8.3840700e+06   3.9672852e+01
   8.3840940e+06   4.9255371e+01
   8.3843680e+06   3.7536621e+01
   8.3966580e+06   4.7668457e+01
   8.3968080e+06   3.8208008e+01
   8.3968400e+06   3.7292480e+01
   8.3968940e+06   5.5358887e+01
   8.3969380e+06   4.0649414e+01
   8.3969920e+06   3.9916992e+01
   8.3972210e+06   3.9123535e+01
   8.4141830e+06   3.8391113e+01
   8.4143040e+06   3.8757324e+01
   8.4143410e+06   4.2785645e+01
   8.4143660e+06   4.0832520e+01
   8.4143760e+06   3.9184570e+01
   8.4144090e+06   3.9062500e+01
   8.4144240e+06   4.0100098e+01
   8.4144570e+06   3.7231445e+01
   8.4144740e+06   4.7485352e+01
   8.4145360e+06   5.0109863e+01
   8.4145520e+06   6.1889648e+01
   8.4145900e+06   4.0649414e+01
   8.4146220e+06   4.6508789e+01
   8.4146810e+06   3.9611816e+01
   8.4147590e+06   3.8757324e+01
   8.4147950e+06   4.0466309e+01
   8.4275230e+06   4.5898438e+01
   8.4275620e+06   4.7180176e+01
   8.4275740e+06   4.4128418e+01
   8.4276310e+06   3.8208008e+01
   8.4276530e+06   4.8828125e+01
   8.4277780e+06   3.9001465e+01
   8.4370480e+06   4.5349121e+01
   8.4370900e+06   4.7180176e+01
   8.4371510e+06   4.7424316e+01
   8.4372580e+06   4.7912598e+01
   8.4373890e+06   3.7475586e+01
   8.4377240e+06   4.0954590e+01
   8.4470240e+06   5.2246094e+01
   8.4470660e+06   3.7902832e+01
   8.4471220e+06   4.7668457e+01
   8.4476100e+06   3.8818359e+01
   8.4576600e+06   5.3955078e+01
   8.4577570e+06   4.7973633e+01
   8.4578220e+06   4.9499512e+01
   8.4579330e+06   3.7902832e+01
   8.4580020e+06   4.0710449e+01
   8.4580310e+06   4.4250488e+01
   8.4580940e+06   4.2663574e+01
   8.4694140e+06   5.4138184e+01
   8.4694980e+06   3.9978027e+01
   8.4695140e+06   4.1564941e+01
   8.4695530e+06   3.9428711e+01
   8.4695950e+06   3.9001465e+01
   8.4696200e+06   4.1198730e+01
   8.4696490e+06   4.0161133e+01
   8.4815710e+06   3.8757324e+01
   8.4815980e+06   3.8635254e+01
   8.4816580e+06   4.4433594e+01
   8.4816830e+06   4.0893555e+01
   8.4817330e+06   4.5166016e+01
   8.4817820e+06   3.8330078e+01
   8.4817930e+06   5.4443359e+01
   8.4818780e+06   3.8085938e+01
   8.4818880e+06   5.3771973e+01
   8.4819150e+06   3.7292480e+01
   8.4819640e+06   3.9245605e+01
   8.4822210e+06   4.6020508e+01
   8.4906320e+06   4.0405273e+01
   8.4991580e+06   4.2053223e+01
   8.4991980e+06   3.9367676e+01
   8.4992230e+06   3.9855957e+01
   8.4992680e+06   4.7302246e+01
   8.4993890e+06   3.9855957e+01
   8.4994040e+06   4.3823242e+01
   8.4994950e+06   3.8391113e+01
   8.5099660e+06   3.8818359e+01
   8.5099890e+06   5.2429199e+01
   8.5100310e+06   4.5471191e+01
   8.5100750e+06   4.1381836e+01
   8.5100920e+06   4.9865723e+01
   8.5101080e+06   3.7231445e+01
   8.5213510e+06   3.7414551e+01
   8.5214360e+06   4.1381836e+01
   8.5215030e+06   4.7729492e+01
   8.5215190e+06   4.0527344e+01
   8.5216450e+06   3.8513184e+01
   8.5217020e+06   4.0771484e+01
   8.5217350e+06   4.8400879e+01
   8.5218480e+06   4.1442871e+01
   8.5218810e+06   3.7902832e+01
   8.5219290e+06   3.9001465e+01
   8.5291540e+06   4.2358398e+01
   8.5318140e+06   4.5532227e+01
   8.5363190e+06   3.7963867e+01
   8.5363640e+06   3.7597656e+01
   8.5364040e+06   4.5043945e+01
   8.5364440e+06   3.9611816e+01
   8.5364700e+06   4.5715332e+01
   8.5365080e+06   4.2541504e+01
   8.5365750e+06   4.5593262e+01
   8.5442700e+06   3.9489746e+01
   8.5443500e+06   4.2480469e+01
   8.5443700e+06   4.1137695e+01
   8.5444690e+06   4.5471191e+01
   8.5444790e+06   3.9123535e+01
   8.5445650e+06   4.1015625e+01
   8.5446460e+06   3.7780762e+01
   8.5545250e+06   4.0283203e+01
   8.5545390e+06   5.1452637e+01
   8.5545720e+06   4.7485352e+01
   8.5546220e+06   4.2297363e+01
   8.5546350e+06   5.3894043e+01
   8.5546850e+06   5.2734375e+01
   8.5547040e+06   3.9550781e+01
   8.5547410e+06   4.0771484e+01
   8.5547910e+06   4.4677734e+01
   8.5548310e+06   4.2053223e+01
   8.5667530e+06   3.7963867e+01
   8.5668260e+06   3.9184570e+01
   8.5669000e+06   3.7658691e+01
   8.5669110e+06   3.8208008e+01
   8.5670250e+06   4.1381836e+01
   8.5671620e+06   3.8818359e+01
   8.5672080e+06   4.0161133e+01
   8.5672350e+06   5.2917480e+01
   8.5674460e+06   3.7719727e+01
   8.5675340e+06   3.7841797e+01
   8.5756030e+06   3.9367676e+01
   8.5831490e+06   3.7292480e+01
   8.5832410e+06   3.7292480e+01
   8.5833070e+06   4.2968750e+01
   8.5833420e+06   4.0832520e+01
   8.5833630e+06   4.5349121e+01
   8.5834580e+06   4.1320801e+01
   8.5835250e+06   5.2734375e+01
   8.5836190e+06   4.5898438e+01
   8.5836730e+06   4.2846680e+01
   8.5941150e+06   4.0710449e+01
   8.5942090e+06   3.8757324e+01
   8.5942300e+06   4.4128418e+01
   8.5942830e+06   4.4372559e+01
   8.5943210e+06   5.3405762e+01
   8.5943660e+06   4.2663574e+01
   8.5944040e+06   4.4555664e+01
   8.5944250e+06   4.1076660e+01
   8.5944390e+06   3.9062500e+01
   8.5944980e+06   4.0405273e+01
   8.5945210e+06   4.4799805e+01
   8.5946810e+06   4.0710449e+01
   8.6065710e+06   3.9245605e+01
   8.6065860e+06   5.7434082e+01
   8.6066090e+06   4.0527344e+01
   8.6066830e+06   4.4982910e+01
   8.6067000e+06   4.4860840e+01
   8.6067180e+06   3.7292480e+01
   8.6067350e+06   5.5908203e+01
   8.6067800e+06   3.9184570e+01
   8.6068070e+06   3.8024902e+01
   8.6068560e+06   3.7780762e+01
   8.6069100e+06   4.0344238e+01
   8.6070900e+06   4.0161133e+01
   8.6200360e+06   3.8391113e+01
   8.6200570e+06   3.8208008e+01
   8.6200790e+06   3.9489746e+01
   8.6202640e+06   4.7790527e+01
   8.6289500e+06   4.8156738e+01
   8.6289930e+06   3.9733887e+01
   8.6290080e+06   4.3823242e+01
   8.6290770e+06   3.7719727e+01
   8.6293380e+06   3.9123535e+01
   8.6409480e+06   3.7780762e+01
   8.6410370e+06   4.1809082e+01
   8.6411030e+06   3.8696289e+01
   8.6411430e+06   4.6386719e+01
   8.6411790e+06   4.7363281e+01
   8.6412770e+06   5.0964355e+01
   8.6563230e+06   4.9255371e+01
   8.6564050e+06   3.7231445e+01
   8.6564540e+06   4.7668457e+01
   8.6564760e+06   4.8583984e+01
   8.6565400e+06   4.4677734e+01
   8.6565550e+06   4.8706055e+01
   8.6565980e+06   3.7658691e+01
   8.6566350e+06   3.8391113e+01
   8.6566550e+06   5.6091309e+01
   8.6566710e+06   3.7414551e+01
   8.6567290e+06   3.9733887e+01
   8.6568080e+06   4.0161133e+01
   8.6728490e+06   4.3640137e+01
   8.6729280e+06   3.8696289e+01
   8.6729480e+06   3.7475586e+01
   8.6730100e+06   4.1076660e+01
   8.6730870e+06   5.5236816e+01
   8.6731180e+06   4.1442871e+01
   8.6731470e+06   3.8269043e+01
   8.6732120e+06   4.3334961e+01
   8.6733110e+06   3.9916992e+01
   8.6734940e+06   3.9794922e+01
   8.6863520e+06   3.8085938e+01
   8.6864650e+06   4.4677734e+01
   8.6867090e+06   4.0405273e+01
   8.6867460e+06   4.0222168e+01
   8.7980900e+06   3.8513184e+01
   9.0671660e+06   3.7536621e+01
   9.0749200e+06   4.5959473e+01
   9.0750010e+06   4.4250488e+01
   9.0750470e+06   4.0710449e+01
   9.0752840e+06   4.3701172e+01
   9.0753950e+06   4.0771484e+01
   9.0754730e+06   4.1992188e+01
   9.0755100e+06   3.7231445e+01
   9.0755930e+06   3.8879395e+01
   9.0756970e+06   3.7963867e+01
   9.3683310e+06   3.7963867e+01
   9.3684270e+06   3.9306641e+01
   9.3684880e+06   4.2480469e+01
   9.3685660e+06   3.9184570e+01
   9.3686470e+06   5.6335449e+01
   9.3686940e+06   4.0710449e+01
   9.3687160e+06   4.3762207e+01
   9.3687290e+06   4.0649414e+01
   9.3688310e+06   3.9428711e+01
   9.3689960e+06   3.8085938e+01
   9.3690210e+06   4.4982910e+01
   9.3691560e+06   4.1015625e+01
   9.4310140e+06   4.5593262e+01
   9.4311710e+06   4.7668457e+01
   9.4313810e+06   4.5043945e+01
   9.4314960e+06   5.1940918e+01
   9.4319010e+06   4.2053223e+01
   9.6431470e+06   4.0283203e+01
   9.6431930e+06   4.0527344e+01
   9.6432200e+06   3.7353516e+01
   9.6432480e+06   4.7302246e+01
   9.6432850e+06   4.8034668e+01
   9.6433020e+06   5.6396484e+01
   9.6434060e+06   4.0405273e+01
   9.6434630e+06   4.6508789e+01
   9.6435790e+06   4.0466309e+01
   9.6438100e+06   3.9794922e+01
   9.6615880e+06   3.9245605e+01
   9.6618310e+06   3.7719727e+01
   9.6683770e+06   4.0100098e+01
   9.6759820e+06   3.7414551e+01
   9.6840640e+06   5.1025391e+01
   9.7010420e+06   4.7180176e+01
   9.7012450e+06   4.5837402e+01
   9.7013850e+06   3.7536621e+01
   9.7014140e+06   4.5227051e+01
   9.7015040e+06   4.0771484e+01
   9.7015330e+06   3.7414551e+01
   9.7017390e+06   3.9794922e+01
   9.7020110e+06   3.7597656e+01
   9.7248670e+06   5.7983398e+01
   9.7250180e+06   3.9428711e+01
   9.7252900e+06   3.8024902e+01
   1.0057160e+07   3.8146973e+01
   1.0057202e+07   5.4809570e+01
   1.0057230e+07   4.3212891e+01
   1.0057245e+07   7.3364258e+01
   1.0057260e+07   5.5236816e+01
   1.0057280e+07   6.2011719e+01
   1.0057310e+07   3.8391113e+01
   1.0057320e+07   3.8269043e+01
   1.0057356e+07   6.0424805e+01
   1.0057403e+07   4.8889160e+01
   1.0057418e+07   4.1503906e+01
   1.0057457e+07   3.9550781e+01
   1.0057471e+07   3.8391113e+01
   1.0057518e+07   4.7119141e+01
   1.0057561e+07   4.4433594e+01
   1.0057593e+07   4.3823242e+01
   1.0057613e+07   4.0039062e+01
   1.0057663e+07   7.0434570e+01
   1.0057708e+07   3.8635254e+01
   1.0057772e+07   5.5541992e+01
   1.0058063e+07   3.8208008e+01
   1.0058131e+07   3.7902832e+01
   1.0058620e+07   4.6936035e+01
   1.0082193e+07   4.3029785e+01
   1.0082560e+07   3.9001465e+01
   1.0082598e+07   4.0100098e+01
   1.0082945e+07   3.8696289e+01
   1.0086749e+07   4.2663574e+01
   1.0088544e+07   4.0039063e+01
   1.0088859e+07   4.1564941e+01
   1.0098008e+07   3.8818359e+01
   1.0105781e+07   5.1208496e+01
   1.0105962e+07   4.1381836e+01
   1.0106415e+07   3.8024902e+01
   1.0106586e+07   3.8024902e+01
   1.0106782e+07   3.8574219e+01
   1.0106894e+07   3.7902832e+01
   1.0106950e+07   3.9672852e+01
   1.0107147e+07   4.0283203e+01
   1.0107179e+07   4.1259766e+01
   1.0138219e+07   4.4738770e+01
   1.0138252e+07   4.8889160e+01
   1.0138274e+07   4.5288086e+01
   1.0138296e+07   5.1879883e+01
   1.0138326e+07   3.9245605e+01
   1.0138349e+07   4.6020508e+01
   1.0138386e+07   4.1564941e+01
   1.0138404e+07   4.4067383e+01
   1.0138419e+07   4.3884277e+01
   1.0138459e+07   4.6630859e+01
   1.0138491e+07   4.4006348e+01
   1.0138517e+07   5.7373047e+01
   1.0138541e+07   3.9062500e+01
   1.0138564e+07   4.4494629e+01
   1.0138599e+07   3.7963867e+01
   1.0138658e+07   4.6386719e+01
   1.0138784e+07   3.9123535e+01
   1.0138816e+07   3.8024902e+01
   1.0149841e+07   6.2377930e+01
   1.0149906e+07   4.1015625e+01
   1.0149926e+07   4.7180176e+01
   1.0149962e+07   3.8940430e+01
   1.0149978e+07   5.1818848e+01
   1.0150000e+07   4.0161133e+01
   1.0150020e+07   4.5654297e+01
   1.0150036e+07   4.9987793e+01
   1.0150096e+07   4.3457031e+01
   1.0150115e+07   4.2236328e+01
   1.0150139e+07   4.7058105e+01
   1.0150202e+07   3.8940430e+01
   1.0150279e+07   4.5043945e+01
   1.0150329e+07   3.9001465e+01
   1.0150404e+07   5.0720215e+01
   1.0150441e+07   4.3762207e+01
   1.0150482e+07   3.9001465e+01
   1.0150514e+07   4.1259766e+01
   1.0157251e+07   3.9550781e+01
   1.0157269e+07   3.9001465e+01
   1.0157289e+07   5.0903320e+01
   1.0157310e+07   3.8024902e+01
   1.0157331e+07   4.7058105e+01
   1.0157382e+07   4.2785645e+01
   1.0157448e+07   3.8574219e+01
   1.0164645e+07   5.9265137e+01
   1.0164700e+07   4.7790527e+01
   1.0164722e+07   4.6630859e+01
   1.0164806e+07   4.1503906e+01
   1.0164818e+07   5.8105469e+01
   1.0164863e+07   4.5959473e+01
   1.0164890e+07   5.0354004e+01
   1.0164933e+07   4.5715332e+01
   1.0164976e+07   3.8330078e+01
   1.0165103e+07   5.0415039e+01
   1.0165126e+07   3.9672852e+01
   1.0165226e+07   3.9062500e+01
   1.0172220e+07   4.1381836e+01
   1.0172240e+07   4.1931152e+01
   1.0172274e+07   4.0283203e+01
   1.0172305e+07   5.2917480e+01
   1.0172334e+07   5.3466797e+01
   1.0172373e+07   4.2663574e+01
   1.0172401e+07   3.8696289e+01
   1.0172432e+07   4.0039063e+01
   1.0172470e+07   4.2053223e+01
   1.0172502e+07   4.5593262e+01
   1.0172518e+07   3.7963867e+01
   1.0172547e+07   4.4616699e+01
   1.0172572e+07   4.0161133e+01
   1.0172655e+07   3.7841797e+01
   1.0172690e+07   4.6447754e+01
   1.0172834e+07   3.8024902e+01
   1.0180792e+07   5.6396484e+01
   1.0180813e+07   3.8330078e+01
   1.0180866e+07   5.3588867e+01
   1.0180878e+07   6.4941406e+01
   1.0180892e+07   5.8776855e+01
   1.0180952e+07   3.9672852e+01
   1.0180988e+07   4.3334961e+01
   1.0181032e+07   3.9611816e+01
   1.0181075e+07   3.9428711e+01
   1.0181103e+07   5.8166504e+01
   1.0181124e+07   3.8085938e+01
   1.0181200e+07   4.5715332e+01
   1.0181231e+07   3.7414551e+01
   1.0181251e+07   3.8574219e+01
   1.0181276e+07   5.1757813e+01
   1.0181513e+07   4.0832520e+01
   1.0188893e+07   4.4067383e+01
   1.0188917e+07   4.1625977e+01
   1.0188953e+07   4.1809082e+01
   1.0188987e+07   4.1931152e+01
   1.0189028e+07   4.2358398e+01
   1.0189050e+07   4.5349121e+01
   1.0189074e+07   3.9489746e+01
   1.0189133e+07   4.3762207e+01
   1.0189172e+07   3.8330078e+01
   1.0189253e+07   4.6752930e+01
   1.0189263e+07   4.0771484e+01
   1.0189281e+07   4.3457031e+01
   1.0189422e+07   3.8635254e+01
   1.0196786e+07   4.1015625e+01
   1.0196800e+07   4.7119141e+01
   1.0196851e+07   4.4982910e+01
   1.0196910e+07   3.8696289e+01
   1.0196921e+07   5.8593750e+01
   1.0196953e+07   4.6813965e+01
   1.0196979e+07   3.7841797e+01
   1.0197008e+07   4.4799805e+01
   1.0197021e+07   4.0710449e+01
   1.0197052e+07   5.7922363e+01
   1.0197064e+07   4.4555664e+01
   1.0197098e+07   4.9926758e+01
   1.0197121e+07   7.1166992e+01
   1.0197134e+07   3.8269043e+01
   1.0197183e+07   5.4260254e+01
   1.0197230e+07   3.9489746e+01
   1.0197242e+07   4.0954590e+01
   1.0197300e+07   4.6203613e+01
   1.0197433e+07   3.8574219e+01
   1.0197510e+07   3.7536621e+01
   1.0197540e+07   4.0527344e+01
   1.0197566e+07   3.8452148e+01
   1.0197734e+07   4.0954590e+01
   1.0202999e+07   3.8574219e+01
   1.0203016e+07   4.0832520e+01
   1.0203076e+07   4.4067383e+01
   1.0203109e+07   4.1870117e+01
   1.0203140e+07   4.5715332e+01
   1.0203187e+07   3.9184570e+01
   1.0203341e+07   3.7597656e+01
   1.0203448e+07   3.9978027e+01
   1.0207224e+07   4.1259766e+01
   1.0207237e+07   4.2175293e+01
   1.0207273e+07   3.8574219e+01
   1.0207298e+07   3.7597656e+01
   1.0207320e+07   3.8940430e+01
   1.0207342e+07   4.7119141e+01
   1.0207360e+07   4.5715332e+01
   1.0207377e+07   4.4433594e+01
   1.0207418e+07   3.9367676e+01
   1.0207504e+07   4.0039063e+01
   1.0207525e+07   4.0893555e+01
   1.0212866e+07   4.0771484e+01
   1.0212900e+07   3.9916992e+01
   1.0212966e+07   4.0832520e+01
   1.0212983e+07   4.0039063e+01
   1.0213009e+07   3.8696289e+01
   1.0213061e+07   4.1259766e+01
   1.0213127e+07   3.9611816e+01
   1.0213160e+07   4.3701172e+01
   1.0213186e+07   5.5664063e+01
   1.0213260e+07   4.8400879e+01
   1.0213272e+07   4.0222168e+01
   1.0213429e+07   4.1870117e+01
   1.0213502e+07   4.1015625e+01
   1.0213740e+07   4.5227051e+01
   1.0219063e+07   4.2419434e+01
   1.0219076e+07   4.0283203e+01
   1.0219107e+07   3.9062500e+01
   1.0219118e+07   5.3833008e+01
   1.0219164e+07   4.7668457e+01
   1.0219194e+07   5.0598145e+01
   1.0219219e+07   3.9855957e+01
   1.0219229e+07   4.6264648e+01
   1.0219337e+07   4.3090820e+01
   1.0219371e+07   4.2541504e+01
   1.0219462e+07   3.8085938e+01
   1.0219598e+07   4.4006348e+01
   1.0224624e+07   5.3161621e+01
   1.0224651e+07   4.0954590e+01
   1.0224664e+07   6.1645508e+01
   1.0224705e+07   3.9489746e+01
   1.0224780e+07   3.9123535e+01
   1.0224795e+07   4.5104980e+01
   1.0224820e+07   4.6264648e+01
   1.0224846e+07   4.1076660e+01
   1.0224859e+07   4.8706055e+01
   1.0224896e+07   4.0954590e+01
   1.0224965e+07   4.0771484e+01
   1.0225060e+07   5.0292969e+01
   1.0231036e+07   4.5288086e+01
   1.0231088e+07   3.7841797e+01
   1.0231112e+07   4.7790527e+01
   1.0231221e+07   4.1076660e+01
   1.0231281e+07   4.5349121e+01
   1.0231304e+07   4.0100098e+01
   1.0231335e+07   3.9123535e+01
   1.0231359e+07   4.5959473e+01
   1.0231382e+07   4.3945313e+01
   1.0231396e+07   4.4677734e+01
   1.0231554e+07   3.8269043e+01
   1.0237196e+07   4.1076660e+01
   1.0237220e+07   5.0354004e+01
   1.0237250e+07   3.7475586e+01
   1.0237265e+07   4.1320801e+01
   1.0237323e+07   3.9184570e+01
   1.0237350e+07   5.0476074e+01
   1.0237360e+07   3.9306641e+01
   1.0237377e+07   3.8879395e+01
   1.0237461e+07   3.8024902e+01
   1.0237634e+07   4.2663574e+01
   1.0237714e+07   4.7241211e+01
   1.0237757e+07   4.7668457e+01
   1.0241437e+07   3.9245605e+01
   1.0241905e+07   3.8513184e+01
   1.0246796e+07   3.8330078e+01
   1.0246830e+07   4.1381836e+01
   1.0246880e+07   4.1320801e+01
   1.0246896e+07   5.5664063e+01
   1.0246933e+07   3.8940430e+01
   1.0246987e+07   4.3640137e+01
   1.0247005e+07   4.2541504e+01
   1.0247069e+07   4.4616699e+01
   1.0247099e+07   3.9428711e+01
   1.0247144e+07   3.9123535e+01
   1.0247232e+07   4.7424316e+01
   1.0247423e+07   4.1687012e+01
   1.0253583e+07   4.4189453e+01
   1.0253612e+07   3.9550781e+01
   1.0253731e+07   4.1137695e+01
   1.0253762e+07   4.8706055e+01
   1.0253793e+07   4.4006348e+01
   1.0253849e+07   3.9794922e+01
   1.0253868e+07   5.4870605e+01
   1.0253944e+07   3.7780762e+01
   1.0253984e+07   4.1320801e+01
   1.0254051e+07   3.9794922e+01
   1.0254098e+07   4.1198730e+01
   1.0259351e+07   3.7475586e+01
   1.0259381e+07   3.9794922e+01
   1.0259429e+07   4.0832520e+01
   1.0259475e+07   4.9011230e+01
   1.0259500e+07   3.8940430e+01
   1.0259560e+07   3.9672852e+01
   1.0259613e+07   4.6203613e+01
   1.0259634e+07   3.8452148e+01
   1.0259719e+07   3.8574219e+01
   1.0264646e+07   3.7902832e+01
   1.0264667e+07   4.1076660e+01
   1.0264688e+07   4.4677734e+01
   1.0264715e+07   3.7353516e+01
   1.0264761e+07   4.5898438e+01
   1.0264856e+07   3.8940430e+01
   1.0264883e+07   3.9306641e+01
   1.0264894e+07   3.8757324e+01
   1.0264904e+07   3.7475586e+01
   1.0264937e+07   4.1564941e+01
   1.0264956e+07   3.8208008e+01
   1.0264992e+07   3.8452148e+01
   1.0271625e+07   4.0832520e+01
   1.0271668e+07   3.8757324e+01
   1.0271722e+07   3.9733887e+01
   1.0271746e+07   3.7597656e+01
   1.0271793e+07   4.7973633e+01
   1.0271827e+07   4.0527344e+01
   1.0271847e+07   3.7475586e+01
   1.0271885e+07   3.9184570e+01
   1.0271905e+07   3.8696289e+01
   1.0272031e+07   4.0222168e+01
   1.0272334e+07   4.1076660e+01
   1.0276724e+07   3.9733887e+01
   1.0276775e+07   3.8696289e+01
   1.0283420e+07   5.1025391e+01
   1.0283435e+07   3.7841797e+01
   1.0283461e+07   5.5236816e+01
   1.0283479e+07   3.9123535e+01
   1.0283518e+07   4.1320801e+01
   1.0283530e+07   4.2541504e+01
   1.0283556e+07   4.4250488e+01
   1.0283615e+07   4.9621582e+01
   1.0283695e+07   5.8288574e+01
   1.0283732e+07   4.0649414e+01
   1.0283798e+07   3.7780762e+01
   1.0283822e+07   3.7414551e+01
   1.0283957e+07   3.7292480e+01
   1.0284155e+07   3.8146973e+01
   1.0291205e+07   3.7414551e+01
   1.0291229e+07   6.4758301e+01
   1.0291258e+07   4.1259766e+01
   1.0291294e+07   5.8166504e+01
   1.0291348e+07   4.7851563e+01
   1.0291393e+07   4.8767090e+01
   1.0291408e+07   4.8461914e+01
   1.0291450e+07   4.1015625e+01
   1.0291510e+07   3.7780762e+01
   1.0291552e+07   3.7536621e+01
   1.0297439e+07   3.9123535e+01
   1.0297503e+07   4.9621582e+01
   1.0297538e+07   4.2907715e+01
   1.0297556e+07   4.6936035e+01
   1.0297620e+07   4.2541504e+01
   1.0297648e+07   3.8635254e+01
   1.0297714e+07   4.0649414e+01
   1.0297816e+07   4.2785645e+01
   1.0303979e+07   4.3273926e+01
   1.0304016e+07   4.5898438e+01
   1.0304046e+07   3.7902832e+01
   1.0304074e+07   3.8391113e+01
   1.0304113e+07   4.4921875e+01
   1.0304357e+07   4.1687012e+01
   1.0304397e+07   3.8024902e+01
   1.0304456e+07   3.9367676e+01
   1.0312040e+07   4.4738770e+01
   1.0312059e+07   4.0710449e+01
   1.0312075e+07   4.1320801e+01
   1.0312157e+07   4.7607422e+01
   1.0312187e+07   4.9316406e+01
   1.0312226e+07   4.8278809e+01
   1.0312239e+07   4.3823242e+01
   1.0312283e+07   3.8757324e+01
   1.0312357e+07   3.7658691e+01
   1.0312415e+07   4.7180176e+01
   1.0312593e+07   3.9001465e+01
   1.0317304e+07   3.7231445e+01
   1.0317318e+07   3.9550781e+01
   1.0317452e+07   4.4860840e+01
   1.0325018e+07   4.2724609e+01
   1.0325072e+07   4.3823242e+01
   1.0325088e+07   4.3884277e+01
   1.0325127e+07   7.0129395e+01
   1.0325182e+07   4.0832520e+01
   1.0325192e+07   4.0222168e+01
   1.0325217e+07   3.8452148e+01
   1.0325244e+07   4.6569824e+01
   1.0325293e+07   3.8452148e+01
   1.0325315e+07   3.9062500e+01
   1.0325384e+07   4.4982910e+01
   1.0325581e+07   4.3090820e+01
   1.0325605e+07   3.9428711e+01
   1.0325706e+07   5.0415039e+01
   1.0332029e+07   4.2297363e+01
   1.0332063e+07   4.4799805e+01
   1.0332095e+07   4.1870117e+01
   1.0332176e+07   3.8879395e+01
   1.0332233e+07   3.8208008e+01
   1.0332275e+07   4.2419434e+01
   1.0332296e+07   4.3579102e+01
   1.0342387e+07   4.8217773e+01
   1.0342401e+07   4.9255371e+01
   1.0342422e+07   4.4494629e+01
   1.0342451e+07   3.7231445e+01
   1.0342519e+07   4.4311523e+01
   1.0342572e+07   4.1137695e+01
   1.0342589e+07   4.6081543e+01
   1.0342657e+07   4.1320801e+01
   1.0342720e+07   3.7780762e+01
   1.0342751e+07   4.0161133e+01
   1.0342819e+07   3.8574219e+01
   1.0342890e+07   3.8330078e+01
   1.0349903e+07   3.8940430e+01
   1.0349946e+07   4.0161133e+01
   1.0350556e+07   3.9245605e+01
   1.0357019e+07   3.9611816e+01
   1.0357058e+07   3.9001465e+01
   1.0357160e+07   3.8146973e+01
   1.0357271e+07   4.2541504e+01
   1.0357329e+07   3.9184570e+01
   1.0357345e+07   3.9428711e+01
   1.0357399e+07   4.7180176e+01
   1.0357577e+07   3.7841797e+01
   1.0366787e+07   4.3334961e+01
   1.0366808e+07   4.7302246e+01
   1.0366887e+07   4.3518066e+01
   1.0366897e+07   3.7841797e+01
   1.0366922e+07   3.7841797e+01
   1.0366953e+07   4.9865723e+01
   1.0366964e+07   4.8156738e+01
   1.0366980e+07   3.7353516e+01
   1.0367292e+07   3.7414551e+01
   1.0367351e+07   4.3395996e+01
   1.0367632e+07   3.9001465e+01
   1.0372599e+07   4.0832520e+01
   1.0382245e+07   4.5593262e+01
   1.0382263e+07   4.1625977e+01
   1.0382306e+07   4.0893555e+01
   1.0382343e+07   4.0039063e+01
   1.0382414e+07   3.9245605e+01
   1.0382470e+07   3.8146973e+01
   1.0382493e+07   4.4433594e+01
   1.0382513e+07   4.0954590e+01
   1.0382553e+07   3.8330078e+01
   1.0382641e+07   4.5837402e+01
   1.0382671e+07   3.7963867e+01
   1.0382691e+07   4.2480469e+01
   1.0382762e+07   4.4860840e+01
   1.0382813e+07   3.7292480e+01
   1.0383056e+07   3.7902832e+01
   1.0392069e+07   5.0109863e+01
   1.0392109e+07   3.7292480e+01
   1.0392136e+07   4.1625977e+01
   1.0392234e+07   3.8513184e+01
   1.0392332e+07   4.6508789e+01
   1.0392378e+07   3.8452148e+01
   1.0392478e+07   4.0893555e+01
   1.0392512e+07   3.8269043e+01
   1.0392530e+07   3.9306641e+01
   1.0392636e+07   3.7292480e+01
   1.0392666e+07   4.1137695e+01
   1.0401721e+07   4.6508789e+01
   1.0401832e+07   3.9611816e+01
   1.0401857e+07   4.0588379e+01
   1.0401896e+07   4.1625977e+01
   1.0401930e+07   4.8767090e+01
   1.0401993e+07   4.0100098e+01
   1.0402025e+07   3.8818359e+01
   1.0402060e+07   3.7475586e+01
   1.0402127e+07   3.9245605e+01
   1.0402174e+07   4.1564941e+01
   1.0402265e+07   3.9672852e+01
   1.0402363e+07   4.1687012e+01
   1.0411226e+07   3.7414551e+01
   1.0411254e+07   5.2307129e+01
   1.0411281e+07   4.4860840e+01
   1.0411342e+07   4.3701172e+01
   1.0411375e+07   3.7536621e+01
   1.0411408e+07   3.9794922e+01
   1.0411563e+07   4.9011230e+01
   1.0411655e+07   4.8034668e+01
   1.0411697e+07   4.3701172e+01
   1.0411838e+07   4.1809082e+01
   1.0411889e+07   3.8940430e+01
   1.0422746e+07   5.2795410e+01
   1.0422814e+07   3.9733887e+01
   1.0422833e+07   4.1564941e+01
   1.0423048e+07   3.9367676e+01
   1.0423149e+07   3.7963867e+01
   1.0423165e+07   4.1870117e+01
   1.0423245e+07   3.9978027e+01
   1.0423377e+07   4.0893555e+01
   1.0423390e+07   4.6447754e+01
   1.0439802e+07   4.3579102e+01
   1.0439919e+07   5.0537109e+01
   1.0439940e+07   3.7780762e+01
   1.0440004e+07   4.2480469e+01
   1.0440040e+07   5.0781250e+01
   1.0440104e+07   4.4372559e+01
   1.0440133e+07   4.3212891e+01
   1.0440147e+07   5.1269531e+01
   1.0440221e+07   4.0283203e+01
   1.0440299e+07   4.0039063e+01
   1.0440329e+07   4.5043945e+01
   1.0440356e+07   3.8269043e+01
   1.0440439e+07   4.3090820e+01
   1.0440504e+07   3.9489746e+01
   1.0440665e+07   3.7475586e+01
   1.0440871e+07   3.9184570e+01
   1.0440919e+07   3.9855957e+01
   1.0449577e+07   6.1035156e+01
   1.0449637e+07   4.5776367e+01
   1.0449671e+07   4.4494629e+01
   1.0449973e+07   4.1687012e+01
   1.0459633e+07   4.9499512e+01
   1.0459726e+07   3.8940430e+01
   1.0460058e+07   5.0476074e+01
   1.0460277e+07   3.7780762e+01
   1.0460361e+07   4.0405273e+01
   1.1680683e+07   5.1574707e+01
   1.1680759e+07   4.3579102e+01
   1.1680818e+07   3.8391113e+01
   1.1680833e+07   3.8146973e+01
   1.1680886e+07   4.4799805e+01
   1.1680916e+07   4.2846680e+01
   1.1680934e+07   4.0771484e+01
   1.1680996e+07   3.8391113e+01
   1.1681068e+07   3.8269043e+01
   1.1681086e+07   4.3640137e+01
   1.1681435e+07   4.0100098e+01
   1.1834221e+07   4.6508789e+01
   1.1834253e+07   3.9733887e+01
   1.1834288e+07   4.2114258e+01
   1.1834387e+07   4.0344238e+01
   1.1834456e+07   4.5043945e+01
   1.1834608e+07   3.7658691e+01
   1.1834667e+07   4.0893555e+01
   1.1834792e+07   4.1992188e+01
   1.1835008e+07   4.0710449e+01
   1.1859678e+07   4.8400879e+01
   1.1859782e+07   3.8696289e+01
   1.1859808e+07   4.7180176e+01
   1.1860255e+07   3.9855957e+01
   1.1860398e+07   3.9733887e+01
