   1.1996000e+07   0.0000000e+00
   1.5180000e+03   4.2297363e+01
   1.5620000e+03   4.8828125e+01
   1.6080000e+03   4.9865723e+01
   1.6460000e+03   3.8391113e+01
   1.6610000e+03   4.7424316e+01
   1.6850000e+03   4.6203613e+01
   1.7040000e+03   4.1442871e+01
   1.7150000e+03   6.1218262e+01
   1.7380000e+03   3.7902832e+01
   1.7800000e+03   3.6804199e+01
   1.8080000e+03   5.2551270e+01
   1.8430000e+03   3.7658691e+01
   1.8580000e+03   4.4250488e+01
   1.8790000e+03   4.6508789e+01
   1.9240000e+03   4.2602539e+01
   1.9850000e+03   4.9621582e+01
   1.9990000e+03   4.2419434e+01
   2.0130000e+03   4.1137695e+01
   2.0560000e+03   3.6437988e+01
   2.1360000e+03   3.7841797e+01
   2.1660000e+03   3.6865234e+01
   2.1890000e+03   4.1564941e+01
   2.3320000e+03   3.8757324e+01
   9.3616000e+04   3.9123535e+01
   9.3643000e+04   5.4687500e+01
   9.3670000e+04   4.4433594e+01
   9.3687000e+04   4.3884277e+01
   9.3724000e+04   5.8715820e+01
   9.3746000e+04   4.1015625e+01
   9.3783000e+04   5.4443359e+01
   9.3819000e+04   5.4809570e+01
   9.3849000e+04   4.3518066e+01
   9.3901000e+04   4.9438477e+01
   9.3930000e+04   4.0954590e+01
   9.3943000e+04   4.3395996e+01
   9.3956000e+04   5.2185059e+01
   9.3989000e+04   3.8269043e+01
   9.4014000e+04   3.6743164e+01
   9.4063000e+04   4.1564941e+01
   9.4083000e+04   3.7414551e+01
   9.4149000e+04   3.9001465e+01
   9.4269000e+04   3.6193848e+01
   9.4325000e+04   4.2541504e+01
   9.4377000e+04   3.6682129e+01
   2.1810000e+05   3.7292480e+01
   2.1812300e+05   3.6621094e+01
   2.1813400e+05   3.9550781e+01
   2.1817900e+05   3.7231445e+01
   2.1819600e+05   4.1076660e+01
   2.1822200e+05   4.1198730e+01
   2.1824800e+05   6.1767578e+01
   2.1827400e+05   6.2438965e+01
   2.1829500e+05   3.6437988e+01
   2.1832300e+05   4.9865723e+01
   2.1835600e+05   4.6630859e+01
   2.1837400e+05   3.8452148e+01
   2.1844600e+05   4.1442871e+01
   2.1845600e+05   4.6569824e+01
   2.1850500e+05   3.7353516e+01
   2.1852100e+05   4.4372559e+01
   2.1856500e+05   5.0659180e+01
   2.1874300e+05   3.6560059e+01
   8.6005100e+05   5.3588867e+01
   8.6008800e+05   4.3762207e+01
   8.6011700e+05   4.0893555e+01
   8.6014400e+05   5.3039551e+01
   8.6015900e+05   4.3212891e+01
   8.6018900e+05   4.6813965e+01
   8.6024200e+05   5.2673340e+01
   8.6025900e+05   4.7973633e+01
   8.6027300e+05   3.7414551e+01
   8.6030600e+05   3.7475586e+01
   8.6032200e+05   4.2358398e+01
   8.6037600e+05   3.6621094e+01
   8.6041400e+05   4.1320801e+01
   8.6043800e+05   3.6804199e+01
   8.6055000e+05   3.6254883e+01
   8.6071500e+05   3.9428711e+01
   8.6081800e+05   3.8940430e+01
   9.4492200e+05   4.2846680e+01
   9.4495300e+05   4.2968750e+01
   9.4497900e+05   4.1076660e+01
   9.4499400e+05   4.9438477e+01
   9.4502500e+05   3.9428711e+01
   9.4506900e+05   4.6875000e+01
   9.4508000e+05   3.7170410e+01
   9.4510200e+05   4.7424316e+01
   9.4513200e+05   3.8635254e+01
   9.4516000e+05   3.9978027e+01
   9.4517100e+05   3.8085938e+01
   9.4520400e+05   3.9978027e+01
   9.4523500e+05   3.6865234e+01
   9.4525400e+05   3.7536621e+01
   9.4528700e+05   5.5419922e+01
   9.4530000e+05   3.9978027e+01
   9.4535600e+05   3.9306641e+01
   9.4538400e+05   3.8208008e+01
   9.4548800e+05   4.1503906e+01
   9.4552900e+05   4.5410156e+01
   9.4567500e+05   3.9428711e+01
   1.0224230e+06   3.6071777e+01
   1.0224500e+06   3.8940430e+01
   1.0224750e+06   6.4147949e+01
   1.0224980e+06   4.2968750e+01
   1.0225120e+06   4.7241211e+01
   1.0225420e+06   4.9438477e+01
   1.0225710e+06   5.1208496e+01
   1.0225900e+06   5.1574707e+01
   1.0226160e+06   4.5410156e+01
   1.0226460e+06   4.1137695e+01
   1.0226660e+06   4.1809082e+01
   1.0226870e+06   3.6865234e+01
   1.0227340e+06   4.3395996e+01
   1.0227670e+06   3.6499023e+01
   1.0227790e+06   3.9855957e+01
   1.0228110e+06   3.6743164e+01
   1.0230470e+06   3.9123535e+01
   1.0230820e+06   4.1320801e+01
   1.0231750e+06   4.2297363e+01
   1.0236200e+06   3.7597656e+01
   1.1082260e+06   4.7607422e+01
   1.1082380e+06   3.7658691e+01
   1.1082540e+06   4.0100098e+01
   1.1082980e+06   4.1442871e+01
   1.1083290e+06   3.6315918e+01
   1.1083620e+06   3.7292480e+01
   1.1083830e+06   3.8757324e+01
   1.1084040e+06   4.5104980e+01
   1.1084320e+06   3.9428711e+01
   1.1085010e+06   3.9733887e+01
   1.1085150e+06   4.2480469e+01
   1.1085700e+06   3.7780762e+01
   1.1086060e+06   4.6813965e+01
   1.1086760e+06   3.6743164e+01
   1.1087750e+06   4.1809082e+01
   1.1088170e+06   3.6682129e+01
   1.1088580e+06   3.7048340e+01
   1.1089440e+06   4.7729492e+01
   1.1090000e+06   3.6132813e+01
   1.1861510e+06   4.2114258e+01
   1.1861960e+06   4.4067383e+01
   1.1862120e+06   3.6682129e+01
   1.1862310e+06   4.3823242e+01
   1.1862540e+06   4.1259766e+01
   1.1862820e+06   4.1320801e+01
   1.1863200e+06   5.6152344e+01
   1.1863440e+06   3.6682129e+01
   1.1863540e+06   5.0170898e+01
   1.1863840e+06   5.1757813e+01
   1.1864220e+06   3.7048340e+01
   1.1864380e+06   3.8146973e+01
   1.1864990e+06   5.1757813e+01
   1.1865280e+06   3.9062500e+01
   1.1865510e+06   4.4250488e+01
   1.1865630e+06   4.7241211e+01
   1.1867410e+06   3.6621094e+01
   1.1867520e+06   3.7597656e+01
   1.1867900e+06   3.9550781e+01
   1.1870200e+06   3.6071777e+01
   1.2633320e+06   3.7353516e+01
   1.2634170e+06   4.5043945e+01
   1.2634930e+06   4.5471191e+01
   1.2635100e+06   3.7658691e+01
   1.2635340e+06   5.4504395e+01
   1.2635520e+06   4.9865723e+01
   1.2635710e+06   4.1442871e+01
   1.2635930e+06   4.3457031e+01
   1.2636550e+06   3.8940430e+01
   1.2637260e+06   4.5410156e+01
   1.2637800e+06   3.9123535e+01
   1.2638110e+06   4.2663574e+01
   1.2638490e+06   4.1198730e+01
   1.2639260e+06   3.6376953e+01
   1.2639550e+06   3.8146973e+01
   1.2640960e+06   3.6865234e+01
   1.4740620e+06   3.8574219e+01
   1.4741110e+06   3.6132813e+01
   1.4742030e+06   4.4189453e+01
   1.4742400e+06   3.7353516e+01
   1.4742510e+06   3.6193848e+01
   1.4742680e+06   5.5908203e+01
   1.4743300e+06   3.7231445e+01
   1.4743640e+06   4.0283203e+01
   1.4743760e+06   3.6865234e+01
   1.4744180e+06   4.2358398e+01
   1.4745490e+06   3.8391113e+01
   1.4747800e+06   3.6865234e+01
   1.5962370e+06   3.6804199e+01
   1.5963110e+06   4.1076660e+01
   1.5963390e+06   3.8330078e+01
   1.5963690e+06   4.3457031e+01
   1.5964240e+06   4.4616699e+01
   1.5964840e+06   4.6325684e+01
   1.5965350e+06   4.3579102e+01
   1.5965530e+06   4.8645020e+01
   1.5965900e+06   4.7729492e+01
   1.5966000e+06   4.4494629e+01
   1.5966780e+06   3.7719727e+01
   1.5967010e+06   4.1809082e+01
   1.5967340e+06   5.2246094e+01
   1.5967770e+06   4.3518066e+01
   1.7444900e+06   3.7536621e+01
   1.7445280e+06   4.2846680e+01
   1.7445700e+06   4.8400879e+01
   1.7445900e+06   6.4025879e+01
   1.7446090e+06   4.7180176e+01
   1.7446360e+06   4.1320801e+01
   1.7446760e+06   4.3579102e+01
   1.7446980e+06   3.9855957e+01
   1.7447530e+06   3.6315918e+01
   1.7447680e+06   5.3161621e+01
   1.7448390e+06   3.6987305e+01
   1.7448780e+06   3.9184570e+01
   1.7449150e+06   4.8278809e+01
   1.7449670e+06   3.8269043e+01
   1.7450000e+06   3.7963867e+01
   1.7450500e+06   3.9794922e+01
   1.8259690e+06   4.1137695e+01
   1.8259950e+06   4.1931152e+01
   1.8260280e+06   3.8818359e+01
   1.8260400e+06   4.2297363e+01
   1.8260780e+06   5.2795410e+01
   1.8261230e+06   3.7902832e+01
   1.8261620e+06   4.1687012e+01
   1.8261960e+06   4.3212891e+01
   1.8262110e+06   3.6071777e+01
   1.8262580e+06   3.6926270e+01
   1.8262900e+06   3.9123535e+01
   1.8263270e+06   4.0222168e+01
   1.8263760e+06   3.6071777e+01
   1.8264290e+06   3.8208008e+01
   1.8264660e+06   3.7048340e+01
   1.8265470e+06   3.7231445e+01
   1.8266220e+06   4.4067383e+01
   1.9133040e+06   4.2297363e+01
   1.9133300e+06   4.5166016e+01
   1.9133600e+06   4.1992188e+01
   1.9134040e+06   4.3518066e+01
   1.9134480e+06   3.7963867e+01
   1.9134850e+06   3.9062500e+01
   1.9135140e+06   3.9794922e+01
   1.9135330e+06   4.4494629e+01
   1.9135510e+06   3.9001465e+01
   1.9135740e+06   4.0710449e+01
   1.9136070e+06   4.2480469e+01
   1.9136340e+06   3.7780762e+01
   1.9136750e+06   4.1015625e+01
   1.9136860e+06   4.0588379e+01
   1.9137010e+06   5.1086426e+01
   1.9137450e+06   4.8034668e+01
   1.9138610e+06   4.2114258e+01
   1.9138830e+06   3.7841797e+01
   1.9139650e+06   3.6804199e+01
   1.9140480e+06   3.9306641e+01
   1.9142330e+06   4.0649414e+01
   2.0119930e+06   4.1076660e+01
   2.0120260e+06   3.6437988e+01
   2.0120710e+06   3.9611816e+01
   2.0121010e+06   3.9550781e+01
   2.0121150e+06   4.1748047e+01
   2.0121490e+06   4.6508789e+01
   2.0121840e+06   6.4208984e+01
   2.0122090e+06   4.1259766e+01
   2.0122620e+06   4.3151855e+01
   2.0122980e+06   4.6813965e+01
   2.0123150e+06   4.0405273e+01
   2.0123310e+06   4.5471191e+01
   2.0123500e+06   4.1503906e+01
   2.0123980e+06   4.2602539e+01
   2.0124260e+06   4.1748047e+01
   2.0124940e+06   4.0588379e+01
   2.0125270e+06   4.2663574e+01
   2.0126040e+06   3.9550781e+01
   2.0126890e+06   3.6499023e+01
   2.0128720e+06   3.7841797e+01
   2.1064160e+06   4.5227051e+01
   2.1064430e+06   4.0283203e+01
   2.1064830e+06   5.0476074e+01
   2.1064940e+06   4.0161133e+01
   2.1065330e+06   4.4555664e+01
   2.1065540e+06   4.8217773e+01
   2.1065660e+06   3.6376953e+01
   2.1066030e+06   4.7546387e+01
   2.1066280e+06   4.8156738e+01
   2.1066400e+06   5.0598145e+01
   2.1066510e+06   4.0710449e+01
   2.1066970e+06   3.6865234e+01
   2.1067270e+06   4.4860840e+01
   2.1067640e+06   4.5959473e+01
   2.1067920e+06   3.8269043e+01
   2.1068500e+06   3.7902832e+01
   2.1068700e+06   4.2175293e+01
   2.1068830e+06   4.1625977e+01
   2.1068970e+06   3.6254883e+01
   2.1070290e+06   3.7292480e+01
   2.1071800e+06   3.7719727e+01
   2.1073980e+06   3.7902832e+01
   2.2339450e+06   3.9184570e+01
   2.2339990e+06   3.8757324e+01
   2.2340250e+06   3.6987305e+01
   2.2340440e+06   5.1391602e+01
   2.2340770e+06   4.2724609e+01
   2.2340900e+06   4.9560547e+01
   2.2341350e+06   4.3212891e+01
   2.2341460e+06   4.9865723e+01
   2.2341570e+06   4.3945313e+01
   2.2341800e+06   3.6621094e+01
   2.2342230e+06   4.4860840e+01
   2.2342460e+06   3.8757324e+01
   2.2343240e+06   6.0119629e+01
   2.2343460e+06   4.9682617e+01
   2.2343680e+06   3.7719727e+01
   2.2344310e+06   4.4616699e+01
   2.2345230e+06   3.7048340e+01
   2.2346160e+06   4.1564941e+01
   2.4252700e+06   4.8950195e+01
   2.4253640e+06   4.3762207e+01
   2.4253790e+06   3.8818359e+01
   2.4254310e+06   5.3222656e+01
   2.4254560e+06   4.4494629e+01
   2.4254850e+06   4.4677734e+01
   2.4255400e+06   3.6254883e+01
   2.4255650e+06   4.1137695e+01
   2.4256160e+06   3.8330078e+01
   2.4256540e+06   4.7302246e+01
   2.4256840e+06   4.1015625e+01
   2.4257150e+06   3.9001465e+01
   2.4257300e+06   3.7292480e+01
   2.4258360e+06   3.8879395e+01
   2.4258840e+06   3.7475586e+01
   2.4262560e+06   3.7658691e+01
   2.5656310e+06   4.0710449e+01
   2.5657050e+06   3.7658691e+01
   2.5657480e+06   4.2114258e+01
   2.5657880e+06   5.0964355e+01
   2.5658510e+06   3.7048340e+01
   2.5658730e+06   3.8024902e+01
   2.5659080e+06   3.7841797e+01
   2.5659290e+06   3.7292480e+01
   2.5659580e+06   4.0222168e+01
   2.5659710e+06   5.3405762e+01
   2.5659820e+06   3.9428711e+01
   2.5660230e+06   4.6386719e+01
   2.5660430e+06   3.8879395e+01
   2.5660600e+06   3.8574219e+01
   2.5660760e+06   3.9733887e+01
   2.5661020e+06   4.9621582e+01
   2.5661240e+06   3.7292480e+01
   2.5661510e+06   3.7963867e+01
   2.5663300e+06   5.0109863e+01
   2.5665210e+06   3.9123535e+01
   2.6890960e+06   3.8574219e+01
   2.6891210e+06   3.8940430e+01
   2.6891360e+06   4.5288086e+01
   2.6891960e+06   4.1809082e+01
   2.6892360e+06   4.3579102e+01
   2.6892460e+06   5.2429199e+01
   2.6892740e+06   4.6691895e+01
   2.6892880e+06   4.0100098e+01
   2.6893060e+06   3.6499023e+01
   2.6893460e+06   5.5541992e+01
   2.6893840e+06   4.1076660e+01
   2.6894100e+06   4.7119141e+01
   2.6894490e+06   3.6987305e+01
   2.6894760e+06   4.0710449e+01
   2.6894980e+06   3.7353516e+01
   2.6895510e+06   5.5297852e+01
   2.6895750e+06   3.8879395e+01
   2.6896700e+06   3.6804199e+01
   2.6897340e+06   4.2236328e+01
   2.6898340e+06   4.2297363e+01
   2.6898600e+06   3.7902832e+01
   2.6899790e+06   4.3334961e+01
   2.7728240e+06   4.8522949e+01
   2.7728500e+06   4.4433594e+01
   2.7728840e+06   4.6386719e+01
   2.7729130e+06   4.0161133e+01
   2.7729440e+06   4.4128418e+01
   2.7729670e+06   4.6569824e+01
   2.7729860e+06   4.1259766e+01
   2.7730240e+06   4.1625977e+01
   2.7730680e+06   4.1015625e+01
   2.7730830e+06   3.9245605e+01
   2.7731390e+06   3.7353516e+01
   2.7731730e+06   5.7067871e+01
   2.7732810e+06   3.7658691e+01
   2.7733330e+06   3.9550781e+01
   2.7734010e+06   3.8391113e+01
   2.9421030e+06   4.2846680e+01
   2.9421340e+06   4.0710449e+01
   2.9421750e+06   3.9306641e+01
   2.9422250e+06   3.8635254e+01
   2.9422470e+06   4.5104980e+01
   2.9422740e+06   4.3640137e+01
   2.9422960e+06   4.1931152e+01
   2.9423240e+06   4.7241211e+01
   2.9423390e+06   3.6804199e+01
   2.9423590e+06   4.1442871e+01
   2.9423770e+06   5.1086426e+01
   2.9423980e+06   3.8513184e+01
   2.9424240e+06   3.7719727e+01
   2.9424410e+06   4.0222168e+01
   2.9424900e+06   4.2419434e+01
   2.9425320e+06   3.7902832e+01
   2.9426170e+06   3.9855957e+01
   2.9426780e+06   3.9001465e+01
   2.9426880e+06   3.6682129e+01
   2.9427520e+06   3.7231445e+01
   2.9431110e+06   3.8146973e+01
   3.0345590e+06   3.6071777e+01
   3.0346940e+06   3.7902832e+01
   3.0347260e+06   3.7048340e+01
   3.0347830e+06   4.1809082e+01
   3.0352130e+06   3.7414551e+01
   3.0937820e+06   3.8879395e+01
   3.0938010e+06   3.6132813e+01
   3.0938380e+06   5.3161621e+01
   3.0938660e+06   4.2053223e+01
   3.0938960e+06   3.8146973e+01
   3.0939300e+06   4.6630859e+01
   3.0939510e+06   4.4311523e+01
   3.0939730e+06   3.6376953e+01
   3.0940020e+06   5.3588867e+01
   3.0940150e+06   3.7231445e+01
   3.0940550e+06   5.1330566e+01
   3.0940730e+06   3.9672852e+01
   3.0941040e+06   4.3212891e+01
   3.0941620e+06   3.7231445e+01
   3.1798570e+06   3.6254883e+01
   3.1798960e+06   3.7048340e+01
   3.1799060e+06   4.4189453e+01
   3.1799590e+06   3.6621094e+01
   3.1799880e+06   3.9733887e+01
   3.1800620e+06   4.2724609e+01
   3.1801550e+06   3.7841797e+01
   3.1801800e+06   3.9184570e+01
   3.1802050e+06   4.5227051e+01
   3.1802390e+06   3.8146973e+01
   3.2738860e+06   5.0109863e+01
   3.2739380e+06   3.8024902e+01
   3.2739770e+06   4.6997070e+01
   3.2740180e+06   4.6997070e+01
   3.2740410e+06   4.0405273e+01
   3.2740690e+06   3.6804199e+01
   3.2740840e+06   3.7353516e+01
   3.2741160e+06   5.2551270e+01
   3.2741550e+06   3.6682129e+01
   3.2742040e+06   4.0344238e+01
   3.2742260e+06   4.2480469e+01
   3.2742810e+06   3.8146973e+01
   3.2743300e+06   3.7353516e+01
   3.2744900e+06   3.9123535e+01
   3.3819250e+06   3.7719727e+01
   3.3820140e+06   4.6325684e+01
   3.3820460e+06   3.9550781e+01
   3.3820680e+06   4.2663574e+01
   3.3820910e+06   5.0720215e+01
   3.3821590e+06   3.8696289e+01
   3.3821960e+06   4.7790527e+01
   3.3822800e+06   3.7963867e+01
   3.3823010e+06   3.8635254e+01
   3.3823800e+06   4.3762207e+01
   3.3824270e+06   3.7719727e+01
   4.0857980e+06   3.6437988e+01
   4.0858140e+06   4.3823242e+01
   4.0858350e+06   3.7414551e+01
   4.0858520e+06   4.9621582e+01
   4.0859060e+06   3.7597656e+01
   4.0859880e+06   3.8085938e+01
   4.0860460e+06   3.9611816e+01
   4.0860790e+06   4.6386719e+01
   4.0862310e+06   4.0283203e+01
   4.2070170e+06   4.4616699e+01
   4.2070430e+06   4.1198730e+01
   4.2070580e+06   5.0781250e+01
   4.2070790e+06   4.1992188e+01
   4.2071330e+06   4.2541504e+01
   4.2071860e+06   3.6193848e+01
   4.2072010e+06   4.9011230e+01
   4.2072270e+06   3.6499023e+01
   4.2072830e+06   4.4677734e+01
   4.2072980e+06   3.6560059e+01
   4.2073770e+06   3.8024902e+01
   4.2073950e+06   3.7536621e+01
   4.3136260e+06   3.6132813e+01
   4.3136680e+06   4.6386719e+01
   4.3137010e+06   5.2795410e+01
   4.3137540e+06   4.0588379e+01
   4.3138250e+06   4.3762207e+01
   4.3138490e+06   5.2795410e+01
   4.3138830e+06   3.8879395e+01
   4.3139080e+06   3.6315918e+01
   4.3139550e+06   4.8889160e+01
   4.3139900e+06   3.9367676e+01
   4.3140060e+06   3.7658691e+01
   4.3140290e+06   4.2236328e+01
   4.3140680e+06   3.8391113e+01
   4.3140960e+06   3.8940430e+01
   4.3141850e+06   3.8391113e+01
   4.3142900e+06   3.8208008e+01
   4.3312690e+06   3.9611816e+01
   4.4718860e+06   4.0893555e+01
   4.4719130e+06   5.0659180e+01
   4.4719390e+06   4.8217773e+01
   4.4719980e+06   4.3701172e+01
   4.4720150e+06   4.0710449e+01
   4.4720300e+06   4.3212891e+01
   4.4720690e+06   3.8085938e+01
   4.4721250e+06   3.7963867e+01
   4.4721640e+06   4.9011230e+01
   4.4722050e+06   4.1076660e+01
   4.4724440e+06   4.0039063e+01
   4.5507280e+06   3.8696289e+01
   4.6515340e+06   3.9611816e+01
   4.6515840e+06   3.6499023e+01
   4.6516460e+06   4.2419434e+01
   4.6517690e+06   3.6682129e+01
   4.6518730e+06   3.9062500e+01
   4.6519260e+06   3.6193848e+01
   4.6520270e+06   4.0100098e+01
   4.8802780e+06   3.7353516e+01
   5.2324080e+06   4.1503906e+01
   5.5906750e+06   3.9367676e+01
   5.7102110e+06   4.7607422e+01
   5.7102290e+06   4.1076660e+01
   5.7103080e+06   3.6865234e+01
   5.7103310e+06   3.9184570e+01
   5.7103580e+06   4.1870117e+01
   5.7105210e+06   3.6560059e+01
   5.7975270e+06   3.7292480e+01
   5.7975580e+06   4.1625977e+01
   5.7976190e+06   3.8574219e+01
   5.7976510e+06   3.7780762e+01
   5.7976750e+06   3.6499023e+01
   5.7976860e+06   4.2846680e+01
   5.7977280e+06   3.6804199e+01
   5.7977480e+06   4.0710449e+01
   5.8207790e+06   3.8208008e+01
   5.8354340e+06   3.6315918e+01
   5.8509500e+06   4.3273926e+01
   5.8509610e+06   4.3029785e+01
   5.8510990e+06   4.0283203e+01
   5.8644540e+06   3.7536621e+01
   5.8645110e+06   4.2236328e+01
   5.8645770e+06   3.6804199e+01
   5.8646620e+06   3.9611816e+01
   5.8647370e+06   3.9550781e+01
   5.8648760e+06   3.7170410e+01
   5.8766740e+06   3.6193848e+01
   5.8766880e+06   3.7475586e+01
   5.8768360e+06   3.8330078e+01
   5.8769650e+06   3.6865234e+01
   5.8770320e+06   3.9672852e+01
   5.8771470e+06   3.6376953e+01
   5.8854650e+06   3.7780762e+01
   5.8951080e+06   3.9611816e+01
   5.9062440e+06   3.7048340e+01
   5.9063560e+06   4.0588379e+01
   5.9063830e+06   4.0405273e+01
   5.9065730e+06   3.6132813e+01
   5.9175440e+06   4.2541504e+01
   5.9177160e+06   4.2663574e+01
   5.9178170e+06   3.6865234e+01
   5.9178520e+06   4.4311523e+01
   5.9327480e+06   3.7475586e+01
   5.9327590e+06   5.2856445e+01
   5.9328460e+06   3.6560059e+01
   5.9328910e+06   4.0527344e+01
   5.9329690e+06   3.7048340e+01
   5.9330020e+06   3.6132813e+01
   5.9331250e+06   4.1687012e+01
   5.9331490e+06   4.1992188e+01
   5.9334250e+06   3.8696289e+01
   5.9599290e+06   3.6621094e+01
   5.9599680e+06   3.6132813e+01
   5.9599790e+06   3.7963867e+01
   5.9600300e+06   4.2480469e+01
   5.9686570e+06   4.1381836e+01
   5.9686780e+06   3.6315918e+01
   5.9817460e+06   3.7048340e+01
   5.9817620e+06   3.9428711e+01
   5.9925180e+06   4.0405273e+01
   5.9926680e+06   3.6743164e+01
   6.0050620e+06   3.6621094e+01
   6.0051950e+06   4.3884277e+01
   6.0187370e+06   4.0771484e+01
   6.0187540e+06   4.6447754e+01
   6.0187900e+06   4.2053223e+01
   6.0307410e+06   3.8879395e+01
   6.0307930e+06   4.2053223e+01
   6.0309370e+06   3.8208008e+01
   6.0572780e+06   4.0893555e+01
   6.2574360e+06   3.7414551e+01
   7.3323790e+06   4.1320801e+01
   7.3325620e+06   3.6254883e+01
   7.3326280e+06   3.9123535e+01
   7.3326710e+06   3.6621094e+01
   7.5954960e+06   4.0161133e+01
   8.1476370e+06   3.7414551e+01
   8.2213150e+06   3.6682129e+01
   8.3074650e+06   3.6071777e+01
   8.3076230e+06   3.9916992e+01
   8.3076840e+06   3.9855957e+01
   8.3077670e+06   3.6560059e+01
   8.3269940e+06   3.6437988e+01
   8.4144670e+06   3.7719727e+01
   8.4145520e+06   4.6447754e+01
   8.4146150e+06   3.8085938e+01
   8.4275970e+06   3.9916992e+01
   8.4371500e+06   3.7109375e+01
   8.4471240e+06   3.8757324e+01
   8.4578500e+06   3.6560059e+01
   8.4579240e+06   4.0771484e+01
   8.4695950e+06   3.9306641e+01
   8.4697950e+06   3.6071777e+01
   8.4816810e+06   3.6437988e+01
   8.4817260e+06   4.1198730e+01
   8.4818840e+06   5.0598145e+01
   8.4820620e+06   4.0649414e+01
   8.4993970e+06   4.3457031e+01
   8.4994250e+06   4.1259766e+01
   8.4995330e+06   4.1198730e+01
   8.4995820e+06   4.1015625e+01
   8.4996060e+06   3.9306641e+01
   8.5100380e+06   4.0222168e+01
   8.5215360e+06   4.2602539e+01
   8.5216370e+06   3.9916992e+01
   8.5217150e+06   3.7780762e+01
   8.5217340e+06   3.6987305e+01
   8.5219330e+06   4.4616699e+01
   8.5366370e+06   3.6071777e+01
   8.5443650e+06   3.7536621e+01
   8.5444620e+06   3.6193848e+01
   8.5549480e+06   3.7170410e+01
   8.5669130e+06   3.9672852e+01
   8.5669400e+06   3.8818359e+01
   8.5669570e+06   4.1931152e+01
   8.5675870e+06   4.0771484e+01
   8.5836380e+06   3.8330078e+01
   8.5943520e+06   3.7841797e+01
   8.5944010e+06   3.8635254e+01
   8.5944940e+06   4.0161133e+01
   8.6066210e+06   3.8452148e+01
   8.6066550e+06   3.8940430e+01
   8.6068510e+06   3.6376953e+01
   8.6069910e+06   3.8696289e+01
   8.6291170e+06   4.1992188e+01
   8.6292610e+06   4.1198730e+01
   8.6410090e+06   3.8574219e+01
   8.6564690e+06   3.7475586e+01
   8.6566010e+06   3.7292480e+01
   8.6733640e+06   3.8940430e+01
   9.3683170e+06   3.6132813e+01
   9.3688770e+06   3.7963867e+01
   9.4308850e+06   3.9489746e+01
   9.6429940e+06   4.1748047e+01
   9.6431690e+06   3.6071777e+01
   9.6432770e+06   3.9062500e+01
   9.6432950e+06   3.6560059e+01
   9.6433210e+06   4.2236328e+01
   9.6434330e+06   4.2358398e+01
   9.6434460e+06   4.0954590e+01
   1.0057287e+07   4.5532227e+01
   1.0057323e+07   4.2297363e+01
   1.0057349e+07   4.1687012e+01
   1.0057391e+07   4.0710449e+01
   1.0057419e+07   3.8452148e+01
   1.0057456e+07   4.2419434e+01
   1.0057487e+07   4.1625977e+01
   1.0057524e+07   4.7058105e+01
   1.0057597e+07   4.4372559e+01
   1.0057628e+07   3.9978027e+01
   1.0057696e+07   3.8024902e+01
   1.0058378e+07   3.6621094e+01
   1.0088990e+07   4.2053223e+01
   1.0106980e+07   4.0771484e+01
   1.0138205e+07   3.9489746e+01
   1.0138245e+07   3.8818359e+01
   1.0138271e+07   3.9489746e+01
   1.0138286e+07   5.3283691e+01
   1.0138313e+07   4.0405273e+01
   1.0138326e+07   4.2724609e+01
   1.0138345e+07   4.4128418e+01
   1.0138381e+07   4.6020508e+01
   1.0138429e+07   3.7658691e+01
   1.0138452e+07   3.7353516e+01
   1.0138515e+07   4.3273926e+01
   1.0138602e+07   3.8085938e+01
   1.0138691e+07   3.7658691e+01
   1.0138770e+07   3.6682129e+01
   1.0139583e+07   3.7231445e+01
   1.0149801e+07   3.9245605e+01
   1.0149829e+07   4.2541504e+01
   1.0149865e+07   3.6560059e+01
   1.0149898e+07   4.1198730e+01
   1.0149959e+07   4.0466309e+01
   1.0149983e+07   3.8513184e+01
   1.0150001e+07   4.8828125e+01
   1.0150022e+07   3.7475586e+01
   1.0150035e+07   3.9489746e+01
   1.0150079e+07   4.2846680e+01
   1.0150136e+07   5.0048828e+01
   1.0150271e+07   3.8391113e+01
   1.0150300e+07   3.6315918e+01
   1.0157360e+07   4.5288086e+01
   1.0164620e+07   3.7292480e+01
   1.0164643e+07   3.7353516e+01
   1.0164699e+07   4.4372559e+01
   1.0164728e+07   3.9978027e+01
   1.0164749e+07   4.5349121e+01
   1.0164772e+07   4.0832520e+01
   1.0164798e+07   3.8879395e+01
   1.0164821e+07   3.8513184e+01
   1.0164866e+07   3.7963867e+01
   1.0164916e+07   3.9001465e+01
   1.0164957e+07   4.1015625e+01
   1.0165149e+07   3.6804199e+01
   1.0172224e+07   4.5166016e+01
   1.0172296e+07   3.6926270e+01
   1.0172329e+07   3.8757324e+01
   1.0172358e+07   3.7536621e+01
   1.0172389e+07   4.1076660e+01
   1.0172426e+07   3.9916992e+01
   1.0172471e+07   4.7912598e+01
   1.0172529e+07   4.4494629e+01
   1.0180802e+07   3.6315918e+01
   1.0180832e+07   4.9255371e+01
   1.0180894e+07   4.9011230e+01
   1.0180922e+07   3.7475586e+01
   1.0180942e+07   4.8950195e+01
   1.0181026e+07   4.2114258e+01
   1.0181059e+07   4.2358398e+01
   1.0188838e+07   3.8635254e+01
   1.0188868e+07   4.4250488e+01
   1.0188946e+07   4.4494629e+01
   1.0189248e+07   3.6376953e+01
   1.0196904e+07   4.3945313e+01
   1.0196919e+07   4.6997070e+01
   1.0196943e+07   3.6804199e+01
   1.0196976e+07   4.4555664e+01
   1.0196997e+07   3.8452148e+01
   1.0197023e+07   4.5593262e+01
   1.0197082e+07   4.1259766e+01
   1.0197199e+07   3.7048340e+01
   1.0197247e+07   3.8269043e+01
   1.0197276e+07   3.8024902e+01
   1.0197299e+07   3.6865234e+01
   1.0203259e+07   3.8085938e+01
   1.0207222e+07   4.0588379e+01
   1.0213009e+07   4.5288086e+01
   1.0213038e+07   4.9377441e+01
   1.0213092e+07   4.5532227e+01
   1.0213137e+07   3.6193848e+01
   1.0213207e+07   3.8696289e+01
   1.0213304e+07   3.9489746e+01
   1.0213390e+07   3.6987305e+01
   1.0213408e+07   3.6560059e+01
   1.0219029e+07   3.7414551e+01
   1.0219062e+07   4.0893555e+01
   1.0219195e+07   4.1137695e+01
   1.0219308e+07   3.6804199e+01
   1.0224613e+07   3.8635254e+01
   1.0224729e+07   4.4128418e+01
   1.0224786e+07   3.9123535e+01
   1.0224826e+07   4.1381836e+01
   1.0224933e+07   3.9855957e+01
   1.0224981e+07   4.2419434e+01
   1.0231072e+07   3.7414551e+01
   1.0231129e+07   3.6865234e+01
   1.0231157e+07   3.6193848e+01
   1.0231178e+07   4.0588379e+01
   1.0231252e+07   4.5288086e+01
   1.0231284e+07   4.3029785e+01
   1.0231356e+07   4.0649414e+01
   1.0231426e+07   3.6071777e+01
   1.0237232e+07   4.4372559e+01
   1.0237251e+07   4.1992188e+01
   1.0237451e+07   3.7475586e+01
   1.0237730e+07   3.7658691e+01
   1.0241624e+07   3.9733887e+01
   1.0246811e+07   3.6743164e+01
   1.0246906e+07   4.9865723e+01
   1.0246929e+07   4.3334961e+01
   1.0246987e+07   3.8452148e+01
   1.0247086e+07   4.1442871e+01
   1.0247150e+07   4.0161133e+01
   1.0253781e+07   3.6071777e+01
   1.0253835e+07   3.8879395e+01
   1.0253959e+07   3.8696289e+01
   1.0259375e+07   3.8635254e+01
   1.0259417e+07   4.0710449e+01
   1.0259539e+07   3.7170410e+01
   1.0259571e+07   3.6743164e+01
   1.0259643e+07   4.6203613e+01
   1.0264657e+07   4.5349121e+01
   1.0264743e+07   3.8757324e+01
   1.0264807e+07   4.8645020e+01
   1.0264819e+07   3.6682129e+01
   1.0271679e+07   4.1503906e+01
   1.0271764e+07   3.6437988e+01
   1.0271786e+07   4.3273926e+01
   1.0271858e+07   4.0039063e+01
   1.0271896e+07   4.0649414e+01
   1.0271916e+07   3.9794922e+01
   1.0276768e+07   4.4616699e+01
   1.0276869e+07   3.7536621e+01
   1.0276948e+07   3.6437988e+01
   1.0283365e+07   4.1503906e+01
   1.0283388e+07   3.7353516e+01
   1.0283433e+07   4.0344238e+01
   1.0283445e+07   4.1259766e+01
   1.0283478e+07   3.7109375e+01
   1.0283518e+07   3.6254883e+01
   1.0291225e+07   5.0598145e+01
   1.0291265e+07   4.0100098e+01
   1.0291366e+07   3.7048340e+01
   1.0297533e+07   4.3640137e+01
   1.0297578e+07   4.1442871e+01
   1.0297613e+07   3.9611816e+01
   1.0304253e+07   4.2419434e+01
   1.0304274e+07   4.3029785e+01
   1.0304287e+07   3.7414551e+01
   1.0304332e+07   4.5349121e+01
   1.0304415e+07   3.7292480e+01
   1.0304466e+07   4.6752930e+01
   1.0304490e+07   3.6743164e+01
   1.0304553e+07   3.8635254e+01
   1.0312010e+07   3.7414551e+01
   1.0312084e+07   4.0344238e+01
   1.0312279e+07   3.7231445e+01
   1.0312344e+07   3.6499023e+01
   1.0312374e+07   3.8513184e+01
   1.0325046e+07   4.4738770e+01
   1.0325096e+07   3.9672852e+01
   1.0325114e+07   4.2968750e+01
   1.0325225e+07   4.4006348e+01
   1.0325270e+07   3.6682129e+01
   1.0325393e+07   3.9123535e+01
   1.0332319e+07   3.6254883e+01
   1.0332348e+07   3.6987305e+01
   1.0332572e+07   3.6071777e+01
   1.0332593e+07   3.6254883e+01
   1.0332627e+07   3.8940430e+01
   1.0342426e+07   3.8513184e+01
   1.0342444e+07   4.6447754e+01
   1.0342479e+07   4.3029785e+01
   1.0342586e+07   5.6884766e+01
   1.0342825e+07   3.7414551e+01
   1.0350133e+07   3.8024902e+01
   1.0350198e+07   4.5043945e+01
   1.0350237e+07   4.5898438e+01
   1.0350278e+07   3.7963867e+01
   1.0350357e+07   3.7841797e+01
   1.0350400e+07   3.6865234e+01
   1.0357241e+07   3.8940430e+01
   1.0357332e+07   3.8452148e+01
   1.0357359e+07   3.7353516e+01
   1.0357520e+07   4.2297363e+01
   1.0357619e+07   3.7963867e+01
   1.0357738e+07   3.7597656e+01
   1.0367050e+07   3.7963867e+01
   1.0367086e+07   3.6499023e+01
   1.0367102e+07   3.7048340e+01
   1.0367181e+07   4.0527344e+01
   1.0367225e+07   3.6621094e+01
   1.0367289e+07   3.9428711e+01
   1.0367346e+07   4.2846680e+01
   1.0367474e+07   3.6743164e+01
   1.0367505e+07   3.8879395e+01
   1.0382328e+07   3.9672852e+01
   1.0382349e+07   3.7475586e+01
   1.0382402e+07   4.1320801e+01
   1.0382516e+07   4.3884277e+01
   1.0382689e+07   4.2968750e+01
   1.0392388e+07   4.1015625e+01
   1.0392427e+07   3.6743164e+01
   1.0392450e+07   3.7780762e+01
   1.0392528e+07   3.6682129e+01
   1.0392570e+07   3.9794922e+01
   1.0392586e+07   3.8085938e+01
   1.0392614e+07   3.6315918e+01
   1.0392660e+07   3.6682129e+01
   1.0392757e+07   3.9855957e+01
   1.0392832e+07   3.6437988e+01
   1.0401743e+07   3.6193848e+01
   1.0401801e+07   4.7424316e+01
   1.0401865e+07   4.4067383e+01
   1.0401896e+07   3.7780762e+01
   1.0401941e+07   4.1137695e+01
   1.0401971e+07   4.1259766e+01
   1.0402037e+07   3.9245605e+01
   1.0402109e+07   4.2236328e+01
   1.0411424e+07   3.8452148e+01
   1.0411646e+07   3.8635254e+01
   1.0411695e+07   3.7170410e+01
   1.0411830e+07   3.6987305e+01
   1.0411923e+07   3.9001465e+01
   1.0412064e+07   3.6315918e+01
   1.0423056e+07   4.4128418e+01
   1.0423085e+07   3.6865234e+01
   1.0423142e+07   3.7475586e+01
   1.0423159e+07   3.7597656e+01
   1.0423265e+07   3.8391113e+01
   1.0423513e+07   3.9184570e+01
   1.0439988e+07   4.4250488e+01
   1.0440029e+07   4.4189453e+01
   1.0440056e+07   4.0710449e+01
   1.0440125e+07   3.6132813e+01
   1.0440234e+07   4.7485352e+01
   1.0440290e+07   4.3579102e+01
   1.0440354e+07   4.2663574e+01
   1.0440384e+07   3.8452148e+01
   1.0440486e+07   3.7536621e+01
   1.0440515e+07   3.8024902e+01
   1.0440567e+07   3.6071777e+01
   1.0449899e+07   3.7170410e+01
   1.0450267e+07   4.4250488e+01
   1.0450360e+07   3.6315918e+01
   1.0460057e+07   3.7780762e+01
   1.0460152e+07   4.2785645e+01
   1.0460223e+07   3.6865234e+01
   1.0460282e+07   3.7109375e+01
   1.0460366e+07   3.7658691e+01
   1.0460425e+07   3.6132813e+01
   1.0460447e+07   3.9184570e+01
   1.0460652e+07   3.7780762e+01
   1.0460719e+07   3.6376953e+01
   1.1680739e+07   4.1687012e+01
   1.1834649e+07   3.7414551e+01
   1.1834737e+07   3.6804199e+01
   1.1834805e+07   3.9245605e+01
