   1.1996000e+07   0.0000000e+00
   1.5180000e+03   3.8879395e+01
   1.6050000e+03   3.9001465e+01
   1.6390000e+03   4.8156738e+01
   1.7870000e+03   3.8940430e+01
   1.8720000e+03   3.6376953e+01
   1.9210000e+03   4.1015625e+01
   2.2820000e+03   3.7048340e+01
   9.3588000e+04   3.6560059e+01
   9.3652000e+04   4.6020508e+01
   9.3667000e+04   3.8696289e+01
   9.3718000e+04   4.8583984e+01
   9.3736000e+04   3.7780762e+01
   9.3789000e+04   3.9978027e+01
   9.3808000e+04   4.0893555e+01
   9.3867000e+04   4.1564941e+01
   2.1811800e+05   3.7658691e+01
   2.1831000e+05   4.4799805e+01
   2.1834400e+05   3.6987305e+01
   2.1839000e+05   3.6132813e+01
   8.6006100e+05   3.9062500e+01
   8.6008000e+05   4.4921875e+01
   8.6011400e+05   3.7048340e+01
   8.6017300e+05   4.3884277e+01
   8.6022100e+05   4.8950195e+01
   8.6051700e+05   4.0954590e+01
   9.4502700e+05   3.9794922e+01
   9.4507700e+05   3.8513184e+01
   9.4509000e+05   4.3823242e+01
   9.4523300e+05   4.2358398e+01
   1.0224250e+06   3.8940430e+01
   1.0224660e+06   3.9123535e+01
   1.0225080e+06   3.7353516e+01
   1.0225440e+06   3.6010742e+01
   1.0226350e+06   3.6499023e+01
   1.0226970e+06   3.6010742e+01
   1.1082410e+06   3.8269043e+01
   1.1083020e+06   3.8208008e+01
   1.1084210e+06   4.1198730e+01
   1.1084610e+06   4.2297363e+01
   1.1084910e+06   4.2602539e+01
   1.1085400e+06   3.8208008e+01
   1.1085700e+06   3.6437988e+01
   1.1085800e+06   4.3090820e+01
   1.1086820e+06   3.7536621e+01
   1.1861610e+06   3.5705566e+01
   1.1861980e+06   3.9184570e+01
   1.1862630e+06   3.8024902e+01
   1.1862910e+06   4.6936035e+01
   1.1863020e+06   4.3273926e+01
   1.1863930e+06   3.7292480e+01
   1.1866890e+06   3.8879395e+01
   1.2634450e+06   3.8635254e+01
   1.2635450e+06   3.6560059e+01
   1.2635980e+06   4.1015625e+01
   1.2636480e+06   4.0039063e+01
   1.2637430e+06   4.3762207e+01
   1.2637700e+06   3.7414551e+01
   1.4741040e+06   3.6437988e+01
   1.4741160e+06   3.6865234e+01
   1.4742270e+06   3.7902832e+01
   1.4742590e+06   3.8330078e+01
   1.4742940e+06   3.7353516e+01
   1.4743490e+06   3.7841797e+01
   1.4743900e+06   4.1564941e+01
   1.4744630e+06   3.8330078e+01
   1.4745690e+06   3.6987305e+01
   1.5964140e+06   3.9794922e+01
   1.7446090e+06   4.2541504e+01
   1.7447170e+06   4.1137695e+01
   1.7447930e+06   4.6569824e+01
   1.7448580e+06   5.0048828e+01
   1.7449740e+06   3.6132813e+01
   1.7449840e+06   3.6254883e+01
   1.8260300e+06   3.7902832e+01
   1.8261570e+06   3.7292480e+01
   1.8262780e+06   3.9916992e+01
   1.9131950e+06   4.1198730e+01
   1.9133690e+06   3.8879395e+01
   1.9134950e+06   3.5827637e+01
   1.9135530e+06   4.2663574e+01
   1.9136990e+06   4.3884277e+01
   2.0120620e+06   3.5705566e+01
   2.0121250e+06   3.6010742e+01
   2.0122050e+06   4.8217773e+01
   2.0122320e+06   4.0771484e+01
   2.0122790e+06   4.0222168e+01
   2.0123120e+06   3.6682129e+01
   2.0123400e+06   4.5715332e+01
   2.0124270e+06   3.7231445e+01
   2.0124860e+06   3.6437988e+01
   2.0127800e+06   3.6560059e+01
   2.1064770e+06   4.4982910e+01
   2.1065450e+06   3.5766602e+01
   2.1065770e+06   3.9978027e+01
   2.1066030e+06   4.0893555e+01
   2.1066520e+06   4.4494629e+01
   2.1067360e+06   3.9123535e+01
   2.1067980e+06   3.7231445e+01
   2.1068110e+06   4.0771484e+01
   2.2340420e+06   4.0405273e+01
   2.2340800e+06   3.5827637e+01
   2.2341220e+06   3.7292480e+01
   2.2341750e+06   4.5776367e+01
   2.2342060e+06   3.8635254e+01
   2.2344230e+06   3.7475586e+01
   2.4253970e+06   3.8696289e+01
   2.4254330e+06   3.7414551e+01
   2.4254500e+06   4.2541504e+01
   2.4255250e+06   4.5959473e+01
   2.4256710e+06   3.6315918e+01
   2.5657340e+06   4.0405273e+01
   2.5657730e+06   4.6020508e+01
   2.5658800e+06   3.5705566e+01
   2.5659320e+06   3.9306641e+01
   2.5659610e+06   4.2297363e+01
   2.5660030e+06   3.9428711e+01
   2.5660210e+06   4.1687012e+01
   2.6890950e+06   3.9184570e+01
   2.6891780e+06   4.2053223e+01
   2.6892350e+06   3.6743164e+01
   2.6892580e+06   3.6987305e+01
   2.6893090e+06   4.3823242e+01
   2.6894170e+06   4.0100098e+01
   2.6898100e+06   3.7414551e+01
   2.7731700e+06   3.7292480e+01
   2.7734560e+06   3.7597656e+01
   2.9422020e+06   3.6254883e+01
   2.9423380e+06   3.6437988e+01
   2.9423610e+06   3.8269043e+01
   2.9425120e+06   3.8879395e+01
   3.0346470e+06   3.8391113e+01
   3.0939200e+06   3.8635254e+01
   3.0939500e+06   4.3457031e+01
   3.0939990e+06   4.0954590e+01
   3.0940350e+06   3.5827637e+01
   3.1799470e+06   4.2602539e+01
   3.1800650e+06   3.7536621e+01
   3.3819470e+06   3.9978027e+01
   3.3819900e+06   4.0405273e+01
   3.3822660e+06   4.1564941e+01
   3.3822970e+06   3.6437988e+01
   4.0858680e+06   3.8940430e+01
   4.2072050e+06   3.6621094e+01
   4.3137990e+06   3.9306641e+01
   4.3138640e+06   3.9001465e+01
   4.3139540e+06   3.6499023e+01
   4.4720190e+06   3.8940430e+01
   4.6515480e+06   3.5949707e+01
   4.6517180e+06   3.8330078e+01
   4.8802210e+06   3.5827637e+01
   5.7101980e+06   3.6743164e+01
   5.7105190e+06   3.6254883e+01
   5.7975230e+06   4.3579102e+01
   5.7976370e+06   3.6315918e+01
   5.8093480e+06   3.6621094e+01
   5.8649740e+06   4.0039063e+01
   5.8652700e+06   3.5705566e+01
   5.9063720e+06   3.6621094e+01
   5.9176430e+06   3.7048340e+01
   5.9328240e+06   3.7414551e+01
   5.9329480e+06   3.6193848e+01
   5.9599860e+06   3.7658691e+01
   6.0052380e+06   3.8330078e+01
   6.0187140e+06   3.6132813e+01
   6.0189170e+06   3.7231445e+01
   6.0435120e+06   3.9245605e+01
   6.0436230e+06   3.7536621e+01
   6.2570050e+06   4.0588379e+01
   6.2575300e+06   3.9916992e+01
   7.2460580e+06   3.6132813e+01
   7.3542290e+06   3.6254883e+01
   7.5558810e+06   4.0100098e+01
   8.3077490e+06   3.8818359e+01
   8.3079260e+06   3.7231445e+01
   8.3079890e+06   3.6926270e+01
   8.5100250e+06   3.7414551e+01
   8.5835940e+06   3.6499023e+01
   8.6066230e+06   4.0283203e+01
   8.6066830e+06   4.0954590e+01
   8.6070470e+06   3.6499023e+01
   9.3679470e+06   3.6682129e+01
   9.4308480e+06   3.6132813e+01
   9.6430230e+06   3.6193848e+01
   9.6432630e+06   4.0039063e+01
   1.0057285e+07   3.7963867e+01
   1.0057297e+07   3.7353516e+01
   1.0057398e+07   3.9794922e+01
   1.0057494e+07   3.7109375e+01
   1.0057526e+07   3.6010742e+01
   1.0088776e+07   3.6804199e+01
   1.0138214e+07   3.5888672e+01
   1.0138271e+07   4.1015625e+01
   1.0138456e+07   4.1442871e+01
   1.0138524e+07   3.6010742e+01
   1.0138575e+07   4.4372559e+01
   1.0138657e+07   3.6437988e+01
   1.0149978e+07   3.6743164e+01
   1.0150031e+07   3.6621094e+01
   1.0150155e+07   3.6499023e+01
   1.0150181e+07   3.9855957e+01
   1.0150239e+07   3.7475586e+01
   1.0157362e+07   3.7231445e+01
   1.0157462e+07   3.7780762e+01
   1.0164637e+07   3.8391113e+01
   1.0164691e+07   3.9672852e+01
   1.0172394e+07   3.9184570e+01
   1.0172540e+07   3.5827637e+01
   1.0180856e+07   4.1137695e+01
   1.0180917e+07   4.3090820e+01
   1.0181105e+07   3.5888672e+01
   1.0197176e+07   3.7353516e+01
   1.0197229e+07   3.6865234e+01
   1.0203020e+07   4.4982910e+01
   1.0203084e+07   3.6132813e+01
   1.0203138e+07   3.6926270e+01
   1.0203189e+07   4.0344238e+01
   1.0203250e+07   3.5827637e+01
   1.0207337e+07   3.7414551e+01
   1.0213014e+07   4.1137695e+01
   1.0213152e+07   4.6813965e+01
   1.0219061e+07   3.6437988e+01
   1.0219097e+07   3.7902832e+01
   1.0219264e+07   3.6865234e+01
   1.0231105e+07   3.7414551e+01
   1.0231284e+07   3.7170410e+01
   1.0237271e+07   3.6071777e+01
   1.0246820e+07   3.6621094e+01
   1.0246997e+07   3.6315918e+01
   1.0247032e+07   3.6071777e+01
   1.0253679e+07   3.9672852e+01
   1.0253717e+07   3.7048340e+01
   1.0253797e+07   4.1870117e+01
   1.0259485e+07   4.0649414e+01
   1.0259528e+07   3.6010742e+01
   1.0264884e+07   3.7780762e+01
   1.0271684e+07   3.6071777e+01
   1.0271711e+07   3.8696289e+01
   1.0276747e+07   3.5949707e+01
   1.0283349e+07   3.7902832e+01
   1.0283373e+07   3.7353516e+01
   1.0283722e+07   3.6560059e+01
   1.0304435e+07   3.6926270e+01
   1.0312150e+07   3.6804199e+01
   1.0312247e+07   3.8696289e+01
   1.0325089e+07   3.5705566e+01
   1.0325180e+07   3.6682129e+01
   1.0332290e+07   3.6193848e+01
   1.0332391e+07   3.6621094e+01
   1.0332476e+07   3.7170410e+01
   1.0332597e+07   3.6193848e+01
   1.0342414e+07   3.6193848e+01
   1.0357326e+07   3.8757324e+01
   1.0357381e+07   3.6987305e+01
   1.0357545e+07   3.6071777e+01
   1.0357570e+07   3.7048340e+01
   1.0367065e+07   4.3457031e+01
   1.0367218e+07   4.5349121e+01
   1.0367584e+07   4.1564941e+01
   1.0382344e+07   3.8696289e+01
   1.0382398e+07   3.6682129e+01
   1.0382516e+07   3.6621094e+01
   1.0382956e+07   3.6682129e+01
   1.0401985e+07   3.8452148e+01
   1.0402020e+07   3.7597656e+01
   1.0402092e+07   3.8085938e+01
   1.0402164e+07   3.6254883e+01
   1.0423256e+07   4.3457031e+01
   1.0423322e+07   4.2846680e+01
   1.0440175e+07   3.9062500e+01
   1.0440260e+07   3.5888672e+01
   1.0440334e+07   3.9550781e+01
   1.0440616e+07   3.7597656e+01
   1.1680528e+07   3.7597656e+01
   1.1833913e+07   3.5888672e+01
   1.1860077e+07   3.6376953e+01
