   1.1996000e+07   0.0000000e+00
   1.0486000e+04   6.3720703e+01
   1.2689000e+04   6.8664551e+01
   1.4812000e+04   3.7780762e+01
   1.7010000e+04   7.1899414e+01
   1.8164000e+04   7.2875977e+01
   3.0863000e+04   6.3781738e+01
   3.8677000e+04   7.4157715e+01
   4.0998000e+04   5.8654785e+01
   4.2611000e+04   6.4086914e+01
   4.8224000e+04   6.1279297e+01
   5.8350000e+04   6.1523438e+01
   5.9471000e+04   8.2092285e+01
   6.5739000e+04   7.1350098e+01
   7.5021000e+04   7.2692871e+01
   8.4746000e+04   6.7626953e+01
   8.8058000e+04   4.0954590e+01
   9.1182000e+04   6.5368652e+01
   9.4925000e+04   6.2011719e+01
   1.0140900e+05   4.0466309e+01
   1.0168600e+05   6.6406250e+01
   1.0224600e+05   6.7626953e+01
   1.0923100e+05   5.4443359e+01
   1.1135500e+05   3.8452148e+01
   1.1330500e+05   6.0607910e+01
   1.1730400e+05   6.5246582e+01
   1.2117100e+05   7.0129395e+01
   1.4783200e+05   6.4147949e+01
   1.4887400e+05   5.8410645e+01
   1.4938600e+05   6.5307617e+01
   1.4983100e+05   6.5246582e+01
   1.5722600e+05   8.3740234e+01
   1.5980500e+05   4.0832520e+01
   1.6224900e+05   6.2500000e+01
   1.6409200e+05   6.6650391e+01
   1.6606500e+05   5.7739258e+01
   1.7721300e+05   6.7626953e+01
   1.7932000e+05   3.9001465e+01
   1.8410400e+05   6.3964844e+01
   1.8549300e+05   6.0058594e+01
   1.9039100e+05   5.7800293e+01
   1.9339700e+05   6.6467285e+01
   2.0269500e+05   7.3181152e+01
   2.0588700e+05   4.1687012e+01
   2.0990500e+05   6.9763184e+01
   2.1512600e+05   6.3049316e+01
   2.1906400e+05   6.4208984e+01
   2.2120400e+05   3.5339355e+01
   2.2149100e+05   7.6660156e+01
   2.2651500e+05   3.9001465e+01
   2.3179600e+05   4.0405273e+01
   2.5159600e+05   3.6560059e+01
   2.5498300e+05   7.5805664e+01
   2.5525600e+05   5.2368164e+01
   2.6052800e+05   3.5400391e+01
   2.6280900e+05   6.6894531e+01
   2.6537200e+05   6.2988281e+01
   2.7075500e+05   6.4331055e+01
   2.7259000e+05   3.5339355e+01
   2.7343400e+05   5.7006836e+01
   2.7449600e+05   6.5429688e+01
   2.7500200e+05   6.2744141e+01
   2.8063800e+05   6.5429688e+01
   2.8960400e+05   6.9091797e+01
   2.9159600e+05   6.7565918e+01
   2.9739400e+05   7.4279785e+01
   3.0449300e+05   6.0852051e+01
   3.0844000e+05   6.3415527e+01
   3.1168500e+05   7.6721191e+01
   3.2306400e+05   6.6528320e+01
   3.2943800e+05   7.4707031e+01
   3.3166000e+05   5.9875488e+01
   3.3459300e+05   3.5156250e+01
   3.4191000e+05   3.9733887e+01
   3.4403400e+05   7.0983887e+01
   3.4846900e+05   6.3598633e+01
   3.5125800e+05   7.0190430e+01
   3.6183900e+05   7.1105957e+01
   3.6574100e+05   3.6987305e+01
   3.6597600e+05   3.9184570e+01
   3.7511700e+05   3.7658691e+01
   3.7875700e+05   5.4626465e+01
   3.8182800e+05   6.1279297e+01
   3.8377400e+05   4.0283203e+01
   3.8556800e+05   3.7780762e+01
   3.8684700e+05   3.6315918e+01
   3.9210300e+05   6.9030762e+01
   4.0622000e+05   3.7780762e+01
   4.0968000e+05   4.1992187e+01
   4.1370500e+05   6.5612793e+01
   4.1960200e+05   7.2570801e+01
   4.2462700e+05   5.8837891e+01
   4.2646900e+05   7.1594238e+01
   4.2890800e+05   3.8696289e+01
   4.2893800e+05   4.8828125e+01
   4.2958100e+05   7.0617676e+01
   4.2974800e+05   6.5490723e+01
   4.3033900e+05   5.9631348e+01
   4.3927300e+05   7.5195313e+01
   4.4091600e+05   5.5786133e+01
   4.4548300e+05   7.1838379e+01
   4.4775400e+05   6.6528320e+01
   4.5257900e+05   7.2937012e+01
   4.5597500e+05   6.7687988e+01
   4.7160200e+05   7.3181152e+01
   4.7821400e+05   7.1960449e+01
   4.8321500e+05   3.5217285e+01
   4.8987400e+05   6.7565918e+01
   4.9271300e+05   6.8542480e+01
   5.1612600e+05   6.2500000e+01
   5.2262400e+05   7.3486328e+01
   5.2597900e+05   6.9824219e+01
   5.3925900e+05   3.6621094e+01
   5.4493900e+05   3.8208008e+01
   5.4788800e+05   6.9763184e+01
   5.5160800e+05   3.9733887e+01
   5.5340500e+05   6.0180664e+01
   5.5658900e+05   6.4392090e+01
   5.6083300e+05   6.3964844e+01
   5.6373200e+05   6.1645508e+01
   5.7015700e+05   6.5490723e+01
   5.7707800e+05   5.9570313e+01
   5.7831800e+05   5.4809570e+01
   5.8453600e+05   6.8054199e+01
   5.8722700e+05   6.6772461e+01
   5.9143900e+05   6.8359375e+01
   5.9672600e+05   7.2998047e+01
   5.9880300e+05   5.9875488e+01
   6.0103700e+05   6.9396973e+01
   6.0132400e+05   6.4025879e+01
   6.0186400e+05   6.7810059e+01
   6.0208500e+05   6.2805176e+01
   6.0836100e+05   6.1279297e+01
   6.1050800e+05   7.0068359e+01
   6.1314000e+05   6.9885254e+01
   6.1714200e+05   7.2021484e+01
   6.2148300e+05   6.6406250e+01
   6.3560900e+05   6.5063477e+01
   6.3711100e+05   7.1411133e+01
   6.5436200e+05   7.5317383e+01
   6.5846100e+05   6.2561035e+01
   6.6127800e+05   6.8176270e+01
   6.6691300e+05   6.0852051e+01
   6.6719000e+05   4.1076660e+01
   6.6759500e+05   6.3964844e+01
   6.6812500e+05   3.9855957e+01
   6.6972000e+05   3.7902832e+01
   6.7324500e+05   3.4973145e+01
   6.7710300e+05   6.6589355e+01
   6.7901100e+05   3.8085938e+01
   6.8410200e+05   3.7414551e+01
   6.9138000e+05   3.5278320e+01
   6.9511300e+05   6.1035156e+01
   7.0674400e+05   6.5490723e+01
   7.1131100e+05   8.1298828e+01
   7.1866300e+05   6.8359375e+01
   7.2460000e+05   7.1533203e+01
   7.3102700e+05   4.5104980e+01
   7.4422900e+05   4.3945313e+01
   7.4456200e+05   4.4250488e+01
   7.5801100e+05   6.6650391e+01
   7.6253400e+05   6.6284180e+01
   7.6724200e+05   6.3781738e+01
   7.7586000e+05   7.9284668e+01
   7.7638400e+05   4.6875000e+01
   7.7692100e+05   3.8513184e+01
   7.7736700e+05   5.4077148e+01
   7.8368300e+05   6.1645508e+01
   7.9069300e+05   8.3251953e+01
   7.9913200e+05   8.4533691e+01
   8.0319400e+05   6.4575195e+01
   8.0688400e+05   6.3110352e+01
   8.1611700e+05   4.2602539e+01
   8.2023500e+05   7.0739746e+01
   8.3998900e+05   4.6386719e+01
   8.4149400e+05   6.4636230e+01
   8.4477100e+05   6.3964844e+01
   8.4966300e+05   5.1330566e+01
   8.5978900e+05   7.0495605e+01
   8.6120000e+05   6.5979004e+01
   8.6147100e+05   7.1166992e+01
   8.6159000e+05   6.0058594e+01
   8.6174900e+05   6.2805176e+01
   8.6224300e+05   6.4941406e+01
   8.6274500e+05   5.2978516e+01
   8.6390500e+05   6.0485840e+01
   8.6676800e+05   6.8359375e+01
   8.6868000e+05   6.3049316e+01
   8.7037600e+05   6.1828613e+01
   8.7306100e+05   7.8674316e+01
   8.8361400e+05   6.8725586e+01
   9.0232000e+05   6.7932129e+01
   9.0300800e+05   5.8715820e+01
   9.3039900e+05   6.2622070e+01
   9.3058000e+05   5.3710938e+01
   9.4058600e+05   3.7719727e+01
   9.4280000e+05   6.0729980e+01
   9.5041800e+05   7.1960449e+01
   9.5691700e+05   7.3242188e+01
   9.6731300e+05   6.6040039e+01
   9.6807000e+05   5.8105469e+01
   9.6852100e+05   6.8481445e+01
   9.7821300e+05   6.2377930e+01
   9.9723500e+05   5.5419922e+01
   1.0049610e+06   7.4768066e+01
   1.0052450e+06   3.9672852e+01
   1.0083000e+06   3.9184570e+01
   1.0137550e+06   5.7189941e+01
   1.0193370e+06   7.9223633e+01
   1.0265010e+06   6.7321777e+01
   1.0313650e+06   6.6833496e+01
   1.0331970e+06   6.5979004e+01
   1.0550660e+06   3.6437988e+01
   1.0560180e+06   6.4147949e+01
   1.0564800e+06   7.0434570e+01
   1.0567330e+06   6.8359375e+01
   1.0569940e+06   5.7678223e+01
   1.0574490e+06   6.4758301e+01
   1.0628170e+06   3.7231445e+01
   1.0659670e+06   6.5551758e+01
   1.0693560e+06   6.0913086e+01
   1.0918780e+06   6.8420410e+01
   1.0994080e+06   3.7963867e+01
   1.1131960e+06   6.2927246e+01
   1.1278230e+06   4.6142578e+01
   1.1359440e+06   8.2031250e+01
   1.1423510e+06   6.9030762e+01
   1.1427790e+06   5.8898926e+01
   1.1444900e+06   7.2509766e+01
   1.1504700e+06   7.7514648e+01
   1.1621680e+06   4.3212891e+01
   1.1660730e+06   6.8603516e+01
   1.1721090e+06   7.0983887e+01
   1.1767420e+06   3.8879395e+01
   1.1805090e+06   3.7597656e+01
   1.1906610e+06   7.3608398e+01
   1.2086650e+06   3.5705566e+01
   1.2153090e+06   3.6376953e+01
   1.2172030e+06   7.0495605e+01
   1.2255650e+06   6.3781738e+01
   1.2278700e+06   6.6040039e+01
   1.2300630e+06   7.3364258e+01
   1.2349410e+06   6.0302734e+01
   1.2416670e+06   3.6926270e+01
   1.2449890e+06   7.0556641e+01
   1.2507030e+06   7.2937012e+01
   1.2524560e+06   6.9702148e+01
   1.2531000e+06   4.0527344e+01
   1.2533640e+06   6.2622070e+01
   1.2535870e+06   5.3894043e+01
   1.2543780e+06   6.6711426e+01
   1.2591840e+06   3.9123535e+01
   1.2719960e+06   4.6081543e+01
   1.2757330e+06   3.7231445e+01
   1.3006020e+06   7.2631836e+01
   1.3049710e+06   3.5522461e+01
   1.3102460e+06   6.1889648e+01
   1.3183650e+06   6.4514160e+01
   1.3353700e+06   3.6193848e+01
   1.3568070e+06   6.5734863e+01
   1.3582640e+06   6.4270020e+01
   1.3629030e+06   7.2326660e+01
   1.3677620e+06   3.5217285e+01
   1.3709900e+06   6.2622070e+01
   1.3890700e+06   6.0424805e+01
   1.3913240e+06   3.7780762e+01
   1.3952790e+06   6.1828613e+01
   1.3974110e+06   8.2031250e+01
   1.4228220e+06   6.8603516e+01
   1.4264660e+06   3.8452148e+01
   1.4326010e+06   5.5847168e+01
   1.4341040e+06   7.9772949e+01
   1.4391390e+06   5.9265137e+01
   1.4441560e+06   6.5917969e+01
   1.4510690e+06   4.2419434e+01
   1.4554850e+06   4.2846680e+01
   1.4630560e+06   7.1716309e+01
   1.4748240e+06   6.1706543e+01
   1.4816780e+06   6.3415527e+01
   1.4875550e+06   7.5378418e+01
   1.4908900e+06   5.3527832e+01
   1.4911510e+06   7.9650879e+01
   1.5004040e+06   6.8054199e+01
   1.5053320e+06   6.4331055e+01
   1.5105450e+06   3.5461426e+01
   1.5130440e+06   7.6110840e+01
   1.5153630e+06   4.0527344e+01
   1.5235420e+06   5.6945801e+01
   1.5265130e+06   6.1950684e+01
   1.5489810e+06   6.4392090e+01
   1.5550980e+06   6.5368652e+01
   1.5570100e+06   4.5410156e+01
   1.5581870e+06   5.8410645e+01
   1.5582870e+06   4.1320801e+01
   1.5583670e+06   5.6457520e+01
   1.5640070e+06   6.8664551e+01
   1.5672200e+06   6.6955566e+01
   1.5703390e+06   5.9631348e+01
   1.5711790e+06   7.4523926e+01
   1.5743800e+06   6.8847656e+01
   1.5750770e+06   4.2724609e+01
   1.5752610e+06   3.5705566e+01
   1.5757030e+06   6.7138672e+01
   1.5759640e+06   6.7993164e+01
   1.5761580e+06   6.7626953e+01
   1.5766370e+06   5.2856445e+01
   1.5784450e+06   6.5612793e+01
   1.6141280e+06   6.5612793e+01
   1.6166630e+06   6.9030762e+01
   1.6174950e+06   3.7658691e+01
   1.6178750e+06   5.4016113e+01
   1.6181470e+06   4.9499512e+01
   1.6184740e+06   5.7861328e+01
   1.6469710e+06   1.0070801e+02
   1.6472500e+06   7.2021484e+01
   1.6517440e+06   3.7109375e+01
   1.6575330e+06   7.4707031e+01
   1.6648660e+06   7.2448730e+01
   1.6718350e+06   6.1218262e+01
   1.6775400e+06   5.5908203e+01
   1.6795700e+06   6.3964844e+01
   1.6814330e+06   7.5500488e+01
   1.6829540e+06   6.6040039e+01
   1.6910880e+06   3.5156250e+01
   1.6964740e+06   4.4616699e+01
   1.6973770e+06   4.3090820e+01
   1.6974720e+06   7.4035645e+01
   1.6975530e+06   3.4973145e+01
   1.6979590e+06   5.7128906e+01
   1.6981500e+06   5.8166504e+01
   1.7059560e+06   3.7658691e+01
   1.7111980e+06   3.7780762e+01
   1.7145540e+06   4.1687012e+01
   1.7464180e+06   7.8491211e+01
   1.7486320e+06   8.5205078e+01
   1.7515390e+06   6.3171387e+01
   1.7547970e+06   3.6682129e+01
   1.7570620e+06   7.2448730e+01
   1.7701700e+06   4.1503906e+01
   1.7738560e+06   7.8613281e+01
   1.7960740e+06   7.4279785e+01
   1.7997500e+06   6.2500000e+01
   1.8048270e+06   6.3293457e+01
   1.8081120e+06   3.7719727e+01
   1.8099300e+06   3.8818359e+01
   1.8132510e+06   8.4045410e+01
   1.8134120e+06   6.4147949e+01
   1.8137370e+06   4.4921875e+01
   1.8144170e+06   6.1401367e+01
   1.8211140e+06   3.9855957e+01
   1.8330140e+06   4.2297363e+01
   1.8567310e+06   5.1635742e+01
   1.8591390e+06   6.2194824e+01
   1.8611340e+06   6.5795898e+01
   1.8628500e+06   6.5368652e+01
   1.8634920e+06   5.7678223e+01
   1.8700930e+06   5.1940918e+01
   1.8756060e+06   3.5095215e+01
   1.8797180e+06   7.1838379e+01
   1.8836550e+06   6.9519043e+01
   1.8869240e+06   7.2509766e+01
   1.8909800e+06   3.9916992e+01
   1.8936490e+06   3.6743164e+01
   1.8940760e+06   6.9763184e+01
   1.8944220e+06   3.8452148e+01
   1.8948710e+06   6.0974121e+01
   1.8956670e+06   6.6040039e+01
   1.9050190e+06   6.6223145e+01
   1.9101270e+06   6.4331055e+01
   1.9145930e+06   6.3781738e+01
   1.9244410e+06   6.8237305e+01
   1.9377100e+06   3.5278320e+01
   1.9391890e+06   4.6020508e+01
   1.9452100e+06   4.1992188e+01
   1.9555860e+06   3.7170410e+01
   1.9618300e+06   6.1462402e+01
   1.9663510e+06   5.4138184e+01
   1.9704920e+06   7.3730469e+01
   1.9766590e+06   6.5673828e+01
   1.9790900e+06   6.7016602e+01
   1.9808540e+06   7.3791504e+01
   1.9891580e+06   5.2001953e+01
   1.9953430e+06   5.1940918e+01
   1.9982860e+06   6.1279297e+01
   2.0052970e+06   8.2031250e+01
   2.0066010e+06   3.6621094e+01
   2.0226800e+06   6.2377930e+01
   2.0255240e+06   6.2011719e+01
   2.0283920e+06   5.9997559e+01
   2.0313080e+06   6.8481445e+01
   2.0335100e+06   6.1279297e+01
   2.0370750e+06   7.0251465e+01
   2.0387210e+06   4.1870117e+01
   2.0451980e+06   5.9997559e+01
   2.0499160e+06   7.0495605e+01
   2.0693550e+06   7.3547363e+01
   2.0714990e+06   4.1503906e+01
   2.0796190e+06   6.7138672e+01
   2.0806880e+06   6.8054199e+01
   2.0865240e+06   7.5988770e+01
   2.0892550e+06   5.5419922e+01
   2.0936590e+06   5.5297852e+01
   2.0937520e+06   4.8645020e+01
   2.1012470e+06   6.6345215e+01
   2.1035280e+06   6.7077637e+01
   2.1158780e+06   8.1359863e+01
   2.1240080e+06   5.5786133e+01
   2.1293550e+06   6.0852051e+01
   2.1299680e+06   6.4636230e+01
   2.1306570e+06   7.5439453e+01
   2.1307630e+06   3.8085938e+01
   2.1307920e+06   5.3100586e+01
   2.1421860e+06   3.6499023e+01
   2.1490820e+06   3.5705566e+01
   2.1532970e+06   7.5195313e+01
   2.1577550e+06   7.5378418e+01
   2.1680710e+06   7.5683594e+01
   2.1797670e+06   7.7697754e+01
   2.2000900e+06   6.8786621e+01
   2.2127690e+06   6.1706543e+01
   2.2358790e+06   7.8247070e+01
   2.2410610e+06   3.9489746e+01
   2.2411930e+06   3.9367676e+01
   2.2412680e+06   5.0354004e+01
   2.2413300e+06   5.6152344e+01
   2.2415250e+06   7.3852539e+01
   2.2416700e+06   5.7312012e+01
   2.2420520e+06   6.8664551e+01
   2.2517800e+06   7.5378418e+01
   2.2547000e+06   7.8186035e+01
   2.2550020e+06   4.7790527e+01
   2.2552520e+06   6.7504883e+01
   2.2555900e+06   5.2856445e+01
   2.2627700e+06   5.8837891e+01
   2.2770090e+06   6.6650391e+01
   2.2934710e+06   5.6518555e+01
   2.3028160e+06   3.9855957e+01
   2.3094330e+06   7.2692871e+01
   2.3150410e+06   7.3181152e+01
   2.3207720e+06   7.9101563e+01
   2.3231410e+06   4.4128418e+01
   2.3236260e+06   7.3547363e+01
   2.3239310e+06   5.2917480e+01
   2.3352990e+06   6.4208984e+01
   2.3469860e+06   7.9650879e+01
   2.3565100e+06   5.6030273e+01
   2.3651050e+06   6.5856934e+01
   2.3953590e+06   6.0302734e+01
   2.3958210e+06   5.8349609e+01
   2.4026080e+06   7.2631836e+01
   2.4141780e+06   6.3659668e+01
   2.4224370e+06   6.3171387e+01
   2.4282040e+06   4.0100098e+01
   2.4367870e+06   7.7087402e+01
   2.4445550e+06   6.1096191e+01
   2.4482040e+06   5.9509277e+01
   2.4499930e+06   5.3527832e+01
   2.4569820e+06   4.3762207e+01
   2.4637450e+06   4.4494629e+01
   2.4691920e+06   6.6284180e+01
   2.4717870e+06   7.4340820e+01
   2.4736110e+06   6.5246582e+01
   2.4806070e+06   6.8237305e+01
   2.4835700e+06   4.1381836e+01
   2.4881300e+06   6.2988281e+01
   2.4923400e+06   6.0607910e+01
   2.4945280e+06   7.0983887e+01
   2.5001180e+06   4.0283203e+01
   2.5022000e+06   6.7810059e+01
   2.5121770e+06   7.3791504e+01
   2.5131070e+06   5.6396484e+01
   2.5220010e+06   6.7810059e+01
   2.5267080e+06   6.1218262e+01
   2.5291470e+06   4.6142578e+01
   2.5356670e+06   3.9672852e+01
   2.5387440e+06   3.9367676e+01
   2.5397260e+06   3.5400391e+01
   2.5458730e+06   7.5073242e+01
   2.5507910e+06   6.9152832e+01
   2.5546820e+06   6.8542480e+01
   2.5920060e+06   3.6071777e+01
   2.5933390e+06   5.8105469e+01
   2.6081950e+06   6.8054199e+01
   2.6533370e+06   6.3842773e+01
   2.6576500e+06   7.3913574e+01
   2.6618050e+06   7.3059082e+01
   2.6658080e+06   6.0424805e+01
   2.6687860e+06   6.5002441e+01
   2.6743050e+06   4.9987793e+01
   2.6746190e+06   7.4035645e+01
   2.6749180e+06   6.9458008e+01
   2.6751480e+06   3.5644531e+01
   2.6752720e+06   6.0424805e+01
   2.6758120e+06   6.6406250e+01
   2.7097220e+06   5.5358887e+01
   2.7106300e+06   6.3415527e+01
   2.7202670e+06   3.7963867e+01
   2.7320930e+06   3.6865234e+01
   2.7396290e+06   7.3852539e+01
   2.7680800e+06   5.8227539e+01
   2.7684530e+06   7.4096680e+01
   2.7688080e+06   5.9265137e+01
   2.7832020e+06   3.6071777e+01
   2.7889630e+06   6.3354492e+01
   2.7891630e+06   5.5053711e+01
   2.7895800e+06   6.2500000e+01
   2.7898240e+06   5.9753418e+01
   2.7899560e+06   5.9448242e+01
   2.7989170e+06   6.9335938e+01
   2.8082520e+06   3.5949707e+01
   2.8385080e+06   3.9062500e+01
   2.8453610e+06   5.9692383e+01
   2.8584310e+06   3.8146973e+01
   2.8585590e+06   5.9204102e+01
   2.8660940e+06   7.7941895e+01
   2.8717110e+06   7.3974609e+01
   2.8762400e+06   6.5917969e+01
   2.8782930e+06   6.7993164e+01
   2.8784250e+06   6.2927246e+01
   2.8785660e+06   5.8959961e+01
   2.8789540e+06   3.6071777e+01
   2.8790910e+06   5.8593750e+01
   2.8793250e+06   5.1574707e+01
   2.8795290e+06   5.6701660e+01
   2.8797430e+06   6.0607910e+01
   2.8948930e+06   5.9875488e+01
   2.8950950e+06   6.1401367e+01
   2.9267600e+06   3.9978027e+01
   2.9419710e+06   3.9672852e+01
   2.9589170e+06   8.2336426e+01
   2.9590280e+06   5.5480957e+01
   2.9591090e+06   5.2124023e+01
   2.9592250e+06   6.3781738e+01
   2.9595190e+06   6.8969727e+01
   2.9596610e+06   5.8898926e+01
   2.9598090e+06   5.2368164e+01
   2.9599520e+06   5.8654785e+01
   2.9601060e+06   4.4433594e+01
   2.9699490e+06   5.9936523e+01
   2.9876690e+06   4.2968750e+01
   2.9876870e+06   4.0832520e+01
   3.0002410e+06   5.9265137e+01
   3.0055350e+06   6.0668945e+01
   3.0056320e+06   7.3669434e+01
   3.0057330e+06   3.8940430e+01
   3.0057540e+06   3.6499023e+01
   3.0058000e+06   4.5288086e+01
   3.0059480e+06   3.8940430e+01
   3.0062250e+06   5.4016113e+01
   3.0102870e+06   6.2744141e+01
   3.0133540e+06   6.7993164e+01
   3.0173260e+06   3.8085938e+01
   3.0174080e+06   6.5490723e+01
   3.0175180e+06   5.6457520e+01
   3.0176180e+06   3.6315918e+01
   3.0177430e+06   5.4077148e+01
   3.0184030e+06   5.9631348e+01
   3.0342570e+06   6.3049316e+01
   3.0399080e+06   3.6132813e+01
   3.0460170e+06   6.8054199e+01
   3.0529240e+06   6.2561035e+01
   3.0576540e+06   3.8513184e+01
   3.0581910e+06   6.6955566e+01
   3.0658320e+06   3.9855957e+01
   3.0734940e+06   7.4829102e+01
   3.0739450e+06   6.7626953e+01
   3.0766640e+06   6.0485840e+01
   3.0819050e+06   7.4768066e+01
   3.0820060e+06   6.2316895e+01
   3.0825670e+06   5.8227539e+01
   3.0828270e+06   7.2143555e+01
   3.0902110e+06   7.8735352e+01
   3.0955580e+06   3.9550781e+01
   3.0968090e+06   6.8298340e+01
   3.0968900e+06   5.4809570e+01
   3.1055800e+06   7.5622559e+01
   3.1056780e+06   6.3415527e+01
   3.1145890e+06   5.9448242e+01
   3.1219820e+06   3.8818359e+01
   3.1303520e+06   3.5278320e+01
   3.1432350e+06   7.3364258e+01
   3.1434200e+06   5.6518555e+01
   3.1580780e+06   6.8725586e+01
   3.1583850e+06   7.4096680e+01
   3.1680480e+06   5.9387207e+01
   3.1757190e+06   7.6904297e+01
   3.1758990e+06   7.9345703e+01
   3.1769920e+06   5.9448242e+01
   3.1867780e+06   3.7719727e+01
   3.1946260e+06   5.2124023e+01
   3.1946630e+06   4.6264648e+01
   3.1948440e+06   4.2724609e+01
   3.2056510e+06   6.4880371e+01
   3.2062260e+06   7.6171875e+01
   3.2267170e+06   5.6945801e+01
   3.2292410e+06   5.8532715e+01
   3.2347800e+06   5.8410645e+01
   3.2384450e+06   7.6782227e+01
   3.2492560e+06   3.6743164e+01
   3.2506090e+06   3.6437988e+01
   3.2516900e+06   6.0058594e+01
   3.2596500e+06   5.5908203e+01
   3.2628550e+06   4.3457031e+01
   3.2628820e+06   5.1696777e+01
   3.2629410e+06   3.6315918e+01
   3.2630260e+06   6.7565918e+01
   3.2709460e+06   7.4584961e+01
   3.2745220e+06   6.7138672e+01
   3.2802600e+06   4.3395996e+01
   3.2979490e+06   6.9213867e+01
   3.3143430e+06   3.6560059e+01
   3.3171940e+06   6.7443848e+01
   3.3174140e+06   3.6376953e+01
   3.3182400e+06   6.8420410e+01
   3.3320100e+06   6.3293457e+01
   3.3325520e+06   4.0100098e+01
   3.3452810e+06   3.8513184e+01
   3.3485100e+06   5.8105469e+01
   3.3565370e+06   7.5744629e+01
   3.3614480e+06   7.1716309e+01
   3.3626740e+06   3.8757324e+01
   3.3698870e+06   6.2805176e+01
   3.3769750e+06   7.3425293e+01
   3.3806470e+06   6.2500000e+01
   3.3866170e+06   4.0039063e+01
   3.3894330e+06   3.8452148e+01
   3.3894810e+06   6.3842773e+01
   3.3895050e+06   3.6865234e+01
   3.3899070e+06   5.7312012e+01
   3.4024030e+06   4.2175293e+01
   3.4059100e+06   7.2143555e+01
   3.4191400e+06   7.6904297e+01
   3.4286480e+06   6.9274902e+01
   3.4375440e+06   6.4270020e+01
   3.4433130e+06   5.8288574e+01
   3.4471020e+06   6.7565918e+01
   3.4497260e+06   6.1950684e+01
   3.4544230e+06   4.3640137e+01
   3.4546140e+06   3.8818359e+01
   3.4547020e+06   3.8452148e+01
   3.4999910e+06   6.0363770e+01
   3.5216880e+06   7.9956055e+01
   3.5336920e+06   4.0832520e+01
   3.5375800e+06   5.5297852e+01
   3.5423760e+06   6.2622070e+01
   3.5459260e+06   6.6162109e+01
   3.5537470e+06   4.7241211e+01
   3.5578930e+06   4.9011230e+01
   3.5581850e+06   4.3640137e+01
   3.5583050e+06   7.1594238e+01
   3.5688530e+06   4.5043945e+01
   3.5766650e+06   6.3110352e+01
   3.5843740e+06   5.8776855e+01
   3.5865100e+06   6.5734863e+01
   3.5952040e+06   5.8959961e+01
   3.5996060e+06   7.1044922e+01
   3.6068560e+06   6.7260742e+01
   3.6100200e+06   4.5410156e+01
   3.6175010e+06   5.9692383e+01
   3.6204890e+06   4.3579102e+01
   3.6205910e+06   6.8359375e+01
   3.6206320e+06   4.1870117e+01
   3.6331430e+06   7.0312500e+01
   3.6396660e+06   4.6752930e+01
   3.6402700e+06   6.9946289e+01
   3.6640480e+06   7.0251465e+01
   3.6648400e+06   4.2297363e+01
   3.6650810e+06   3.7902832e+01
   3.6765810e+06   7.9345703e+01
   3.6802980e+06   7.2753906e+01
   3.6838500e+06   4.9499512e+01
   3.6979200e+06   7.9345703e+01
   3.7064720e+06   5.7983398e+01
   3.7144630e+06   7.8430176e+01
   3.7374320e+06   7.5988770e+01
   3.7440230e+06   6.7810059e+01
   3.7458600e+06   3.9367676e+01
   3.7471650e+06   4.1076660e+01
   3.7473430e+06   3.9306641e+01
   3.7585800e+06   8.2580566e+01
   3.7740790e+06   3.8024902e+01
   3.7896670e+06   5.6640625e+01
   3.7980900e+06   5.8837891e+01
   3.8029280e+06   7.1472168e+01
   3.8061910e+06   3.7963867e+01
   3.8063100e+06   3.6682129e+01
   3.8064650e+06   3.8635254e+01
   3.8264560e+06   4.3884277e+01
   3.8444920e+06   6.4270020e+01
   3.8484780e+06   7.2692871e+01
   3.8576730e+06   6.3232422e+01
   3.8600620e+06   7.3608398e+01
   3.8629950e+06   4.6813965e+01
   3.8633820e+06   4.1931152e+01
   3.8841860e+06   6.0668945e+01
   3.8931800e+06   7.8125000e+01
   3.9010150e+06   6.2072754e+01
   3.9030620e+06   4.6875000e+01
   3.9061520e+06   3.6926270e+01
   3.9061910e+06   6.5246582e+01
   3.9201390e+06   3.5888672e+01
   3.9272350e+06   6.7260742e+01
   3.9360160e+06   8.0200195e+01
   3.9400420e+06   5.6396484e+01
   3.9430890e+06   4.6569824e+01
   3.9512730e+06   6.2438965e+01
   3.9644820e+06   6.1828613e+01
   3.9730530e+06   5.9997559e+01
   3.9752710e+06   5.9692383e+01
   3.9786010e+06   4.0100098e+01
   3.9824950e+06   5.8288574e+01
   3.9857260e+06   6.1645508e+01
   3.9948690e+06   6.2683105e+01
   4.0001770e+06   7.0434570e+01
   4.0209120e+06   7.4035645e+01
   4.0365600e+06   3.6743164e+01
   4.0400600e+06   5.9509277e+01
   4.0423940e+06   6.2316895e+01
   4.0428960e+06   4.0832520e+01
   4.0514590e+06   7.1350098e+01
   4.0544310e+06   7.2448730e+01
   4.0583660e+06   4.1198730e+01
   4.0629470e+06   5.5297852e+01
   4.0737170e+06   5.5786133e+01
   4.0738730e+06   6.4758301e+01
   4.0739700e+06   7.1594238e+01
   4.0741540e+06   6.2072754e+01
   4.0743150e+06   7.0556641e+01
   4.0747620e+06   4.2419434e+01
   4.0866520e+06   6.8115234e+01
   4.0919290e+06   7.4584961e+01
   4.1273760e+06   5.8471680e+01
   4.1554210e+06   4.0283203e+01
   4.1587140e+06   4.0710449e+01
   4.1589200e+06   6.1035156e+01
   4.1590720e+06   6.8725586e+01
   4.1687980e+06   4.1137695e+01
   4.1726960e+06   6.6284180e+01
   4.1801070e+06   3.7292480e+01
   4.1898970e+06   5.2429199e+01
   4.1961360e+06   4.9560547e+01
   4.1978250e+06   4.6386719e+01
   4.1981570e+06   6.1889648e+01
   4.1983870e+06   3.8269043e+01
   4.2162100e+06   4.3273926e+01
   4.2378710e+06   3.5461426e+01
   4.2485410e+06   7.0556641e+01
   4.2557680e+06   4.6936035e+01
   4.2578940e+06   6.1889648e+01
   4.2667880e+06   3.5644531e+01
   4.2700400e+06   3.7414551e+01
   4.2705510e+06   3.7536621e+01
   4.2706290e+06   3.9428711e+01
   4.2710520e+06   7.5744629e+01
   4.2796440e+06   5.7128906e+01
   4.2831380e+06   4.9743652e+01
   4.2852960e+06   6.0180664e+01
   4.2867500e+06   7.0007324e+01
   4.2887190e+06   5.4809570e+01
   4.2932060e+06   6.4880371e+01
   4.2955210e+06   6.2316895e+01
   4.3009460e+06   4.8400879e+01
   4.3011130e+06   6.9458008e+01
   4.3110950e+06   6.0791016e+01
   4.3145830e+06   6.0119629e+01
   4.3183990e+06   6.6345215e+01
   4.3201460e+06   6.4392090e+01
   4.3233420e+06   6.7871094e+01
   4.3268000e+06   6.5551758e+01
   4.3319810e+06   6.8969727e+01
   4.3334770e+06   3.5217285e+01
   4.3374900e+06   5.9265137e+01
   4.3432620e+06   7.5805664e+01
   4.3434470e+06   3.8635254e+01
   4.3561620e+06   6.3232422e+01
   4.3588350e+06   6.5002441e+01
   4.3739000e+06   5.5114746e+01
   4.3871490e+06   6.2744141e+01
   4.3892240e+06   5.9509277e+01
   4.3937960e+06   7.3059082e+01
   4.3954100e+06   7.3303223e+01
   4.3968430e+06   6.6406250e+01
   4.4022600e+06   4.4982910e+01
   4.4023450e+06   3.9550781e+01
   4.4024040e+06   4.5288086e+01
   4.4025000e+06   3.6254883e+01
   4.4025260e+06   4.9194336e+01
   4.4026240e+06   6.7993164e+01
   4.4030090e+06   5.5175781e+01
   4.4033230e+06   4.4677734e+01
   4.4125330e+06   7.6477051e+01
   4.4155430e+06   6.8603516e+01
   4.4230780e+06   5.4382324e+01
   4.4275600e+06   6.7443848e+01
   4.4345170e+06   5.9143066e+01
   4.4370840e+06   3.9550781e+01
   4.4395660e+06   7.2082520e+01
   4.4495040e+06   8.0322266e+01
   4.4586680e+06   4.1076660e+01
   4.4699290e+06   6.2133789e+01
   4.4730700e+06   5.3955078e+01
   4.4770410e+06   6.2805176e+01
   4.4902870e+06   4.2236328e+01
   4.4904960e+06   3.7902832e+01
   4.5028720e+06   3.5461426e+01
   4.5060120e+06   6.8298340e+01
   4.5074950e+06   5.4504395e+01
   4.5132800e+06   6.7932129e+01
   4.5176050e+06   3.5278320e+01
   4.5210720e+06   4.2846680e+01
   4.5368600e+06   7.7514648e+01
   4.5396510e+06   5.6579590e+01
   4.5423120e+06   5.3771973e+01
   4.5462010e+06   6.9580078e+01
   4.5513280e+06   7.5988770e+01
   4.5539390e+06   8.1726074e+01
   4.5558660e+06   3.6376953e+01
   4.5560340e+06   4.6997070e+01
   4.5563030e+06   3.5339355e+01
   4.5660130e+06   5.7312012e+01
   4.5701780e+06   6.8908691e+01
   4.5725700e+06   3.6926270e+01
   4.5854050e+06   7.2265625e+01
   4.5954750e+06   6.7199707e+01
   4.5988410e+06   3.5217285e+01
   4.5992460e+06   4.0588379e+01
   4.6049880e+06   4.5043945e+01
   4.6057900e+06   6.1401367e+01
   4.6139620e+06   5.9753418e+01
   4.6167430e+06   3.9733887e+01
   4.6192220e+06   5.6213379e+01
   4.6257220e+06   6.1523438e+01
   4.6317130e+06   3.6682129e+01
   4.6601000e+06   6.2744141e+01
   4.6708780e+06   6.0485840e+01
   4.6849750e+06   6.2011719e+01
   4.6870280e+06   6.0180664e+01
   4.6954260e+06   4.7363281e+01
   4.7058980e+06   5.9570313e+01
   4.7081690e+06   5.7128906e+01
   4.7188670e+06   5.5847168e+01
   4.7212520e+06   6.0424805e+01
   4.7236450e+06   4.1870117e+01
   4.7317030e+06   6.9763184e+01
   4.7413710e+06   4.1076660e+01
   4.7414710e+06   3.9123535e+01
   4.7415420e+06   4.4189453e+01
   4.7415690e+06   7.7636719e+01
   4.7605110e+06   5.9387207e+01
   4.7608030e+06   3.6682129e+01
   4.7608400e+06   6.5490723e+01
   4.7609380e+06   4.2053223e+01
   4.7609990e+06   6.5979004e+01
   4.7703830e+06   7.3181152e+01
   4.7732380e+06   6.6101074e+01
   4.7773920e+06   6.4697266e+01
   4.8054630e+06   3.9062500e+01
   4.8099430e+06   7.1228027e+01
   4.8177710e+06   6.9335938e+01
   4.8202810e+06   7.4157715e+01
   4.8321030e+06   3.7292480e+01
   4.8363350e+06   3.7353516e+01
   4.8480150e+06   6.4086914e+01
   4.8522760e+06   6.7321777e+01
   4.8711140e+06   4.1564941e+01
   4.8712570e+06   3.4973145e+01
   4.8838930e+06   6.8298340e+01
   4.8912650e+06   5.5175781e+01
   4.8993650e+06   6.3476563e+01
   4.9143680e+06   4.4006348e+01
   4.9144380e+06   6.4636230e+01
   4.9144850e+06   3.9794922e+01
   4.9241590e+06   5.6823730e+01
   4.9261050e+06   3.5644531e+01
   4.9310380e+06   6.3354492e+01
   4.9347110e+06   5.7861328e+01
   4.9399870e+06   3.7414551e+01
   4.9400420e+06   5.3649902e+01
   4.9482460e+06   6.5612793e+01
   4.9515820e+06   8.0627441e+01
   4.9674350e+06   4.0344238e+01
   4.9674550e+06   7.6965332e+01
   4.9675330e+06   5.1208496e+01
   4.9675860e+06   5.6823730e+01
   4.9677900e+06   4.5043945e+01
   4.9679480e+06   6.3415527e+01
   4.9681340e+06   4.5104980e+01
   4.9803620e+06   4.1015625e+01
   4.9870800e+06   6.9702148e+01
   4.9933900e+06   3.7109375e+01
   5.0056890e+06   6.7687988e+01
   5.0100190e+06   5.6579590e+01
   5.0169800e+06   6.0791016e+01
   5.0194180e+06   6.4392090e+01
   5.0293120e+06   6.9946289e+01
   5.0342500e+06   5.7678223e+01
   5.0344890e+06   4.0161133e+01
   5.0425550e+06   5.9875488e+01
   5.0693020e+06   6.7016602e+01
   5.0736110e+06   3.6865234e+01
   5.0757050e+06   6.5551758e+01
   5.0779820e+06   3.6010742e+01
   5.0780470e+06   4.0344238e+01
   5.0780610e+06   5.4870605e+01
   5.0993750e+06   3.8208008e+01
   5.1064340e+06   6.8969727e+01
   5.1081580e+06   3.8818359e+01
   5.1176540e+06   3.6560059e+01
   5.1262960e+06   7.7026367e+01
   5.1318910e+06   5.8593750e+01
   5.1370080e+06   6.6833496e+01
   5.1566470e+06   3.9245605e+01
   5.1658230e+06   5.8471680e+01
   5.1680060e+06   6.5185547e+01
   5.1809640e+06   4.4250488e+01
   5.1838750e+06   3.8391113e+01
   5.1862910e+06   4.1809082e+01
   5.1941250e+06   6.3476563e+01
   5.1959390e+06   5.5664063e+01
   5.1989440e+06   5.7800293e+01
   5.2073100e+06   4.1992188e+01
   5.2100260e+06   6.1340332e+01
   5.2154430e+06   7.4768066e+01
   5.2272500e+06   7.3852539e+01
   5.2294230e+06   3.6010742e+01
   5.2346850e+06   5.4992676e+01
   5.2373480e+06   6.5551758e+01
   5.2443780e+06   6.5307617e+01
   5.2489500e+06   5.2551270e+01
   5.2525980e+06   7.4279785e+01
   5.2546980e+06   4.0954590e+01
   5.2563100e+06   4.7180176e+01
   5.2588480e+06   5.5969238e+01
   5.2611830e+06   7.3791504e+01
   5.2653660e+06   6.2072754e+01
   5.2709480e+06   3.4973145e+01
   5.2724500e+06   5.9631348e+01
   5.2750670e+06   3.6254883e+01
   5.2750840e+06   3.9794922e+01
   5.2751350e+06   3.5583496e+01
   5.2751970e+06   6.3720703e+01
   5.2752920e+06   5.4748535e+01
   5.2753890e+06   4.6203613e+01
   5.2754910e+06   4.3212891e+01
   5.2756360e+06   4.9255371e+01
   5.2757860e+06   5.5175781e+01
   5.2760850e+06   6.6284180e+01
   5.2853600e+06   5.7739258e+01
   5.3137930e+06   7.1899414e+01
   5.3177260e+06   3.7048340e+01
   5.3178200e+06   7.0678711e+01
   5.3180180e+06   3.6376953e+01
   5.3390220e+06   5.7617188e+01
   5.3402360e+06   5.6762695e+01
   5.3483840e+06   6.3537598e+01
   5.3557360e+06   5.9997559e+01
   5.3591310e+06   6.8115234e+01
   5.3652430e+06   5.8898926e+01
   5.3676700e+06   3.8818359e+01
   5.3722420e+06   6.9885254e+01
   5.3852920e+06   5.7250977e+01
   5.3942310e+06   5.6335449e+01
   5.4055180e+06   5.9509277e+01
   5.4121290e+06   8.0017090e+01
   5.4212490e+06   6.1218262e+01
   5.4248190e+06   5.9387207e+01
   5.4277440e+06   3.8757324e+01
   5.4325790e+06   7.4462891e+01
   5.4340560e+06   6.1523438e+01
   5.4368090e+06   6.5002441e+01
   5.4460620e+06   3.6987305e+01
   5.4504190e+06   4.4250488e+01
   5.4504560e+06   5.1269531e+01
   5.4505340e+06   3.8757324e+01
   5.4506020e+06   5.0170898e+01
   5.4507540e+06   5.6396484e+01
   5.4591460e+06   5.9448242e+01
   5.4635320e+06   7.1533203e+01
   5.4668500e+06   5.7800293e+01
   5.4779940e+06   3.5705566e+01
   5.4920590e+06   6.6833496e+01
   5.4955290e+06   6.6467285e+01
   5.4998990e+06   4.1259766e+01
   5.4999860e+06   3.9184570e+01
   5.5085810e+06   6.0974121e+01
   5.5198660e+06   7.3730469e+01
   5.5241940e+06   6.9274902e+01
   5.5322150e+06   4.0710449e+01
   5.5322870e+06   4.4982910e+01
   5.5323620e+06   3.7719727e+01
   5.5324110e+06   7.6049805e+01
   5.5325510e+06   6.9946289e+01
   5.5327400e+06   5.6518555e+01
   5.5416390e+06   7.5927734e+01
   5.5426470e+06   4.4616699e+01
   5.5479720e+06   3.6926270e+01
   5.5530120e+06   5.7617188e+01
   5.5573430e+06   7.1716309e+01
   5.5597770e+06   3.9245605e+01
   5.5624620e+06   3.8757324e+01
   5.5625260e+06   7.5866699e+01
   5.5625780e+06   3.5156250e+01
   5.5626890e+06   7.1838379e+01
   5.5627720e+06   3.6560059e+01
   5.5628700e+06   4.4799805e+01
   5.5629980e+06   5.2490234e+01
   5.5631630e+06   5.0842285e+01
   5.5632280e+06   3.7414551e+01
   5.5632770e+06   4.4555664e+01
   5.5634640e+06   6.1340332e+01
   5.6227970e+06   3.7841797e+01
   5.6234780e+06   4.3884277e+01
   5.6235390e+06   4.7119141e+01
   5.6236030e+06   5.8044434e+01
   5.6236540e+06   5.6152344e+01
   5.6237140e+06   4.4677734e+01
   5.6237430e+06   3.6132813e+01
   5.6237690e+06   4.0832520e+01
   5.6238320e+06   4.4372559e+01
   5.6238950e+06   3.7231445e+01
   5.6240230e+06   4.8278809e+01
   5.6241280e+06   5.4748535e+01
   5.6243010e+06   5.8471680e+01
   5.6596540e+06   4.5532227e+01
   5.6597430e+06   7.0495605e+01
   5.6598330e+06   3.8024902e+01
   5.6599080e+06   3.6621094e+01
   5.6600530e+06   6.9152832e+01
   5.6954410e+06   5.2307129e+01
   5.6957930e+06   6.6284180e+01
   5.7076820e+06   5.9814453e+01
   5.7116790e+06   7.0373535e+01
   5.7124670e+06   3.8330078e+01
   5.7127170e+06   5.5175781e+01
   5.7128220e+06   7.2448730e+01
   5.7129210e+06   5.2612305e+01
   5.7130360e+06   5.6762695e+01
   5.7203620e+06   6.6711426e+01
   5.7247690e+06   5.8593750e+01
   5.7277870e+06   5.9753418e+01
   5.7299050e+06   7.0678711e+01
   5.7348930e+06   3.8818359e+01
   5.7383550e+06   6.6406250e+01
   5.7396580e+06   7.3730469e+01
   5.7417410e+06   6.4636230e+01
   5.7456570e+06   5.6091309e+01
   5.7491930e+06   5.9631348e+01
   5.7506930e+06   3.9001465e+01
   5.7547210e+06   6.0607910e+01
   5.7566970e+06   5.5480957e+01
   5.7583350e+06   6.2561035e+01
   5.7591170e+06   5.4016113e+01
   5.7592710e+06   6.7993164e+01
   5.7595460e+06   5.3100586e+01
   5.7642040e+06   5.1391602e+01
   5.7664720e+06   6.4697266e+01
   5.7683680e+06   4.3334961e+01
   5.7684850e+06   4.3457031e+01
   5.7687300e+06   3.5461426e+01
   5.7689740e+06   3.7353516e+01
   5.7741570e+06   5.2490234e+01
   5.7782600e+06   5.2734375e+01
   5.7831330e+06   7.0312500e+01
   5.7853950e+06   3.5278320e+01
   5.7883780e+06   3.6193848e+01
   5.7900650e+06   6.4819336e+01
   5.7941300e+06   7.6599121e+01
   5.7967550e+06   6.3537598e+01
   5.8013870e+06   7.6782227e+01
   5.8044150e+06   6.8725586e+01
   5.8045520e+06   5.3527832e+01
   5.8048740e+06   3.9855957e+01
   5.8049600e+06   6.0180664e+01
   5.8050380e+06   3.8146973e+01
   5.8087040e+06   6.1584473e+01
   5.8143860e+06   3.8940430e+01
   5.8171460e+06   6.2377930e+01
   5.8186100e+06   5.7983398e+01
   5.8208150e+06   4.5532227e+01
   5.8235410e+06   7.0190430e+01
   5.8257100e+06   4.0588379e+01
   5.8295610e+06   6.4636230e+01
   5.8343160e+06   6.3964844e+01
   5.8366570e+06   3.7109375e+01
   5.8386720e+06   6.1096191e+01
   5.8407420e+06   6.3171387e+01
   5.8427550e+06   6.5368652e+01
   5.8474110e+06   4.0222168e+01
   5.8543450e+06   6.2866211e+01
   5.8547430e+06   3.8940430e+01
   5.8548010e+06   3.6682129e+01
   5.8549190e+06   6.2255859e+01
   5.8550280e+06   5.0354004e+01
   5.8551660e+06   5.5358887e+01
   5.8552930e+06   5.6274414e+01
   5.8554630e+06   5.5480957e+01
   5.8631680e+06   6.7260742e+01
   5.8646710e+06   4.2846680e+01
   5.8678260e+06   6.7565918e+01
   5.8726920e+06   6.9702148e+01
   5.8839980e+06   5.7250977e+01
   5.8868480e+06   4.4067383e+01
   5.8932880e+06   3.9123535e+01
   5.8938320e+06   3.7170410e+01
   5.9085970e+06   6.8054199e+01
   5.9095620e+06   5.7800293e+01
   5.9099630e+06   5.7189941e+01
   5.9207240e+06   7.3852539e+01
   5.9248110e+06   5.8410645e+01
   5.9324780e+06   3.9123535e+01
   5.9397480e+06   4.2480469e+01
   5.9437940e+06   6.0668945e+01
   5.9456290e+06   6.5063477e+01
   5.9513860e+06   6.4392090e+01
   5.9527560e+06   5.4626465e+01
   5.9626030e+06   5.9997559e+01
   5.9698700e+06   4.1381836e+01
   5.9729900e+06   5.8837891e+01
   5.9735920e+06   3.6621094e+01
   5.9739030e+06   5.1696777e+01
   5.9816390e+06   7.0617676e+01
   5.9849080e+06   5.5541992e+01
   5.9888130e+06   7.3120117e+01
   5.9923420e+06   3.8085938e+01
   5.9940720e+06   6.6467285e+01
   5.9967730e+06   3.5400391e+01
   5.9968460e+06   5.5297852e+01
   5.9969130e+06   4.1076660e+01
   5.9970980e+06   4.2785645e+01
   6.0102000e+06   4.2541504e+01
   6.0163240e+06   7.0434570e+01
   6.0210340e+06   4.6142578e+01
   6.0227620e+06   7.5317383e+01
   6.0256730e+06   5.8227539e+01
   6.0285390e+06   3.9428711e+01
   6.0297520e+06   4.8828125e+01
   6.0298360e+06   3.5034180e+01
   6.0405720e+06   6.6345215e+01
   6.0472900e+06   5.4321289e+01
   6.0528620e+06   3.5705566e+01
   6.0556760e+06   6.4819336e+01
   6.0581730e+06   7.1105957e+01
   6.0596080e+06   5.0048828e+01
   6.0631190e+06   6.7932129e+01
   6.0668180e+06   3.4973145e+01
   6.0689450e+06   6.1889648e+01
   6.0720100e+06   5.0842285e+01
   6.0765320e+06   5.9082031e+01
   6.0822540e+06   3.9123535e+01
   6.0835910e+06   6.0302734e+01
   6.0858610e+06   6.3293457e+01
   6.0874510e+06   5.8776855e+01
   6.0908170e+06   3.7597656e+01
   6.0953340e+06   6.5979004e+01
   6.0970240e+06   6.8908691e+01
   6.1044260e+06   5.8593750e+01
   6.1059340e+06   5.0170898e+01
   6.1077250e+06   6.3781738e+01
   6.1084670e+06   3.9916992e+01
   6.1085430e+06   3.7658691e+01
   6.1188460e+06   3.6560059e+01
   6.1234320e+06   5.1635742e+01
   6.1296660e+06   7.4707031e+01
   6.1317100e+06   6.5002441e+01
   6.1334110e+06   5.5053711e+01
   6.1347730e+06   4.7607422e+01
   6.1424880e+06   3.8330078e+01
   6.1467130e+06   6.4880371e+01
   6.1501290e+06   7.5378418e+01
   6.1540040e+06   3.5217285e+01
   6.1555880e+06   6.8237305e+01
   6.1617130e+06   5.8959961e+01
   6.1641690e+06   6.2866211e+01
   6.1668530e+06   6.3537598e+01
   6.1689180e+06   3.9367676e+01
   6.1721410e+06   6.1340332e+01
   6.1758620e+06   5.9448242e+01
   6.1788280e+06   6.4331055e+01
   6.1835120e+06   5.1147461e+01
   6.1849850e+06   6.0241699e+01
   6.1871920e+06   3.5034180e+01
   6.1873500e+06   3.5034180e+01
   6.1966550e+06   5.8166504e+01
   6.2038190e+06   6.6101074e+01
   6.2071170e+06   5.5847168e+01
   6.2107790e+06   7.5744629e+01
   6.2187770e+06   5.1025391e+01
   6.2215700e+06   6.7199707e+01
   6.2232290e+06   3.7658691e+01
   6.2275920e+06   5.5236816e+01
   6.2311050e+06   7.0190430e+01
   6.2338810e+06   6.2927246e+01
   6.2377100e+06   7.0739746e+01
   6.2385990e+06   3.8635254e+01
   6.2419240e+06   3.5888672e+01
   6.2475120e+06   4.7119141e+01
   6.2495140e+06   5.5175781e+01
   6.2533700e+06   7.1105957e+01
   6.2562550e+06   5.2185059e+01
   6.2604140e+06   6.7626953e+01
   6.2617220e+06   3.7902832e+01
   6.2664730e+06   5.5541992e+01
   6.2712170e+06   5.9936523e+01
   6.2732840e+06   6.3659668e+01
   6.2748680e+06   4.5166016e+01
   6.2811430e+06   4.8767090e+01
   6.2826880e+06   6.8969727e+01
   6.2850370e+06   6.2500000e+01
   6.2868870e+06   6.5002441e+01
   6.2935470e+06   3.6071777e+01
   6.2968570e+06   4.0344238e+01
   6.2969730e+06   7.4279785e+01
   6.2969850e+06   4.5043945e+01
   6.2978340e+06   6.2622070e+01
   6.3107370e+06   4.4860840e+01
   6.3143160e+06   6.0485840e+01
   6.3172700e+06   7.8308105e+01
   6.3247360e+06   3.8024902e+01
   6.3281250e+06   3.5156250e+01
   6.3303500e+06   5.8776855e+01
   6.3452460e+06   6.1645508e+01
   6.3497110e+06   6.8847656e+01
   6.3521150e+06   5.7128906e+01
   6.3549540e+06   3.8024902e+01
   6.3585200e+06   4.1870117e+01
   6.3585330e+06   4.3090820e+01
   6.3586920e+06   3.5583496e+01
   6.3587780e+06   5.5053711e+01
   6.3588690e+06   3.6437988e+01
   6.3714070e+06   7.2509766e+01
   6.3747490e+06   5.7128906e+01
   6.3765060e+06   4.9499512e+01
   6.3814340e+06   4.1809082e+01
   6.3908610e+06   6.4147949e+01
   6.3962820e+06   6.3415527e+01
   6.3985590e+06   5.2795410e+01
   6.4012280e+06   6.3354492e+01
   6.4085910e+06   6.4575195e+01
   6.4113390e+06   3.5827637e+01
   6.4138910e+06   6.8969727e+01
   6.4242300e+06   6.6284180e+01
   6.4362450e+06   5.7250977e+01
   6.4420640e+06   7.7514648e+01
   6.4457500e+06   5.8837891e+01
   6.4523550e+06   5.7617188e+01
   6.4649470e+06   7.1166992e+01
   6.4722860e+06   6.2438965e+01
   6.4830800e+06   4.3090820e+01
   6.4898550e+06   6.3598633e+01
   6.4972980e+06   7.2448730e+01
   6.5096540e+06   7.6721191e+01
   6.5132470e+06   3.8452148e+01
   6.5230850e+06   6.3232422e+01
   6.5258750e+06   7.3120117e+01
   6.5288150e+06   6.3842773e+01
   6.5333170e+06   4.5043945e+01
   6.5395210e+06   5.9814453e+01
   6.5569500e+06   6.8725586e+01
   6.5607380e+06   7.0922852e+01
   6.5635830e+06   5.8532715e+01
   6.5706120e+06   7.6293945e+01
   6.5729740e+06   3.6437988e+01
   6.5864060e+06   3.8452148e+01
   6.5903600e+06   6.7993164e+01
   6.5992630e+06   5.5541992e+01
   6.6155480e+06   5.0476074e+01
   6.6207850e+06   6.1462402e+01
   6.6283340e+06   5.6640625e+01
   6.6301430e+06   7.2998047e+01
   6.6324800e+06   5.3466797e+01
   6.6357240e+06   5.8837891e+01
   6.6392720e+06   4.9377441e+01
   6.6429830e+06   6.6833496e+01
   6.6432120e+06   6.1157227e+01
   6.6435850e+06   7.2387695e+01
   6.6437320e+06   3.9367676e+01
   6.6437580e+06   5.7556152e+01
   6.6438970e+06   5.8837891e+01
   6.6529330e+06   5.6213379e+01
   6.6716510e+06   4.5410156e+01
   6.6717460e+06   5.7983398e+01
   6.6718780e+06   6.9396973e+01
   6.6850060e+06   5.6091309e+01
   6.6948650e+06   4.4189453e+01
   6.7003000e+06   7.4523926e+01
   6.7086600e+06   3.9306641e+01
   6.7089960e+06   4.6142578e+01
   6.7092390e+06   5.0109863e+01
   6.7140210e+06   6.5429688e+01
   6.7175630e+06   5.8837891e+01
   6.7229960e+06   6.9152832e+01
   6.7293340e+06   6.6101074e+01
   6.7314830e+06   3.8269043e+01
   6.7336130e+06   5.3649902e+01
   6.7340950e+06   6.7443848e+01
   6.7344270e+06   5.3466797e+01
   6.7402920e+06   7.3120117e+01
   6.7497900e+06   6.1523438e+01
   6.7531790e+06   6.2805176e+01
   6.7554070e+06   3.6499023e+01
   6.7581220e+06   4.0283203e+01
   6.7615320e+06   4.4189453e+01
   6.7638630e+06   4.4067383e+01
   6.7642770e+06   4.3212891e+01
   6.7712150e+06   4.1259766e+01
   6.7754870e+06   4.6386719e+01
   6.7809630e+06   3.8146973e+01
   6.7873940e+06   6.3903809e+01
   6.7888560e+06   7.5134277e+01
   6.7899390e+06   4.5959473e+01
   6.7900110e+06   3.7414551e+01
   6.7996700e+06   6.0424805e+01
   6.8024980e+06   7.6232910e+01
   6.8029600e+06   4.1259766e+01
   6.8037050e+06   6.1462402e+01
   6.8123170e+06   4.8400879e+01
   6.8146470e+06   7.3913574e+01
   6.8238020e+06   3.7414551e+01
   6.8309730e+06   6.4453125e+01
   6.8336720e+06   5.9570312e+01
   6.8366630e+06   4.0527344e+01
   6.8402570e+06   5.8349609e+01
   6.8428270e+06   6.2255859e+01
   6.8483120e+06   5.3833008e+01
   6.8508340e+06   6.5734863e+01
   6.8556740e+06   3.9916992e+01
   6.8664890e+06   5.6213379e+01
   6.8686460e+06   5.2368164e+01
   6.8754380e+06   6.0363770e+01
   6.8787660e+06   6.3720703e+01
   6.8851290e+06   6.7626953e+01
   6.8923760e+06   7.1960449e+01
   6.8941010e+06   6.9519043e+01
   6.9014870e+06   6.9458008e+01
   6.9125970e+06   6.0607910e+01
   6.9230990e+06   4.1809082e+01
   6.9286990e+06   4.8583984e+01
   6.9402310e+06   5.8105469e+01
   6.9447810e+06   5.9204102e+01
   6.9449320e+06   3.9306641e+01
   6.9449960e+06   6.6955566e+01
   6.9524030e+06   7.2265625e+01
   6.9567020e+06   7.1533203e+01
   6.9598250e+06   5.4443359e+01
   6.9637880e+06   5.5908203e+01
   6.9713780e+06   3.8452148e+01
   6.9716460e+06   7.7331543e+01
   6.9799880e+06   5.8166504e+01
   6.9807730e+06   3.6132813e+01
   6.9808120e+06   3.6926270e+01
   6.9865970e+06   6.8298340e+01
   6.9931740e+06   5.6457520e+01
   6.9999040e+06   3.6376953e+01
   7.0073500e+06   6.7993164e+01
   7.0098800e+06   3.6987305e+01
   7.0135280e+06   5.6396484e+01
   7.0174140e+06   5.3344727e+01
   7.0235450e+06   7.5195313e+01
   7.0340950e+06   5.6030273e+01
   7.0358370e+06   6.2561035e+01
   7.0392350e+06   3.6926270e+01
   7.0439730e+06   7.1594238e+01
   7.0468080e+06   6.2622070e+01
   7.0552700e+06   6.2438965e+01
   7.0579790e+06   3.5278320e+01
   7.0682320e+06   6.8786621e+01
   7.0730610e+06   3.5339355e+01
   7.0787770e+06   5.2917480e+01
   7.0867180e+06   6.9396973e+01
   7.0909440e+06   4.1137695e+01
   7.0931200e+06   3.6682129e+01
   7.0971220e+06   4.1076660e+01
   7.1062590e+06   5.7922363e+01
   7.1120720e+06   5.0720215e+01
   7.1174740e+06   5.5175781e+01
   7.1189370e+06   6.6772461e+01
   7.1249510e+06   4.0222168e+01
   7.1262840e+06   4.5410156e+01
   7.1273660e+06   6.7016602e+01
   7.1357630e+06   5.5419922e+01
   7.1387170e+06   5.8410645e+01
   7.1437710e+06   3.9794922e+01
   7.1476850e+06   4.9194336e+01
   7.1515340e+06   6.6223145e+01
   7.1544110e+06   3.9123535e+01
   7.1591270e+06   6.7138672e+01
   7.1625490e+06   6.9824219e+01
   7.1729800e+06   6.3964844e+01
   7.1758700e+06   4.2480469e+01
   7.1815770e+06   5.2734375e+01
   7.1877600e+06   5.6213379e+01
   7.1913480e+06   6.5551758e+01
   7.1989090e+06   3.5217285e+01
   7.2100670e+06   4.1503906e+01
   7.2261780e+06   6.8847656e+01
   7.2261880e+06   6.1279297e+01
   7.2264820e+06   6.4697266e+01
   7.2576890e+06   4.0893555e+01
   7.2578490e+06   7.7392578e+01
   7.2640200e+06   6.6284180e+01
   7.2692210e+06   6.4453125e+01
   7.2717810e+06   6.0729980e+01
   7.2758850e+06   5.9326172e+01
   7.2790530e+06   6.6711426e+01
   7.2806260e+06   6.0791016e+01
   7.2831700e+06   5.9692383e+01
   7.2848210e+06   7.2021484e+01
   7.2958320e+06   5.5419922e+01
   7.3024950e+06   4.9621582e+01
   7.3088640e+06   4.1381836e+01
   7.3140260e+06   5.5603027e+01
   7.3182030e+06   5.5664063e+01
   7.3218980e+06   6.1706543e+01
   7.3238230e+06   6.0180664e+01
   7.3307120e+06   6.7382813e+01
   7.3354410e+06   3.7658691e+01
   7.3383540e+06   6.0668945e+01
   7.3389990e+06   6.1035156e+01
   7.3421720e+06   6.5673828e+01
   7.3473230e+06   5.4809570e+01
   7.3493990e+06   6.5795898e+01
   7.3496230e+06   7.4462891e+01
   7.3500820e+06   5.7006836e+01
   7.3551150e+06   6.1767578e+01
   7.3595300e+06   3.5766602e+01
   7.3664090e+06   7.1166992e+01
   7.3707870e+06   3.7780762e+01
   7.3826870e+06   6.2500000e+01
   7.3898320e+06   3.6926270e+01
   7.3909880e+06   6.9580078e+01
   7.3923950e+06   3.5949707e+01
   7.3968410e+06   6.2805176e+01
   7.3992070e+06   6.7016602e+01
   7.4021370e+06   7.8613281e+01
   7.4097950e+06   3.9428711e+01
   7.4137460e+06   7.1655273e+01
   7.4186030e+06   5.7617188e+01
   7.4191640e+06   5.6579590e+01
   7.4262040e+06   6.1035156e+01
   7.4300780e+06   6.1706543e+01
   7.4555700e+06   6.8664551e+01
   7.4620970e+06   7.3242188e+01
   7.4662120e+06   5.7861328e+01
   7.4714140e+06   6.1828613e+01
   7.4754380e+06   5.4992676e+01
   7.4834600e+06   7.3547363e+01
   7.4963310e+06   5.5175781e+01
   7.5107600e+06   5.4016113e+01
   7.5146910e+06   3.6560059e+01
   7.5181130e+06   5.6762695e+01
   7.5207610e+06   5.4931641e+01
   7.5243640e+06   4.7302246e+01
   7.5339520e+06   5.0903320e+01
   7.5373220e+06   6.2561035e+01
   7.5382420e+06   3.8146973e+01
   7.5446750e+06   3.8269043e+01
   7.5475280e+06   3.6132813e+01
   7.5611120e+06   5.8837891e+01
   7.5656340e+06   5.7189941e+01
   7.5697900e+06   3.9001465e+01
   7.5700950e+06   6.2683105e+01
   7.5703750e+06   6.1706543e+01
   7.5802660e+06   5.6640625e+01
   7.5877340e+06   6.0424805e+01
   7.5968570e+06   5.7678223e+01
   7.6093190e+06   5.5114746e+01
   7.6095780e+06   5.9326172e+01
   7.6097730e+06   6.1523437e+01
   7.6110300e+06   6.5734863e+01
   7.6199620e+06   6.2316895e+01
   7.6236170e+06   6.4819336e+01
   7.6277780e+06   6.0607910e+01
   7.6305170e+06   8.0017090e+01
   7.6341570e+06   3.9794922e+01
   7.6342330e+06   6.3354492e+01
   7.6477540e+06   6.3659668e+01
   7.6540130e+06   4.9865723e+01
   7.6541780e+06   4.2297363e+01
   7.6633210e+06   3.8330078e+01
   7.6702310e+06   4.0222168e+01
   7.6732260e+06   3.5888672e+01
   7.6844650e+06   6.9885254e+01
   7.6886670e+06   3.5644531e+01
   7.6894550e+06   7.5378418e+01
   7.6898370e+06   4.8767090e+01
   7.6988430e+06   7.8369141e+01
   7.7015250e+06   7.0373535e+01
   7.7019880e+06   7.4279785e+01
   7.7026000e+06   4.3151855e+01
   7.7101660e+06   6.0424805e+01
   7.7146540e+06   7.6171875e+01
   7.7250840e+06   6.8054199e+01
   7.7252090e+06   6.2194824e+01
   7.7259690e+06   5.9936523e+01
   7.7312340e+06   7.0678711e+01
   7.7348570e+06   5.5969238e+01
   7.7366230e+06   6.5307617e+01
   7.7367850e+06   6.6833496e+01
   7.7570230e+06   6.6833496e+01
   7.7581880e+06   7.8979492e+01
   7.7596040e+06   4.0283203e+01
   7.7636990e+06   6.1340332e+01
   7.7675700e+06   5.8105469e+01
   7.7677050e+06   5.9082031e+01
   7.7744960e+06   7.5805664e+01
   7.7759360e+06   7.0434570e+01
   7.7885780e+06   7.3303223e+01
   7.7887840e+06   5.4504395e+01
   7.7977100e+06   6.0974121e+01
   7.7998150e+06   3.5400391e+01
   7.8059390e+06   6.8481445e+01
   7.8081620e+06   3.7597656e+01
   7.8100890e+06   6.5124512e+01
   7.8150870e+06   7.0007324e+01
   7.8152960e+06   5.1452637e+01
   7.8224000e+06   6.0913086e+01
   7.8271520e+06   6.2744141e+01
   7.8461930e+06   6.7626953e+01
   7.8553440e+06   5.8288574e+01
   7.8636680e+06   7.1472168e+01
   7.8675210e+06   6.6467285e+01
   7.8678700e+06   6.3110352e+01
   7.8796570e+06   5.7373047e+01
   7.8853710e+06   6.5490723e+01
   7.8910490e+06   3.8940430e+01
   7.8920830e+06   5.9997559e+01
   7.9054440e+06   8.1542969e+01
   7.9058220e+06   4.5654297e+01
   7.9117470e+06   3.8208008e+01
   7.9207110e+06   4.9194336e+01
   7.9218780e+06   5.6213379e+01
   7.9406330e+06   7.6416016e+01
   7.9485800e+06   6.7993164e+01
   7.9507480e+06   3.9855957e+01
   7.9571130e+06   5.8044434e+01
   7.9645970e+06   5.0231934e+01
   7.9646280e+06   6.9702148e+01
   7.9927090e+06   7.1472168e+01
   8.0035210e+06   3.7170410e+01
   8.0036010e+06   4.0954590e+01
   8.0099030e+06   4.3823242e+01
   8.0160100e+06   4.0039063e+01
   8.0182860e+06   6.4636230e+01
   8.0230090e+06   6.0302734e+01
   8.0250990e+06   5.3527832e+01
   8.0275960e+06   6.9519043e+01
   8.0354880e+06   5.8776855e+01
   8.0380190e+06   4.3945313e+01
   8.0418680e+06   6.1462402e+01
   8.0656130e+06   5.1086426e+01
   8.0767880e+06   7.0190430e+01
   8.0857080e+06   5.8471680e+01
   8.0875850e+06   5.9387207e+01
   8.0902830e+06   3.9306641e+01
   8.0961520e+06   5.8410645e+01
   8.1024190e+06   6.2683105e+01
   8.1031150e+06   4.1992188e+01
   8.1031780e+06   7.7270508e+01
   8.1114430e+06   5.2856445e+01
   8.1144350e+06   6.9946289e+01
   8.1197080e+06   5.9509277e+01
   8.1215300e+06   4.0710449e+01
   8.1278900e+06   3.6621094e+01
   8.1587500e+06   6.3110352e+01
   8.1649800e+06   3.5095215e+01
   8.1694350e+06   5.7495117e+01
   8.1791110e+06   3.8879395e+01
   8.1840760e+06   6.9091797e+01
   8.1852600e+06   5.6030273e+01
   8.2009470e+06   5.2551270e+01
   8.2036890e+06   6.0607910e+01
   8.2147730e+06   6.7749023e+01
   8.2173500e+06   5.3283691e+01
   8.2218130e+06   4.3823242e+01
   8.2237170e+06   5.8227539e+01
   8.2344150e+06   6.2500000e+01
   8.2381550e+06   5.9143066e+01
   8.2417460e+06   3.6071777e+01
   8.2478220e+06   6.0485840e+01
   8.2630500e+06   5.2307129e+01
   8.2671030e+06   3.6193848e+01
   8.2698730e+06   7.2082520e+01
   8.2733340e+06   7.4645996e+01
   8.2791690e+06   6.5429688e+01
   8.2906420e+06   6.5124512e+01
   8.2954170e+06   6.8786621e+01
   8.2994510e+06   3.9733887e+01
   8.3109100e+06   3.7658691e+01
   8.3137770e+06   5.3894043e+01
   8.3219880e+06   7.2875977e+01
   8.3250370e+06   6.1096191e+01
   8.3357630e+06   5.5786133e+01
   8.3459230e+06   6.0791016e+01
   8.3633200e+06   7.7697754e+01
   8.3692070e+06   5.1391602e+01
   8.3743980e+06   6.4880371e+01
   8.3808150e+06   7.3059082e+01
   8.3839170e+06   6.7260742e+01
   8.3899910e+06   7.6843262e+01
   8.3932550e+06   6.6162109e+01
   8.4158810e+06   4.7302246e+01
   8.4185410e+06   5.2795410e+01
   8.4268210e+06   6.0302734e+01
   8.4341250e+06   6.4331055e+01
   8.4386460e+06   5.9326172e+01
   8.4427540e+06   6.7871094e+01
   8.4459820e+06   6.1340332e+01
   8.4489760e+06   5.9448242e+01
   8.4524900e+06   6.8420410e+01
   8.4618070e+06   6.2927246e+01
   8.4656490e+06   5.5969238e+01
   8.4681800e+06   6.9702148e+01
   8.4740640e+06   5.1208496e+01
   8.4773680e+06   5.6518555e+01
   8.4807010e+06   7.3730469e+01
   8.4825960e+06   5.5175781e+01
   8.4916970e+06   8.3129883e+01
   8.5020640e+06   6.2561035e+01
   8.5230190e+06   6.0974121e+01
   8.5267700e+06   7.3059082e+01
   8.5360270e+06   6.1706543e+01
   8.5441020e+06   5.3771973e+01
   8.5500310e+06   7.0373535e+01
   8.5551170e+06   6.2927246e+01
   8.5600170e+06   6.7565918e+01
   8.5654480e+06   6.9335938e+01
   8.5692230e+06   6.4819336e+01
   8.5725000e+06   8.1420898e+01
   8.5782280e+06   3.5217285e+01
   8.5870460e+06   6.7321777e+01
   8.6037780e+06   3.7170410e+01
   8.6288290e+06   7.2753906e+01
   8.6401840e+06   6.9458008e+01
   8.6424740e+06   6.6406250e+01
   8.6489440e+06   3.9428711e+01
   8.6596080e+06   7.1960449e+01
   8.6744630e+06   3.6926270e+01
   8.6842850e+06   6.3110352e+01
   8.6877840e+06   4.0344238e+01
   8.6878710e+06   5.3771973e+01
   8.6920290e+06   3.6315918e+01
   8.7004800e+06   6.3781738e+01
   8.7281820e+06   6.4270020e+01
   8.7303640e+06   6.5979004e+01
   8.7321740e+06   5.9936523e+01
   8.7403980e+06   6.1279297e+01
   8.7426590e+06   6.5979004e+01
   8.7464640e+06   3.6010742e+01
   8.7465300e+06   7.6110840e+01
   8.7551770e+06   5.5236816e+01
   8.7769710e+06   5.2917480e+01
   8.7805420e+06   8.1726074e+01
   8.7823160e+06   5.6823730e+01
   8.7823380e+06   3.5827637e+01
   8.7829690e+06   6.6345215e+01
   8.7873230e+06   6.8481445e+01
   8.8076980e+06   5.5908203e+01
   8.8109540e+06   7.1105957e+01
   8.8145290e+06   6.2561035e+01
   8.8226310e+06   5.2734375e+01
   8.8272020e+06   7.6049805e+01
   8.8329020e+06   3.7292480e+01
   8.8371070e+06   5.7067871e+01
   8.8387420e+06   6.5124512e+01
   8.8450200e+06   6.6284180e+01
   8.8490380e+06   6.9946289e+01
   8.8527550e+06   5.9753418e+01
   8.8633980e+06   6.1889648e+01
   8.8647770e+06   4.1076660e+01
   8.8647980e+06   6.3903809e+01
   8.8798130e+06   6.1096191e+01
   8.8832120e+06   3.5217285e+01
   8.8874050e+06   4.3640137e+01
   8.8900110e+06   5.5175781e+01
   8.8967510e+06   8.0688477e+01
   8.9004000e+06   6.6345215e+01
   8.9051120e+06   5.1696777e+01
   8.9068870e+06   4.3884277e+01
   8.9108920e+06   7.0495605e+01
   8.9200190e+06   5.7617187e+01
   8.9284630e+06   7.6721191e+01
   8.9392120e+06   7.3608398e+01
   8.9425530e+06   5.9875488e+01
   8.9489850e+06   5.9509277e+01
   8.9646600e+06   7.0190430e+01
   8.9706910e+06   3.5522461e+01
   8.9731640e+06   6.9580078e+01
   8.9756590e+06   6.4270020e+01
   8.9759250e+06   3.6926270e+01
   8.9798550e+06   6.0546875e+01
   8.9865920e+06   3.7292480e+01
   8.9894300e+06   6.6467285e+01
   8.9927570e+06   7.0129395e+01
   9.0141880e+06   5.7800293e+01
   9.0190240e+06   7.1899414e+01
   9.0231450e+06   7.3364258e+01
   9.0256320e+06   5.5603027e+01
   9.0375170e+06   4.0771484e+01
   9.0474520e+06   6.0668945e+01
   9.0481190e+06   6.1279297e+01
   9.0594730e+06   6.8298340e+01
   9.0707530e+06   6.9274902e+01
   9.0808800e+06   5.7495117e+01
   9.0901630e+06   3.5705566e+01
   9.1017390e+06   4.8034668e+01
   9.1018310e+06   6.3781738e+01
   9.1061110e+06   6.9213867e+01
   9.1365380e+06   8.2397461e+01
   9.1372360e+06   6.7321777e+01
   9.1415720e+06   4.0466309e+01
   9.1495170e+06   5.1757812e+01
   9.1567670e+06   4.7058105e+01
   9.1688660e+06   3.8085938e+01
   9.1736160e+06   4.9011230e+01
   9.1742620e+06   3.9794922e+01
   9.1863950e+06   3.5217285e+01
   9.1931940e+06   6.5795898e+01
   9.1933160e+06   4.0039063e+01
   9.1996630e+06   3.6987305e+01
   9.2077250e+06   6.6406250e+01
   9.2172850e+06   4.9316406e+01
   9.2177200e+06   7.7026367e+01
   9.2310030e+06   7.0983887e+01
   9.2331170e+06   7.3852539e+01
   9.2449300e+06   3.7231445e+01
   9.2594700e+06   7.3486328e+01
   9.2747750e+06   5.3955078e+01
   9.2789650e+06   6.8603516e+01
   9.2811880e+06   3.7292480e+01
   9.2856150e+06   6.6040039e+01
   9.2913620e+06   5.9326172e+01
   9.3003890e+06   7.0251465e+01
   9.3173260e+06   3.5949707e+01
   9.3183730e+06   6.1401367e+01
   9.3311720e+06   6.5979004e+01
   9.3421800e+06   5.3100586e+01
   9.3462800e+06   5.8837891e+01
   9.3528400e+06   4.2297363e+01
   9.3543640e+06   5.4321289e+01
   9.3613720e+06   5.8715820e+01
   9.3630600e+06   5.9753418e+01
   9.3674960e+06   5.7678223e+01
   9.3750510e+06   3.6621094e+01
   9.3797740e+06   3.6132813e+01
   9.4021940e+06   8.1542969e+01
   9.4057190e+06   6.9152832e+01
   9.4170940e+06   4.3457031e+01
   9.4250530e+06   5.0903320e+01
   9.4295720e+06   5.1269531e+01
   9.4330470e+06   6.7504883e+01
   9.4387410e+06   7.3120117e+01
   9.4396240e+06   6.2866211e+01
   9.4399400e+06   5.2734375e+01
   9.4705400e+06   5.7800293e+01
   9.4907760e+06   3.7475586e+01
   9.4949300e+06   3.8940430e+01
   9.5082410e+06   6.3659668e+01
   9.5127460e+06   6.9152832e+01
   9.5248470e+06   6.9458008e+01
   9.5393040e+06   7.0373535e+01
   9.5560670e+06   4.1503906e+01
   9.5684070e+06   7.6354980e+01
   9.5760420e+06   5.7922363e+01
   9.5799570e+06   6.5979004e+01
   9.5911170e+06   5.6335449e+01
   9.6388250e+06   7.8125000e+01
   9.6443430e+06   8.5266113e+01
   9.6651470e+06   5.1696777e+01
   9.6727650e+06   3.8024902e+01
   9.6743260e+06   6.5490723e+01
   9.6869290e+06   5.9875488e+01
   9.6901570e+06   6.5246582e+01
   9.7015550e+06   5.3161621e+01
   9.7086660e+06   6.0607910e+01
   9.7178020e+06   8.1298828e+01
   9.7212230e+06   6.3476563e+01
   9.7562480e+06   4.1015625e+01
   9.7648850e+06   6.8603516e+01
   9.8117280e+06   5.8105469e+01
   9.8139460e+06   5.8288574e+01
   9.8513430e+06   4.5959473e+01
   9.8636110e+06   6.6162109e+01
   9.8677320e+06   4.4189453e+01
   9.8695890e+06   5.9692383e+01
   9.8725940e+06   7.2021484e+01
   9.8756530e+06   4.9194336e+01
   9.8779070e+06   6.4758301e+01
   9.8855870e+06   6.5612793e+01
   9.8979570e+06   5.7922363e+01
   9.9059310e+06   6.2988281e+01
   9.9206390e+06   4.9621582e+01
   9.9316300e+06   6.1035156e+01
   9.9506860e+06   7.7697754e+01
   9.9590780e+06   4.0893555e+01
   9.9631820e+06   5.1208496e+01
   9.9696510e+06   7.1350098e+01
   9.9752700e+06   6.6040039e+01
   9.9795770e+06   6.2194824e+01
   9.9924630e+06   3.9428711e+01
   1.0049479e+07   5.8166504e+01
   1.0058783e+07   4.2358398e+01
   1.0059437e+07   7.8491211e+01
   1.0060254e+07   5.3894043e+01
   1.0111002e+07   7.8857422e+01
   1.0132960e+07   6.9091797e+01
   1.0135537e+07   6.0546875e+01
   1.0188207e+07   6.8969727e+01
   1.0204338e+07   7.0373535e+01
   1.0209840e+07   3.7841797e+01
   1.0228602e+07   7.1411133e+01
   1.0245633e+07   6.7749023e+01
   1.0258055e+07   6.8237305e+01
   1.0284726e+07   6.6040039e+01
   1.0290527e+07   7.4951172e+01
   1.0305204e+07   5.8288574e+01
   1.0318542e+07   5.3588867e+01
   1.0329607e+07   7.2021484e+01
   1.0340665e+07   6.4025879e+01
   1.0378096e+07   6.1584473e+01
   1.0381164e+07   5.2978516e+01
   1.0388503e+07   4.7607422e+01
   1.0400669e+07   3.5766602e+01
   1.0415823e+07   4.2602539e+01
   1.0438479e+07   5.6762695e+01
   1.0450970e+07   6.1584473e+01
   1.0466487e+07   5.4443359e+01
   1.0474084e+07   5.7678223e+01
   1.0478087e+07   5.2673340e+01
   1.0486636e+07   6.0180664e+01
   1.0498650e+07   4.3273926e+01
   1.0502287e+07   3.9062500e+01
   1.0508745e+07   5.8227539e+01
   1.0525240e+07   7.5195313e+01
   1.0532601e+07   3.9062500e+01
   1.0647196e+07   5.4138184e+01
   1.0668377e+07   6.8786621e+01
   1.0732049e+07   3.7658691e+01
   1.0746711e+07   7.3852539e+01
   1.0824767e+07   5.5786133e+01
   1.0825653e+07   5.8532715e+01
   1.0868424e+07   5.8166504e+01
   1.0871989e+07   6.9458008e+01
   1.0875606e+07   6.4941406e+01
   1.0881246e+07   3.6743164e+01
   1.0913307e+07   5.6579590e+01
   1.0920688e+07   3.8330078e+01
   1.0925927e+07   4.0283203e+01
   1.1059436e+07   7.1228027e+01
   1.1107228e+07   3.5339355e+01
   1.1151281e+07   7.8796387e+01
   1.1154893e+07   5.4870605e+01
   1.1173710e+07   3.9672852e+01
   1.1173960e+07   3.8879395e+01
   1.1174416e+07   6.1584473e+01
   1.1174503e+07   5.6945801e+01
   1.1174621e+07   5.5908203e+01
   1.1174834e+07   5.0476074e+01
   1.1191610e+07   3.6437988e+01
   1.1196114e+07   3.9794922e+01
   1.1257742e+07   3.5705566e+01
   1.1266897e+07   5.7128906e+01
   1.1271156e+07   6.2072754e+01
   1.1276830e+07   6.7932129e+01
   1.1288422e+07   5.9997559e+01
   1.1328223e+07   6.0974121e+01
   1.1342886e+07   6.3842773e+01
   1.1349315e+07   5.7800293e+01
   1.1350642e+07   5.8471680e+01
   1.1378596e+07   6.8359375e+01
   1.1381860e+07   6.7321777e+01
   1.1386616e+07   3.6926270e+01
   1.1398949e+07   6.2194824e+01
   1.1401704e+07   4.7058105e+01
   1.1409452e+07   6.5246582e+01
   1.1416066e+07   4.5532227e+01
   1.1426020e+07   6.4941406e+01
   1.1443845e+07   3.9855957e+01
   1.1446993e+07   7.3852539e+01
   1.1482673e+07   3.6132813e+01
   1.1498864e+07   4.0771484e+01
   1.1502145e+07   5.9936523e+01
   1.1504499e+07   5.7495117e+01
   1.1535268e+07   6.6467285e+01
   1.1567158e+07   5.3466797e+01
   1.1576617e+07   6.4025879e+01
   1.1582632e+07   4.9072266e+01
   1.1732769e+07   7.1044922e+01
   1.1779262e+07   7.7148438e+01
   1.1786307e+07   5.8593750e+01
   1.1800662e+07   7.0800781e+01
   1.1803948e+07   4.3579102e+01
   1.1823563e+07   5.3161621e+01
   1.1843239e+07   6.0302734e+01
   1.1843864e+07   6.8786621e+01
   1.1844688e+07   5.5664063e+01
   1.1883805e+07   5.5114746e+01
   1.1917519e+07   5.9936523e+01
   1.1924760e+07   6.9702148e+01
   1.1940928e+07   3.6010742e+01
   1.1966545e+07   6.3537598e+01
   1.1971776e+07   6.9641113e+01
   1.1976867e+07   6.2011719e+01
