   1.1996000e+07   0.0000000e+00
   6.0002600e+05   8.9599609e+01
   1.1274540e+06   8.0871582e+01
   1.2531890e+06   1.0278320e+02
   1.5749720e+06   8.5876465e+01
   1.5750790e+06   8.5937500e+01
   1.6173760e+06   8.7951660e+01
   1.6185110e+06   9.1674805e+01
   1.6973770e+06   9.3139648e+01
   1.6974640e+06   8.1604004e+01
   1.7190090e+06   7.3547363e+01
   1.7206330e+06   5.7006836e+01
   1.7601560e+06   7.5195313e+01
   1.7990790e+06   9.5764160e+01
   1.8133920e+06   8.2702637e+01
   1.8143290e+06   1.0589600e+02
   1.8633860e+06   7.9528809e+01
   1.9229700e+06   7.5866699e+01
   1.9243470e+06   9.0942383e+01
   2.0065290e+06   8.1176758e+01
   2.0068700e+06   8.2519531e+01
   2.0629570e+06   8.6914063e+01
   2.0922850e+06   8.9599609e+01
   2.0935840e+06   6.9946289e+01
   2.1308370e+06   7.5744629e+01
   2.1577340e+06   7.5378418e+01
   2.1803070e+06   5.6274414e+01
   2.2014470e+06   5.6030273e+01
   2.2410910e+06   9.8876953e+01
   2.2412540e+06   8.9477539e+01
   2.2555120e+06   8.4838867e+01
   2.2769820e+06   8.8195801e+01
   2.3230580e+06   8.3435059e+01
   2.3647270e+06   7.6843262e+01
   2.3649880e+06   7.1105957e+01
   2.4366330e+06   1.0211182e+02
   2.5180890e+06   5.9692383e+01
   2.5690990e+06   8.3374023e+01
   2.5933090e+06   7.9589844e+01
   2.6216530e+06   7.7575684e+01
   2.6441980e+06   7.7575684e+01
   2.6751970e+06   9.4299316e+01
   2.6897830e+06   5.5725098e+01
   2.7201680e+06   9.0148926e+01
   2.7687720e+06   8.0627441e+01
   2.7897870e+06   7.5866699e+01
   2.7899000e+06   8.2580566e+01
   2.8583040e+06   9.1674805e+01
   2.8585180e+06   8.2885742e+01
   2.8789800e+06   7.8674316e+01
   2.8886890e+06   5.5480957e+01
   2.9137280e+06   9.4421387e+01
   2.9594500e+06   7.6721191e+01
   2.9874770e+06   8.8500977e+01
   2.9875730e+06   8.6303711e+01
   2.9876770e+06   7.4218750e+01
   3.0066160e+06   8.3190918e+01
   3.0123600e+06   5.6884766e+01
   3.0355120e+06   8.0871582e+01
   3.0473550e+06   9.6008301e+01
   3.0592190e+06   9.6679688e+01
   3.0766660e+06   9.1857910e+01
   3.0826850e+06   8.7036133e+01
   3.0827810e+06   6.3293457e+01
   3.1064750e+06   5.7373047e+01
   3.1159220e+06   9.3505859e+01
   3.1162400e+06   7.2875977e+01
   3.1306840e+06   5.8166504e+01
   3.1454520e+06   7.3913574e+01
   3.1767770e+06   8.8928223e+01
   3.1945200e+06   8.6547852e+01
   3.1946680e+06   8.7402344e+01
   3.2176160e+06   9.4909668e+01
   3.2293200e+06   7.0068359e+01
   3.2397540e+06   9.7229004e+01
   3.2627880e+06   9.4970703e+01
   3.2628510e+06   8.4350586e+01
   3.2629650e+06   9.0087891e+01
   3.3098870e+06   8.7890625e+01
   3.3184440e+06   8.0566406e+01
   3.3323500e+06   8.4045410e+01
   3.3324360e+06   8.3496094e+01
   3.3622580e+06   7.4829102e+01
   3.3753680e+06   5.9020996e+01
   3.3894560e+06   8.2214355e+01
   3.3896480e+06   9.4238281e+01
   3.4064860e+06   8.6914063e+01
   3.4545710e+06   8.7951660e+01
   3.4546720e+06   9.2285156e+01
   3.5136730e+06   5.6457520e+01
   3.5471140e+06   9.3627930e+01
   3.5581810e+06   1.0015869e+02
   3.6012990e+06   5.8837891e+01
   3.6396230e+06   8.7768555e+01
   3.6650280e+06   9.3322754e+01
   3.6651310e+06   8.4716797e+01
   3.6847840e+06   9.6801758e+01
   3.7037270e+06   8.4960937e+01
   3.7165810e+06   9.3078613e+01
   3.7472310e+06   8.1787109e+01
   3.7474210e+06   9.1857910e+01
   3.7478290e+06   9.2407227e+01
   3.8060830e+06   9.0332031e+01
   3.8063920e+06   8.6547852e+01
   3.8490060e+06   7.9772949e+01
   3.8491930e+06   8.2641602e+01
   3.9065960e+06   7.7331543e+01
   3.9066790e+06   5.5419922e+01
   3.9342770e+06   5.5297852e+01
   3.9351050e+06   5.5114746e+01
   3.9431680e+06   7.2570801e+01
   3.9498020e+06   5.5480957e+01
   3.9671270e+06   5.5664063e+01
   4.0099030e+06   6.2133789e+01
   4.0140870e+06   9.5947266e+01
   4.0145270e+06   5.5419922e+01
   4.0426310e+06   7.9772949e+01
   4.0427660e+06   7.7087402e+01
   4.0429520e+06   9.3322754e+01
   4.0743900e+06   6.6040039e+01
   4.0747670e+06   8.3007812e+01
   4.0754520e+06   8.6364746e+01
   4.1269710e+06   7.7514648e+01
   4.1586800e+06   9.5886230e+01
   4.1588420e+06   9.1125488e+01
   4.1590010e+06   6.7810059e+01
   4.1799950e+06   8.9538574e+01
   4.1803000e+06   7.8186035e+01
   4.1977780e+06   8.6547852e+01
   4.1979040e+06   8.8867187e+01
   4.1980410e+06   9.4238281e+01
   4.1983360e+06   8.2763672e+01
   4.2216760e+06   9.3994141e+01
   4.2410990e+06   7.6171875e+01
   4.2588220e+06   8.1359863e+01
   4.2705130e+06   7.8918457e+01
   4.2705870e+06   7.3913574e+01
   4.2708130e+06   9.0026855e+01
   4.2709610e+06   6.0791016e+01
   4.3008120e+06   8.1420898e+01
   4.3009140e+06   6.6955566e+01
   4.3010420e+06   8.3984375e+01
   4.3011790e+06   8.0627441e+01
   4.3012920e+06   7.0800781e+01
   4.3015280e+06   9.2163086e+01
   4.3203470e+06   7.7880859e+01
   4.3435080e+06   8.8439941e+01
   4.3673460e+06   8.5815430e+01
   4.3682050e+06   1.0198975e+02
   4.3822240e+06   6.8908691e+01
   4.4022260e+06   8.2519531e+01
   4.4024080e+06   9.2773437e+01
   4.4025180e+06   7.5500488e+01
   4.4026740e+06   8.5632324e+01
   4.4027690e+06   5.9020996e+01
   4.4262490e+06   5.7434082e+01
   4.4395480e+06   7.8247070e+01
   4.4507300e+06   1.0083008e+02
   4.4588320e+06   9.0148926e+01
   4.4802590e+06   7.5012207e+01
   4.4903210e+06   7.9895020e+01
   4.4904440e+06   8.3435059e+01
   4.5131350e+06   8.7280273e+01
   4.5132400e+06   6.5368652e+01
   4.5210060e+06   9.1796875e+01
   4.5212290e+06   8.3007813e+01
   4.5434100e+06   7.6843262e+01
   4.5557880e+06   8.5754395e+01
   4.5560390e+06   8.3740234e+01
   4.5767030e+06   9.1796875e+01
   4.5769900e+06   8.1420898e+01
   4.5912200e+06   8.7951660e+01
   4.6048780e+06   7.5073242e+01
   4.6224320e+06   7.9284668e+01
   4.6459540e+06   9.6008301e+01
   4.6746570e+06   8.9233398e+01
   4.6952900e+06   6.7199707e+01
   4.6954350e+06   7.5866699e+01
   4.6957570e+06   8.4167480e+01
   4.7105040e+06   8.2580566e+01
   4.7235130e+06   8.7829590e+01
   4.7368610e+06   9.4116211e+01
   4.7412090e+06   8.3557129e+01
   4.7413230e+06   5.5358887e+01
   4.7414160e+06   8.3740234e+01
   4.7415460e+06   8.1298828e+01
   4.7606170e+06   7.3547363e+01
   4.7607090e+06   7.7697754e+01
   4.7607450e+06   7.2448730e+01
   4.7608420e+06   8.0261230e+01
   4.7835390e+06   1.0650635e+02
   4.7965380e+06   9.4787598e+01
   4.8077430e+06   8.3312988e+01
   4.8138160e+06   7.4462891e+01
   4.8236880e+06   7.5439453e+01
   4.8238550e+06   8.1115723e+01
   4.8240750e+06   8.5632324e+01
   4.8243430e+06   7.7941895e+01
   4.8360650e+06   8.7890625e+01
   4.8362040e+06   8.0688477e+01
   4.8511130e+06   8.0322266e+01
   4.8630260e+06   5.5175781e+01
   4.8639440e+06   7.6049805e+01
   4.8709240e+06   8.2946777e+01
   4.8710280e+06   9.7106934e+01
   4.8866800e+06   9.1125488e+01
   4.8997200e+06   9.2102051e+01
   4.9000850e+06   7.5683594e+01
   4.9142670e+06   7.6293945e+01
   4.9143700e+06   7.2021484e+01
   4.9144700e+06   8.0871582e+01
   4.9398670e+06   8.0566406e+01
   4.9400290e+06   7.2875977e+01
   4.9673230e+06   8.3496094e+01
   4.9674050e+06   6.7199707e+01
   4.9675340e+06   7.9223633e+01
   4.9678110e+06   8.0139160e+01
   4.9751570e+06   5.6335449e+01
   4.9873360e+06   9.2712402e+01
   4.9875100e+06   8.6181641e+01
   5.0014230e+06   8.2702637e+01
   5.0122150e+06   8.8684082e+01
   5.0123600e+06   6.1584473e+01
   5.0126190e+06   6.4941406e+01
   5.0342820e+06   7.5500488e+01
   5.0343680e+06   6.0913086e+01
   5.0495430e+06   8.7463379e+01
   5.0496930e+06   8.8256836e+01
   5.0779570e+06   8.6791992e+01
   5.0780480e+06   7.7880859e+01
   5.0781330e+06   7.0800781e+01
   5.0991900e+06   8.2458496e+01
   5.0993800e+06   8.1176758e+01
   5.1173890e+06   7.2570801e+01
   5.1174940e+06   7.9040527e+01
   5.1455730e+06   8.6425781e+01
   5.1457430e+06   8.9477539e+01
   5.1630280e+06   9.0332031e+01
   5.1724220e+06   8.2824707e+01
   5.1859560e+06   8.6914063e+01
   5.1860910e+06   7.2082520e+01
   5.1862450e+06   7.7148437e+01
   5.1993580e+06   7.3974609e+01
   5.2212960e+06   9.1186523e+01
   5.2214530e+06   7.7148437e+01
   5.2361090e+06   9.5825195e+01
   5.2591290e+06   8.2580566e+01
   5.2749610e+06   9.3872070e+01
   5.2750370e+06   8.4289551e+01
   5.2751190e+06   6.1828613e+01
   5.2751700e+06   6.3903809e+01
   5.2752690e+06   6.2194824e+01
   5.2757890e+06   7.7087402e+01
   5.2975210e+06   8.1481934e+01
   5.2978740e+06   5.5175781e+01
   5.3175500e+06   7.7087402e+01
   5.3176730e+06   8.2641602e+01
   5.3177920e+06   8.0200195e+01
   5.3400650e+06   8.2031250e+01
   5.3401530e+06   6.7321777e+01
   5.3402460e+06   5.6762695e+01
   5.3404240e+06   8.3190918e+01
   5.3590970e+06   8.8928223e+01
   5.3760060e+06   8.2946777e+01
   5.3874680e+06   1.0699463e+02
   5.3962810e+06   8.1298828e+01
   5.3964340e+06   7.7941895e+01
   5.4153060e+06   9.1186523e+01
   5.4154760e+06   7.4096680e+01
   5.4502210e+06   8.3801270e+01
   5.4503040e+06   6.5368652e+01
   5.4504660e+06   8.3496094e+01
   5.4506150e+06   7.6416016e+01
   5.4780370e+06   7.9040527e+01
   5.4894350e+06   8.7890625e+01
   5.4903060e+06   5.7128906e+01
   5.4997400e+06   6.8725586e+01
   5.5321170e+06   1.0601807e+02
   5.5322500e+06   7.3181152e+01
   5.5323500e+06   7.3669434e+01
   5.5324720e+06   8.7707520e+01
   5.5623580e+06   8.4960937e+01
   5.5624520e+06   9.1064453e+01
   5.5625870e+06   1.0400391e+02
   5.5626870e+06   7.1044922e+01
   5.5627890e+06   5.8532715e+01
   5.5628910e+06   5.5358887e+01
   5.5631590e+06   7.3364258e+01
   5.6000120e+06   9.7167969e+01
   5.6233110e+06   9.3078613e+01
   5.6234400e+06   8.1542969e+01
   5.6235510e+06   6.6223145e+01
   5.6236750e+06   7.8857422e+01
   5.6237810e+06   5.9692383e+01
   5.6239640e+06   6.5673828e+01
   5.6241270e+06   6.7993164e+01
   5.6243200e+06   8.5510254e+01
   5.6594260e+06   6.9580078e+01
   5.6595650e+06   8.0566406e+01
   5.6597090e+06   8.1542969e+01
   5.6599060e+06   7.3547363e+01
   5.6600920e+06   6.9274902e+01
   5.6950770e+06   8.7402344e+01
   5.6955270e+06   6.2744141e+01
   5.7122550e+06   8.4594727e+01
   5.7124330e+06   8.4838867e+01
   5.7126600e+06   6.3476563e+01
   5.7128170e+06   5.9936523e+01
   5.7129320e+06   7.7941895e+01
   5.7347850e+06   7.7758789e+01
   5.7508310e+06   8.8745117e+01
   5.7510550e+06   8.7524414e+01
   5.7682650e+06   8.5510254e+01
   5.7684950e+06   8.0871582e+01
   5.7685080e+06   5.5236816e+01
   5.7686510e+06   7.3913574e+01
   5.8046210e+06   7.4279785e+01
   5.8048020e+06   7.4462891e+01
   5.8049240e+06   7.9284668e+01
   5.8546550e+06   7.3791504e+01
   5.8547530e+06   1.0406494e+02
   5.8548600e+06   6.6284180e+01
   5.8549470e+06   7.8796387e+01
   5.8550610e+06   8.7036133e+01
   5.8552940e+06   5.8349609e+01
   5.8938680e+06   7.3669434e+01
   5.8941630e+06   7.0739746e+01
   5.9102020e+06   8.1420898e+01
   5.9697560e+06   9.2895508e+01
   5.9699530e+06   8.6120605e+01
   5.9737340e+06   8.2092285e+01
   5.9968390e+06   9.4055176e+01
   5.9969630e+06   6.9885254e+01
   5.9970480e+06   8.4106445e+01
   6.0295740e+06   9.1064453e+01
   6.0297960e+06   8.1481934e+01
   6.0299020e+06   7.9895020e+01
   6.0593700e+06   7.4218750e+01
   6.1011590e+06   5.7006836e+01
   6.1082910e+06   8.1726074e+01
   6.1084000e+06   8.1909180e+01
   6.1085100e+06   7.8674316e+01
   6.1344610e+06   8.1115723e+01
   6.1345450e+06   8.6486816e+01
   6.1870090e+06   7.5439453e+01
   6.1871670e+06   9.8449707e+01
   6.1872880e+06   8.1726074e+01
   6.2218240e+06   7.3242188e+01
   6.2301470e+06   6.0180664e+01
   6.2966430e+06   8.0566406e+01
   6.2968040e+06   6.9946289e+01
   6.2970680e+06   9.9731445e+01
   6.3519650e+06   5.7800293e+01
   6.3583650e+06   7.9589844e+01
   6.3584740e+06   7.4401855e+01
   6.3586150e+06   8.2702637e+01
   6.3587630e+06   7.3425293e+01
   6.3824040e+06   7.6477051e+01
   6.3825950e+06   8.0139160e+01
   6.4240310e+06   8.9721680e+01
   6.4241640e+06   7.4523926e+01
   6.4588330e+06   7.6354980e+01
   6.4943610e+06   8.4472656e+01
   6.5053160e+06   8.8195801e+01
   6.5164500e+06   9.6252441e+01
   6.5397460e+06   9.0209961e+01
   6.5398570e+06   7.0495605e+01
   6.5727480e+06   8.9233398e+01
   6.6434180e+06   9.1674805e+01
   6.6435180e+06   9.1430664e+01
   6.6436690e+06   9.8876953e+01
   6.6437610e+06   7.6538086e+01
   6.6438570e+06   9.3750000e+01
   6.6713960e+06   8.0078125e+01
   6.6715120e+06   7.1838379e+01
   6.6716010e+06   6.5979004e+01
   6.6717290e+06   6.4453125e+01
   6.6718770e+06   6.7810059e+01
   6.7031910e+06   9.0759277e+01
   6.7033370e+06   9.0148926e+01
   6.7036090e+06   8.2702637e+01
   6.7092220e+06   8.6608887e+01
   6.7254140e+06   9.9426270e+01
   6.7344410e+06   8.1481934e+01
   6.7450680e+06   8.5144043e+01
   6.7452310e+06   5.5236816e+01
   6.7452590e+06   8.4228516e+01
   6.7638840e+06   8.0566406e+01
   6.7898190e+06   8.1115723e+01
   6.7899000e+06   8.3068848e+01
   6.7900610e+06   7.9650879e+01
   6.8032840e+06   7.7392578e+01
   6.8034140e+06   9.5336914e+01
   6.8036020e+06   6.4453125e+01
   6.8037180e+06   7.0739746e+01
   6.8276660e+06   8.7707520e+01
   6.8394130e+06   5.7189941e+01
   6.8401920e+06   7.6965332e+01
   6.8591440e+06   8.0261230e+01
   6.8683910e+06   8.3496094e+01
   6.8788050e+06   9.2163086e+01
   6.8941480e+06   7.2082520e+01
   6.9053840e+06   7.8247070e+01
   6.9239840e+06   8.1604004e+01
   6.9446460e+06   8.3618164e+01
   6.9447670e+06   9.4970703e+01
   6.9448340e+06   6.5002441e+01
   6.9806520e+06   6.3720703e+01
   7.0020760e+06   6.1340332e+01
   7.0287890e+06   7.0800781e+01
   7.0289820e+06   9.8388672e+01
   7.0482740e+06   7.6965332e+01
   7.0483800e+06   8.4777832e+01
   7.0485390e+06   7.6782227e+01
   7.0867680e+06   8.3557129e+01
   7.1030630e+06   7.1105957e+01
   7.1270770e+06   1.0272217e+02
   7.1272490e+06   8.7219238e+01
   7.1274480e+06   8.4960938e+01
   7.1679900e+06   8.9172363e+01
   7.2259800e+06   8.1359863e+01
   7.2261640e+06   9.0454102e+01
   7.2263650e+06   8.6547852e+01
   7.2421170e+06   5.8532715e+01
   7.2507540e+06   9.5947266e+01
   7.2574290e+06   8.4960938e+01
   7.2576170e+06   7.1594238e+01
   7.2578000e+06   6.0729980e+01
   7.3316120e+06   7.7880859e+01
   7.3382680e+06   9.4909668e+01
   7.3384210e+06   8.7829590e+01
   7.3673660e+06   1.0247803e+02
   7.3678350e+06   8.6791992e+01
   7.3925790e+06   8.5449219e+01
   7.4015480e+06   7.1838379e+01
   7.4194060e+06   9.7534180e+01
   7.4196680e+06   8.0505371e+01
   7.4378970e+06   8.3312988e+01
   7.4381230e+06   7.8308105e+01
   7.4565850e+06   8.0566406e+01
   7.4658720e+06   8.9294434e+01
   7.4849480e+06   7.7270508e+01
   7.4935830e+06   7.2814941e+01
   7.5100990e+06   8.2580566e+01
   7.5109670e+06   7.1289063e+01
   7.5371440e+06   9.9365234e+01
   7.5489070e+06   9.3688965e+01
   7.5492270e+06   1.0363770e+02
   7.5703330e+06   9.7534180e+01
   7.5705170e+06   9.0270996e+01
   7.5708320e+06   8.0261230e+01
   7.5822850e+06   7.5439453e+01
   7.5922720e+06   9.2468262e+01
   7.5924210e+06   7.1411133e+01
   7.6103110e+06   7.3425293e+01
   7.6104800e+06   8.1787109e+01
   7.6339450e+06   7.5683594e+01
   7.6341170e+06   7.3547363e+01
   7.6342880e+06   7.3608398e+01
   7.6536430e+06   7.5317383e+01
   7.6537940e+06   9.0515137e+01
   7.6732110e+06   7.5195313e+01
   7.6847190e+06   9.7106934e+01
   7.6851090e+06   8.3251953e+01
   7.7024580e+06   7.7819824e+01
   7.7026880e+06   7.9650879e+01
   7.7100460e+06   5.6030273e+01
   7.7122460e+06   5.6762695e+01
   7.7258210e+06   8.0810547e+01
   7.7415760e+06   7.2082520e+01
   7.7416990e+06   6.9458008e+01
   7.7418420e+06   8.5632324e+01
   7.7422970e+06   7.6354980e+01
   7.7577930e+06   7.4584961e+01
   7.7581050e+06   7.8369141e+01
   7.7792300e+06   7.5561523e+01
   7.7796650e+06   7.4523926e+01
   7.7891270e+06   7.1472168e+01
   7.7996270e+06   8.9416504e+01
   7.8095880e+06   8.5388184e+01
   7.8099930e+06   9.5214844e+01
   7.8101170e+06   6.7077637e+01
   7.8219120e+06   7.1716309e+01
   7.8220140e+06   8.4350586e+01
   7.8357140e+06   6.9030762e+01
   7.8565460e+06   8.9233398e+01
   7.8569570e+06   9.7778320e+01
   7.8695600e+06   6.9763184e+01
   7.8906410e+06   8.6669922e+01
   7.8908710e+06   6.5063477e+01
   7.9054030e+06   8.0261230e+01
   7.9056670e+06   8.5632324e+01
   7.9059690e+06   9.0881348e+01
   7.9214330e+06   7.9895020e+01
   7.9215870e+06   7.4340820e+01
   7.9350640e+06   8.9355469e+01
   7.9502070e+06   7.1655273e+01
   7.9507120e+06   8.0444336e+01
   7.9642380e+06   7.3730469e+01
   7.9643330e+06   8.8134766e+01
   7.9644910e+06   8.8439941e+01
   7.9646610e+06   5.8288574e+01
   7.9811320e+06   7.7819824e+01
   7.9816280e+06   8.0749512e+01
   8.0030120e+06   9.3200684e+01
   8.0032850e+06   7.8491211e+01
   8.0034380e+06   7.8918457e+01
   8.0177190e+06   6.8176270e+01
   8.0178600e+06   8.7097168e+01
   8.0180710e+06   8.2519531e+01
   8.0267940e+06   5.5664063e+01
   8.0297830e+06   8.8073730e+01
   8.0299510e+06   8.4655762e+01
   8.0301850e+06   8.3312988e+01
   8.0413310e+06   6.6040039e+01
   8.0416490e+06   9.6130371e+01
   8.0418980e+06   7.6049805e+01
   8.0553220e+06   1.0650635e+02
   8.0651280e+06   7.3120117e+01
   8.0651960e+06   5.8532715e+01
   8.0653080e+06   7.3852539e+01
   8.0898250e+06   7.3242188e+01
   8.0900170e+06   6.6711426e+01
   8.1027280e+06   7.7697754e+01
   8.1029050e+06   7.6110840e+01
   8.1030550e+06   8.7646484e+01
   8.1141380e+06   8.8867188e+01
   8.1284040e+06   7.0861816e+01
   8.1285720e+06   8.5144043e+01
   8.1432640e+06   8.0322266e+01
   8.1434620e+06   7.4951172e+01
   8.1436630e+06   7.1716309e+01
   8.1579810e+06   9.5703125e+01
   8.1582780e+06   7.4890137e+01
   8.1584470e+06   6.3049316e+01
   8.1713520e+06   7.7819824e+01
   8.1718700e+06   7.5683594e+01
   8.1846760e+06   6.8725586e+01
   8.1954290e+06   1.0479736e+02
   8.2050230e+06   7.7087402e+01
   8.2059700e+06   7.4584961e+01
   8.2168430e+06   7.7331543e+01
   8.2170550e+06   6.6162109e+01
   8.2403380e+06   7.7270508e+01
   8.2406440e+06   7.8552246e+01
   8.2505480e+06   7.2814941e+01
   8.2506760e+06   8.7890625e+01
   8.2694890e+06   7.1533203e+01
   8.2696100e+06   8.0505371e+01
   8.2721110e+06   5.6030273e+01
   8.2791540e+06   9.5458984e+01
   8.2792840e+06   8.2702637e+01
   8.2900090e+06   8.7036133e+01
   8.2904620e+06   7.7636719e+01
   8.2992730e+06   8.9782715e+01
   8.2994490e+06   8.5083008e+01
   8.3088130e+06   8.2824707e+01
   8.3089680e+06   6.4025879e+01
   8.3174850e+06   8.0932617e+01
   8.3177510e+06   9.1796875e+01
   8.3265480e+06   9.5031738e+01
   8.3266880e+06   7.3181152e+01
   8.3364490e+06   7.9467773e+01
   8.3365520e+06   7.8491211e+01
   8.3454820e+06   7.5500488e+01
   8.3456500e+06   8.2214355e+01
   8.3559240e+06   8.1176758e+01
   8.3560760e+06   8.4228516e+01
   8.3832310e+06   7.2692871e+01
   8.3916980e+06   8.3923340e+01
   8.4004790e+06   6.9702148e+01
   8.4006240e+06   6.4086914e+01
   8.4184100e+06   8.6242676e+01
   8.4186550e+06   9.8022461e+01
   8.4188670e+06   8.3435059e+01
   8.4272940e+06   8.6120605e+01
   8.4274020e+06   6.5185547e+01
   8.4374910e+06   7.9956055e+01
   8.4475000e+06   8.3068848e+01
   8.4553890e+06   9.6313477e+01
   8.4556250e+06   9.4482422e+01
   8.4646260e+06   7.4157715e+01
   8.4733090e+06   9.7778320e+01
   8.4735850e+06   8.0810547e+01
   8.4818660e+06   6.4819336e+01
   8.4822040e+06   9.7290039e+01
   8.4910390e+06   7.3486328e+01
   8.5014330e+06   7.8308105e+01
   8.5171750e+06   8.8562012e+01
   8.5172980e+06   7.9833984e+01
   8.5260010e+06   8.9904785e+01
   8.5351640e+06   7.0251465e+01
   8.5437190e+06   8.6914063e+01
   8.5439060e+06   8.6120605e+01
   8.5442150e+06   7.8247070e+01
   8.5515700e+06   8.8562012e+01
   8.5595040e+06   8.0261230e+01
   8.5677240e+06   5.6762695e+01
   8.5684530e+06   7.0861816e+01
   8.5687010e+06   1.0302734e+02
   8.5777470e+06   8.3190918e+01
   8.5779970e+06   9.0698242e+01
   8.5862980e+06   9.0209961e+01
   8.5945840e+06   8.0139160e+01
   8.6031560e+06   7.7575684e+01
   8.6033140e+06   8.6914063e+01
   8.6035130e+06   7.5378418e+01
   8.6117100e+06   8.6425781e+01
   8.6119240e+06   9.3811035e+01
   8.6198440e+06   8.7402344e+01
   8.6201390e+06   6.5002441e+01
   8.6279290e+06   6.7199707e+01
   8.6282680e+06   9.8388672e+01
   8.6358130e+06   7.7819824e+01
   8.6362090e+06   8.4167480e+01
   8.6433230e+06   7.9162598e+01
   8.6435040e+06   6.6833496e+01
   8.6655100e+06   8.8256836e+01
   8.6725900e+06   9.2346191e+01
   8.6730300e+06   7.5500488e+01
   8.6875970e+06   8.4533691e+01
   8.6877490e+06   6.7749023e+01
   8.6949510e+06   8.5449219e+01
   8.6951660e+06   5.7861328e+01
   8.7028960e+06   8.4350586e+01
   8.7090440e+06   8.2458496e+01
   8.7173490e+06   8.5632324e+01
   8.7321130e+06   8.8989258e+01
   8.7324180e+06   6.8298340e+01
   8.7459060e+06   8.5449219e+01
   8.7609360e+06   8.0078125e+01
   8.7675510e+06   1.0339355e+02
   8.7746030e+06   6.2866211e+01
   8.7819710e+06   7.2082520e+01
   8.7822600e+06   8.2458496e+01
   8.7981220e+06   6.3171387e+01
   8.8059900e+06   8.9843750e+01
   8.8135130e+06   7.9589844e+01
   8.8136960e+06   7.5866699e+01
   8.8138990e+06   8.7219238e+01
   8.8215550e+06   7.2814941e+01
   8.8293950e+06   8.8073730e+01
   8.8295710e+06   7.8063965e+01
   8.8382430e+06   8.8012695e+01
   8.8484870e+06   7.9345703e+01
   8.8559510e+06   6.2622070e+01
   8.8562460e+06   7.2265625e+01
   8.8639800e+06   8.7341309e+01
   8.8643520e+06   5.9020996e+01
   8.8738710e+06   9.7290039e+01
   8.8834240e+06   8.2885742e+01
   8.8897180e+06   7.2998047e+01
   8.8898550e+06   7.5134277e+01
   8.9004960e+06   7.8308105e+01
   8.9102290e+06   8.7707520e+01
   8.9278900e+06   8.2580566e+01
   8.9282380e+06   8.8867188e+01
   8.9283780e+06   8.0017090e+01
   8.9458690e+06   8.3984375e+01
   8.9542510e+06   7.4523926e+01
   8.9646520e+06   7.8491211e+01
   8.9650440e+06   7.4584961e+01
   8.9742140e+06   8.3679199e+01
   8.9863420e+06   6.7016602e+01
   8.9865660e+06   7.9162598e+01
   8.9867680e+06   8.0627441e+01
   9.0130720e+06   8.5449219e+01
   9.0134780e+06   6.7626953e+01
   9.0255310e+06   8.1237793e+01
   9.0380740e+06   7.6416016e+01
   9.0481550e+06   9.3444824e+01
   9.1276800e+06   5.5297852e+01
   9.1375960e+06   8.8317871e+01
   9.1640740e+06   8.4045410e+01
   9.1934580e+06   8.9477539e+01
   9.2176290e+06   7.5927734e+01
   9.2179180e+06   8.8439941e+01
   9.2334200e+06   7.0068359e+01
   9.3178090e+06   5.5480957e+01
   9.3185160e+06   8.0017090e+01
   9.3438430e+06   8.8745117e+01
   9.4167000e+06   7.3547363e+01
   9.4397950e+06   6.4147949e+01
   9.4398910e+06   8.9172363e+01
   9.5579350e+06   5.5847168e+01
   9.6246990e+06   5.5236816e+01
   9.7793870e+06   5.8288574e+01
   9.8032550e+06   7.1533203e+01
   9.8034830e+06   8.3435059e+01
   9.8151160e+06   7.5805664e+01
   9.8239090e+06   5.6213379e+01
   9.9591550e+06   9.3811035e+01
   1.0059968e+07   8.5021973e+01
   1.0060159e+07   7.7026367e+01
   1.0100550e+07   5.8288574e+01
   1.0237061e+07   5.7556152e+01
   1.0596867e+07   5.5847168e+01
   1.0772764e+07   5.7861328e+01
   1.0870645e+07   6.3598633e+01
   1.0907125e+07   5.5664063e+01
   1.0936760e+07   5.6518555e+01
   1.1174376e+07   8.8989258e+01
   1.1174597e+07   6.5917969e+01
   1.1424124e+07   5.5480957e+01
   1.1756710e+07   5.5725098e+01
   1.1774601e+07   5.5908203e+01
   1.1794207e+07   5.7861328e+01
   1.1808362e+07   5.7617188e+01
   1.1844729e+07   8.0810547e+01
