   1.1996000e+07   0.0000000e+00
   1.5190000e+04   3.2226563e+01
   1.6484000e+04   2.8564453e+02
   1.6498000e+04   3.5766602e+01
   1.6655000e+04   3.6132813e+01
   1.7144000e+04   1.9805908e+02
   3.6172000e+04   2.2363281e+02
   3.6184000e+04   4.2297363e+01
   3.6649000e+04   2.3443604e+02
   5.7980000e+04   2.8088379e+02
   5.7993000e+04   3.9306641e+01
   5.8238000e+04   2.5073242e+02
   5.8253000e+04   3.7780762e+01
   6.5882000e+04   3.2775879e+01
   6.6165000e+04   2.1508789e+02
   6.6176000e+04   3.8208008e+01
   1.0038600e+05   3.0468750e+02
   1.0039700e+05   3.6682129e+01
   1.0044000e+05   3.9794922e+01
   1.0046500e+05   3.3325195e+01
   1.0082900e+05   2.4450684e+02
   1.0095900e+05   4.7851563e+01
   1.0099100e+05   3.1677246e+01
   1.0141400e+05   3.1555176e+01
   1.0171400e+05   3.1311035e+01
   1.0184100e+05   3.3142090e+01
   1.0189900e+05   1.7156982e+02
   1.0203200e+05   3.2592773e+01
   1.0232400e+05   2.0233154e+02
   1.0835300e+05   3.2470703e+01
   1.4857200e+05   2.3968506e+02
   1.4858300e+05   3.2775879e+01
   1.4887800e+05   2.5219727e+02
   1.4896100e+05   3.1921387e+01
   1.4898500e+05   1.8951416e+02
   1.4901400e+05   3.5278320e+01
   1.4913100e+05   3.3264160e+01
   1.4918300e+05   1.2890625e+02
   1.4929300e+05   3.1555176e+01
   1.4946800e+05   1.5972900e+02
   1.4960500e+05   4.5349121e+01
   1.4969900e+05   1.3964844e+02
   1.5000200e+05   1.4434814e+02
   2.0094600e+05   3.0242920e+02
   2.0095900e+05   4.4067383e+01
   2.5334100e+05   2.7197266e+02
   2.5335700e+05   3.2348633e+01
   2.5385900e+05   2.4462891e+02
   2.5388100e+05   3.7109375e+01
   2.5404900e+05   2.0098877e+02
   2.5439700e+05   3.5095215e+01
   2.7291100e+05   2.3791504e+02
   2.7292200e+05   3.5522461e+01
   2.7301300e+05   4.7363281e+01
   2.7359400e+05   3.8574219e+01
   2.7383800e+05   3.1372070e+01
   3.1546500e+05   2.0428467e+02
   3.1547500e+05   3.3752441e+01
   3.1571200e+05   1.8145752e+02
   3.1572400e+05   3.1188965e+01
   3.1579900e+05   4.0344238e+01
   3.1581500e+05   2.0117188e+02
   3.4129200e+05   2.3144531e+02
   3.4130300e+05   4.4860840e+01
   3.4149100e+05   2.5103760e+02
   3.4177500e+05   2.0678711e+02
   3.7557600e+05   2.9730225e+02
   3.7559000e+05   3.8208008e+01
   4.0336400e+05   2.4591064e+02
   4.0337700e+05   3.6682129e+01
   4.2886500e+05   2.1160889e+02
   4.2887700e+05   3.6132813e+01
   4.2900100e+05   2.2924805e+02
   4.2903000e+05   3.7597656e+01
   4.2907400e+05   3.4973145e+01
   4.2908500e+05   4.7607422e+01
   4.2915900e+05   1.3647461e+02
   4.2919500e+05   3.4240723e+01
   4.2930400e+05   8.2885742e+01
   4.2933400e+05   3.3508301e+01
   4.2945000e+05   7.0434570e+01
   4.2964700e+05   1.4404297e+02
   4.2968500e+05   3.1555176e+01
   4.2984900e+05   9.9487305e+01
   4.2987700e+05   3.5339355e+01
   4.2995400e+05   3.5827637e+01
   4.3017000e+05   1.0247803e+02
   4.3031200e+05   5.4077148e+01
   4.3044700e+05   3.2409668e+01
   4.3049500e+05   5.9936523e+01
   4.3097800e+05   1.0552979e+02
   4.5945900e+05   2.2161865e+02
   4.5947300e+05   4.0466309e+01
   4.5956800e+05   4.6203613e+01
   4.5958800e+05   3.3752441e+01
   4.6002700e+05   2.1411133e+02
   4.6004200e+05   3.3630371e+01
   4.7706000e+05   2.7215576e+02
   4.7707600e+05   3.4057617e+01
   5.4453100e+05   2.7764893e+02
   5.4454200e+05   3.3569336e+01
   5.9988400e+05   2.7185059e+02
   6.0005600e+05   2.5415039e+02
   6.0013600e+05   4.3884277e+01
   6.0016600e+05   3.9855957e+01
   6.0020700e+05   1.6674805e+02
   6.0022700e+05   3.2409668e+01
   6.0031000e+05   1.1218262e+02
   6.0035800e+05   3.5400391e+01
   6.0048300e+05   1.4611816e+02
   6.0050700e+05   3.4484863e+01
   6.0052900e+05   4.0710449e+01
   6.0079800e+05   3.4973145e+01
   6.0081400e+05   1.4080811e+02
   6.0087200e+05   3.4667969e+01
   6.0097600e+05   3.6865234e+01
   6.0098900e+05   3.1799316e+01
   6.0115800e+05   1.1700439e+02
   6.0120200e+05   3.3081055e+01
   6.0124200e+05   3.1066895e+01
   6.0144400e+05   3.2470703e+01
   6.3663000e+05   2.4456787e+02
   6.3664400e+05   4.3212891e+01
   6.3750000e+05   2.4200439e+02
   6.3751300e+05   3.3203125e+01
   6.6583400e+05   2.9760742e+02
   6.6600100e+05   2.0623779e+02
   6.9848400e+05   2.7496338e+02
   6.9849700e+05   3.5705566e+01
   7.1490000e+05   2.6110840e+02
   7.1492700e+05   3.1066895e+01
   7.1500100e+05   3.3569336e+01
   7.1509500e+05   2.0379639e+02
   7.3047100e+05   3.1066895e+01
   7.3064200e+05   3.5156250e+01
   7.3066700e+05   2.9388428e+02
   7.3068000e+05   3.5583496e+01
   7.3095000e+05   1.9165039e+02
   7.3096200e+05   3.3935547e+01
   7.3109700e+05   4.1564941e+01
   7.3118700e+05   2.3077393e+02
   7.3120400e+05   3.1616211e+01
   7.3130700e+05   3.7048340e+01
   7.6805400e+05   2.7642822e+02
   7.6806800e+05   3.2104492e+01
   7.7443500e+05   2.7520752e+02
   7.7444800e+05   3.1066895e+01
   7.7585600e+05   2.6226807e+02
   7.7616500e+05   2.0043945e+02
   7.7650200e+05   3.6132813e+01
   7.9408100e+05   2.0806885e+02
   7.9409300e+05   3.7597656e+01
   8.0553100e+05   3.1066895e+01
   8.0576300e+05   2.3992920e+02
   8.0577600e+05   3.4729004e+01
   8.0627300e+05   2.4194336e+02
   8.0628700e+05   4.5104980e+01
   8.2533700e+05   2.7343750e+02
   8.2535400e+05   3.2165527e+01
   8.2562100e+05   2.2558594e+02
   8.2563400e+05   3.1555176e+01
   8.2578000e+05   2.1545410e+02
   8.2615800e+05   2.1148682e+02
   8.4993400e+05   2.1893311e+02
   8.4994700e+05   4.8706055e+01
   8.6032200e+05   2.9510498e+02
   8.6033800e+05   3.4973145e+01
   8.6059800e+05   1.9281006e+02
   8.6076900e+05   2.1881104e+02
   8.6087900e+05   3.9062500e+01
   8.6110200e+05   1.7419434e+02
   8.6160700e+05   3.1677246e+01
   8.6163700e+05   1.8731689e+02
   8.8593200e+05   2.2540283e+02
   8.8594300e+05   3.8696289e+01
   8.8609800e+05   2.0556641e+02
   9.0358100e+05   2.6788330e+02
   9.0359100e+05   3.7048340e+01
   9.0375200e+05   3.6621094e+01
   9.0377500e+05   2.4401855e+02
   9.0394500e+05   2.0745850e+02
   9.0442100e+05   1.9482422e+02
   9.2122400e+05   2.5103760e+02
   9.2123900e+05   3.5461426e+01
   9.6703700e+05   2.5378418e+02
   9.6705000e+05   4.8156738e+01
   9.6724300e+05   2.0886230e+02
   9.6725800e+05   3.9367676e+01
   9.6738400e+05   3.6804199e+01
   9.6751200e+05   3.1860352e+01
   9.6754200e+05   3.4057617e+01
   9.6763200e+05   2.4102783e+02
   9.8706000e+05   3.0871582e+02
   9.8707600e+05   3.2409668e+01
   1.0378850e+06   3.1188965e+01
   1.0379060e+06   3.1585693e+02
   1.0379190e+06   3.9001465e+01
   1.0382750e+06   2.4926758e+02
   1.0383240e+06   3.2226563e+01
   1.0550800e+06   2.4200439e+02
   1.0550920e+06   4.3762207e+01
   1.0554100e+06   2.0874023e+02
   1.0554980e+06   3.4484863e+01
   1.0555840e+06   1.8402100e+02
   1.0558910e+06   1.7169189e+02
   1.0561650e+06   1.9842529e+02
   1.0561820e+06   3.1311035e+01
   1.0562610e+06   4.7485352e+01
   1.0562980e+06   1.1083984e+02
   1.0565830e+06   1.2347412e+02
   1.0804970e+06   3.3325195e+01
   1.0988820e+06   2.8759766e+02
   1.0988950e+06   3.1982422e+01
   1.0991500e+06   2.6434326e+02
   1.1031910e+06   3.2775879e+01
   1.1227840e+06   1.3793945e+02
   1.1227980e+06   3.3081055e+01
   1.1235680e+06   2.6831055e+02
   1.1235800e+06   3.2714844e+01
   1.1280600e+06   2.1752930e+02
   1.1280730e+06   3.2348633e+01
   1.1420340e+06   2.6013184e+02
   1.1420470e+06   4.4799805e+01
   1.1426000e+06   3.5217285e+01
   1.1426160e+06   3.1860352e+01
   1.1427840e+06   1.6979980e+02
   1.1428070e+06   3.1494141e+01
   1.1610870e+06   2.6098633e+02
   1.1611010e+06   4.1870117e+01
   1.1614750e+06   2.2363281e+02
   1.1789410e+06   2.7136230e+02
   1.1789530e+06   3.1250000e+01
   1.1790970e+06   3.6499023e+01
   1.2031810e+06   2.8076172e+02
   1.2031930e+06   3.8452148e+01
   1.2177960e+06   2.6275635e+02
   1.2178080e+06   3.5461426e+01
   1.2180380e+06   2.3645020e+02
   1.2180570e+06   3.7231445e+01
   1.2346000e+06   3.5461426e+01
   1.2522630e+06   2.4597168e+02
   1.2522780e+06   3.1616211e+01
   1.2524300e+06   3.1127930e+01
   1.2524940e+06   3.2348633e+01
   1.2538260e+06   3.4362793e+01
   1.2544410e+06   3.5156250e+01
   1.2795180e+06   3.1298828e+02
   1.2795310e+06   3.5156250e+01
   1.2905910e+06   2.4291992e+02
   1.2906010e+06   4.3579102e+01
   1.2912320e+06   2.3980713e+02
   1.2912460e+06   4.2053223e+01
   1.2914460e+06   2.3919678e+02
   1.2914870e+06   4.4250488e+01
   1.2920050e+06   2.0629883e+02
   1.2920210e+06   3.3386230e+01
   1.2922060e+06   4.0893555e+01
   1.3097550e+06   2.6416016e+02
   1.3097670e+06   4.3090820e+01
   1.3253370e+06   1.8890381e+02
   1.3253510e+06   3.6315918e+01
   1.3254370e+06   3.1372070e+01
   1.3254810e+06   2.3992920e+02
   1.3254960e+06   3.6376953e+01
   1.3526630e+06   4.7119141e+01
   1.3526780e+06   5.1147461e+01
   1.3674360e+06   2.5555420e+02
   1.3674480e+06   3.4912109e+01
   1.3678060e+06   4.0588379e+01
   1.3974130e+06   2.8424072e+02
   1.3974240e+06   3.2348633e+01
   1.3982800e+06   2.5823975e+02
   1.3982930e+06   4.4982910e+01
   1.4135990e+06   2.5286865e+02
   1.4136090e+06   3.9245605e+01
   1.4140190e+06   2.4761963e+02
   1.4140380e+06   4.0344238e+01
   1.4144580e+06   2.2393799e+02
   1.4144740e+06   3.6865234e+01
   1.4146150e+06   3.1005859e+01
   1.4147330e+06   2.1783447e+02
   1.4507540e+06   2.0635986e+02
   1.4507640e+06   4.7851563e+01
   1.4510290e+06   2.0916748e+02
   1.4511470e+06   3.9428711e+01
   1.4683720e+06   1.9732666e+02
   1.4683840e+06   3.6865234e+01
   1.5250860e+06   2.7386475e+02
   1.5250980e+06   3.1616211e+01
   1.5255190e+06   3.2287598e+01
   1.5255680e+06   2.1325684e+02
   1.5255840e+06   3.1188965e+01
   1.5256670e+06   4.3884277e+01
   1.5257250e+06   3.3752441e+01
   1.5548330e+06   2.7850342e+02
   1.5548430e+06   4.2419434e+01
   1.5550370e+06   2.3968506e+02
   1.5739410e+06   2.4993896e+02
   1.5739540e+06   3.4790039e+01
   1.5743250e+06   2.4688721e+02
   1.5751350e+06   3.2653809e+01
   1.5751550e+06   4.6875000e+01
   1.5753990e+06   5.0476074e+01
   1.5759650e+06   3.7536621e+01
   1.5760680e+06   2.2247314e+02
   1.5761900e+06   3.1982422e+01
   1.5779150e+06   3.9062500e+01
   1.5781220e+06   3.2165527e+01
   1.5783160e+06   2.1783447e+02
   1.5783300e+06   3.6010742e+01
   1.5784480e+06   3.1311035e+01
   1.5785090e+06   2.1466064e+02
   1.6171490e+06   4.2297363e+01
   1.6174230e+06   2.7154541e+02
   1.6174350e+06   3.2043457e+01
   1.6175520e+06   4.1503906e+01
   1.6177040e+06   2.5738525e+02
   1.6177150e+06   4.4555664e+01
   1.6177440e+06   4.4372559e+01
   1.6178670e+06   1.6857910e+02
   1.6180110e+06   1.5417480e+02
   1.6180880e+06   3.7170410e+01
   1.6182320e+06   1.3586426e+02
   1.6185190e+06   1.3879395e+02
   1.6963380e+06   2.0483398e+02
   1.6964750e+06   3.1860352e+01
   1.6964910e+06   2.6293945e+02
   1.6974870e+06   3.3813477e+01
   1.6975390e+06   2.6770020e+02
   1.6975520e+06   3.4973145e+01
   1.6976430e+06   3.5644531e+01
   1.6977190e+06   3.5156250e+01
   1.6978160e+06   2.0532227e+02
   1.6979940e+06   3.1005859e+01
   1.6981730e+06   3.6193848e+01
   1.6983940e+06   1.7132568e+02
   1.6985870e+06   3.4362793e+01
   1.7092950e+06   2.4536133e+02
   1.7093080e+06   3.5156250e+01
   1.7574900e+06   2.8137207e+02
   1.7575040e+06   3.8696289e+01
   1.7581430e+06   2.4804688e+02
   1.7581570e+06   3.6987305e+01
   1.7585120e+06   2.4896240e+02
   1.7585260e+06   3.2592773e+01
   1.7585720e+06   3.3691406e+01
   1.7588400e+06   3.1433105e+01
   1.7759670e+06   2.5567627e+02
   1.7759780e+06   4.8706055e+01
   1.8099320e+06   2.4206543e+02
   1.8099440e+06   3.6315918e+01
   1.8120630e+06   2.5024414e+02
   1.8120760e+06   3.4118652e+01
   1.8125350e+06   2.4957275e+02
   1.8125470e+06   3.2226563e+01
   1.8125700e+06   3.5766602e+01
   1.8126960e+06   1.7651367e+02
   1.8127380e+06   3.3508301e+01
   1.8134890e+06   3.1372070e+01
   1.8135480e+06   2.1435547e+02
   1.8136620e+06   3.2043457e+01
   1.8137870e+06   1.5795898e+02
   1.8138010e+06   5.0964355e+01
   1.8138730e+06   3.1311035e+01
   1.8141420e+06   1.5429688e+02
   1.8141920e+06   3.2165527e+01
   1.8143630e+06   9.8449707e+01
   1.8145560e+06   1.2493896e+02
   1.8629110e+06   1.9897461e+02
   1.8629210e+06   3.5949707e+01
   1.8944580e+06   2.0050049e+02
   1.8944690e+06   3.2287598e+01
   1.8945650e+06   2.2589111e+02
   1.8945790e+06   4.0100098e+01
   1.8946840e+06   3.8452148e+01
   1.8946960e+06   1.7218018e+02
   1.8947230e+06   3.2897949e+01
   1.8948730e+06   1.2994385e+02
   1.9235770e+06   2.0471191e+02
   1.9235890e+06   3.3203125e+01
   1.9460400e+06   2.6293945e+02
   1.9460530e+06   3.4545898e+01
   1.9462250e+06   2.2613525e+02
   1.9462430e+06   3.4912109e+01
   1.9466810e+06   2.1710205e+02
   2.0056360e+06   3.3508301e+01
   2.0068710e+06   2.7380371e+02
   2.0068840e+06   3.5827637e+01
   2.0070140e+06   2.2424316e+02
   2.0072120e+06   2.0758057e+02
   2.0072350e+06   4.9255371e+01
   2.0389050e+06   2.7886963e+02
   2.0389190e+06   3.3935547e+01
   2.0392790e+06   2.6043701e+02
   2.0392940e+06   3.8818359e+01
   2.0393930e+06   3.4118652e+01
   2.0394080e+06   2.1795654e+02
   2.0395400e+06   3.0944824e+01
   2.0395790e+06   1.7175293e+02
   2.0718170e+06   2.3895264e+02
   2.0718300e+06   3.5217285e+01
   2.0909630e+06   2.5476074e+02
   2.0909740e+06   3.5644531e+01
   2.0938520e+06   2.6690674e+02
   2.0938640e+06   3.6987305e+01
   2.1233200e+06   3.2043457e+01
   2.1293500e+06   2.3156738e+02
   2.1293640e+06   3.9123535e+01
   2.1295690e+06   3.1982422e+01
   2.1295880e+06   2.6049805e+02
   2.1296170e+06   3.1555176e+01
   2.1296360e+06   4.0710449e+01
   2.1297170e+06   3.5705566e+01
   2.1297580e+06   1.7193604e+02
   2.1297850e+06   3.3569336e+01
   2.1300090e+06   4.3151855e+01
   2.1309230e+06   4.1625977e+01
   2.1309340e+06   2.6385498e+02
   2.1314350e+06   3.6376953e+01
   2.1543880e+06   3.1555176e+01
   2.1581690e+06   2.3968506e+02
   2.1581800e+06   3.5095215e+01
   2.1583640e+06   2.1325684e+02
   2.1583860e+06   3.3630371e+01
   2.1586980e+06   2.1008301e+02
   2.2412820e+06   2.5872803e+02
   2.2413370e+06   3.3569336e+01
   2.2414100e+06   2.2235107e+02
   2.2414960e+06   4.0954590e+01
   2.2415430e+06   1.4984131e+02
   2.2416920e+06   1.5539551e+02
   2.2417100e+06   3.3752441e+01
   2.2418690e+06   1.4837646e+02
   2.2418890e+06   3.6010742e+01
   2.2420840e+06   1.6064453e+02
   2.2423070e+06   1.6766357e+02
   2.2427440e+06   1.3848877e+02
   2.2545360e+06   4.3884277e+01
   2.2545490e+06   3.0694580e+02
   2.2545620e+06   4.4372559e+01
   2.2546390e+06   4.9682617e+01
   2.2546640e+06   3.9611816e+01
   2.2546820e+06   2.1838379e+02
   2.2547370e+06   3.1921387e+01
   2.2547660e+06   8.8623047e+01
   2.2548170e+06   3.4606934e+01
   2.2548680e+06   7.8735352e+01
   2.2550040e+06   6.6955566e+01
   2.2550840e+06   3.1005859e+01
   2.2551990e+06   1.2493896e+02
   2.2554610e+06   1.2890625e+02
   2.2556830e+06   1.2835693e+02
   2.2559080e+06   1.0430908e+02
   2.2561690e+06   1.1267090e+02
   2.2632970e+06   2.0666504e+02
   2.2633100e+06   3.8391113e+01
   2.2635870e+06   2.1166992e+02
   2.2912630e+06   3.5217285e+01
   2.2926220e+06   2.5909424e+02
   2.2926320e+06   3.2897949e+01
   2.2962440e+06   2.1624756e+02
   2.2964220e+06   1.8591309e+02
   2.2964550e+06   4.1992188e+01
   2.3232730e+06   2.4298096e+02
   2.3232840e+06   3.2165527e+01
   2.3233050e+06   3.4179688e+01
   2.3234560e+06   3.4545898e+01
   2.3235040e+06   1.8896484e+02
   2.3236720e+06   2.0318604e+02
   2.3236870e+06   3.9489746e+01
   2.3237980e+06   1.3647461e+02
   2.3239700e+06   1.6424561e+02
   2.3651950e+06   9.1796875e+01
   2.3652070e+06   3.2714844e+01
   2.3655020e+06   2.4755859e+02
   2.3656780e+06   3.4667969e+01
   2.4141050e+06   2.5775146e+02
   2.4141180e+06   4.2541504e+01
   2.4370350e+06   2.2662354e+02
   2.4370460e+06   3.8085938e+01
   2.4379290e+06   4.2236328e+01
   2.4379440e+06   5.1208496e+01
   2.4568080e+06   2.7191162e+02
   2.4568220e+06   4.4982910e+01
   2.4570950e+06   2.2882080e+02
   2.4571410e+06   3.3386230e+01
   2.4573970e+06   2.0037842e+02
   2.4574220e+06   3.1311035e+01
   2.4575230e+06   3.6621094e+01
   2.4575380e+06   2.1936035e+02
   2.4575600e+06   3.1921387e+01
   2.4576890e+06   1.4001465e+02
   2.4711160e+06   2.9119873e+02
   2.4711310e+06   3.4362793e+01
   2.4817630e+06   3.2653809e+01
   2.5121780e+06   2.8094482e+02
   2.5121950e+06   3.5827637e+01
   2.5123860e+06   2.3730469e+02
   2.5126610e+06   2.2186279e+02
   2.5128480e+06   1.9531250e+02
   2.5129680e+06   3.9489746e+01
   2.5308680e+06   2.6794434e+02
   2.5384150e+06   3.2470703e+01
   2.5384790e+06   2.8997803e+02
   2.5384920e+06   3.4362793e+01
   2.5386170e+06   3.4973145e+01
   2.5386830e+06   2.2680664e+02
   2.5388020e+06   3.5095215e+01
   2.5504690e+06   2.6245117e+02
   2.5504790e+06   3.5888672e+01
   2.5697510e+06   2.5714111e+02
   2.5804250e+06   2.3498535e+02
   2.5804400e+06   3.8391113e+01
   2.5910170e+06   2.6385498e+02
   2.5910310e+06   3.9489746e+01
   2.5911570e+06   3.3813477e+01
   2.5920970e+06   2.4700928e+02
   2.5921090e+06   3.3020020e+01
   2.5922890e+06   3.1860352e+01
   2.5923720e+06   2.0971680e+02
   2.5927750e+06   3.3203125e+01
   2.6225920e+06   2.5677490e+02
   2.6301530e+06   2.0544434e+02
   2.6301640e+06   3.2592773e+01
   2.6303610e+06   2.5042725e+02
   2.6450800e+06   2.6739502e+02
   2.6450950e+06   3.4240723e+01
   2.6521750e+06   2.7038574e+02
   2.6521880e+06   4.1992188e+01
   2.6654540e+06   2.3773193e+02
   2.6654770e+06   4.1442871e+01
   2.6656450e+06   3.1372070e+01
   2.6656770e+06   2.0068359e+02
   2.6742330e+06   2.4005127e+02
   2.6742450e+06   3.7048340e+01
   2.6743640e+06   3.2287598e+01
   2.6743790e+06   4.8950195e+01
   2.6745150e+06   1.6131592e+02
   2.6746460e+06   4.0893555e+01
   2.6746730e+06   3.4545898e+01
   2.6747510e+06   1.7425537e+02
   2.6751550e+06   1.6314697e+02
   2.6751700e+06   3.4973145e+01
   2.6752680e+06   1.2292480e+02
   2.6754330e+06   1.0705566e+02
   2.6757320e+06   1.1633301e+02
   2.6757930e+06   3.6987305e+01
   2.7071130e+06   3.1127930e+01
   2.7204610e+06   2.5305176e+02
   2.7204720e+06   3.8635254e+01
   2.7207410e+06   2.5933838e+02
   2.7207550e+06   3.4545898e+01
   2.7209570e+06   2.2796631e+02
   2.7209670e+06   5.0842285e+01
   2.7447600e+06   3.0499268e+02
   2.7448580e+06   5.4077148e+01
   2.7448910e+06   4.0832520e+01
   2.7612080e+06   2.3193359e+02
   2.7612180e+06   4.2724609e+01
   2.7679650e+06   2.6263428e+02
   2.7679780e+06   3.8818359e+01
   2.7680150e+06   3.2348633e+01
   2.7683800e+06   4.1870117e+01
   2.7688370e+06   2.1154785e+02
   2.7688500e+06   3.2226563e+01
   2.7689980e+06   1.6052246e+02
   2.7691960e+06   1.5014648e+02
   2.7693380e+06   1.4190674e+02
   2.7888600e+06   3.3813477e+01
   2.7888780e+06   4.0039063e+01
   2.7889500e+06   4.7973633e+01
   2.7889780e+06   1.8896484e+02
   2.7891390e+06   1.4624023e+02
   2.7891580e+06   6.2255859e+01
   2.7892950e+06   9.6557617e+01
   2.7895370e+06   1.5087891e+02
   2.7895820e+06   3.6315918e+01
   2.7897700e+06   1.2506104e+02
   2.7899260e+06   1.1767578e+02
   2.7902130e+06   1.1743164e+02
   2.7902350e+06   3.9794922e+01
   2.7993610e+06   2.6110840e+02
   2.8089400e+06   2.2534180e+02
   2.8089520e+06   4.2236328e+01
   2.8457170e+06   2.7612305e+02
   2.8457290e+06   3.0944824e+01
   2.8458550e+06   3.9733887e+01
   2.8458970e+06   2.1008301e+02
   2.8585150e+06   2.9675293e+02
   2.8585280e+06   3.7414551e+01
   2.8587380e+06   2.3791504e+02
   2.8588680e+06   4.6020508e+01
   2.8590000e+06   1.9158936e+02
   2.8590160e+06   3.3813477e+01
   2.8782560e+06   4.4067383e+01
   2.8782970e+06   2.3223877e+02
   2.8783280e+06   4.7790527e+01
   2.8784010e+06   1.6601563e+02
   2.8784140e+06   3.0944824e+01
   2.8784890e+06   9.9731445e+01
   2.8785210e+06   4.3579102e+01
   2.8785840e+06   6.4147949e+01
   2.8786090e+06   4.0954590e+01
   2.8790980e+06   3.2287598e+01
   2.8798260e+06   5.0598145e+01
   2.8800410e+06   5.7128906e+01
   2.8802630e+06   7.2021484e+01
   2.8805480e+06   8.6853027e+01
   2.8807440e+06   7.0678711e+01
   2.8809680e+06   6.9091797e+01
   2.8811580e+06   7.2387695e+01
   2.8814250e+06   5.7556152e+01
   2.8816410e+06   3.4057617e+01
   2.8820010e+06   5.0842285e+01
   2.8824250e+06   5.9448242e+01
   2.8948480e+06   1.9488525e+02
   2.8948610e+06   4.8278809e+01
   2.8950170e+06   1.5216064e+02
   2.8951500e+06   1.2939453e+02
   2.8953090e+06   1.1962891e+02
   2.8956760e+06   1.2493896e+02
   2.9589140e+06   2.3455811e+02
   2.9589310e+06   3.1555176e+01
   2.9589530e+06   3.7048340e+01
   2.9589710e+06   3.9916992e+01
   2.9590120e+06   1.8939209e+02
   2.9590230e+06   3.2897949e+01
   2.9590820e+06   4.9011230e+01
   2.9591050e+06   4.4189453e+01
   2.9591730e+06   6.2805176e+01
   2.9591850e+06   3.3203125e+01
   2.9592470e+06   3.1799316e+01
   2.9606480e+06   3.8452148e+01
   2.9607560e+06   3.3874512e+01
   2.9609010e+06   3.3752441e+01
   2.9610650e+06   3.1799316e+01
   2.9612270e+06   3.4301758e+01
   2.9613980e+06   3.1982422e+01
   2.9618390e+06   3.2958984e+01
   2.9623500e+06   4.6752930e+01
   2.9624350e+06   3.1311035e+01
   2.9625180e+06   3.2470703e+01
   2.9628450e+06   4.9438477e+01
   2.9631090e+06   5.4382324e+01
   2.9635840e+06   8.8745117e+01
   2.9639470e+06   8.3740234e+01
   2.9741000e+06   2.0220947e+02
   2.9741110e+06   3.1799316e+01
   3.0055910e+06   2.5146484e+02
   3.0056070e+06   3.9367676e+01
   3.0056310e+06   3.3935547e+01
   3.0056620e+06   4.4860840e+01
   3.0057260e+06   1.8872070e+02
   3.0057380e+06   3.5644531e+01
   3.0059150e+06   1.5863037e+02
   3.0172950e+06   2.5299072e+02
   3.0173070e+06   4.3090820e+01
   3.0173850e+06   3.5339355e+01
   3.0174030e+06   1.8170166e+02
   3.0175020e+06   1.0394287e+02
   3.0175250e+06   3.1188965e+01
   3.0175960e+06   6.1950684e+01
   3.0177140e+06   4.1198730e+01
   3.0179250e+06   3.1188965e+01
   3.0397980e+06   2.1557617e+02
   3.0398080e+06   4.1381836e+01
   3.0579340e+06   1.4007568e+02
   3.0580460e+06   1.9647217e+02
   3.0581070e+06   3.5217285e+01
   3.0581870e+06   1.7004395e+02
   3.0582680e+06   3.8146973e+01
   3.0583530e+06   1.3793945e+02
   3.0585190e+06   1.0949707e+02
   3.0740020e+06   2.4102783e+02
   3.0740180e+06   5.5969238e+01
   3.0816970e+06   1.9506836e+02
   3.0817120e+06   3.4851074e+01
   3.0817370e+06   4.4494629e+01
   3.0818400e+06   1.7236328e+02
   3.0818910e+06   3.8635254e+01
   3.0819590e+06   1.2164307e+02
   3.0820260e+06   3.3569336e+01
   3.0820480e+06   5.3283691e+01
   3.0821800e+06   7.0800781e+01
   3.0822990e+06   5.8959961e+01
   3.0967780e+06   2.9034424e+02
   3.0968880e+06   1.9097900e+02
   3.0969010e+06   4.6691895e+01
   3.0970140e+06   1.3146973e+02
   3.0970340e+06   4.0283203e+01
   3.0970570e+06   4.7302246e+01
   3.0971270e+06   4.3273926e+01
   3.0972000e+06   3.4484863e+01
   3.0973060e+06   3.2470703e+01
   3.1055330e+06   3.1127930e+01
   3.1055510e+06   3.5827637e+01
   3.1056700e+06   1.3653564e+02
   3.1057270e+06   3.4545898e+01
   3.1057860e+06   8.9599609e+01
   3.1058110e+06   3.8879395e+01
   3.1059430e+06   8.0200195e+01
   3.1061760e+06   1.3061523e+02
   3.1138280e+06   3.1127930e+01
   3.1218790e+06   2.2698975e+02
   3.1218910e+06   3.9550781e+01
   3.1220520e+06   2.0086670e+02
   3.1220660e+06   3.3264160e+01
   3.1222770e+06   1.5869141e+02
   3.1222980e+06   3.7048340e+01
   3.1223210e+06   3.4484863e+01
   3.1225010e+06   1.4678955e+02
   3.1302450e+06   2.3083496e+02
   3.1302550e+06   3.3874512e+01
   3.1302930e+06   4.4494629e+01
   3.1303670e+06   1.6027832e+02
   3.1303820e+06   3.9062500e+01
   3.1305200e+06   1.3464355e+02
   3.1429640e+06   1.9055176e+02
   3.1431250e+06   2.0751953e+02
   3.1431430e+06   4.2541504e+01
   3.1432370e+06   3.1555176e+01
   3.1432740e+06   1.5771484e+02
   3.1433750e+06   3.3142090e+01
   3.1434290e+06   1.1090088e+02
   3.1577540e+06   2.2802734e+02
   3.1577680e+06   3.5583496e+01
   3.1579290e+06   1.9738770e+02
   3.1579760e+06   3.1555176e+01
   3.1579990e+06   3.6621094e+01
   3.1580480e+06   1.4892578e+02
   3.1581830e+06   8.9172363e+01
   3.1582630e+06   4.1442871e+01
   3.1671510e+06   2.1984863e+02
   3.1671610e+06   3.3630371e+01
   3.1755260e+06   2.2546387e+02
   3.1755370e+06   3.1921387e+01
   3.1756410e+06   3.3020020e+01
   3.1756550e+06   1.8273926e+02
   3.1757100e+06   4.2358398e+01
   3.1758000e+06   1.4050293e+02
   3.1758240e+06   4.0893555e+01
   3.1759590e+06   7.0800781e+01
   3.1761370e+06   7.6110840e+01
   3.1864570e+06   2.4597168e+02
   3.1865970e+06   1.6680908e+02
   3.1866510e+06   3.4851074e+01
   3.1867330e+06   1.3995361e+02
   3.1870880e+06   1.6644287e+02
   3.1871010e+06   3.4179688e+01
   3.1949370e+06   1.9519043e+02
   3.2055270e+06   2.3474121e+02
   3.2055380e+06   4.4555664e+01
   3.2061110e+06   2.0135498e+02
   3.2167290e+06   1.2835693e+02
   3.2167400e+06   3.3874512e+01
   3.2171160e+06   1.9842529e+02
   3.2174820e+06   1.8609619e+02
   3.2174960e+06   3.2043457e+01
   3.2293730e+06   2.3297119e+02
   3.2293830e+06   3.1250000e+01
   3.2295940e+06   1.9635010e+02
   3.2298710e+06   1.6448975e+02
   3.2298860e+06   3.1250000e+01
   3.2405770e+06   2.8088379e+02
   3.2405900e+06   3.2165527e+01
   3.2406870e+06   1.7572021e+02
   3.2407710e+06   4.7241211e+01
   3.2407890e+06   1.3098145e+02
   3.2408800e+06   3.3081055e+01
   3.2408910e+06   8.2214355e+01
   3.2409170e+06   3.5522461e+01
   3.2410540e+06   8.2458496e+01
   3.2537300e+06   2.4023438e+02
   3.2537430e+06   3.4790039e+01
   3.2539700e+06   2.3791504e+02
   3.2541500e+06   1.7681885e+02
   3.2630330e+06   2.5396729e+02
   3.2630480e+06   3.6437988e+01
   3.2799600e+06   1.9592285e+02
   3.2799700e+06   3.2714844e+01
   3.2801210e+06   1.7028809e+02
   3.2802340e+06   1.2390137e+02
   3.2802530e+06   3.9855957e+01
   3.2803440e+06   8.0444336e+01
   3.2803740e+06   4.3640137e+01
   3.2804310e+06   3.9306641e+01
   3.2804680e+06   5.2490234e+01
   3.2805310e+06   3.3874512e+01
   3.2806580e+06   8.5937500e+01
   3.2975720e+06   2.6879883e+02
   3.2975880e+06   3.2348633e+01
   3.2976980e+06   3.4912109e+01
   3.2977250e+06   2.0361328e+02
   3.2978490e+06   3.8696289e+01
   3.2978660e+06   1.5246582e+02
   3.2979840e+06   1.0766602e+02
   3.2983170e+06   1.3610840e+02
   3.3170290e+06   2.3046875e+02
   3.3170440e+06   4.1687012e+01
   3.3171570e+06   3.5461426e+01
   3.3171960e+06   2.2662354e+02
   3.3173340e+06   1.3391113e+02
   3.3174460e+06   1.0809326e+02
   3.3175970e+06   1.1279297e+02
   3.3179350e+06   1.4306641e+02
   3.3326280e+06   2.2607422e+02
   3.3326400e+06   3.6376953e+01
   3.3327170e+06   3.1738281e+01
   3.3327650e+06   2.0214844e+02
   3.3330010e+06   1.7956543e+02
   3.3332710e+06   1.6247559e+02
   3.3510170e+06   2.4786377e+02
   3.3510300e+06   3.1494141e+01
   3.3512250e+06   1.7596436e+02
   3.3817660e+06   2.5866699e+02
   3.3819600e+06   1.8560791e+02
   3.3820080e+06   3.6376953e+01
   3.3897040e+06   2.4633789e+02
   3.3897160e+06   4.3212891e+01
   3.3899340e+06   3.4484863e+01
   3.3899950e+06   2.2821045e+02
   3.4042870e+06   2.0050049e+02
   3.4042990e+06   3.5522461e+01
   3.4045190e+06   2.1990967e+02
   3.4047530e+06   1.9122314e+02
   3.4256640e+06   2.4932861e+02
   3.4256770e+06   4.9438477e+01
   3.4440400e+06   2.3895264e+02
   3.4440540e+06   3.6376953e+01
   3.4547750e+06   2.0703125e+02
   3.4547890e+06   3.3569336e+01
   3.4549320e+06   3.5339355e+01
   3.4549750e+06   2.3858643e+02
   3.4552710e+06   2.1057129e+02
   3.4804990e+06   2.5732422e+02
   3.4806510e+06   2.3602295e+02
   3.4817520e+06   1.8988037e+02
   3.4817650e+06   3.3935547e+01
   3.5053600e+06   2.3571777e+02
   3.5053770e+06   3.9306641e+01
   3.5587910e+06   2.5115967e+02
   3.5588070e+06   3.8085937e+01
   3.5685510e+06   2.5909424e+02
   3.5685660e+06   3.9001465e+01
   3.6003050e+06   2.5109863e+02
   3.6003220e+06   3.6865234e+01
   3.6210220e+06   3.1127930e+01
   3.6215760e+06   2.6513672e+02
   3.6215860e+06   3.1616211e+01
   3.6380820e+06   2.4920654e+02
   3.6380990e+06   3.5217285e+01
   3.6401220e+06   2.2204590e+02
   3.6401350e+06   3.1066895e+01
   3.6403330e+06   1.6949463e+02
   3.6616110e+06   2.2662354e+02
   3.6616260e+06   4.1015625e+01
   3.6653000e+06   2.4475098e+02
   3.6653120e+06   4.1625977e+01
   3.7142790e+06   2.1453857e+02
   3.7142900e+06   3.2958984e+01
   3.7476670e+06   2.5946045e+02
   3.7476790e+06   3.2043457e+01
   3.7478590e+06   1.9982910e+02
   3.7480120e+06   1.7742920e+02
   3.7482550e+06   1.5032959e+02
   3.7484550e+06   1.5313721e+02
   3.7697280e+06   2.2912598e+02
   3.7697420e+06   3.2714844e+01
   3.7866450e+06   2.5500488e+02
   3.7866580e+06   4.0283203e+01
   3.8064250e+06   2.6226807e+02
   3.8064370e+06   3.9733887e+01
   3.8065590e+06   3.2592773e+01
   3.8066030e+06   1.9927979e+02
   3.8066430e+06   3.1799316e+01
   3.8066650e+06   3.3996582e+01
   3.8068540e+06   2.1173096e+02
   3.8069300e+06   3.4912109e+01
   3.8308990e+06   2.1594238e+02
   3.8311790e+06   1.9177246e+02
   3.8311970e+06   3.3874512e+01
   3.8496090e+06   2.1301270e+02
   3.8496230e+06   4.1381836e+01
   3.8672510e+06   2.8387451e+02
   3.8672650e+06   4.3945312e+01
   3.8674680e+06   2.0159912e+02
   3.8676400e+06   3.4606934e+01
   3.8676580e+06   2.1697998e+02
   3.8678040e+06   1.8542480e+02
   3.8944520e+06   2.4804688e+02
   3.8944680e+06   3.7292480e+01
   3.9061830e+06   3.1311035e+01
   3.9063530e+06   2.6342773e+02
   3.9063650e+06   4.1381836e+01
   3.9065420e+06   1.9360352e+02
   3.9066700e+06   1.6583252e+02
   3.9066830e+06   3.2348633e+01
   3.9069050e+06   1.4221191e+02
   3.9070680e+06   1.4428711e+02
   3.9070920e+06   4.0161133e+01
   3.9073420e+06   1.8469238e+02
   3.9348000e+06   2.4407959e+02
   3.9348120e+06   3.3264160e+01
   3.9804180e+06   2.6910400e+02
   3.9804330e+06   4.2724609e+01
   3.9805650e+06   3.1616211e+01
   3.9809990e+06   2.4945068e+02
   3.9810160e+06   3.3508301e+01
   3.9820910e+06   5.5908203e+01
   3.9821090e+06   1.6412354e+02
   3.9821250e+06   3.1616211e+01
   3.9998220e+06   2.9718018e+02
   3.9998340e+06   4.3762207e+01
   4.0184520e+06   2.2955322e+02
   4.0184670e+06   3.4057617e+01
   4.0188770e+06   1.9915771e+02
   4.0188880e+06   3.6254883e+01
   4.0342880e+06   2.5372314e+02
   4.0343020e+06   3.4423828e+01
   4.0347980e+06   2.3577881e+02
   4.0348130e+06   3.7719727e+01
   4.0432050e+06   2.4639893e+02
   4.0432160e+06   3.3752441e+01
   4.0685050e+06   2.1649170e+02
   4.0685190e+06   3.9123535e+01
   4.0687820e+06   2.2277832e+02
   4.0690520e+06   2.6373291e+02
   4.0734340e+06   3.9184570e+01
   4.0735570e+06   3.6193848e+01
   4.0735750e+06   3.3325195e+01
   4.0737830e+06   3.6010742e+01
   4.0738030e+06   2.0275879e+02
   4.0739460e+06   3.4606934e+01
   4.0743030e+06   1.7504883e+02
   4.0743320e+06   3.3752441e+01
   4.0744340e+06   1.4483643e+02
   4.0745600e+06   1.2384033e+02
   4.0747480e+06   1.1016846e+02
   4.0750480e+06   1.3171387e+02
   4.0995330e+06   2.2741699e+02
   4.0995460e+06   3.3325195e+01
   4.1272220e+06   2.3291016e+02
   4.1272330e+06   4.8461914e+01
   4.1273910e+06   2.4389648e+02
   4.1275270e+06   1.7321777e+02
   4.1275460e+06   3.4057617e+01
   4.1275770e+06   4.3884277e+01
   4.1276880e+06   1.7932129e+02
   4.1277030e+06   3.2836914e+01
   4.1589000e+06   2.5964355e+02
   4.1589130e+06   4.5471191e+01
   4.1590800e+06   3.6560059e+01
   4.1591170e+06   1.8865967e+02
   4.1593840e+06   2.2644043e+02
   4.1596580e+06   1.9769287e+02
   4.1599130e+06   1.9531250e+02
   4.1798880e+06   2.2747803e+02
   4.1799000e+06   3.3508301e+01
   4.1800840e+06   2.3803711e+02
   4.1804110e+06   1.7150879e+02
   4.1804300e+06   3.4545898e+01
   4.1805350e+06   1.5710449e+02
   4.1978140e+06   1.9763184e+02
   4.1978300e+06   3.4484863e+01
   4.1980920e+06   2.3944092e+02
   4.1981110e+06   3.2714844e+01
   4.1983640e+06   2.0947266e+02
   4.1983770e+06   3.1372070e+01
   4.1985280e+06   1.6833496e+02
   4.1986970e+06   1.4019775e+02
   4.1988940e+06   1.4154053e+02
   4.2216670e+06   2.5134277e+02
   4.2216780e+06   3.7170410e+01
   4.2218340e+06   1.9085693e+02
   4.2219810e+06   1.8157959e+02
   4.2221230e+06   1.5496826e+02
   4.2223430e+06   1.6571045e+02
   4.2226020e+06   1.6711426e+02
   4.2597590e+06   2.4108887e+02
   4.2597710e+06   4.4799805e+01
   4.2598000e+06   3.3142090e+01
   4.2704960e+06   3.1250000e+01
   4.2705440e+06   2.5695801e+02
   4.2705560e+06   4.4921875e+01
   4.2706850e+06   1.8737793e+02
   4.2708590e+06   1.6943359e+02
   4.2709770e+06   1.2152100e+02
   4.2710330e+06   3.1799316e+01
   4.2711470e+06   9.0820313e+01
   4.2713350e+06   1.1218262e+02
   4.2716010e+06   1.2469482e+02
   4.2922080e+06   2.1191406e+02
   4.2922200e+06   3.3325195e+01
   4.2923060e+06   3.2104492e+01
   4.3012050e+06   1.9494629e+02
   4.3012180e+06   3.5217285e+01
   4.3014300e+06   2.0959473e+02
   4.3015750e+06   1.9750977e+02
   4.3018320e+06   1.7901611e+02
   4.3436450e+06   2.8173828e+02
   4.3436580e+06   3.4606934e+01
   4.3441310e+06   2.5378418e+02
   4.3443310e+06   3.2348633e+01
   4.3444960e+06   2.2943115e+02
   4.3448110e+06   1.8048096e+02
   4.3675850e+06   2.1343994e+02
   4.3675970e+06   3.1982422e+01
   4.3677130e+06   1.6247559e+02
   4.3677290e+06   4.0649414e+01
   4.3680040e+06   1.9757080e+02
   4.4022440e+06   2.8344727e+02
   4.4022560e+06   3.3386230e+01
   4.4023640e+06   1.9219971e+02
   4.4024580e+06   1.3391113e+02
   4.4025670e+06   1.4221191e+02
   4.4025780e+06   3.6315918e+01
   4.4025980e+06   3.2653809e+01
   4.4027260e+06   1.3232422e+02
   4.4028390e+06   8.2641602e+01
   4.4028770e+06   3.3813477e+01
   4.4029650e+06   5.8166504e+01
   4.4031220e+06   4.6264648e+01
   4.4033130e+06   4.2785645e+01
   4.4036520e+06   1.2805176e+02
   4.4339430e+06   2.8143311e+02
   4.4339560e+06   3.3508301e+01
   4.4539840e+06   2.2045898e+02
   4.4539960e+06   3.8452148e+01
   4.4592710e+06   3.0944824e+01
   4.4592860e+06   3.6682129e+01
   4.4593280e+06   4.1809082e+01
   4.4785140e+06   3.7170410e+01
   4.4904110e+06   2.3181152e+02
   4.4904230e+06   3.5278320e+01
   4.4905630e+06   1.8475342e+02
   4.4908350e+06   2.0550537e+02
   4.4910410e+06   1.7059326e+02
   4.4913200e+06   1.8933105e+02
   4.5209130e+06   2.5665283e+02
   4.5209260e+06   4.1503906e+01
   4.5211650e+06   2.6416016e+02
   4.5211840e+06   3.1127930e+01
   4.5213380e+06   1.8737793e+02
   4.5217630e+06   1.8078613e+02
   4.5220220e+06   1.7614746e+02
   4.5445040e+06   3.1921387e+01
   4.5445160e+06   3.3081055e+01
   4.5558000e+06   2.4261475e+02
   4.5558120e+06   3.2409668e+01
   4.5560800e+06   2.1313477e+02
   4.5563820e+06   2.1875000e+02
   4.5566140e+06   1.7077637e+02
   4.5566320e+06   3.1738281e+01
   4.5782250e+06   2.0678711e+02
   4.5782400e+06   3.6682129e+01
   4.5950990e+06   2.6708984e+02
   4.5951110e+06   3.9550781e+01
   4.6051890e+06   3.3386230e+01
   4.6054210e+06   2.1209717e+02
   4.6054320e+06   3.7353516e+01
   4.6056250e+06   3.8330078e+01
   4.6227620e+06   1.9006348e+02
   4.6231480e+06   2.3443604e+02
   4.6757390e+06   2.3614502e+02
   4.6757490e+06   3.2897949e+01
   4.6764530e+06   3.5644531e+01
   4.6764640e+06   2.7966309e+02
   4.6947800e+06   2.1112061e+02
   4.6947940e+06   3.5827637e+01
   4.6954100e+06   6.0852051e+01
   4.6954320e+06   3.8818359e+01
   4.6955440e+06   1.6595459e+02
   4.6956660e+06   1.5252686e+02
   4.6958050e+06   3.5095215e+01
   4.6958280e+06   1.4440918e+02
   4.6959360e+06   5.8044434e+01
   4.6962100e+06   1.3409424e+02
   4.7412620e+06   2.2235107e+02
   4.7412720e+06   4.5715332e+01
   4.7414000e+06   2.2296143e+02
   4.7414210e+06   3.5583496e+01
   4.7415620e+06   1.8566895e+02
   4.7415980e+06   3.4729004e+01
   4.7416370e+06   3.2470703e+01
   4.7416770e+06   1.1163330e+02
   4.7417940e+06   6.4331055e+01
   4.7419400e+06   9.8266602e+01
   4.7420630e+06   9.7900391e+01
   4.7422050e+06   3.6987305e+01
   4.7609320e+06   2.3815918e+02
   4.7609420e+06   3.7475586e+01
   4.7611360e+06   2.2912598e+02
   4.7613850e+06   2.0343018e+02
   4.7832690e+06   2.4841309e+02
   4.7832810e+06   4.0527344e+01
   4.7834490e+06   3.2104492e+01
   4.7835460e+06   2.6745605e+02
   4.7839020e+06   1.7797852e+02
   4.8241800e+06   2.7294922e+02
   4.8241920e+06   4.1015625e+01
   4.8244260e+06   2.4487305e+02
   4.8244400e+06   3.3569336e+01
   4.8246250e+06   1.8908691e+02
   4.8249040e+06   2.2009277e+02
   4.8712790e+06   2.1203613e+02
   4.8712910e+06   3.1372070e+01
   4.8715070e+06   2.3596191e+02
   4.8715190e+06   3.2287598e+01
   4.8874140e+06   2.5793457e+02
   4.8874290e+06   3.7231445e+01
   4.8875950e+06   2.1887207e+02
   4.9000420e+06   2.1740723e+02
   4.9000530e+06   4.2541504e+01
   4.9146000e+06   1.9012451e+02
   4.9146100e+06   3.2409668e+01
   4.9150260e+06   2.1514893e+02
   4.9150400e+06   3.2348633e+01
   4.9402760e+06   1.8927002e+02
   4.9402890e+06   4.6081543e+01
   4.9517910e+06   2.4877930e+02
   4.9518040e+06   4.1564941e+01
   4.9676300e+06   1.9659424e+02
   4.9676410e+06   3.2897949e+01
   4.9677790e+06   2.2155762e+02
   4.9679440e+06   4.4006348e+01
   4.9679760e+06   2.1148682e+02
   4.9683310e+06   1.8115234e+02
   4.9878010e+06   2.3327637e+02
   4.9878140e+06   4.0222168e+01
   4.9886680e+06   2.0166016e+02
   4.9886790e+06   3.8513184e+01
   4.9888250e+06   3.1677246e+01
   5.0348700e+06   2.6263428e+02
   5.0349260e+06   3.9550781e+01
   5.0781920e+06   2.9711914e+02
   5.0782030e+06   3.7719727e+01
   5.0783340e+06   3.1005859e+01
   5.0784200e+06   2.4639893e+02
   5.0784980e+06   3.6376953e+01
   5.1075480e+06   2.3815918e+02
   5.1075610e+06   3.1738281e+01
   5.1075810e+06   3.6132813e+01
   5.1181070e+06   2.5012207e+02
   5.1181180e+06   4.3884277e+01
   5.1457650e+06   2.3010254e+02
   5.1457870e+06   3.2287598e+01
   5.1459330e+06   2.5048828e+02
   5.1461670e+06   1.6998291e+02
   5.1461950e+06   4.6081543e+01
   5.1463080e+06   3.2104492e+01
   5.1465360e+06   1.8383789e+02
   5.1469970e+06   1.9616699e+02
   5.1470130e+06   3.4851074e+01
   5.1473610e+06   1.9879150e+02
   5.1473970e+06   3.2958984e+01
   5.1860400e+06   2.5891113e+02
   5.1860520e+06   3.4057617e+01
   5.1869700e+06   2.0098877e+02
   5.1869830e+06   3.6071777e+01
   5.1997250e+06   2.1148682e+02
   5.2368190e+06   2.4993896e+02
   5.2370540e+06   4.0710449e+01
   5.2370960e+06   2.5463867e+02
   5.2374460e+06   1.9702148e+02
   5.2751340e+06   2.0123291e+02
   5.2751450e+06   3.6926270e+01
   5.2752990e+06   2.4609375e+02
   5.2753830e+06   3.2104492e+01
   5.2754690e+06   1.8768311e+02
   5.2755040e+06   3.8330078e+01
   5.2755190e+06   3.5278320e+01
   5.2756130e+06   1.1639404e+02
   5.2756240e+06   3.4057617e+01
   5.2757780e+06   1.2365723e+02
   5.2759230e+06   1.0040283e+02
   5.2761220e+06   3.2226563e+01
   5.2763430e+06   1.6937256e+02
   5.3177680e+06   2.5177002e+02
   5.3177830e+06   3.1616211e+01
   5.3178980e+06   1.9476318e+02
   5.3180100e+06   3.1860352e+01
   5.3182300e+06   1.6882324e+02
   5.3402640e+06   2.5720215e+02
   5.3402750e+06   3.5888672e+01
   5.3403490e+06   3.3386230e+01
   5.3405310e+06   3.5461426e+01
   5.3406000e+06   2.2314453e+02
   5.3465950e+06   2.5476074e+02
   5.3466060e+06   3.9062500e+01
   5.3597990e+06   2.5830078e+02
   5.3660460e+06   2.4627686e+02
   5.3660600e+06   4.0588379e+01
   5.3678750e+06   2.0220947e+02
   5.3678900e+06   3.2836914e+01
   5.3967420e+06   2.6770020e+02
   5.3967530e+06   3.3386230e+01
   5.3970080e+06   2.7423096e+02
   5.4161040e+06   2.0538330e+02
   5.4161170e+06   3.4606934e+01
   5.4505580e+06   2.3712158e+02
   5.4505680e+06   4.1748047e+01
   5.4506960e+06   2.4060059e+02
   5.4508220e+06   3.6132813e+01
   5.4508450e+06   1.6760254e+02
   5.4511000e+06   1.8627930e+02
   5.4511770e+06   3.5034180e+01
   5.4892530e+06   2.5708008e+02
   5.4892640e+06   3.9428711e+01
   5.4892940e+06   3.3752441e+01
   5.4895340e+06   1.8438721e+02
   5.4895930e+06   3.3264160e+01
   5.5001370e+06   2.3925781e+02
   5.5001520e+06   3.1311035e+01
   5.5003650e+06   3.6743164e+01
   5.5324030e+06   2.5347900e+02
   5.5324170e+06   3.4179688e+01
   5.5324570e+06   3.3386230e+01
   5.5326710e+06   2.2363281e+02
   5.5589000e+06   2.2058105e+02
   5.5589120e+06   3.7109375e+01
   5.5594230e+06   2.0367432e+02
   5.5594330e+06   4.3884277e+01
   5.5625260e+06   2.3345947e+02
   5.5625380e+06   3.6254883e+01
   5.5627260e+06   1.6711426e+02
   5.5627790e+06   3.1799316e+01
   5.5628720e+06   1.7718506e+02
   5.5629790e+06   3.9428711e+01
   5.5630250e+06   4.1015625e+01
   5.5630640e+06   3.1982422e+01
   5.5630780e+06   4.0222168e+01
   5.5631940e+06   3.2958984e+01
   5.5632250e+06   7.2570801e+01
   5.5634180e+06   1.1651611e+02
   5.5636320e+06   1.1425781e+02
   5.6236050e+06   2.6196289e+02
   5.6236180e+06   3.6560059e+01
   5.6237090e+06   2.0745850e+02
   5.6238010e+06   1.2615967e+02
   5.6238850e+06   3.2409668e+01
   5.6239080e+06   1.0650635e+02
   5.6239610e+06   3.4118652e+01
   5.6240560e+06   9.3017578e+01
   5.6241140e+06   3.2287598e+01
   5.6243520e+06   1.1462402e+02
   5.6245120e+06   8.3374023e+01
   5.6598580e+06   2.5823975e+02
   5.6598710e+06   3.2287598e+01
   5.6600170e+06   1.9128418e+02
   5.6600980e+06   4.7851562e+01
   5.6953220e+06   2.2100830e+02
   5.6956540e+06   2.1124268e+02
   5.6957630e+06   4.4250488e+01
   5.6958080e+06   1.5203857e+02
   5.6960930e+06   1.8707275e+02
   5.7127830e+06   2.5720215e+02
   5.7127950e+06   3.1433105e+01
   5.7129260e+06   1.8402100e+02
   5.7131160e+06   1.9873047e+02
   5.7134050e+06   3.3996582e+01
   5.7134450e+06   1.8041992e+02
   5.7686620e+06   2.5305176e+02
   5.7686730e+06   4.1687012e+01
   5.7689420e+06   2.3742676e+02
   5.7689540e+06   3.9611816e+01
   5.8050670e+06   3.2043457e+01
   5.8051490e+06   1.9927979e+02
   5.8054680e+06   2.3913574e+02
   5.8056090e+06   1.9976807e+02
   5.8056850e+06   4.0283203e+01
   5.8061630e+06   3.9428711e+01
   5.8064670e+06   2.3187256e+02
   5.8064990e+06   3.1066895e+01
   5.8548970e+06   2.9559326e+02
   5.8549170e+06   3.7231445e+01
   5.8550190e+06   1.9665527e+02
   5.8551150e+06   1.4532471e+02
   5.8551270e+06   4.2724609e+01
   5.8551400e+06   3.9184570e+01
   5.8552220e+06   1.3507080e+02
   5.8552440e+06   5.1452637e+01
   5.8552740e+06   3.2165527e+01
   5.8553490e+06   9.7045898e+01
   5.8553840e+06   3.3264160e+01
   5.8554740e+06   5.0720215e+01
   5.8555120e+06   3.5156250e+01
   5.8555500e+06   4.5593262e+01
   5.8556860e+06   7.5866699e+01
   5.8557750e+06   3.6499023e+01
   5.8558730e+06   8.8073730e+01
   5.8918440e+06   2.5543213e+02
   5.8918580e+06   3.5461426e+01
   5.9721560e+06   2.4914551e+02
   5.9721670e+06   3.1005859e+01
   5.9732270e+06   3.8024902e+01
   5.9733790e+06   3.6682129e+01
   5.9733910e+06   2.4243164e+02
   5.9735190e+06   3.1188965e+01
   5.9735900e+06   2.1026611e+02
   5.9736070e+06   3.2958984e+01
   5.9970990e+06   2.2424316e+02
   5.9971110e+06   4.0527344e+01
   5.9974110e+06   2.3480225e+02
   6.0301360e+06   2.1368408e+02
   6.0301460e+06   3.3325195e+01
   6.1085990e+06   2.5775146e+02
   6.1086130e+06   4.2724609e+01
   6.1088240e+06   2.0135498e+02
   6.1090860e+06   2.2070313e+02
   6.1092010e+06   3.3081055e+01
   6.1092120e+06   1.7620850e+02
   6.1094260e+06   1.5875244e+02
   6.1095360e+06   3.8085938e+01
   6.1095880e+06   1.4923096e+02
   6.1388010e+06   3.1311035e+01
   6.1718850e+06   3.6132813e+01
   6.1718980e+06   3.1677246e+01
   6.1875810e+06   2.0989990e+02
   6.1875940e+06   4.7729492e+01
   6.1879290e+06   2.0532227e+02
   6.1887500e+06   2.2833252e+02
   6.2969790e+06   2.6312256e+02
   6.2973400e+06   1.9683838e+02
   6.2973530e+06   3.9428711e+01
   6.2975390e+06   2.1618652e+02
   6.2975590e+06   3.1127930e+01
   6.2976500e+06   1.4648437e+02
   6.2977740e+06   1.2628174e+02
   6.2979360e+06   1.2207031e+02
   6.2983660e+06   3.5339355e+01
   6.3588370e+06   2.1832275e+02
   6.3588500e+06   3.3142090e+01
   6.3589030e+06   4.1625977e+01
   6.3590250e+06   1.8634033e+02
   6.3590440e+06   4.2419434e+01
   6.3590870e+06   3.6376953e+01
   6.3591970e+06   1.9329834e+02
   6.4243770e+06   2.6348877e+02
   6.4243890e+06   3.2714844e+01
   6.4248460e+06   2.3992920e+02
   6.4592570e+06   2.0837402e+02
   6.4592670e+06   3.5888672e+01
   6.4861280e+06   2.6818848e+02
   6.4861400e+06   3.6987305e+01
   6.4865130e+06   3.2775879e+01
   6.5261240e+06   3.7597656e+01
   6.5261390e+06   3.2592773e+01
   6.5733590e+06   9.4848633e+01
   6.5733720e+06   3.5461426e+01
   6.5971090e+06   3.1066895e+01
   6.6427840e+06   3.4729004e+01
   6.6428260e+06   3.3630371e+01
   6.6428530e+06   2.2595215e+02
   6.6429840e+06   3.1921387e+01
   6.6430450e+06   3.3996582e+01
   6.6431410e+06   1.5240479e+02
   6.6431550e+06   3.9794922e+01
   6.6432940e+06   1.5991211e+02
   6.6434270e+06   1.4331055e+02
   6.6435390e+06   7.2509766e+01
   6.6436570e+06   3.6987305e+01
   6.6437510e+06   4.8156738e+01
   6.6443280e+06   7.7514648e+01
   6.6719400e+06   2.5787354e+02
   6.7085680e+06   3.4912109e+01
   6.7091230e+06   1.8890381e+02
   6.7091350e+06   3.1127930e+01
   6.7092150e+06   4.0161133e+01
   6.7094860e+06   2.3773193e+02
   6.7335480e+06   3.5705566e+01
   6.7335930e+06   2.5671387e+02
   6.7337130e+06   3.4057617e+01
   6.7338260e+06   2.0190430e+02
   6.7909290e+06   2.1289063e+02
   6.7909490e+06   3.3752441e+01
   6.8024150e+06   3.6682129e+01
   6.8024560e+06   2.5653076e+02
   6.8024740e+06   3.7719727e+01
   6.8025860e+06   2.1105957e+02
   6.8026090e+06   4.0832520e+01
   6.8027020e+06   3.6132813e+01
   6.8027230e+06   1.8688965e+02
   6.8027460e+06   4.1687012e+01
   6.8029630e+06   1.5985107e+02
   6.8034360e+06   1.6705322e+02
   6.8504460e+06   1.9305420e+02
   6.8504590e+06   3.1616211e+01
   6.9450980e+06   2.4450684e+02
   6.9451110e+06   3.4973145e+01
   7.0190300e+06   1.6790771e+02
   7.0190450e+06   3.7414551e+01
   7.0923940e+06   3.9001465e+01
   7.0924080e+06   3.2653809e+01
   7.1261190e+06   2.1130371e+02
   7.1261340e+06   3.2470703e+01
   7.1263770e+06   1.8127441e+02
   7.1264020e+06   3.2836914e+01
   7.1264290e+06   3.8757324e+01
   7.1265250e+06   1.7462158e+02
   7.1265440e+06   3.1982422e+01
   7.1266330e+06   3.2958984e+01
   7.1266600e+06   1.5075684e+02
   7.1269360e+06   1.5673828e+02
   7.1271100e+06   4.0832520e+01
   7.1271420e+06   3.1005859e+01
   7.1272200e+06   1.6857910e+02
   7.1785340e+06   2.1325684e+02
   7.1785460e+06   3.2531738e+01
   7.2583750e+06   2.3303223e+02
   7.2583870e+06   3.3996582e+01
   7.2584920e+06   4.3090820e+01
   7.2586940e+06   2.1014404e+02
   7.2587180e+06   5.1025391e+01
   7.2587920e+06   3.1250000e+01
   7.2588170e+06   5.4077148e+01
   7.2588270e+06   2.1392822e+02
   7.2590500e+06   1.8408203e+02
   7.2710120e+06   2.2009277e+02
   7.2710250e+06   3.7353516e+01
   7.3491690e+06   2.6599121e+02
   7.3495920e+06   2.1044922e+02
   7.3496080e+06   3.1799316e+01
   7.3496350e+06   3.7902832e+01
   7.3500450e+06   2.1154785e+02
   7.3504080e+06   4.2541504e+01
   7.4185370e+06   2.3132324e+02
   7.4185480e+06   3.8208008e+01
   7.4187240e+06   3.4606934e+01
   7.4956300e+06   2.6550293e+02
   7.4956440e+06   3.3081055e+01
   7.4956960e+06   3.2287598e+01
   7.4957740e+06   1.6900635e+02
   7.4962000e+06   1.9287109e+02
   7.5696500e+06   3.7963867e+01
   7.5696650e+06   2.3529053e+02
   7.5697670e+06   4.4799805e+01
   7.5697830e+06   4.4311523e+01
   7.5698100e+06   2.2717285e+02
   7.5699070e+06   4.0649414e+01
   7.5699490e+06   1.7510986e+02
   7.5703560e+06   3.5095215e+01
   7.5704380e+06   2.1911621e+02
   7.5706190e+06   1.8139648e+02
   7.5706500e+06   3.8818359e+01
   7.5707600e+06   1.3360596e+02
   7.5710550e+06   1.6717529e+02
   7.5973080e+06   2.5073242e+02
   7.5973180e+06   3.4667969e+01
   7.5977690e+06   1.9824219e+02
   7.6092280e+06   3.3996582e+01
   7.6092520e+06   2.5317383e+02
   7.6092660e+06   3.9062500e+01
   7.6093910e+06   2.1258545e+02
   7.6094030e+06   3.2165527e+01
   7.6094360e+06   4.5837402e+01
   7.6094950e+06   3.1250000e+01
   7.6095780e+06   1.6766357e+02
   7.6097460e+06   1.4190674e+02
   7.6892400e+06   2.5244141e+02
   7.6892520e+06   4.0466309e+01
   7.6893240e+06   3.4301758e+01
   7.6893800e+06   1.7309570e+02
   7.6894530e+06   3.2714844e+01
   7.6895470e+06   2.0361328e+02
   7.6897590e+06   3.5217285e+01
   7.7013780e+06   3.2592773e+01
   7.7014040e+06   4.9438477e+01
   7.7014880e+06   3.2043457e+01
   7.7015410e+06   1.9787598e+02
   7.7015770e+06   3.2409668e+01
   7.7016300e+06   3.2470703e+01
   7.7016610e+06   1.4465332e+02
   7.7018550e+06   1.5161133e+02
   7.7250130e+06   2.1649170e+02
   7.7250260e+06   3.4973145e+01
   7.7251630e+06   1.9396973e+02
   7.7251970e+06   3.1005859e+01
   7.7252140e+06   3.9001465e+01
   7.7252910e+06   1.5728760e+02
   7.7254540e+06   1.5875244e+02
   7.7254740e+06   3.9245605e+01
   7.7364940e+06   3.5522461e+01
   7.7365520e+06   2.0410156e+02
   7.7365640e+06   3.8696289e+01
   7.7366320e+06   4.4189453e+01
   7.7367090e+06   1.9622803e+02
   7.7368840e+06   1.5161133e+02
   7.7371270e+06   1.5655518e+02
   7.7594240e+06   3.6987305e+01
   7.7595420e+06   2.3663330e+02
   7.7675060e+06   2.2192383e+02
   7.7675200e+06   5.3283691e+01
   7.7676070e+06   1.9116211e+02
   7.7677220e+06   3.2287598e+01
   7.7677540e+06   1.7590332e+02
   7.7884820e+06   3.3142090e+01
   7.7885140e+06   2.1826172e+02
   7.7885250e+06   3.1433105e+01
   7.7886100e+06   3.2653809e+01
   7.7886340e+06   3.3264160e+01
   7.7886620e+06   2.4578857e+02
   7.7887830e+06   3.6254883e+01
   7.7888630e+06   1.8249512e+02
   7.8150660e+06   3.7902832e+01
   7.8151220e+06   2.1166992e+02
   7.8151380e+06   3.6010742e+01
   7.8152320e+06   3.4423828e+01
   7.8152540e+06   2.2802734e+02
   7.8153990e+06   3.3813477e+01
   7.8154200e+06   1.9866943e+02
   7.8272420e+06   3.6682129e+01
   7.8272640e+06   2.4200439e+02
   7.8272770e+06   3.7963867e+01
   7.8676620e+06   3.3386230e+01
   7.8676730e+06   2.7606201e+02
   7.8678520e+06   2.1026611e+02
   7.8678680e+06   3.6254883e+01
   7.8678910e+06   3.6987305e+01
   7.8916790e+06   2.1044922e+02
   7.8916900e+06   3.6437988e+01
   7.8919150e+06   2.3602295e+02
   7.8921360e+06   1.7718506e+02
   7.9647670e+06   2.2082520e+02
   8.0692280e+06   2.1527100e+02
   8.0692410e+06   3.5400391e+01
   8.0694910e+06   1.8658447e+02
   8.1835730e+06   2.4877930e+02
   8.1835850e+06   4.5776367e+01
   8.1840350e+06   1.9372559e+02
   8.1842350e+06   3.9367676e+01
   8.3496360e+06   1.9897461e+02
   8.3496460e+06   3.3691406e+01
   8.3497410e+06   3.1066895e+01
   8.3499280e+06   2.0465088e+02
   8.3499620e+06   3.2836914e+01
   8.3501560e+06   2.1368408e+02
   8.3503900e+06   1.7260742e+02
   8.4056750e+06   2.5292969e+02
   8.4056880e+06   3.6987305e+01
   8.4060260e+06   2.2058105e+02
   8.4060410e+06   4.4433594e+01
   8.4912260e+06   2.4310303e+02
   8.4912410e+06   3.2043457e+01
   8.4915870e+06   1.9488525e+02
   8.4916080e+06   3.1127930e+01
   8.4916490e+06   3.3203125e+01
   8.4916740e+06   3.4606934e+01
   8.4917400e+06   1.6522217e+02
   8.4918360e+06   3.1921387e+01
   8.4918830e+06   1.7407227e+02
   8.5713560e+06   2.7868652e+02
   8.5713670e+06   3.4545898e+01
   8.5715360e+06   3.1494141e+01
   8.5715890e+06   3.1982422e+01
   8.5716630e+06   2.2619629e+02
   8.5716810e+06   3.6560059e+01
   8.5718140e+06   3.4912109e+01
   8.5718550e+06   3.5522461e+01
   8.5718670e+06   1.9946289e+02
   8.6575250e+06   2.4743652e+02
   8.6575390e+06   4.4738770e+01
   8.6577790e+06   2.4719238e+02
   8.6577930e+06   3.3325195e+01
   8.7126150e+06   2.1502686e+02
   8.7126260e+06   3.1555176e+01
   8.8324030e+06   2.5830078e+02
   8.8324170e+06   4.3151855e+01
   8.8327840e+06   2.3522949e+02
   8.8327960e+06   3.6010742e+01
   8.8840060e+06   3.3325195e+01
   8.9436170e+06   2.0861816e+02
   8.9436310e+06   3.1494141e+01
   8.9438050e+06   2.3156738e+02
   8.9439410e+06   3.0944824e+01
   8.9441720e+06   2.2924805e+02
   8.9441870e+06   3.4912109e+01
   8.9443180e+06   3.5949707e+01
   8.9751010e+06   2.3284912e+02
   8.9751160e+06   3.2836914e+01
   8.9754090e+06   1.9012451e+02
   8.9754220e+06   3.6743164e+01
   8.9759010e+06   2.1392822e+02
   8.9759110e+06   5.0292969e+01
   9.1748110e+06   2.4060059e+02
   9.1748230e+06   4.4250488e+01
   9.3172380e+06   2.4963379e+02
   9.3172500e+06   3.3081055e+01
   9.3173970e+06   2.0416260e+02
   9.3174200e+06   3.7902832e+01
   9.3174440e+06   3.1127930e+01
   9.3175870e+06   3.1616211e+01
   9.3178760e+06   1.7437744e+02
   9.4383600e+06   2.6477051e+02
   9.4385260e+06   3.2531738e+01
   9.4385400e+06   1.9653320e+02
   9.4387260e+06   2.0855713e+02
   9.4389390e+06   3.2165527e+01
   9.5860970e+06   2.7001953e+02
   9.5864090e+06   2.1032715e+02
   9.5865320e+06   3.9550781e+01
   9.5990920e+06   3.1005859e+01
   9.8135020e+06   2.5146484e+02
   9.8135130e+06   4.6264648e+01
   9.8136800e+06   2.2631836e+02
   9.8138450e+06   3.5400391e+01
   9.8138890e+06   2.0452881e+02
   9.8139480e+06   3.2653809e+01
   9.8140290e+06   3.3935547e+01
   1.0058282e+07   2.3492432e+02
   1.0058293e+07   4.1687012e+01
   1.0058502e+07   1.9866943e+02
   1.0060232e+07   3.4240723e+01
   1.0668729e+07   2.0599365e+02
   1.0668742e+07   4.0588379e+01
   1.0824989e+07   2.4218750e+02
   1.0825003e+07   4.0588379e+01
   1.0825149e+07   3.4667969e+01
   1.0825315e+07   1.7968750e+02
   1.0825330e+07   3.2348633e+01
   1.0825353e+07   3.7231445e+01
   1.0853034e+07   3.3569336e+01
   1.1172936e+07   2.2729492e+02
   1.1172950e+07   3.3630371e+01
   1.1173032e+07   3.1250000e+01
   1.1173449e+07   2.5225830e+02
   1.1173464e+07   3.1555176e+01
   1.1173507e+07   3.7231445e+01
   1.1173585e+07   3.4179688e+01
   1.1349605e+07   1.9372559e+02
   1.1349945e+07   2.3913574e+02
   1.1349971e+07   3.7231445e+01
   1.1350246e+07   2.1405029e+02
   1.1582975e+07   3.1860352e+01
   1.1843096e+07   2.0208740e+02
   1.1843109e+07   3.2104492e+01
   1.1843505e+07   2.0697021e+02
   1.1843515e+07   3.0944824e+01
   1.1843605e+07   3.2714844e+01
   1.1843703e+07   1.7504883e+02
