   1.1996000e+07   0.0000000e+00
   4.2608800e+05   3.4240723e+01
   4.2896900e+05   3.7780762e+01
   4.7714900e+05   3.3996582e+01
   1.2175060e+06   3.4057617e+01
   2.0275960e+06   3.9062500e+01
   2.4820270e+06   3.6071777e+01
   2.8781430e+06   3.4118652e+01
   2.9942530e+06   3.8940430e+01
   3.2537010e+06   3.4973145e+01
   3.3644660e+06   3.3569336e+01
   3.6101680e+06   3.6376953e+01
   4.1276850e+06   3.4851074e+01
   4.2706520e+06   3.8024902e+01
   4.4023390e+06   3.4606934e+01
   4.6748300e+06   3.5400391e+01
   4.7414130e+06   3.7292480e+01
   5.0123860e+06   3.4423828e+01
   5.3459540e+06   3.4179688e+01
   5.7170300e+06   3.3996582e+01
   5.7929280e+06   3.7231445e+01
   7.7014150e+06   3.6926270e+01
   7.7522900e+06   3.5705566e+01
   7.8911090e+06   3.3264160e+01
   9.8019550e+06   3.6010742e+01
   1.1188227e+07   3.4606934e+01
   1.1859103e+07   3.4301758e+01
