   1.1996000e+07   0.0000000e+00
   5.8334000e+04   4.2602539e+01
   6.5755000e+04   3.0273438e+01
   6.5789000e+04   3.0700684e+01
   1.4818400e+05   3.0700684e+01
   1.4846500e+05   3.5827637e+01
   1.4884000e+05   2.6977539e+01
   1.4906900e+05   2.7770996e+01
   1.5075400e+05   2.8747559e+01
   2.2050500e+05   3.9428711e+01
   2.5416900e+05   3.4118652e+01
   2.7310000e+05   2.7465820e+01
   2.7340100e+05   3.0212402e+01
   3.3024600e+05   3.8696289e+01
   3.6598500e+05   2.9968262e+01
   3.8664500e+05   3.6376953e+01
   4.1951200e+05   2.7709961e+01
   4.2908800e+05   3.0639648e+01
   4.2924200e+05   3.1494141e+01
   4.5973900e+05   2.9418945e+01
   5.2063900e+05   3.0944824e+01
   5.7829000e+05   3.3813477e+01
   5.8959800e+05   2.7038574e+01
   5.8963300e+05   3.1860352e+01
   6.0032000e+05   2.9235840e+01
   6.0070300e+05   3.0151367e+01
   6.0164400e+05   2.8625488e+01
   6.6642300e+05   3.0395508e+01
   6.9852900e+05   3.2897949e+01
   7.1503700e+05   3.1250000e+01
   7.3099200e+05   3.4912109e+01
   7.7592300e+05   3.9733887e+01
   8.6065900e+05   2.9296875e+01
   9.0356800e+05   3.7719727e+01
   9.0401500e+05   2.7954102e+01
   9.6756400e+05   3.5705566e+01
   1.0144660e+06   3.3752441e+01
   1.0490270e+06   2.8198242e+01
   1.0553570e+06   2.8991699e+01
   1.0558250e+06   3.0334473e+01
   1.0562820e+06   2.7648926e+01
   1.0565310e+06   3.3386230e+01
   1.0569410e+06   3.3325195e+01
   1.1029910e+06   3.4057617e+01
   1.1279820e+06   3.0334473e+01
   1.1663200e+06   2.9785156e+01
   1.1666100e+06   3.5827637e+01
   1.2177310e+06   2.8808594e+01
   1.2333890e+06   3.3569336e+01
   1.2336800e+06   2.6977539e+01
   1.2339540e+06   3.0395508e+01
   1.2525430e+06   3.1066895e+01
   1.2534790e+06   3.5644531e+01
   1.2903430e+06   2.8686523e+01
   1.4144190e+06   3.0700684e+01
   1.4394050e+06   3.1188965e+01
   1.4636680e+06   2.8564453e+01
   1.5259000e+06   3.1494141e+01
   1.5584230e+06   3.9916992e+01
   1.5746400e+06   3.2531738e+01
   1.5751930e+06   3.8146973e+01
   1.5754620e+06   2.6977539e+01
   1.6173040e+06   3.1127930e+01
   1.6176410e+06   2.7709961e+01
   1.6179710e+06   2.8991699e+01
   1.6472220e+06   3.4851074e+01
   1.6965470e+06   3.1005859e+01
   1.6970500e+06   3.0761719e+01
   1.6975750e+06   3.3813477e+01
   1.6977490e+06   3.8513184e+01
   1.7344870e+06   2.7832031e+01
   1.7586570e+06   3.1860352e+01
   1.7988320e+06   2.7465820e+01
   1.8135620e+06   2.7893066e+01
   1.8137690e+06   3.1616211e+01
   1.8140710e+06   3.8269043e+01
   1.8142850e+06   3.2897949e+01
   1.8149100e+06   2.9113770e+01
   1.8391860e+06   2.9907227e+01
   1.8869560e+06   4.6569824e+01
   1.8933720e+06   3.1921387e+01
   1.8936870e+06   3.2348633e+01
   1.8940860e+06   2.8381348e+01
   1.9460660e+06   2.7038574e+01
   2.0069110e+06   3.3264160e+01
   2.0070570e+06   2.8198242e+01
   2.0073370e+06   3.4973145e+01
   2.0394210e+06   3.1188965e+01
   2.0717070e+06   2.8686523e+01
   2.0929440e+06   2.8991699e+01
   2.1298240e+06   2.9907227e+01
   2.1307800e+06   3.3142090e+01
   2.1309160e+06   3.1311035e+01
   2.1581820e+06   3.0212402e+01
   2.1583920e+06   2.9724121e+01
   2.2001060e+06   3.7414551e+01
   2.2413200e+06   3.3996582e+01
   2.2422520e+06   3.1066895e+01
   2.2446800e+06   2.7770996e+01
   2.2544720e+06   3.9245605e+01
   2.2545950e+06   3.2043457e+01
   2.3234030e+06   3.0578613e+01
   2.3654990e+06   3.8696289e+01
   2.3947180e+06   3.9001465e+01
   2.4369260e+06   3.1677246e+01
   2.4569810e+06   3.2348633e+01
   2.5128090e+06   3.1066895e+01
   2.5926750e+06   3.2165527e+01
   2.6139900e+06   2.7526855e+01
   2.6344610e+06   3.2287598e+01
   2.6450880e+06   2.7893066e+01
   2.6741120e+06   2.8076172e+01
   2.6742120e+06   3.3569336e+01
   2.7204880e+06   3.4423828e+01
   2.7677720e+06   3.2287598e+01
   2.7679090e+06   3.2836914e+01
   2.7679960e+06   2.7160645e+01
   2.7681470e+06   2.9479980e+01
   2.7888190e+06   4.0588379e+01
   2.7893390e+06   2.7343750e+01
   2.8587430e+06   3.6132813e+01
   2.8719350e+06   3.2165527e+01
   2.8782140e+06   2.8442383e+01
   2.8783390e+06   2.8869629e+01
   2.8947240e+06   2.9724121e+01
   2.9435610e+06   2.8381348e+01
   2.9581750e+06   3.0090332e+01
   2.9588460e+06   2.8747559e+01
   2.9589890e+06   2.8259277e+01
   2.9738680e+06   3.2409668e+01
   2.9740300e+06   3.4362793e+01
   2.9880250e+06   2.9235840e+01
   3.0054590e+06   2.9235840e+01
   3.0055660e+06   2.7770996e+01
   3.0172060e+06   3.1860352e+01
   3.0397600e+06   3.4729004e+01
   3.0579060e+06   3.2653809e+01
   3.0581540e+06   3.0151367e+01
   3.0658440e+06   3.1188965e+01
   3.0735220e+06   2.7648926e+01
   3.0738550e+06   3.2409668e+01
   3.0740990e+06   2.9174805e+01
   3.0816960e+06   2.8808594e+01
   3.0967000e+06   3.2958984e+01
   3.1054480e+06   3.9245605e+01
   3.1055500e+06   2.9846191e+01
   3.1217890e+06   3.4973145e+01
   3.1224220e+06   2.7221680e+01
   3.1301920e+06   3.1433105e+01
   3.1431030e+06   4.2785645e+01
   3.1432300e+06   3.1311035e+01
   3.1579420e+06   2.9907227e+01
   3.1756380e+06   3.0883789e+01
   3.2408010e+06   2.8259277e+01
   3.2408190e+06   3.2714844e+01
   3.2539480e+06   2.8503418e+01
   3.2801660e+06   2.7587891e+01
   3.2806590e+06   2.7465820e+01
   3.3172710e+06   3.4423828e+01
   3.3173540e+06   2.7099609e+01
   3.3897000e+06   3.2714844e+01
   3.3900170e+06   3.7231445e+01
   3.5584140e+06   2.9541016e+01
   3.5589590e+06   3.5644531e+01
   3.6207870e+06   2.8076172e+01
   3.6211920e+06   2.8320313e+01
   3.6399410e+06   3.8940430e+01
   3.6401900e+06   2.7465820e+01
   3.6654230e+06   3.3081055e+01
   3.7168890e+06   2.8442383e+01
   3.7476420e+06   3.5339355e+01
   3.8064080e+06   2.7038574e+01
   3.8066300e+06   2.9296875e+01
   3.9067640e+06   3.1860352e+01
   3.9071450e+06   2.7587891e+01
   3.9801500e+06   3.0700684e+01
   4.0687080e+06   3.1372070e+01
   4.0733260e+06   2.9479980e+01
   4.0734280e+06   2.7282715e+01
   4.0737050e+06   2.7465820e+01
   4.1151600e+06   3.5278320e+01
   4.1274840e+06   3.8269043e+01
   4.1589690e+06   2.9541016e+01
   4.1591660e+06   3.4484863e+01
   4.1595150e+06   2.9418945e+01
   4.1982660e+06   3.1066895e+01
   4.2225650e+06   2.8808594e+01
   4.2708000e+06   3.3081055e+01
   4.2709520e+06   2.7221680e+01
   4.3011860e+06   3.6071777e+01
   4.3015600e+06   2.8564453e+01
   4.3435340e+06   2.9418945e+01
   4.3437210e+06   2.7099609e+01
   4.3442900e+06   3.2897949e+01
   4.3782660e+06   2.8320313e+01
   4.4025500e+06   3.9184570e+01
   4.4027300e+06   2.8320313e+01
   4.4591520e+06   3.0883789e+01
   4.4906840e+06   3.6254883e+01
   4.4909930e+06   3.0761719e+01
   4.5214470e+06   2.6977539e+01
   4.5564300e+06   3.1433105e+01
   4.5567770e+06   2.9418945e+01
   4.5949190e+06   3.9611816e+01
   4.6055500e+06   2.7893066e+01
   4.6472090e+06   2.9113770e+01
   4.6752550e+06   3.2165527e+01
   4.6956800e+06   4.2602539e+01
   4.6958850e+06   2.7404785e+01
   4.6961430e+06   3.1433105e+01
   4.7415810e+06   3.2043457e+01
   4.7417510e+06   2.8015137e+01
   4.7609180e+06   3.2348633e+01
   4.7613480e+06   2.8991699e+01
   4.8245130e+06   3.6804199e+01
   4.8366120e+06   3.3142090e+01
   4.8713630e+06   3.0395508e+01
   4.9002420e+06   2.7282715e+01
   4.9145730e+06   3.3508301e+01
   4.9148620e+06   2.8320313e+01
   4.9679710e+06   2.9785156e+01
   4.9684500e+06   2.9174805e+01
   5.0346340e+06   2.8564453e+01
   5.0347960e+06   2.8259277e+01
   5.0501130e+06   3.1127930e+01
   5.0782220e+06   2.9052734e+01
   5.0784210e+06   3.2409668e+01
   5.0788990e+06   3.1066895e+01
   5.1178820e+06   3.7597656e+01
   5.1460370e+06   3.1982422e+01
   5.1463020e+06   2.9541016e+01
   5.1826690e+06   3.8146973e+01
   5.1999240e+06   2.8564453e+01
   5.2367180e+06   3.6987305e+01
   5.2370140e+06   3.6254883e+01
   5.2752170e+06   3.2592773e+01
   5.2753450e+06   2.8320313e+01
   5.2754750e+06   2.8137207e+01
   5.3179630e+06   4.1381836e+01
   5.3403570e+06   3.0700684e+01
   5.3406380e+06   2.9663086e+01
   5.3966960e+06   2.9052734e+01
   5.3969460e+06   2.9235840e+01
   5.3970150e+06   3.7902832e+01
   5.4159260e+06   3.0517578e+01
   5.4505120e+06   3.6743164e+01
   5.4506330e+06   3.3264160e+01
   5.5002010e+06   2.8198242e+01
   5.5326610e+06   2.8869629e+01
   5.5329710e+06   3.2897949e+01
   5.5626570e+06   3.4484863e+01
   5.5628980e+06   2.7343750e+01
   5.6237740e+06   2.9357910e+01
   5.6238960e+06   2.7038574e+01
   5.6598670e+06   4.3884277e+01
   5.6957980e+06   3.4606934e+01
   5.7127550e+06   3.0639648e+01
   5.7128420e+06   2.7099609e+01
   5.7514020e+06   3.6071777e+01
   5.7686550e+06   3.4179688e+01
   5.7690710e+06   2.7038574e+01
   5.8083460e+06   3.4484863e+01
   5.8086150e+06   3.0883789e+01
   5.8549830e+06   3.1799316e+01
   5.8552570e+06   3.1616211e+01
   5.9971820e+06   3.8269043e+01
   6.0300520e+06   2.8747559e+01
   6.0303220e+06   3.2287598e+01
   6.1087540e+06   3.1494141e+01
   6.1090580e+06   2.9357910e+01
   6.1349810e+06   3.2531738e+01
   6.1874690e+06   2.7648926e+01
   6.2824960e+06   2.8198242e+01
   6.2971380e+06   3.0456543e+01
   6.2976750e+06   3.2897949e+01
   6.3587580e+06   3.1372070e+01
   6.3589220e+06   3.5034180e+01
   6.5251990e+06   2.9113770e+01
   6.5733240e+06   2.7343750e+01
   6.6082290e+06   2.7099609e+01
   6.6426360e+06   2.9296875e+01
   6.6426770e+06   2.7770996e+01
   6.6427890e+06   3.3020020e+01
   6.6723470e+06   3.4240723e+01
   6.7086700e+06   2.9663086e+01
   6.7334410e+06   3.3386230e+01
   6.8023600e+06   3.0090332e+01
   6.8024600e+06   2.8564453e+01
   6.8039940e+06   3.0456543e+01
   6.9450850e+06   2.7954102e+01
   6.9812880e+06   3.0944824e+01
   7.3489030e+06   3.0761719e+01
   7.3491510e+06   2.7160645e+01
   7.3493850e+06   3.6621094e+01
   7.3496490e+06   2.7038574e+01
   7.4182710e+06   3.3142090e+01
   7.4185850e+06   3.4179688e+01
   7.4188750e+06   3.4973145e+01
   7.4960700e+06   2.8442383e+01
   7.5695380e+06   3.2287598e+01
   7.5963370e+06   2.9846191e+01
   7.6091570e+06   3.9184570e+01
   7.6092660e+06   3.0090332e+01
   7.6890910e+06   3.2470703e+01
   7.6892360e+06   2.8808594e+01
   7.7013200e+06   2.9968262e+01
   7.7018550e+06   2.7282715e+01
   7.7143570e+06   3.4240723e+01
   7.7248990e+06   2.8076172e+01
   7.7250520e+06   2.7770996e+01
   7.7364630e+06   2.7221680e+01
   7.7365730e+06   2.6977539e+01
   7.7593800e+06   2.9663086e+01
   7.7673860e+06   2.8686523e+01
   7.7676180e+06   2.7038574e+01
   7.7754930e+06   2.7770996e+01
   7.7884530e+06   3.5705566e+01
   7.8149940e+06   3.5400391e+01
   7.8151320e+06   2.9174805e+01
   7.8271050e+06   3.3325195e+01
   7.8272760e+06   3.0334473e+01
   7.8512180e+06   2.8747559e+01
   7.8675190e+06   3.7658691e+01
   7.8676460e+06   3.0212402e+01
   7.8798230e+06   3.4851074e+01
   7.9647870e+06   2.8503418e+01
   8.5716910e+06   2.9418945e+01
   8.8316530e+06   2.8747559e+01
   8.9748680e+06   3.3569336e+01
   8.9751270e+06   2.8442383e+01
   9.1746940e+06   3.0517578e+01
   9.1872870e+06   3.4301758e+01
   9.2704080e+06   3.4729004e+01
   9.3178910e+06   2.9663086e+01
   9.5866690e+06   3.6193848e+01
   1.0059576e+07   3.1677246e+01
   1.1174602e+07   2.8381348e+01
   1.1349106e+07   2.9785156e+01
   1.1842817e+07   3.4912109e+01
   1.1844136e+07   3.6987305e+01
