   8.9970000e+06   0.0000000e+00
   6.2387000e+04   2.7709961e+01
   8.5604000e+04   2.7099609e+01
   1.0663800e+05   2.7160645e+01
   1.0709400e+05   4.0649414e+01
   1.0714600e+05   2.7221680e+01
   1.0720000e+05   2.8686523e+01
   1.0722300e+05   2.8015137e+01
   1.1247100e+05   2.9846191e+01
   2.4288100e+05   2.8320313e+01
   2.4789800e+05   3.0334473e+01
   2.4794500e+05   2.9541016e+01
   2.4801200e+05   2.8991699e+01
   2.4802700e+05   2.8503418e+01
   2.4806500e+05   3.0517578e+01
   2.5194500e+05   2.9907227e+01
   2.5400700e+05   2.7343750e+01
   2.5491700e+05   2.6672363e+01
   3.2803400e+05   2.6611328e+01
   4.1866700e+05   3.9855957e+01
   4.1872200e+05   3.3996582e+01
   4.1875300e+05   3.1188965e+01
   4.1883300e+05   2.8320312e+01
   4.1891300e+05   2.8076172e+01
   4.2343000e+05   2.6916504e+01
   4.2536600e+05   2.7221680e+01
   4.9560000e+05   2.7221680e+01
   5.1219500e+05   3.3325195e+01
   5.1262400e+05   2.8259277e+01
   5.1287200e+05   2.6855469e+01
   5.1816600e+05   2.8076172e+01
   5.3468100e+05   3.2775879e+01
   5.3475200e+05   2.7893066e+01
   5.3479100e+05   2.7954102e+01
   5.3482600e+05   3.0456543e+01
   5.3710600e+05   2.6672363e+01
   5.3713100e+05   2.7282715e+01
   5.4453800e+05   2.8686523e+01
   5.4469200e+05   2.8930664e+01
   5.4573000e+05   2.6916504e+01
   5.4866700e+05   2.9479980e+01
   5.5428500e+05   2.6611328e+01
   5.6491100e+05   3.6926270e+01
   5.7214100e+05   2.7343750e+01
   5.7890800e+05   3.3813477e+01
   5.8046700e+05   2.8137207e+01
   5.8526500e+05   2.9663086e+01
   6.0093500e+05   2.8991699e+01
   6.0157400e+05   3.1555176e+01
   6.0241400e+05   2.9724121e+01
   6.0343100e+05   2.7343750e+01
   6.1059700e+05   2.6733398e+01
   6.1157600e+05   3.1372070e+01
   6.1178500e+05   2.7893066e+01
   6.1238800e+05   2.8808594e+01
   6.1805200e+05   3.1188965e+01
   6.2119000e+05   2.6977539e+01
   6.3340400e+05   3.4057617e+01
   6.5953600e+05   2.6794434e+01
   6.5962200e+05   3.2958984e+01
   6.6203200e+05   2.6977539e+01
   6.6445500e+05   3.1555176e+01
   6.6491200e+05   3.0639648e+01
   6.7072000e+05   3.2226563e+01
   6.7079400e+05   2.7893066e+01
   6.8054400e+05   2.9296875e+01
   6.8195100e+05   3.0700684e+01
   6.9222900e+05   2.7099609e+01
   6.9713400e+05   2.7221680e+01
   7.2613200e+05   3.0395508e+01
   7.3181600e+05   3.0273438e+01
   7.3691300e+05   2.7465820e+01
   7.5737300e+05   2.9113770e+01
   7.6755300e+05   2.6855469e+01
   7.6758100e+05   2.7648926e+01
   7.6838900e+05   2.8076172e+01
   7.8785200e+05   4.0771484e+01
   7.8834100e+05   2.7709961e+01
   8.0643500e+05   2.7404785e+01
   8.2616600e+05   2.8381348e+01
   8.5048800e+05   3.0395508e+01
   8.6374200e+05   3.2836914e+01
   8.6491000e+05   2.9296875e+01
   8.7759600e+05   3.1616211e+01
   8.7769900e+05   3.1372070e+01
   8.7834200e+05   3.2409668e+01
   9.4511000e+05   2.8625488e+01
   9.6345700e+05   2.9541016e+01
   1.0234990e+06   2.9296875e+01
   1.1214060e+06   2.8015137e+01
   1.1766070e+06   2.8320312e+01
   1.2116920e+06   3.0212402e+01
   1.3137870e+06   2.8808594e+01
   1.3343180e+06   2.8869629e+01
   1.3347860e+06   2.7099609e+01
   1.3998230e+06   2.7343750e+01
   1.5519930e+06   2.6977539e+01
   1.6074190e+06   2.8686523e+01
   1.6864530e+06   3.0151367e+01
   1.7254160e+06   2.7038574e+01
   1.8625270e+06   3.0395508e+01
   1.9460080e+06   2.9174805e+01
   2.0025200e+06   2.7221680e+01
   2.1617060e+06   3.5217285e+01
   2.1835690e+06   2.7465820e+01
   2.1839870e+06   3.3813477e+01
   2.1843760e+06   2.9724121e+01
   2.2179540e+06   2.7526855e+01
   2.2598120e+06   2.8442383e+01
   2.2732880e+06   2.7893066e+01
   2.3514760e+06   2.9602051e+01
   2.3763030e+06   2.6916504e+01
   2.3817320e+06   2.7526855e+01
   2.3818000e+06   3.5888672e+01
   2.3819670e+06   2.8625488e+01
   2.3822290e+06   3.0517578e+01
   2.3832130e+06   2.7526855e+01
   2.4370330e+06   2.9235840e+01
   2.4485980e+06   2.7343750e+01
   2.4763770e+06   3.2592773e+01
   2.5337190e+06   2.6916504e+01
   2.5337660e+06   2.8320313e+01
   2.5338040e+06   2.7282715e+01
   2.5338320e+06   2.7221680e+01
   2.5339360e+06   2.7526855e+01
   2.5340230e+06   2.6733398e+01
   2.5340960e+06   3.3874512e+01
   2.5341220e+06   2.6855469e+01
   2.5367600e+06   2.8198242e+01
   2.5386400e+06   3.8940430e+01
   2.5920690e+06   2.7465820e+01
   2.6832640e+06   3.5034180e+01
   2.6832750e+06   2.8747559e+01
   2.6833240e+06   2.7954102e+01
   2.6833860e+06   3.0822754e+01
   2.6834460e+06   2.7709961e+01
   2.6835600e+06   2.8625488e+01
   2.6842160e+06   3.0944824e+01
   2.6868930e+06   3.2836914e+01
   2.7375520e+06   2.7770996e+01
   2.7922220e+06   3.8269043e+01
   2.7922780e+06   3.0151367e+01
   2.7924120e+06   2.8381348e+01
   2.7924850e+06   3.2226563e+01
   2.7949120e+06   2.7709961e+01
   2.7993590e+06   3.0822754e+01
   2.8003530e+06   2.7770996e+01
   2.8167040e+06   2.7465820e+01
   2.8168110e+06   2.7709961e+01
   2.8173990e+06   3.2714844e+01
   2.8304830e+06   2.7770996e+01
   2.8305080e+06   3.2714844e+01
   2.8306130e+06   3.4484863e+01
   2.8316690e+06   2.7038574e+01
   2.8329490e+06   2.8137207e+01
   2.8391290e+06   2.8808594e+01
   2.8391510e+06   3.3569336e+01
   2.8392070e+06   2.9296875e+01
   2.8412460e+06   2.7893066e+01
   2.8424990e+06   2.7526855e+01
   2.8425260e+06   2.8198242e+01
   2.8470190e+06   3.0578613e+01
   2.8476190e+06   2.7832031e+01
   2.8561470e+06   3.0212402e+01
   2.8561620e+06   2.7099609e+01
   2.8575080e+06   2.9235840e+01
   2.8640860e+06   2.9235840e+01
   2.8691190e+06   2.7099609e+01
   2.8753530e+06   3.1372070e+01
   2.8753800e+06   2.8381348e+01
   2.8754120e+06   2.7282715e+01
   2.8918420e+06   2.8259277e+01
   2.8960420e+06   3.0639648e+01
   2.9008490e+06   2.8259277e+01
   2.9016710e+06   3.1005859e+01
   2.9125370e+06   2.7526855e+01
   2.9125900e+06   2.8625488e+01
   2.9138930e+06   2.6977539e+01
   2.9191690e+06   2.8747559e+01
   2.9275500e+06   2.6672363e+01
   2.9276270e+06   2.7099609e+01
   2.9283030e+06   2.7282715e+01
   2.9391270e+06   2.6855469e+01
   2.9429080e+06   2.6611328e+01
   2.9468030e+06   2.6977539e+01
   2.9556660e+06   3.2287598e+01
   2.9557190e+06   2.7038574e+01
   2.9612400e+06   2.9724121e+01
   2.9616210e+06   2.7343750e+01
   2.9664290e+06   2.6977539e+01
   2.9751480e+06   2.7343750e+01
   2.9770550e+06   3.2348633e+01
   2.9880000e+06   2.6733398e+01
   2.9880390e+06   2.7160645e+01
   2.9885630e+06   2.9235840e+01
   2.9985200e+06   3.1127930e+01
   2.9985780e+06   2.8991699e+01
   2.9986630e+06   2.7832031e+01
   3.0067260e+06   2.6672363e+01
   3.0067890e+06   2.6672363e+01
   3.0126160e+06   2.6855469e+01
   3.0197790e+06   2.8747559e+01
   3.0282080e+06   2.7160645e+01
   3.0486650e+06   2.8686523e+01
   3.0495730e+06   2.9602051e+01
   3.0673700e+06   2.7648926e+01
   3.0683640e+06   2.9174805e+01
   3.0898980e+06   2.7099609e+01
   3.0973350e+06   2.7954102e+01
   3.1078270e+06   2.6977539e+01
   3.1087170e+06   2.7282715e+01
   3.1223400e+06   3.0273438e+01
   3.1425890e+06   2.7099609e+01
   3.1536360e+06   3.2104492e+01
   3.1698890e+06   3.5400391e+01
   3.1716390e+06   2.6855469e+01
   3.2412220e+06   2.7954102e+01
   3.2414300e+06   2.6672363e+01
   3.2579700e+06   2.9602051e+01
   3.3793380e+06   3.0090332e+01
   3.4513610e+06   2.8137207e+01
   3.5015650e+06   2.8930664e+01
   3.6427780e+06   2.7343750e+01
   3.6797790e+06   3.1860352e+01
   3.7122860e+06   2.9174805e+01
   3.7509470e+06   2.7465820e+01
   3.8570590e+06   2.6794434e+01
   3.8992220e+06   2.7709961e+01
   3.9263570e+06   2.8930664e+01
   3.9635110e+06   3.0944824e+01
   4.0056570e+06   2.8381348e+01
   4.0080580e+06   3.3264160e+01
   4.0082750e+06   3.2775879e+01
   4.0572950e+06   2.6794434e+01
   4.1133970e+06   2.8991699e+01
   4.1647360e+06   2.6916504e+01
   4.2017680e+06   3.0578613e+01
   4.2123640e+06   2.8137207e+01
   4.2124500e+06   2.9785156e+01
   4.2129560e+06   2.7343750e+01
   4.3143700e+06   3.1555176e+01
   4.3144060e+06   2.7526855e+01
   4.3144340e+06   3.7536621e+01
   4.3145330e+06   2.6977539e+01
   4.3147990e+06   2.9113770e+01
   4.4080120e+06   2.7648926e+01
   4.4282630e+06   2.8930664e+01
   4.4284380e+06   3.2958984e+01
   4.5140550e+06   3.5400391e+01
   4.5141010e+06   2.7038574e+01
   4.5144300e+06   2.6977539e+01
   4.5145010e+06   3.1066895e+01
   4.6054130e+06   2.8198242e+01
   4.6258090e+06   2.7709961e+01
   4.6258220e+06   3.4851074e+01
   4.6259910e+06   2.6611328e+01
   4.6264730e+06   2.7709961e+01
   4.6283210e+06   2.9479980e+01
   4.6903880e+06   2.9602051e+01
   4.7307000e+06   2.7099609e+01
   4.7429080e+06   2.6672363e+01
   4.7429800e+06   2.8381348e+01
   4.7430440e+06   2.9296875e+01
   4.7430650e+06   2.6855469e+01
   4.7782720e+06   2.9296875e+01
   4.8457870e+06   3.0273438e+01
   4.8466830e+06   2.6794434e+01
   4.8467110e+06   3.6865234e+01
   4.8467490e+06   3.2348633e+01
   4.8467640e+06   3.2531738e+01
   4.8468320e+06   3.2104492e+01
   4.8507980e+06   3.2592773e+01
   4.9013340e+06   2.8198242e+01
   4.9501260e+06   3.3630371e+01
   4.9501830e+06   3.0578613e+01
   4.9505840e+06   2.8991699e+01
   4.9898340e+06   2.6916504e+01
   4.9940540e+06   2.7526855e+01
   4.9940990e+06   2.9846191e+01
   4.9941720e+06   4.2175293e+01
   4.9942140e+06   2.8076172e+01
   4.9943260e+06   2.6794434e+01
   4.9974240e+06   2.8503418e+01
   5.0108650e+06   2.9357910e+01
   5.0109380e+06   3.3935547e+01
   5.0109930e+06   3.2653809e+01
   5.0110250e+06   2.9174805e+01
   5.0129220e+06   2.7954102e+01
   5.0186480e+06   2.7160645e+01
   5.0186640e+06   3.1860352e+01
   5.0194640e+06   2.8259277e+01
   5.0199190e+06   2.7893066e+01
   5.0306070e+06   3.2165527e+01
   5.0386780e+06   2.7282715e+01
   5.0387350e+06   2.6794434e+01
   5.0394080e+06   2.8808594e+01
   5.0558120e+06   2.8930664e+01
   5.0736370e+06   2.6611328e+01
   5.0766830e+06   2.9174805e+01
   5.0818150e+06   2.7832031e+01
   5.0866270e+06   2.7770996e+01
   5.1016160e+06   2.8198242e+01
   5.1016640e+06   2.9296875e+01
   5.1040110e+06   3.2714844e+01
   5.1077920e+06   3.1188965e+01
   5.1085000e+06   3.4057617e+01
   5.1213710e+06   2.6611328e+01
   5.1321310e+06   2.9968262e+01
   5.1482800e+06   2.8930664e+01
   5.1754210e+06   2.7954102e+01
   5.1933690e+06   2.7038574e+01
   5.1954510e+06   2.7587891e+01
   5.2168580e+06   2.7954102e+01
   5.2391630e+06   2.6611328e+01
   5.2565040e+06   2.6733398e+01
   5.2735430e+06   3.0822754e+01
   5.3269110e+06   2.7282715e+01
   5.3485620e+06   2.7465820e+01
   5.4877820e+06   2.7221680e+01
   5.7545910e+06   2.7343750e+01
   5.8032960e+06   2.6794434e+01
   5.8098420e+06   2.8747559e+01
   5.9891960e+06   2.7160645e+01
   6.0133720e+06   2.8564453e+01
   6.0743650e+06   2.7404785e+01
   6.0882730e+06   2.8076172e+01
   6.1296600e+06   2.8808594e+01
   6.1859960e+06   2.8930664e+01
   6.1862400e+06   2.7404785e+01
   6.1862580e+06   2.7770996e+01
   6.1891940e+06   3.2409668e+01
   6.2797890e+06   2.6733398e+01
   6.2906400e+06   2.8808594e+01
   6.2908020e+06   3.1433105e+01
   6.2909740e+06   2.7587891e+01
   6.3704260e+06   2.8869629e+01
   6.3705150e+06   4.6142578e+01
   6.3707150e+06   2.6672363e+01
   6.3938770e+06   3.0334473e+01
   6.4030400e+06   2.6672363e+01
   6.4412050e+06   2.8076172e+01
   6.4416800e+06   2.6611328e+01
   6.4417250e+06   2.8564453e+01
   6.4900020e+06   3.3630371e+01
   6.5305340e+06   3.9611816e+01
   6.5305670e+06   2.7099609e+01
   6.5305980e+06   2.9113770e+01
   6.5306700e+06   3.5400391e+01
   6.5311060e+06   3.0029297e+01
   6.5314480e+06   2.6733398e+01
   6.5795170e+06   3.1188965e+01
   6.5795390e+06   2.7282715e+01
   6.5796230e+06   2.9418945e+01
   6.5797140e+06   2.9602051e+01
   6.6391400e+06   3.0822754e+01
   6.6392970e+06   2.6855469e+01
   6.6396370e+06   2.6611328e+01
   6.6399650e+06   3.4362793e+01
   6.6650260e+06   2.8747559e+01
   6.6750170e+06   3.0944824e+01
   6.6750960e+06   2.7954102e+01
   6.6752430e+06   2.9357910e+01
   6.6753340e+06   2.6672363e+01
   6.6757220e+06   2.7893066e+01
   6.6937280e+06   4.9743652e+01
   6.6940630e+06   2.6611328e+01
   6.6966110e+06   2.8015137e+01
   6.6966250e+06   2.9235840e+01
   6.7028410e+06   2.7832031e+01
   6.7029530e+06   3.2104492e+01
   6.7157440e+06   2.9174805e+01
   6.7157590e+06   3.3630371e+01
   6.7158250e+06   2.7954102e+01
   6.7233620e+06   2.9174805e+01
   6.7234220e+06   2.8686523e+01
   6.7241140e+06   2.8442383e+01
   6.7317070e+06   2.9785156e+01
   6.7394260e+06   3.2836914e+01
   6.7409970e+06   2.7709961e+01
   6.7485870e+06   2.6733398e+01
   6.7567800e+06   3.2653809e+01
   6.7568490e+06   2.9235840e+01
   6.7656680e+06   2.7404785e+01
   6.7973450e+06   2.7038574e+01
   6.8055770e+06   3.0639648e+01
   6.8058080e+06   2.7832031e+01
   6.8144000e+06   3.0273438e+01
   6.8251660e+06   2.8991699e+01
   6.8252200e+06   2.9418945e+01
   6.8282560e+06   2.8320313e+01
   6.8717400e+06   2.6611328e+01
   6.8718440e+06   2.7954102e+01
   6.8842810e+06   2.9602051e+01
   6.8902860e+06   2.9541016e+01
   6.8992640e+06   2.8747559e+01
   6.8997010e+06   3.3081055e+01
   6.9243140e+06   2.6672363e+01
   6.9321110e+06   2.9052734e+01
   6.9433750e+06   2.9113770e+01
   6.9434210e+06   2.7832031e+01
   6.9563020e+06   2.7343750e+01
   6.9701630e+06   2.6733398e+01
   6.9969320e+06   2.6916504e+01
   7.1016300e+06   2.7954102e+01
   7.1112520e+06   3.0761719e+01
   7.2068120e+06   2.8808594e+01
   7.2717960e+06   2.8015137e+01
   7.2835970e+06   2.6611328e+01
   7.2879020e+06   2.6855469e+01
   7.3011080e+06   2.7160645e+01
   7.4380230e+06   2.7954102e+01
   7.4644470e+06   2.8442383e+01
   7.5193600e+06   2.7770996e+01
   7.5221070e+06   3.0578613e+01
   7.6442870e+06   2.7770996e+01
   7.8159210e+06   2.7587891e+01
   7.8175650e+06   2.9479980e+01
   7.8177410e+06   2.6611328e+01
   7.8178510e+06   2.7160645e+01
   7.8373440e+06   2.7832031e+01
   7.8749640e+06   2.7893066e+01
   7.8796120e+06   2.7893066e+01
   7.8874550e+06   3.3691406e+01
   7.8877610e+06   2.7099609e+01
   7.8981400e+06   3.4423828e+01
   7.9195750e+06   2.7404785e+01
   7.9196770e+06   3.0761719e+01
   7.9198070e+06   2.8747559e+01
   7.9199940e+06   2.7099609e+01
   7.9530330e+06   2.6794434e+01
   7.9530620e+06   2.8686523e+01
   7.9536370e+06   3.1616211e+01
   7.9665090e+06   2.7770996e+01
   7.9859850e+06   2.6611328e+01
   7.9861600e+06   3.0334473e+01
   7.9862530e+06   3.2531738e+01
   8.0045180e+06   2.8991699e+01
   8.0165610e+06   2.8076172e+01
   8.0165830e+06   2.6855469e+01
   8.0413860e+06   3.2043457e+01
   8.0414480e+06   2.7404785e+01
   8.0417240e+06   2.7038574e+01
   8.0428110e+06   2.8015137e+01
   8.0693320e+06   2.8625488e+01
   8.0985240e+06   3.0517578e+01
   8.0985940e+06   2.7832031e+01
   8.0986570e+06   2.6855469e+01
   8.0987000e+06   2.6977539e+01
   8.0987790e+06   2.7954102e+01
   8.0990720e+06   2.7038574e+01
   8.1020140e+06   2.7709961e+01
   8.1232590e+06   2.7832031e+01
   8.1233360e+06   3.0822754e+01
   8.1460120e+06   4.1503906e+01
   8.1461050e+06   3.1982422e+01
   8.1461820e+06   2.8198242e+01
   8.1465650e+06   2.8320313e+01
   8.1663900e+06   2.8137207e+01
   8.1785540e+06   2.8259277e+01
   8.1796320e+06   2.8137207e+01
   8.1995370e+06   2.6733398e+01
   8.2026510e+06   2.7343750e+01
   8.2175850e+06   3.1616211e+01
   8.2257340e+06   2.7282715e+01
   8.2269210e+06   2.9541016e+01
   8.2373880e+06   3.3447266e+01
   8.2386290e+06   2.6672363e+01
   8.2413670e+06   2.7099609e+01
   8.2486800e+06   3.1860352e+01
   8.2559790e+06   2.7404785e+01
   8.2634630e+06   2.9663086e+01
   8.2729120e+06   2.7709961e+01
   8.2740160e+06   2.9052734e+01
   8.2809310e+06   2.6855469e+01
   8.3179730e+06   2.8686523e+01
   8.3282520e+06   2.9357910e+01
   8.3530440e+06   2.9724121e+01
   8.3682070e+06   3.1188965e+01
   8.3820390e+06   2.8198242e+01
   8.4108790e+06   3.3325195e+01
   8.5458970e+06   2.8808594e+01
   8.6702350e+06   2.8015137e+01
   8.6802090e+06   2.6733398e+01
   8.7995240e+06   2.9602051e+01
   8.8888420e+06   2.7099609e+01
   8.9543630e+06   2.8747559e+01
   8.9732080e+06   2.9785156e+01
