   8.9970000e+06   0.0000000e+00
   1.0709200e+05   2.4597168e+01
   1.0714400e+05   6.1889648e+01
   1.0717100e+05   2.8747559e+01
   1.0718500e+05   2.4353027e+01
   1.0721800e+05   4.4006348e+01
   1.0726700e+05   3.0517578e+01
   1.0732000e+05   3.5522461e+01
   1.0734600e+05   2.5024414e+01
   1.0736900e+05   2.2766113e+01
   1.0739400e+05   3.0578613e+01
   1.0764000e+05   2.4353027e+01
   1.1112600e+05   3.0395508e+01
   1.1245700e+05   4.1687012e+01
   1.1260200e+05   2.4536133e+01
   2.4792900e+05   2.4597168e+01
   2.4796700e+05   6.4392090e+01
   2.4798700e+05   2.4719238e+01
   2.4800500e+05   3.8024902e+01
   2.4805500e+05   2.5878906e+01
   2.4807500e+05   2.2827148e+01
   2.4809900e+05   2.3010254e+01
   2.4812500e+05   2.5756836e+01
   2.4816500e+05   2.7954102e+01
   2.4824700e+05   2.8442383e+01
   2.4843200e+05   2.3193359e+01
   2.4902300e+05   2.3681641e+01
   2.5016100e+05   2.6367188e+01
   2.5100900e+05   2.6367188e+01
   2.5197100e+05   2.5512695e+01
   2.5223700e+05   2.5878906e+01
   2.5309800e+05   3.4484863e+01
   2.5404200e+05   2.2766113e+01
   2.5412900e+05   2.2827148e+01
   2.5416800e+05   2.7587891e+01
   4.1873900e+05   6.3354492e+01
   4.1877300e+05   4.8095703e+01
   4.1881700e+05   3.0029297e+01
   4.1883000e+05   2.7282715e+01
   4.1885900e+05   2.3315430e+01
   4.1889500e+05   3.7292480e+01
   4.1894200e+05   2.6489258e+01
   4.1900400e+05   2.4169922e+01
   4.1905500e+05   2.6489258e+01
   4.1979600e+05   2.2888184e+01
   4.2039500e+05   2.3010254e+01
   4.2075900e+05   2.6428223e+01
   4.2082600e+05   2.3925781e+01
   4.2146200e+05   2.2705078e+01
   4.2337600e+05   2.3132324e+01
   4.2352800e+05   2.9418945e+01
   4.2356200e+05   2.3132324e+01
   4.2359300e+05   2.3925781e+01
   4.2362800e+05   2.2827148e+01
   4.2543700e+05   2.4597168e+01
   4.2548300e+05   2.2949219e+01
   4.2552300e+05   2.5329590e+01
   5.1201000e+05   3.1738281e+01
   5.1207700e+05   4.3273926e+01
   5.1213400e+05   3.1677246e+01
   5.1217000e+05   2.3010254e+01
   5.1218300e+05   2.3925781e+01
   5.1225100e+05   2.4169922e+01
   5.1231000e+05   2.6977539e+01
   5.1239200e+05   2.5268555e+01
   5.1259700e+05   2.4353027e+01
   5.1283500e+05   2.2888184e+01
   5.1368800e+05   2.4353027e+01
   5.1379200e+05   2.3742676e+01
   5.1456700e+05   2.5024414e+01
   5.1509800e+05   2.3254395e+01
   5.1573400e+05   2.4169922e+01
   5.1587200e+05   2.3071289e+01
   5.1592100e+05   2.5939941e+01
   5.1760500e+05   2.3559570e+01
   5.1818900e+05   2.3742676e+01
   5.1877100e+05   2.3071289e+01
   5.1958100e+05   3.0822754e+01
   5.3433500e+05   2.3986816e+01
   5.3441200e+05   5.2612305e+01
   5.3453000e+05   2.7893066e+01
   5.3456600e+05   2.3803711e+01
   5.3462600e+05   4.2297363e+01
   5.3467400e+05   2.4719238e+01
   5.3469800e+05   2.6916504e+01
   5.3473500e+05   2.7709961e+01
   5.3482300e+05   2.8747559e+01
   5.3616100e+05   2.4780273e+01
   5.3625300e+05   2.4902344e+01
   5.3695000e+05   2.6184082e+01
   5.3716500e+05   2.3315430e+01
   5.3797600e+05   2.3315430e+01
   5.4429300e+05   4.4433594e+01
   5.4437400e+05   2.3742676e+01
   5.4442300e+05   3.9489746e+01
   5.4450600e+05   2.4414063e+01
   5.4452700e+05   3.4179688e+01
   5.4463600e+05   2.2705078e+01
   5.4532100e+05   2.2827148e+01
   5.4869500e+05   3.1616211e+01
   5.5336700e+05   4.5043945e+01
   5.5340300e+05   2.3498535e+01
   5.5345000e+05   3.1860352e+01
   5.5355700e+05   2.3193359e+01
   5.5359600e+05   2.4597168e+01
   5.5365300e+05   2.4536133e+01
   5.5432400e+05   2.6000977e+01
   5.5440000e+05   2.6000977e+01
   5.5614000e+05   2.8015137e+01
   5.5750900e+05   2.3620605e+01
   5.6109400e+05   3.1860352e+01
   5.6469800e+05   5.2062988e+01
   5.6477500e+05   2.5207520e+01
   5.6479800e+05   2.4658203e+01
   5.6487900e+05   2.4047852e+01
   5.6490800e+05   2.5329590e+01
   5.6491900e+05   2.4597168e+01
   5.6495200e+05   2.3681641e+01
   5.6504000e+05   2.3132324e+01
   5.6548700e+05   2.4414062e+01
   5.6626700e+05   2.3437500e+01
   5.7181300e+05   3.2043457e+01
   5.7196600e+05   2.2888184e+01
   5.7208100e+05   2.3315430e+01
   5.7211800e+05   2.3559570e+01
   5.7399900e+05   2.5939941e+01
   5.7866800e+05   4.1564941e+01
   5.7870300e+05   2.4719238e+01
   5.7883200e+05   2.2949219e+01
   5.7886600e+05   2.2827148e+01
   5.7896900e+05   2.4353027e+01
   5.8489900e+05   2.5512695e+01
   5.8516700e+05   2.6611328e+01
   5.8743000e+05   2.7160645e+01
   5.9124900e+05   3.5461426e+01
   5.9147800e+05   2.2827148e+01
   5.9328300e+05   2.4902344e+01
   5.9734900e+05   2.3498535e+01
   5.9846400e+05   3.5095215e+01
   6.0072000e+05   4.2602539e+01
   6.0086800e+05   2.9174805e+01
   6.0093100e+05   2.4658203e+01
   6.0097300e+05   2.4230957e+01
   6.0361600e+05   2.2705078e+01
   6.0464400e+05   2.2827148e+01
   6.1067300e+05   3.5888672e+01
   6.1078200e+05   2.5451660e+01
   6.1090400e+05   2.3010254e+01
   6.1611600e+05   2.4963379e+01
   6.1777400e+05   2.5146484e+01
   6.1805800e+05   2.2949219e+01
   6.2123100e+05   2.3986816e+01
   6.2410800e+05   2.3132324e+01
   6.2426500e+05   2.5878906e+01
   6.2908100e+05   2.7221680e+01
   6.2915900e+05   2.6672363e+01
   6.3319600e+05   2.3681641e+01
   6.3521900e+05   2.9113770e+01
   6.3794500e+05   3.1066895e+01
   6.4218000e+05   2.5634766e+01
   6.4878300e+05   2.3498535e+01
   6.4994200e+05   3.6682129e+01
   6.5538700e+05   2.8808594e+01
   6.5964200e+05   2.7832031e+01
   6.6452700e+05   2.6550293e+01
   6.6988800e+05   2.6306152e+01
   6.7082300e+05   4.1442871e+01
   6.7624600e+05   2.9663086e+01
   6.7627500e+05   2.3193359e+01
   6.7628800e+05   2.7099609e+01
   6.7927200e+05   2.3803711e+01
   6.8068600e+05   2.8503418e+01
   6.8504400e+05   2.6306152e+01
   6.8547200e+05   3.0944824e+01
   6.9070100e+05   3.7475586e+01
   6.9664500e+05   3.4729004e+01
   7.0415700e+05   3.0700684e+01
   7.1032500e+05   2.2766113e+01
   7.1360700e+05   2.9479980e+01
   7.1383900e+05   2.3925781e+01
   7.2023000e+05   3.2287598e+01
   7.2626800e+05   4.0710449e+01
   7.2631400e+05   2.9479980e+01
   7.3099000e+05   3.1616211e+01
   7.3504800e+05   2.9602051e+01
   7.3681700e+05   3.4423828e+01
   7.4281300e+05   3.2836914e+01
   7.4768600e+05   3.1921387e+01
   7.4855700e+05   2.5512695e+01
   7.4921100e+05   2.4353027e+01
   7.4937300e+05   2.9541016e+01
   7.5681900e+05   4.4128418e+01
   7.5694000e+05   2.4414063e+01
   7.6001300e+05   2.4902344e+01
   7.6405800e+05   3.3752441e+01
   7.6711100e+05   3.2775879e+01
   7.6727300e+05   2.2888184e+01
   7.6774000e+05   2.7221680e+01
   7.7454400e+05   3.6804199e+01
   7.7466700e+05   2.6550293e+01
   7.7498700e+05   2.2949219e+01
   7.7779200e+05   2.9907227e+01
   7.8413000e+05   3.3264160e+01
   7.8687000e+05   3.9367676e+01
   7.9597200e+05   4.2236328e+01
   7.9636000e+05   2.3620605e+01
   7.9642800e+05   2.5268555e+01
   7.9654700e+05   2.3010254e+01
   8.0605800e+05   4.4372559e+01
   8.0834100e+05   2.2827148e+01
   8.1151100e+05   2.4414063e+01
   8.1583900e+05   3.9916992e+01
   8.1619000e+05   2.6123047e+01
   8.1655800e+05   2.4047852e+01
   8.2540400e+05   3.9001465e+01
   8.2557200e+05   2.4353027e+01
   8.3543600e+05   4.3212891e+01
   8.3554200e+05   2.4108887e+01
   8.4194000e+05   3.0700684e+01
   8.5006700e+05   3.9611816e+01
   8.5008200e+05   2.6367188e+01
   8.5016200e+05   2.5390625e+01
   8.5065000e+05   2.6184082e+01
   8.6308200e+05   3.7658691e+01
   8.7705300e+05   3.5095215e+01
   8.7714200e+05   2.2705078e+01
   8.9410600e+05   5.0109863e+01
   8.9417400e+05   2.3803711e+01
   8.9419300e+05   2.9724121e+01
   8.9470900e+05   2.7160645e+01
   9.2839100e+05   4.1259766e+01
   9.2846900e+05   4.4738770e+01
   9.2857300e+05   2.6855469e+01
   9.2868700e+05   2.3925781e+01
   9.2879900e+05   2.2766113e+01
   9.2896000e+05   2.4353027e+01
   9.2911100e+05   2.2766113e+01
   9.2954600e+05   3.0456543e+01
   2.1835840e+06   2.4719238e+01
   2.1836930e+06   2.3742676e+01
   2.1837240e+06   3.3325195e+01
   2.1837400e+06   2.5451660e+01
   2.1837810e+06   4.7546387e+01
   2.1838180e+06   2.6611328e+01
   2.1838440e+06   3.4301758e+01
   2.1838770e+06   2.3986816e+01
   2.1839080e+06   2.8991699e+01
   2.1840010e+06   2.5268555e+01
   2.1840140e+06   2.6428223e+01
   2.1841260e+06   2.4353027e+01
   2.1841470e+06   2.6245117e+01
   2.1841970e+06   2.3010254e+01
   2.1842640e+06   2.4291992e+01
   2.1843140e+06   2.3071289e+01
   2.1847120e+06   2.4536133e+01
   2.1852380e+06   2.3071289e+01
   2.1852860e+06   2.9052734e+01
   2.1855010e+06   3.0517578e+01
   2.1856990e+06   2.5512695e+01
   2.1859930e+06   3.1555176e+01
   2.3817940e+06   6.6528320e+01
   2.3818300e+06   3.2714844e+01
   2.3818480e+06   3.6804199e+01
   2.3818660e+06   2.5146484e+01
   2.3818880e+06   3.9062500e+01
   2.3819310e+06   2.4902344e+01
   2.3819600e+06   2.4230957e+01
   2.3819850e+06   2.4475098e+01
   2.3820730e+06   2.7038574e+01
   2.3821160e+06   2.5573730e+01
   2.3821410e+06   2.4658203e+01
   2.3822280e+06   2.4353027e+01
   2.3822660e+06   2.4536133e+01
   2.3825330e+06   2.6733398e+01
   2.3842000e+06   2.3315430e+01
   2.3843050e+06   2.4719238e+01
   2.3849200e+06   2.2888184e+01
   2.3852030e+06   3.0822754e+01
   2.3853740e+06   2.3315430e+01
   2.5338000e+06   5.3527832e+01
   2.5338350e+06   2.7648926e+01
   2.5338630e+06   2.3132324e+01
   2.5338770e+06   3.5766602e+01
   2.5339020e+06   2.6062012e+01
   2.5339220e+06   3.8085938e+01
   2.5339390e+06   2.3254395e+01
   2.5339740e+06   2.9113770e+01
   2.5340590e+06   2.8259277e+01
   2.5340890e+06   2.6245117e+01
   2.5342630e+06   2.4291992e+01
   2.5344160e+06   2.3071289e+01
   2.5344510e+06   2.4841309e+01
   2.5363770e+06   2.8198242e+01
   2.5367520e+06   2.4291992e+01
   2.5385890e+06   3.8513184e+01
   2.5386930e+06   2.4597168e+01
   2.5389250e+06   2.2827148e+01
   2.5389890e+06   2.3132324e+01
   2.5391440e+06   2.4108887e+01
   2.5392570e+06   2.3986816e+01
   2.5418180e+06   3.6926270e+01
   2.5418500e+06   2.3681641e+01
   2.5419190e+06   3.3752441e+01
   2.6833410e+06   4.1870117e+01
   2.6833800e+06   3.5278320e+01
   2.6833940e+06   2.4108887e+01
   2.6834270e+06   2.8930664e+01
   2.6834520e+06   3.4484863e+01
   2.6834920e+06   2.9418945e+01
   2.6835130e+06   3.1555176e+01
   2.6835450e+06   2.6062012e+01
   2.6835680e+06   3.0395508e+01
   2.6836650e+06   2.4230957e+01
   2.6837180e+06   2.4475098e+01
   2.6837830e+06   2.3498535e+01
   2.6838930e+06   2.3925781e+01
   2.6840320e+06   2.4169922e+01
   2.6841240e+06   2.5878906e+01
   2.6841470e+06   2.4108887e+01
   2.6844120e+06   2.5512695e+01
   2.6845120e+06   2.3071289e+01
   2.6858260e+06   2.4414063e+01
   2.6868960e+06   2.6428223e+01
   2.6881360e+06   2.4414063e+01
   2.6882380e+06   2.3193359e+01
   2.6887000e+06   2.9785156e+01
   2.6893740e+06   3.1494141e+01
   2.7922990e+06   4.7607422e+01
   2.7923320e+06   2.6428223e+01
   2.7923540e+06   3.0151367e+01
   2.7923770e+06   3.1005859e+01
   2.7924220e+06   2.6794434e+01
   2.7924330e+06   2.9357910e+01
   2.7924580e+06   2.8564453e+01
   2.7924900e+06   2.6123047e+01
   2.7925090e+06   2.2827148e+01
   2.7925420e+06   2.8320313e+01
   2.7925900e+06   2.7587891e+01
   2.7927620e+06   2.9052734e+01
   2.7929630e+06   2.3986816e+01
   2.7930320e+06   2.4108887e+01
   2.7930980e+06   2.2949219e+01
   2.7957500e+06   2.4597168e+01
   2.7965720e+06   2.5451660e+01
   2.7966990e+06   2.8747559e+01
   2.7968240e+06   2.3559570e+01
   2.7968690e+06   2.5695801e+01
   2.7969860e+06   2.5268555e+01
   2.7993960e+06   3.6499023e+01
   2.7994780e+06   2.7709961e+01
   2.7995310e+06   2.4230957e+01
   2.8005310e+06   2.6306152e+01
   2.8158510e+06   5.5847168e+01
   2.8159270e+06   3.0273438e+01
   2.8160340e+06   4.0710449e+01
   2.8161110e+06   3.0456543e+01
   2.8161250e+06   3.3813477e+01
   2.8161760e+06   2.4353027e+01
   2.8161960e+06   2.6367188e+01
   2.8162270e+06   2.5207520e+01
   2.8162420e+06   3.1860352e+01
   2.8162520e+06   2.5329590e+01
   2.8163000e+06   2.9907227e+01
   2.8163640e+06   2.6916504e+01
   2.8166640e+06   3.0578613e+01
   2.8169490e+06   2.4780273e+01
   2.8173610e+06   2.4597168e+01
   2.8190680e+06   2.4047852e+01
   2.8198560e+06   2.4047852e+01
   2.8204810e+06   2.3681641e+01
   2.8205050e+06   3.2897949e+01
   2.8252190e+06   3.8574219e+01
   2.8302610e+06   2.2766113e+01
   2.8302740e+06   5.7250977e+01
   2.8303550e+06   3.4484863e+01
   2.8304310e+06   2.4841309e+01
   2.8304810e+06   2.7709961e+01
   2.8304980e+06   2.5878906e+01
   2.8305130e+06   2.7526855e+01
   2.8306420e+06   2.8869629e+01
   2.8310260e+06   2.2949219e+01
   2.8315960e+06   2.2705078e+01
   2.8329950e+06   2.4108887e+01
   2.8331180e+06   2.4536133e+01
   2.8342260e+06   2.4475098e+01
   2.8388670e+06   4.2358398e+01
   2.8389530e+06   2.4353027e+01
   2.8390490e+06   2.7282715e+01
   2.8391710e+06   2.4414063e+01
   2.8392150e+06   2.2888184e+01
   2.8413050e+06   2.5329590e+01
   2.8416320e+06   2.3010254e+01
   2.8425500e+06   2.3437500e+01
   2.8467510e+06   4.0100098e+01
   2.8468490e+06   2.6916504e+01
   2.8469640e+06   2.3010254e+01
   2.8470320e+06   2.3254395e+01
   2.8471220e+06   2.5634766e+01
   2.8471640e+06   2.3071289e+01
   2.8478340e+06   2.2888184e+01
   2.8485120e+06   2.6489258e+01
   2.8486890e+06   2.5756836e+01
   2.8494880e+06   2.5695801e+01
   2.8495300e+06   2.4658203e+01
   2.8507430e+06   2.3925781e+01
   2.8559230e+06   3.7353516e+01
   2.8560140e+06   3.1799316e+01
   2.8561290e+06   2.2949219e+01
   2.8584510e+06   2.4841309e+01
   2.8637460e+06   3.3996582e+01
   2.8649210e+06   2.5207520e+01
   2.8656490e+06   2.3498535e+01
   2.8691730e+06   2.5329590e+01
   2.8691990e+06   2.3437500e+01
   2.8692310e+06   2.3742676e+01
   2.8709550e+06   2.4291992e+01
   2.8709830e+06   2.3193359e+01
   2.8710310e+06   2.3254395e+01
   2.8736830e+06   2.8137207e+01
   2.8750520e+06   3.3142090e+01
   2.8753750e+06   2.4780273e+01
   2.8788880e+06   2.3254395e+01
   2.8790330e+06   2.3803711e+01
   2.8819550e+06   2.6367188e+01
   2.8821330e+06   2.2888184e+01
   2.8866220e+06   2.8808594e+01
   2.8866980e+06   2.5634766e+01
   2.8867570e+06   2.3071289e+01
   2.8873910e+06   2.4536133e+01
   2.8916720e+06   3.3508301e+01
   2.8918670e+06   2.3925781e+01
   2.8960070e+06   2.9724121e+01
   2.9005190e+06   2.3620605e+01
   2.9009360e+06   2.8991699e+01
   2.9055630e+06   2.5695801e+01
   2.9119900e+06   2.3437500e+01
   2.9126340e+06   2.9724121e+01
   2.9126860e+06   2.2827148e+01
   2.9183250e+06   2.5512695e+01
   2.9191640e+06   2.8137207e+01
   2.9192230e+06   2.4108887e+01
   2.9193140e+06   2.2827148e+01
   2.9229420e+06   2.6062012e+01
   2.9231640e+06   2.5329590e+01
   2.9326130e+06   2.7648926e+01
   2.9329370e+06   2.3315430e+01
   2.9372840e+06   2.9846191e+01
   2.9429410e+06   3.0639648e+01
   2.9494030e+06   2.5573730e+01
   2.9553020e+06   2.6367188e+01
   2.9612370e+06   3.0883789e+01
   2.9612850e+06   2.3986816e+01
   2.9661070e+06   2.8259277e+01
   2.9704920e+06   3.1005859e+01
   2.9751240e+06   2.6550293e+01
   2.9808190e+06   2.6489258e+01
   2.9821730e+06   3.1005859e+01
   2.9823020e+06   2.3437500e+01
   2.9876490e+06   3.5278320e+01
   2.9928670e+06   2.9968262e+01
   2.9929880e+06   2.3376465e+01
   2.9980890e+06   2.9296875e+01
   3.0063850e+06   3.8208008e+01
   3.0122520e+06   2.9174805e+01
   3.0192520e+06   3.5278320e+01
   3.0262110e+06   3.9062500e+01
   3.0262940e+06   2.8381348e+01
   3.0330580e+06   3.8757324e+01
   3.0382690e+06   2.5146484e+01
   3.0403270e+06   3.1616211e+01
   3.0482880e+06   4.2480469e+01
   3.0555560e+06   3.1433105e+01
   3.0556900e+06   2.3620605e+01
   3.0635880e+06   3.1982422e+01
   3.0668170e+06   4.0039063e+01
   3.0671680e+06   2.6672363e+01
   3.0760280e+06   3.6987305e+01
   3.0792580e+06   2.3498535e+01
   3.0844820e+06   3.3264160e+01
   3.0874140e+06   3.6499023e+01
   3.0879550e+06   2.7160645e+01
   3.0882000e+06   2.3925781e+01
   3.0954960e+06   3.3142090e+01
   3.0956460e+06   2.3315430e+01
   3.0973530e+06   4.1992188e+01
   3.0974270e+06   2.5512695e+01
   3.1074790e+06   4.3273926e+01
   3.1134940e+06   3.3996582e+01
   3.1169460e+06   3.9978027e+01
   3.1212250e+06   3.7963867e+01
   3.1298730e+06   3.5949707e+01
   3.1300260e+06   2.5390625e+01
   3.1339990e+06   3.9916992e+01
   3.1341250e+06   2.3498535e+01
   3.1357040e+06   3.8696289e+01
   3.1448420e+06   4.0710449e+01
   3.1530210e+06   4.1748047e+01
   3.1531180e+06   2.5695801e+01
   3.1692770e+06   4.7546387e+01
   3.1693680e+06   3.6682129e+01
   3.1784430e+06   4.3457031e+01
   3.1786510e+06   2.3620605e+01
   3.1828720e+06   4.0100098e+01
   3.1909060e+06   3.1372070e+01
   3.1910000e+06   2.3742676e+01
   3.1964340e+06   4.3212891e+01
   3.1964920e+06   2.5207520e+01
   3.1968010e+06   2.9418945e+01
   3.2078760e+06   4.0588379e+01
   3.2079570e+06   2.9357910e+01
   3.2080710e+06   2.2949219e+01
   3.2082750e+06   2.3986816e+01
   4.0083560e+06   2.2766113e+01
   4.0083660e+06   4.6508789e+01
   4.0747670e+06   2.3193359e+01
   4.2125070e+06   2.4169922e+01
   4.2125970e+06   5.3771973e+01
   4.2126800e+06   5.3344727e+01
   4.2127110e+06   2.3010254e+01
   4.2127660e+06   4.1564941e+01
   4.2128600e+06   4.1870117e+01
   4.2131550e+06   2.6123047e+01
   4.2132400e+06   2.3010254e+01
   4.2132690e+06   3.4790039e+01
   4.3145320e+06   5.3039551e+01
   4.3145810e+06   2.4047852e+01
   4.3145990e+06   4.1259766e+01
   4.3146280e+06   2.5085449e+01
   4.3146510e+06   3.6804199e+01
   4.3147010e+06   2.3315430e+01
   4.3147230e+06   2.3803711e+01
   4.3147590e+06   2.7709961e+01
   4.3148000e+06   2.3742676e+01
   4.3148100e+06   2.3620605e+01
   4.3148730e+06   2.3071289e+01
   4.3149100e+06   2.5695801e+01
   4.3150050e+06   2.7770996e+01
   4.3150320e+06   2.7282715e+01
   4.3150610e+06   2.5451660e+01
   4.3158580e+06   2.6672363e+01
   4.3159570e+06   2.9418945e+01
   4.4283690e+06   2.6916504e+01
   4.4283940e+06   4.2175293e+01
   4.4284720e+06   3.8452148e+01
   4.4285300e+06   4.8034668e+01
   4.4286260e+06   3.5583496e+01
   4.4286440e+06   2.6733398e+01
   4.4287200e+06   4.3273926e+01
   4.5140690e+06   4.5471191e+01
   4.5140850e+06   2.3315430e+01
   4.5141140e+06   4.2480469e+01
   4.5141460e+06   2.5695801e+01
   4.5141570e+06   2.4169922e+01
   4.5141990e+06   2.7526855e+01
   4.5142300e+06   3.3813477e+01
   4.5142890e+06   2.7893066e+01
   4.5143110e+06   2.5573730e+01
   4.5144220e+06   2.6611328e+01
   4.5146760e+06   2.3925781e+01
   4.5149310e+06   2.2949219e+01
   4.5150750e+06   2.5024414e+01
   4.5171120e+06   3.4362793e+01
   4.6259240e+06   2.4475098e+01
   4.6259600e+06   4.1503906e+01
   4.6259830e+06   2.8747559e+01
   4.6260030e+06   4.7119141e+01
   4.6260550e+06   2.5146484e+01
   4.6261690e+06   3.2775879e+01
   4.6261950e+06   2.6062012e+01
   4.6267930e+06   2.7404785e+01
   4.6270290e+06   2.4353027e+01
   4.6273360e+06   2.5268555e+01
   4.6278000e+06   2.7587891e+01
   4.6283040e+06   2.2888184e+01
   4.6289760e+06   2.6245117e+01
   4.6295440e+06   2.3925781e+01
   4.7430020e+06   5.1025391e+01
   4.7430190e+06   2.4414063e+01
   4.7430410e+06   3.4790039e+01
   4.7430770e+06   4.0649414e+01
   4.7430950e+06   2.8076172e+01
   4.7431320e+06   3.7048340e+01
   4.7431680e+06   2.3132324e+01
   4.7432250e+06   2.4230957e+01
   4.7433350e+06   3.0090332e+01
   4.7468050e+06   3.2104492e+01
   4.8467890e+06   4.9621582e+01
   4.8468270e+06   4.9987793e+01
   4.8468380e+06   2.6123047e+01
   4.8468640e+06   3.5339355e+01
   4.8469040e+06   2.4047852e+01
   4.8470500e+06   2.3315430e+01
   4.8471090e+06   2.3864746e+01
   4.8476320e+06   2.3010254e+01
   4.8479660e+06   2.4475098e+01
   4.8484110e+06   2.3742676e+01
   4.8488400e+06   2.6611328e+01
   4.8493210e+06   2.2827148e+01
   4.8496890e+06   2.2827148e+01
   4.8502820e+06   2.6855469e+01
   4.8504380e+06   2.3254395e+01
   4.8508050e+06   2.6062012e+01
   4.8510300e+06   2.3132324e+01
   4.8510740e+06   2.4230957e+01
   4.9498340e+06   4.9255371e+01
   4.9499290e+06   3.9733887e+01
   4.9499760e+06   3.4362793e+01
   4.9500230e+06   2.8564453e+01
   4.9500420e+06   2.3559570e+01
   4.9500750e+06   2.8503418e+01
   4.9501020e+06   3.2470703e+01
   4.9501170e+06   3.1372070e+01
   4.9501580e+06   2.6306152e+01
   4.9502280e+06   2.6184082e+01
   4.9502530e+06   2.5817871e+01
   4.9503320e+06   2.3315430e+01
   4.9517540e+06   2.2949219e+01
   4.9520700e+06   2.4047852e+01
   4.9530900e+06   2.3376465e+01
   4.9542640e+06   3.7353516e+01
   4.9542820e+06   2.5939941e+01
   4.9559240e+06   2.9418945e+01
   4.9560510e+06   2.7465820e+01
   4.9564580e+06   2.3742676e+01
   4.9938240e+06   3.5766602e+01
   4.9939280e+06   4.4311523e+01
   4.9939840e+06   3.1066895e+01
   4.9940400e+06   3.3630371e+01
   4.9940890e+06   2.3620605e+01
   4.9941350e+06   2.6489258e+01
   4.9941590e+06   2.6000977e+01
   4.9941840e+06   2.9235840e+01
   4.9942180e+06   2.5024414e+01
   4.9942450e+06   2.3498535e+01
   4.9943990e+06   2.3132324e+01
   4.9946300e+06   2.4291992e+01
   4.9951570e+06   2.4841309e+01
   4.9952400e+06   2.2766113e+01
   4.9952780e+06   2.3620605e+01
   4.9974170e+06   2.4108887e+01
   4.9974980e+06   2.5390625e+01
   5.0000370e+06   3.8635254e+01
   5.0106270e+06   4.5288086e+01
   5.0106900e+06   3.4667969e+01
   5.0107570e+06   2.9113770e+01
   5.0107890e+06   2.3681641e+01
   5.0108100e+06   2.6428223e+01
   5.0108830e+06   2.4658203e+01
   5.0109630e+06   2.2705078e+01
   5.0109820e+06   2.3010254e+01
   5.0123340e+06   2.8442383e+01
   5.0152030e+06   2.9296875e+01
   5.0182770e+06   4.8645020e+01
   5.0184340e+06   3.1433105e+01
   5.0185900e+06   3.0151367e+01
   5.0186900e+06   2.3315430e+01
   5.0187620e+06   2.2827148e+01
   5.0195120e+06   2.3559570e+01
   5.0225560e+06   3.2897949e+01
   5.0226070e+06   2.6794434e+01
   5.0227510e+06   2.4047852e+01
   5.0289840e+06   3.1188965e+01
   5.0301050e+06   3.4484863e+01
   5.0303390e+06   3.3996582e+01
   5.0304300e+06   2.6794434e+01
   5.0305170e+06   2.4230957e+01
   5.0305960e+06   2.6367188e+01
   5.0384590e+06   3.6499023e+01
   5.0386580e+06   2.3437500e+01
   5.0389030e+06   2.4475098e+01
   5.0420110e+06   2.6062012e+01
   5.0420570e+06   2.3681641e+01
   5.0457690e+06   2.8076172e+01
   5.0470300e+06   2.8869629e+01
   5.0471970e+06   2.8320313e+01
   5.0473620e+06   2.3376465e+01
   5.0531000e+06   2.3925781e+01
   5.0542270e+06   3.0944824e+01
   5.0545980e+06   2.5390625e+01
   5.0566740e+06   2.5329590e+01
   5.0577940e+06   2.3315430e+01
   5.0616800e+06   2.5329590e+01
   5.0618600e+06   2.3986816e+01
   5.0673630e+06   2.4353027e+01
   5.0677550e+06   2.2705078e+01
   5.0720570e+06   2.2949219e+01
   5.0720840e+06   2.3071289e+01
   5.0721350e+06   2.3498535e+01
   5.0722150e+06   2.3498535e+01
   5.0763220e+06   2.8808594e+01
   5.0779540e+06   2.2888184e+01
   5.0811100e+06   2.2766113e+01
   5.0859130e+06   2.3925781e+01
   5.0865520e+06   2.8259277e+01
   5.0867250e+06   2.5939941e+01
   5.0918020e+06   2.4597168e+01
   5.0964300e+06   2.4414063e+01
   5.0966670e+06   2.7709961e+01
   5.1016490e+06   2.4169922e+01
   5.1075070e+06   2.4963379e+01
   5.1150800e+06   2.4902344e+01
   5.1263370e+06   2.3132324e+01
   5.1264500e+06   2.5390625e+01
   5.1267970e+06   2.2949219e+01
   5.1334250e+06   2.3986816e+01
   5.1434000e+06   2.9846191e+01
   5.1458820e+06   2.3742676e+01
   5.1568210e+06   2.8015137e+01
   5.1621490e+06   2.5085449e+01
   5.1668540e+06   2.4291992e+01
   5.1673590e+06   2.4475098e+01
   5.1749490e+06   2.7038574e+01
   5.1779500e+06   2.4536133e+01
   5.1812510e+06   3.1066895e+01
   5.1861760e+06   2.3925781e+01
   5.1907940e+06   2.2705078e+01
   5.1929360e+06   2.8564453e+01
   5.1982540e+06   2.9663086e+01
   5.2037870e+06   3.5583496e+01
   5.2042990e+06   2.6062012e+01
   5.2130270e+06   2.2827148e+01
   5.2155060e+06   3.0822754e+01
   5.2211870e+06   3.1982422e+01
   5.2219360e+06   2.7221680e+01
   5.2298580e+06   2.5634766e+01
   5.2303550e+06   2.4047852e+01
   5.2360850e+06   3.0700684e+01
   5.2391660e+06   2.5817871e+01
   5.2445630e+06   2.7038574e+01
   5.2455170e+06   2.4658203e+01
   5.2462820e+06   3.1005859e+01
   5.2520710e+06   2.7465820e+01
   5.2534660e+06   2.4780273e+01
   5.2548800e+06   2.7038574e+01
   5.2557770e+06   2.6672363e+01
   5.2559870e+06   2.6489258e+01
   5.2616640e+06   2.8076172e+01
   5.2649080e+06   3.3447266e+01
   5.2663620e+06   2.9357910e+01
   5.2681140e+06   3.1494141e+01
   5.2704340e+06   3.1738281e+01
   5.2728930e+06   3.0395508e+01
   5.2730690e+06   2.6855469e+01
   5.2737200e+06   2.3071289e+01
   5.2763920e+06   2.3010254e+01
   5.2838830e+06   3.2287598e+01
   5.2854910e+06   3.2714844e+01
   5.2879270e+06   3.5400391e+01
   5.2887790e+06   2.4963379e+01
   5.2970410e+06   2.6245117e+01
   5.2991910e+06   3.1555176e+01
   5.3016920e+06   3.1066895e+01
   5.3021800e+06   2.8747559e+01
   5.3057890e+06   3.2531738e+01
   5.3059240e+06   2.5146484e+01
   5.3063080e+06   2.3864746e+01
   5.3133220e+06   3.2043457e+01
   5.3160630e+06   3.5095215e+01
   5.3187720e+06   3.9184570e+01
   5.3191380e+06   2.2827148e+01
   5.3213910e+06   4.1015625e+01
   5.3260920e+06   3.4667969e+01
   5.3262300e+06   2.8747559e+01
   5.3269110e+06   2.2888184e+01
   5.3356140e+06   3.2104492e+01
   5.3381260e+06   3.1921387e+01
   5.3383600e+06   2.3864746e+01
   5.3430120e+06   3.9428711e+01
   5.3431850e+06   2.4353027e+01
   5.3473390e+06   3.0517578e+01
   5.3474860e+06   2.7221680e+01
   5.3477740e+06   2.3742676e+01
   5.3536900e+06   3.8879395e+01
   5.3545650e+06   3.8391113e+01
   5.3549350e+06   3.1799316e+01
   5.3597100e+06   4.6447754e+01
   5.3598330e+06   2.4230957e+01
   5.3599680e+06   2.2888184e+01
   5.3653330e+06   3.4851074e+01
   5.3654620e+06   3.3020020e+01
   5.3656590e+06   2.8625488e+01
   5.3742700e+06   3.8330078e+01
   5.3743690e+06   2.5756836e+01
   5.3745550e+06   3.1738281e+01
   5.3837690e+06   4.2175293e+01
   5.3838610e+06   2.6611328e+01
   5.3840550e+06   2.6245117e+01
   6.1862550e+06   2.2705078e+01
   6.1863210e+06   4.0283203e+01
   6.1864060e+06   3.9855957e+01
   6.1865110e+06   2.7770996e+01
   6.2906590e+06   2.7404785e+01
   6.2907980e+06   5.3466797e+01
   6.2908450e+06   4.0466309e+01
   6.2909020e+06   2.3376465e+01
   6.2909650e+06   3.2409668e+01
   6.2910770e+06   4.7729492e+01
   6.2912390e+06   3.6132813e+01
   6.3705820e+06   5.0720215e+01
   6.3706480e+06   4.3640137e+01
   6.3706710e+06   2.3437500e+01
   6.3707210e+06   3.0334473e+01
   6.3707650e+06   3.4179688e+01
   6.3708120e+06   2.3925781e+01
   6.3708400e+06   2.4353027e+01
   6.3708720e+06   2.6672363e+01
   6.3709390e+06   2.5207520e+01
   6.3709840e+06   2.3864746e+01
   6.3712490e+06   2.3559570e+01
   6.3722930e+06   3.0151367e+01
   6.3725460e+06   3.2165527e+01
   6.3727170e+06   3.6315918e+01
   6.4411930e+06   4.9255371e+01
   6.4412500e+06   3.9184570e+01
   6.4412700e+06   2.4108887e+01
   6.4413050e+06   3.5827637e+01
   6.4413700e+06   2.7282715e+01
   6.4414270e+06   3.2958984e+01
   6.4414390e+06   2.2888184e+01
   6.4414860e+06   2.7587891e+01
   6.4415060e+06   2.7770996e+01
   6.4415330e+06   2.4719238e+01
   6.4417170e+06   2.2705078e+01
   6.4422250e+06   2.5573730e+01
   6.4426650e+06   2.7770996e+01
   6.4436950e+06   2.4719238e+01
   6.5029100e+06   2.2888184e+01
   6.5076540e+06   2.3864746e+01
   6.5306750e+06   6.4147949e+01
   6.5307190e+06   4.1015625e+01
   6.5307310e+06   2.5512695e+01
   6.5307690e+06   3.0151367e+01
   6.5308190e+06   2.6977539e+01
   6.5308700e+06   2.4841309e+01
   6.5308870e+06   2.2949219e+01
   6.5309670e+06   2.4291992e+01
   6.5310570e+06   2.7282715e+01
   6.5311060e+06   2.7587891e+01
   6.5311300e+06   2.5146484e+01
   6.5311990e+06   2.8564453e+01
   6.5313260e+06   2.3071289e+01
   6.5333140e+06   2.3071289e+01
   6.5336290e+06   2.5024414e+01
   6.5796630e+06   5.5297852e+01
   6.5797120e+06   4.0161133e+01
   6.5797560e+06   3.5705566e+01
   6.5797780e+06   2.7954102e+01
   6.5798080e+06   3.3264160e+01
   6.5798590e+06   2.3498535e+01
   6.5799030e+06   3.3691406e+01
   6.5799130e+06   2.7526855e+01
   6.5799560e+06   2.9113770e+01
   6.5800280e+06   2.3315430e+01
   6.5806880e+06   2.4780273e+01
   6.5814200e+06   2.3254395e+01
   6.5817420e+06   2.2827148e+01
   6.5819300e+06   2.4169922e+01
   6.5821400e+06   2.3742676e+01
   6.5828900e+06   2.3254395e+01
   6.5829010e+06   3.0151367e+01
   6.6392330e+06   5.2490234e+01
   6.6392590e+06   2.5329590e+01
   6.6392740e+06   4.4433594e+01
   6.6392920e+06   2.7038574e+01
   6.6393220e+06   3.4118652e+01
   6.6393670e+06   2.3132324e+01
   6.6393910e+06   3.1066895e+01
   6.6394030e+06   2.2827148e+01
   6.6394490e+06   2.3132324e+01
   6.6395450e+06   2.2705078e+01
   6.6395830e+06   2.6062012e+01
   6.6395970e+06   2.3803711e+01
   6.6406920e+06   2.3132324e+01
   6.6414660e+06   2.2705078e+01
   6.6426020e+06   2.7893066e+01
   6.6431360e+06   2.4047852e+01
   6.6751200e+06   5.1574707e+01
   6.6751660e+06   3.8635254e+01
   6.6751900e+06   2.3376465e+01
   6.6752110e+06   3.1433105e+01
   6.6752560e+06   4.0405273e+01
   6.6752840e+06   3.0822754e+01
   6.6753710e+06   3.0151367e+01
   6.6755100e+06   2.8808594e+01
   6.6756250e+06   2.3376465e+01
   6.6763400e+06   2.3254395e+01
   6.6786180e+06   3.3752441e+01
   6.6850560e+06   4.7363281e+01
   6.6852040e+06   3.6437988e+01
   6.6938230e+06   4.9499512e+01
   6.6938680e+06   3.5888672e+01
   6.6939130e+06   3.0822754e+01
   6.6939880e+06   2.4780273e+01
   6.6940190e+06   2.4841309e+01
   6.6940630e+06   2.4902344e+01
   6.6942370e+06   2.2766113e+01
   6.6953900e+06   2.3925781e+01
   6.7013740e+06   3.3752441e+01
   6.7024570e+06   4.7302246e+01
   6.7025790e+06   2.7648926e+01
   6.7027350e+06   2.8625488e+01
   6.7028230e+06   2.3742676e+01
   6.7036570e+06   2.3498535e+01
   6.7060230e+06   2.3986816e+01
   6.7070330e+06   2.6733398e+01
   6.7071920e+06   2.3071289e+01
   6.7115930e+06   3.2470703e+01
   6.7117290e+06   2.6306152e+01
   6.7140950e+06   4.5593262e+01
   6.7143610e+06   3.3142090e+01
   6.7152290e+06   3.3203125e+01
   6.7158140e+06   4.8095703e+01
   6.7158960e+06   2.6977539e+01
   6.7168920e+06   2.3498535e+01
   6.7186510e+06   2.4475098e+01
   6.7207740e+06   3.1250000e+01
   6.7216220e+06   2.3193359e+01
   6.7229350e+06   3.2043457e+01
   6.7231860e+06   2.3010254e+01
   6.7232880e+06   2.2949219e+01
   6.7301890e+06   2.8686523e+01
   6.7306470e+06   2.4230957e+01
   6.7309260e+06   2.4780273e+01
   6.7310410e+06   2.6428223e+01
   6.7347540e+06   2.3986816e+01
   6.7381060e+06   2.9724121e+01
   6.7389200e+06   2.5817871e+01
   6.7391810e+06   2.3925781e+01
   6.7393700e+06   2.8564453e+01
   6.7463550e+06   2.4169922e+01
   6.7477430e+06   2.3742676e+01
   6.7483790e+06   2.6672363e+01
   6.7487520e+06   2.2949219e+01
   6.7487760e+06   2.2766113e+01
   6.7537290e+06   2.5329590e+01
   6.7552240e+06   2.3559570e+01
   6.7564860e+06   2.5390625e+01
   6.7567770e+06   2.6123047e+01
   6.7603960e+06   2.3559570e+01
   6.7658670e+06   2.5207520e+01
   6.7712720e+06   2.4291992e+01
   6.7845330e+06   2.3681641e+01
   6.7924280e+06   2.2827148e+01
   6.8175180e+06   2.3986816e+01
   6.8187580e+06   2.3132324e+01
   6.8352710e+06   2.3010254e+01
   6.8368080e+06   2.5146484e+01
   6.8443700e+06   2.4719238e+01
   6.8448240e+06   2.5634766e+01
   6.8599000e+06   2.6000977e+01
   6.8696420e+06   2.6367188e+01
   6.8746940e+06   2.5146484e+01
   6.8768240e+06   3.1433105e+01
   6.8810090e+06   2.2827148e+01
   6.8820140e+06   2.3010254e+01
   6.8831770e+06   2.6000977e+01
   6.8888180e+06   2.6062012e+01
   6.8903520e+06   2.3010254e+01
   6.8985950e+06   2.2766113e+01
   6.9048790e+06   2.3498535e+01
   6.9068070e+06   2.9479980e+01
   6.9131360e+06   2.3742676e+01
   6.9146370e+06   2.7404785e+01
   6.9210650e+06   2.3071289e+01
   6.9229060e+06   2.8320313e+01
   6.9296460e+06   2.4047852e+01
   6.9311170e+06   2.2827148e+01
   6.9318630e+06   2.5878906e+01
   6.9386950e+06   2.9113770e+01
   6.9409660e+06   2.5939941e+01
   6.9429270e+06   2.6672363e+01
   6.9508900e+06   2.3010254e+01
   6.9529130e+06   2.4169922e+01
   6.9564000e+06   2.8259277e+01
   6.9645790e+06   2.3437500e+01
   6.9648410e+06   2.5085449e+01
   6.9664290e+06   2.3681641e+01
   6.9703160e+06   3.9001465e+01
   6.9783960e+06   2.9724121e+01
   6.9801970e+06   3.0456543e+01
   6.9832130e+06   3.0761719e+01
   6.9857220e+06   3.5278320e+01
   6.9883010e+06   2.5756836e+01
   6.9886380e+06   2.5634766e+01
   6.9914250e+06   3.1433105e+01
   6.9916940e+06   2.6367188e+01
   6.9946680e+06   4.0405273e+01
   6.9948820e+06   2.3315430e+01
   6.9972780e+06   2.9907227e+01
   7.0010310e+06   2.9479980e+01
   7.0011950e+06   2.3437500e+01
   7.0047900e+06   3.6071777e+01
   7.0067780e+06   3.4362793e+01
   7.0070020e+06   2.4719238e+01
   7.0108740e+06   3.8879395e+01
   7.0110180e+06   2.3986816e+01
   7.0155680e+06   3.7170410e+01
   7.0156990e+06   2.7587891e+01
   7.0186030e+06   3.6071777e+01
   7.0187900e+06   2.6245117e+01
   7.0231300e+06   3.4790039e+01
   7.0233180e+06   2.3010254e+01
   7.0288080e+06   3.7048340e+01
   7.0289520e+06   3.0517578e+01
   7.0292230e+06   2.9968262e+01
   7.0387660e+06   3.9367676e+01
   7.8876300e+06   4.8706055e+01
   7.8877040e+06   4.8339844e+01
   7.8877830e+06   2.8686523e+01
   7.8878560e+06   3.5034180e+01
   7.8879310e+06   3.4118652e+01
   7.9196980e+06   5.1818848e+01
   7.9197570e+06   3.9184570e+01
   7.9198180e+06   3.0212402e+01
   7.9199230e+06   3.8330078e+01
   7.9199600e+06   2.2705078e+01
   7.9200070e+06   3.0639648e+01
   7.9200610e+06   2.9235840e+01
   7.9201190e+06   2.3315430e+01
   7.9202560e+06   2.3437500e+01
   7.9204460e+06   2.4291992e+01
   7.9532490e+06   5.1452637e+01
   7.9533110e+06   3.9978027e+01
   7.9533940e+06   3.6987305e+01
   7.9534500e+06   3.8818359e+01
   7.9535120e+06   2.6428223e+01
   7.9535710e+06   3.3569336e+01
   7.9536270e+06   2.5878906e+01
   7.9536570e+06   2.6916504e+01
   7.9537230e+06   2.4536133e+01
   7.9537780e+06   2.2827148e+01
   7.9541740e+06   2.6550293e+01
   7.9544470e+06   2.4841309e+01
   7.9545420e+06   2.2888184e+01
   7.9548580e+06   2.2827148e+01
   7.9549930e+06   2.3071289e+01
   7.9860650e+06   6.6345215e+01
   7.9860890e+06   2.3193359e+01
   7.9861500e+06   3.3447266e+01
   7.9862560e+06   3.3386230e+01
   7.9863260e+06   2.9113770e+01
   7.9864130e+06   4.4921875e+01
   7.9864790e+06   3.4179688e+01
   7.9865630e+06   2.3010254e+01
   7.9866210e+06   2.2949219e+01
   7.9866750e+06   2.4963379e+01
   7.9867480e+06   2.2827148e+01
   7.9869670e+06   2.4475098e+01
   7.9875310e+06   2.5024414e+01
   8.0167260e+06   3.7963867e+01
   8.0167760e+06   3.8513184e+01
   8.0168250e+06   3.1616211e+01
   8.0168670e+06   2.3071289e+01
   8.0168820e+06   2.8320313e+01
   8.0169260e+06   2.8320313e+01
   8.0169780e+06   2.8137207e+01
   8.0171750e+06   2.2705078e+01
   8.0172570e+06   2.6367188e+01
   8.0174200e+06   2.4536133e+01
   8.0191610e+06   2.3925781e+01
   8.0413850e+06   2.3498535e+01
   8.0415350e+06   3.8696289e+01
   8.0415500e+06   2.2705078e+01
   8.0416020e+06   3.2043457e+01
   8.0416620e+06   3.6254883e+01
   8.0416880e+06   2.3315430e+01
   8.0417250e+06   3.5644531e+01
   8.0417750e+06   2.3254395e+01
   8.0418050e+06   2.2766113e+01
   8.0418390e+06   2.4353027e+01
   8.0418900e+06   3.1616211e+01
   8.0419240e+06   2.3498535e+01
   8.0419370e+06   3.2043457e+01
   8.0422350e+06   2.6550293e+01
   8.0424940e+06   2.2766113e+01
   8.0427750e+06   2.4169922e+01
   8.0436150e+06   2.3986816e+01
   8.0439550e+06   2.2888184e+01
   8.0442730e+06   3.2531738e+01
   8.0445580e+06   3.4118652e+01
   8.0691030e+06   4.4555664e+01
   8.0691500e+06   2.7587891e+01
   8.0692000e+06   3.8269043e+01
   8.0692290e+06   2.6184082e+01
   8.0692520e+06   2.6306152e+01
   8.0692790e+06   2.3315430e+01
   8.0693290e+06   2.4108887e+01
   8.0693510e+06   2.4353027e+01
   8.0693810e+06   2.5817871e+01
   8.0694070e+06   2.4719238e+01
   8.0694540e+06   2.3742676e+01
   8.0986310e+06   4.7912598e+01
   8.0986750e+06   2.8015137e+01
   8.0987050e+06   2.5024414e+01
   8.0987400e+06   2.6123047e+01
   8.0987860e+06   3.6437988e+01
   8.0987980e+06   2.5207520e+01
   8.0988110e+06   2.6611328e+01
   8.0988330e+06   2.7221680e+01
   8.0988670e+06   2.9907227e+01
   8.1003800e+06   2.6489258e+01
   8.1021400e+06   2.6611328e+01
   8.1022900e+06   2.5817871e+01
   8.1028380e+06   3.8146973e+01
   8.1233780e+06   3.7231445e+01
   8.1234200e+06   3.1127930e+01
   8.1234690e+06   4.2358398e+01
   8.1235800e+06   3.2958984e+01
   8.1236440e+06   2.5573730e+01
   8.1237170e+06   2.7465820e+01
   8.1242610e+06   2.3010254e+01
   8.1274290e+06   2.7038574e+01
   8.1275480e+06   2.3376465e+01
   8.1371250e+06   5.0842285e+01
   8.1372180e+06   4.3518066e+01
   8.1461060e+06   4.6081543e+01
   8.1461350e+06   2.2949219e+01
   8.1461590e+06   2.4536133e+01
   8.1461860e+06   2.2766113e+01
   8.1462100e+06   3.1738281e+01
   8.1462300e+06   2.3498535e+01
   8.1463100e+06   2.5695801e+01
   8.1463660e+06   2.4719238e+01
   8.1467580e+06   2.4230957e+01
   8.1506330e+06   2.3010254e+01
   8.1549600e+06   3.5156250e+01
   8.1551530e+06   3.6376953e+01
   8.1579920e+06   3.9978027e+01
   8.1587950e+06   4.4372559e+01
   8.1589240e+06   3.4179688e+01
   8.1627690e+06   3.9794922e+01
   8.1635500e+06   3.8818359e+01
   8.1652670e+06   4.1931152e+01
   8.1653640e+06   2.8808594e+01
   8.1655320e+06   2.8930664e+01
   8.1656580e+06   2.5390625e+01
   8.1657410e+06   2.4719238e+01
   8.1659300e+06   2.4597168e+01
   8.1660570e+06   2.4169922e+01
   8.1696060e+06   2.3559570e+01
   8.1712050e+06   2.7221680e+01
   8.1717710e+06   2.3071289e+01
   8.1748410e+06   3.1066895e+01
   8.1760210e+06   3.0212402e+01
   8.1779300e+06   3.0639648e+01
   8.1782650e+06   2.8869629e+01
   8.1783750e+06   2.2949219e+01
   8.1786250e+06   2.4902344e+01
   8.1853520e+06   2.4597168e+01
   8.1870140e+06   2.9663086e+01
   8.1872900e+06   2.7465820e+01
   8.1875790e+06   2.4414063e+01
   8.1878690e+06   2.4658203e+01
   8.1940580e+06   2.4475098e+01
   8.1951370e+06   2.6123047e+01
   8.1965750e+06   2.3620605e+01
   8.1970400e+06   2.7648926e+01
   8.1980650e+06   3.3996582e+01
   8.1990630e+06   3.4484863e+01
   8.2026770e+06   2.3254395e+01
   8.2052050e+06   2.3254395e+01
   8.2053240e+06   2.5817871e+01
   8.2097470e+06   2.2705078e+01
   8.2113210e+06   2.4902344e+01
   8.2119330e+06   2.4353027e+01
   8.2126320e+06   2.7954102e+01
   8.2230040e+06   2.6977539e+01
   8.2241710e+06   2.6733398e+01
   8.2251490e+06   2.5634766e+01
   8.2254360e+06   2.8198242e+01
   8.2257390e+06   2.3193359e+01
   8.2367690e+06   2.5146484e+01
   8.2370740e+06   2.4108887e+01
   8.2529150e+06   2.4047852e+01
   8.2624920e+06   2.2949219e+01
   8.2629180e+06   2.3254395e+01
   8.2717470e+06   2.5756836e+01
   8.2720020e+06   2.3193359e+01
   8.2795870e+06   2.4536133e+01
   8.2900860e+06   2.8930664e+01
   8.2951110e+06   3.0822754e+01
   8.2967810e+06   2.7587891e+01
   8.2976640e+06   2.3742676e+01
   8.3064160e+06   2.3132324e+01
   8.3083990e+06   2.4047852e+01
   8.3171760e+06   2.4108887e+01
   8.3227960e+06   2.8930664e+01
   8.3238520e+06   2.3925781e+01
   8.3281980e+06   3.1921387e+01
   8.3386360e+06   2.5756836e+01
   8.3464430e+06   2.8076172e+01
   8.3481340e+06   2.7648926e+01
   8.3501600e+06   3.6254883e+01
   8.3516020e+06   2.5329590e+01
   8.3523700e+06   3.3264160e+01
   8.3599500e+06   2.2766113e+01
   8.3634010e+06   3.0029297e+01
   8.3652750e+06   2.8442383e+01
   8.3656010e+06   2.6428223e+01
   8.3752730e+06   2.7343750e+01
   8.3776170e+06   2.8015137e+01
   8.3786790e+06   2.6428223e+01
   8.3795230e+06   2.6916504e+01
   8.3807640e+06   2.4169922e+01
   8.3821650e+06   2.4353027e+01
   8.3949990e+06   3.3508301e+01
   8.3971160e+06   2.7160645e+01
   8.3983770e+06   3.0761719e+01
   8.3986480e+06   2.3620605e+01
   8.4008100e+06   2.5817871e+01
   8.4027500e+06   3.1433105e+01
   8.4046950e+06   3.1799316e+01
   8.4068570e+06   2.7832031e+01
   8.4181740e+06   2.6794434e+01
   8.4204000e+06   2.9357910e+01
   8.4234700e+06   2.8137207e+01
   8.4257290e+06   2.9907227e+01
   8.4286580e+06   3.5888672e+01
   8.4288300e+06   2.2888184e+01
   8.4315730e+06   3.4423828e+01
   8.4341560e+06   3.0029297e+01
   8.4344330e+06   2.2766113e+01
   8.4364450e+06   3.0212402e+01
   8.4396690e+06   3.7658691e+01
   8.4398440e+06   2.3620605e+01
   8.4432110e+06   3.8940430e+01
   8.4463280e+06   3.4606934e+01
   8.4507110e+06   4.2785645e+01
   8.4511020e+06   3.4545898e+01
   8.4586280e+06   3.4484863e+01
