   8.9970000e+06   0.0000000e+00
   1.0697800e+05   2.6245117e+01
   1.0702800e+05   2.5085449e+01
   1.0708800e+05   2.4414063e+01
   2.4783200e+05   3.0700684e+01
   2.4797300e+05   2.4841309e+01
   2.5297100e+05   2.7587891e+01
   4.1855700e+05   2.5268555e+01
   4.1859700e+05   2.6733398e+01
   4.1864100e+05   2.7038574e+01
   4.1870800e+05   2.8381348e+01
   4.1878900e+05   2.5451660e+01
   4.1882000e+05   2.4353027e+01
   4.2439800e+05   2.9907227e+01
   5.1215700e+05   2.6794434e+01
   5.1222400e+05   2.5024414e+01
   5.1232400e+05   2.7770996e+01
   5.1270300e+05   2.8320313e+01
   5.1279600e+05   2.6000977e+01
   5.1865800e+05   2.8198242e+01
   5.1870000e+05   2.4414063e+01
   5.3468000e+05   2.7526855e+01
   5.3479800e+05   3.1372070e+01
   5.3483100e+05   2.8137207e+01
   5.3805400e+05   2.4230957e+01
   5.4747900e+05   2.5146484e+01
   5.5364200e+05   2.4780273e+01
   5.5375800e+05   2.4475098e+01
   5.5378300e+05   2.7343750e+01
   5.5429100e+05   2.7770996e+01
   5.5605100e+05   2.7832031e+01
   5.6508600e+05   2.7099609e+01
   5.7896400e+05   2.4963379e+01
   5.8172600e+05   2.6428223e+01
   5.8534200e+05   2.7038574e+01
   5.8731800e+05   2.6000977e+01
   5.9156000e+05   2.5573730e+01
   6.0343200e+05   2.6794434e+01
   6.1064500e+05   2.6306152e+01
   6.1884800e+05   2.5756836e+01
   6.3509200e+05   2.4963379e+01
   6.5000800e+05   2.4475098e+01
   6.5951600e+05   2.6611328e+01
   6.6453700e+05   2.4536133e+01
   6.9131600e+05   2.5268555e+01
   7.0045600e+05   2.4475098e+01
   7.4272700e+05   2.6062012e+01
   7.4285300e+05   2.5390625e+01
   7.5742500e+05   2.5695801e+01
   7.6780400e+05   2.4291992e+01
   7.7517500e+05   2.4658203e+01
   7.8752900e+05   2.4780273e+01
   8.3594700e+05   2.4230957e+01
   2.1834910e+06   2.6794434e+01
   2.1836420e+06   2.4841309e+01
   2.1837610e+06   2.5817871e+01
   2.1838420e+06   2.5634766e+01
   2.1838920e+06   2.5024414e+01
   2.3816570e+06   2.4414063e+01
   2.3816880e+06   2.4902344e+01
   2.3818060e+06   2.8259277e+01
   2.5336350e+06   2.5268555e+01
   2.5336620e+06   2.4597168e+01
   2.5337070e+06   2.7282715e+01
   2.5337190e+06   2.8503418e+01
   2.5338810e+06   2.6977539e+01
   2.5341170e+06   2.7404785e+01
   2.6832040e+06   2.6062012e+01
   2.6832450e+06   2.5634766e+01
   2.6833210e+06   2.5390625e+01
   2.6833500e+06   2.8991699e+01
   2.6840830e+06   2.4963379e+01
   2.7920520e+06   2.4230957e+01
   2.7921470e+06   2.5939941e+01
   2.7922180e+06   3.2226563e+01
   2.7922360e+06   2.9602051e+01
   2.7922650e+06   2.7832031e+01
   2.7923330e+06   2.4291992e+01
   2.7992440e+06   2.4719238e+01
   2.8162820e+06   2.6184082e+01
   2.8163190e+06   2.6123047e+01
   2.8163690e+06   3.4851074e+01
   2.8164030e+06   2.6977539e+01
   2.8166750e+06   2.4475098e+01
   2.8306440e+06   2.6123047e+01
   2.8392490e+06   2.5024414e+01
   2.8471020e+06   2.4841309e+01
   2.8562750e+06   2.5329590e+01
   2.8655210e+06   2.4230957e+01
   2.8691410e+06   2.6184082e+01
   2.8753760e+06   2.4719238e+01
   2.8761140e+06   2.4475098e+01
   2.8865930e+06   2.7832031e+01
   2.8918220e+06   2.7221680e+01
   2.8918710e+06   2.4780273e+01
   2.9275880e+06   2.4414063e+01
   2.9325800e+06   2.4230957e+01
   2.9428410e+06   2.5207520e+01
   2.9428670e+06   2.4780273e+01
   2.9500290e+06   2.4230957e+01
   2.9570370e+06   2.6672363e+01
   2.9665690e+06   2.6367188e+01
   2.9709620e+06   2.5756836e+01
   2.9709940e+06   2.6306152e+01
   2.9892370e+06   2.4475098e+01
   2.9996590e+06   2.5512695e+01
   3.0068730e+06   2.4536133e+01
   3.1082140e+06   2.4414063e+01
   3.1088290e+06   2.6367188e+01
   3.1358070e+06   2.4230957e+01
   4.0079200e+06   2.7648926e+01
   4.0082130e+06   2.6184082e+01
   4.2121890e+06   2.4597168e+01
   4.3142290e+06   2.7160645e+01
   4.3143050e+06   2.7954102e+01
   4.3145360e+06   2.5207520e+01
   4.3146460e+06   2.4658203e+01
   4.4282120e+06   2.5329590e+01
   4.4282640e+06   2.5451660e+01
   4.4284260e+06   2.8991699e+01
   4.4285740e+06   2.4963379e+01
   4.5138480e+06   2.7648926e+01
   4.5138990e+06   2.6611328e+01
   4.6256410e+06   2.4719238e+01
   4.6257760e+06   2.4414063e+01
   4.6257980e+06   2.4475098e+01
   4.6260220e+06   2.4841309e+01
   4.7428700e+06   2.4841309e+01
   4.8465510e+06   2.5024414e+01
   4.8466820e+06   2.5024414e+01
   4.8467580e+06   2.6977539e+01
   4.8469140e+06   2.5634766e+01
   4.9500890e+06   2.6611328e+01
   4.9501200e+06   3.0883789e+01
   4.9501470e+06   2.4963379e+01
   4.9507170e+06   2.6184082e+01
   4.9561040e+06   2.7038574e+01
   4.9940860e+06   2.5451660e+01
   4.9941260e+06   2.5451660e+01
   4.9941770e+06   2.5268555e+01
   4.9942780e+06   2.6000977e+01
   4.9947750e+06   2.7709961e+01
   5.0108950e+06   2.6489258e+01
   5.0109570e+06   2.9052734e+01
   5.0109790e+06   3.5949707e+01
   5.0109960e+06   2.7038574e+01
   5.0114250e+06   2.4291992e+01
   5.0187390e+06   2.8869629e+01
   5.0190240e+06   2.5146484e+01
   5.0333770e+06   2.4841309e+01
   5.0387380e+06   2.6489258e+01
   5.0545000e+06   2.5878906e+01
   5.0719350e+06   2.5939941e+01
   5.0767260e+06   2.5390625e+01
   5.0776840e+06   2.4291992e+01
   5.0810850e+06   2.7282715e+01
   5.0865750e+06   2.8015137e+01
   5.0916180e+06   2.4353027e+01
   5.1016320e+06   2.4963379e+01
   5.2568660e+06   2.4291992e+01
   5.2890590e+06   2.4414063e+01
   6.1857090e+06   2.4353027e+01
   6.1863940e+06   2.5268555e+01
   6.2904440e+06   2.8259277e+01
   6.2904790e+06   2.4658203e+01
   6.2906450e+06   2.6245117e+01
   6.2907530e+06   2.7282715e+01
   6.3703270e+06   2.5756836e+01
   6.3704130e+06   3.0151367e+01
   6.3707200e+06   2.5451660e+01
   6.3715210e+06   2.6306152e+01
   6.4409790e+06   2.5207520e+01
   6.4410150e+06   2.5390625e+01
   6.4417110e+06   2.4719238e+01
   6.5304050e+06   2.4963379e+01
   6.5304700e+06   2.5756836e+01
   6.5304940e+06   2.4291992e+01
   6.5305290e+06   2.6062012e+01
   6.5305690e+06   2.6306152e+01
   6.5306490e+06   2.5817871e+01
   6.5307130e+06   2.7099609e+01
   6.5307570e+06   2.5390625e+01
   6.5793750e+06   2.7343750e+01
   6.6390210e+06   3.5583496e+01
   6.6395870e+06   2.4353027e+01
   6.6751590e+06   2.5695801e+01
   6.6752240e+06   2.4902344e+01
   6.6935610e+06   2.5207520e+01
   6.6936830e+06   2.4597168e+01
   6.6938310e+06   2.4475098e+01
   6.6966190e+06   2.4536133e+01
   6.7029730e+06   2.5085449e+01
   6.7030730e+06   2.5085449e+01
   6.7069020e+06   2.5085449e+01
   6.7309560e+06   2.4963379e+01
   6.7345870e+06   2.5085449e+01
   6.7395100e+06   2.9418945e+01
   6.7440340e+06   2.8198242e+01
   6.7844670e+06   2.4597168e+01
   7.8172700e+06   2.8625488e+01
   7.8174580e+06   2.6000977e+01
   7.8176370e+06   2.5329590e+01
   7.8874830e+06   2.4353027e+01
   7.9196370e+06   2.4291992e+01
   7.9197180e+06   2.4841309e+01
   7.9858710e+06   2.6000977e+01
   7.9861240e+06   2.4230957e+01
   8.0164770e+06   2.4719238e+01
   8.0166170e+06   2.5939941e+01
   8.0413920e+06   2.9541016e+01
   8.0688050e+06   2.6550293e+01
   8.0688800e+06   2.5451660e+01
   8.0983280e+06   2.6062012e+01
   8.1260210e+06   2.5512695e+01
   8.2131080e+06   2.4230957e+01
