   8.9970000e+06   0.0000000e+00
   1.0721400e+05   2.8442383e+01
   1.0733900e+05   2.3803711e+01
   1.0963700e+05   2.1911621e+01
   1.1279000e+05   2.6977539e+01
   2.4802400e+05   2.7893066e+01
   2.4812800e+05   2.2705078e+01
   4.1878400e+05   3.0639648e+01
   4.1885800e+05   2.3925781e+01
   4.1905400e+05   2.1850586e+01
   5.1226000e+05   2.1911621e+01
   5.1228700e+05   2.1423340e+01
   5.1445900e+05   2.6550293e+01
   5.1791700e+05   2.1728516e+01
   5.3474800e+05   2.6123047e+01
   5.4465500e+05   3.1982422e+01
   5.4519300e+05   2.2094727e+01
   5.4576400e+05   2.6062012e+01
   5.4601500e+05   2.1484375e+01
   5.5372300e+05   3.4790039e+01
   5.5428900e+05   2.5451660e+01
   5.5513400e+05   3.0029297e+01
   5.6501900e+05   2.7526855e+01
   5.6634900e+05   2.6245117e+01
   5.6742200e+05   2.2521973e+01
   5.7224200e+05   2.6245117e+01
   5.7238800e+05   2.2216797e+01
   5.7406000e+05   2.1606445e+01
   5.7489100e+05   2.3864746e+01
   5.7897400e+05   2.1484375e+01
   5.7908300e+05   2.3681641e+01
   5.7977200e+05   2.3254395e+01
   5.8535900e+05   2.6916504e+01
   5.8630600e+05   2.2216797e+01
   5.8766500e+05   2.2827148e+01
   5.9156300e+05   2.2399902e+01
   5.9166800e+05   2.5146484e+01
   5.9235500e+05   2.9663086e+01
   5.9500900e+05   2.4963379e+01
   6.0101400e+05   2.7221680e+01
   6.0167200e+05   2.8320313e+01
   6.0251900e+05   2.4597168e+01
   6.0358300e+05   2.9235840e+01
   6.0505300e+05   2.7587891e+01
   6.1081200e+05   2.1362305e+01
   6.1249300e+05   2.8625488e+01
   6.1365800e+05   2.5878906e+01
   6.1813200e+05   2.2155762e+01
   6.1993700e+05   2.4475098e+01
   6.2141700e+05   2.4475098e+01
   6.2427400e+05   2.4658203e+01
   6.2523000e+05   2.5878906e+01
   6.2928100e+05   3.6804199e+01
   6.3005400e+05   2.3193359e+01
   6.3361600e+05   3.0700684e+01
   6.3541400e+05   2.5756836e+01
   6.3811400e+05   2.5024414e+01
   6.3920700e+05   2.3864746e+01
   6.4270400e+05   2.3986816e+01
   6.4594600e+05   2.5512695e+01
   6.5013200e+05   2.8930664e+01
   6.5562600e+05   3.2653809e+01
   6.5982500e+05   2.8442383e+01
   6.5995000e+05   2.4475098e+01
   6.6474200e+05   2.4353027e+01
   6.6545000e+05   2.6062012e+01
   6.6688900e+05   2.3986816e+01
   6.7099700e+05   2.3132324e+01
   6.7641000e+05   2.5329590e+01
   6.7654500e+05   2.2827148e+01
   6.8089000e+05   2.1362305e+01
   6.8101800e+05   2.1423340e+01
   6.8560000e+05   3.3935547e+01
   6.8678000e+05   3.3569336e+01
   6.9125700e+05   2.8259277e+01
   6.9142900e+05   2.3559570e+01
   6.9240700e+05   2.4902344e+01
   6.9715900e+05   2.4169922e+01
   6.9799600e+05   2.1789551e+01
   6.9961000e+05   2.1484375e+01
   7.0521600e+05   2.2888184e+01
   7.0628000e+05   2.2155762e+01
   7.0779400e+05   2.1972656e+01
   7.1382000e+05   3.3264160e+01
   7.1569800e+05   2.7038574e+01
   7.2069000e+05   2.7343750e+01
   7.2082900e+05   2.2094727e+01
   7.2164900e+05   2.2155762e+01
   7.2648100e+05   2.1789551e+01
   7.3157200e+05   2.9296875e+01
   7.3173600e+05   2.3620605e+01
   7.3245300e+05   2.2460938e+01
   7.3709500e+05   2.5573730e+01
   7.3722300e+05   2.2827148e+01
   7.4301800e+05   2.7343750e+01
   7.4952000e+05   2.6977539e+01
   7.5740300e+05   2.7343750e+01
   7.5764700e+05   2.2216797e+01
   7.6040500e+05   2.4841309e+01
   7.6774400e+05   2.1972656e+01
   7.6801700e+05   2.2949219e+01
   7.7523700e+05   2.8869629e+01
   7.7599600e+05   2.2033691e+01
   7.7813900e+05   2.2216797e+01
   7.9660200e+05   2.7465820e+01
   7.9675400e+05   2.1911621e+01
   8.0666800e+05   2.2033691e+01
   8.1665200e+05   2.2460938e+01
   8.1676600e+05   2.2277832e+01
   8.1883500e+05   2.2705078e+01
   8.2630600e+05   2.2705078e+01
   8.2712300e+05   2.8015137e+01
   8.5071700e+05   2.7648926e+01
   8.5086300e+05   2.3925781e+01
   8.5150700e+05   2.3620605e+01
   8.6397700e+05   2.5207520e+01
   8.7792300e+05   2.3803711e+01
   8.7862900e+05   2.4902344e+01
   8.9490600e+05   2.1789551e+01
   8.9509800e+05   2.6184082e+01
   1.3126940e+06   2.1789551e+01
   2.1838460e+06   2.8869629e+01
   2.1840180e+06   2.2399902e+01
   2.3819220e+06   2.8137207e+01
   2.3820960e+06   2.7282715e+01
   2.5338810e+06   2.7648926e+01
   2.5343510e+06   2.1911621e+01
   2.6834630e+06   2.5085449e+01
   2.6834960e+06   2.1972656e+01
   2.6835490e+06   2.3864746e+01
   2.6836130e+06   2.1789551e+01
   2.6860290e+06   2.3620605e+01
   2.7924000e+06   2.6672363e+01
   2.7940290e+06   2.2216797e+01
   2.7945410e+06   2.3254395e+01
   2.7997470e+06   2.5207520e+01
   2.8162690e+06   2.7587891e+01
   2.8305760e+06   3.2287598e+01
   2.8306730e+06   2.9724121e+01
   2.8392250e+06   2.4780273e+01
   2.8393490e+06   2.5085449e+01
   2.8398540e+06   2.3376465e+01
   2.8471160e+06   2.5207520e+01
   2.8487120e+06   2.2460938e+01
   2.8562550e+06   3.5156250e+01
   2.8568700e+06   2.3498535e+01
   2.8640980e+06   2.4597168e+01
   2.8642050e+06   2.5695801e+01
   2.8711650e+06   2.3498535e+01
   2.8761340e+06   2.4658203e+01
   2.8790740e+06   2.2094727e+01
   2.8823780e+06   2.4841309e+01
   2.8867840e+06   2.3864746e+01
   2.8875610e+06   2.4108887e+01
   2.8920280e+06   2.1789551e+01
   2.8928770e+06   2.3620605e+01
   2.8961850e+06   2.2888184e+01
   2.9010790e+06   2.6733398e+01
   2.9012190e+06   2.1423340e+01
   2.9056710e+06   2.2460938e+01
   2.9057920e+06   2.2949219e+01
   2.9064150e+06   2.4108887e+01
   2.9127320e+06   2.2033691e+01
   2.9127720e+06   2.7221680e+01
   2.9128840e+06   2.2521973e+01
   2.9134850e+06   2.5878906e+01
   2.9158390e+06   2.3742676e+01
   2.9192930e+06   2.6306152e+01
   2.9233490e+06   2.4169922e+01
   2.9278210e+06   2.2216797e+01
   2.9327610e+06   2.8076172e+01
   2.9374830e+06   2.5390625e+01
   2.9376340e+06   2.8137207e+01
   2.9382660e+06   2.8503418e+01
   2.9431030e+06   2.6916504e+01
   2.9469250e+06   2.2705078e+01
   2.9513570e+06   2.4353027e+01
   2.9558610e+06   2.3681641e+01
   2.9573120e+06   2.3193359e+01
   2.9614640e+06   2.4353027e+01
   2.9665550e+06   2.7648926e+01
   2.9667070e+06   2.1423340e+01
   2.9675660e+06   2.3620605e+01
   2.9709940e+06   2.4902344e+01
   2.9711660e+06   2.2583008e+01
   2.9753400e+06   2.1484375e+01
   2.9824130e+06   2.5451660e+01
   2.9834660e+06   2.8015137e+01
   2.9882050e+06   2.6733398e+01
   2.9892840e+06   2.6000977e+01
   2.9934530e+06   2.6794434e+01
   2.9945750e+06   2.1972656e+01
   2.9987480e+06   2.2277832e+01
   2.9999670e+06   2.5268555e+01
   3.0068810e+06   2.5451660e+01
   3.0077200e+06   2.3254395e+01
   3.0087420e+06   2.7343750e+01
   3.0129710e+06   2.6977539e+01
   3.0200250e+06   2.2033691e+01
   3.0264930e+06   2.1789551e+01
   3.0338510e+06   2.7038574e+01
   3.0348830e+06   2.5024414e+01
   3.0410520e+06   2.4230957e+01
   3.0418630e+06   2.1911621e+01
   3.0488120e+06   2.3986816e+01
   3.0490360e+06   2.1972656e+01
   3.0507160e+06   2.4047852e+01
   3.0562450e+06   3.3569336e+01
   3.0675930e+06   2.3803711e+01
   3.0683110e+06   2.6611328e+01
   3.0766540e+06   2.5207520e+01
   3.0768400e+06   2.5329590e+01
   3.0884160e+06   2.1362305e+01
   3.0886030e+06   2.2338867e+01
   3.0978050e+06   2.4108887e+01
   3.1082410e+06   2.6855469e+01
   3.1221070e+06   2.3681641e+01
   3.1361130e+06   2.8869629e+01
   3.1363020e+06   2.7832031e+01
   3.1538170e+06   2.5817871e+01
   3.1540580e+06   2.3315430e+01
   3.1703270e+06   2.8198242e+01
   3.7500400e+06   2.2033691e+01
   3.8610330e+06   2.3437500e+01
   4.0051580e+06   2.8503418e+01
   4.0052980e+06   2.2094727e+01
   4.2131800e+06   3.4301758e+01
   4.2133910e+06   2.6489258e+01
   4.2135020e+06   2.1728516e+01
   4.3145920e+06   2.5085449e+01
   4.3146390e+06   2.9296875e+01
   4.3150240e+06   2.8198242e+01
   4.3151270e+06   2.1423340e+01
   4.3154470e+06   2.1667480e+01
   4.4271650e+06   2.2521973e+01
   4.4272730e+06   2.1667480e+01
   4.4273730e+06   2.5695801e+01
   4.4274030e+06   2.2583008e+01
   4.5141310e+06   2.2827148e+01
   4.5142560e+06   2.4658203e+01
   4.6259880e+06   2.3315430e+01
   4.6262330e+06   2.4780273e+01
   4.6264010e+06   2.2216797e+01
   4.6282480e+06   2.1606445e+01
   4.7430750e+06   2.9541016e+01
   4.7431660e+06   2.3315430e+01
   4.7450920e+06   2.2338867e+01
   4.8468420e+06   2.5085449e+01
   4.8469240e+06   2.2399902e+01
   4.9501320e+06   2.7038574e+01
   4.9501450e+06   2.1606445e+01
   4.9941570e+06   3.1311035e+01
   5.0109310e+06   2.6489258e+01
   5.0135760e+06   2.1362305e+01
   5.0188010e+06   2.3376465e+01
   5.0190790e+06   2.1423340e+01
   5.0194980e+06   2.5207520e+01
   5.0227670e+06   2.2155762e+01
   5.0306090e+06   2.7282715e+01
   5.0308850e+06   2.2583008e+01
   5.0388030e+06   2.3803711e+01
   5.0389240e+06   2.1911621e+01
   5.0473880e+06   2.8442383e+01
   5.0475000e+06   2.6000977e+01
   5.0480590e+06   2.2277832e+01
   5.0487810e+06   2.3620605e+01
   5.0545910e+06   3.2714844e+01
   5.0551970e+06   2.1545410e+01
   5.0568290e+06   2.2644043e+01
   5.0621110e+06   2.3193359e+01
   5.0628250e+06   2.3132324e+01
   5.0677370e+06   2.7954102e+01
   5.0679040e+06   2.1423340e+01
   5.0685660e+06   2.3986816e+01
   5.0721740e+06   2.4108887e+01
   5.0723050e+06   2.2033691e+01
   5.0728580e+06   2.8442383e+01
   5.0767970e+06   2.3864746e+01
   5.0769490e+06   2.9113770e+01
   5.0780040e+06   2.3071289e+01
   5.0867770e+06   2.6611328e+01
   5.0875670e+06   2.4780273e+01
   5.0919420e+06   2.4230957e+01
   5.0927540e+06   2.4414063e+01
   5.0966130e+06   2.3376465e+01
   5.1017930e+06   2.3193359e+01
   5.1019350e+06   2.2766113e+01
   5.1079430e+06   2.3376465e+01
   5.1131470e+06   2.4047852e+01
   5.1141080e+06   2.1728516e+01
   5.1151930e+06   2.6000977e+01
   5.1162930e+06   2.4963379e+01
   5.1207320e+06   2.8137207e+01
   5.1208630e+06   2.1911621e+01
   5.1227030e+06   2.7160645e+01
   5.1265140e+06   3.3447266e+01
   5.1321900e+06   2.1423340e+01
   5.1323860e+06   2.3010254e+01
   5.1333090e+06   2.4963379e+01
   5.1370060e+06   3.0517578e+01
   5.1379540e+06   2.3010254e+01
   5.1438190e+06   2.3071289e+01
   5.1439490e+06   2.2338867e+01
   5.1446540e+06   2.5939941e+01
   5.1530510e+06   2.9418945e+01
   5.1531840e+06   2.2583008e+01
   5.1541030e+06   2.8259277e+01
   5.1570110e+06   2.3559570e+01
   5.1626400e+06   2.2338867e+01
   5.1635930e+06   2.8625488e+01
   5.1674970e+06   2.5268555e+01
   5.1676670e+06   2.4291992e+01
   5.1684480e+06   2.2216797e+01
   5.1697140e+06   2.5329590e+01
   5.1755890e+06   2.2827148e+01
   5.1814650e+06   2.6977539e+01
   5.1881600e+06   2.2766113e+01
   5.1890020e+06   2.3132324e+01
   5.1944700e+06   2.2094727e+01
   5.1989220e+06   2.3498535e+01
   5.1998120e+06   2.3986816e+01
   5.2046250e+06   2.5939941e+01
   5.2055130e+06   2.5939941e+01
   5.2070560e+06   2.6489258e+01
   5.2161610e+06   2.3925781e+01
   5.2169940e+06   2.4291992e+01
   5.2307490e+06   2.4475098e+01
   5.2370150e+06   2.7465820e+01
   5.2465790e+06   3.0334473e+01
   5.2563960e+06   2.3986816e+01
   5.2565830e+06   2.1484375e+01
   5.2737570e+06   2.6672363e+01
   5.2739460e+06   2.2277832e+01
   5.2891370e+06   2.2827148e+01
   5.2892210e+06   2.6733398e+01
   5.2894300e+06   2.3193359e+01
   5.3067120e+06   3.0639648e+01
   5.3274200e+06   2.2216797e+01
   6.1863100e+06   2.9907227e+01
   6.2908720e+06   3.3081055e+01
   6.2923710e+06   2.5817871e+01
   6.2924820e+06   2.2033691e+01
   6.2925430e+06   2.2888184e+01
   6.2926650e+06   2.1972656e+01
   6.3707040e+06   2.8320313e+01
   6.3709550e+06   2.3925781e+01
   6.3710500e+06   2.3498535e+01
   6.3711520e+06   2.4475098e+01
   6.4414960e+06   2.3620605e+01
   6.4416460e+06   2.2766113e+01
   6.5306930e+06   2.9113770e+01
   6.5307580e+06   2.2399902e+01
   6.5309130e+06   2.4658203e+01
   6.5315750e+06   2.1423340e+01
   6.5797510e+06   2.2705078e+01
   6.5799080e+06   2.6611328e+01
   6.5800450e+06   2.4414063e+01
   6.5819460e+06   2.1911621e+01
   6.6393420e+06   2.3620605e+01
   6.6394550e+06   2.7343750e+01
   6.6396580e+06   2.1423340e+01
   6.6752560e+06   2.4108887e+01
   6.6753730e+06   2.6062012e+01
   6.6755600e+06   2.2399902e+01
   6.6939040e+06   2.1484375e+01
   6.6941400e+06   2.1667480e+01
   6.6967290e+06   2.1789551e+01
   6.7029980e+06   3.0700684e+01
   6.7036160e+06   2.4169922e+01
   6.7159400e+06   2.2827148e+01
   6.7163720e+06   2.1423340e+01
   6.7187630e+06   2.2338867e+01
   6.7234520e+06   2.8747559e+01
   6.7310550e+06   3.0761719e+01
   6.7318310e+06   2.2705078e+01
   6.7327490e+06   2.2949219e+01
   6.7394830e+06   2.6977539e+01
   6.7402640e+06   2.5939941e+01
   6.7412290e+06   2.1972656e+01
   6.7487690e+06   3.3691406e+01
   6.7489130e+06   2.2705078e+01
   6.7569490e+06   3.0029297e+01
   6.7570480e+06   2.3254395e+01
   6.7575270e+06   2.4230957e+01
   6.7592870e+06   2.2338867e+01
   6.7660400e+06   2.5878906e+01
   6.7686200e+06   2.1423340e+01
   6.7721890e+06   2.3559570e+01
   6.7746200e+06   2.3681641e+01
   6.7787210e+06   2.2949219e+01
   6.7788730e+06   2.6245117e+01
   6.7795540e+06   2.1484375e+01
   6.7805850e+06   2.5390625e+01
   6.7845120e+06   2.3803711e+01
   6.7853270e+06   2.3925781e+01
   6.7926090e+06   3.0334473e+01
   6.7927560e+06   2.5207520e+01
   6.7937200e+06   2.3803711e+01
   6.7975250e+06   2.2766113e+01
   6.7976910e+06   2.3071289e+01
   6.7984340e+06   2.3376465e+01
   6.7996790e+06   2.7221680e+01
   6.8056850e+06   2.8808594e+01
   6.8065810e+06   2.5207520e+01
   6.8135100e+06   2.2521973e+01
   6.8136560e+06   2.2277832e+01
   6.8145510e+06   2.5085449e+01
   6.8190130e+06   2.3742676e+01
   6.8209700e+06   2.1850586e+01
   6.8253710e+06   2.6062012e+01
   6.8263710e+06   2.2033691e+01
   6.8277060e+06   2.5878906e+01
   6.8305660e+06   2.3010254e+01
   6.8370670e+06   2.3376465e+01
   6.8379460e+06   2.2949219e+01
   6.8449510e+06   2.7465820e+01
   6.8450720e+06   2.2216797e+01
   6.8458550e+06   2.6550293e+01
   6.8472040e+06   2.3559570e+01
   6.8548750e+06   2.4108887e+01
   6.8557390e+06   2.3193359e+01
   6.8568180e+06   2.3681641e+01
   6.8622120e+06   2.3986816e+01
   6.8630800e+06   2.4719238e+01
   6.8699590e+06   2.3193359e+01
   6.8771990e+06   2.4047852e+01
   6.8773470e+06   2.5268555e+01
   6.8834990e+06   2.5634766e+01
   6.8907620e+06   2.4475098e+01
   6.9074110e+06   2.3803711e+01
   6.9150570e+06   2.6306152e+01
   6.9233470e+06   2.2766113e+01
   6.9235540e+06   2.5268555e+01
   6.9321960e+06   2.4841309e+01
   6.9437180e+06   2.2705078e+01
   6.9568260e+06   2.2155762e+01
   6.9569640e+06   2.6611328e+01
   6.9707130e+06   2.7954102e+01
   6.9711220e+06   2.2888184e+01
   7.9202710e+06   2.5024414e+01
   7.9536650e+06   2.2949219e+01
   7.9539820e+06   2.4291992e+01
   8.0167820e+06   2.1789551e+01
   8.0170090e+06   2.8015137e+01
   8.0171740e+06   2.4841309e+01
   8.0173300e+06   2.5329590e+01
   8.0175370e+06   2.1911621e+01
   8.0180970e+06   2.2521973e+01
   8.0418250e+06   2.2216797e+01
   8.0421530e+06   2.3071289e+01
   8.0693440e+06   2.4597168e+01
   8.0694600e+06   2.8869629e+01
   8.0695780e+06   2.1545410e+01
   8.0700520e+06   2.2827148e+01
   8.0703110e+06   2.2766113e+01
   8.0988750e+06   2.8808594e+01
   8.0989770e+06   2.5268555e+01
   8.1235140e+06   2.7221680e+01
   8.1236690e+06   2.1484375e+01
   8.1243030e+06   2.5329590e+01
   8.1249760e+06   2.5573730e+01
   8.1464140e+06   2.2216797e+01
   8.1474370e+06   2.3132324e+01
   8.1659090e+06   2.6000977e+01
   8.1660340e+06   2.5207520e+01
   8.1785110e+06   2.8442383e+01
   8.1786600e+06   2.3620605e+01
   8.1879380e+06   2.1728516e+01
   8.1880390e+06   2.2521973e+01
   8.1995650e+06   2.5451660e+01
   8.1996910e+06   2.3681641e+01
   8.2002980e+06   2.1789551e+01
   8.2055950e+06   2.8442383e+01
   8.2130460e+06   2.6977539e+01
   8.2151170e+06   2.3498535e+01
   8.2257410e+06   2.5451660e+01
   8.2281110e+06   2.8259277e+01
   8.2295800e+06   2.6489258e+01
   8.2374550e+06   2.7282715e+01
   8.2399200e+06   2.8320313e+01
   8.2415910e+06   2.2521973e+01
   8.2488340e+06   3.0212402e+01
   8.2554470e+06   2.7526855e+01
   8.2555800e+06   2.5390625e+01
   8.2570370e+06   2.4597168e+01
   8.2635850e+06   2.6977539e+01
   8.2659860e+06   2.5207520e+01
   8.2724020e+06   2.8137207e+01
   8.2811160e+06   2.6611328e+01
   8.2829500e+06   2.5024414e+01
   8.2845270e+06   2.2949219e+01
   8.2920820e+06   2.1545410e+01
   8.3000620e+06   2.6794434e+01
   8.3087910e+06   2.3315430e+01
   8.3176820e+06   2.4658203e+01
   8.3285540e+06   2.8869629e+01
   8.3394270e+06   2.2827148e+01
   8.3527260e+06   2.4353027e+01
   8.3659800e+06   2.6550293e+01
   8.3661400e+06   2.1728516e+01
   8.3682120e+06   2.7954102e+01
   8.3826100e+06   2.8564453e+01
   8.4073030e+06   2.6306152e+01
