   8.9970000e+06   0.0000000e+00
   1.0697100e+05   2.6062012e+01
   1.0705300e+05   2.7038574e+01
   1.0706500e+05   4.7790527e+01
   1.0709800e+05   4.4555664e+01
   1.0711600e+05   5.1025391e+01
   1.0712600e+05   3.1494141e+01
   1.0713800e+05   2.8381348e+01
   1.0717400e+05   3.7048340e+01
   1.0721300e+05   3.7292480e+01
   1.0726500e+05   2.9907227e+01
   1.0727800e+05   2.7282715e+01
   1.0739900e+05   2.6916504e+01
   1.0741100e+05   2.8869629e+01
   1.0742500e+05   2.5512695e+01
   1.0751000e+05   3.0395508e+01
   1.0756600e+05   2.6062012e+01
   1.0808300e+05   2.6611328e+01
   1.0822100e+05   2.6245117e+01
   1.0825100e+05   2.9541016e+01
   1.0884200e+05   2.6306152e+01
   1.0915200e+05   2.6550293e+01
   1.0936400e+05   2.9602051e+01
   1.0943400e+05   3.1982422e+01
   1.1017000e+05   2.5756836e+01
   1.1233700e+05   2.5878906e+01
   1.1238700e+05   3.2470703e+01
   1.1241700e+05   2.5878906e+01
   1.1243700e+05   3.5766602e+01
   1.1245400e+05   4.9133301e+01
   1.1250200e+05   2.6733398e+01
   2.4780300e+05   3.1066895e+01
   2.4783300e+05   2.6245117e+01
   2.4786500e+05   2.7954102e+01
   2.4788000e+05   2.9479980e+01
   2.4790800e+05   3.8452148e+01
   2.4792700e+05   2.7587891e+01
   2.4794200e+05   2.9541016e+01
   2.4795400e+05   2.8625488e+01
   2.4799300e+05   3.6987305e+01
   2.4802600e+05   4.1137695e+01
   2.4807700e+05   2.9663086e+01
   2.4812900e+05   2.6000977e+01
   2.4817400e+05   2.7832031e+01
   2.4844400e+05   2.7099609e+01
   2.4853100e+05   3.1188965e+01
   2.4867800e+05   2.8381348e+01
   2.4885600e+05   2.6245117e+01
   2.5010500e+05   3.1738281e+01
   2.5029500e+05   2.6245117e+01
   2.5091900e+05   3.0700684e+01
   2.5101200e+05   3.0151367e+01
   2.5190700e+05   3.4973145e+01
   2.5194200e+05   4.3762207e+01
   2.5298000e+05   2.8320313e+01
   2.5303600e+05   3.2775879e+01
   2.5306900e+05   2.5390625e+01
   2.5394400e+05   2.7160645e+01
   2.5396800e+05   2.6733398e+01
   2.5399000e+05   4.3579102e+01
   2.5480200e+05   2.5939941e+01
   2.5486700e+05   2.5939941e+01
   4.1861900e+05   3.4057617e+01
   4.1863900e+05   3.2653809e+01
   4.1865700e+05   6.5551758e+01
   4.1868600e+05   4.1748047e+01
   4.1869700e+05   3.5278320e+01
   4.1873300e+05   3.0822754e+01
   4.1877900e+05   2.9602051e+01
   4.1882300e+05   2.7648926e+01
   4.1891300e+05   2.7221680e+01
   4.1893100e+05   3.0090332e+01
   4.1896200e+05   2.5390625e+01
   4.1904100e+05   3.0273438e+01
   4.1919400e+05   3.2226563e+01
   4.1925700e+05   2.5512695e+01
   4.1942600e+05   2.6367188e+01
   4.1974000e+05   2.6367188e+01
   4.2015400e+05   2.6306152e+01
   4.2074400e+05   2.5573730e+01
   4.2083000e+05   2.7526855e+01
   4.2096700e+05   2.7099609e+01
   4.2171300e+05   4.0283203e+01
   4.2237600e+05   2.7038574e+01
   4.2240800e+05   4.2541504e+01
   4.2243300e+05   2.7587891e+01
   4.2343900e+05   2.7648926e+01
   4.2346500e+05   3.1494141e+01
   4.2348300e+05   2.8564453e+01
   4.2349600e+05   3.0944824e+01
   4.2436500e+05   2.6184082e+01
   4.2439900e+05   2.6672363e+01
   4.2530700e+05   2.5756836e+01
   4.2532300e+05   2.6123047e+01
   4.2536600e+05   2.9052734e+01
   4.2542000e+05   2.6428223e+01
   5.1215800e+05   2.7587891e+01
   5.1219700e+05   3.1799316e+01
   5.1221800e+05   3.5827637e+01
   5.1223900e+05   5.1940918e+01
   5.1227800e+05   3.5156250e+01
   5.1228800e+05   4.1687012e+01
   5.1232300e+05   2.9357910e+01
   5.1234200e+05   2.5756836e+01
   5.1236600e+05   2.8442383e+01
   5.1239200e+05   2.5878906e+01
   5.1244700e+05   2.5878906e+01
   5.1260700e+05   2.7709961e+01
   5.1268200e+05   2.7832031e+01
   5.1326800e+05   2.5939941e+01
   5.1328300e+05   2.6062012e+01
   5.1422800e+05   3.0639648e+01
   5.1488000e+05   3.0639648e+01
   5.1498200e+05   2.6550293e+01
   5.1578300e+05   2.5634766e+01
   5.1580200e+05   3.9306641e+01
   5.1581800e+05   3.7597656e+01
   5.1585300e+05   3.0639648e+01
   5.1586900e+05   2.8930664e+01
   5.1659000e+05   2.7221680e+01
   5.1662500e+05   3.5766602e+01
   5.1665500e+05   3.1005859e+01
   5.1669200e+05   2.5756836e+01
   5.1674000e+05   2.5878906e+01
   5.1755300e+05   3.7902832e+01
   5.1865300e+05   2.9785156e+01
   5.1867500e+05   5.6884766e+01
   5.1868800e+05   2.6916504e+01
   5.1870900e+05   4.0954590e+01
   5.1875900e+05   2.6123047e+01
   5.1947500e+05   3.0883789e+01
   5.3469800e+05   3.1738281e+01
   5.3472400e+05   2.9907227e+01
   5.3473800e+05   3.7841797e+01
   5.3476100e+05   3.2470703e+01
   5.3477300e+05   3.5949707e+01
   5.3478800e+05   3.0151367e+01
   5.3481100e+05   4.4494629e+01
   5.3483200e+05   3.9306641e+01
   5.3485000e+05   2.7709961e+01
   5.3489600e+05   2.5939941e+01
   5.3493300e+05   2.6855469e+01
   5.3515800e+05   2.6000977e+01
   5.3527400e+05   2.8747559e+01
   5.3532300e+05   2.8930664e+01
   5.3537800e+05   2.6428223e+01
   5.3552600e+05   3.2104492e+01
   5.3575400e+05   2.8686523e+01
   5.3582200e+05   2.5756836e+01
   5.3595500e+05   2.5634766e+01
   5.3632700e+05   4.0954590e+01
   5.3635000e+05   2.6733398e+01
   5.3709900e+05   3.9428711e+01
   5.3711600e+05   3.2531738e+01
   5.3714500e+05   5.8532715e+01
   5.3720000e+05   2.6916504e+01
   5.3804700e+05   4.2785645e+01
   5.3806300e+05   4.3884277e+01
   5.3810600e+05   4.6752930e+01
   5.4454400e+05   2.8320313e+01
   5.4458900e+05   2.6672363e+01
   5.4462000e+05   5.9936523e+01
   5.4463100e+05   3.2592773e+01
   5.4467200e+05   2.5390625e+01
   5.4470500e+05   3.3447266e+01
   5.4473200e+05   2.6550293e+01
   5.4506000e+05   2.6000977e+01
   5.4513600e+05   3.8208008e+01
   5.4516700e+05   2.5939941e+01
   5.4522600e+05   2.8259277e+01
   5.4529600e+05   3.1066895e+01
   5.4573500e+05   2.9541016e+01
   5.4574800e+05   2.9235840e+01
   5.4576500e+05   2.6550293e+01
   5.4580100e+05   3.9123535e+01
   5.4585900e+05   2.5573730e+01
   5.4640700e+05   3.2348633e+01
   5.4643600e+05   3.6193848e+01
   5.4645600e+05   3.0456543e+01
   5.4657400e+05   2.5390625e+01
   5.4741600e+05   2.8076172e+01
   5.4743200e+05   3.7109375e+01
   5.4744200e+05   2.7038574e+01
   5.4746400e+05   3.3325195e+01
   5.4747800e+05   2.9418945e+01
   5.4752300e+05   3.1738281e+01
   5.4861600e+05   2.6977539e+01
   5.4863800e+05   2.5939941e+01
   5.5367400e+05   3.4606934e+01
   5.5370000e+05   3.7109375e+01
   5.5373300e+05   2.6245117e+01
   5.5374500e+05   4.1381836e+01
   5.5382400e+05   3.2775879e+01
   5.5426700e+05   3.0517578e+01
   5.5430000e+05   2.5390625e+01
   5.5434400e+05   3.0334473e+01
   5.5495800e+05   2.6611328e+01
   5.5498400e+05   6.0180664e+01
   5.5501100e+05   4.2724609e+01
   5.5504600e+05   3.5278320e+01
   5.5601900e+05   3.7170410e+01
   5.5603200e+05   3.0578613e+01
   5.5606600e+05   3.4545898e+01
   5.5608500e+05   3.2226563e+01
   5.5613000e+05   2.6550293e+01
   5.5618000e+05   2.5512695e+01
   5.5733300e+05   2.8442383e+01
   5.5741800e+05   3.5400391e+01
   5.5747000e+05   3.1433105e+01
   5.5754000e+05   2.5451660e+01
   5.6496100e+05   4.2785645e+01
   5.6497900e+05   3.4545898e+01
   5.6502600e+05   2.5634766e+01
   5.6504200e+05   2.6855469e+01
   5.6505400e+05   3.0822754e+01
   5.6508200e+05   3.0700684e+01
   5.6511900e+05   2.5573730e+01
   5.6513500e+05   2.8808594e+01
   5.6550700e+05   2.6794434e+01
   5.6562900e+05   2.8259277e+01
   5.6619500e+05   2.8747559e+01
   5.6621000e+05   2.7282715e+01
   5.6622800e+05   4.2236328e+01
   5.6625500e+05   2.9541016e+01
   5.6628600e+05   2.6000977e+01
   5.6629600e+05   2.8503418e+01
   5.6636000e+05   2.7832031e+01
   5.6710000e+05   3.7353516e+01
   5.6711900e+05   2.6733398e+01
   5.6714300e+05   3.1921387e+01
   5.6720100e+05   2.6184082e+01
   5.6828400e+05   5.5175781e+01
   5.6829400e+05   4.3029785e+01
   5.6830600e+05   3.2409668e+01
   5.7214900e+05   3.5278320e+01
   5.7217400e+05   2.5756836e+01
   5.7220600e+05   3.4301758e+01
   5.7223000e+05   3.1921387e+01
   5.7224600e+05   2.6550293e+01
   5.7284700e+05   2.7587891e+01
   5.7288100e+05   3.5583496e+01
   5.7292500e+05   2.8686523e+01
   5.7295500e+05   2.7343750e+01
   5.7370500e+05   2.6611328e+01
   5.7373500e+05   2.6428223e+01
   5.7375700e+05   3.0273438e+01
   5.7378000e+05   2.5634766e+01
   5.7465700e+05   2.9174805e+01
   5.7468500e+05   4.9743652e+01
   5.7891400e+05   3.0944824e+01
   5.7895500e+05   2.7526855e+01
   5.7896800e+05   7.7453613e+01
   5.7900400e+05   2.5573730e+01
   5.7913400e+05   2.5939941e+01
   5.7955100e+05   2.8991699e+01
   5.7959300e+05   2.6062012e+01
   5.7962100e+05   3.1799316e+01
   5.7964100e+05   2.8076172e+01
   5.7971700e+05   3.7536621e+01
   5.8041900e+05   2.9724121e+01
   5.8045100e+05   3.4729004e+01
   5.8046200e+05   4.1564941e+01
   5.8169500e+05   2.8747559e+01
   5.8170500e+05   4.9926758e+01
   5.8175800e+05   2.9663086e+01
   5.8525400e+05   3.3081055e+01
   5.8527100e+05   3.5278320e+01
   5.8528200e+05   4.2175293e+01
   5.8529900e+05   3.0883789e+01
   5.8534300e+05   2.5451660e+01
   5.8538300e+05   2.5878906e+01
   5.8545100e+05   2.8869629e+01
   5.8612400e+05   2.8442383e+01
   5.8615500e+05   4.0649414e+01
   5.8619300e+05   3.1188965e+01
   5.8621400e+05   2.6062012e+01
   5.8629700e+05   2.5695801e+01
   5.8732300e+05   4.7424316e+01
   5.8735100e+05   3.2897949e+01
   5.8737200e+05   2.7465820e+01
   5.9149900e+05   3.2348633e+01
   5.9153200e+05   5.6396484e+01
   5.9155400e+05   2.7465820e+01
   5.9158500e+05   3.2897949e+01
   5.9160700e+05   2.5878906e+01
   5.9162200e+05   2.5756836e+01
   5.9165400e+05   2.8198242e+01
   5.9172000e+05   2.5573730e+01
   5.9215700e+05   2.9846191e+01
   5.9222100e+05   3.5461426e+01
   5.9226600e+05   2.7343750e+01
   5.9307100e+05   3.9916992e+01
   5.9309400e+05   3.0883789e+01
   5.9311100e+05   3.1127930e+01
   5.9314000e+05   3.2043457e+01
   5.9470700e+05   2.8015137e+01
   5.9473100e+05   3.5217285e+01
   5.9477800e+05   2.9724121e+01
   6.0093300e+05   3.7597656e+01
   6.0096200e+05   3.6132813e+01
   6.0097700e+05   5.5358887e+01
   6.0100200e+05   3.3142090e+01
   6.0155600e+05   2.8625488e+01
   6.0157800e+05   3.5522461e+01
   6.0162700e+05   3.1188965e+01
   6.0235300e+05   2.8808594e+01
   6.0239500e+05   2.6916504e+01
   6.0241900e+05   2.7709961e+01
   6.0246100e+05   2.6916504e+01
   6.0340500e+05   3.0212402e+01
   6.0343900e+05   3.0212402e+01
   6.0479800e+05   2.6367188e+01
   6.0482600e+05   4.0283203e+01
   6.0484200e+05   2.9479980e+01
   6.0486600e+05   3.1616211e+01
   6.1054900e+05   3.3569336e+01
   6.1056900e+05   3.0334473e+01
   6.1059900e+05   3.4179688e+01
   6.1061100e+05   6.2866211e+01
   6.1066200e+05   3.5217285e+01
   6.1118300e+05   2.6977539e+01
   6.1237700e+05   3.6499023e+01
   6.1239600e+05   3.9489746e+01
   6.1241200e+05   3.2043457e+01
   6.1245500e+05   2.5695801e+01
   6.1351400e+05   3.2226563e+01
   6.1354300e+05   4.2358398e+01
   6.1357500e+05   2.7526855e+01
   6.1359100e+05   2.5573730e+01
   6.1806800e+05   2.6367188e+01
   6.1810100e+05   2.8747559e+01
   6.1812500e+05   3.9550781e+01
   6.1814500e+05   2.7160645e+01
   6.1823800e+05   2.8076172e+01
   6.1825800e+05   2.8686523e+01
   6.1874700e+05   2.6367188e+01
   6.1880500e+05   3.2714844e+01
   6.1882300e+05   2.9235840e+01
   6.1893400e+05   2.8259277e+01
   6.1975000e+05   3.1494141e+01
   6.1977100e+05   3.0212402e+01
   6.1979000e+05   4.1076660e+01
   6.2115700e+05   2.7954102e+01
   6.2118000e+05   3.8391113e+01
   6.2120200e+05   3.5095215e+01
   6.2127500e+05   2.5451660e+01
   6.2404700e+05   3.0273438e+01
   6.2406900e+05   4.4860840e+01
   6.2415300e+05   2.7526855e+01
   6.2490000e+05   3.8085938e+01
   6.2491200e+05   4.2724609e+01
   6.2498500e+05   2.6123047e+01
   6.2902900e+05   2.8991699e+01
   6.2906300e+05   2.7160645e+01
   6.2908500e+05   2.7770996e+01
   6.2909600e+05   3.5156250e+01
   6.2915100e+05   3.5461426e+01
   6.2917200e+05   2.5573730e+01
   6.2918600e+05   3.9367676e+01
   6.2977000e+05   3.2775879e+01
   6.2981000e+05   4.5532227e+01
   6.3066400e+05   2.5512695e+01
   6.3077100e+05   2.8198242e+01
   6.3341700e+05   3.0212402e+01
   6.3343600e+05   2.9724121e+01
   6.3345200e+05   3.8574219e+01
   6.3347800e+05   3.3691406e+01
   6.3349900e+05   2.7465820e+01
   6.3506500e+05   2.8381348e+01
   6.3510500e+05   3.3569336e+01
   6.3517200e+05   2.9968262e+01
   6.3781700e+05   2.6611328e+01
   6.3787100e+05   3.5583496e+01
   6.3789300e+05   2.6428223e+01
   6.3790400e+05   2.8015137e+01
   6.3793700e+05   3.6010742e+01
   6.3875700e+05   2.8564453e+01
   6.3891400e+05   2.6855469e+01
   6.3896100e+05   3.4179688e+01
   6.4261900e+05   3.7353516e+01
   6.4263500e+05   3.4057617e+01
   6.4268000e+05   3.1860352e+01
   6.4342200e+05   3.1066895e+01
   6.4350900e+05   2.9907227e+01
   6.4571900e+05   2.8137207e+01
   6.4574800e+05   3.4179688e+01
   6.4581000e+05   3.7048340e+01
   6.4589800e+05   2.5512695e+01
   6.4994300e+05   2.9479980e+01
   6.4996500e+05   3.8513184e+01
   6.5002700e+05   2.6245117e+01
   6.5004100e+05   2.8015137e+01
   6.5063300e+05   2.9663086e+01
   6.5064400e+05   2.8381348e+01
   6.5149200e+05   2.5695801e+01
   6.5234000e+05   2.6489258e+01
   6.5240600e+05   3.0090332e+01
   6.5244300e+05   2.5756836e+01
   6.5247600e+05   3.0639648e+01
   6.5531700e+05   2.7954102e+01
   6.5538300e+05   4.3640137e+01
   6.5540700e+05   2.7770996e+01
   6.5948800e+05   3.0944824e+01
   6.5951900e+05   2.5817871e+01
   6.5954400e+05   2.7160645e+01
   6.5955500e+05   3.1982422e+01
   6.5960000e+05   3.1127930e+01
   6.5965900e+05   2.6000977e+01
   6.5967300e+05   2.8747559e+01
   6.6033200e+05   3.9184570e+01
   6.6034900e+05   3.1005859e+01
   6.6440800e+05   2.9541016e+01
   6.6447700e+05   3.3020020e+01
   6.6452400e+05   2.5939941e+01
   6.6455800e+05   3.1372070e+01
   6.6521200e+05   3.4240723e+01
   6.6524800e+05   3.2714844e+01
   6.6527100e+05   3.1799316e+01
   6.6528400e+05   3.0944824e+01
   6.6662900e+05   2.8137207e+01
   6.6667400e+05   5.8654785e+01
   6.6672500e+05   3.0029297e+01
   6.6679700e+05   2.6306152e+01
   6.7066800e+05   3.2165527e+01
   6.7069900e+05   3.1372070e+01
   6.7071200e+05   3.8696289e+01
   6.7073300e+05   3.1005859e+01
   6.7074700e+05   3.0151367e+01
   6.7078700e+05   3.7170410e+01
   6.7082700e+05   2.6306152e+01
   6.7139000e+05   2.8686523e+01
   6.7618300e+05   2.8198242e+01
   6.7620200e+05   2.8503418e+01
   6.7621800e+05   2.6062012e+01
   6.7629300e+05   2.7832031e+01
   6.7634000e+05   2.9602051e+01
   6.7697800e+05   2.6855469e+01
   6.7701500e+05   2.8991699e+01
   6.8058900e+05   2.6855469e+01
   6.8060900e+05   2.8808594e+01
   6.8069100e+05   3.1005859e+01
   6.8074900e+05   2.6123047e+01
   6.8136100e+05   2.7343750e+01
   6.8138700e+05   3.2897949e+01
   6.8146000e+05   2.6123047e+01
   6.8540800e+05   2.9541016e+01
   6.8543500e+05   3.0578613e+01
   6.8546600e+05   2.6489258e+01
   6.8548000e+05   3.8635254e+01
   6.8549200e+05   2.7954102e+01
   6.8553800e+05   4.1381836e+01
   6.8640900e+05   3.4667969e+01
   6.8652600e+05   2.7709961e+01
   6.8654400e+05   2.6672363e+01
   6.8658000e+05   2.7221680e+01
   6.9117500e+05   4.1687012e+01
   6.9120100e+05   3.0944824e+01
   6.9123000e+05   3.5339355e+01
   6.9124000e+05   2.8320313e+01
   6.9125100e+05   2.7465820e+01
   6.9134200e+05   2.9602051e+01
   6.9208200e+05   2.9907227e+01
   6.9216800e+05   3.1433105e+01
   6.9222400e+05   3.0151367e+01
   6.9227400e+05   2.8747559e+01
   6.9703500e+05   2.6184082e+01
   6.9707100e+05   2.7526855e+01
   6.9709100e+05   3.0944824e+01
   6.9714100e+05   3.0761719e+01
   6.9716300e+05   2.6245117e+01
   6.9780900e+05   2.6855469e+01
   6.9784000e+05   3.1005859e+01
   6.9787800e+05   4.6752930e+01
   6.9793000e+05   2.5512695e+01
   6.9931200e+05   2.8686523e+01
   6.9940700e+05   2.5817871e+01
   6.9945100e+05   2.5695801e+01
   7.0030000e+05   2.7160645e+01
   7.0036000e+05   3.9550781e+01
   7.0492500e+05   2.7893066e+01
   7.0494200e+05   3.6254883e+01
   7.0497200e+05   2.5634766e+01
   7.0499600e+05   2.7587891e+01
   7.0504600e+05   3.1738281e+01
   7.0512400e+05   2.6184082e+01
   7.0582200e+05   4.0283203e+01
   7.0590100e+05   2.9357910e+01
   7.0594200e+05   2.7893066e+01
   7.0595400e+05   2.5451660e+01
   7.0601000e+05   3.1005859e+01
   7.0609300e+05   2.6428223e+01
   7.0753200e+05   3.0883789e+01
   7.0754900e+05   3.0151367e+01
   7.1342800e+05   2.7770996e+01
   7.1347900e+05   3.0578613e+01
   7.1349400e+05   3.1982422e+01
   7.1351200e+05   3.4667969e+01
   7.1355300e+05   3.5156250e+01
   7.1357400e+05   2.5939941e+01
   7.1381100e+05   2.5451660e+01
   7.1533300e+05   3.3752441e+01
   7.1534400e+05   2.9479980e+01
   7.1536600e+05   2.7160645e+01
   7.1547400e+05   2.9479980e+01
   7.2040300e+05   2.6062012e+01
   7.2044100e+05   2.8442383e+01
   7.2046400e+05   2.9724121e+01
   7.2049200e+05   3.2409668e+01
   7.2053600e+05   3.0578613e+01
   7.2128500e+05   2.8198242e+01
   7.2133800e+05   2.6245117e+01
   7.2138100e+05   2.9113770e+01
   7.2616000e+05   3.0456543e+01
   7.2617400e+05   6.1401367e+01
   7.2624800e+05   2.5451660e+01
   7.2630900e+05   2.5939941e+01
   7.2696400e+05   2.6306152e+01
   7.3135000e+05   2.6306152e+01
   7.3141500e+05   3.0883789e+01
   7.3143400e+05   2.9479980e+01
   7.3147500e+05   2.9296875e+01
   7.3214400e+05   3.9428711e+01
   7.3217400e+05   2.5756836e+01
   7.3223600e+05   3.2165527e+01
   7.3230000e+05   2.6489258e+01
   7.3674200e+05   2.5573730e+01
   7.3677200e+05   3.2836914e+01
   7.3684600e+05   2.8991699e+01
   7.3754400e+05   3.6682129e+01
   7.3788000e+05   3.1555176e+01
   7.4270900e+05   2.6489258e+01
   7.4271900e+05   4.3701172e+01
   7.4274700e+05   3.0090332e+01
   7.4294700e+05   2.6306152e+01
   7.4354500e+05   2.8564453e+01
   7.4362700e+05   3.0395508e+01
   7.4371500e+05   2.8259277e+01
   7.4906900e+05   2.7465820e+01
   7.4909300e+05   4.1992188e+01
   7.4915400e+05   3.4301758e+01
   7.4953700e+05   2.5634766e+01
   7.4986700e+05   2.5634766e+01
   7.5053000e+05   4.2663574e+01
   7.5730600e+05   4.8522949e+01
   7.5732400e+05   3.0822754e+01
   7.5800400e+05   2.7404785e+01
   7.5806300e+05   2.6062012e+01
   7.5985700e+05   3.5156250e+01
   7.5988800e+05   3.0090332e+01
   7.5990000e+05   2.6306152e+01
   7.5998500e+05   2.6428223e+01
   7.6066500e+05   2.9846191e+01
   7.6765500e+05   2.8198242e+01
   7.6767500e+05   2.7404785e+01
   7.6777000e+05   2.6489258e+01
   7.6779400e+05   2.6062012e+01
   7.6844900e+05   2.8930664e+01
   7.7507500e+05   2.5634766e+01
   7.7512000e+05   3.5827637e+01
   7.7514800e+05   2.5817871e+01
   7.7518700e+05   2.8320313e+01
   7.7582500e+05   3.2653809e+01
   7.7593200e+05   3.0761719e+01
   7.7764200e+05   2.5634766e+01
   7.7766000e+05   3.6010742e+01
   7.7768100e+05   2.9235840e+01
   7.7776900e+05   2.7404785e+01
   7.7778400e+05   3.7109375e+01
   7.7896200e+05   2.7099609e+01
   7.7899200e+05   2.6428223e+01
   7.8746900e+05   4.1748047e+01
   7.8749000e+05   3.6682129e+01
   7.8750000e+05   3.2714844e+01
   7.8753800e+05   2.9785156e+01
   7.8759600e+05   3.6193848e+01
   7.8760800e+05   2.8930664e+01
   7.8834400e+05   2.8503418e+01
   7.8837100e+05   3.7048340e+01
   7.9647900e+05   2.8808594e+01
   7.9652900e+05   4.8095703e+01
   7.9654100e+05   2.8320313e+01
   7.9706800e+05   3.1311035e+01
   7.9825400e+05   2.6794434e+01
   7.9827300e+05   2.9113770e+01
   8.0653900e+05   3.7292480e+01
   8.0655100e+05   3.6132813e+01
   8.0661100e+05   3.2348633e+01
   8.0663900e+05   3.9184570e+01
   8.0731200e+05   2.5634766e+01
   8.0832300e+05   3.0090332e+01
   8.0834900e+05   4.1320801e+01
   8.0837500e+05   3.0395508e+01
   8.0843100e+05   2.8503418e+01
   8.1651800e+05   2.7038574e+01
   8.1659100e+05   4.3762207e+01
   8.1662400e+05   3.0273438e+01
   8.1664600e+05   3.1311035e+01
   8.1671800e+05   2.7893066e+01
   8.1679800e+05   2.7832031e+01
   8.1735300e+05   2.5512695e+01
   8.1840700e+05   3.0639648e+01
   8.1850000e+05   2.7160645e+01
   8.1968700e+05   3.0822754e+01
   8.1973600e+05   2.6428223e+01
   8.1990400e+05   2.6550293e+01
   8.2613300e+05   3.6560059e+01
   8.2619800e+05   2.8259277e+01
   8.2622900e+05   2.5695801e+01
   8.2627100e+05   2.9968262e+01
   8.2630400e+05   2.8015137e+01
   8.2698400e+05   4.2175293e+01
   8.2700300e+05   3.1677246e+01
   8.3601100e+05   4.9194336e+01
   8.3602400e+05   2.8259277e+01
   8.3605600e+05   3.9367676e+01
   8.3609800e+05   2.7038574e+01
   8.3611300e+05   3.0456543e+01
   8.3637600e+05   2.8320313e+01
   8.3668400e+05   2.7526855e+01
   8.3771000e+05   3.6926270e+01
   8.3776200e+05   3.6010742e+01
   8.3784700e+05   2.5390625e+01
   8.5058100e+05   3.6071777e+01
   8.5061200e+05   5.6030273e+01
   8.5066300e+05   3.2226563e+01
   8.5069000e+05   2.5634766e+01
   8.5070400e+05   3.1677246e+01
   8.5075700e+05   2.8442383e+01
   8.5126400e+05   2.8686523e+01
   8.5207200e+05   2.9846191e+01
   8.5208300e+05   3.0456543e+01
   8.5214400e+05   2.6611328e+01
   8.5305900e+05   2.6428223e+01
   8.5308200e+05   2.9113770e+01
   8.5309200e+05   3.1860352e+01
   8.5314600e+05   2.7832031e+01
   8.6370300e+05   2.6428223e+01
   8.6373700e+05   2.9235840e+01
   8.6379300e+05   4.1259766e+01
   8.6382800e+05   2.7954102e+01
   8.6388700e+05   2.8381348e+01
   8.6395800e+05   3.1738281e+01
   8.6442100e+05   2.5390625e+01
   8.6453300e+05   2.5939941e+01
   8.6517800e+05   2.7954102e+01
   8.7770400e+05   3.3264160e+01
   8.7773600e+05   3.4301758e+01
   8.7783000e+05   3.4057617e+01
   8.7790800e+05   2.6123047e+01
   8.7853000e+05   3.7963867e+01
   8.7928400e+05   3.0639648e+01
   8.7929400e+05   3.6132813e+01
   8.8072500e+05   3.6926270e+01
   8.9474800e+05   2.9418945e+01
   8.9477200e+05   2.6062012e+01
   8.9480600e+05   4.5104980e+01
   8.9482700e+05   3.1738281e+01
   8.9487100e+05   2.6794434e+01
   8.9490100e+05   3.5888672e+01
   8.9507100e+05   2.5573730e+01
   8.9540200e+05   2.5390625e+01
   8.9545300e+05   2.7282715e+01
   8.9610400e+05   2.6123047e+01
   2.1835120e+06   3.0090332e+01
   2.1835280e+06   2.9296875e+01
   2.1835640e+06   2.7282715e+01
   2.1835880e+06   2.6977539e+01
   2.1836170e+06   2.7160645e+01
   2.1836450e+06   3.3996582e+01
   2.1836660e+06   3.4240723e+01
   2.1837150e+06   2.6000977e+01
   2.1837390e+06   2.8320313e+01
   2.1837690e+06   2.8625488e+01
   2.1838010e+06   2.8076172e+01
   2.1838720e+06   2.5817871e+01
   2.1839020e+06   3.0029297e+01
   2.1839140e+06   2.9907227e+01
   2.1841920e+06   2.6306152e+01
   2.1842700e+06   2.7404785e+01
   2.1845140e+06   2.5634766e+01
   2.1862480e+06   2.8137207e+01
   2.3816920e+06   2.9602051e+01
   2.3817070e+06   3.7231445e+01
   2.3817210e+06   3.0090332e+01
   2.3817530e+06   3.2043457e+01
   2.3817820e+06   4.0344238e+01
   2.3818000e+06   3.4729004e+01
   2.3818320e+06   2.7587891e+01
   2.3818610e+06   3.2226563e+01
   2.3819390e+06   3.1066895e+01
   2.3819780e+06   2.9296875e+01
   2.3820340e+06   2.5817871e+01
   2.3821170e+06   2.7893066e+01
   2.3822860e+06   2.6489258e+01
   2.3824000e+06   3.2226563e+01
   2.3825340e+06   2.6062012e+01
   2.3829990e+06   2.5695801e+01
   2.3831660e+06   2.7893066e+01
   2.3838560e+06   2.6611328e+01
   2.5336930e+06   3.3813477e+01
   2.5337040e+06   4.7241211e+01
   2.5337500e+06   3.0334473e+01
   2.5337650e+06   5.2795410e+01
   2.5337950e+06   2.7587891e+01
   2.5338130e+06   4.1076660e+01
   2.5338450e+06   2.7709961e+01
   2.5338690e+06   2.7587891e+01
   2.5338970e+06   2.7221680e+01
   2.5339160e+06   2.6000977e+01
   2.5339790e+06   3.4729004e+01
   2.5340420e+06   3.0944824e+01
   2.5340720e+06   2.8015137e+01
   2.5341010e+06   2.8076172e+01
   2.5341520e+06   2.6489258e+01
   2.5342080e+06   3.0151367e+01
   2.5343000e+06   2.9907227e+01
   2.5344840e+06   2.5451660e+01
   2.5345180e+06   2.5451660e+01
   2.5346290e+06   2.8991699e+01
   2.5354960e+06   2.6672363e+01
   2.5360450e+06   2.6123047e+01
   2.5360830e+06   2.5451660e+01
   2.5362170e+06   2.6367188e+01
   2.5371160e+06   2.7832031e+01
   2.5371990e+06   2.5695801e+01
   2.5372320e+06   3.1616211e+01
   2.5372900e+06   2.8137207e+01
   2.5384220e+06   2.6306152e+01
   2.5384840e+06   2.5634766e+01
   2.5386250e+06   2.6916504e+01
   2.5386450e+06   4.4616699e+01
   2.5387030e+06   3.1066895e+01
   2.5389080e+06   3.0578613e+01
   2.5394560e+06   2.7587891e+01
   2.5402490e+06   2.7282715e+01
   2.5403500e+06   2.9968262e+01
   2.5404700e+06   4.7973633e+01
   2.5416660e+06   4.5654297e+01
   2.5417780e+06   2.9113770e+01
   2.5418170e+06   2.8625488e+01
   2.5418740e+06   2.7343750e+01
   2.5418840e+06   2.6550293e+01
   2.5419500e+06   2.6123047e+01
   2.6832240e+06   4.0588379e+01
   2.6832430e+06   4.9804688e+01
   2.6832830e+06   6.0729980e+01
   2.6833020e+06   3.6376953e+01
   2.6833260e+06   4.7241211e+01
   2.6833540e+06   3.1738281e+01
   2.6833670e+06   3.7597656e+01
   2.6833830e+06   2.6367188e+01
   2.6834130e+06   3.2470703e+01
   2.6834390e+06   2.5695801e+01
   2.6834910e+06   2.6123047e+01
   2.6835150e+06   2.5695801e+01
   2.6835490e+06   3.0151367e+01
   2.6835800e+06   2.8991699e+01
   2.6836480e+06   3.4362793e+01
   2.6838310e+06   2.9235840e+01
   2.6840760e+06   3.5705566e+01
   2.6841550e+06   3.3386230e+01
   2.6841910e+06   2.5756836e+01
   2.6844900e+06   3.2043457e+01
   2.6851560e+06   2.5451660e+01
   2.6854160e+06   3.0700684e+01
   2.6858410e+06   2.5939941e+01
   2.6861330e+06   2.6428223e+01
   2.6868180e+06   2.6550293e+01
   2.6868410e+06   2.5817871e+01
   2.6869020e+06   2.5939941e+01
   2.6880410e+06   2.8137207e+01
   2.6882660e+06   2.6794434e+01
   2.6883150e+06   2.6672363e+01
   2.6883490e+06   3.9123535e+01
   2.6883830e+06   2.6794434e+01
   2.6884250e+06   2.7343750e+01
   2.6892340e+06   2.6123047e+01
   2.6893500e+06   2.6550293e+01
   2.7921590e+06   3.1005859e+01
   2.7921900e+06   4.0466309e+01
   2.7922210e+06   4.5959473e+01
   2.7922390e+06   3.0029297e+01
   2.7922620e+06   4.1015625e+01
   2.7922840e+06   4.5288086e+01
   2.7923130e+06   4.8217773e+01
   2.7923300e+06   2.6000977e+01
   2.7923640e+06   3.0578613e+01
   2.7924150e+06   2.8381348e+01
   2.7925160e+06   2.5451660e+01
   2.7925360e+06   2.8076172e+01
   2.7926810e+06   2.5573730e+01
   2.7927930e+06   2.5512695e+01
   2.7928150e+06   2.7343750e+01
   2.7928700e+06   2.5390625e+01
   2.7931800e+06   2.5939941e+01
   2.7934760e+06   2.7770996e+01
   2.7935850e+06   3.3020020e+01
   2.7949740e+06   2.8564453e+01
   2.7950210e+06   3.2043457e+01
   2.7951340e+06   2.7038574e+01
   2.7952040e+06   2.6550293e+01
   2.7955760e+06   2.5573730e+01
   2.7966530e+06   2.8930664e+01
   2.7966770e+06   2.5695801e+01
   2.7967010e+06   2.5695801e+01
   2.7967320e+06   4.1015625e+01
   2.7967880e+06   2.6977539e+01
   2.7979830e+06   2.5756836e+01
   2.7980070e+06   2.8686523e+01
   2.7980460e+06   3.2165527e+01
   2.7980950e+06   3.3630371e+01
   2.7992940e+06   3.1372070e+01
   2.7993530e+06   3.0273438e+01
   2.7994190e+06   2.6123047e+01
   2.7994310e+06   2.6611328e+01
   2.8003030e+06   3.0639648e+01
   2.8003250e+06   2.6000977e+01
   2.8161690e+06   2.9357910e+01
   2.8161800e+06   3.6743164e+01
   2.8162480e+06   5.3161621e+01
   2.8162630e+06   2.6000977e+01
   2.8162990e+06   3.1372070e+01
   2.8163090e+06   3.9245605e+01
   2.8163320e+06   3.1311035e+01
   2.8163460e+06   4.2785645e+01
   2.8163750e+06   3.3508301e+01
   2.8163900e+06   2.6245117e+01
   2.8164280e+06   2.8564453e+01
   2.8166640e+06   3.2287598e+01
   2.8167380e+06   2.5573730e+01
   2.8167910e+06   2.9235840e+01
   2.8170460e+06   2.5451660e+01
   2.8171610e+06   2.6733398e+01
   2.8173350e+06   2.6550293e+01
   2.8173700e+06   3.1616211e+01
   2.8179410e+06   2.8381348e+01
   2.8181830e+06   3.0090332e+01
   2.8183190e+06   2.7221680e+01
   2.8189380e+06   2.5451660e+01
   2.8189840e+06   3.8696289e+01
   2.8189980e+06   4.2236328e+01
   2.8190360e+06   3.2836914e+01
   2.8190860e+06   2.7099609e+01
   2.8191230e+06   2.9174805e+01
   2.8203670e+06   2.5939941e+01
   2.8203830e+06   3.0090332e+01
   2.8204080e+06   3.1066895e+01
   2.8204230e+06   3.1188965e+01
   2.8204750e+06   2.8259277e+01
   2.8305140e+06   3.0090332e+01
   2.8305300e+06   2.7282715e+01
   2.8305560e+06   2.9235840e+01
   2.8305720e+06   3.2409668e+01
   2.8306110e+06   3.3691406e+01
   2.8306280e+06   2.9785156e+01
   2.8306930e+06   3.1127930e+01
   2.8307040e+06   2.5695801e+01
   2.8307600e+06   2.5695801e+01
   2.8310110e+06   3.5034180e+01
   2.8312650e+06   2.8930664e+01
   2.8315550e+06   2.9907227e+01
   2.8315650e+06   2.8015137e+01
   2.8315930e+06   3.0029297e+01
   2.8317710e+06   2.6489258e+01
   2.8322100e+06   2.6611328e+01
   2.8322880e+06   2.7587891e+01
   2.8329300e+06   2.5939941e+01
   2.8329590e+06   2.5817871e+01
   2.8329820e+06   2.7587891e+01
   2.8330650e+06   2.7404785e+01
   2.8340900e+06   2.5756836e+01
   2.8341050e+06   4.2907715e+01
   2.8341200e+06   4.5654297e+01
   2.8341340e+06   2.7343750e+01
   2.8341660e+06   2.6550293e+01
   2.8341900e+06   3.3142090e+01
   2.8342710e+06   2.8198242e+01
   2.8391100e+06   2.7954102e+01
   2.8391550e+06   3.4790039e+01
   2.8391890e+06   3.8330078e+01
   2.8392080e+06   2.5634766e+01
   2.8392310e+06   3.4240723e+01
   2.8392530e+06   2.6489258e+01
   2.8392830e+06   2.8076172e+01
   2.8393110e+06   2.7221680e+01
   2.8396340e+06   2.8564453e+01
   2.8397240e+06   3.3935547e+01
   2.8397720e+06   2.6428223e+01
   2.8398270e+06   2.8381348e+01
   2.8403730e+06   4.1076660e+01
   2.8404120e+06   2.7221680e+01
   2.8404710e+06   2.6489258e+01
   2.8412310e+06   4.7424316e+01
   2.8412410e+06   2.9724121e+01
   2.8424230e+06   2.5817871e+01
   2.8424460e+06   2.6916504e+01
   2.8424620e+06   2.8442383e+01
   2.8425370e+06   2.6794434e+01
   2.8426460e+06   2.5756836e+01
   2.8470400e+06   2.6000977e+01
   2.8470520e+06   3.6804199e+01
   2.8470750e+06   3.2714844e+01
   2.8471100e+06   3.1982422e+01
   2.8471230e+06   3.3691406e+01
   2.8471570e+06   2.5756836e+01
   2.8471800e+06   2.8564453e+01
   2.8476410e+06   3.1188965e+01
   2.8476550e+06   3.1738281e+01
   2.8477290e+06   2.7893066e+01
   2.8484410e+06   3.1494141e+01
   2.8485020e+06   2.7770996e+01
   2.8493620e+06   2.6245117e+01
   2.8493930e+06   4.2907715e+01
   2.8494310e+06   3.0151367e+01
   2.8506550e+06   3.9489746e+01
   2.8506680e+06   3.8024902e+01
   2.8506870e+06   2.8869629e+01
   2.8507560e+06   2.7587891e+01
   2.8562110e+06   4.1870117e+01
   2.8562280e+06   4.9011230e+01
   2.8562560e+06   3.0151367e+01
   2.8562740e+06   3.1738281e+01
   2.8567800e+06   2.9663086e+01
   2.8567910e+06   4.3518066e+01
   2.8574260e+06   2.6184082e+01
   2.8574600e+06   3.7963867e+01
   2.8574880e+06   2.5817871e+01
   2.8575180e+06   2.7893066e+01
   2.8575540e+06   2.6611328e+01
   2.8583540e+06   2.9418945e+01
   2.8596620e+06   3.2165527e+01
   2.8596770e+06   3.2775879e+01
   2.8596960e+06   3.1616211e+01
   2.8640470e+06   3.0883789e+01
   2.8640680e+06   5.2612305e+01
   2.8641080e+06   3.2958984e+01
   2.8641190e+06   3.4301758e+01
   2.8647250e+06   3.7719727e+01
   2.8647480e+06   2.7770996e+01
   2.8647660e+06   3.7109375e+01
   2.8655730e+06   2.7221680e+01
   2.8656000e+06   2.6794434e+01
   2.8656340e+06   2.5939941e+01
   2.8656590e+06   2.9174805e+01
   2.8690990e+06   2.6794434e+01
   2.8691310e+06   3.8574219e+01
   2.8691410e+06   5.2429199e+01
   2.8691910e+06   2.5756836e+01
   2.8698020e+06   3.1188965e+01
   2.8698350e+06   3.3203125e+01
   2.8698740e+06   3.1738281e+01
   2.8699760e+06   2.8259277e+01
   2.8708170e+06   3.4667969e+01
   2.8709020e+06   4.9316406e+01
   2.8709240e+06   2.6977539e+01
   2.8709480e+06   2.9663086e+01
   2.8709680e+06   2.6000977e+01
   2.8753390e+06   3.2775879e+01
   2.8753670e+06   3.5461426e+01
   2.8753780e+06   2.8259277e+01
   2.8754140e+06   2.5390625e+01
   2.8754940e+06   2.5939941e+01
   2.8760000e+06   2.5878906e+01
   2.8760440e+06   2.6367188e+01
   2.8761160e+06   2.5573730e+01
   2.8769410e+06   3.9306641e+01
   2.8769590e+06   3.3569336e+01
   2.8769720e+06   3.0700684e+01
   2.8788630e+06   4.0710449e+01
   2.8788980e+06   4.3762207e+01
   2.8789340e+06   2.8381348e+01
   2.8822810e+06   3.4667969e+01
   2.8823090e+06   3.3203125e+01
   2.8823300e+06   3.7902832e+01
   2.8823780e+06   3.8757324e+01
   2.8824380e+06   3.6560059e+01
   2.8824700e+06   2.7465820e+01
   2.8830880e+06   3.4118652e+01
   2.8831070e+06   2.5878906e+01
   2.8831320e+06   2.5390625e+01
   2.8831420e+06   2.8198242e+01
   2.8831560e+06   2.5512695e+01
   2.8831750e+06   2.6916504e+01
   2.8865230e+06   2.5573730e+01
   2.8865500e+06   3.3386230e+01
   2.8865610e+06   2.9418945e+01
   2.8865840e+06   5.5908203e+01
   2.8866950e+06   3.0578613e+01
   2.8872190e+06   2.7343750e+01
   2.8872510e+06   2.7221680e+01
   2.8872610e+06   2.5512695e+01
   2.8881750e+06   3.1250000e+01
   2.8881940e+06   3.3935547e+01
   2.8882180e+06   3.1555176e+01
   2.8918530e+06   3.4423828e+01
   2.8918810e+06   3.0578613e+01
   2.8919020e+06   3.0578613e+01
   2.8919200e+06   2.6123047e+01
   2.8919470e+06   2.7099609e+01
   2.8925920e+06   6.2072754e+01
   2.8926450e+06   2.6611328e+01
   2.8959280e+06   2.5634766e+01
   2.8959500e+06   2.6977539e+01
   2.8959830e+06   4.5471191e+01
   2.8960250e+06   3.3203125e+01
   2.8960460e+06   3.3508301e+01
   2.8966590e+06   4.5227051e+01
   2.8975460e+06   2.5512695e+01
   2.8976230e+06   3.8696289e+01
   2.9008090e+06   3.3508301e+01
   2.9008330e+06   4.2724609e+01
   2.9008650e+06   4.1992188e+01
   2.9008880e+06   2.7954102e+01
   2.9009190e+06   3.0151367e+01
   2.9009290e+06   2.7832031e+01
   2.9014550e+06   2.6489258e+01
   2.9015710e+06   2.6977539e+01
   2.9016580e+06   2.7526855e+01
   2.9054240e+06   3.0334473e+01
   2.9054420e+06   3.4057617e+01
   2.9054740e+06   3.1921387e+01
   2.9054860e+06   4.5776367e+01
   2.9055580e+06   2.8015137e+01
   2.9055800e+06   2.5390625e+01
   2.9062230e+06   5.3771973e+01
   2.9062420e+06   2.7099609e+01
   2.9071540e+06   2.7832031e+01
   2.9072230e+06   2.5939941e+01
   2.9072620e+06   3.7353516e+01
   2.9072900e+06   3.2409668e+01
   2.9124840e+06   2.6306152e+01
   2.9125250e+06   2.7038574e+01
   2.9125540e+06   3.3752441e+01
   2.9125740e+06   4.7668457e+01
   2.9125910e+06   2.7648926e+01
   2.9126080e+06   2.6550293e+01
   2.9131610e+06   2.6916504e+01
   2.9131910e+06   2.8869629e+01
   2.9132660e+06   2.5634766e+01
   2.9142600e+06   2.8747559e+01
   2.9143070e+06   3.0090332e+01
   2.9156600e+06   2.9113770e+01
   2.9156770e+06   2.7648926e+01
   2.9157440e+06   2.6489258e+01
   2.9157630e+06   2.5817871e+01
   2.9190550e+06   2.7099609e+01
   2.9190810e+06   3.0700684e+01
   2.9190970e+06   4.1564941e+01
   2.9191200e+06   3.2165527e+01
   2.9191630e+06   2.7587891e+01
   2.9198490e+06   2.6123047e+01
   2.9199540e+06   2.8381348e+01
   2.9230460e+06   2.5695801e+01
   2.9230960e+06   2.5634766e+01
   2.9231190e+06   5.7434082e+01
   2.9231580e+06   3.3508301e+01
   2.9231780e+06   2.6000977e+01
   2.9232000e+06   2.6123047e+01
   2.9238550e+06   2.5878906e+01
   2.9238920e+06   3.8513184e+01
   2.9239020e+06   2.6428223e+01
   2.9275170e+06   2.8808594e+01
   2.9275660e+06   3.5217285e+01
   2.9275850e+06   3.0273438e+01
   2.9276320e+06   2.5695801e+01
   2.9282290e+06   2.6428223e+01
   2.9282690e+06   4.0466309e+01
   2.9290750e+06   2.7282715e+01
   2.9291000e+06   3.3935547e+01
   2.9325120e+06   2.8564453e+01
   2.9325410e+06   2.5512695e+01
   2.9325630e+06   4.4555664e+01
   2.9325890e+06   3.0090332e+01
   2.9326010e+06   3.0639648e+01
   2.9326300e+06   2.5756836e+01
   2.9333650e+06   2.5512695e+01
   2.9334280e+06   2.6000977e+01
   2.9372170e+06   2.6855469e+01
   2.9372410e+06   4.9804688e+01
   2.9372720e+06   3.5766602e+01
   2.9373470e+06   2.8747559e+01
   2.9380050e+06   3.9001465e+01
   2.9380250e+06   2.7160645e+01
   2.9380700e+06   2.9174805e+01
   2.9381130e+06   2.6794434e+01
   2.9388330e+06   2.9541016e+01
   2.9390970e+06   3.9855957e+01
   2.9391180e+06   2.7343750e+01
   2.9428910e+06   4.9865723e+01
   2.9435780e+06   3.3874512e+01
   2.9436130e+06   3.1066895e+01
   2.9466640e+06   2.5695801e+01
   2.9467440e+06   2.8808594e+01
   2.9467780e+06   5.2917480e+01
   2.9468340e+06   3.4973145e+01
   2.9468600e+06   3.5766602e+01
   2.9498780e+06   2.7343750e+01
   2.9498970e+06   3.9794922e+01
   2.9499230e+06   2.9602051e+01
   2.9499720e+06   2.7587891e+01
   2.9500370e+06   2.5939941e+01
   2.9510310e+06   2.9724121e+01
   2.9510470e+06   4.3395996e+01
   2.9510600e+06   2.5695801e+01
   2.9510910e+06   2.6000977e+01
   2.9519550e+06   3.7719727e+01
   2.9519790e+06   3.2531738e+01
   2.9520300e+06   2.5878906e+01
   2.9520420e+06   2.6367188e+01
   2.9557200e+06   4.1381836e+01
   2.9557820e+06   2.6367188e+01
   2.9558660e+06   2.6611328e+01
   2.9569420e+06   2.5573730e+01
   2.9569580e+06   3.2775879e+01
   2.9570340e+06   2.7648926e+01
   2.9610730e+06   2.5573730e+01
   2.9611300e+06   2.9907227e+01
   2.9611610e+06   3.7475586e+01
   2.9612060e+06   2.9663086e+01
   2.9612380e+06   3.1494141e+01
   2.9612970e+06   3.4423828e+01
   2.9614080e+06   2.6123047e+01
   2.9621680e+06   2.5451660e+01
   2.9664630e+06   3.0395508e+01
   2.9664860e+06   3.8696289e+01
   2.9665390e+06   3.0639648e+01
   2.9665590e+06   3.4179688e+01
   2.9666070e+06   2.6855469e+01
   2.9666330e+06   2.6489258e+01
   2.9673740e+06   4.9255371e+01
   2.9674060e+06   3.5339355e+01
   2.9674360e+06   2.9846191e+01
   2.9674580e+06   2.7038574e+01
   2.9674910e+06   2.7282715e+01
   2.9708920e+06   3.7414551e+01
   2.9709050e+06   3.1188965e+01
   2.9709350e+06   2.6977539e+01
   2.9718020e+06   2.6428223e+01
   2.9718760e+06   2.6000977e+01
   2.9719020e+06   3.1127930e+01
   2.9719740e+06   2.9052734e+01
   2.9750310e+06   3.4301758e+01
   2.9750640e+06   3.7841797e+01
   2.9750910e+06   2.6367188e+01
   2.9751450e+06   2.6367188e+01
   2.9752160e+06   2.5451660e+01
   2.9758430e+06   2.6184082e+01
   2.9759280e+06   2.7587891e+01
   2.9770210e+06   3.1799316e+01
   2.9781650e+06   2.7526855e+01
   2.9820230e+06   2.5451660e+01
   2.9820350e+06   2.6916504e+01
   2.9820610e+06   2.6306152e+01
   2.9820810e+06   3.2714844e+01
   2.9821070e+06   2.6428223e+01
   2.9831500e+06   2.7526855e+01
   2.9831670e+06   2.9174805e+01
   2.9832000e+06   3.0090332e+01
   2.9832470e+06   2.6855469e+01
   2.9880980e+06   3.4301758e+01
   2.9881600e+06   3.2409668e+01
   2.9881810e+06   3.1188965e+01
   2.9882460e+06   2.5451660e+01
   2.9890790e+06   3.4851074e+01
   2.9891070e+06   2.9602051e+01
   2.9891260e+06   3.0761719e+01
   2.9933340e+06   2.8869629e+01
   2.9933560e+06   2.5451660e+01
   2.9934060e+06   3.1433105e+01
   2.9934240e+06   2.6733398e+01
   2.9943240e+06   3.2409668e+01
   2.9944110e+06   2.8808594e+01
   2.9944260e+06   3.8391113e+01
   2.9985020e+06   2.6245117e+01
   2.9985760e+06   3.5156250e+01
   2.9986110e+06   3.0151367e+01
   2.9995750e+06   2.9113770e+01
   2.9995950e+06   3.0273438e+01
   3.0005620e+06   2.8320313e+01
   3.0067690e+06   3.2226563e+01
   3.0067980e+06   5.3649902e+01
   3.0068160e+06   3.1799316e+01
   3.0068350e+06   2.7465820e+01
   3.0068580e+06   2.8503418e+01
   3.0074810e+06   3.6437988e+01
   3.0075760e+06   3.1982422e+01
   3.0083400e+06   2.8198242e+01
   3.0083700e+06   3.1738281e+01
   3.0126000e+06   2.6550293e+01
   3.0126160e+06   2.9052734e+01
   3.0126430e+06   5.1513672e+01
   3.0126890e+06   2.7038574e+01
   3.0127240e+06   3.0639648e+01
   3.0133970e+06   2.8015137e+01
   3.0146720e+06   3.1005859e+01
   3.0147260e+06   3.2531738e+01
   3.0147360e+06   3.1433105e+01
   3.0148170e+06   2.7404785e+01
   3.0198060e+06   3.0822754e+01
   3.0198270e+06   2.9357910e+01
   3.0198520e+06   3.3691406e+01
   3.0199000e+06   2.8503418e+01
   3.0205880e+06   2.6428223e+01
   3.0206140e+06   2.8320313e+01
   3.0206610e+06   3.1188965e+01
   3.0207140e+06   2.8320313e+01
   3.0260470e+06   2.5634766e+01
   3.0261070e+06   2.8076172e+01
   3.0261350e+06   5.0537109e+01
   3.0264300e+06   2.6062012e+01
   3.0271480e+06   2.6367188e+01
   3.0281390e+06   3.6254883e+01
   3.0281570e+06   2.8198242e+01
   3.0336020e+06   2.8015137e+01
   3.0336490e+06   3.6376953e+01
   3.0337310e+06   3.0334473e+01
   3.0347500e+06   2.9357910e+01
   3.0347600e+06   2.5695801e+01
   3.0347830e+06   3.3508301e+01
   3.0348400e+06   3.1677246e+01
   3.0408670e+06   4.4494629e+01
   3.0409200e+06   2.6428223e+01
   3.0409370e+06   2.6184082e+01
   3.0409840e+06   2.7832031e+01
   3.0410160e+06   2.5939941e+01
   3.0411070e+06   2.6062012e+01
   3.0416330e+06   3.4179688e+01
   3.0487060e+06   3.6193848e+01
   3.0487200e+06   4.5349121e+01
   3.0487600e+06   2.9174805e+01
   3.0487930e+06   3.4423828e+01
   3.0488250e+06   3.0639648e+01
   3.0488510e+06   2.8137207e+01
   3.0493320e+06   2.9174805e+01
   3.0503650e+06   2.8930664e+01
   3.0503890e+06   2.5695801e+01
   3.0504100e+06   2.5939941e+01
   3.0504780e+06   3.1127930e+01
   3.0561240e+06   3.5034180e+01
   3.0561340e+06   3.7597656e+01
   3.0561490e+06   2.5573730e+01
   3.0561860e+06   2.6550293e+01
   3.0562320e+06   2.9296875e+01
   3.0564070e+06   2.5512695e+01
   3.0567720e+06   2.7343750e+01
   3.0579360e+06   2.8686523e+01
   3.0579820e+06   4.0771484e+01
   3.0580630e+06   2.8259277e+01
   3.0601610e+06   4.4555664e+01
   3.0601870e+06   3.0029297e+01
   3.0673720e+06   2.7587891e+01
   3.0674190e+06   4.6081543e+01
   3.0674470e+06   3.5949707e+01
   3.0674680e+06   2.9174805e+01
   3.0675120e+06   2.6184082e+01
   3.0675220e+06   2.8564453e+01
   3.0676170e+06   2.8442383e+01
   3.0682420e+06   2.6489258e+01
   3.0692880e+06   2.5878906e+01
   3.0693020e+06   3.8085938e+01
   3.0693320e+06   4.8095703e+01
   3.0764100e+06   2.5756836e+01
   3.0764970e+06   2.6977539e+01
   3.0765220e+06   4.2663574e+01
   3.0765380e+06   3.5522461e+01
   3.0765550e+06   3.6132813e+01
   3.0765890e+06   2.5756836e+01
   3.0766180e+06   2.9052734e+01
   3.0766400e+06   3.0395508e+01
   3.0766700e+06   2.8625488e+01
   3.0772830e+06   3.4301758e+01
   3.0790960e+06   2.7770996e+01
   3.0791060e+06   4.0649414e+01
   3.0792280e+06   3.2531738e+01
   3.0794750e+06   2.5512695e+01
   3.0804320e+06   3.4851074e+01
   3.0807600e+06   2.6672363e+01
   3.0881690e+06   2.6123047e+01
   3.0882300e+06   3.2653809e+01
   3.0882920e+06   2.5939941e+01
   3.0883210e+06   2.6977539e+01
   3.0899950e+06   2.9602051e+01
   3.0900130e+06   4.8339844e+01
   3.0971730e+06   2.8930664e+01
   3.0971860e+06   2.6306152e+01
   3.0972370e+06   3.1860352e+01
   3.0972530e+06   3.4362793e+01
   3.0973220e+06   2.7648926e+01
   3.0974220e+06   2.6733398e+01
   3.0974980e+06   2.6245117e+01
   3.0979400e+06   2.6245117e+01
   3.0983970e+06   2.6672363e+01
   3.0992340e+06   3.0700684e+01
   3.0993340e+06   2.6733398e+01
   3.1079840e+06   2.7648926e+01
   3.1080100e+06   4.1320801e+01
   3.1080420e+06   4.0771484e+01
   3.1080560e+06   2.6184082e+01
   3.1081330e+06   2.9296875e+01
   3.1081630e+06   3.0639648e+01
   3.1082080e+06   2.7770996e+01
   3.1086960e+06   2.9174805e+01
   3.1095340e+06   2.6000977e+01
   3.1096020e+06   2.8503418e+01
   3.1096690e+06   2.5878906e+01
   3.1218470e+06   2.7343750e+01
   3.1218590e+06   4.3212891e+01
   3.1218900e+06   2.6611328e+01
   3.1219070e+06   2.9357910e+01
   3.1219410e+06   2.6306152e+01
   3.1219690e+06   2.7343750e+01
   3.1221330e+06   2.7404785e+01
   3.1224320e+06   2.7343750e+01
   3.1234300e+06   3.2836914e+01
   3.1354960e+06   4.1320801e+01
   3.1355270e+06   4.5715332e+01
   3.1355920e+06   3.3142090e+01
   3.1356530e+06   3.2836914e+01
   3.1356910e+06   2.8137207e+01
   3.1359220e+06   2.6184082e+01
   3.1368210e+06   2.8320313e+01
   3.1374380e+06   2.6733398e+01
   3.1374770e+06   2.7526855e+01
   3.1374990e+06   2.8259277e+01
   3.1384590e+06   3.0578613e+01
   3.1384810e+06   3.2653809e+01
   3.1535640e+06   2.8930664e+01
   3.1536150e+06   2.7221680e+01
   3.1536590e+06   3.0334473e+01
   3.1536790e+06   3.5034180e+01
   3.1537380e+06   2.5756836e+01
   3.1560940e+06   2.7465820e+01
   3.1561140e+06   4.3273926e+01
   3.1699420e+06   2.6306152e+01
   3.1699610e+06   3.5095215e+01
   3.1699940e+06   3.2836914e+01
   3.1700260e+06   2.5817871e+01
   3.1700920e+06   3.0151367e+01
   3.1701220e+06   2.7526855e+01
   3.1715600e+06   2.6000977e+01
   3.1715760e+06   3.5095215e+01
   3.1731860e+06   2.7282715e+01
   4.0079600e+06   3.3691406e+01
   4.0079720e+06   2.6977539e+01
   4.0080190e+06   2.5512695e+01
   4.0080530e+06   3.0029297e+01
   4.0080800e+06   3.6987305e+01
   4.0081070e+06   3.2409668e+01
   4.0081190e+06   2.6000977e+01
   4.0081630e+06   4.2541504e+01
   4.0081790e+06   4.5715332e+01
   4.0081970e+06   3.0578613e+01
   4.0082650e+06   2.9724121e+01
   4.0083100e+06   3.2104492e+01
   4.0083230e+06   3.0517578e+01
   4.0085090e+06   2.9174805e+01
   4.0085760e+06   2.9968262e+01
   4.0086160e+06   3.2958984e+01
   4.0087500e+06   3.1921387e+01
   4.2123100e+06   3.1799316e+01
   4.2123310e+06   3.3935547e+01
   4.2123790e+06   3.7231445e+01
   4.2123890e+06   3.4179688e+01
   4.2124130e+06   5.1818848e+01
   4.2124380e+06   3.2836914e+01
   4.2124580e+06   2.6245117e+01
   4.2124750e+06   3.5095215e+01
   4.2125010e+06   2.8991699e+01
   4.2126140e+06   2.6794434e+01
   4.2126860e+06   2.5878906e+01
   4.2129920e+06   2.7160645e+01
   4.2130660e+06   2.7465820e+01
   4.2133440e+06   2.6794434e+01
   4.3143380e+06   2.7709961e+01
   4.3143500e+06   3.7658691e+01
   4.3143770e+06   3.2836914e+01
   4.3144110e+06   5.4687500e+01
   4.3144370e+06   3.6682129e+01
   4.3144530e+06   3.2653809e+01
   4.3144750e+06   3.2836914e+01
   4.3144900e+06   2.5390625e+01
   4.3145110e+06   3.4606934e+01
   4.3145340e+06   2.7587891e+01
   4.3146200e+06   2.9724121e+01
   4.3148080e+06   2.6733398e+01
   4.3155350e+06   2.6367188e+01
   4.3156980e+06   3.8879395e+01
   4.3157500e+06   3.7353516e+01
   4.3161810e+06   3.4851074e+01
   4.3162410e+06   2.6611328e+01
   4.3164870e+06   3.0151367e+01
   4.3169430e+06   3.9001465e+01
   4.4282090e+06   4.2358398e+01
   4.4282320e+06   5.3466797e+01
   4.4282520e+06   3.3203125e+01
   4.4282740e+06   2.5756836e+01
   4.4283230e+06   3.0456543e+01
   4.4283420e+06   2.7404785e+01
   4.4284170e+06   2.9602051e+01
   4.4284430e+06   3.0578613e+01
   4.4284650e+06   2.6977539e+01
   4.4285580e+06   2.6794434e+01
   4.4287890e+06   2.6245117e+01
   4.4294180e+06   2.5390625e+01
   4.4294840e+06   2.7526855e+01
   4.4295450e+06   2.5634766e+01
   4.4297320e+06   2.7709961e+01
   4.4298940e+06   2.5512695e+01
   4.4302350e+06   2.8259277e+01
   4.4308550e+06   2.9357910e+01
   4.4313360e+06   2.7465820e+01
   4.4320290e+06   3.0456543e+01
   4.4320920e+06   2.6184082e+01
   4.4321280e+06   2.8381348e+01
   4.5139240e+06   2.5878906e+01
   4.5139370e+06   4.6752930e+01
   4.5139830e+06   3.0883789e+01
   4.5139940e+06   5.6579590e+01
   4.5140280e+06   3.1250000e+01
   4.5140420e+06   3.1066895e+01
   4.5140690e+06   2.5451660e+01
   4.5141410e+06   2.7770996e+01
   4.5144140e+06   3.3813477e+01
   4.5144610e+06   2.7954102e+01
   4.5145380e+06   2.7648926e+01
   4.5146160e+06   2.8137207e+01
   4.5147240e+06   2.7221680e+01
   4.5150360e+06   2.7160645e+01
   4.5151510e+06   2.5695801e+01
   4.5152920e+06   2.5390625e+01
   4.5157820e+06   2.8564453e+01
   4.5161300e+06   2.7343750e+01
   4.5164730e+06   2.8198242e+01
   4.5167300e+06   2.6000977e+01
   4.5175630e+06   3.3508301e+01
   4.6257900e+06   3.8635254e+01
   4.6258230e+06   3.4729004e+01
   4.6258480e+06   5.5358887e+01
   4.6258720e+06   3.5705566e+01
   4.6258870e+06   3.4362793e+01
   4.6259360e+06   2.8381348e+01
   4.6259880e+06   2.5634766e+01
   4.6260180e+06   2.5878906e+01
   4.6260360e+06   3.6621094e+01
   4.6260780e+06   2.6733398e+01
   4.6261270e+06   2.6184082e+01
   4.6262520e+06   2.6977539e+01
   4.6264310e+06   2.8930664e+01
   4.6268470e+06   3.5888672e+01
   4.6269650e+06   2.5756836e+01
   4.6281860e+06   3.1921387e+01
   4.6289180e+06   3.3691406e+01
   4.6289600e+06   3.0273438e+01
   4.7428640e+06   3.1372070e+01
   4.7428760e+06   5.2429199e+01
   4.7429070e+06   2.8625488e+01
   4.7429170e+06   3.6499023e+01
   4.7429370e+06   4.4799805e+01
   4.7429610e+06   2.6855469e+01
   4.7429770e+06   3.0334473e+01
   4.7430440e+06   2.8503418e+01
   4.7430620e+06   3.0395508e+01
   4.7430920e+06   2.7404785e+01
   4.7431060e+06   3.5766602e+01
   4.7431380e+06   2.5512695e+01
   4.7431840e+06   2.7099609e+01
   4.7433170e+06   3.0639648e+01
   4.7434890e+06   3.1921387e+01
   4.7437910e+06   3.2043457e+01
   4.7438840e+06   2.7221680e+01
   4.7449100e+06   2.7343750e+01
   4.7456780e+06   4.3457031e+01
   4.7462270e+06   2.5634766e+01
   4.8466390e+06   3.0761719e+01
   4.8466560e+06   2.6245117e+01
   4.8466850e+06   4.0100098e+01
   4.8467050e+06   3.8085938e+01
   4.8467320e+06   3.1616211e+01
   4.8467430e+06   3.1860352e+01
   4.8467670e+06   3.0700684e+01
   4.8467860e+06   2.9663086e+01
   4.8468130e+06   2.5939941e+01
   4.8468320e+06   3.2714844e+01
   4.8468920e+06   3.3325195e+01
   4.8470500e+06   3.2104492e+01
   4.8472590e+06   2.6184082e+01
   4.8473320e+06   3.2775879e+01
   4.8474810e+06   3.5278320e+01
   4.8475640e+06   2.5573730e+01
   4.8477700e+06   2.6611328e+01
   4.8478130e+06   3.0456543e+01
   4.8478940e+06   2.7709961e+01
   4.8485240e+06   2.5390625e+01
   4.8487370e+06   2.8442383e+01
   4.8487960e+06   2.6672363e+01
   4.8489320e+06   2.6062012e+01
   4.8491990e+06   2.7526855e+01
   4.8493720e+06   2.5573730e+01
   4.8497250e+06   2.8320313e+01
   4.8497560e+06   2.7038574e+01
   4.8506840e+06   2.6428223e+01
   4.8507030e+06   2.7221680e+01
   4.8507220e+06   2.9663086e+01
   4.8507950e+06   4.3273926e+01
   4.8508060e+06   3.0822754e+01
   4.9500520e+06   2.5939941e+01
   4.9500700e+06   2.7587891e+01
   4.9500900e+06   4.0100098e+01
   4.9501070e+06   3.7475586e+01
   4.9501250e+06   3.4423828e+01
   4.9501450e+06   3.8085938e+01
   4.9501620e+06   4.2663574e+01
   4.9502030e+06   3.6621094e+01
   4.9502200e+06   2.9785156e+01
   4.9503040e+06   2.5878906e+01
   4.9505040e+06   2.5634766e+01
   4.9506420e+06   2.8869629e+01
   4.9507900e+06   3.4301758e+01
   4.9509250e+06   3.0334473e+01
   4.9510410e+06   2.6000977e+01
   4.9512640e+06   2.6855469e+01
   4.9515200e+06   2.6062012e+01
   4.9516370e+06   2.5817871e+01
   4.9517300e+06   2.8198242e+01
   4.9519930e+06   2.6672363e+01
   4.9532190e+06   3.6804199e+01
   4.9532750e+06   2.6611328e+01
   4.9541320e+06   2.6000977e+01
   4.9541460e+06   2.5817871e+01
   4.9542000e+06   3.0883789e+01
   4.9557200e+06   3.0090332e+01
   4.9557500e+06   2.8991699e+01
   4.9558510e+06   2.5451660e+01
   4.9559060e+06   3.1555176e+01
   4.9940980e+06   3.3386230e+01
   4.9941080e+06   3.0029297e+01
   4.9941360e+06   4.0466309e+01
   4.9941560e+06   2.6611328e+01
   4.9941760e+06   2.9235840e+01
   4.9941940e+06   3.7536621e+01
   4.9942050e+06   3.0761719e+01
   4.9942440e+06   4.8889160e+01
   4.9942540e+06   4.3457031e+01
   4.9943050e+06   2.7404785e+01
   4.9943340e+06   2.5756836e+01
   4.9944170e+06   2.7099609e+01
   4.9945540e+06   3.1494141e+01
   4.9946120e+06   3.7048340e+01
   4.9946880e+06   2.5939941e+01
   4.9946990e+06   3.2043457e+01
   4.9947770e+06   2.6916504e+01
   4.9948020e+06   2.6672363e+01
   4.9948830e+06   2.6611328e+01
   4.9948970e+06   2.7221680e+01
   4.9952510e+06   2.7954102e+01
   4.9954110e+06   2.6062012e+01
   4.9955990e+06   3.2470703e+01
   4.9959370e+06   2.7893066e+01
   4.9964000e+06   2.6184082e+01
   4.9964330e+06   3.7475586e+01
   4.9965290e+06   3.0151367e+01
   4.9973580e+06   2.7648926e+01
   4.9974110e+06   3.0944824e+01
   5.0109010e+06   7.2387695e+01
   5.0109250e+06   3.0090332e+01
   5.0109500e+06   3.6254883e+01
   5.0109680e+06   5.0842285e+01
   5.0110080e+06   2.5939941e+01
   5.0110500e+06   3.1250000e+01
   5.0110660e+06   2.5390625e+01
   5.0111040e+06   2.9174805e+01
   5.0114390e+06   2.6794434e+01
   5.0114850e+06   2.6000977e+01
   5.0115470e+06   2.6306152e+01
   5.0118270e+06   2.5817871e+01
   5.0119230e+06   2.5512695e+01
   5.0125210e+06   3.1860352e+01
   5.0125850e+06   2.8259277e+01
   5.0127500e+06   3.0639648e+01
   5.0132990e+06   2.7465820e+01
   5.0133900e+06   2.6672363e+01
   5.0134010e+06   2.6245117e+01
   5.0134300e+06   2.7099609e+01
   5.0186750e+06   2.5634766e+01
   5.0187020e+06   3.5217285e+01
   5.0187260e+06   2.5573730e+01
   5.0187390e+06   4.9133301e+01
   5.0187560e+06   3.7475586e+01
   5.0187840e+06   3.1188965e+01
   5.0188090e+06   2.5878906e+01
   5.0188730e+06   2.7770996e+01
   5.0189010e+06   2.7221680e+01
   5.0193120e+06   3.6743164e+01
   5.0193740e+06   3.0944824e+01
   5.0199290e+06   3.2592773e+01
   5.0207410e+06   3.2897949e+01
   5.0207630e+06   3.2287598e+01
   5.0208100e+06   2.5634766e+01
   5.0224430e+06   3.6743164e+01
   5.0224810e+06   2.7832031e+01
   5.0224960e+06   3.0639648e+01
   5.0238700e+06   3.2653809e+01
   5.0239500e+06   2.7343750e+01
   5.0239650e+06   2.9663086e+01
   5.0305490e+06   2.5512695e+01
   5.0305770e+06   3.5583496e+01
   5.0305930e+06   4.7790527e+01
   5.0306360e+06   4.5227051e+01
   5.0306730e+06   3.1616211e+01
   5.0310750e+06   3.0578613e+01
   5.0311380e+06   3.3264160e+01
   5.0312370e+06   2.5512695e+01
   5.0333710e+06   2.7038574e+01
   5.0334090e+06   3.7658691e+01
   5.0334490e+06   3.2104492e+01
   5.0386930e+06   2.6123047e+01
   5.0387280e+06   3.1311035e+01
   5.0387390e+06   5.1818848e+01
   5.0387790e+06   3.0151367e+01
   5.0392660e+06   2.5817871e+01
   5.0407130e+06   3.1127930e+01
   5.0418460e+06   3.0273438e+01
   5.0418710e+06   3.5095215e+01
   5.0418920e+06   3.0151367e+01
   5.0419480e+06   2.7770996e+01
   5.0472440e+06   2.6000977e+01
   5.0472690e+06   4.3334961e+01
   5.0472860e+06   4.5654297e+01
   5.0473160e+06   3.0151367e+01
   5.0473350e+06   2.8625488e+01
   5.0474040e+06   2.5817871e+01
   5.0478820e+06   5.2917480e+01
   5.0478960e+06   2.7770996e+01
   5.0479740e+06   3.1799316e+01
   5.0485840e+06   3.4729004e+01
   5.0545250e+06   2.8320313e+01
   5.0545600e+06   2.9174805e+01
   5.0545890e+06   5.7373047e+01
   5.0546060e+06   2.9541016e+01
   5.0550560e+06   2.7770996e+01
   5.0550880e+06   4.3029785e+01
   5.0551820e+06   2.8564453e+01
   5.0556760e+06   4.3090820e+01
   5.0556880e+06   2.9479980e+01
   5.0557100e+06   3.1127930e+01
   5.0565390e+06   3.4973145e+01
   5.0565600e+06   3.4240723e+01
   5.0576710e+06   4.5349121e+01
   5.0577470e+06   2.6306152e+01
   5.0577600e+06   3.0029297e+01
   5.0620180e+06   4.0161133e+01
   5.0620300e+06   4.0771484e+01
   5.0620680e+06   3.3325195e+01
   5.0620820e+06   3.4484863e+01
   5.0621230e+06   2.8625488e+01
   5.0626290e+06   3.0029297e+01
   5.0626500e+06   3.3508301e+01
   5.0628170e+06   2.6123047e+01
   5.0634280e+06   2.6733398e+01
   5.0644470e+06   2.6428223e+01
   5.0644590e+06   2.7221680e+01
   5.0645150e+06   3.2165527e+01
   5.0675200e+06   2.7648926e+01
   5.0675360e+06   3.9062500e+01
   5.0675540e+06   4.1503906e+01
   5.0675730e+06   2.8564453e+01
   5.0675900e+06   2.9296875e+01
   5.0676070e+06   3.7414551e+01
   5.0676330e+06   2.6977539e+01
   5.0682140e+06   3.0944824e+01
   5.0682920e+06   2.9663086e+01
   5.0719310e+06   2.8076172e+01
   5.0719690e+06   3.4423828e+01
   5.0719830e+06   3.6865234e+01
   5.0719990e+06   2.7221680e+01
   5.0720610e+06   3.4790039e+01
   5.0720880e+06   3.2348633e+01
   5.0726560e+06   3.4667969e+01
   5.0727030e+06   2.8625488e+01
   5.0728360e+06   2.5512695e+01
   5.0735200e+06   2.5390625e+01
   5.0735660e+06   4.4860840e+01
   5.0735790e+06   2.9602051e+01
   5.0736300e+06   3.0517578e+01
   5.0767030e+06   2.8930664e+01
   5.0767200e+06   3.0944824e+01
   5.0767950e+06   3.4912109e+01
   5.0777020e+06   2.7832031e+01
   5.0777170e+06   2.5512695e+01
   5.0777910e+06   2.6733398e+01
   5.0809930e+06   4.2846680e+01
   5.0810270e+06   4.6508789e+01
   5.0810530e+06   2.6367188e+01
   5.0810940e+06   2.6428223e+01
   5.0817830e+06   3.8940430e+01
   5.0831560e+06   3.7353516e+01
   5.0832190e+06   2.5573730e+01
   5.0865280e+06   2.6733398e+01
   5.0865650e+06   3.8818359e+01
   5.0866360e+06   2.7221680e+01
   5.0866670e+06   2.8381348e+01
   5.0866890e+06   2.5390625e+01
   5.0867280e+06   2.7709961e+01
   5.0872800e+06   4.7729492e+01
   5.0873050e+06   2.7160645e+01
   5.0881370e+06   2.7893066e+01
   5.0881600e+06   2.6977539e+01
   5.0882880e+06   2.5390625e+01
   5.0884010e+06   2.7221680e+01
   5.0916990e+06   2.9052734e+01
   5.0917350e+06   4.2297363e+01
   5.0917930e+06   2.9846191e+01
   5.0918140e+06   2.6000977e+01
   5.0918680e+06   2.7343750e+01
   5.0924670e+06   2.6184082e+01
   5.0964520e+06   2.7954102e+01
   5.0964720e+06   5.7373047e+01
   5.0965210e+06   3.0273438e+01
   5.0971720e+06   3.4606934e+01
   5.0972360e+06   2.9357910e+01
   5.0981190e+06   2.7282715e+01
   5.0981470e+06   2.6306152e+01
   5.1015590e+06   3.1738281e+01
   5.1015980e+06   4.5959473e+01
   5.1016260e+06   2.7648926e+01
   5.1016760e+06   2.8991699e+01
   5.1018190e+06   3.3386230e+01
   5.1023240e+06   2.7221680e+01
   5.1023340e+06   3.0273438e+01
   5.1023660e+06   2.5817871e+01
   5.1033070e+06   3.6254883e+01
   5.1033190e+06   3.8024902e+01
   5.1077710e+06   2.9602051e+01
   5.1077830e+06   2.6733398e+01
   5.1078160e+06   5.2551270e+01
   5.1078620e+06   3.1066895e+01
   5.1078870e+06   2.5634766e+01
   5.1079180e+06   2.5695801e+01
   5.1084320e+06   3.3508301e+01
   5.1084970e+06   2.6428223e+01
   5.1085160e+06   2.5573730e+01
   5.1092090e+06   2.7404785e+01
   5.1092300e+06   2.5939941e+01
   5.1092830e+06   2.5573730e+01
   5.1130440e+06   2.7526855e+01
   5.1130700e+06   5.2673340e+01
   5.1131400e+06   2.9602051e+01
   5.1132070e+06   2.6916504e+01
   5.1138920e+06   3.2470703e+01
   5.1139890e+06   2.7770996e+01
   5.1148300e+06   2.6184082e+01
   5.1148580e+06   3.5034180e+01
   5.1148690e+06   3.9794922e+01
   5.1159250e+06   2.8198242e+01
   5.1159510e+06   3.8757324e+01
   5.1206210e+06   2.7648926e+01
   5.1206360e+06   4.4067383e+01
   5.1206920e+06   2.9479980e+01
   5.1212630e+06   2.7038574e+01
   5.1213330e+06   2.8076172e+01
   5.1213470e+06   3.4545898e+01
   5.1213710e+06   2.6428223e+01
   5.1214350e+06   3.0212402e+01
   5.1223560e+06   2.8503418e+01
   5.1262010e+06   2.5390625e+01
   5.1262720e+06   2.9907227e+01
   5.1262880e+06   3.0273438e+01
   5.1264100e+06   2.8930664e+01
   5.1270220e+06   3.5522461e+01
   5.1270340e+06   4.1381836e+01
   5.1281110e+06   3.0517578e+01
   5.1321170e+06   3.1066895e+01
   5.1321350e+06   2.6367188e+01
   5.1330340e+06   2.6977539e+01
   5.1331410e+06   2.5817871e+01
   5.1369140e+06   4.4616699e+01
   5.1369500e+06   2.6733398e+01
   5.1370680e+06   2.6428223e+01
   5.1377370e+06   2.5695801e+01
   5.1377800e+06   3.4606934e+01
   5.1387290e+06   3.1250000e+01
   5.1387610e+06   3.1677246e+01
   5.1437080e+06   3.0639648e+01
   5.1437180e+06   3.0334473e+01
   5.1437720e+06   2.8808594e+01
   5.1444370e+06   2.5451660e+01
   5.1444600e+06   2.6550293e+01
   5.1444820e+06   3.3020020e+01
   5.1445270e+06   2.6672363e+01
   5.1457350e+06   3.4851074e+01
   5.1458260e+06   3.3569336e+01
   5.1466970e+06   3.3752441e+01
   5.1467220e+06   2.6367188e+01
   5.1481840e+06   3.2104492e+01
   5.1529170e+06   5.0109863e+01
   5.1529880e+06   3.5156250e+01
   5.1537240e+06   2.7038574e+01
   5.1537870e+06   2.6184082e+01
   5.1538120e+06   3.6010742e+01
   5.1547920e+06   3.2531738e+01
   5.1548170e+06   3.1555176e+01
   5.1549000e+06   3.3813477e+01
   5.1549280e+06   3.2287598e+01
   5.1556490e+06   2.6489258e+01
   5.1565870e+06   2.5878906e+01
   5.1566360e+06   4.1687012e+01
   5.1567800e+06   2.6367188e+01
   5.1578660e+06   2.6977539e+01
   5.1624920e+06   2.8137207e+01
   5.1625230e+06   3.6071777e+01
   5.1633480e+06   2.7404785e+01
   5.1634590e+06   3.1066895e+01
   5.1635140e+06   2.7893066e+01
   5.1673580e+06   3.5034180e+01
   5.1673680e+06   4.8522949e+01
   5.1674340e+06   3.2348633e+01
   5.1675040e+06   2.6855469e+01
   5.1675510e+06   2.5817871e+01
   5.1681690e+06   3.2348633e+01
   5.1682060e+06   2.6855469e+01
   5.1682460e+06   2.5512695e+01
   5.1683230e+06   3.7109375e+01
   5.1693280e+06   2.7282715e+01
   5.1693630e+06   4.2480469e+01
   5.1693730e+06   2.8808594e+01
   5.1694730e+06   2.7160645e+01
   5.1706790e+06   3.1677246e+01
   5.1754090e+06   3.5522461e+01
   5.1754310e+06   3.0700684e+01
   5.1755280e+06   2.9907227e+01
   5.1811340e+06   2.5573730e+01
   5.1811620e+06   3.2043457e+01
   5.1811870e+06   4.1198730e+01
   5.1812140e+06   2.7099609e+01
   5.1812900e+06   2.6550293e+01
   5.1813250e+06   2.6794434e+01
   5.1818570e+06   3.2165527e+01
   5.1879800e+06   5.1025391e+01
   5.1880020e+06   5.0415039e+01
   5.1880410e+06   2.7526855e+01
   5.1880580e+06   2.5451660e+01
   5.1888470e+06   3.2653809e+01
   5.1888780e+06   2.8869629e+01
   5.1889420e+06   2.7038574e+01
   5.1934270e+06   3.6560059e+01
   5.1934520e+06   3.6865234e+01
   5.1935000e+06   3.0273438e+01
   5.1937220e+06   3.0029297e+01
   5.1941970e+06   2.8076172e+01
   5.1942110e+06   2.7404785e+01
   5.1987510e+06   3.7719727e+01
   5.1987630e+06   2.9785156e+01
   5.1988150e+06   2.6672363e+01
   5.1988440e+06   3.6376953e+01
   5.1989000e+06   2.9968262e+01
   5.1995540e+06   2.7038574e+01
   5.1996110e+06   3.1188965e+01
   5.1996950e+06   3.1127930e+01
   5.2044580e+06   3.8635254e+01
   5.2044820e+06   2.5390625e+01
   5.2045540e+06   3.3569336e+01
   5.2046400e+06   2.6794434e+01
   5.2052160e+06   2.8747559e+01
   5.2052390e+06   2.6062012e+01
   5.2052840e+06   2.6367188e+01
   5.2065800e+06   2.6245117e+01
   5.2066150e+06   2.6794434e+01
   5.2066490e+06   2.9296875e+01
   5.2067470e+06   3.1494141e+01
   5.2075200e+06   3.1066895e+01
   5.2094080e+06   3.4179688e+01
   5.2095060e+06   2.7648926e+01
   5.2097560e+06   2.6550293e+01
   5.2160090e+06   2.6000977e+01
   5.2160210e+06   3.5888672e+01
   5.2161730e+06   2.9602051e+01
   5.2168350e+06   3.3325195e+01
   5.2169150e+06   2.5451660e+01
   5.2220390e+06   2.8198242e+01
   5.2220700e+06   2.8991699e+01
   5.2220880e+06   2.9968262e+01
   5.2221600e+06   3.0090332e+01
   5.2222050e+06   2.6306152e+01
   5.2228480e+06   2.6794434e+01
   5.2239920e+06   2.6367188e+01
   5.2240190e+06   3.7780762e+01
   5.2252980e+06   3.9245605e+01
   5.2305190e+06   2.5878906e+01
   5.2305560e+06   2.9541016e+01
   5.2305850e+06   3.8818359e+01
   5.2306610e+06   3.0578613e+01
   5.2307520e+06   2.6306152e+01
   5.2313710e+06   3.1188965e+01
   5.2314680e+06   2.9113770e+01
   5.2368260e+06   2.5512695e+01
   5.2368550e+06   3.4240723e+01
   5.2368700e+06   3.6743164e+01
   5.2370370e+06   2.8320313e+01
   5.2376770e+06   3.5644531e+01
   5.2389510e+06   2.6428223e+01
   5.2389760e+06   3.3508301e+01
   5.2389920e+06   2.6489258e+01
   5.2390280e+06   2.5634766e+01
   5.2460550e+06   2.6733398e+01
   5.2461510e+06   2.6672363e+01
   5.2461620e+06   2.6367188e+01
   5.2462420e+06   3.5400391e+01
   5.2470730e+06   2.8930664e+01
   5.2484290e+06   4.1625977e+01
   5.2484600e+06   2.7465820e+01
   5.2560670e+06   2.6184082e+01
   5.2560800e+06   4.0344238e+01
   5.2561330e+06   2.5695801e+01
   5.2561690e+06   2.9296875e+01
   5.2562190e+06   3.1188965e+01
   5.2565540e+06   2.9113770e+01
   5.2568220e+06   2.7893066e+01
   5.2578900e+06   3.9672852e+01
   5.2579030e+06   2.8869629e+01
   5.2735480e+06   2.6062012e+01
   5.2735630e+06   4.6203613e+01
   5.2735910e+06   2.6733398e+01
   5.2741500e+06   2.6733398e+01
   5.2742580e+06   2.8930664e+01
   5.2748510e+06   2.6611328e+01
   5.2755640e+06   2.7893066e+01
   5.2765520e+06   2.8808594e+01
   5.2766300e+06   2.6916504e+01
   5.2887920e+06   2.5939941e+01
   5.2888250e+06   3.5217285e+01
   5.2889150e+06   3.0944824e+01
   5.2890240e+06   4.0344238e+01
   5.2892030e+06   2.8320313e+01
   5.2912320e+06   2.5939941e+01
   5.2912840e+06   5.2001953e+01
   5.2913020e+06   2.6916504e+01
   5.2925590e+06   2.9724121e+01
   5.2925690e+06   3.7170410e+01
   5.3064390e+06   2.5390625e+01
   5.3064750e+06   2.8503418e+01
   5.3065120e+06   2.6672363e+01
   5.3065410e+06   2.9235840e+01
   5.3065510e+06   3.8330078e+01
   5.3066060e+06   2.8320313e+01
   5.3066420e+06   2.7221680e+01
   5.3071870e+06   2.5512695e+01
   5.3078810e+06   2.8442383e+01
   5.3089620e+06   3.5888672e+01
   5.3089720e+06   4.7119141e+01
   5.3090430e+06   2.8076172e+01
   5.3108940e+06   3.0639648e+01
   5.3115820e+06   2.6184082e+01
   5.3268880e+06   2.6306152e+01
   5.3269080e+06   3.4423828e+01
   5.3269210e+06   3.3325195e+01
   5.3269580e+06   2.7343750e+01
   5.3269950e+06   3.7780762e+01
   5.3270280e+06   3.5034180e+01
   5.3270400e+06   2.7587891e+01
   5.3270940e+06   2.7648926e+01
   5.3272820e+06   2.8564453e+01
   5.3275450e+06   3.0639648e+01
   5.3277040e+06   3.0700684e+01
   5.3308110e+06   3.0578613e+01
   5.3308360e+06   2.7954102e+01
   6.1859550e+06   3.0517578e+01
   6.1859690e+06   3.2836914e+01
   6.1860630e+06   2.7343750e+01
   6.1860740e+06   4.4555664e+01
   6.1860920e+06   5.0048828e+01
   6.1861190e+06   3.1799316e+01
   6.1861450e+06   2.8991699e+01
   6.1861740e+06   3.0029297e+01
   6.1862980e+06   2.6733398e+01
   6.1863440e+06   2.5634766e+01
   6.2904730e+06   2.7954102e+01
   6.2905030e+06   2.9174805e+01
   6.2905540e+06   2.7709961e+01
   6.2905890e+06   4.1625977e+01
   6.2906080e+06   7.4951172e+01
   6.2906350e+06   3.3081055e+01
   6.2906510e+06   4.3090820e+01
   6.2906800e+06   2.6123047e+01
   6.2907000e+06   3.2958984e+01
   6.2907550e+06   2.5878906e+01
   6.2908110e+06   2.6000977e+01
   6.2912660e+06   2.5695801e+01
   6.3703770e+06   2.8015137e+01
   6.3703980e+06   4.1687012e+01
   6.3704290e+06   3.2592773e+01
   6.3704460e+06   6.1096191e+01
   6.3704820e+06   3.9428711e+01
   6.3705200e+06   2.6977539e+01
   6.3705470e+06   2.8137207e+01
   6.3705690e+06   4.4006348e+01
   6.3705880e+06   2.5817871e+01
   6.3706120e+06   2.5573730e+01
   6.3706290e+06   2.6489258e+01
   6.3708110e+06   2.7465820e+01
   6.3708330e+06   2.5634766e+01
   6.3708570e+06   2.8137207e+01
   6.3710360e+06   2.9907227e+01
   6.3711330e+06   2.6306152e+01
   6.4409880e+06   2.7038574e+01
   6.4410100e+06   4.5349121e+01
   6.4410690e+06   3.7536621e+01
   6.4410860e+06   3.1066895e+01
   6.4411130e+06   2.6916504e+01
   6.4411280e+06   3.5827637e+01
   6.4411720e+06   3.4301758e+01
   6.4411990e+06   2.5939941e+01
   6.4412780e+06   3.0151367e+01
   6.4413280e+06   2.8198242e+01
   6.4413520e+06   2.5939941e+01
   6.4414500e+06   2.5573730e+01
   6.4416010e+06   2.9052734e+01
   6.4416800e+06   2.5878906e+01
   6.4417020e+06   2.6550293e+01
   6.4419090e+06   2.6000977e+01
   6.4423290e+06   2.7770996e+01
   6.4425750e+06   2.8442383e+01
   6.4425850e+06   3.2897949e+01
   6.4426220e+06   3.2897949e+01
   6.4433020e+06   2.6367187e+01
   6.5304810e+06   3.9245605e+01
   6.5304910e+06   2.6489258e+01
   6.5305370e+06   4.7790527e+01
   6.5305490e+06   3.7475586e+01
   6.5305790e+06   4.1687012e+01
   6.5306070e+06   3.2409668e+01
   6.5306320e+06   2.6794434e+01
   6.5306890e+06   2.5512695e+01
   6.5308040e+06   3.1311035e+01
   6.5310740e+06   2.7282715e+01
   6.5313400e+06   2.9785156e+01
   6.5316990e+06   2.7465820e+01
   6.5329940e+06   2.5756836e+01
   6.5334770e+06   3.3325195e+01
   6.5348040e+06   2.8259277e+01
   6.5794620e+06   3.3508301e+01
   6.5795020e+06   4.0405273e+01
   6.5795310e+06   2.7526855e+01
   6.5795480e+06   2.9663086e+01
   6.5795940e+06   3.3569336e+01
   6.5796320e+06   3.1188965e+01
   6.5796450e+06   2.6672363e+01
   6.5796740e+06   3.1433105e+01
   6.5797260e+06   2.7954102e+01
   6.5797870e+06   3.2287598e+01
   6.5798850e+06   2.8381348e+01
   6.5798980e+06   2.6550293e+01
   6.5799870e+06   2.7587891e+01
   6.5801230e+06   2.6306152e+01
   6.5803540e+06   2.7526855e+01
   6.5806750e+06   2.6733398e+01
   6.5809280e+06   2.9052734e+01
   6.5811640e+06   2.5695801e+01
   6.5813110e+06   3.1311035e+01
   6.5818670e+06   3.0090332e+01
   6.5822520e+06   2.5695801e+01
   6.5833340e+06   3.2531738e+01
   6.6390330e+06   2.6123047e+01
   6.6390630e+06   2.5634766e+01
   6.6390920e+06   4.5349121e+01
   6.6391340e+06   3.3569336e+01
   6.6391550e+06   2.9541016e+01
   6.6391810e+06   4.0954590e+01
   6.6392100e+06   3.8635254e+01
   6.6392370e+06   4.7302246e+01
   6.6392610e+06   3.0456543e+01
   6.6392960e+06   3.3813477e+01
   6.6394420e+06   2.5634766e+01
   6.6394920e+06   3.1005859e+01
   6.6395200e+06   2.5695801e+01
   6.6396260e+06   2.6855469e+01
   6.6398120e+06   2.5451660e+01
   6.6399150e+06   2.6794434e+01
   6.6407480e+06   2.5695801e+01
   6.6432050e+06   2.7343750e+01
   6.6432690e+06   3.0883789e+01
   6.6749610e+06   3.0639648e+01
   6.6749800e+06   3.1860352e+01
   6.6749920e+06   2.8076172e+01
   6.6750330e+06   4.0283203e+01
   6.6750500e+06   2.9541016e+01
   6.6750640e+06   3.2714844e+01
   6.6750770e+06   2.8930664e+01
   6.6751020e+06   2.6794434e+01
   6.6751160e+06   2.9907227e+01
   6.6751350e+06   2.8625488e+01
   6.6753390e+06   2.6184082e+01
   6.6753930e+06   2.7648926e+01
   6.6755170e+06   2.5695801e+01
   6.6776780e+06   3.1005859e+01
   6.6777210e+06   2.6428223e+01
   6.6784990e+06   3.4790039e+01
   6.6936710e+06   3.6499023e+01
   6.6936820e+06   3.7292480e+01
   6.6937300e+06   5.1391602e+01
   6.6937470e+06   4.2663574e+01
   6.6937780e+06   3.5217285e+01
   6.6937900e+06   2.8320313e+01
   6.6938190e+06   3.1311035e+01
   6.6938610e+06   3.4729004e+01
   6.6938730e+06   2.7160645e+01
   6.6939260e+06   2.6733398e+01
   6.6947090e+06   2.9663086e+01
   6.6951580e+06   2.7160645e+01
   6.6956410e+06   2.5817871e+01
   6.6965550e+06   2.9235840e+01
   6.6965830e+06   2.6184082e+01
   6.7028530e+06   3.0029297e+01
   6.7029080e+06   3.4973145e+01
   6.7029230e+06   3.3020020e+01
   6.7029880e+06   2.8625488e+01
   6.7030010e+06   2.6306152e+01
   6.7030940e+06   2.8503418e+01
   6.7036220e+06   2.9418945e+01
   6.7037560e+06   2.5573730e+01
   6.7048700e+06   3.6254883e+01
   6.7048890e+06   2.6550293e+01
   6.7050110e+06   2.6794434e+01
   6.7058300e+06   2.6306152e+01
   6.7058650e+06   2.6489258e+01
   6.7059350e+06   2.6855469e+01
   6.7059460e+06   2.8625488e+01
   6.7068650e+06   2.8869629e+01
   6.7068920e+06   4.7973633e+01
   6.7156420e+06   2.5512695e+01
   6.7156990e+06   4.1992188e+01
   6.7157120e+06   4.8034668e+01
   6.7157400e+06   3.2043457e+01
   6.7157570e+06   3.1005859e+01
   6.7157670e+06   2.6428223e+01
   6.7158460e+06   2.6428223e+01
   6.7159330e+06   2.8625488e+01
   6.7170020e+06   2.7038574e+01
   6.7170630e+06   2.5878906e+01
   6.7185170e+06   2.6367188e+01
   6.7185320e+06   2.9235840e+01
   6.7185510e+06   3.5034180e+01
   6.7233510e+06   2.9785156e+01
   6.7233740e+06   3.2714844e+01
   6.7234280e+06   3.5034180e+01
   6.7235590e+06   2.5939941e+01
   6.7240010e+06   2.6367187e+01
   6.7240460e+06   2.7648926e+01
   6.7246000e+06   3.4606934e+01
   6.7253160e+06   2.6184082e+01
   6.7261740e+06   3.0151367e+01
   6.7309010e+06   2.5939941e+01
   6.7309490e+06   3.1555176e+01
   6.7309730e+06   5.2368164e+01
   6.7309840e+06   2.6550293e+01
   6.7310110e+06   3.6315918e+01
   6.7310580e+06   3.1616211e+01
   6.7316600e+06   3.4851074e+01
   6.7316750e+06   2.7832031e+01
   6.7317540e+06   2.8808594e+01
   6.7323920e+06   2.7832031e+01
   6.7324350e+06   3.1372070e+01
   6.7324530e+06   3.2104492e+01
   6.7332940e+06   3.2775879e+01
   6.7333070e+06   4.1564941e+01
   6.7333620e+06   3.1127930e+01
   6.7345710e+06   3.4667969e+01
   6.7346150e+06   4.7180176e+01
   6.7393700e+06   2.6672363e+01
   6.7394000e+06   2.8930664e+01
   6.7394160e+06   3.4423828e+01
   6.7394480e+06   2.7770996e+01
   6.7394810e+06   2.5390625e+01
   6.7395410e+06   2.9418945e+01
   6.7395570e+06   2.6123047e+01
   6.7400220e+06   3.0761719e+01
   6.7400490e+06   3.0273438e+01
   6.7409730e+06   4.4189453e+01
   6.7419030e+06   5.4138184e+01
   6.7419300e+06   2.7404785e+01
   6.7428190e+06   3.5461426e+01
   6.7439180e+06   2.6794434e+01
   6.7439340e+06   2.6733398e+01
   6.7439520e+06   2.9174805e+01
   6.7439910e+06   2.5390625e+01
   6.7485840e+06   3.2653809e+01
   6.7486310e+06   2.6794434e+01
   6.7486460e+06   2.7832031e+01
   6.7486800e+06   3.0517578e+01
   6.7486980e+06   2.8747559e+01
   6.7492310e+06   3.0822754e+01
   6.7492430e+06   3.7292480e+01
   6.7501350e+06   3.2836914e+01
   6.7501480e+06   2.6672363e+01
   6.7502040e+06   2.7404785e+01
   6.7502210e+06   2.7221680e+01
   6.7567310e+06   2.8259277e+01
   6.7567430e+06   3.6743164e+01
   6.7567870e+06   4.0222168e+01
   6.7568040e+06   2.9846191e+01
   6.7568400e+06   2.6550293e+01
   6.7568650e+06   3.9916992e+01
   6.7569020e+06   2.8198242e+01
   6.7573880e+06   3.0517578e+01
   6.7581030e+06   3.0212402e+01
   6.7581680e+06   3.8208008e+01
   6.7589600e+06   3.5827637e+01
   6.7589850e+06   3.2897949e+01
   6.7590130e+06   4.0893555e+01
   6.7590520e+06   2.6367188e+01
   6.7602360e+06   2.9846191e+01
   6.7602600e+06   4.4982910e+01
   6.7603170e+06   2.5695801e+01
   6.7656370e+06   2.6000977e+01
   6.7656740e+06   2.5878906e+01
   6.7656950e+06   3.8696289e+01
   6.7657380e+06   2.8137207e+01
   6.7657490e+06   3.2653809e+01
   6.7657770e+06   2.7099609e+01
   6.7658080e+06   2.8381348e+01
   6.7667340e+06   2.6245117e+01
   6.7673030e+06   2.5451660e+01
   6.7683340e+06   3.4545898e+01
   6.7720570e+06   2.6000977e+01
   6.7720910e+06   2.9235840e+01
   6.7721100e+06   2.5390625e+01
   6.7721750e+06   2.8564453e+01
   6.7729040e+06   2.8076172e+01
   6.7729170e+06   2.5390625e+01
   6.7743500e+06   2.9724121e+01
   6.7743610e+06   4.3579102e+01
   6.7744210e+06   3.0212402e+01
   6.7744570e+06   2.5390625e+01
   6.7786220e+06   2.6428223e+01
   6.7786580e+06   2.9296875e+01
   6.7786790e+06   6.8115234e+01
   6.7787430e+06   4.5410156e+01
   6.7787710e+06   2.5512695e+01
   6.7793970e+06   2.8015137e+01
   6.7794180e+06   2.6306152e+01
   6.7794630e+06   2.7954102e+01
   6.7803130e+06   2.9052734e+01
   6.7803240e+06   3.0212402e+01
   6.7844350e+06   3.7841797e+01
   6.7844980e+06   3.1066895e+01
   6.7845180e+06   3.0639648e+01
   6.7851590e+06   2.6794434e+01
   6.7852020e+06   3.3325195e+01
   6.7852540e+06   3.1982422e+01
   6.7861380e+06   2.6977539e+01
   6.7861500e+06   3.9733887e+01
   6.7861770e+06   4.1076660e+01
   6.7870530e+06   3.3508301e+01
   6.7880440e+06   4.6386719e+01
   6.7925120e+06   4.3273926e+01
   6.7925890e+06   3.0090332e+01
   6.7936370e+06   2.7709961e+01
   6.7936650e+06   3.6682129e+01
   6.7973630e+06   2.7954102e+01
   6.7973770e+06   3.7048340e+01
   6.7974100e+06   3.2592773e+01
   6.7974490e+06   2.7526855e+01
   6.7975230e+06   2.7038574e+01
   6.7981970e+06   3.5034180e+01
   6.7982130e+06   3.3630371e+01
   6.7993250e+06   2.7221680e+01
   6.7993410e+06   3.3508301e+01
   6.7993680e+06   3.6254883e+01
   6.8003220e+06   2.5634766e+01
   6.8003590e+06   3.0334473e+01
   6.8003930e+06   3.0944824e+01
   6.8055490e+06   3.8635254e+01
   6.8055720e+06   3.0456543e+01
   6.8056080e+06   2.9052734e+01
   6.8056380e+06   2.9357910e+01
   6.8057120e+06   2.6306152e+01
   6.8063300e+06   2.6733398e+01
   6.8063910e+06   2.7709961e+01
   6.8064640e+06   2.8564453e+01
   6.8073710e+06   2.7526855e+01
   6.8073900e+06   3.2165527e+01
   6.8074670e+06   2.5451660e+01
   6.8082540e+06   2.7343750e+01
   6.8134050e+06   3.8452148e+01
   6.8134470e+06   2.9296875e+01
   6.8134850e+06   2.5573730e+01
   6.8143350e+06   3.2775879e+01
   6.8143590e+06   3.2104492e+01
   6.8144350e+06   2.6611328e+01
   6.8188770e+06   3.8146973e+01
   6.8188900e+06   2.6062012e+01
   6.8189490e+06   2.9418945e+01
   6.8189820e+06   3.3874512e+01
   6.8196300e+06   3.5888672e+01
   6.8206280e+06   2.5756836e+01
   6.8206420e+06   2.7954102e+01
   6.8206540e+06   3.7292480e+01
   6.8252660e+06   3.1250000e+01
   6.8252820e+06   3.5949707e+01
   6.8253510e+06   3.0090332e+01
   6.8254040e+06   2.5634766e+01
   6.8254410e+06   3.0273438e+01
   6.8260130e+06   2.6184082e+01
   6.8260420e+06   2.6794434e+01
   6.8273240e+06   3.0151367e+01
   6.8273470e+06   4.6630859e+01
   6.8274170e+06   2.9785156e+01
   6.8282120e+06   2.7954102e+01
   6.8299090e+06   2.7648926e+01
   6.8299230e+06   3.2104492e+01
   6.8299830e+06   2.5878906e+01
   6.8301080e+06   2.7832031e+01
   6.8303590e+06   3.3996582e+01
   6.8367640e+06   3.1921387e+01
   6.8367740e+06   2.6611328e+01
   6.8367880e+06   3.6987305e+01
   6.8374990e+06   2.5390625e+01
   6.8383570e+06   2.9785156e+01
   6.8393480e+06   4.2907715e+01
   6.8448140e+06   2.6367188e+01
   6.8448310e+06   6.0485840e+01
   6.8448570e+06   2.5878906e+01
   6.8449010e+06   2.6855469e+01
   6.8449160e+06   3.0639648e+01
   6.8449940e+06   2.5878906e+01
   6.8455640e+06   2.8564453e+01
   6.8468540e+06   2.5695801e+01
   6.8468640e+06   3.9611816e+01
   6.8469520e+06   3.2653809e+01
   6.8478580e+06   3.7109375e+01
   6.8478970e+06   2.6611328e+01
   6.8547350e+06   3.1311035e+01
   6.8547500e+06   4.0039062e+01
   6.8548230e+06   2.8320313e+01
   6.8549260e+06   2.8198242e+01
   6.8555030e+06   2.9479980e+01
   6.8567730e+06   2.7954102e+01
   6.8568020e+06   3.3569336e+01
   6.8568660e+06   2.6550293e+01
   6.8620120e+06   2.7221680e+01
   6.8620250e+06   3.9733887e+01
   6.8620450e+06   2.5817871e+01
   6.8620890e+06   2.8869629e+01
   6.8621170e+06   3.5156250e+01
   6.8621360e+06   2.7954102e+01
   6.8623210e+06   2.7160645e+01
   6.8628630e+06   2.6672363e+01
   6.8629120e+06   2.6672363e+01
   6.8630100e+06   2.6123047e+01
   6.8639020e+06   4.5776367e+01
   6.8695470e+06   2.6550293e+01
   6.8695900e+06   2.9418945e+01
   6.8697760e+06   2.6245117e+01
   6.8700560e+06   2.6733398e+01
   6.8717850e+06   3.9794922e+01
   6.8767390e+06   2.6916504e+01
   6.8767710e+06   3.1921387e+01
   6.8768100e+06   4.0893555e+01
   6.8768860e+06   2.6489258e+01
   6.8830100e+06   3.7048340e+01
   6.8830410e+06   3.8757324e+01
   6.8830820e+06   2.6062012e+01
   6.8831210e+06   2.6977539e+01
   6.8832660e+06   2.9296875e+01
   6.8842720e+06   3.2409668e+01
   6.8855930e+06   3.3813477e+01
   6.8856680e+06   2.7648926e+01
   6.8902810e+06   3.5705566e+01
   6.8903250e+06   3.2043457e+01
   6.8904510e+06   3.0334473e+01
   6.8906130e+06   3.0029297e+01
   6.8910550e+06   2.8137207e+01
   6.8917920e+06   2.9418945e+01
   6.8992850e+06   4.2419434e+01
   6.8993870e+06   2.7709961e+01
   6.9000450e+06   2.8259277e+01
   6.9012290e+06   3.7902832e+01
   6.9012390e+06   3.1982422e+01
   6.9069180e+06   2.7038574e+01
   6.9069420e+06   3.3813477e+01
   6.9069980e+06   2.8442383e+01
   6.9070280e+06   2.5390625e+01
   6.9071300e+06   2.9418945e+01
   6.9091320e+06   3.4729004e+01
   6.9145050e+06   3.5949707e+01
   6.9145330e+06   3.7780762e+01
   6.9146220e+06   2.9602051e+01
   6.9146440e+06   2.9602051e+01
   6.9149180e+06   3.1921387e+01
   6.9162460e+06   3.0700684e+01
   6.9167040e+06   2.5817871e+01
   6.9227880e+06   2.8686523e+01
   6.9228330e+06   3.8330078e+01
   6.9230470e+06   2.7893066e+01
   6.9237030e+06   2.5512695e+01
   6.9250690e+06   3.3691406e+01
   6.9250840e+06   3.0456543e+01
   6.9316440e+06   2.5817871e+01
   6.9316710e+06   3.4118652e+01
   6.9317720e+06   3.2165527e+01
   6.9318880e+06   2.5451660e+01
   6.9339550e+06   4.4372559e+01
   6.9339710e+06   2.6062012e+01
   6.9340490e+06   3.0029297e+01
   6.9431480e+06   2.7648926e+01
   6.9432150e+06   2.8198242e+01
   6.9432400e+06   2.8930664e+01
   6.9433550e+06   3.4912109e+01
   6.9434320e+06   2.5390625e+01
   6.9435650e+06   2.8869629e+01
   6.9438430e+06   2.5817871e+01
   6.9451040e+06   2.9846191e+01
   6.9460040e+06   2.6489258e+01
   6.9460280e+06   2.5756836e+01
   6.9562130e+06   3.1311035e+01
   6.9562440e+06   2.8991699e+01
   6.9562540e+06   3.4179688e+01
   6.9562730e+06   3.2897949e+01
   6.9563390e+06   2.6184082e+01
   6.9563710e+06   2.5390625e+01
   6.9564450e+06   2.7770996e+01
   6.9565410e+06   2.5878906e+01
   6.9569600e+06   2.5512695e+01
   6.9581910e+06   3.8513184e+01
   6.9590750e+06   3.1616211e+01
   6.9590880e+06   2.7160645e+01
   6.9701090e+06   3.0029297e+01
   6.9701670e+06   2.6123047e+01
   6.9701960e+06   2.5573730e+01
   6.9702190e+06   2.6916504e+01
   6.9702520e+06   3.5461426e+01
   6.9703330e+06   2.8076172e+01
   6.9730250e+06   2.5817871e+01
   7.8173280e+06   2.5756836e+01
   7.8173820e+06   4.2541504e+01
   7.8174340e+06   2.9235840e+01
   7.8174850e+06   2.8442383e+01
   7.8174990e+06   3.1311035e+01
   7.8175460e+06   2.6123047e+01
   7.8175770e+06   3.0151367e+01
   7.8175890e+06   3.0517578e+01
   7.8176380e+06   3.6315918e+01
   7.8176910e+06   3.8513184e+01
   7.8177290e+06   3.0822754e+01
   7.8177680e+06   2.8442383e+01
   7.8177960e+06   2.6367187e+01
   7.8178920e+06   2.8198242e+01
   7.8180710e+06   2.6611328e+01
   7.8181990e+06   2.7893066e+01
   7.8182100e+06   2.6367188e+01
   7.8873460e+06   5.2062988e+01
   7.8873840e+06   3.2226563e+01
   7.8874370e+06   3.0761719e+01
   7.8874850e+06   2.9663086e+01
   7.8875140e+06   3.3264160e+01
   7.8875610e+06   4.1748047e+01
   7.8876120e+06   3.0029297e+01
   7.8876220e+06   3.2897949e+01
   7.8876410e+06   3.1066895e+01
   7.8876900e+06   2.8259277e+01
   7.8880350e+06   2.7282715e+01
   7.8881460e+06   2.7770996e+01
   7.8882350e+06   2.9541016e+01
   7.9195130e+06   3.5827637e+01
   7.9195340e+06   4.0710449e+01
   7.9195990e+06   2.8015137e+01
   7.9196090e+06   5.6457520e+01
   7.9196530e+06   3.3020020e+01
   7.9196690e+06   4.0283203e+01
   7.9197040e+06   2.6123047e+01
   7.9197220e+06   3.2165527e+01
   7.9198400e+06   2.6123047e+01
   7.9199260e+06   2.6245117e+01
   7.9200420e+06   2.9357910e+01
   7.9201090e+06   2.5573730e+01
   7.9202870e+06   2.7099609e+01
   7.9203960e+06   3.2531738e+01
   7.9209960e+06   2.6123047e+01
   7.9210960e+06   2.7832031e+01
   7.9529920e+06   3.8391113e+01
   7.9530310e+06   2.6428223e+01
   7.9530490e+06   3.2409668e+01
   7.9531090e+06   2.9052734e+01
   7.9531210e+06   5.1025391e+01
   7.9531370e+06   3.0212402e+01
   7.9531570e+06   3.2958984e+01
   7.9531690e+06   3.2409668e+01
   7.9533090e+06   2.5451660e+01
   7.9533310e+06   2.9418945e+01
   7.9534910e+06   2.8808594e+01
   7.9539870e+06   2.8686523e+01
   7.9540070e+06   2.8564453e+01
   7.9542770e+06   2.7221680e+01
   7.9546410e+06   2.6611328e+01
   7.9547030e+06   2.6306152e+01
   7.9549880e+06   2.5451660e+01
   7.9858610e+06   3.1799316e+01
   7.9858880e+06   2.8747559e+01
   7.9859100e+06   3.4790039e+01
   7.9859230e+06   4.4006348e+01
   7.9859580e+06   2.8564453e+01
   7.9859960e+06   2.8503418e+01
   7.9860260e+06   2.9785156e+01
   7.9860390e+06   2.7282715e+01
   7.9860670e+06   3.5339355e+01
   7.9860870e+06   2.6184082e+01
   7.9861170e+06   2.6184082e+01
   7.9862230e+06   2.9235840e+01
   7.9865250e+06   3.1188965e+01
   7.9866420e+06   2.6123047e+01
   7.9869350e+06   3.2714844e+01
   7.9871870e+06   2.6184082e+01
   8.0165280e+06   2.5634766e+01
   8.0165510e+06   3.9794922e+01
   8.0165730e+06   3.0029297e+01
   8.0165850e+06   2.6367188e+01
   8.0166100e+06   3.4545898e+01
   8.0166280e+06   4.8095703e+01
   8.0166460e+06   3.1250000e+01
   8.0166850e+06   2.6550293e+01
   8.0167350e+06   2.6916504e+01
   8.0167480e+06   2.5573730e+01
   8.0167990e+06   3.3264160e+01
   8.0170630e+06   2.7648926e+01
   8.0171190e+06   2.5390625e+01
   8.0176650e+06   3.0273437e+01
   8.0179420e+06   2.6062012e+01
   8.0181040e+06   3.0029297e+01
   8.0190040e+06   2.9174805e+01
   8.0202550e+06   2.5634766e+01
   8.0413260e+06   3.4851074e+01
   8.0413800e+06   5.1696777e+01
   8.0413910e+06   3.1250000e+01
   8.0414020e+06   3.2836914e+01
   8.0414250e+06   3.1005859e+01
   8.0414350e+06   2.6733398e+01
   8.0414770e+06   2.7038574e+01
   8.0414950e+06   2.7465820e+01
   8.0415520e+06   2.8808594e+01
   8.0415810e+06   2.6123047e+01
   8.0416010e+06   2.9357910e+01
   8.0416510e+06   2.7770996e+01
   8.0416870e+06   2.8137207e+01
   8.0417910e+06   3.2531738e+01
   8.0419980e+06   2.7770996e+01
   8.0437940e+06   2.5451660e+01
   8.0442170e+06   2.6733398e+01
   8.0443410e+06   2.8137207e+01
   8.0688850e+06   2.7587891e+01
   8.0689040e+06   3.1433105e+01
   8.0689320e+06   2.6916504e+01
   8.0689500e+06   3.2287598e+01
   8.0689750e+06   3.2775879e+01
   8.0689930e+06   3.5156250e+01
   8.0690420e+06   3.1494141e+01
   8.0690530e+06   2.6794434e+01
   8.0690790e+06   3.2043457e+01
   8.0691380e+06   2.6367188e+01
   8.0691920e+06   2.9724121e+01
   8.0695760e+06   2.7770996e+01
   8.0699640e+06   3.0944824e+01
   8.0708960e+06   2.8198242e+01
   8.0718580e+06   2.6000977e+01
   8.0984200e+06   2.6000977e+01
   8.0984400e+06   2.8930664e+01
   8.0984580e+06   2.5390625e+01
   8.0984950e+06   2.9052734e+01
   8.0985100e+06   3.3752441e+01
   8.0985270e+06   4.4921875e+01
   8.0985550e+06   3.0151367e+01
   8.0985730e+06   4.4250488e+01
   8.0986100e+06   2.8198242e+01
   8.0986280e+06   3.4790039e+01
   8.0986600e+06   2.7282715e+01
   8.0986930e+06   3.7048340e+01
   8.0987570e+06   2.5695801e+01
   8.0988350e+06   3.3935547e+01
   8.0988480e+06   2.6550293e+01
   8.0993080e+06   2.6245117e+01
   8.0995710e+06   2.5512695e+01
   8.1010010e+06   2.6550293e+01
   8.1019270e+06   2.5634766e+01
   8.1019400e+06   2.7160645e+01
   8.1019840e+06   3.6254883e+01
   8.1020010e+06   3.0883789e+01
   8.1028780e+06   2.8808594e+01
   8.1029350e+06   4.1687012e+01
   8.1232020e+06   5.0415039e+01
   8.1232560e+06   2.7587891e+01
   8.1232710e+06   3.3508301e+01
   8.1232920e+06   2.7221680e+01
   8.1233210e+06   3.4423828e+01
   8.1233770e+06   3.9428711e+01
   8.1235200e+06   2.8564453e+01
   8.1235960e+06   2.9968262e+01
   8.1237280e+06   2.6000977e+01
   8.1260530e+06   2.9113770e+01
   8.1260700e+06   2.8076172e+01
   8.1260840e+06   3.1738281e+01
   8.1262040e+06   2.5390625e+01
   8.1264470e+06   2.5634766e+01
   8.1272760e+06   2.9968262e+01
   8.1273370e+06   3.5583496e+01
   8.1274410e+06   3.0090332e+01
   8.1459340e+06   2.7832031e+01
   8.1459450e+06   3.5644531e+01
   8.1459690e+06   3.3386230e+01
   8.1460080e+06   4.4189453e+01
   8.1460190e+06   4.8828125e+01
   8.1460600e+06   2.5939941e+01
   8.1460900e+06   2.9968262e+01
   8.1461270e+06   3.5461426e+01
   8.1461740e+06   2.6916504e+01
   8.1462450e+06   3.1188965e+01
   8.1463210e+06   2.8076172e+01
   8.1484740e+06   2.5756836e+01
   8.1485820e+06   2.8686523e+01
   8.1486800e+06   2.6367188e+01
   8.1495840e+06   2.7099609e+01
   8.1496200e+06   3.9184570e+01
   8.1496470e+06   2.9113770e+01
   8.1658550e+06   2.5817871e+01
   8.1658750e+06   4.6142578e+01
   8.1658850e+06   3.7841797e+01
   8.1659250e+06   2.6672363e+01
   8.1659370e+06   3.7780762e+01
   8.1659870e+06   2.8869629e+01
   8.1660120e+06   2.6550293e+01
   8.1664330e+06   2.5573730e+01
   8.1694740e+06   4.0893555e+01
   8.1695650e+06   2.8747559e+01
   8.1711060e+06   2.8015137e+01
   8.1711580e+06   3.9855957e+01
   8.1712130e+06   2.7282715e+01
   8.1783870e+06   2.5756836e+01
   8.1784210e+06   3.3447266e+01
   8.1784540e+06   4.3884277e+01
   8.1784840e+06   3.0517578e+01
   8.1785070e+06   3.6804199e+01
   8.1785180e+06   3.5949707e+01
   8.1785830e+06   2.5878906e+01
   8.1790380e+06   2.7893066e+01
   8.1791140e+06   2.6550293e+01
   8.1795870e+06   2.6306152e+01
   8.1803610e+06   3.8024902e+01
   8.1804250e+06   2.8503418e+01
   8.1811710e+06   3.5766602e+01
   8.1811870e+06   3.4057617e+01
   8.1819420e+06   2.6245117e+01
   8.1878080e+06   2.6123047e+01
   8.1878480e+06   3.9550781e+01
   8.1879850e+06   2.5695801e+01
   8.1883930e+06   2.6977539e+01
   8.1885300e+06   2.5390625e+01
   8.1890690e+06   3.2958984e+01
   8.1899190e+06   3.4790039e+01
   8.1899430e+06   3.6621094e+01
   8.1899760e+06   2.6184082e+01
   8.1907740e+06   3.2653809e+01
   8.1907910e+06   2.8991699e+01
   8.1916420e+06   3.1066895e+01
   8.1995420e+06   2.8198242e+01
   8.1995530e+06   5.6762695e+01
   8.1995750e+06   2.8076172e+01
   8.1996690e+06   3.1311035e+01
   8.2001260e+06   3.5827637e+01
   8.2002060e+06   2.7832031e+01
   8.2006900e+06   2.7832031e+01
   8.2008190e+06   2.6611328e+01
   8.2015710e+06   5.0476074e+01
   8.2015810e+06   2.9418945e+01
   8.2024980e+06   2.5573730e+01
   8.2025200e+06   3.2714844e+01
   8.2026170e+06   2.5512695e+01
   8.2032830e+06   2.6550293e+01
   8.2033370e+06   2.9235840e+01
   8.2033510e+06   3.0273438e+01
   8.2050260e+06   3.0822754e+01
   8.2050570e+06   3.3508301e+01
   8.2129970e+06   3.0029297e+01
   8.2130090e+06   5.3100586e+01
   8.2130720e+06   2.8625488e+01
   8.2131330e+06   2.8869629e+01
   8.2135370e+06   3.1982422e+01
   8.2135980e+06   2.6245117e+01
   8.2141210e+06   2.6062012e+01
   8.2142670e+06   2.7526855e+01
   8.2142890e+06   2.5451660e+01
   8.2148750e+06   2.6184082e+01
   8.2161390e+06   3.3203125e+01
   8.2161550e+06   3.7170410e+01
   8.2170480e+06   3.4179688e+01
   8.2170590e+06   3.0151367e+01
   8.2182610e+06   3.4667969e+01
   8.2183500e+06   2.6428223e+01
   8.2184840e+06   2.7770996e+01
   8.2256480e+06   2.6794434e+01
   8.2256860e+06   3.1799316e+01
   8.2256980e+06   6.5002441e+01
   8.2257140e+06   2.7648926e+01
   8.2257430e+06   2.5390625e+01
   8.2258500e+06   2.7038574e+01
   8.2262280e+06   2.5756836e+01
   8.2268950e+06   2.5634766e+01
   8.2269080e+06   2.7404785e+01
   8.2278110e+06   2.6000977e+01
   8.2278430e+06   3.3447266e+01
   8.2279020e+06   2.7893066e+01
   8.2292360e+06   2.9907227e+01
   8.2292710e+06   2.7282715e+01
   8.2293540e+06   2.6733398e+01
   8.2301970e+06   3.5705566e+01
   8.2302080e+06   2.8808594e+01
   8.2373810e+06   2.7465820e+01
   8.2373910e+06   4.4006348e+01
   8.2374400e+06   2.9541016e+01
   8.2374510e+06   3.0029297e+01
   8.2374700e+06   2.7648926e+01
   8.2380140e+06   3.1127930e+01
   8.2380420e+06   2.6916504e+01
   8.2386540e+06   2.5756836e+01
   8.2386710e+06   2.5756836e+01
   8.2396280e+06   2.6611328e+01
   8.2396620e+06   2.9663086e+01
   8.2397000e+06   3.5766602e+01
   8.2397750e+06   2.7160645e+01
   8.2412440e+06   3.5827637e+01
   8.2412810e+06   3.5949707e+01
   8.2422550e+06   2.7770996e+01
   8.2422910e+06   2.8686523e+01
   8.2423090e+06   2.7465820e+01
   8.2487360e+06   3.0029297e+01
   8.2488090e+06   2.8198242e+01
   8.2493710e+06   2.7404785e+01
   8.2502000e+06   3.7658691e+01
   8.2502560e+06   2.5451660e+01
   8.2502880e+06   2.8381348e+01
   8.2553080e+06   3.2653809e+01
   8.2553380e+06   3.4057617e+01
   8.2553830e+06   2.6306152e+01
   8.2559680e+06   2.8015137e+01
   8.2560530e+06   2.6123047e+01
   8.2568540e+06   2.6733398e+01
   8.2568780e+06   3.4423828e+01
   8.2634440e+06   3.6010742e+01
   8.2634690e+06   2.9785156e+01
   8.2635230e+06   2.7709961e+01
   8.2635330e+06   2.5634766e+01
   8.2640540e+06   2.9724121e+01
   8.2647840e+06   3.2226563e+01
   8.2648140e+06   2.5451660e+01
   8.2656510e+06   2.7038574e+01
   8.2656620e+06   3.0334473e+01
   8.2667450e+06   4.1870117e+01
   8.2722640e+06   3.0151367e+01
   8.2723350e+06   3.0334473e+01
   8.2723930e+06   2.8930664e+01
   8.2730230e+06   2.6123047e+01
   8.2739660e+06   2.8686523e+01
   8.2739820e+06   2.7648926e+01
   8.2740350e+06   2.6855469e+01
   8.2749050e+06   3.0883789e+01
   8.2751530e+06   2.8259277e+01
   8.2809060e+06   2.6855469e+01
   8.2809860e+06   4.8217773e+01
   8.2810500e+06   3.2043457e+01
   8.2810700e+06   2.5512695e+01
   8.2811400e+06   2.6733398e+01
   8.2816380e+06   3.2226563e+01
   8.2817350e+06   2.6245117e+01
   8.2827050e+06   2.6733398e+01
   8.2827440e+06   2.8991699e+01
   8.2827860e+06   2.5512695e+01
   8.2840420e+06   2.9052734e+01
   8.2840770e+06   3.4912109e+01
   8.2844010e+06   2.6977539e+01
   8.2900700e+06   2.6611328e+01
   8.2901210e+06   3.7170410e+01
   8.2902160e+06   2.6916504e+01
   8.2902600e+06   2.5390625e+01
   8.2919130e+06   2.7160645e+01
   8.2919840e+06   2.9479980e+01
   8.2995890e+06   3.4423828e+01
   8.2996140e+06   4.0588379e+01
   8.2996760e+06   3.1372070e+01
   8.2997060e+06   2.8991699e+01
   8.2997820e+06   2.8625488e+01
   8.2998980e+06   2.7770996e+01
   8.3000590e+06   2.6916504e+01
   8.3002650e+06   2.9235840e+01
   8.3011010e+06   2.7038574e+01
   8.3022930e+06   2.6916504e+01
   8.3023150e+06   2.6306152e+01
   8.3083570e+06   3.6193848e+01
   8.3083940e+06   2.7770996e+01
   8.3084590e+06   3.5034180e+01
   8.3090890e+06   2.5756836e+01
   8.3102290e+06   3.3203125e+01
   8.3102570e+06   4.6081543e+01
   8.3115740e+06   3.8513184e+01
   8.3173660e+06   2.8625488e+01
   8.3173910e+06   3.6071777e+01
   8.3174660e+06   2.7832031e+01
   8.3176930e+06   2.6062012e+01
   8.3191810e+06   3.0517578e+01
   8.3279960e+06   3.4545898e+01
   8.3280230e+06   3.0090332e+01
   8.3280500e+06   4.1442871e+01
   8.3280840e+06   2.6550293e+01
   8.3281080e+06   2.8991699e+01
   8.3281970e+06   2.6062012e+01
   8.3283170e+06   2.6550293e+01
   8.3307650e+06   3.3508301e+01
   8.3307970e+06   2.6000977e+01
   8.3389280e+06   3.3813477e+01
   8.3389720e+06   4.0222168e+01
   8.3390210e+06   2.6794434e+01
   8.3390380e+06   2.6794434e+01
   8.3407180e+06   2.7404785e+01
   8.3407620e+06   2.8869629e+01
   8.3407970e+06   3.0639648e+01
   8.3419010e+06   3.5217285e+01
   8.3419700e+06   2.6245117e+01
   8.3522160e+06   3.4973145e+01
   8.3523150e+06   2.7770996e+01
   8.3524470e+06   2.9052734e+01
   8.3524600e+06   2.7465820e+01
   8.3529160e+06   2.6123047e+01
   8.3539140e+06   2.9968262e+01
   8.3547930e+06   2.6489258e+01
   8.3548310e+06   4.3273926e+01
   8.3653930e+06   2.8259277e+01
   8.3654930e+06   3.2592773e+01
   8.3655260e+06   2.6062012e+01
   8.3655870e+06   3.2104492e+01
   8.3657090e+06   3.2653809e+01
   8.3658170e+06   3.5583496e+01
   8.3672190e+06   2.5756836e+01
   8.3672410e+06   2.6000977e+01
   8.3682330e+06   3.0334473e+01
   8.3695120e+06   3.5705566e+01
   8.3695360e+06   3.0334473e+01
   8.3820110e+06   4.1320801e+01
   8.3820470e+06   3.1799316e+01
   8.3821170e+06   3.8879395e+01
   8.3821950e+06   2.7465820e+01
   8.3822850e+06   3.2775879e+01
   8.3838060e+06   2.5451660e+01
   8.3838420e+06   2.7770996e+01
   8.3845810e+06   3.9001465e+01
   8.3846220e+06   2.9663086e+01
   8.3855000e+06   2.6062012e+01
   8.3855290e+06   3.0578613e+01
   8.4067050e+06   2.8747559e+01
   8.4067380e+06   3.0151367e+01
   8.4067640e+06   2.6672363e+01
   8.4068350e+06   2.6977539e+01
   8.4083970e+06   2.7709961e+01
   8.4091390e+06   2.7526855e+01
   8.4091930e+06   2.7587891e+01
   8.4103450e+06   3.8146973e+01
   8.4104630e+06   3.1250000e+01
   8.4104740e+06   3.0273438e+01
   8.4114600e+06   2.8747559e+01
   8.4114760e+06   3.1188965e+01
   8.4115600e+06   2.8564453e+01
