   1.1996000e+07   0.0000000e+00
   3.6942000e+04   6.4575195e+01
   4.5399000e+04   7.1411133e+01
   4.5674000e+04   6.1279297e+01
   4.6060000e+04   4.7668457e+01
   4.6510000e+04   4.6752930e+01
   4.6833000e+04   3.1311035e+01
   4.7120000e+04   3.1005859e+01
   4.8804000e+04   6.1462402e+01
   4.9786000e+04   5.7250977e+01
   5.0132000e+04   4.1442871e+01
   5.0355000e+04   2.5085449e+01
   5.6483000e+04   6.3354492e+01
   5.6689000e+04   3.4790039e+01
   6.1188000e+04   2.2705078e+01
   1.3737600e+05   8.1787109e+01
   1.3752200e+05   5.6457520e+01
   1.3778800e+05   4.4799805e+01
   1.3807600e+05   3.5461426e+01
   1.3855000e+05   3.4851074e+01
   1.3910100e+05   2.5390625e+01
   1.6786400e+05   7.4218750e+01
   1.6918900e+05   6.7321777e+01
   1.8995000e+05   6.5551758e+01
   1.9032100e+05   5.1635742e+01
   1.9077700e+05   5.7678223e+01
   1.9098600e+05   2.9357910e+01
   2.0875100e+05   7.3608398e+01
   2.0883800e+05   3.2470703e+01
   2.0897300e+05   2.6489258e+01
   2.5297500e+05   6.1523438e+01
   2.5324400e+05   6.6162109e+01
   2.5345500e+05   4.0832520e+01
   2.5369000e+05   3.1372070e+01
   2.5397000e+05   2.3315430e+01
   2.9048900e+05   7.6354980e+01
   2.9063200e+05   4.9011230e+01
   2.9088500e+05   4.2968750e+01
   2.9114000e+05   2.4291992e+01
   2.9115900e+05   3.6560059e+01
   2.9139100e+05   3.1433105e+01
   3.2738100e+05   6.8420410e+01
   3.2836100e+05   6.9152832e+01
   3.2852900e+05   2.4230957e+01
   3.2915400e+05   3.8879395e+01
   3.5302200e+05   7.4768066e+01
   3.5317200e+05   4.6325684e+01
   3.5333300e+05   4.0466309e+01
   3.5349800e+05   2.2155762e+01
   3.9915400e+05   8.5021973e+01
   3.9940500e+05   6.5856934e+01
   3.9963600e+05   5.2856445e+01
   3.9984200e+05   2.8259277e+01
   4.2412100e+05   6.8115234e+01
   4.2457200e+05   5.7067871e+01
   4.2493000e+05   6.0852051e+01
   4.2512400e+05   3.3630371e+01
   4.2595800e+05   2.2277832e+01
   4.2960300e+05   6.0791016e+01
   4.2982000e+05   4.7729492e+01
   4.3002400e+05   3.1799316e+01
   4.9184700e+05   7.3608398e+01
   4.9186100e+05   2.2094727e+01
   4.9196000e+05   3.5583496e+01
   4.9210800e+05   4.0527344e+01
   4.9228600e+05   2.6062012e+01
   5.0613000e+05   2.4841309e+01
   5.0617500e+05   6.2255859e+01
   5.4441000e+05   2.3315430e+01
   5.4442200e+05   7.5744629e+01
   5.4448800e+05   2.2888184e+01
   5.4454500e+05   3.9428711e+01
   5.4474700e+05   3.6315918e+01
   5.4493400e+05   2.3132324e+01
   5.7856500e+05   7.2326660e+01
   5.8076400e+05   7.6904297e+01
   5.8096700e+05   4.7607422e+01
   5.8113500e+05   3.3447266e+01
   6.0053700e+05   7.1166992e+01
   6.0080500e+05   4.6875000e+01
   6.0114600e+05   3.8879395e+01
   6.0144100e+05   3.5461426e+01
   6.0177400e+05   3.3264160e+01
   6.2456000e+05   6.4758301e+01
   6.2674900e+05   8.2580566e+01
   6.7643700e+05   7.7331543e+01
   6.7658300e+05   5.5603027e+01
   6.7678900e+05   3.4545898e+01
   7.0286200e+05   7.0007324e+01
   7.0298000e+05   2.8808594e+01
   7.0318600e+05   4.3701172e+01
   7.0342800e+05   3.8635254e+01
   7.0364200e+05   3.1372070e+01
   7.2456100e+05   6.0668945e+01
   7.2474800e+05   4.9987793e+01
   7.2497600e+05   3.5156250e+01
   7.2520300e+05   3.6987305e+01
   7.2560400e+05   2.3254395e+01
   7.6512600e+05   7.4462891e+01
   7.6557900e+05   6.2194824e+01
   7.6586300e+05   4.4616699e+01
   7.6614300e+05   3.2775879e+01
   7.6640200e+05   2.6794434e+01
   7.7027400e+05   6.9885254e+01
   7.7065200e+05   4.8828125e+01
   7.7098700e+05   3.1860352e+01
   7.7129200e+05   2.8747559e+01
   8.1991500e+05   7.5378418e+01
   8.1992500e+05   2.4963379e+01
   8.2015800e+05   5.7495117e+01
   8.2043700e+05   4.0588379e+01
   8.2088300e+05   3.8513184e+01
   8.4579000e+05   7.4584961e+01
   8.4657500e+05   6.5551758e+01
   8.4695600e+05   3.2531738e+01
   8.4808500e+05   5.1086426e+01
   8.6781100e+05   7.8002930e+01
   8.6833800e+05   5.5969238e+01
   8.6889700e+05   5.7067871e+01
   8.6913000e+05   3.1005859e+01
   8.6939100e+05   3.3935547e+01
   8.8299200e+05   7.5317383e+01
   8.8866500e+05   7.5317383e+01
   8.8886100e+05   4.5410156e+01
   8.8942800e+05   4.3151855e+01
   8.9231800e+05   6.4025879e+01
   8.9246500e+05   2.6245117e+01
   8.9275700e+05   3.1127930e+01
   9.0158100e+05   6.9152832e+01
   9.0175200e+05   5.1940918e+01
   9.0196900e+05   3.4301758e+01
   9.0226300e+05   2.8442383e+01
   9.0303100e+05   3.1799316e+01
   9.0409400e+05   4.6875000e+01
   9.2369600e+05   6.6467285e+01
   9.2386500e+05   4.9499512e+01
   9.2427200e+05   4.9438477e+01
   9.4682000e+05   8.6120605e+01
   9.4697800e+05   2.8076172e+01
   9.4727100e+05   5.4443359e+01
   9.4756700e+05   4.1442871e+01
   9.4790000e+05   2.9846191e+01
   9.7115900e+05   7.3059082e+01
   9.7214300e+05   5.6091309e+01
   9.9332100e+05   7.3791504e+01
   9.9345700e+05   4.6325684e+01
   9.9376700e+05   3.7292480e+01
   9.9456700e+05   5.5297852e+01
   9.9637700e+05   2.2949219e+01
   9.9641700e+05   6.7810059e+01
   9.9685600e+05   4.9011230e+01
   9.9723500e+05   3.8269043e+01
   1.0342760e+06   7.9650879e+01
   1.0343840e+06   3.1372070e+01
   1.0714870e+06   2.4230957e+01
   1.0715180e+06   7.4340820e+01
   1.0720110e+06   5.7617188e+01
   1.0727640e+06   6.2683105e+01
   1.0912900e+06   6.2377930e+01
   1.0917360e+06   6.0668945e+01
   1.1218370e+06   7.0800781e+01
   1.1223340e+06   5.5847168e+01
   1.1227360e+06   4.9865723e+01
   1.1428740e+06   6.7749023e+01
   1.1507810e+06   8.0383301e+01
   1.1509500e+06   4.2419434e+01
   1.1512050e+06   3.7170410e+01
   1.1514530e+06   2.2888184e+01
   1.1797330e+06   7.9040527e+01
   1.1799760e+06   5.5725098e+01
   1.1802780e+06   4.5776367e+01
   1.1805310e+06   2.9479980e+01
   1.1807480e+06   2.4047852e+01
   1.2042060e+06   6.9458008e+01
   1.2055010e+06   7.1594238e+01
   1.2343120e+06   7.9711914e+01
   1.2345890e+06   4.8278809e+01
   1.2348370e+06   4.4555664e+01
   1.2350320e+06   2.5451660e+01
   1.3128430e+06   8.0993652e+01
   1.3137870e+06   7.0495605e+01
   1.3158960e+06   7.5317383e+01
   1.3170570e+06   5.1269531e+01
   1.3469640e+06   6.5124512e+01
   1.3475330e+06   5.5419922e+01
   1.3487310e+06   6.7443848e+01
   1.3643940e+06   7.6049805e+01
   1.3652740e+06   6.6223145e+01
   1.3661260e+06   5.6213379e+01
   1.3664400e+06   6.8115234e+01
   1.3668160e+06   3.3386230e+01
   1.3671840e+06   3.3508301e+01
   1.3802090e+06   7.3303223e+01
   1.3805280e+06   5.5603027e+01
   1.3808930e+06   5.4809570e+01
   1.4078890e+06   7.4157715e+01
   1.4080880e+06   5.7678223e+01
   1.4082770e+06   4.4677734e+01
   1.4084730e+06   2.3864746e+01
   1.4508930e+06   8.1420898e+01
   1.4521040e+06   6.2500000e+01
   1.4581590e+06   7.3913574e+01
   1.4584920e+06   5.1757813e+01
   1.4587470e+06   4.5837402e+01
   1.4590010e+06   3.4545898e+01
   1.4593710e+06   2.5085449e+01
   1.5194110e+06   6.0607910e+01
   1.5208040e+06   6.6406250e+01
   1.5209470e+06   3.4729004e+01
   1.5211890e+06   3.1372070e+01
   1.5215150e+06   3.9184570e+01
   1.5387490e+06   7.1411133e+01
   1.5443990e+06   7.7575684e+01
   1.5446600e+06   5.3405762e+01
   1.5450400e+06   3.8757324e+01
   1.5766600e+06   6.9702148e+01
   1.5768620e+06   5.7312012e+01
   1.5770740e+06   3.3508301e+01
   1.6296020e+06   2.5207520e+01
   1.6296280e+06   7.7514648e+01
   1.6299060e+06   5.3771973e+01
   1.6306290e+06   5.4809570e+01
   1.6337320e+06   6.2377930e+01
   1.6342480e+06   5.6945801e+01
   1.6373370e+06   6.4025879e+01
   1.6375940e+06   4.9743652e+01
   1.6679280e+06   8.7890625e+01
   1.6680580e+06   3.8330078e+01
   1.6682860e+06   4.0832520e+01
   1.6689590e+06   6.1889648e+01
   1.6694330e+06   2.2949219e+01
   1.6694750e+06   5.5419922e+01
   1.6749920e+06   7.1411133e+01
   1.6751390e+06   3.9367676e+01
   1.6755060e+06   3.6499023e+01
   1.6758480e+06   3.1738281e+01
   1.6774180e+06   5.6884766e+01
   1.7157980e+06   7.4340820e+01
   1.7158120e+06   2.4291992e+01
   1.7338430e+06   8.2641602e+01
   1.7339830e+06   3.8452148e+01
   1.7342200e+06   4.5227051e+01
   1.7344920e+06   2.7954102e+01
   1.7423600e+06   8.1604004e+01
   1.7424790e+06   4.0039063e+01
   1.7426080e+06   3.0151367e+01
   1.7448650e+06   2.3925781e+01
   1.7460710e+06   4.2724609e+01
   1.7477710e+06   5.0537109e+01
   1.7716120e+06   7.3486328e+01
   1.7956350e+06   6.4636230e+01
   1.7961970e+06   5.9143066e+01
   1.8023100e+06   7.5866699e+01
   1.8026480e+06   5.9082031e+01
   1.8030520e+06   5.4077148e+01
   1.8035230e+06   4.6875000e+01
   1.8332030e+06   7.5561523e+01
   1.8337170e+06   7.1716309e+01
   1.8345250e+06   5.2490234e+01
   1.8606620e+06   7.6110840e+01
   1.8607810e+06   4.5104980e+01
   1.8611090e+06   4.5104980e+01
   1.8613410e+06   3.1860352e+01
   1.8830180e+06   7.4584961e+01
   1.8831620e+06   4.1809082e+01
   1.8840280e+06   6.8481445e+01
   1.8843100e+06   4.2785645e+01
   1.8846730e+06   4.8278809e+01
   1.8889300e+06   6.6406250e+01
   1.8890540e+06   3.1677246e+01
   1.8892640e+06   2.6123047e+01
   1.8895420e+06   2.2460938e+01
   1.9027630e+06   6.2927246e+01
   1.9279700e+06   7.2021484e+01
   1.9287150e+06   7.3608398e+01
   1.9291220e+06   5.2001953e+01
   1.9521230e+06   7.9284668e+01
   1.9527920e+06   6.4880371e+01
   1.9727590e+06   6.6894531e+01
   1.9731300e+06   4.9438477e+01
   1.9800710e+06   7.1044922e+01
   1.9822700e+06   7.8857422e+01
   1.9823870e+06   2.5024414e+01
   1.9826300e+06   3.9123535e+01
   1.9829550e+06   4.2053223e+01
   2.0103620e+06   7.0068359e+01
   2.0106760e+06   6.2133789e+01
   2.0108960e+06   4.2663574e+01
   2.0111020e+06   3.5034180e+01
   2.0391640e+06   7.1899414e+01
   2.0393220e+06   4.6936035e+01
   2.0397560e+06   5.9570313e+01
   2.0404110e+06   5.0048828e+01
   2.0759900e+06   7.7087402e+01
   2.0765820e+06   6.4697266e+01
   2.0767470e+06   2.7465820e+01
   2.0771840e+06   4.9133301e+01
   2.0959940e+06   6.7443848e+01
   2.0962750e+06   5.6213379e+01
   2.0965370e+06   5.5175781e+01
   2.0968700e+06   3.9855957e+01
   2.0970890e+06   2.6062012e+01
   2.0973130e+06   2.4597168e+01
   2.1222850e+06   4.3457031e+01
   2.1228250e+06   5.3161621e+01
   2.1232810e+06   5.6213379e+01
   2.1239710e+06   6.0058594e+01
   2.1418970e+06   6.7321777e+01
   2.1420710e+06   5.3283691e+01
   2.1506500e+06   6.9152832e+01
   2.1756310e+06   6.8054199e+01
   2.1757650e+06   3.3386230e+01
   2.1759010e+06   2.9052734e+01
   2.1797780e+06   6.4147949e+01
   2.2099050e+06   6.6772461e+01
   2.2116390e+06   8.0078125e+01
   2.2370610e+06   6.7138672e+01
   2.2374910e+06   5.2978516e+01
   2.2379110e+06   5.0048828e+01
   2.2382030e+06   5.3955078e+01
   2.2385260e+06   2.8808594e+01
   2.2390390e+06   3.6132813e+01
   2.2628400e+06   6.4025879e+01
   2.2639910e+06   6.7871094e+01
   2.2697390e+06   5.5541992e+01
   2.2702830e+06   5.5541992e+01
   2.2945020e+06   6.5429688e+01
   2.3019900e+06   6.6711426e+01
   2.3162400e+06   8.3801270e+01
   2.3163430e+06   2.7954102e+01
   2.3165260e+06   3.3630371e+01
   2.3574860e+06   7.4523926e+01
   2.3578280e+06   6.9824219e+01
   2.3582300e+06   5.1208496e+01
   2.3588990e+06   6.1157227e+01
   2.3592610e+06   2.5024414e+01
   2.3626340e+06   6.3903809e+01
   2.3628170e+06   3.4606934e+01
   2.3631040e+06   2.6245117e+01
   2.3634220e+06   2.7893066e+01
   2.3808670e+06   8.0200195e+01
   2.3827420e+06   6.6467285e+01
   2.3829150e+06   3.0578613e+01
   2.3832090e+06   3.7841797e+01
   2.4047430e+06   9.1491699e+01
   2.4048600e+06   3.8574219e+01
   2.4050140e+06   2.6672363e+01
   2.4266710e+06   7.4218750e+01
   2.4352280e+06   6.6162109e+01
   2.4360120e+06   6.9702148e+01
   2.4513160e+06   3.0761719e+01
   2.4513450e+06   7.2937012e+01
   2.4519210e+06   6.7993164e+01
   2.4647890e+06   6.4453125e+01
   2.4652580e+06   6.1340332e+01
   2.4659310e+06   5.8959961e+01
   2.4676610e+06   7.0495605e+01
   2.4678310e+06   3.1616211e+01
   2.4680730e+06   3.3752441e+01
   2.4683690e+06   3.2104492e+01
   2.4867730e+06   6.4697266e+01
   2.4869060e+06   2.9907227e+01
   2.4871560e+06   3.6682129e+01
   2.4875380e+06   2.9357910e+01
   2.4998400e+06   7.4340820e+01
   2.5111400e+06   7.5683594e+01
   2.5112610e+06   2.3925781e+01
   2.5115070e+06   4.0405273e+01
   2.5118860e+06   3.9550781e+01
   2.5122110e+06   3.2836914e+01
   2.5125780e+06   2.4902344e+01
   2.5251630e+06   7.1411133e+01
   2.5252820e+06   3.9916992e+01
   2.5254540e+06   2.7221680e+01
   2.5257670e+06   2.9479980e+01
   2.5260380e+06   2.5268555e+01
   2.5412630e+06   8.2153320e+01
   2.5413800e+06   2.9785156e+01
   2.5416140e+06   3.7475586e+01
   2.5418370e+06   2.2705078e+01
   2.5421420e+06   2.2399902e+01
   2.5439960e+06   5.8715820e+01
   2.5684390e+06   8.4289551e+01
   2.5685620e+06   2.8686523e+01
   2.5925630e+06   2.2583008e+01
   2.5926110e+06   6.9091797e+01
   2.5930210e+06   4.4738770e+01
   2.5934140e+06   5.3283691e+01
   2.5938830e+06   6.1218262e+01
   2.5945390e+06   4.8950195e+01
   2.6221770e+06   6.9763184e+01
   2.6227700e+06   6.8176270e+01
   2.6259490e+06   7.7270508e+01
   2.6427080e+06   6.1889648e+01
   2.6430470e+06   4.4921875e+01
   2.6433300e+06   3.8635254e+01
   2.6437410e+06   3.7902832e+01
   2.6614770e+06   6.8786621e+01
   2.6619040e+06   5.3161621e+01
   2.6621680e+06   3.0822754e+01
   2.6660140e+06   6.0729980e+01
   2.6823360e+06   6.9091797e+01
   2.6825220e+06   6.1279297e+01
   2.6829020e+06   4.2663574e+01
   2.6834120e+06   5.8105469e+01
   2.6851760e+06   6.4697266e+01
   2.6854840e+06   3.5156250e+01
   2.6858320e+06   4.0222168e+01
   2.7000540e+06   7.0373535e+01
   2.7002450e+06   3.7536621e+01
   2.7178650e+06   7.3669434e+01
   2.7180470e+06   4.1809082e+01
   2.7187630e+06   4.9133301e+01
   2.7190290e+06   3.5034180e+01
   2.7193940e+06   3.0822754e+01
   2.7293510e+06   6.7993164e+01
   2.7296970e+06   4.3640137e+01
   2.7564800e+06   8.3618164e+01
   2.7567240e+06   4.5227051e+01
   2.7571310e+06   6.0058594e+01
   2.7680450e+06   6.6589355e+01
   2.7682300e+06   3.4362793e+01
   2.7686640e+06   4.5776367e+01
   2.7691280e+06   4.7363281e+01
   2.7810580e+06   8.8378906e+01
   2.7812090e+06   3.8879395e+01
   2.7813890e+06   2.6916504e+01
   2.7816230e+06   2.2338867e+01
   2.7913930e+06   6.4514160e+01
   2.7916760e+06   3.0700684e+01
   2.8060420e+06   6.5917969e+01
   2.8068360e+06   6.1584473e+01
   2.8090060e+06   5.8715820e+01
   2.8091800e+06   5.1025391e+01
   2.8096450e+06   2.5817871e+01
   2.8111960e+06   7.1472168e+01
   2.8114160e+06   2.3986816e+01
   2.8257970e+06   6.5124512e+01
   2.8283240e+06   6.0791016e+01
   2.8448120e+06   6.8847656e+01
   2.8451280e+06   5.5664063e+01
   2.8454730e+06   4.6813965e+01
   2.8476680e+06   7.2204590e+01
   2.8479900e+06   4.4006348e+01
   2.8736520e+06   6.7749023e+01
   2.8816210e+06   6.5490723e+01
   2.8822750e+06   7.0861816e+01
   2.8823030e+06   2.2277832e+01
   2.8826730e+06   5.6579590e+01
   2.8954280e+06   6.8237305e+01
   2.8959580e+06   5.4016113e+01
   2.8962740e+06   5.4504395e+01
   2.9088930e+06   6.8298340e+01
   2.9093730e+06   4.4494629e+01
   2.9116850e+06   5.7922363e+01
   2.9119750e+06   4.8583984e+01
   2.9122160e+06   3.1372070e+01
   2.9127580e+06   3.1799316e+01
   2.9282190e+06   8.8256836e+01
   2.9286750e+06   4.9194336e+01
   2.9419080e+06   7.5622559e+01
   2.9420380e+06   3.4240723e+01
   2.9423220e+06   5.8532715e+01
   2.9427170e+06   5.0354004e+01
   2.9430400e+06   5.0292969e+01
   2.9439240e+06   5.1147461e+01
   2.9648320e+06   6.9152832e+01
   2.9650180e+06   3.7414551e+01
   2.9654090e+06   4.8522949e+01
   2.9657240e+06   5.9204102e+01
   2.9660250e+06   2.8137207e+01
   2.9663770e+06   3.1188965e+01
   2.9669100e+06   4.0527344e+01
   2.9800250e+06   6.6772461e+01
   2.9801840e+06   2.4902344e+01
   2.9803510e+06   2.4414062e+01
   2.9965750e+06   6.5734863e+01
   2.9966670e+06   2.2399902e+01
   2.9967040e+06   2.6306152e+01
   2.9969010e+06   3.3569336e+01
   3.0015160e+06   6.3598633e+01
   3.0018000e+06   4.3701172e+01
   3.0021180e+06   4.1137695e+01
   3.0024530e+06   2.9235840e+01
   3.0288910e+06   7.2692871e+01
   3.0292160e+06   2.9785156e+01
   3.0294780e+06   4.7729492e+01
   3.0297390e+06   3.4667969e+01
   3.0300670e+06   3.1677246e+01
   3.0543250e+06   8.0200195e+01
   3.0545020e+06   3.3386230e+01
   3.0546560e+06   2.4780273e+01
   3.0840000e+06   6.4819336e+01
   3.0846730e+06   5.9020996e+01
   3.0851390e+06   4.5959473e+01
   3.0869360e+06   5.7067871e+01
   3.0876920e+06   4.9560547e+01
   3.1107890e+06   7.0007324e+01
   3.1108100e+06   2.3071289e+01
   3.1183720e+06   7.0739746e+01
   3.1184970e+06   2.2094727e+01
   3.1185580e+06   5.5358887e+01
   3.1189460e+06   4.9255371e+01
   3.1194450e+06   3.5827637e+01
   3.1290320e+06   6.9458008e+01
   3.1295530e+06   4.2480469e+01
   3.1304920e+06   5.5297852e+01
   3.1309430e+06   6.7199707e+01
   3.1497480e+06   6.5917969e+01
   3.1500440e+06   4.4616699e+01
   3.1503280e+06   4.0405273e+01
   3.1506750e+06   3.5461426e+01
   3.1509490e+06   2.8503418e+01
   3.1720830e+06   6.4453125e+01
   3.1724660e+06   5.8227539e+01
   3.1726780e+06   5.6335449e+01
   3.1728750e+06   3.6743164e+01
   3.1731240e+06   2.4902344e+01
   3.2013690e+06   7.0556641e+01
   3.2019440e+06   6.5429688e+01
   3.2165970e+06   7.4462891e+01
   3.2170900e+06   5.6518555e+01
   3.2182090e+06   6.6589355e+01
   3.2185770e+06   3.8391113e+01
   3.2372360e+06   7.0861816e+01
   3.2387020e+06   6.5185547e+01
   3.2388960e+06   3.7597656e+01
   3.2402650e+06   6.6223145e+01
   3.2646950e+06   6.0729980e+01
   3.2649300e+06   5.1025391e+01
   3.2652630e+06   4.0710449e+01
   3.2823390e+06   8.0078125e+01
   3.2827540e+06   6.3232422e+01
   3.2830010e+06   3.7475586e+01
   3.2832720e+06   3.4240723e+01
   3.3091370e+06   7.5012207e+01
   3.3275780e+06   6.9213867e+01
   3.3282200e+06   6.7260742e+01
   3.3283970e+06   2.5207520e+01
   3.3286550e+06   3.6132813e+01
   3.3290910e+06   3.7048340e+01
   3.3422430e+06   6.9946289e+01
   3.3440280e+06   7.5439453e+01
   3.3442340e+06   4.1503906e+01
   3.3443950e+06   2.3986816e+01
   3.3446220e+06   2.7648926e+01
   3.3449190e+06   2.9968262e+01
   3.3633250e+06   6.5673828e+01
   3.3936990e+06   7.6293945e+01
   3.3938590e+06   2.7832031e+01
   3.3941400e+06   5.0170898e+01
   3.3945080e+06   4.2236328e+01
   3.4115780e+06   7.4401855e+01
   3.4117010e+06   3.7170410e+01
   3.4119790e+06   3.7719727e+01
   3.4122020e+06   3.1250000e+01
   3.4374930e+06   6.4331055e+01
   3.4403280e+06   6.1523438e+01
   3.4409200e+06   5.9265137e+01
   3.4413830e+06   5.3283691e+01
   3.4587110e+06   8.0505371e+01
   3.4589750e+06   4.9621582e+01
   3.4591870e+06   3.9489746e+01
   3.4593850e+06   2.8015137e+01
   3.4836810e+06   6.5185547e+01
   3.4858770e+06   5.9387207e+01
   3.4959090e+06   6.5917969e+01
   3.4962190e+06   4.0100098e+01
   3.4965090e+06   4.4616699e+01
   3.4967930e+06   2.8625488e+01
   3.4972680e+06   3.1616211e+01
   3.5306310e+06   6.9335937e+01
   3.5314650e+06   6.9335938e+01
   3.5318050e+06   4.4494629e+01
   3.5321570e+06   4.7973633e+01
   3.5488420e+06   6.4819336e+01
   3.5590190e+06   8.1237793e+01
   3.5592380e+06   4.1015625e+01
   3.5594470e+06   3.6499023e+01
   3.5597480e+06   2.3376465e+01
   3.5600790e+06   2.3010254e+01
   3.5675180e+06   2.3315430e+01
   3.5675540e+06   6.2622070e+01
   3.5677260e+06   3.8024902e+01
   3.5694940e+06   2.3315430e+01
   3.5718530e+06   6.7443848e+01
   3.5724430e+06   3.1799316e+01
   3.6009860e+06   6.6772461e+01
   3.6184790e+06   7.1655273e+01
   3.6423210e+06   6.5002441e+01
   3.6508050e+06   7.7392578e+01
   3.6513090e+06   4.5776367e+01
   3.6518560e+06   3.7353516e+01
   3.6768130e+06   6.7321777e+01
   3.6775470e+06   6.5307617e+01
   3.6855330e+06   5.7495117e+01
   3.6859640e+06   5.6945801e+01
   3.6861650e+06   4.3029785e+01
   3.6864070e+06   3.1555176e+01
   3.7228880e+06   7.9711914e+01
   3.7272370e+06   6.3720703e+01
   3.7470740e+06   6.5673828e+01
   3.7478380e+06   6.1767578e+01
   3.7575910e+06   6.1706543e+01
   3.7578220e+06   5.0109863e+01
   3.7583030e+06   4.3823242e+01
   3.8178830e+06   7.9833984e+01
   3.8180930e+06   5.3649902e+01
   3.8182880e+06   4.3518066e+01
   3.8481070e+06   6.6040039e+01
   3.8491920e+06   5.6945801e+01
   3.8786390e+06   6.5368652e+01
   3.8789480e+06   7.0861816e+01
   3.8792590e+06   5.1513672e+01
   3.8796690e+06   4.8767090e+01
   3.8801680e+06   3.9428711e+01
   3.9073370e+06   7.3425293e+01
   3.9079190e+06   5.6945801e+01
   3.9318250e+06   7.2326660e+01
   3.9322060e+06   6.1889648e+01
   3.9661000e+06   7.0434570e+01
   3.9664410e+06   5.9082031e+01
   3.9667140e+06   4.6691895e+01
   3.9670100e+06   4.2114258e+01
   3.9674340e+06   4.2053223e+01
   3.9921680e+06   7.1228027e+01
   3.9945660e+06   6.6711426e+01
   4.0402660e+06   6.5551758e+01
   4.0408240e+06   6.1218262e+01
   4.0548730e+06   7.1472168e+01
   4.0551960e+06   5.9997559e+01
   4.0554250e+06   4.6325684e+01
   4.0557910e+06   4.4433594e+01
   4.1014440e+06   2.2521973e+01
   4.1114150e+06   2.3742676e+01
   4.1116060e+06   3.4057617e+01
   4.1118570e+06   3.7780762e+01
   4.1120440e+06   2.7038574e+01
   4.1492060e+06   2.2155762e+01
   4.1492300e+06   7.7148438e+01
   4.1492610e+06   2.5207520e+01
   4.1494550e+06   5.2368164e+01
   4.1497880e+06   4.4250488e+01
   4.1500140e+06   2.8564453e+01
   4.1796150e+06   7.5256348e+01
   4.2079730e+06   6.6406250e+01
   4.2082700e+06   6.2377930e+01
   4.2084920e+06   4.3701172e+01
   4.2499810e+06   7.7087402e+01
   4.2508240e+06   6.8908691e+01
   4.2511330e+06   4.4982910e+01
   4.2692990e+06   7.7575684e+01
   4.2760560e+06   2.2399902e+01
   4.2760740e+06   7.5561523e+01
   4.2761880e+06   3.2226563e+01
   4.2763480e+06   2.7282715e+01
   4.3203870e+06   7.3303223e+01
   4.3213020e+06   2.4230957e+01
   4.3217890e+06   5.9204102e+01
   4.3345560e+06   8.5754395e+01
   4.3347120e+06   3.1616211e+01
   4.3349340e+06   4.5837402e+01
   4.3351430e+06   2.5817871e+01
   4.3686550e+06   7.3608398e+01
   4.3797790e+06   6.7016602e+01
   4.3800890e+06   5.5358887e+01
   4.3803500e+06   5.2429199e+01
   4.3806190e+06   3.7719727e+01
   4.3809080e+06   3.2104492e+01
   4.4120820e+06   6.7138672e+01
   4.4243870e+06   7.7697754e+01
   4.4248240e+06   7.1655273e+01
   4.4252720e+06   3.7414551e+01
   4.4331270e+06   6.6223145e+01
   4.4336340e+06   5.1391602e+01
   4.4557940e+06   7.3364258e+01
   4.4560470e+06   5.6884766e+01
   4.4569130e+06   6.3842773e+01
   4.4713910e+06   7.3913574e+01
   4.4716380e+06   5.9326172e+01
   4.4719240e+06   4.4677734e+01
   4.4721460e+06   3.5766602e+01
   4.5134030e+06   7.7636719e+01
   4.5137720e+06   5.4565430e+01
   4.5140800e+06   4.3945313e+01
   4.5145910e+06   4.8339844e+01
   4.5349710e+06   6.1340332e+01
   4.5355390e+06   6.3354492e+01
   4.5472390e+06   6.9213867e+01
   4.5476140e+06   5.5847168e+01
   4.5481310e+06   5.1391602e+01
   4.5532310e+06   6.0607910e+01
   4.5677460e+06   7.6232910e+01
   4.5679110e+06   3.1799316e+01
   4.5682190e+06   3.5949707e+01
   4.5686160e+06   4.1931152e+01
   4.5905830e+06   6.0852051e+01
   4.5931000e+06   5.9692383e+01
   4.5942020e+06   5.4016113e+01
   4.6029210e+06   7.4401855e+01
   4.6030650e+06   3.2409668e+01
   4.6032510e+06   3.3813477e+01
   4.6034610e+06   2.9907227e+01
   4.6339930e+06   6.4147949e+01
   4.6347740e+06   6.5490723e+01
   4.6349770e+06   5.6640625e+01
   4.6483310e+06   7.3913574e+01
   4.6486340e+06   5.3466797e+01
   4.6489450e+06   4.1015625e+01
   4.6525880e+06   6.7932129e+01
   4.6527720e+06   2.7099609e+01
   4.6532660e+06   3.4973145e+01
   4.6716570e+06   7.2753906e+01
   4.6726270e+06   5.9204102e+01
   4.6728200e+06   2.6184082e+01
   4.6731170e+06   3.3752441e+01
   4.6989110e+06   7.4279785e+01
   4.6990240e+06   4.3518066e+01
   4.6991810e+06   2.6916504e+01
   4.7152490e+06   7.6416016e+01
   4.7154190e+06   3.8208008e+01
   4.7157480e+06   4.3212891e+01
   4.7363210e+06   2.4291992e+01
   4.7363460e+06   7.2631836e+01
   4.7365100e+06   3.0395508e+01
   4.7367580e+06   3.8513184e+01
   4.7371780e+06   3.5888672e+01
   4.7377580e+06   5.7128906e+01
   4.7398080e+06   5.7189941e+01
   4.7476870e+06   2.5451660e+01
   4.7478380e+06   3.4912109e+01
   4.7480410e+06   4.3395996e+01
   4.7482630e+06   2.3559570e+01
   4.7489990e+06   3.9550781e+01
   4.7523280e+06   6.2438965e+01
   4.7525130e+06   3.4179688e+01
   4.7527680e+06   2.9418945e+01
   4.7531510e+06   2.6916504e+01
   4.7534820e+06   2.2827148e+01
   4.7539650e+06   2.2644043e+01
   4.7624330e+06   6.2866211e+01
   4.7626110e+06   3.3874512e+01
   4.7630420e+06   3.7963867e+01
   4.7640900e+06   5.3771973e+01
   4.7643800e+06   4.5104980e+01
   4.7646310e+06   2.7221680e+01
   4.7649320e+06   3.6804199e+01
   4.7936830e+06   7.0251465e+01
   4.8033860e+06   6.5856934e+01
   4.8035370e+06   3.4912109e+01
   4.8040170e+06   4.1687012e+01
   4.8044550e+06   3.4912109e+01
   4.8242860e+06   6.6772461e+01
   4.8247230e+06   6.0607910e+01
   4.8251640e+06   5.0170898e+01
   4.8256740e+06   5.2062988e+01
   4.8306480e+06   6.0424805e+01
   4.8311690e+06   4.7668457e+01
   4.8319340e+06   5.7189941e+01
   4.8572160e+06   6.8786621e+01
   4.8573860e+06   4.5959473e+01
   4.8578780e+06   4.7546387e+01
   4.8584440e+06   5.7556152e+01
   4.8587910e+06   4.2358398e+01
   4.8591480e+06   3.9123535e+01
   4.8745350e+06   6.7382813e+01
   4.8752220e+06   5.5114746e+01
   4.8767330e+06   6.5917969e+01
   4.8770160e+06   4.3945313e+01
   4.8787050e+06   5.8410645e+01
   4.8788590e+06   2.6794434e+01
   4.9046870e+06   6.9946289e+01
   4.9049070e+06   4.3151855e+01
   4.9051530e+06   3.8635254e+01
   4.9054050e+06   2.9296875e+01
   4.9056520e+06   2.3864746e+01
   4.9253700e+06   7.8491211e+01
   4.9255640e+06   3.3752441e+01
   4.9257620e+06   3.6193848e+01
   4.9259720e+06   2.9907227e+01
   4.9455370e+06   6.1340332e+01
   4.9456780e+06   4.0832520e+01
   4.9458840e+06   2.6977539e+01
   4.9660860e+06   6.7810059e+01
   4.9662770e+06   5.7861328e+01
   4.9665290e+06   3.1921387e+01
   4.9668450e+06   2.8381348e+01
   4.9671970e+06   2.6062012e+01
   4.9896070e+06   7.0434570e+01
   4.9897590e+06   5.3771973e+01
   4.9899910e+06   3.2836914e+01
   4.9902090e+06   3.1982422e+01
   5.0058330e+06   7.5988770e+01
   5.0059930e+06   4.4799805e+01
   5.0063970e+06   5.5541992e+01
   5.0203450e+06   7.1411133e+01
   5.0204670e+06   3.1738281e+01
   5.0206890e+06   2.5268555e+01
   5.0209420e+06   2.7038574e+01
   5.0211990e+06   2.4963379e+01
   5.0382360e+06   2.2094727e+01
   5.0382520e+06   6.6467285e+01
   5.0383880e+06   3.8330078e+01
   5.0385610e+06   2.7587891e+01
   5.0526660e+06   6.4270020e+01
   5.0531050e+06   4.8950195e+01
   5.0533730e+06   5.2246094e+01
   5.0696650e+06   6.4208984e+01
   5.0698910e+06   5.7006836e+01
   5.0702170e+06   4.5166016e+01
   5.0707710e+06   3.9306641e+01
   5.0845720e+06   6.3171387e+01
   5.0846960e+06   3.6010742e+01
   5.0849910e+06   3.3386230e+01
   5.0996970e+06   7.0495605e+01
   5.0998640e+06   4.6142578e+01
   5.1001540e+06   4.2175293e+01
   5.1007110e+06   3.1555176e+01
   5.1013770e+06   4.8156738e+01
   5.1043120e+06   4.7729492e+01
   5.1124820e+06   6.4758301e+01
   5.1126260e+06   2.7282715e+01
   5.1128450e+06   2.8320313e+01
   5.1257540e+06   7.4951172e+01
   5.1258960e+06   2.4475098e+01
   5.1270950e+06   2.4475098e+01
   5.1276690e+06   2.8625488e+01
   5.1441130e+06   6.7687988e+01
   5.1442430e+06   3.1433105e+01
   5.1444680e+06   2.6489258e+01
   5.1686650e+06   7.0495605e+01
   5.1688580e+06   4.1259766e+01
   5.1691850e+06   4.1198730e+01
   5.1858900e+06   6.4270020e+01
   5.1862380e+06   5.2368164e+01
   5.1866740e+06   5.0415039e+01
   5.1875420e+06   4.5166016e+01
   5.1950700e+06   6.8542480e+01
   5.1952190e+06   3.4057617e+01
   5.1954780e+06   3.5278320e+01
   5.1960160e+06   2.9052734e+01
   5.2147350e+06   7.0861816e+01
   5.2148720e+06   3.3874512e+01
   5.2150690e+06   3.8635254e+01
   5.2152850e+06   3.1005859e+01
   5.2166630e+06   2.5451660e+01
   5.2443590e+06   6.4941406e+01
   5.2445680e+06   4.5104980e+01
   5.2448350e+06   3.8208008e+01
   5.2451710e+06   4.0283203e+01
   5.2456410e+06   3.7902832e+01
   5.2662570e+06   5.5419922e+01
   5.2666170e+06   5.2001953e+01
   5.2670730e+06   5.6152344e+01
   5.2674180e+06   4.2053223e+01
   5.2677890e+06   3.7353516e+01
   5.2681950e+06   3.8208008e+01
   5.2776160e+06   6.3537598e+01
   5.2776380e+06   2.3681641e+01
   5.2777690e+06   3.3996582e+01
   5.2780050e+06   4.1931152e+01
   5.2964150e+06   5.5725098e+01
   5.3145050e+06   6.6162109e+01
   5.3153080e+06   6.0607910e+01
   5.3294620e+06   6.8725586e+01
   5.3296370e+06   3.1005859e+01
   5.3298660e+06   4.0893555e+01
   5.3301630e+06   3.5644531e+01
   5.3304780e+06   2.5146484e+01
   5.3449470e+06   6.1218262e+01
   5.3467130e+06   2.3010254e+01
   5.3467270e+06   7.0495605e+01
   5.3469280e+06   2.9785156e+01
   5.3471380e+06   3.0151367e+01
   5.3695160e+06   6.2133789e+01
   5.3699990e+06   6.1767578e+01
   5.3703500e+06   4.1076660e+01
   5.3707290e+06   3.1005859e+01
   5.3910220e+06   5.4565430e+01
   5.3917970e+06   6.3659668e+01
   5.4036510e+06   6.5795898e+01
   5.4038810e+06   5.0231934e+01
   5.4042520e+06   4.6569824e+01
   5.4045330e+06   4.2419434e+01
   5.4049510e+06   2.9113770e+01
   5.4084940e+06   5.7373047e+01
   5.4088770e+06   4.2053223e+01
   5.4093560e+06   4.2114258e+01
   5.4105680e+06   5.6091309e+01
   5.4389500e+06   6.7993164e+01
   5.4394870e+06   5.8837891e+01
   5.4506490e+06   6.4270020e+01
   5.4515890e+06   5.9143066e+01
   5.4518350e+06   4.1137695e+01
   5.4521250e+06   3.2531738e+01
   5.4755420e+06   7.9345703e+01
   5.4757510e+06   4.6752930e+01
   5.4759810e+06   3.9489746e+01
   5.4762320e+06   2.5573730e+01
   5.4766400e+06   2.8503418e+01
   5.4882840e+06   7.1655273e+01
   5.4884600e+06   3.4484863e+01
   5.4887300e+06   3.7780762e+01
   5.4889930e+06   2.8747559e+01
   5.4893390e+06   2.3071289e+01
   5.5084390e+06   4.1625977e+01
   5.5089120e+06   6.4147949e+01
   5.5347420e+06   2.3925781e+01
   5.5349800e+06   3.5034180e+01
   5.5351840e+06   3.8208008e+01
   5.5354230e+06   2.6855469e+01
   5.5357070e+06   2.4169922e+01
   5.5546770e+06   7.1777344e+01
   5.5546970e+06   2.3742676e+01
   5.5547830e+06   2.3925781e+01
   5.5549530e+06   4.1931152e+01
   5.5759720e+06   7.6232910e+01
   5.5761240e+06   2.8869629e+01
   5.5763690e+06   4.1687012e+01
   5.5766870e+06   3.3630371e+01
   5.5905710e+06   8.0139160e+01
   5.5907310e+06   3.5705566e+01
   5.5909550e+06   3.4851074e+01
   5.5911750e+06   2.5451660e+01
   5.5914180e+06   2.3254395e+01
   5.6089990e+06   7.5317383e+01
   5.6092000e+06   4.4738770e+01
   5.6094030e+06   3.6376953e+01
   5.6097050e+06   3.0395508e+01
   5.6271560e+06   2.2216797e+01
   5.6276420e+06   5.9631348e+01
   5.6281730e+06   6.2316895e+01
   5.6329090e+06   5.6213379e+01
   5.6333630e+06   4.4921875e+01
   5.6338660e+06   4.7607422e+01
   5.6342700e+06   3.7231445e+01
   5.6564410e+06   6.5612793e+01
   5.6578020e+06   5.2185059e+01
   5.6715510e+06   7.5256348e+01
   5.6717250e+06   4.3823242e+01
   5.6719410e+06   3.8879395e+01
   5.6721700e+06   3.3142090e+01
   5.6726310e+06   2.8747559e+01
   5.6874820e+06   8.1604004e+01
   5.6876350e+06   3.2714844e+01
   5.6880100e+06   4.4006348e+01
   5.7025390e+06   7.7270508e+01
   5.7027050e+06   3.5766602e+01
   5.7029920e+06   4.9926758e+01
   5.7032400e+06   2.8137207e+01
   5.7035600e+06   2.4169922e+01
   5.7217070e+06   6.8908691e+01
   5.7219470e+06   3.9245605e+01
   5.7221930e+06   4.2724609e+01
   5.7225430e+06   4.2358398e+01
   5.7356500e+06   7.4829102e+01
   5.7358300e+06   3.6804199e+01
   5.7360600e+06   4.4799805e+01
   5.7363660e+06   3.6010742e+01
   5.7591210e+06   8.0505371e+01
   5.7593290e+06   4.1687012e+01
   5.7596040e+06   4.2297363e+01
   5.7598580e+06   3.0761719e+01
   5.7774650e+06   6.9458008e+01
   5.7776440e+06   2.9785156e+01
   5.7938490e+06   6.7016602e+01
   5.7943990e+06   4.8522949e+01
   5.7945890e+06   3.7536621e+01
   5.7950590e+06   4.4494629e+01
   5.8113180e+06   8.2519531e+01
   5.8114680e+06   3.2287598e+01
   5.8116290e+06   2.8808594e+01
   5.8118760e+06   2.5939941e+01
   5.8121080e+06   2.2583008e+01
   5.8191000e+06   5.8715820e+01
   5.8195160e+06   4.7424316e+01
   5.8448480e+06   8.0993652e+01
   5.8450740e+06   4.5349121e+01
   5.8453160e+06   5.7067871e+01
   5.8455970e+06   4.4189453e+01
   5.8633480e+06   6.8481445e+01
   5.8638050e+06   5.4321289e+01
   5.8640540e+06   2.8747559e+01
   5.8643880e+06   4.0161133e+01
   5.8862860e+06   5.9570313e+01
   5.8864670e+06   5.4931641e+01
   5.8867220e+06   5.8471680e+01
   5.8871820e+06   3.7414551e+01
   5.9016600e+06   6.4575195e+01
   5.9018610e+06   5.1818848e+01
   5.9022300e+06   4.9316406e+01
   5.9031110e+06   6.3293457e+01
   5.9166700e+06   5.1635742e+01
   5.9167900e+06   3.6499023e+01
   5.9170910e+06   4.7119141e+01
   5.9177190e+06   4.5776367e+01
   5.9353610e+06   7.6660156e+01
   5.9362780e+06   6.9213867e+01
   5.9369800e+06   2.3559570e+01
   5.9561060e+06   7.0617676e+01
   5.9565760e+06   6.8359375e+01
   5.9571030e+06   5.9631348e+01
   5.9597060e+06   6.5551758e+01
   5.9602030e+06   4.9133301e+01
   5.9792170e+06   8.4716797e+01
   5.9793650e+06   4.2358398e+01
   5.9796340e+06   4.7485352e+01
   5.9799130e+06   3.1555176e+01
   6.0012930e+06   7.1716309e+01
   6.0019360e+06   6.3537598e+01
   6.0032540e+06   5.3527832e+01
   6.0175180e+06   7.4707031e+01
   6.0176300e+06   2.8930664e+01
   6.0179270e+06   6.3476563e+01
   6.0182050e+06   3.9794922e+01
   6.0185900e+06   2.5329590e+01
   6.0342810e+06   7.3303223e+01
   6.0345210e+06   4.8706055e+01
   6.0350240e+06   5.9692383e+01
   6.0353980e+06   3.5827637e+01
   6.0522280e+06   7.3669434e+01
   6.0524850e+06   5.0659180e+01
   6.0531180e+06   4.7302246e+01
   6.0682050e+06   7.4523926e+01
   6.0684040e+06   4.3701172e+01
   6.0686530e+06   3.4057617e+01
   6.0690770e+06   5.2246094e+01
   6.0732660e+06   7.0617676e+01
   6.0947960e+06   8.1848145e+01
   6.0949920e+06   5.0109863e+01
   6.0953260e+06   4.7241211e+01
   6.0956880e+06   5.6701660e+01
   6.1124480e+06   6.8908691e+01
   6.1126230e+06   4.0588379e+01
   6.1128470e+06   3.5156250e+01
   6.1131940e+06   3.3691406e+01
   6.1136150e+06   3.7963867e+01
   6.1322640e+06   2.2216797e+01
   6.1324430e+06   4.5654297e+01
   6.1333040e+06   5.7128906e+01
   6.1485990e+06   7.9956055e+01
   6.1487850e+06   4.1259766e+01
   6.1491090e+06   4.8706055e+01
   6.1494590e+06   3.7231445e+01
   6.1498460e+06   3.5339355e+01
   6.1621250e+06   7.0373535e+01
   6.1622660e+06   3.3996582e+01
   6.1629950e+06   5.2429199e+01
   6.1635690e+06   5.2062988e+01
   6.1640190e+06   4.6752930e+01
   6.1806050e+06   2.4230957e+01
   6.1806330e+06   7.0678711e+01
   6.1809290e+06   4.8706055e+01
   6.1819050e+06   5.2062988e+01
   6.1893150e+06   6.5429688e+01
   6.1910590e+06   6.4392090e+01
   6.1912290e+06   4.1259766e+01
   6.1914890e+06   3.7902832e+01
   6.1917140e+06   2.3681641e+01
   6.1920450e+06   2.8564453e+01
   6.1941480e+06   5.0720215e+01
   6.2251210e+06   6.7871094e+01
   6.2565320e+06   7.4157715e+01
   6.2571580e+06   6.2744141e+01
   6.2574910e+06   6.0852051e+01
   6.2580640e+06   5.5053711e+01
   6.2776290e+06   6.6650391e+01
   6.2779570e+06   4.5593262e+01
   6.3105270e+06   6.9824219e+01
   6.3109160e+06   5.4443359e+01
   6.3121570e+06   5.4931641e+01
   6.3429660e+06   6.3659668e+01
   6.3735840e+06   8.6547852e+01
   6.3852580e+06   7.3547363e+01
   6.4045090e+06   7.0556641e+01
   6.4186260e+06   6.7138672e+01
   6.4191640e+06   5.9509277e+01
   6.4325130e+06   7.1289063e+01
   6.4331200e+06   5.8410645e+01
   6.4335160e+06   5.0720215e+01
   6.4602830e+06   7.3974609e+01
   6.4607670e+06   5.3771973e+01
   6.5141370e+06   5.9753418e+01
   6.5427210e+06   6.6345215e+01
   6.5635140e+06   7.0434570e+01
   6.5705020e+06   7.0861816e+01
   6.5821700e+06   7.8674316e+01
   6.5821980e+06   2.2216797e+01
   6.5965220e+06   8.1298828e+01
   6.6179890e+06   6.2133789e+01
   6.6187280e+06   6.1645508e+01
   6.6191320e+06   5.4504395e+01
   6.6194180e+06   4.7058105e+01
   6.6198380e+06   4.2846680e+01
   6.6473110e+06   7.7819824e+01
   6.6667700e+06   6.7260742e+01
   6.6670210e+06   5.4992676e+01
   6.6672460e+06   4.0344238e+01
   6.7085720e+06   6.4086914e+01
   6.7291710e+06   7.9772949e+01
   6.7661040e+06   8.0566406e+01
   6.7663630e+06   5.6396484e+01
   6.7665640e+06   4.0588379e+01
   6.7667000e+06   2.2399902e+01
   6.8228100e+06   7.0617676e+01
   6.8231600e+06   5.2673340e+01
   6.8233870e+06   3.9794922e+01
   6.8235740e+06   2.8991699e+01
   6.8344470e+06   7.2143555e+01
   6.8348620e+06   4.8583984e+01
   6.8973800e+06   5.7006836e+01
   6.9026560e+06   7.2814941e+01
   6.9193050e+06   5.9936523e+01
   6.9387850e+06   6.7382813e+01
   6.9391540e+06   6.6833496e+01
   6.9394640e+06   5.3161621e+01
   6.9397730e+06   3.4729004e+01
   7.0149190e+06   7.6721191e+01
   7.0151970e+06   6.0058594e+01
   7.0153910e+06   4.7485352e+01
   7.0156800e+06   2.2399902e+01
   7.0718400e+06   6.1523437e+01
   7.0723320e+06   5.9020996e+01
   7.0726280e+06   4.2907715e+01
   7.1185170e+06   6.5002441e+01
   7.1338240e+06   5.3894043e+01
   7.1351470e+06   7.5622559e+01
   7.1493430e+06   6.7077637e+01
   7.1714070e+06   7.0312500e+01
   7.1717190e+06   6.0424805e+01
   7.1721440e+06   4.6447754e+01
   7.1901300e+06   6.2805176e+01
   7.2043650e+06   6.6406250e+01
   7.2081150e+06   7.1777344e+01
   7.2226450e+06   6.9091797e+01
   7.2230150e+06   6.3171387e+01
   7.2234090e+06   5.0292969e+01
   7.2259280e+06   7.9101563e+01
   7.2268060e+06   6.1950684e+01
   7.2454080e+06   2.2216797e+01
   7.2732830e+06   8.4289551e+01
   7.2735860e+06   5.2978516e+01
   7.2738840e+06   4.6630859e+01
   7.2741340e+06   3.3935547e+01
   7.2964510e+06   5.7067871e+01
   7.2981100e+06   2.3376465e+01
   7.2986550e+06   6.7321777e+01
   7.2988230e+06   4.1137695e+01
   7.2991680e+06   3.9062500e+01
   7.3055840e+06   7.0190430e+01
   7.3057650e+06   6.3232422e+01
   7.3059700e+06   4.1564941e+01
   7.3061600e+06   2.4169922e+01
   7.3597030e+06   7.1533203e+01
   7.3799220e+06   6.8847656e+01
   7.3802260e+06   5.9143066e+01
   7.3804510e+06   5.2001953e+01
   7.3806620e+06   2.7770996e+01
   7.4171420e+06   6.9885254e+01
   7.4382610e+06   6.4941406e+01
   7.4395960e+06   7.2265625e+01
   7.4398230e+06   3.8024902e+01
   7.4705000e+06   7.6599121e+01
   7.4844940e+06   2.3376465e+01
   7.4845180e+06   5.8166504e+01
   7.4849000e+06   6.5429688e+01
   7.5100330e+06   2.2583008e+01
   7.5100450e+06   8.3984375e+01
   7.5101720e+06   3.8879395e+01
   7.5103540e+06   4.9621582e+01
   7.5105380e+06   3.4362793e+01
   7.5176660e+06   6.9335937e+01
   7.5419380e+06   6.0668945e+01
   7.5454510e+06   6.8359375e+01
   7.5458620e+06   5.4565430e+01
   7.5461840e+06   4.6081543e+01
   7.5475030e+06   4.6691895e+01
   7.5731760e+06   7.2326660e+01
   7.5753380e+06   7.4890137e+01
   7.5756330e+06   6.3537598e+01
   7.5759470e+06   5.1635742e+01
   7.5763720e+06   3.4851074e+01
   7.5807450e+06   5.4443359e+01
   7.5812010e+06   6.2438965e+01
   7.6008700e+06   8.0017090e+01
   7.6010200e+06   3.4484863e+01
   7.6012320e+06   3.6376953e+01
   7.6014420e+06   3.3813477e+01
   7.6017190e+06   2.8930664e+01
   7.6021170e+06   2.6855469e+01
   7.6289800e+06   7.1960449e+01
   7.6307780e+06   6.7138672e+01
   7.6309500e+06   3.5095215e+01
   7.6311590e+06   3.7353516e+01
   7.6313980e+06   3.6621094e+01
   7.6316230e+06   2.2338867e+01
   7.6319530e+06   2.3803711e+01
   7.6323060e+06   2.3986816e+01
   7.6350200e+06   6.0729980e+01
   7.6352240e+06   2.9724121e+01
   7.6354550e+06   2.7038574e+01
   7.6357120e+06   2.4841309e+01
   7.6360480e+06   2.3376465e+01
   7.6367950e+06   2.3010254e+01
   7.6566970e+06   5.5725098e+01
   7.6778280e+06   6.5795898e+01
   7.6783700e+06   6.2561035e+01
   7.6788230e+06   5.6701660e+01
   7.6792170e+06   4.9987793e+01
   7.6959460e+06   6.5307617e+01
   7.6961910e+06   5.0537109e+01
   7.6964500e+06   3.8513184e+01
   7.6966510e+06   2.8747559e+01
   7.6968920e+06   2.4597168e+01
   7.7376220e+06   7.1228027e+01
   7.7380650e+06   6.6955566e+01
   7.7383700e+06   4.9926758e+01
   7.7389700e+06   4.3701172e+01
   7.7396390e+06   6.5185547e+01
   7.7607250e+06   5.9875488e+01
   7.7611410e+06   6.8664551e+01
   7.7618630e+06   5.9020996e+01
   7.7765180e+06   6.9946289e+01
   7.7767810e+06   6.5673828e+01
   7.7769550e+06   3.7719727e+01
   7.8014470e+06   7.6171875e+01
   7.8026190e+06   2.2338867e+01
   7.8026300e+06   7.2692871e+01
   7.8028350e+06   3.2958984e+01
   7.8253520e+06   7.2326660e+01
   7.8262920e+06   7.3242188e+01
   7.8266440e+06   4.6569824e+01
   7.8289810e+06   6.2255859e+01
   7.8292390e+06   4.2297363e+01
   7.8493240e+06   7.7575684e+01
   7.8495110e+06   4.8889160e+01
   7.8497480e+06   4.2968750e+01
   7.8499280e+06   2.4658203e+01
   7.8780080e+06   6.8664551e+01
   7.8792530e+06   5.9326172e+01
   7.8870130e+06   6.3598633e+01
   7.8872550e+06   5.4809570e+01
   7.8875020e+06   4.5898438e+01
   7.8877940e+06   3.4729004e+01
   7.8880940e+06   2.8686523e+01
   7.9195480e+06   6.4453125e+01
   7.9197960e+06   6.0058594e+01
   7.9200550e+06   5.4870605e+01
   7.9205130e+06   3.3386230e+01
   7.9562040e+06   6.4514160e+01
   7.9563520e+06   5.5664063e+01
   7.9566370e+06   4.3823242e+01
   7.9569010e+06   3.8757324e+01
   7.9572630e+06   2.7893066e+01
   7.9576410e+06   3.4545898e+01
   7.9885540e+06   7.2631836e+01
   7.9892170e+06   6.3659668e+01
   7.9895290e+06   5.0598145e+01
   7.9898230e+06   4.1625977e+01
   8.0112700e+06   6.4392090e+01
   8.0363670e+06   6.9335938e+01
   8.0368680e+06   5.3710938e+01
   8.0373650e+06   6.8481445e+01
   8.0536450e+06   7.2753906e+01
   8.0546460e+06   3.7109375e+01
   8.0846180e+06   6.5490723e+01
   8.0850430e+06   6.5124512e+01
   8.0854100e+06   5.6091309e+01
   8.0857340e+06   5.0842285e+01
   8.0859850e+06   3.6315918e+01
   8.1042840e+06   6.6955566e+01
   8.1047260e+06   6.1035156e+01
   8.1049380e+06   3.3569336e+01
   8.1051850e+06   3.4362793e+01
   8.1054430e+06   2.5329590e+01
   8.1058170e+06   2.7404785e+01
   8.1259540e+06   7.6354980e+01
   8.1262320e+06   6.5124512e+01
   8.1264910e+06   4.7485352e+01
   8.1267380e+06   4.1748047e+01
   8.1271760e+06   2.7587891e+01
   8.1521230e+06   7.1533203e+01
   8.1524040e+06   5.5297852e+01
   8.1528310e+06   4.7607422e+01
   8.1548730e+06   7.0556641e+01
   8.1701130e+06   7.7758789e+01
   8.1703590e+06   4.1809082e+01
   8.1706390e+06   4.6813965e+01
   8.1713320e+06   4.9804688e+01
   8.1759940e+06   8.4838867e+01
   8.1761660e+06   4.9682617e+01
   8.1889410e+06   6.6101074e+01
   8.1895170e+06   6.4453125e+01
   8.1911580e+06   6.3049316e+01
   8.1924060e+06   6.0241699e+01
   8.1926020e+06   4.1259766e+01
   8.1930140e+06   4.1198730e+01
   8.2072970e+06   6.7932129e+01
   8.2081210e+06   6.5734863e+01
   8.2179230e+06   6.1279297e+01
   8.2183000e+06   6.4270020e+01
   8.2186180e+06   4.6997070e+01
   8.2207040e+06   7.0434570e+01
   8.2215740e+06   6.1096191e+01
   8.2220680e+06   5.1208496e+01
   8.2223450e+06   3.6437988e+01
   8.2593260e+06   6.7871094e+01
   8.2594500e+06   4.3518066e+01
   8.2595860e+06   2.5390625e+01
   8.2751090e+06   7.3974609e+01
   8.2755230e+06   6.0302734e+01
   8.3004800e+06   7.9101563e+01
   8.3006560e+06   4.1259766e+01
   8.3009110e+06   5.1940918e+01
   8.3015200e+06   5.1696777e+01
   8.3019770e+06   4.7485352e+01
   8.3043800e+06   7.2082520e+01
   8.3045480e+06   3.3447266e+01
   8.3049930e+06   2.2949219e+01
   8.3227060e+06   5.9326172e+01
   8.3229820e+06   5.6762695e+01
   8.3232650e+06   3.9550781e+01
   8.3235540e+06   2.2583008e+01
   8.3430960e+06   5.9387207e+01
   8.3436020e+06   6.7993164e+01
   8.3447870e+06   6.7138672e+01
   8.3686060e+06   7.4829102e+01
   8.3689860e+06   6.4331055e+01
   8.3694410e+06   4.6020508e+01
   8.3702990e+06   4.8767090e+01
   8.3809340e+06   6.4270020e+01
   8.3813580e+06   5.4687500e+01
   8.3816400e+06   4.3457031e+01
   8.3820610e+06   3.4240723e+01
   8.3912640e+06   6.8908691e+01
   8.3915520e+06   5.1696777e+01
   8.3919330e+06   5.0720215e+01
   8.3922890e+06   3.4606934e+01
   8.3929010e+06   3.2836914e+01
   8.3934510e+06   3.1311035e+01
   8.3943680e+06   5.3466797e+01
   8.4234060e+06   7.7758789e+01
   8.4235720e+06   4.8706055e+01
   8.4238120e+06   4.1748047e+01
   8.4240940e+06   3.5827637e+01
   8.4244000e+06   2.4353027e+01
   8.4475860e+06   5.1086426e+01
   8.4477200e+06   4.8828125e+01
   8.4479920e+06   4.1687012e+01
   8.4482310e+06   2.6000977e+01
   8.4692420e+06   7.1716309e+01
   8.4697080e+06   5.6091309e+01
   8.4700220e+06   3.7963867e+01
   8.4702390e+06   3.4118652e+01
   8.4707780e+06   3.4240723e+01
   8.4883550e+06   2.5573730e+01
   8.4883790e+06   7.9345703e+01
   8.4885390e+06   3.6743164e+01
   8.4887680e+06   3.6621094e+01
   8.4889960e+06   3.2043457e+01
   8.5134840e+06   7.5866699e+01
   8.5136390e+06   3.8391113e+01
   8.5138360e+06   4.3029785e+01
   8.5140720e+06   2.8625488e+01
   8.5348250e+06   6.9458008e+01
   8.5351460e+06   6.0668945e+01
   8.5354900e+06   4.7607422e+01
   8.5357240e+06   3.2043457e+01
   8.5360220e+06   2.6123047e+01
   8.5604610e+06   6.8725586e+01
   8.5608330e+06   2.9418945e+01
   8.5608430e+06   6.3171387e+01
   8.5612550e+06   4.1687012e+01
   8.5623770e+06   4.4189453e+01
   8.5753930e+06   7.9162598e+01
   8.5758450e+06   5.3283691e+01
   8.5764900e+06   3.7902832e+01
   8.5769460e+06   4.6875000e+01
   8.5875250e+06   7.6965332e+01
   8.5877200e+06   3.4301758e+01
   8.5879750e+06   3.5766602e+01
   8.5882390e+06   2.2705078e+01
   8.5889670e+06   2.5207520e+01
   8.6067510e+06   6.0607910e+01
   8.6070660e+06   6.1523438e+01
   8.6076360e+06   5.6152344e+01
   8.6219140e+06   6.1706543e+01
   8.6222720e+06   5.9692383e+01
   8.6227250e+06   4.6142578e+01
   8.6368890e+06   6.3781738e+01
   8.6370850e+06   6.7321777e+01
   8.6374210e+06   4.8645020e+01
   8.6378960e+06   5.2551270e+01
   8.6536060e+06   7.1960449e+01
   8.6538330e+06   4.5043945e+01
   8.6540650e+06   3.9306641e+01
   8.6542910e+06   3.3874512e+01
   8.6544950e+06   2.2521973e+01
   8.6551420e+06   2.5634766e+01
   8.6736880e+06   6.0791016e+01
   8.6740700e+06   5.7983398e+01
   8.6744980e+06   5.6823730e+01
   8.6749160e+06   3.7048340e+01
   8.6753640e+06   3.6010742e+01
   8.6954480e+06   6.3476563e+01
   8.6958170e+06   5.3833008e+01
   8.6962270e+06   5.0048828e+01
   8.7163860e+06   7.1960449e+01
   8.7165890e+06   5.0659180e+01
   8.7169880e+06   4.4433594e+01
   8.7280790e+06   8.2275391e+01
   8.7282050e+06   4.2785645e+01
   8.7284140e+06   4.1015625e+01
   8.7287100e+06   3.6437988e+01
   8.7290410e+06   2.6977539e+01
   8.7294280e+06   2.8686523e+01
   8.7297710e+06   3.2836914e+01
   8.7464380e+06   7.9833984e+01
   8.7466090e+06   4.2175293e+01
   8.7468240e+06   3.9550781e+01
   8.7470630e+06   3.7902832e+01
   8.7474180e+06   3.0212402e+01
   8.7654750e+06   6.2316895e+01
   8.7658320e+06   5.6579590e+01
   8.7661170e+06   4.0771484e+01
   8.7665950e+06   5.3710938e+01
   8.7670400e+06   5.0537109e+01
   8.7873560e+06   5.4626465e+01
   8.7877280e+06   5.9448242e+01
   8.7883130e+06   4.6203613e+01
   8.8026140e+06   7.3303223e+01
   8.8027780e+06   2.4963379e+01
   8.8030160e+06   3.9062500e+01
   8.8032120e+06   3.4606934e+01
   8.8177840e+06   7.6049805e+01
   8.8180210e+06   4.8645020e+01
   8.8197490e+06   5.5725098e+01
   8.8200960e+06   4.6508789e+01
   8.8235450e+06   6.5246582e+01
   8.8237210e+06   4.0161133e+01
   8.8239480e+06   2.5817871e+01
   8.8241760e+06   2.5512695e+01
   8.8245360e+06   2.3742676e+01
   8.8253510e+06   3.0761719e+01
   8.8521940e+06   6.8359375e+01
   8.8526640e+06   6.5185547e+01
   8.8696000e+06   7.6171875e+01
   8.8698990e+06   4.5104980e+01
   8.8704630e+06   5.1574707e+01
   8.8707700e+06   4.9133301e+01
   8.8843260e+06   7.4768066e+01
   8.8846300e+06   5.4138184e+01
   8.8848790e+06   3.4545898e+01
   8.8851850e+06   4.7546387e+01
   8.8855280e+06   3.5400391e+01
   8.8975460e+06   6.8847656e+01
   8.8978150e+06   5.7250977e+01
   8.8983040e+06   4.0954590e+01
   8.9012530e+06   6.1706543e+01
   8.9015140e+06   4.0771484e+01
   8.9017310e+06   3.6010742e+01
   8.9020120e+06   2.8076172e+01
   8.9023580e+06   2.9541016e+01
   8.9168080e+06   6.9519043e+01
   8.9169710e+06   4.1442871e+01
   8.9171850e+06   3.0151367e+01
   8.9174830e+06   2.8991699e+01
   8.9178820e+06   2.3437500e+01
   8.9188360e+06   4.4738770e+01
   8.9511310e+06   6.1340332e+01
   8.9516560e+06   6.7565918e+01
   8.9519610e+06   3.7902832e+01
   8.9522750e+06   4.7119141e+01
   8.9525770e+06   4.4616699e+01
   8.9529640e+06   4.1809082e+01
   8.9712310e+06   6.1645508e+01
   8.9717230e+06   6.8054199e+01
   8.9718910e+06   3.5400391e+01
   8.9721920e+06   3.6987305e+01
   8.9725700e+06   4.0039063e+01
   8.9893670e+06   6.1157227e+01
   8.9899270e+06   6.8725586e+01
   8.9901890e+06   4.9255371e+01
   8.9906150e+06   6.2133789e+01
   8.9908800e+06   3.4362793e+01
   8.9912700e+06   4.4616699e+01
   9.0060120e+06   6.4636230e+01
   9.0066400e+06   5.9997559e+01
   9.0071120e+06   4.9682617e+01
   9.0073830e+06   4.1625977e+01
   9.0104430e+06   6.7382813e+01
   9.0106330e+06   3.6743164e+01
   9.0110200e+06   3.6315918e+01
   9.0113270e+06   4.4189453e+01
   9.0116770e+06   3.1799316e+01
   9.0121200e+06   2.4047852e+01
   9.0171010e+06   5.2978516e+01
   9.0173930e+06   4.8095703e+01
   9.0176590e+06   3.1738281e+01
   9.0179020e+06   2.8259277e+01
   9.0181850e+06   2.4353027e+01
   9.0186070e+06   2.2827148e+01
   9.0324370e+06   6.4758301e+01
   9.0328370e+06   5.0720215e+01
   9.0331790e+06   3.7719727e+01
   9.0350280e+06   5.4077148e+01
   9.0356430e+06   4.5898437e+01
   9.0623160e+06   6.7382813e+01
   9.0627880e+06   5.7983398e+01
   9.0658020e+06   6.4880371e+01
   9.0660880e+06   4.9255371e+01
   9.0670210e+06   2.6123047e+01
   9.0670350e+06   6.2072754e+01
   9.0892010e+06   2.3254395e+01
   9.0892250e+06   7.1289063e+01
   9.0895840e+06   6.2988281e+01
   9.0898210e+06   5.4565430e+01
   9.0900720e+06   4.1320801e+01
   9.0903710e+06   3.3203125e+01
   9.0908770e+06   3.6193848e+01
   9.1118700e+06   6.3171387e+01
   9.1122510e+06   6.0607910e+01
   9.1124810e+06   4.4799805e+01
   9.1127780e+06   4.2053223e+01
   9.1130990e+06   3.3203125e+01
   9.1134060e+06   2.5146484e+01
   9.1334300e+06   7.4340820e+01
   9.1335930e+06   5.0170898e+01
   9.1337860e+06   4.9560547e+01
   9.1339900e+06   2.5756836e+01
   9.1342120e+06   2.2460938e+01
   9.1345740e+06   2.6123047e+01
   9.1554810e+06   2.3437500e+01
   9.1555270e+06   6.4392090e+01
   9.1568240e+06   6.9274902e+01
   9.1572740e+06   5.2185059e+01
   9.1911010e+06   2.2888184e+01
   9.1911260e+06   7.2143555e+01
   9.1914740e+06   5.3955078e+01
   9.1917390e+06   5.6274414e+01
   9.1920860e+06   4.3334961e+01
   9.1922880e+06   2.6672363e+01
   9.2121010e+06   7.2021484e+01
   9.2123270e+06   5.1086426e+01
   9.2125500e+06   3.3447266e+01
   9.2127420e+06   2.4536133e+01
   9.2370450e+06   6.0180664e+01
   9.2491340e+06   7.1105957e+01
   9.2493950e+06   5.5114746e+01
   9.2496440e+06   4.3518066e+01
   9.2498600e+06   3.1799316e+01
   9.2799070e+06   8.2275391e+01
   9.2801590e+06   4.6081543e+01
   9.2805680e+06   5.2612305e+01
   9.3420670e+06   6.4270020e+01
   9.3693710e+06   6.9580078e+01
   9.3695410e+06   2.3254395e+01
   9.3695730e+06   5.6213379e+01
   9.3697480e+06   4.6020508e+01
   9.3698910e+06   2.3864746e+01
   9.4027360e+06   7.5439453e+01
   9.4029680e+06   5.0903320e+01
   9.4031570e+06   3.2958984e+01
   9.4033210e+06   2.3010254e+01
   9.4033830e+06   2.6916504e+01
   9.4035670e+06   2.3620605e+01
   9.4370030e+06   5.4199219e+01
   9.4375690e+06   6.0791016e+01
   9.4378250e+06   5.5419922e+01
   9.4380620e+06   3.8146973e+01
   9.4383310e+06   2.7343750e+01
   9.4386470e+06   3.3752441e+01
   9.4390700e+06   2.3620605e+01
   9.4876280e+06   2.2888184e+01
   9.4876570e+06   6.1401367e+01
   9.4879690e+06   6.5246582e+01
   9.4882700e+06   4.0588379e+01
   9.4926470e+06   7.1411133e+01
   9.4929810e+06   4.9316406e+01
   9.4932490e+06   5.0354004e+01
   9.4935720e+06   3.9978027e+01
   9.4940110e+06   3.4057617e+01
   9.5418820e+06   6.0119629e+01
   9.5421270e+06   6.1340332e+01
   9.5423380e+06   3.8269043e+01
   9.5425010e+06   2.3132324e+01
   9.5781020e+06   6.9274902e+01
   9.5784460e+06   6.0180664e+01
   9.5787440e+06   4.8889160e+01
   9.5791400e+06   4.5898438e+01
   9.5851370e+06   5.5541992e+01
   9.5854440e+06   5.0598145e+01
   9.5856900e+06   4.5104980e+01
   9.5859480e+06   3.3874512e+01
   9.5862300e+06   2.7404785e+01
   9.6563640e+06   6.8176270e+01
   9.7264640e+06   7.2509766e+01
   9.7269120e+06   6.9335938e+01
   9.7271150e+06   4.8339844e+01
   9.7273100e+06   3.5583496e+01
   9.7275290e+06   2.7770996e+01
   9.7975670e+06   7.1166992e+01
   9.7977790e+06   5.2551270e+01
   9.7979560e+06   3.6804199e+01
   9.8264740e+06   7.2204590e+01
   9.8410030e+06   7.3486328e+01
   9.8414470e+06   5.7250977e+01
   9.8764890e+06   7.3974609e+01
   9.8770590e+06   6.3415527e+01
   9.8773300e+06   4.3884277e+01
   9.9179210e+06   6.7382813e+01
   9.9416600e+06   7.3181152e+01
   9.9419000e+06   5.5786133e+01
   9.9421020e+06   3.6926270e+01
   1.0000174e+07   7.9589844e+01
   1.0000454e+07   4.9743652e+01
   1.0000660e+07   3.5034180e+01
   1.0062763e+07   7.5195313e+01
   1.0063030e+07   6.0363770e+01
   1.0063284e+07   4.5104980e+01
   1.0063601e+07   4.2907715e+01
   1.0110187e+07   8.3435059e+01
   1.0134671e+07   6.8542480e+01
   1.0134995e+07   6.0485840e+01
   1.0135197e+07   3.8391113e+01
   1.0135468e+07   3.0517578e+01
   1.0155745e+07   6.8847656e+01
   1.0155986e+07   6.1462402e+01
   1.0156215e+07   4.8034668e+01
   1.0156325e+07   2.3559570e+01
   1.0156427e+07   2.4108887e+01
   1.0156649e+07   2.2399902e+01
   1.0156977e+07   2.3010254e+01
   1.0168271e+07   5.8349609e+01
   1.0168610e+07   5.9143066e+01
   1.0168929e+07   4.7851563e+01
   1.0226246e+07   7.4401855e+01
   1.0226794e+07   5.5908203e+01
   1.0289171e+07   6.8176270e+01
   1.0289539e+07   6.1157227e+01
   1.0289758e+07   4.9316406e+01
   1.0290072e+07   3.5156250e+01
   1.0305807e+07   7.5073242e+01
   1.0306017e+07   5.1574707e+01
   1.0306259e+07   5.0109863e+01
   1.0306539e+07   3.6560059e+01
   1.0306773e+07   3.3325195e+01
   1.0307039e+07   2.3254395e+01
   1.0343219e+07   6.9519043e+01
   1.0343854e+07   6.6040039e+01
   1.0344255e+07   5.3100586e+01
   1.0382695e+07   6.2683105e+01
   1.0408103e+07   7.8491211e+01
   1.0408491e+07   5.9692383e+01
   1.0425713e+07   6.4636230e+01
   1.0439742e+07   6.3232422e+01
   1.0452762e+07   7.3120117e+01
   1.0452893e+07   4.8706055e+01
   1.0453082e+07   5.2551270e+01
   1.0453234e+07   2.6733398e+01
   1.0465929e+07   7.1044922e+01
   1.0490875e+07   2.3681641e+01
   1.0490943e+07   6.5002441e+01
   1.0491286e+07   5.8227539e+01
   1.0491610e+07   5.2307129e+01
   1.0492012e+07   4.1442871e+01
   1.0506650e+07   6.1950684e+01
   1.0507845e+07   2.3132324e+01
   1.0508027e+07   4.6875000e+01
   1.0527022e+07   6.5917969e+01
   1.0527424e+07   6.2561035e+01
   1.0528024e+07   5.7495117e+01
   1.0528414e+07   5.1940918e+01
   1.0555003e+07   6.9396973e+01
   1.0555886e+07   7.4462891e+01
   1.0556371e+07   5.6030273e+01
   1.0559133e+07   6.8176270e+01
   1.0559399e+07   4.8461914e+01
   1.0559644e+07   3.8269043e+01
   1.0560019e+07   3.0944824e+01
   1.0560453e+07   2.3193359e+01
   1.0571366e+07   6.2011719e+01
   1.0571783e+07   5.4504395e+01
   1.0593235e+07   6.9396973e+01
   1.0593521e+07   5.4199219e+01
   1.0593716e+07   4.0527344e+01
   1.0594267e+07   4.5043945e+01
   1.0607235e+07   2.3132324e+01
   1.0607259e+07   5.7495117e+01
   1.0607404e+07   3.9062500e+01
   1.0607612e+07   3.1982422e+01
   1.0607942e+07   3.8452148e+01
   1.0608355e+07   4.2114258e+01
   1.0622014e+07   7.5622559e+01
   1.0622142e+07   3.1738281e+01
   1.0622376e+07   2.8869629e+01
   1.0622630e+07   3.2714844e+01
   1.0622910e+07   2.2399902e+01
   1.0623161e+07   2.5512695e+01
   1.0640498e+07   7.2875977e+01
   1.0640744e+07   4.0771484e+01
   1.0641260e+07   5.1879883e+01
   1.0641541e+07   3.8208008e+01
   1.0641830e+07   3.0212402e+01
   1.0642277e+07   4.0771484e+01
   1.0652045e+07   6.8298340e+01
   1.0652481e+07   5.6274414e+01
   1.0652934e+07   4.5288086e+01
   1.0654100e+07   5.4199219e+01
   1.0654537e+07   4.6081543e+01
   1.0657439e+07   6.3781738e+01
   1.0657606e+07   3.5888672e+01
   1.0658342e+07   2.2338867e+01
   1.0697462e+07   6.5795898e+01
   1.0697825e+07   5.5175781e+01
   1.0698087e+07   5.1635742e+01
   1.0698521e+07   3.7597656e+01
   1.0728305e+07   6.5979004e+01
   1.0728495e+07   4.7180176e+01
   1.0728789e+07   4.5532227e+01
   1.0729274e+07   5.3527832e+01
   1.0729746e+07   4.7851562e+01
   1.0733103e+07   2.3132324e+01
   1.0733138e+07   6.6589355e+01
   1.0733350e+07   4.5898438e+01
   1.0733686e+07   3.9916992e+01
   1.0734007e+07   3.5644531e+01
   1.0742979e+07   6.1523437e+01
   1.0743277e+07   3.7170410e+01
   1.0746025e+07   5.5786133e+01
   1.0746326e+07   4.5776367e+01
   1.0746626e+07   3.6865234e+01
   1.0747411e+07   2.4963379e+01
   1.0777090e+07   7.9223633e+01
   1.0777366e+07   5.1452637e+01
   1.0777591e+07   5.0476074e+01
   1.0778079e+07   4.9804687e+01
   1.0778964e+07   4.2663574e+01
   1.0801258e+07   2.3315430e+01
   1.0801287e+07   6.5673828e+01
   1.0801440e+07   5.5053711e+01
   1.0801747e+07   5.4138184e+01
   1.0801997e+07   3.5461426e+01
   1.0802277e+07   2.7099609e+01
   1.0823132e+07   2.2460938e+01
   1.0823153e+07   6.9519043e+01
   1.0823316e+07   4.2968750e+01
   1.0823673e+07   4.9804688e+01
   1.0824098e+07   4.6386719e+01
   1.0824574e+07   5.2551270e+01
   1.0824890e+07   4.4555664e+01
   1.0825773e+07   5.2612305e+01
   1.0838880e+07   8.1115723e+01
   1.0839186e+07   4.3579102e+01
   1.0839574e+07   3.5461426e+01
   1.0841165e+07   6.1035156e+01
   1.0841669e+07   6.0180664e+01
   1.0858952e+07   7.1105957e+01
   1.0859136e+07   4.3457031e+01
   1.0859460e+07   5.0964355e+01
   1.0859996e+07   5.0109863e+01
   1.0876494e+07   7.5012207e+01
   1.0876641e+07   4.6386719e+01
   1.0877079e+07   4.1625977e+01
   1.0877671e+07   5.1147461e+01
   1.0878994e+07   6.2438965e+01
   1.0896955e+07   7.6416016e+01
   1.0897119e+07   4.5043945e+01
   1.0899631e+07   7.2998047e+01
   1.0899773e+07   3.9367676e+01
   1.0899962e+07   3.3569336e+01
   1.0900216e+07   3.4301758e+01
   1.0901707e+07   2.3986816e+01
   1.0902099e+07   3.0639648e+01
   1.0919794e+07   6.0485840e+01
   1.0920272e+07   6.5979004e+01
   1.0920605e+07   5.7434082e+01
   1.0938235e+07   7.5622559e+01
   1.0938530e+07   5.0903320e+01
   1.0938770e+07   4.4006348e+01
   1.0938973e+07   2.5207520e+01
   1.0958880e+07   6.7016602e+01
   1.0962556e+07   6.8176270e+01
   1.0963296e+07   4.4067383e+01
   1.0976001e+07   6.7321777e+01
   1.0976439e+07   5.7861328e+01
   1.0977354e+07   7.3791504e+01
   1.0989732e+07   7.7941895e+01
   1.0989889e+07   4.4250488e+01
   1.0992567e+07   6.1218262e+01
   1.1000729e+07   6.7871094e+01
   1.1015476e+07   7.1655273e+01
   1.1016118e+07   5.9936523e+01
   1.1031123e+07   8.2336426e+01
   1.1031301e+07   4.6691895e+01
   1.1031537e+07   3.8818359e+01
   1.1031698e+07   2.4902344e+01
   1.1053322e+07   6.2683105e+01
   1.1064424e+07   6.7443848e+01
   1.1075897e+07   5.5236816e+01
   1.1076905e+07   6.6528320e+01
   1.1077111e+07   4.0710449e+01
   1.1077436e+07   4.0039062e+01
   1.1078100e+07   2.8259277e+01
   1.1093793e+07   6.8908691e+01
   1.1094244e+07   5.2734375e+01
   1.1107301e+07   6.7260742e+01
   1.1108326e+07   5.4931641e+01
   1.1108757e+07   5.3588867e+01
   1.1109168e+07   4.4067383e+01
   1.1109539e+07   3.5583496e+01
   1.1132879e+07   6.9641113e+01
   1.1146214e+07   7.7026367e+01
   1.1146471e+07   4.9316406e+01
   1.1147471e+07   6.4941406e+01
   1.1167025e+07   6.0119629e+01
   1.1168754e+07   5.8654785e+01
   1.1169577e+07   6.4636230e+01
   1.1182277e+07   6.8725586e+01
   1.1182441e+07   3.8452148e+01
   1.1182748e+07   4.1381836e+01
   1.1183062e+07   3.7719727e+01
   1.1188250e+07   6.1035156e+01
   1.1188758e+07   5.0170898e+01
   1.1224382e+07   6.5551758e+01
   1.1224766e+07   5.3100586e+01
   1.1225064e+07   5.1635742e+01
   1.1225312e+07   3.6071777e+01
   1.1225615e+07   2.4780273e+01
   1.1274349e+07   6.6101074e+01
   1.1274782e+07   6.1462402e+01
   1.1275025e+07   5.4382324e+01
   1.1275267e+07   2.3742676e+01
   1.1302508e+07   6.3293457e+01
   1.1344993e+07   7.6538086e+01
   1.1345232e+07   5.4443359e+01
   1.1345413e+07   3.9733887e+01
   1.1345595e+07   2.5939941e+01
   1.1400559e+07   7.2753906e+01
   1.1400818e+07   5.0537109e+01
   1.1400971e+07   3.9916992e+01
   1.1441878e+07   5.7556152e+01
   1.1442686e+07   6.9641113e+01
   1.1465731e+07   7.1777344e+01
   1.1478061e+07   7.4645996e+01
   1.1478244e+07   5.1757813e+01
   1.1478467e+07   4.3884277e+01
   1.1478706e+07   3.9733887e+01
   1.1478927e+07   2.4230957e+01
   1.1514587e+07   6.7077637e+01
   1.1515430e+07   5.3283691e+01
   1.1517536e+07   6.6162109e+01
   1.1518062e+07   5.3283691e+01
   1.1527693e+07   7.0434570e+01
   1.1527986e+07   5.2978516e+01
   1.1528309e+07   4.8095703e+01
   1.1528623e+07   3.2775879e+01
   1.1528969e+07   3.1250000e+01
   1.1529320e+07   3.1127930e+01
   1.1539941e+07   5.8410645e+01
   1.1540539e+07   5.0964355e+01
   1.1587205e+07   8.2763672e+01
   1.1587507e+07   5.8227539e+01
   1.1588035e+07   5.2429199e+01
   1.1615114e+07   8.2214355e+01
   1.1615438e+07   5.9020996e+01
   1.1616725e+07   6.2438965e+01
   1.1644371e+07   7.1105957e+01
   1.1644891e+07   7.0556641e+01
   1.1647265e+07   5.8654785e+01
   1.1648136e+07   5.8776855e+01
   1.1648572e+07   3.4484863e+01
   1.1677015e+07   2.5085449e+01
   1.1677030e+07   7.5256348e+01
   1.1677374e+07   6.0058594e+01
   1.1694115e+07   6.6040039e+01
   1.1694491e+07   4.3029785e+01
   1.1694799e+07   4.5288086e+01
   1.1695197e+07   4.7607422e+01
   1.1730216e+07   7.2937012e+01
   1.1730688e+07   6.1706543e+01
   1.1731240e+07   2.2338867e+01
   1.1749727e+07   8.0444336e+01
   1.1749974e+07   4.6508789e+01
   1.1750288e+07   5.1269531e+01
   1.1763936e+07   6.9458008e+01
   1.1764103e+07   4.2053223e+01
   1.1764392e+07   5.2124023e+01
   1.1764751e+07   4.0649414e+01
   1.1781064e+07   7.9101563e+01
   1.1781254e+07   4.5288086e+01
   1.1781520e+07   5.4199219e+01
   1.1781765e+07   3.3447266e+01
   1.1794000e+07   6.6894531e+01
   1.1794263e+07   5.7983398e+01
   1.1794609e+07   3.9123535e+01
   1.1794922e+07   3.9733887e+01
   1.1795204e+07   2.9663086e+01
   1.1827509e+07   2.3559570e+01
   1.1827539e+07   7.6599121e+01
   1.1827896e+07   5.7678223e+01
   1.1849950e+07   8.3740234e+01
   1.1850458e+07   4.9865723e+01
   1.1866920e+07   7.8613281e+01
   1.1867111e+07   4.9438477e+01
   1.1867352e+07   5.0537109e+01
   1.1867611e+07   3.5461426e+01
   1.1867804e+07   2.5085449e+01
   1.1894222e+07   6.6040039e+01
   1.1894787e+07   6.5124512e+01
   1.1895846e+07   6.9335938e+01
   1.1896367e+07   5.0231934e+01
   1.1923280e+07   7.4890137e+01
   1.1923532e+07   4.5776367e+01
   1.1923837e+07   4.9865723e+01
   1.1924221e+07   4.1625977e+01
   1.1960376e+07   7.8613281e+01
   1.1960814e+07   5.3283691e+01
   1.1961321e+07   5.7983398e+01
   1.1974893e+07   7.1350098e+01
   1.1975087e+07   4.5043945e+01
   1.1975597e+07   6.0546875e+01
   1.1975948e+07   4.9621582e+01
