   1.1996000e+07   0.0000000e+00
   2.1106700e+05   6.5795898e+01
   2.1112700e+05   4.9316406e+01
   2.1114400e+05   3.8330078e+01
   2.1117800e+05   6.2255859e+01
   2.1119600e+05   4.8583984e+01
   2.1121800e+05   3.9123535e+01
   2.1125000e+05   4.5288086e+01
   2.1127200e+05   5.4504395e+01
   2.1131600e+05   3.7841797e+01
   2.1148400e+05   3.9855957e+01
   2.1155200e+05   3.7170410e+01
   2.1215000e+05   4.0588379e+01
   2.1350000e+05   4.0161133e+01
   3.7893100e+05   5.9509277e+01
   3.7899300e+05   9.7290039e+01
   3.7901100e+05   6.0668945e+01
   3.7904300e+05   5.7922363e+01
   3.7906200e+05   3.7963867e+01
   3.7911500e+05   5.2490234e+01
   3.7916000e+05   4.3640137e+01
   3.7917400e+05   4.8828125e+01
   3.7926000e+05   3.7170410e+01
   3.7931900e+05   4.8461914e+01
   3.7943900e+05   3.7353516e+01
   3.7957200e+05   4.3212891e+01
   3.7962500e+05   4.1137695e+01
   3.7964400e+05   3.8452148e+01
   3.8065700e+05   4.9133301e+01
   3.8066700e+05   4.0405273e+01
   3.8746700e+05   4.2114258e+01
   3.8783000e+05   4.7058105e+01
   3.8824200e+05   5.5847168e+01
   3.8838600e+05   3.8208008e+01
   3.8854800e+05   4.6691895e+01
   3.9638100e+05   4.8278809e+01
   3.9639400e+05   3.9367676e+01
   3.9663900e+05   4.8217773e+01
   3.9672300e+05   3.9672852e+01
   3.9675200e+05   5.1452637e+01
   3.9687000e+05   4.9987793e+01
   4.0533600e+05   9.5153809e+01
   4.0537600e+05   5.0903320e+01
   4.0548700e+05   4.8339844e+01
   4.0552900e+05   4.5776367e+01
   4.0577200e+05   4.3457031e+01
   4.0592100e+05   6.9763184e+01
   4.0605700e+05   4.7119141e+01
   4.1148800e+05   5.7861328e+01
   4.1151500e+05   5.9204102e+01
   4.1805300e+05   4.7607422e+01
   4.1810900e+05   6.7077637e+01
   4.1813100e+05   5.0415039e+01
   4.1817900e+05   3.9611816e+01
   4.1822900e+05   5.7922363e+01
   4.1836500e+05   5.3588867e+01
   4.1845700e+05   5.1208496e+01
   4.1848700e+05   4.4006348e+01
   4.1867100e+05   5.6518555e+01
   4.1880900e+05   4.6691895e+01
   4.2643900e+05   6.3415527e+01
   4.2645900e+05   5.6091309e+01
   4.2700400e+05   5.5297852e+01
   4.3156300e+05   5.7434082e+01
   4.3158000e+05   6.5185547e+01
   4.3764100e+05   5.7922363e+01
   4.3785100e+05   4.6630859e+01
   4.3802500e+05   5.7067871e+01
   4.3818700e+05   5.2062988e+01
   4.4281100e+05   4.6752930e+01
   4.5115900e+05   4.3518066e+01
   4.5117100e+05   7.4279785e+01
   4.5120600e+05   5.2734375e+01
   4.5131200e+05   5.0598145e+01
   4.5143900e+05   4.6569824e+01
   4.5146200e+05   4.8583984e+01
   4.5156600e+05   4.6020508e+01
   4.5160200e+05   4.0466309e+01
   4.5170800e+05   4.6142578e+01
   4.5176700e+05   4.4616699e+01
   4.5192500e+05   4.6142578e+01
   4.5198500e+05   5.4565430e+01
   4.5217100e+05   4.3395996e+01
   4.5259400e+05   4.1320801e+01
   4.5973800e+05   5.9387207e+01
   4.5978700e+05   6.5673828e+01
   4.6358500e+05   5.8837891e+01
   4.6948600e+05   6.8237305e+01
   4.6949800e+05   5.6030273e+01
   4.6965700e+05   5.4199219e+01
   4.6996200e+05   5.2734375e+01
   4.7070200e+05   3.7658691e+01
   4.7515000e+05   5.9326172e+01
   4.7516100e+05   5.6335449e+01
   4.8053400e+05   7.6782227e+01
   4.8054500e+05   5.9204102e+01
   4.8076500e+05   5.1391602e+01
   4.8094900e+05   3.8574219e+01
   4.8100700e+05   5.9326172e+01
   4.8648400e+05   5.9204102e+01
   4.8667600e+05   6.0119629e+01
   4.9273300e+05   5.2856445e+01
   4.9274500e+05   5.0903320e+01
   4.9276400e+05   8.0383301e+01
   4.9305900e+05   6.4697266e+01
   4.9374300e+05   4.0100098e+01
   4.9989700e+05   8.4594727e+01
   5.0008400e+05   4.7607422e+01
   5.0024900e+05   5.4077148e+01
   5.0031200e+05   5.2795410e+01
   5.0062300e+05   4.8889160e+01
   5.0594700e+05   4.8278809e+01
   5.0597500e+05   6.3415527e+01
   5.1367600e+05   5.9692383e+01
   5.1369500e+05   5.6945801e+01
   5.1389500e+05   8.2641602e+01
   5.1412800e+05   4.7668457e+01
   5.1453900e+05   3.7170410e+01
   5.1466300e+05   4.8095703e+01
   5.2192100e+05   4.4494629e+01
   5.2195000e+05   4.7912598e+01
   5.2303800e+05   4.7668457e+01
   5.3191500e+05   5.7556152e+01
   5.3194900e+05   6.8664551e+01
   5.3211300e+05   6.0302734e+01
   5.3212600e+05   5.9509277e+01
   5.3226800e+05   4.2358398e+01
   5.3234600e+05   5.5786133e+01
   5.3250300e+05   5.5053711e+01
   5.3379800e+05   3.7841797e+01
   5.3908400e+05   5.5786133e+01
   5.4691800e+05   7.3364258e+01
   5.4697800e+05   7.5744629e+01
   5.4704400e+05   3.7536621e+01
   5.4715700e+05   3.8696289e+01
   5.4741300e+05   4.8583984e+01
   5.4746500e+05   4.5104980e+01
   5.5577200e+05   5.3833008e+01
   5.5594900e+05   5.6945801e+01
   5.5602200e+05   5.6579590e+01
   5.5627700e+05   4.7668457e+01
   5.5635900e+05   4.5410156e+01
   5.5648400e+05   3.7231445e+01
   5.6144900e+05   5.0231934e+01
   5.6169300e+05   5.0720215e+01
   5.6780100e+05   5.0537109e+01
   5.6793400e+05   6.7077637e+01
   5.6802400e+05   4.5532227e+01
   5.7661600e+05   5.5908203e+01
   5.7670200e+05   6.8054199e+01
   5.7680400e+05   5.1208496e+01
   5.7742400e+05   5.3100586e+01
   5.8305700e+05   5.3039551e+01
   5.9105000e+05   5.4687500e+01
   5.9112400e+05   6.4208984e+01
   5.9123500e+05   5.5908203e+01
   5.9148300e+05   6.0913086e+01
   5.9870900e+05   4.7546387e+01
   5.9912500e+05   5.1208496e+01
   6.0869100e+05   6.2805176e+01
   6.0873700e+05   7.4340820e+01
   6.0887800e+05   5.6579590e+01
   6.0909300e+05   4.2907715e+01
   6.0919400e+05   6.1584473e+01
   6.0968000e+05   4.8583984e+01
   6.2011500e+05   5.3710938e+01
   6.2032400e+05   6.8420410e+01
   6.2038400e+05   4.1320801e+01
   6.2059500e+05   5.8715820e+01
   6.3119300e+05   3.8879395e+01
   6.3122000e+05   5.6274414e+01
   6.3145100e+05   4.7485352e+01
   6.3159600e+05   6.1950684e+01
   6.3215200e+05   4.5349121e+01
   6.4276300e+05   5.8349609e+01
   6.4293000e+05   5.4626465e+01
   6.4333300e+05   5.2001953e+01
   6.5682800e+05   5.4199219e+01
   6.5689700e+05   6.5002441e+01
   6.5697900e+05   3.7841797e+01
   6.5703900e+05   5.8898926e+01
   6.5707900e+05   5.0231934e+01
   6.5716700e+05   4.0954590e+01
   6.5727200e+05   4.3334961e+01
   6.5755400e+05   4.0222168e+01
   6.5879200e+05   4.3334961e+01
   6.6855200e+05   5.5786133e+01
   6.6864600e+05   6.7138672e+01
   6.6878100e+05   5.6091309e+01
   6.6928600e+05   4.3273926e+01
   6.6987600e+05   6.2011719e+01
   6.7010100e+05   4.2541504e+01
   6.7989600e+05   6.2561035e+01
   6.7998000e+05   6.0424805e+01
   6.8009100e+05   4.6081543e+01
   6.8042100e+05   3.9123535e+01
   6.8137700e+05   4.0100098e+01
   6.8993600e+05   5.1879883e+01
   6.9015600e+05   3.8269043e+01
   6.9037600e+05   6.4453125e+01
   6.9085600e+05   4.1809082e+01
   7.0184700e+05   6.3659668e+01
   7.0207100e+05   5.0231934e+01
   7.0213900e+05   6.0058594e+01
   7.0229000e+05   4.0527344e+01
   7.0245200e+05   4.8950195e+01
   7.0289200e+05   4.8095703e+01
   7.1888900e+05   6.4941406e+01
   7.1892500e+05   3.8085938e+01
   7.1911900e+05   4.2358398e+01
   7.1925700e+05   5.6152344e+01
   7.1929200e+05   4.7973633e+01
   7.1950900e+05   4.0710449e+01
   7.3232200e+05   6.1218262e+01
   7.3256600e+05   4.4616699e+01
   7.3292100e+05   4.4189453e+01
   7.5173100e+05   5.4443359e+01
   7.5180200e+05   6.9763184e+01
   7.5192200e+05   6.0852051e+01
   7.5197400e+05   4.2114258e+01
   7.5210800e+05   4.9865723e+01
   7.5213600e+05   4.2297363e+01
   7.5237600e+05   4.3579102e+01
   7.5362400e+05   4.0222168e+01
   7.6490200e+05   6.4086914e+01
   7.6504900e+05   4.1870117e+01
   7.6569400e+05   3.8146973e+01
   7.6591200e+05   4.5715332e+01
   7.8070200e+05   6.1950684e+01
   7.8079000e+05   6.1523438e+01
   7.8092200e+05   4.3395996e+01
   7.8127500e+05   3.8940430e+01
   7.8168600e+05   4.0527344e+01
   7.8233600e+05   4.1625977e+01
   9.8272900e+05   6.5856934e+01
   9.8286300e+05   5.0537109e+01
   9.8294500e+05   6.7138672e+01
   9.8303000e+05   4.1015625e+01
   9.8306200e+05   4.1748047e+01
   9.8307200e+05   5.5480957e+01
   9.8311600e+05   4.7973633e+01
   9.8316600e+05   3.9733887e+01
   9.8318300e+05   4.7180176e+01
   9.8321500e+05   3.8574219e+01
   9.8328800e+05   3.7841797e+01
   9.8331700e+05   4.0832520e+01
   9.8377500e+05   3.9245605e+01
   9.8439500e+05   4.0893555e+01
   1.2678910e+06   6.8603516e+01
   1.2679790e+06   6.7199707e+01
   1.2680170e+06   4.0100098e+01
   1.2680270e+06   3.7414551e+01
   1.2680490e+06   8.1909180e+01
   1.2681490e+06   3.9794922e+01
   1.2682170e+06   3.9184570e+01
   1.2682490e+06   4.4494629e+01
   1.2682870e+06   3.9001465e+01
   1.2689890e+06   4.5166016e+01
   1.2773930e+06   4.7851563e+01
   1.3534490e+06   5.4870605e+01
   1.3534990e+06   3.9489746e+01
   1.3535570e+06   5.1879883e+01
   1.3535710e+06   4.2358398e+01
   1.3536240e+06   5.0720215e+01
   1.3536610e+06   4.0954590e+01
   1.3536850e+06   4.4860840e+01
   1.3537110e+06   3.7414551e+01
   1.3537230e+06   5.9082031e+01
   1.3537550e+06   4.1748047e+01
   1.3538720e+06   4.4067383e+01
   1.3538960e+06   4.0039063e+01
   1.3539220e+06   3.8757324e+01
   1.3539860e+06   5.2062988e+01
   1.3545740e+06   4.3579102e+01
   1.3559840e+06   3.8574219e+01
   1.3563540e+06   4.1809082e+01
   1.3637120e+06   4.6447754e+01
   1.3644910e+06   4.4250488e+01
   1.3646620e+06   4.0100098e+01
   1.3655600e+06   4.2785645e+01
   1.3734230e+06   6.2988281e+01
   1.3736830e+06   4.0283203e+01
   1.3737070e+06   5.5053711e+01
   1.3892470e+06   6.5551758e+01
   1.3892660e+06   5.7739258e+01
   1.3893200e+06   4.2236328e+01
   1.3893540e+06   6.1828613e+01
   1.3894790e+06   4.1381836e+01
   1.3895000e+06   5.4382324e+01
   1.3895810e+06   5.3894043e+01
   1.3896690e+06   3.8085938e+01
   1.3896890e+06   4.2175293e+01
   1.3897560e+06   3.8818359e+01
   1.3898560e+06   3.9916992e+01
   1.3910420e+06   4.0649414e+01
   1.3914110e+06   3.7780762e+01
   1.3919790e+06   3.8879395e+01
   1.3973800e+06   3.8940430e+01
   1.3991160e+06   4.2663574e+01
   1.4024580e+06   4.5532227e+01
   1.4054860e+06   4.8156738e+01
   1.4055220e+06   5.0964355e+01
   1.4101210e+06   6.7626953e+01
   1.4101490e+06   5.3771973e+01
   1.4103730e+06   5.0598145e+01
   1.4103950e+06   6.3049316e+01
   1.4163020e+06   6.3903809e+01
   1.4292370e+06   6.4208984e+01
   1.4292660e+06   6.7749023e+01
   1.4293410e+06   5.5969238e+01
   1.4293790e+06   4.0710449e+01
   1.4294500e+06   5.2001953e+01
   1.4295540e+06   5.1757813e+01
   1.4296150e+06   5.1940918e+01
   1.4296260e+06   4.2663574e+01
   1.4296900e+06   4.2419434e+01
   1.4297770e+06   3.9367676e+01
   1.4376510e+06   4.7241211e+01
   1.4414550e+06   3.9062500e+01
   1.4441500e+06   5.5297852e+01
   1.4472000e+06   4.5898438e+01
   1.4519200e+06   5.7434082e+01
   1.4519360e+06   5.4077148e+01
   1.4572540e+06   4.7668457e+01
   1.4573000e+06   5.8044434e+01
   1.4626470e+06   7.7148438e+01
   1.4627130e+06   6.4147949e+01
   1.4703770e+06   6.5124512e+01
   1.4704440e+06   5.4565430e+01
   1.4705490e+06   6.0546875e+01
   1.4706890e+06   4.0222168e+01
   1.4707010e+06   4.8217773e+01
   1.4707470e+06   4.9865723e+01
   1.4713670e+06   3.9550781e+01
   1.4776540e+06   5.1879883e+01
   1.4777670e+06   6.8725586e+01
   1.4782390e+06   3.8879395e+01
   1.4841410e+06   5.1452637e+01
   1.4841750e+06   6.4697266e+01
   1.4846820e+06   5.0903320e+01
   1.4932130e+06   5.7189941e+01
   1.4932470e+06   5.7556152e+01
   1.4934650e+06   4.9438477e+01
   1.5004700e+06   5.0354004e+01
   1.5048330e+06   4.5349121e+01
   1.5094750e+06   5.1391602e+01
   1.5097000e+06   4.4006348e+01
   1.5156140e+06   5.2490234e+01
   1.5158460e+06   5.8532715e+01
   1.5246730e+06   9.3688965e+01
   1.5261970e+06   4.2053223e+01
   1.5327100e+06   5.1147461e+01
   1.5383480e+06   5.6152344e+01
   1.5434520e+06   5.8105469e+01
   1.5437190e+06   5.4809570e+01
   1.5493750e+06   5.1818848e+01
   1.5497920e+06   3.7902832e+01
   1.5567910e+06   5.0476074e+01
   1.5578980e+06   4.4311523e+01
   1.5649450e+06   5.4016113e+01
   1.5656770e+06   3.7170410e+01
   1.5707440e+06   5.2368164e+01
   1.5772590e+06   5.4504395e+01
   1.5775480e+06   5.7983398e+01
   1.5786670e+06   3.8818359e+01
   1.5854690e+06   5.5541992e+01
   1.5859880e+06   4.7180176e+01
   1.5918480e+06   5.3894043e+01
   1.5973320e+06   4.6997070e+01
   1.5975980e+06   5.3039551e+01
   1.6032760e+06   5.2246094e+01
   1.6125590e+06   5.6884766e+01
   1.6126840e+06   6.5490723e+01
   1.6128210e+06   4.8278809e+01
   1.6209450e+06   4.4677734e+01
   1.6266610e+06   5.6457520e+01
   1.6267790e+06   3.8452148e+01
   1.6323560e+06   5.7800293e+01
   1.6327070e+06   5.5236816e+01
   1.6401550e+06   5.7312012e+01
   1.6405640e+06   4.6813965e+01
   1.6482780e+06   5.1330566e+01
   1.6485520e+06   4.7180176e+01
   1.6487100e+06   3.8452148e+01
   1.6569380e+06   4.9194336e+01
   1.6664590e+06   6.3293457e+01
   1.6667170e+06   5.3649902e+01
   1.6743280e+06   5.2429199e+01
   1.6832250e+06   6.5734863e+01
   1.6835250e+06   5.0354004e+01
   1.6836510e+06   3.7475586e+01
   1.6981280e+06   8.0322266e+01
   1.6984160e+06   5.3894043e+01
   1.6984730e+06   6.1157227e+01
   1.6985050e+06   3.8085938e+01
   1.6988390e+06   5.0537109e+01
   1.7095630e+06   5.6579590e+01
   1.7102060e+06   5.5908203e+01
   1.7191520e+06   5.2917480e+01
   1.7194960e+06   5.1269531e+01
   1.7277440e+06   3.9978027e+01
   1.7281880e+06   5.0720215e+01
   1.7422700e+06   7.3242188e+01
   1.7423750e+06   6.2683105e+01
   1.7424510e+06   7.1228027e+01
   1.7424720e+06   4.0710449e+01
   1.7425470e+06   5.4382324e+01
   1.7425790e+06   3.9184570e+01
   1.7426290e+06   4.2236328e+01
   1.7426420e+06   3.9794922e+01
   1.7427040e+06   3.8085938e+01
   1.7427320e+06   5.8532715e+01
   1.7428690e+06   4.4128418e+01
   1.7429070e+06   4.5166016e+01
   1.7429240e+06   3.7597656e+01
   1.7429960e+06   3.8696289e+01
   1.7430170e+06   3.7536621e+01
   1.7568390e+06   5.2978516e+01
   1.7668910e+06   5.3283691e+01
   1.7790780e+06   5.6640625e+01
   1.7795070e+06   5.4565430e+01
   1.8038180e+06   3.9916992e+01
   1.8038850e+06   7.6354980e+01
   1.8039320e+06   5.6396484e+01
   1.8042090e+06   6.3354492e+01
   1.8043170e+06   4.6569824e+01
   1.8178440e+06   6.4697266e+01
   1.8268160e+06   6.5551758e+01
   1.8269260e+06   6.5490723e+01
   1.8398360e+06   5.9570313e+01
   1.8466910e+06   5.7556152e+01
   1.8467630e+06   5.8593750e+01
   1.8469980e+06   5.4077148e+01
   1.8591840e+06   6.6528320e+01
   1.8592500e+06   6.1767578e+01
   1.8594010e+06   5.2062988e+01
   1.8595560e+06   5.0292969e+01
   1.8595740e+06   5.5786133e+01
   1.8598460e+06   5.4809570e+01
   1.8600620e+06   4.8217773e+01
   1.8600810e+06   5.4016113e+01
   1.8603000e+06   3.9184570e+01
   1.8738570e+06   6.0363770e+01
   1.8941410e+06   4.6264648e+01
   1.8942300e+06   4.9926758e+01
   1.8942880e+06   5.5114746e+01
   1.8943940e+06   4.2297363e+01
   1.8944830e+06   5.9692383e+01
   1.8945080e+06   4.7302246e+01
   1.8945790e+06   4.0283203e+01
   1.8946290e+06   3.8024902e+01
   1.8946480e+06   5.5786133e+01
   1.8947260e+06   4.0710449e+01
   1.8947770e+06   4.2968750e+01
   1.8948090e+06   3.9306641e+01
   1.8948260e+06   3.7658691e+01
   1.8949020e+06   4.2419434e+01
   1.8949460e+06   3.7597656e+01
   1.8949790e+06   3.8391113e+01
   1.8957310e+06   3.8513184e+01
   1.8966600e+06   4.2663574e+01
   1.9025950e+06   4.3884277e+01
   1.9102880e+06   4.9926758e+01
   1.9352980e+06   5.5236816e+01
   1.9428710e+06   5.9814453e+01
   1.9429060e+06   6.5368652e+01
   1.9430200e+06   6.7687988e+01
   1.9522540e+06   5.8044434e+01
   1.9523070e+06   6.2927246e+01
   1.9523900e+06   5.3405762e+01
   1.9526040e+06   4.9621582e+01
   1.9527450e+06   4.5043945e+01
   1.9528660e+06   4.6752930e+01
   1.9528810e+06   3.9367676e+01
   1.9529770e+06   4.7058105e+01
   1.9530400e+06   5.0109863e+01
   1.9636830e+06   5.2124023e+01
   1.9637580e+06   4.3884277e+01
   1.9639680e+06   4.9804688e+01
   1.9641270e+06   4.4189453e+01
   1.9703070e+06   4.3579102e+01
   1.9703300e+06   6.2744141e+01
   1.9756380e+06   6.5551758e+01
   1.9757230e+06   5.8349609e+01
   1.9757850e+06   7.4951172e+01
   1.9758960e+06   3.9550781e+01
   1.9759320e+06   5.7617188e+01
   1.9760420e+06   5.5114746e+01
   1.9761810e+06   4.4799805e+01
   1.9763050e+06   4.1748047e+01
   1.9763160e+06   4.0710449e+01
   1.9764310e+06   3.7658691e+01
   1.9764710e+06   4.7729492e+01
   1.9765920e+06   4.0283203e+01
   1.9768320e+06   4.1076660e+01
   1.9842490e+06   5.0415039e+01
   1.9889030e+06   4.9011230e+01
   1.9930380e+06   5.7922363e+01
   1.9931980e+06   5.3955078e+01
   2.0011700e+06   3.9245605e+01
   2.0012830e+06   4.8034668e+01
   2.0057170e+06   5.2246094e+01
   2.0103250e+06   5.6823730e+01
   2.0104340e+06   5.8776855e+01
   2.0105710e+06   5.5603027e+01
   2.0155500e+06   6.5124512e+01
   2.0156090e+06   5.8044434e+01
   2.0209250e+06   5.5908203e+01
   2.0209550e+06   5.7067871e+01
   2.0264840e+06   5.0964355e+01
   2.0270670e+06   4.8034668e+01
   2.0323040e+06   8.3679199e+01
   2.0323240e+06   5.2246094e+01
   2.0324950e+06   5.5664063e+01
   2.0326540e+06   4.1015625e+01
   2.0398480e+06   5.7617188e+01
   2.0398880e+06   5.8654785e+01
   2.0400150e+06   5.9265137e+01
   2.0401660e+06   5.3222656e+01
   2.0406490e+06   3.7536621e+01
   2.0461280e+06   5.1147461e+01
   2.0516000e+06   6.2561035e+01
   2.0516500e+06   6.5185547e+01
   2.0517630e+06   7.0373535e+01
   2.0519010e+06   4.7058105e+01
   2.0520470e+06   5.4565430e+01
   2.0522080e+06   4.7485352e+01
   2.0524380e+06   4.9926758e+01
   2.0526040e+06   4.0527344e+01
   2.0578600e+06   6.3293457e+01
   2.0579270e+06   5.0170898e+01
   2.0638150e+06   6.9335938e+01
   2.0638510e+06   5.7312012e+01
   2.0640990e+06   4.3395996e+01
   2.0697610e+06   8.3068848e+01
   2.0702950e+06   5.8654785e+01
   2.0755370e+06   7.5256348e+01
   2.0755930e+06   4.6325684e+01
   2.0757500e+06   5.0292969e+01
   2.0759200e+06   4.3884277e+01
   2.0811870e+06   5.5297852e+01
   2.0812350e+06   5.5847168e+01
   2.0874140e+06   7.1533203e+01
   2.0874420e+06   4.8522949e+01
   2.0877300e+06   3.7902832e+01
   2.0877810e+06   4.6875000e+01
   2.0887850e+06   4.8339844e+01
   2.0934700e+06   6.9091797e+01
   2.0934890e+06   5.0903320e+01
   2.0942530e+06   3.8146973e+01
   2.0995420e+06   5.8166504e+01
   2.0998360e+06   5.1696777e+01
   2.1060530e+06   5.4077148e+01
   2.1061080e+06   6.3110352e+01
   2.1064060e+06   4.1809082e+01
   2.1067300e+06   4.0954590e+01
   2.1082760e+06   4.4555664e+01
   2.1127620e+06   5.1025391e+01
   2.1128730e+06   3.8024902e+01
   2.1128870e+06   5.3405762e+01
   2.1143320e+06   4.1809082e+01
   2.1189720e+06   5.1818848e+01
   2.1190160e+06   6.6284180e+01
   2.1194040e+06   4.4067383e+01
   2.1252710e+06   6.5185547e+01
   2.1252970e+06   5.1086426e+01
   2.1255720e+06   3.9611816e+01
   2.1318430e+06   7.0251465e+01
   2.1318900e+06   5.0109863e+01
   2.1322280e+06   4.1381836e+01
   2.1384480e+06   6.3354492e+01
   2.1387040e+06   5.4260254e+01
   2.1442500e+06   6.3842773e+01
   2.1442820e+06   6.1584473e+01
   2.1445180e+06   4.8217773e+01
   2.1448050e+06   5.3466797e+01
   2.1503360e+06   6.9641113e+01
   2.1504050e+06   4.8828125e+01
   2.1509500e+06   5.1635742e+01
   2.1570480e+06   5.1696777e+01
   2.1642650e+06   4.8583984e+01
   2.1645920e+06   4.1748047e+01
   2.1653290e+06   3.7536621e+01
   2.1718850e+06   6.9702148e+01
   2.1719330e+06   6.0546875e+01
   2.1731820e+06   4.6875000e+01
   2.1787270e+06   6.3232422e+01
   2.1787840e+06   4.6997070e+01
   2.1865140e+06   6.1157227e+01
   2.1865340e+06   4.7668457e+01
   2.1867990e+06   3.9672852e+01
   2.1889270e+06   4.2480469e+01
   2.1943030e+06   4.5349121e+01
   2.2017290e+06   5.4565430e+01
   2.2073520e+06   4.4982910e+01
   2.2117450e+06   4.7058105e+01
   2.2182330e+06   5.1208496e+01
   2.2183660e+06   6.2011719e+01
   2.2192220e+06   3.8269043e+01
   2.2253650e+06   4.9926758e+01
   2.2313110e+06   6.6955566e+01
   2.2317580e+06   3.7292480e+01
   2.2363050e+06   5.6335449e+01
   2.2366430e+06   4.2114258e+01
   2.2407880e+06   5.3710938e+01
   2.2461570e+06   3.7658691e+01
   2.2462290e+06   5.8776855e+01
   2.2523860e+06   5.8105469e+01
   2.2528380e+06   4.0161133e+01
   2.2582900e+06   3.7170410e+01
   2.2583560e+06   5.2246094e+01
   2.2664470e+06   6.0913086e+01
   2.2671540e+06   4.1015625e+01
   2.2730720e+06   5.7434082e+01
   2.2771460e+06   4.2114258e+01
   2.2811230e+06   4.5959473e+01
   2.2847570e+06   5.6213379e+01
   2.2849290e+06   3.7353516e+01
   2.2888840e+06   4.9865723e+01
   2.2892920e+06   4.8522949e+01
   2.2932360e+06   4.1625977e+01
   2.2975030e+06   5.2062988e+01
   2.3018740e+06   4.9682617e+01
   2.3072130e+06   4.8339844e+01
   2.3130580e+06   4.7546387e+01
   2.3179620e+06   4.7302246e+01
   2.3223830e+06   4.9255371e+01
   2.3269450e+06   4.9377441e+01
   2.3314870e+06   5.7678223e+01
   2.3320350e+06   3.9184570e+01
   2.3362590e+06   5.5664063e+01
   2.3414350e+06   5.0903320e+01
   2.3428370e+06   4.6142578e+01
   2.3466730e+06   5.7250977e+01
   2.3513830e+06   6.1340332e+01
   2.3556050e+06   5.8288574e+01
   2.3602980e+06   4.7790527e+01
   2.3651870e+06   5.0598145e+01
   2.3712280e+06   5.3649902e+01
   2.3723120e+06   4.0039063e+01
   2.3776180e+06   5.6884766e+01
   2.3840630e+06   3.9733887e+01
   2.3841280e+06   4.7668457e+01
   2.3845510e+06   4.7546387e+01
   2.3904540e+06   4.8461914e+01
   2.3960480e+06   3.7170410e+01
   2.3961150e+06   5.1330566e+01
   2.3966160e+06   5.4687500e+01
   2.4010690e+06   4.2846680e+01
   2.4061850e+06   5.0659180e+01
   2.4120090e+06   4.5654297e+01
   2.4193350e+06   5.4870605e+01
   2.4199080e+06   4.7302246e+01
   2.4266940e+06   6.5429688e+01
   2.4334570e+06   6.3720703e+01
   2.4339420e+06   4.8522949e+01
   2.4403120e+06   4.0161133e+01
   2.4403700e+06   5.3039551e+01
   2.4411290e+06   3.9794922e+01
   2.4459920e+06   3.9245605e+01
   2.4460550e+06   6.0241699e+01
   2.4523260e+06   6.0241699e+01
   2.4526220e+06   4.6081543e+01
   2.4589820e+06   5.3649902e+01
   2.4592940e+06   4.2846680e+01
   2.4661880e+06   5.4565430e+01
   2.4662420e+06   4.1442871e+01
   2.4664760e+06   4.6386719e+01
   2.4673800e+06   4.0710449e+01
   2.4737010e+06   4.7546387e+01
   2.4739100e+06   3.8024902e+01
   2.4739550e+06   4.3884277e+01
   2.4804850e+06   3.9489746e+01
   2.4805110e+06   5.6640625e+01
   2.4807440e+06   4.9011230e+01
   2.4883820e+06   5.9875488e+01
   2.4891870e+06   4.2053223e+01
   2.4957290e+06   5.4565430e+01
   2.4959230e+06   5.0659180e+01
   2.4962620e+06   4.1076660e+01
   2.5031640e+06   4.2846680e+01
   2.5031960e+06   4.8645020e+01
   2.5034610e+06   3.7902832e+01
   2.5039780e+06   4.6813965e+01
   2.5098900e+06   4.7973633e+01
   2.5171070e+06   6.0607910e+01
   2.5177900e+06   4.3212891e+01
   2.5249770e+06   5.2062988e+01
   2.5252450e+06   5.5175781e+01
   2.5320540e+06   5.1879883e+01
   2.5396660e+06   5.4260254e+01
   2.5399880e+06   4.7302246e+01
   2.5476120e+06   5.6152344e+01
   2.5482570e+06   4.6264648e+01
   2.5566060e+06   5.7434082e+01
   2.5569020e+06   4.0222168e+01
   2.5667310e+06   5.7128906e+01
   2.5669680e+06   4.0344238e+01
   2.5755460e+06   6.8542480e+01
   2.5757950e+06   4.6020508e+01
   2.5837950e+06   4.2236328e+01
   2.5845270e+06   4.6325684e+01
   2.5905750e+06   4.7607422e+01
   2.5976410e+06   4.8828125e+01
   2.6051190e+06   5.4870605e+01
   2.6128260e+06   5.5725098e+01
   2.6194960e+06   5.2185059e+01
   2.6261000e+06   4.6813965e+01
   2.6348800e+06   4.9316406e+01
   2.6562360e+06   5.4565430e+01
   2.6646820e+06   5.4077148e+01
   2.7606430e+06   5.8410645e+01
   2.7607280e+06   5.2490234e+01
   2.7607820e+06   5.4260254e+01
   2.7608090e+06   5.2062988e+01
   2.7608370e+06   4.7973633e+01
   2.7608630e+06   4.2907715e+01
   2.7609010e+06   7.2204590e+01
   2.7609770e+06   3.9672852e+01
   2.7610180e+06   5.1391602e+01
   2.7610970e+06   5.7800293e+01
   2.7611880e+06   4.3151855e+01
   2.7619860e+06   4.2236328e+01
   2.7633140e+06   3.9733887e+01
   3.1576280e+06   5.8837891e+01
   3.1576690e+06   4.3762207e+01
   3.1576940e+06   6.5429688e+01
   3.1577450e+06   4.8828125e+01
   3.1577780e+06   5.9020996e+01
   3.1578870e+06   3.7170410e+01
   3.1579160e+06   4.9987793e+01
   3.1579340e+06   3.7658691e+01
   3.1579900e+06   3.9978027e+01
   3.1589130e+06   3.9978027e+01
   3.1598400e+06   3.7231445e+01
   3.3530660e+06   7.2570801e+01
   3.3530930e+06   4.0954590e+01
   3.3531350e+06   6.7199707e+01
   3.3531450e+06   3.8940430e+01
   3.3531890e+06   6.4697266e+01
   3.3532090e+06   3.8085938e+01
   3.3532330e+06   4.9133301e+01
   3.3533160e+06   5.3283691e+01
   3.3533790e+06   3.7597656e+01
   3.3534010e+06   3.9611816e+01
   3.3535170e+06   3.9306641e+01
   3.3539550e+06   3.9306641e+01
   3.3542560e+06   3.8879395e+01
   3.3542970e+06   4.1076660e+01
   3.3544480e+06   3.7902832e+01
   3.3548940e+06   3.8330078e+01
   3.6069950e+06   4.9682617e+01
   3.6070700e+06   9.6984863e+01
   3.6070890e+06   4.6081543e+01
   3.6071250e+06   4.9804688e+01
   3.6071590e+06   4.8095703e+01
   3.6071700e+06   4.8217773e+01
   3.6071880e+06   4.6936035e+01
   3.6072110e+06   3.9428711e+01
   3.6072850e+06   5.3588867e+01
   3.6073560e+06   4.0161133e+01
   3.6074090e+06   4.4067383e+01
   3.6075780e+06   3.9550781e+01
   3.6078950e+06   4.1015625e+01
   3.6080710e+06   3.7475586e+01
   3.6090860e+06   3.8330078e+01
   3.6092810e+06   4.0100098e+01
   3.6160250e+06   6.4025879e+01
   3.6161140e+06   6.4331055e+01
   3.6166660e+06   4.4616699e+01
   3.6243280e+06   5.7067871e+01
   3.6248770e+06   4.5532227e+01
   3.6313860e+06   6.0302734e+01
   3.6314060e+06   5.5969238e+01
   3.6315780e+06   5.0964355e+01
   3.6316920e+06   4.2846680e+01
   3.6318110e+06   4.6508789e+01
   3.6319620e+06   3.9123535e+01
   3.6321200e+06   3.9001465e+01
   3.6329330e+06   3.7414551e+01
   3.6390180e+06   6.0180664e+01
   3.6440370e+06   4.4189453e+01
   3.6440890e+06   5.2185059e+01
   3.6441770e+06   5.9020996e+01
   3.6443800e+06   4.7668457e+01
   3.6444290e+06   5.1757813e+01
   3.6452590e+06   4.9743652e+01
   3.6496730e+06   5.4138184e+01
   3.6497230e+06   4.3823242e+01
   3.6554260e+06   4.9804688e+01
   3.6554680e+06   3.8757324e+01
   3.6554790e+06   6.4697266e+01
   3.6556340e+06   4.1870117e+01
   3.6557540e+06   5.4626465e+01
   3.6568520e+06   4.0405273e+01
   3.6619470e+06   5.8593750e+01
   3.6620220e+06   5.2734375e+01
   3.6682090e+06   6.1828613e+01
   3.6682400e+06   5.9997559e+01
   3.6682580e+06   3.8757324e+01
   3.6683730e+06   4.8889160e+01
   3.6685960e+06   5.1879883e+01
   3.6687790e+06   6.2683105e+01
   3.6697770e+06   3.8269043e+01
   3.6758990e+06   4.3273926e+01
   3.6759510e+06   6.6040039e+01
   3.6766880e+06   4.7729492e+01
   3.6819790e+06   4.6142578e+01
   3.6819900e+06   5.9692383e+01
   3.6822370e+06   5.3344727e+01
   3.6885750e+06   8.7829590e+01
   3.6896380e+06   4.7607422e+01
   3.6955960e+06   4.5776367e+01
   3.6956110e+06   6.7626953e+01
   3.6960250e+06   6.2927246e+01
   3.6962030e+06   4.6936035e+01
   3.7029810e+06   6.9458008e+01
   3.7030060e+06   6.5246582e+01
   3.7099130e+06   6.5124512e+01
   3.7100030e+06   5.5603027e+01
   3.7102720e+06   4.7668457e+01
   3.7103070e+06   6.8969727e+01
   3.7105030e+06   6.5307617e+01
   3.7116250e+06   3.9672852e+01
   3.7155910e+06   4.0893555e+01
   3.7157710e+06   4.9682617e+01
   3.7214900e+06   3.9062500e+01
   3.7215090e+06   6.2622070e+01
   3.7215380e+06   6.2377930e+01
   3.7220540e+06   5.8288574e+01
   3.7223690e+06   6.1706543e+01
   3.7297730e+06   7.0190430e+01
   3.7299610e+06   5.9631348e+01
   3.7302220e+06   6.4392090e+01
   3.7302370e+06   4.6630859e+01
   3.7368030e+06   6.9946289e+01
   3.7373990e+06   4.3334961e+01
   3.7434760e+06   5.2795410e+01
   3.7436360e+06   4.0832520e+01
   3.7438660e+06   6.3781738e+01
   3.7443780e+06   4.6142578e+01
   3.7510610e+06   4.8339844e+01
   3.7513000e+06   5.2185059e+01
   3.7588740e+06   4.4921875e+01
   3.7590050e+06   4.0222168e+01
   3.7593030e+06   4.8217773e+01
   3.7594220e+06   4.0954590e+01
   3.7595680e+06   6.2744141e+01
   3.7664520e+06   5.2978516e+01
   3.7672080e+06   3.7536621e+01
   3.7739860e+06   5.2612305e+01
   3.7741310e+06   5.2062988e+01
   3.7745050e+06   6.3720703e+01
   3.7746150e+06   4.2236328e+01
   3.7812810e+06   6.0852051e+01
   3.7816660e+06   3.9550781e+01
   3.7905440e+06   6.9458008e+01
   3.7906260e+06   6.9213867e+01
   3.7907670e+06   4.5715332e+01
   3.7909310e+06   5.3771973e+01
   3.7911160e+06   5.8410645e+01
   3.7914530e+06   3.9550781e+01
   3.7985660e+06   4.8828125e+01
   3.7988040e+06   4.2175293e+01
   3.8066310e+06   5.7312012e+01
   3.8068210e+06   5.7434082e+01
   3.8070230e+06   4.5166016e+01
   3.8070610e+06   5.9082031e+01
   3.8156050e+06   7.4462891e+01
   3.8157740e+06   3.7658691e+01
   3.8158440e+06   4.2663574e+01
   3.8166410e+06   4.0954590e+01
   3.8252170e+06   5.2917480e+01
   3.8254280e+06   5.3894043e+01
   3.8255490e+06   3.9978027e+01
   3.8256120e+06   5.2978516e+01
   3.8263540e+06   4.1076660e+01
   3.8267240e+06   4.7607422e+01
   3.8359000e+06   5.4016113e+01
   3.8362910e+06   6.1279297e+01
   3.8363550e+06   3.9245605e+01
   3.8450960e+06   4.8767090e+01
   3.8453910e+06   4.6386719e+01
   3.8536860e+06   4.5898438e+01
   3.8539260e+06   4.7241211e+01
   3.8542560e+06   3.7841797e+01
   3.8592470e+06   5.4077148e+01
   3.8662650e+06   4.5593262e+01
   3.8663840e+06   6.6223145e+01
   3.8666490e+06   4.0954590e+01
   3.8671880e+06   3.9916992e+01
   3.8753220e+06   6.3537598e+01
   3.8759720e+06   4.9987793e+01
   3.8829370e+06   5.8166504e+01
   3.8832090e+06   4.1198730e+01
   3.8835470e+06   5.1696777e+01
   3.8982540e+06   5.8959961e+01
   3.8984450e+06   4.7790527e+01
   3.8984740e+06   7.4340820e+01
   3.8986340e+06   8.5998535e+01
   3.8987530e+06   4.1870117e+01
   3.8988940e+06   4.9560547e+01
   3.8989880e+06   4.2541504e+01
   3.8991110e+06   5.4687500e+01
   3.8991340e+06   4.9560547e+01
   3.8992000e+06   4.1198730e+01
   3.8992410e+06   3.9855957e+01
   3.8993100e+06   3.9733887e+01
   3.9096240e+06   4.7668457e+01
   3.9136500e+06   4.3701172e+01
   3.9160950e+06   4.8034668e+01
   3.9227960e+06   6.5002441e+01
   3.9267130e+06   4.9987793e+01
   3.9310830e+06   5.2673340e+01
   3.9370920e+06   6.0607910e+01
   3.9443180e+06   5.7250977e+01
   3.9446320e+06   4.5043945e+01
   3.9522280e+06   5.8105469e+01
   3.9525130e+06   5.2856445e+01
   3.9610640e+06   5.5175781e+01
   3.9617400e+06   4.4006348e+01
   4.3881250e+06   7.0007324e+01
   4.3881970e+06   6.2561035e+01
   4.3882580e+06   6.4331055e+01
   4.3882820e+06   3.8574219e+01
   4.3883200e+06   4.9255371e+01
   4.3883660e+06   6.1218262e+01
   4.3885160e+06   3.7353516e+01
   4.3902320e+06   3.9062500e+01
   4.3914890e+06   3.8024902e+01
   4.3976560e+06   5.0598145e+01
   4.4064540e+06   5.9082031e+01
   4.4067300e+06   5.4260254e+01
   4.4067990e+06   4.1870117e+01
   4.4068440e+06   4.9621582e+01
   4.4069790e+06   6.4819336e+01
   4.4070680e+06   4.6264648e+01
   4.4071380e+06   4.7607422e+01
   4.4072980e+06   3.7231445e+01
   4.4073290e+06   3.7170410e+01
   4.4073800e+06   3.9794922e+01
   4.4074240e+06   3.8574219e+01
   4.4177250e+06   4.1076660e+01
   4.4242800e+06   5.8044434e+01
   4.4243000e+06   5.7434082e+01
   4.4245590e+06   5.9936523e+01
   4.4247770e+06   4.5837402e+01
   4.4249110e+06   4.5349121e+01
   4.4250820e+06   4.3518066e+01
   4.4251080e+06   4.8889160e+01
   4.4253610e+06   4.5349121e+01
   4.4335600e+06   5.8776855e+01
   4.4463190e+06   6.8420410e+01
   4.4463380e+06   5.2856445e+01
   4.4464280e+06   5.3283691e+01
   4.4465120e+06   5.7434082e+01
   4.4465500e+06   4.8522949e+01
   4.4466490e+06   5.5053711e+01
   4.4467220e+06   3.7780762e+01
   4.4467700e+06   3.7841797e+01
   4.4468070e+06   5.2001953e+01
   4.4469250e+06   4.3090820e+01
   4.4505230e+06   3.7292480e+01
   4.4558640e+06   5.2551270e+01
   4.4606350e+06   5.6457520e+01
   4.4642940e+06   5.2673340e+01
   4.4644250e+06   4.2968750e+01
   4.4648260e+06   5.3039551e+01
   4.4687010e+06   4.7607422e+01
   4.4723440e+06   4.4860840e+01
   4.4724210e+06   6.8786621e+01
   4.4728760e+06   5.1940918e+01
   4.4731830e+06   5.0720215e+01
   4.4811900e+06   5.7006836e+01
   4.4812850e+06   6.5734863e+01
   4.4815460e+06   5.4016113e+01
   4.4815970e+06   3.9428711e+01
   4.4817880e+06   4.5166016e+01
   4.4824110e+06   4.5349121e+01
   4.4907160e+06   6.2744141e+01
   4.4907630e+06   6.5612793e+01
   4.4910090e+06   5.9631348e+01
   4.4910380e+06   4.2236328e+01
   4.4911840e+06   5.2490234e+01
   4.5007670e+06   6.2316895e+01
   4.5008040e+06   5.8959961e+01
   4.5010560e+06   5.1635742e+01
   4.5010860e+06   5.2185059e+01
   4.5012820e+06   3.8085938e+01
   4.5027560e+06   3.8391113e+01
   4.5093790e+06   4.8095703e+01
   4.5097640e+06   5.4809570e+01
   4.5144810e+06   5.8349609e+01
   4.5223470e+06   3.7963867e+01
   4.5224310e+06   6.0974121e+01
   4.5224430e+06   5.8471680e+01
   4.5226030e+06   4.6447754e+01
   4.5226440e+06   5.5786133e+01
   4.5228500e+06   5.3100586e+01
   4.5313700e+06   6.6650391e+01
   4.5316780e+06   6.2988281e+01
   4.5417710e+06   5.8105469e+01
   4.5418040e+06   5.1818848e+01
   4.5419200e+06   6.5124512e+01
   4.5419640e+06   4.1992188e+01
   4.5419820e+06   5.9326172e+01
   4.5420460e+06   4.4799805e+01
   4.5423200e+06   5.0598145e+01
   4.5424580e+06   4.1687012e+01
   4.5427090e+06   4.0100098e+01
   4.5440160e+06   4.0039063e+01
   4.5499010e+06   4.6386719e+01
   4.5572900e+06   4.9316406e+01
   4.5573360e+06   5.6274414e+01
   4.5575030e+06   5.4382324e+01
   4.5575290e+06   4.9560547e+01
   4.5647860e+06   4.2114258e+01
   4.5649250e+06   4.9865723e+01
   4.5652850e+06   5.3527832e+01
   4.5705540e+06   5.8593750e+01
   4.5708120e+06   5.7678223e+01
   4.5794570e+06   5.0598145e+01
   4.5795210e+06   6.2683105e+01
   4.5797790e+06   5.2001953e+01
   4.5810940e+06   3.7475586e+01
   4.5874410e+06   6.3476563e+01
   4.5925530e+06   5.8593750e+01
   4.5989870e+06   5.0903320e+01
   4.5991460e+06   7.7819824e+01
   4.5992290e+06   4.3090820e+01
   4.6061310e+06   4.5166016e+01
   4.6144210e+06   6.2133789e+01
   4.6144700e+06   6.8359375e+01
   4.6146950e+06   5.5541992e+01
   4.6223980e+06   4.8889160e+01
   4.6226430e+06   4.2480469e+01
   4.6291930e+06   5.1147461e+01
   4.6295400e+06   4.4494629e+01
   4.6382080e+06   6.4147949e+01
   4.6383880e+06   6.2988281e+01
   4.6384270e+06   6.4697266e+01
   4.6462110e+06   5.4382324e+01
   4.6523130e+06   5.2551270e+01
   4.6529170e+06   4.6203613e+01
   4.6592360e+06   5.3161621e+01
   4.6599630e+06   4.6997070e+01
   4.6676410e+06   5.7922363e+01
   4.6681060e+06   3.8391113e+01
   4.6681780e+06   3.8757324e+01
   4.6758240e+06   5.1452637e+01
   4.6837180e+06   5.1818848e+01
   4.6840410e+06   4.5532227e+01
   4.6845980e+06   4.0954590e+01
   4.6914870e+06   6.6772461e+01
   4.7015580e+06   7.2814941e+01
   4.7018750e+06   4.1137695e+01
   4.7118750e+06   6.8725586e+01
   4.7121630e+06   4.8950195e+01
   4.7125730e+06   3.9855957e+01
   4.7209280e+06   4.7973633e+01
   4.7280940e+06   4.4311523e+01
   4.7342680e+06   6.1218262e+01
   4.7487230e+06   6.0913086e+01
   4.7488640e+06   5.7250977e+01
   4.7489570e+06   5.7067871e+01
   4.7490530e+06   4.8950195e+01
   4.7492840e+06   4.5104980e+01
   4.7493820e+06   5.5480957e+01
   4.7494170e+06   4.3090820e+01
   4.7495370e+06   4.0832520e+01
   4.7496480e+06   4.0100098e+01
   4.7497000e+06   5.5236816e+01
   4.7498280e+06   5.2062988e+01
   4.7586850e+06   4.6020508e+01
   4.7632950e+06   5.5908203e+01
   4.7690120e+06   6.3415527e+01
   4.7749490e+06   5.5114746e+01
   4.7753050e+06   5.4016113e+01
   4.7816710e+06   5.2734375e+01
   4.7993450e+06   7.4707031e+01
   4.7996900e+06   5.2856445e+01
   4.8093550e+06   5.2001953e+01
   4.8190210e+06   5.8715820e+01
   4.8197630e+06   4.6691895e+01
   4.8281270e+06   5.2673340e+01
   4.8448330e+06   5.5297852e+01
   4.8450220e+06   5.2734375e+01
   4.8451250e+06   6.3781738e+01
   4.8453040e+06   5.8837891e+01
   4.8453830e+06   7.6171875e+01
   4.8456360e+06   5.4321289e+01
   4.8550880e+06   6.0180664e+01
   4.8555620e+06   5.0476074e+01
   4.8627530e+06   5.7067871e+01
   4.8716980e+06   6.7565918e+01
   4.8720970e+06   4.8034668e+01
   4.8840440e+06   4.8706055e+01
   4.8842430e+06   6.0913086e+01
   4.8843100e+06   5.2001953e+01
   4.8856780e+06   4.2724609e+01
   4.8941330e+06   4.8950195e+01
   4.9040290e+06   4.6264648e+01
   4.9042370e+06   7.6843262e+01
   4.9042510e+06   4.2663574e+01
   4.9046100e+06   3.8635254e+01
   4.9047730e+06   3.7414551e+01
   4.9068420e+06   4.1015625e+01
   4.9129420e+06   3.8146973e+01
   4.9132330e+06   3.9001465e+01
   4.9238510e+06   4.0405273e+01
   4.9238990e+06   5.6762695e+01
   4.9240860e+06   5.3222656e+01
   4.9385510e+06   3.9123535e+01
   4.9385770e+06   5.9448242e+01
   4.9387710e+06   6.7443848e+01
   4.9389100e+06   5.8349609e+01
   4.9391700e+06   6.1706543e+01
   4.9490440e+06   4.5959473e+01
   4.9493830e+06   5.9143066e+01
   4.9559840e+06   5.0048828e+01
   4.9622740e+06   4.5593262e+01
   4.9704030e+06   5.2856445e+01
   4.9708120e+06   4.8278809e+01
   4.9710640e+06   4.2297363e+01
   4.9785410e+06   5.9204102e+01
   4.9787620e+06   4.7546387e+01
   4.9858360e+06   5.4870605e+01
   4.9863410e+06   5.0659180e+01
   4.9865930e+06   4.2724609e+01
   4.9952220e+06   5.4809570e+01
   4.9954930e+06   4.6875000e+01
   5.0004050e+06   5.1757813e+01
   5.0006650e+06   5.1940918e+01
   5.0066530e+06   5.6762695e+01
   5.0068590e+06   5.6762695e+01
   5.0115570e+06   5.7128906e+01
   5.0181890e+06   5.6396484e+01
   5.0185680e+06   5.6518555e+01
   5.0190590e+06   3.9001465e+01
   5.0266660e+06   4.9743652e+01
   5.0269690e+06   3.9428711e+01
   5.0312510e+06   5.6579590e+01
   5.0353700e+06   4.7302246e+01
   5.0356730e+06   4.5532227e+01
   5.0396760e+06   5.7434082e+01
   5.0433240e+06   4.0588379e+01
   5.0434340e+06   4.8400879e+01
   5.0494180e+06   5.8959961e+01
   5.0497210e+06   4.4433594e+01
   5.0502800e+06   4.7912598e+01
   5.0514530e+06   4.0283203e+01
   5.0566330e+06   5.4931641e+01
   5.0605470e+06   4.6630859e+01
   5.0657840e+06   5.4931641e+01
   5.0660690e+06   4.4311523e+01
   5.0715990e+06   5.1452637e+01
   5.0750410e+06   4.1198730e+01
   5.0798640e+06   4.9926758e+01
   5.0801300e+06   4.6936035e+01
   5.0848970e+06   4.9255371e+01
   5.0890190e+06   5.3894043e+01
   5.0893070e+06   4.7180176e+01
   5.0935220e+06   5.9265137e+01
   5.0984430e+06   6.7687988e+01
   5.0988720e+06   4.6081543e+01
   5.1061580e+06   4.8828125e+01
   5.1067500e+06   4.1687012e+01
   5.1137470e+06   4.2846680e+01
   5.1191410e+06   4.1442871e+01
   5.1263910e+06   4.3884277e+01
   5.1267080e+06   4.4189453e+01
   5.1317450e+06   4.8767090e+01
   5.1352330e+06   4.0466309e+01
   5.1353090e+06   4.9682617e+01
   5.1357150e+06   4.8889160e+01
   5.1398620e+06   4.7729492e+01
   5.1441430e+06   5.0781250e+01
   5.1445350e+06   4.6325684e+01
   5.1446130e+06   4.4372559e+01
   5.1534000e+06   6.5490723e+01
   5.1537090e+06   4.1931152e+01
   5.1585330e+06   4.3823242e+01
   5.1645550e+06   5.4199219e+01
   5.1649240e+06   4.1442871e+01
   5.1650040e+06   5.9020996e+01
   5.1653570e+06   3.8391113e+01
   5.1742780e+06   5.2429199e+01
   5.1745760e+06   4.4372559e+01
   5.1786150e+06   3.8574219e+01
   5.1832920e+06   5.4931641e+01
   5.1881610e+06   4.6203613e+01
   5.1932470e+06   4.8767090e+01
   5.1936790e+06   5.2062988e+01
   5.1986280e+06   4.8156738e+01
   5.2053040e+06   5.5786133e+01
   5.2055600e+06   4.7607422e+01
   5.2056000e+06   3.8024902e+01
   5.2057360e+06   5.4504395e+01
   5.2169310e+06   5.2307129e+01
   5.2171650e+06   4.9560547e+01
   5.2222370e+06   6.3293457e+01
   5.2228120e+06   4.5654297e+01
   5.2281290e+06   3.9978027e+01
   5.2281790e+06   4.7485352e+01
   5.2285090e+06   3.8757324e+01
   5.2286910e+06   4.4860840e+01
   5.2345770e+06   4.7302246e+01
   5.2348860e+06   4.6081543e+01
   5.2403110e+06   5.8776855e+01
   5.2462650e+06   5.6213379e+01
   5.2524680e+06   4.8217773e+01
   5.2526460e+06   4.6020508e+01
   5.2580120e+06   5.3894043e+01
   5.2583260e+06   4.3395996e+01
   5.2632940e+06   4.0283203e+01
   5.2685300e+06   5.2917480e+01
   5.2689280e+06   4.3518066e+01
   5.2744410e+06   5.2917480e+01
   5.2747940e+06   4.2053223e+01
   5.2803010e+06   5.2124023e+01
   5.2807050e+06   4.1687012e+01
   5.2865310e+06   5.0354004e+01
   5.2870150e+06   4.5715332e+01
   5.2934720e+06   5.4626465e+01
   5.2936870e+06   6.0302734e+01
   5.2996340e+06   4.9987793e+01
   5.3065460e+06   3.7170410e+01
   5.3065830e+06   5.2490234e+01
   5.3067820e+06   4.7790527e+01
   5.3078710e+06   4.3334961e+01
   5.3134210e+06   5.2734375e+01
   5.3206370e+06   4.9865723e+01
   5.3209420e+06   6.4025879e+01
   5.3222380e+06   3.8940430e+01
   5.3275480e+06   5.8532715e+01
   5.3335890e+06   6.4697266e+01
   5.3340330e+06   3.9245605e+01
   5.3398870e+06   5.1025391e+01
   5.3477310e+06   5.0842285e+01
   5.3479230e+06   5.5053711e+01
   5.3488300e+06   3.8513184e+01
   5.3548590e+06   5.0842285e+01
   5.3608890e+06   5.1147461e+01
   5.3615710e+06   4.2846680e+01
   5.3673780e+06   4.8461914e+01
   5.3743240e+06   5.9448242e+01
   5.3753970e+06   4.1015625e+01
   5.3826570e+06   5.2917480e+01
   5.3834070e+06   4.3212891e+01
   5.3837180e+06   4.6386719e+01
   5.3913720e+06   5.3344727e+01
   5.3918830e+06   4.1503906e+01
   5.3984450e+06   5.4199219e+01
   5.4071870e+06   3.8146973e+01
   5.4072800e+06   5.5908203e+01
   5.4075580e+06   4.4860840e+01
   5.4086200e+06   4.2480469e+01
   5.4157250e+06   4.9255371e+01
   5.4244630e+06   5.1452637e+01
   5.4247450e+06   4.9133301e+01
   5.4323190e+06   5.0476074e+01
   5.4425470e+06   5.0476074e+01
   5.4428100e+06   4.8461914e+01
   5.4433760e+06   4.6325684e+01
   5.4527220e+06   5.8227539e+01
   5.4530440e+06   5.2307129e+01
   5.4534200e+06   4.4982910e+01
   5.4630430e+06   4.7363281e+01
   5.4633410e+06   4.5593262e+01
   5.4634710e+06   3.8879395e+01
   5.4727420e+06   4.8095703e+01
   5.4730550e+06   3.7475586e+01
   5.4826010e+06   6.2072754e+01
   5.4830870e+06   5.5969238e+01
   5.4837550e+06   4.3334961e+01
   5.4940070e+06   5.6701660e+01
   5.4943130e+06   5.3466797e+01
   5.5082850e+06   5.1208496e+01
   5.5085410e+06   5.5786133e+01
   5.5090670e+06   3.8330078e+01
   5.5097080e+06   4.3823242e+01
   5.5246090e+06   4.1870117e+01
   5.5248710e+06   4.4799805e+01
   5.5253100e+06   4.3029785e+01
   5.5378060e+06   5.2673340e+01
   5.5539470e+06   4.9743652e+01
   5.5541090e+06   4.1381836e+01
   5.5543130e+06   5.9387207e+01
   6.2474090e+06   6.4758301e+01
   6.2474690e+06   3.7719727e+01
   6.2474830e+06   6.3659668e+01
   6.2475040e+06   6.0241699e+01
   6.2475360e+06   4.1992188e+01
   6.2475510e+06   4.1320801e+01
   6.2475620e+06   4.3579102e+01
   6.2475840e+06   5.6152344e+01
   6.2476550e+06   4.6081543e+01
   6.2479630e+06   4.0405273e+01
   6.2484490e+06   3.9123535e+01
   6.2494850e+06   4.6264648e+01
   6.4948530e+06   5.8837891e+01
   6.4949070e+06   4.1625977e+01
   6.4949220e+06   4.8583984e+01
   6.4949440e+06   8.1054688e+01
   6.4949590e+06   4.6081543e+01
   6.4950020e+06   4.8828125e+01
   6.4950180e+06   3.8574219e+01
   6.4950500e+06   4.2724609e+01
   6.4950650e+06   3.8513184e+01
   6.4950930e+06   4.5593262e+01
   6.4951280e+06   4.2907715e+01
   6.4951880e+06   3.9306641e+01
   6.4971900e+06   4.6508789e+01
   6.5079420e+06   5.7922363e+01
   6.5079800e+06   5.5969238e+01
   6.5080640e+06   7.0922852e+01
   6.5081670e+06   5.0537109e+01
   6.5081860e+06   5.5053711e+01
   6.5082030e+06   3.7292480e+01
   6.5082800e+06   4.8645020e+01
   6.5083660e+06   4.7302246e+01
   6.5123390e+06   3.8818359e+01
   6.5206230e+06   4.7790527e+01
   6.5210360e+06   4.2480469e+01
   6.5210540e+06   3.7170410e+01
   6.5292700e+06   9.9243164e+01
   6.5367160e+06   4.3823242e+01
   6.5368160e+06   5.9265137e+01
   6.5370300e+06   6.2744141e+01
   6.5373720e+06   4.6264648e+01
   6.5435040e+06   4.0039063e+01
   6.5435550e+06   4.4433594e+01
   6.5485610e+06   5.3405762e+01
   6.5486560e+06   6.5002441e+01
   6.5489200e+06   4.1992187e+01
   6.5553930e+06   5.0842285e+01
   6.5554380e+06   5.0964355e+01
   6.5558820e+06   4.7119141e+01
   6.5626140e+06   6.7382813e+01
   6.5626990e+06   5.9082031e+01
   6.5630480e+06   5.8837891e+01
   6.5632290e+06   4.3273926e+01
   6.5640870e+06   4.9865723e+01
   6.5694280e+06   4.9682617e+01
   6.5721710e+06   5.0720215e+01
   6.5742610e+06   5.2917480e+01
   6.5743170e+06   7.6171875e+01
   6.5745680e+06   4.4982910e+01
   6.5806060e+06   5.4199219e+01
   6.5808700e+06   6.8237305e+01
   6.5867920e+06   4.7058105e+01
   6.5870670e+06   5.4504395e+01
   6.5936150e+06   6.4086914e+01
   6.5936450e+06   5.8654785e+01
   6.5938970e+06   5.5297852e+01
   6.5940420e+06   4.3273926e+01
   6.6020790e+06   6.1096191e+01
   6.6020980e+06   4.7729492e+01
   6.6089110e+06   4.9316406e+01
   6.6164070e+06   5.2856445e+01
   6.6164350e+06   6.2255859e+01
   6.6166820e+06   4.3518066e+01
   6.6167110e+06   4.6936035e+01
   6.6223510e+06   6.2622070e+01
   6.6281270e+06   5.9631348e+01
   6.6331670e+06   4.2419434e+01
   6.6389020e+06   5.9875488e+01
   6.6391280e+06   6.4575195e+01
   6.6461490e+06   6.1096191e+01
   6.6463020e+06   3.8024902e+01
   6.6464000e+06   7.2631836e+01
   6.6464220e+06   5.5541992e+01
   6.6468620e+06   5.4321289e+01
   6.6542580e+06   4.9621582e+01
   6.6545110e+06   4.9255371e+01
   6.6610330e+06   4.7180176e+01
   6.6671370e+06   5.8105469e+01
   6.6674740e+06   6.0180664e+01
   6.6678880e+06   3.9672852e+01
   6.6725730e+06   5.0659180e+01
   6.6783120e+06   5.9265137e+01
   6.6786110e+06   4.0710449e+01
   6.6850130e+06   6.1157227e+01
   6.6855900e+06   4.6936035e+01
   6.6917070e+06   6.6284180e+01
   6.6991740e+06   6.1340332e+01
   6.6996300e+06   4.6386719e+01
   6.7005830e+06   3.7963867e+01
   6.7064920e+06   4.8034668e+01
   6.7067640e+06   3.8940430e+01
   6.7139770e+06   5.7556152e+01
   6.7142630e+06   5.1940918e+01
   6.7211800e+06   4.6203613e+01
   6.7273430e+06   5.0292969e+01
   6.7338510e+06   4.2419434e+01
   6.7341320e+06   5.3771973e+01
   6.7406850e+06   5.6152344e+01
   6.7410300e+06   4.5104980e+01
   6.7483340e+06   6.3781738e+01
   6.7486020e+06   3.8146973e+01
   6.7561110e+06   5.4626465e+01
   6.7564880e+06   4.1442871e+01
   6.7634090e+06   5.0170898e+01
   6.7719290e+06   5.8410645e+01
   6.7722430e+06   4.2114258e+01
   6.7726500e+06   3.9550781e+01
   6.7729470e+06   3.9489746e+01
   6.7798710e+06   4.8278809e+01
   6.7856350e+06   4.0161133e+01
   6.7861460e+06   4.9133301e+01
   6.7930860e+06   5.2795410e+01
   6.7933180e+06   4.5593262e+01
   6.7939400e+06   4.2907715e+01
   6.8010340e+06   3.8208008e+01
   6.8011460e+06   5.4687500e+01
   6.8014160e+06   4.2541504e+01
   6.8021910e+06   4.4311523e+01
   6.8079640e+06   4.6447754e+01
   6.8082410e+06   5.0109863e+01
   6.8163370e+06   5.6884766e+01
   6.8165170e+06   4.2114258e+01
   6.8168150e+06   4.7729492e+01
   6.8246660e+06   4.6081543e+01
   6.8249870e+06   5.0903320e+01
   6.8331940e+06   5.7189941e+01
   6.8335220e+06   5.0537109e+01
   6.8344550e+06   4.0710449e+01
   6.8424420e+06   5.8532715e+01
   6.8428920e+06   4.3151855e+01
   6.8432720e+06   3.9794922e+01
   6.8511350e+06   4.9316406e+01
   6.8574210e+06   6.2011719e+01
   6.8577650e+06   6.5063477e+01
   6.8647830e+06   5.6457520e+01
   6.8650910e+06   4.4128418e+01
   6.8655460e+06   4.7790527e+01
   6.8728120e+06   4.2907715e+01
   6.8730350e+06   5.8959961e+01
   6.8739960e+06   4.8095703e+01
   6.8808990e+06   4.9743652e+01
   6.8870780e+06   5.2734375e+01
   6.8876900e+06   3.8879395e+01
   6.8884160e+06   4.4250488e+01
   6.8942620e+06   6.0791016e+01
   6.8982380e+06   5.9020996e+01
   6.9039920e+06   3.9855957e+01
   6.9041800e+06   5.5419922e+01
   6.9046010e+06   4.5715332e+01
   6.9157750e+06   5.5175781e+01
   6.9160070e+06   4.6142578e+01
   6.9161710e+06   3.9428711e+01
   6.9166130e+06   3.8757324e+01
   6.9264830e+06   6.1340332e+01
   6.9267950e+06   3.7475586e+01
   6.9272090e+06   4.5410156e+01
   6.9340930e+06   5.2734375e+01
   6.9344700e+06   4.1931152e+01
   6.9395760e+06   4.7607422e+01
   6.9455280e+06   4.4921875e+01
   6.9457400e+06   4.9621582e+01
   6.9517800e+06   5.2429199e+01
   6.9572230e+06   5.1513672e+01
   6.9575080e+06   4.5288086e+01
   6.9577460e+06   3.9123535e+01
   6.9580830e+06   3.7231445e+01
   6.9634390e+06   4.7546387e+01
   6.9693620e+06   5.4016113e+01
   6.9696470e+06   3.7292480e+01
   6.9762310e+06   5.3955078e+01
   6.9765780e+06   4.6020508e+01
   6.9771070e+06   4.0527344e+01
   6.9829440e+06   5.4443359e+01
   6.9891540e+06   6.2438965e+01
   6.9894670e+06   5.6762695e+01
   6.9901640e+06   5.0231934e+01
   6.9971610e+06   4.3151855e+01
   6.9975140e+06   4.6142578e+01
   7.0046200e+06   6.4514160e+01
   7.0048450e+06   4.9011230e+01
   7.0050210e+06   4.8278809e+01
   7.0128820e+06   4.5043945e+01
   7.0187710e+06   4.9499512e+01
   7.0190960e+06   4.3945313e+01
   7.0255720e+06   4.8645020e+01
   7.0258850e+06   5.0598145e+01
   7.0325520e+06   5.3344727e+01
   7.0399550e+06   6.0424805e+01
   7.0401150e+06   5.5541992e+01
   7.0403170e+06   5.1635742e+01
   7.0405250e+06   4.8461914e+01
   7.0496660e+06   5.5786133e+01
   7.0555950e+06   5.3527832e+01
   7.0613120e+06   5.1757813e+01
   7.0616120e+06   4.9743652e+01
   7.0679930e+06   5.1086426e+01
   7.0750350e+06   5.2673340e+01
   7.0761100e+06   4.2846680e+01
   7.0815770e+06   4.9621582e+01
   7.0818950e+06   4.6386719e+01
   7.0899040e+06   6.4270020e+01
   7.0901280e+06   4.5349121e+01
   7.0903730e+06   5.0231934e+01
   7.1027710e+06   5.0292969e+01
   7.1031140e+06   5.0720215e+01
   7.1090960e+06   4.8950195e+01
   7.1151120e+06   5.3466797e+01
   7.1226970e+06   4.7973633e+01
   7.1229990e+06   4.3945313e+01
   7.1237880e+06   3.8513184e+01
   7.1300160e+06   4.4555664e+01
   7.1355120e+06   4.7363281e+01
   7.1359080e+06   4.7241211e+01
   7.1370720e+06   4.3334961e+01
   7.1471740e+06   6.3781738e+01
   7.1477000e+06   5.0292969e+01
   7.1537310e+06   5.0781250e+01
   7.1601810e+06   4.6936035e+01
   7.1605390e+06   5.0354004e+01
   7.1673930e+06   4.7119141e+01
   7.1734160e+06   5.0415039e+01
   7.1742440e+06   5.0598145e+01
   7.1790060e+06   5.4077148e+01
   7.1792640e+06   5.0109863e+01
   7.1864010e+06   5.5847168e+01
   7.1868790e+06   5.0659180e+01
   7.1935400e+06   4.2846680e+01
   7.1987180e+06   5.0964355e+01
   7.1991710e+06   4.2053223e+01
   7.2049720e+06   4.7729492e+01
   7.2102260e+06   4.9926758e+01
   7.2171280e+06   5.1513672e+01
   7.2174220e+06   4.1503906e+01
   7.2177750e+06   5.3588867e+01
   7.2185330e+06   4.3151855e+01
   7.2308020e+06   5.8654785e+01
   7.2311560e+06   4.8583984e+01
   7.2380770e+06   6.0241699e+01
   7.2384240e+06   4.0527344e+01
   7.2442890e+06   5.1269531e+01
   7.2513990e+06   5.8959961e+01
   7.2518580e+06   4.6203613e+01
   7.2601730e+06   6.1218262e+01
   7.2605160e+06   4.4860840e+01
   7.2613200e+06   3.7475586e+01
   7.2619920e+06   3.7597656e+01
   7.2746050e+06   5.3100586e+01
   7.2751520e+06   3.9794922e+01
   7.2753000e+06   4.0344238e+01
   7.2823040e+06   4.7607422e+01
   7.2834670e+06   5.2612305e+01
   7.2910440e+06   5.5480957e+01
   7.2912390e+06   4.2907715e+01
   7.2917510e+06   5.7983398e+01
   7.2994620e+06   6.7565918e+01
   7.3000590e+06   4.3884277e+01
   7.3080180e+06   4.6997070e+01
   7.3086220e+06   4.2785645e+01
   7.3171580e+06   3.7780762e+01
   7.3171970e+06   5.3100586e+01
   7.3175840e+06   5.4626465e+01
   7.3183050e+06   4.0283203e+01
   7.3262830e+06   4.3701172e+01
   7.3351480e+06   5.3100586e+01
   7.3362020e+06   4.1320801e+01
   7.3449910e+06   5.2062988e+01
   7.3455720e+06   3.9245605e+01
   7.3461130e+06   4.7973633e+01
   7.3541230e+06   6.0302734e+01
   7.3545990e+06   4.8706055e+01
   7.3625120e+06   5.7128906e+01
   7.3633600e+06   3.8574219e+01
   7.3720600e+06   5.8898926e+01
   7.3723250e+06   4.2358398e+01
   7.3799110e+06   3.7780762e+01
   7.3873930e+06   5.2368164e+01
   7.3880050e+06   4.6752930e+01
   7.3886920e+06   4.4616699e+01
   7.3951150e+06   5.3161621e+01
   7.3955030e+06   4.5471191e+01
   7.4064430e+06   4.8828125e+01
   7.4066660e+06   3.8635254e+01
   7.4066960e+06   4.6325684e+01
   7.4068940e+06   4.2785645e+01
   7.4076660e+06   3.7414551e+01
   7.4084890e+06   3.9123535e+01
   7.4167200e+06   5.9204102e+01
   7.4263850e+06   5.9143066e+01
   7.4265600e+06   3.9306641e+01
   7.4364880e+06   5.6457520e+01
   7.4367030e+06   4.8767090e+01
   7.4377180e+06   4.9743652e+01
   7.4474640e+06   6.7382813e+01
   7.4477310e+06   4.9865723e+01
   7.4491400e+06   4.4738770e+01
   7.4572040e+06   6.3537598e+01
   7.4574760e+06   3.8696289e+01
   7.4584810e+06   4.2358398e+01
   7.4689910e+06   5.6640625e+01
   7.4691960e+06   5.4199219e+01
   7.4709050e+06   3.8818359e+01
   7.4828900e+06   6.8542480e+01
   7.4829510e+06   3.9367676e+01
   7.4831750e+06   5.4992676e+01
   7.4835960e+06   4.5959473e+01
   7.4841370e+06   4.0161133e+01
   7.4927380e+06   5.3894043e+01
   7.5080860e+06   5.3710938e+01
   7.5083270e+06   7.0495605e+01
   7.5086220e+06   4.1564941e+01
   7.5088460e+06   4.3579102e+01
   7.5218460e+06   5.6579590e+01
   7.5222180e+06   4.7790527e+01
   7.5225370e+06   5.4870605e+01
   7.5423760e+06   6.2011719e+01
   7.5426100e+06   4.9926758e+01
   7.5429440e+06   3.8330078e+01
   7.5438840e+06   4.3090820e+01
   7.5443740e+06   4.4677734e+01
   7.5574870e+06   6.2622070e+01
   7.5580510e+06   4.1076660e+01
   7.5719190e+06   6.3903809e+01
   7.5723590e+06   5.4077148e+01
   8.2358880e+06   6.4025879e+01
   8.2359600e+06   5.2917480e+01
   8.2359850e+06   5.9814453e+01
   8.2360090e+06   3.9489746e+01
   8.2360250e+06   3.9489746e+01
   8.2360670e+06   3.7292480e+01
   8.2360800e+06   5.5541992e+01
   8.2361820e+06   3.9733887e+01
   8.2361970e+06   4.5959473e+01
   8.2363160e+06   4.0222168e+01
   8.2370130e+06   3.7170410e+01
   8.2383470e+06   3.7292480e+01
   8.2463550e+06   4.1015625e+01
   8.2479310e+06   5.5603027e+01
   8.2480270e+06   4.9926758e+01
   8.2480680e+06   5.6518555e+01
   8.2482060e+06   3.9794922e+01
   8.2482350e+06   4.1625977e+01
   8.2482610e+06   4.1870117e+01
   8.2483170e+06   4.6997070e+01
   8.2484600e+06   3.8818359e+01
   8.2485230e+06   4.0222168e+01
   8.2523030e+06   4.5227051e+01
   8.2636750e+06   5.9814453e+01
   8.2638160e+06   5.3771973e+01
   8.2639470e+06   3.7231445e+01
   8.2641000e+06   4.5043945e+01
   8.2645400e+06   3.8208008e+01
   8.2673170e+06   4.2053223e+01
   8.2773470e+06   5.4260254e+01
   8.2778080e+06   6.7565918e+01
   8.2842990e+06   4.4677734e+01
   8.2900050e+06   5.7983398e+01
   8.2900350e+06   4.9194336e+01
   8.2902280e+06   5.8959961e+01
   8.2905290e+06   5.4016113e+01
   8.2906260e+06   4.8034668e+01
   8.2907060e+06   4.1564941e+01
   8.2907500e+06   5.2124023e+01
   8.2908620e+06   4.6447754e+01
   8.2913130e+06   3.9794922e+01
   8.2976440e+06   6.0119629e+01
   8.3032690e+06   6.6284180e+01
   8.3034050e+06   5.7250977e+01
   8.3034440e+06   4.4494629e+01
   8.3037530e+06   4.6142578e+01
   8.3038530e+06   3.8757324e+01
   8.3104580e+06   5.3588867e+01
   8.3193120e+06   5.1818848e+01
   8.3193500e+06   6.0424805e+01
   8.3194890e+06   5.4565430e+01
   8.3195900e+06   5.7128906e+01
   8.3196620e+06   4.0527344e+01
   8.3198370e+06   4.9133301e+01
   8.3296060e+06   6.1767578e+01
   8.3296340e+06   4.3701172e+01
   8.3369990e+06   5.8654785e+01
   8.3370360e+06   6.3537598e+01
   8.3376160e+06   5.1269531e+01
   8.3377810e+06   4.4433594e+01
   8.3443860e+06   6.4880371e+01
   8.3444220e+06   4.2358398e+01
   8.3448140e+06   4.3579102e+01
   8.3509880e+06   5.5114746e+01
   8.3510290e+06   4.9194336e+01
   8.3514000e+06   4.7058105e+01
   8.3580190e+06   5.0659180e+01
   8.3580940e+06   6.2194824e+01
   8.3588010e+06   4.4738770e+01
   8.3653010e+06   5.7922363e+01
   8.3754200e+06   6.8603516e+01
   8.3754410e+06   5.2185059e+01
   8.3756640e+06   5.6030273e+01
   8.3756980e+06   3.7292480e+01
   8.3757810e+06   5.6762695e+01
   8.3761600e+06   5.1208496e+01
   8.3764880e+06   3.9550781e+01
   8.3834570e+06   4.3090820e+01
   8.3915400e+06   5.4321289e+01
   8.3915620e+06   6.0607910e+01
   8.3918570e+06   4.7424316e+01
   8.3994890e+06   5.3894043e+01
   8.3995070e+06   5.7373047e+01
   8.3996440e+06   5.7006836e+01
   8.3998930e+06   4.6020508e+01
   8.4093090e+06   5.6091309e+01
   8.4093940e+06   5.9631348e+01
   8.4094630e+06   3.8024902e+01
   8.4096640e+06   5.1208496e+01
   8.4098070e+06   6.0058594e+01
   8.4191410e+06   5.3771973e+01
   8.4193070e+06   6.2011719e+01
   8.4194460e+06   4.4067383e+01
   8.4199630e+06   3.9245605e+01
   8.4202330e+06   4.9438477e+01
   8.4281490e+06   5.0048828e+01
   8.4287630e+06   4.5654297e+01
   8.4346120e+06   5.5175781e+01
   8.4429140e+06   5.9570313e+01
   8.4430490e+06   5.1269531e+01
   8.4431740e+06   5.0476074e+01
   8.4432610e+06   5.8959961e+01
   8.4434800e+06   4.1381836e+01
   8.4512620e+06   4.9621582e+01
   8.4567420e+06   6.0729980e+01
   8.4622770e+06   4.6264648e+01
   8.4691280e+06   5.8166504e+01
   8.4691680e+06   3.7170410e+01
   8.4692470e+06   5.4687500e+01
   8.4693990e+06   5.4565430e+01
   8.4696380e+06   4.1442871e+01
   8.4765970e+06   5.0720215e+01
   8.4769530e+06   4.4921875e+01
   8.4831590e+06   4.1564941e+01
   8.4907740e+06   3.7414551e+01
   8.4908630e+06   5.9204102e+01
   8.4912010e+06   5.5053711e+01
   8.4912350e+06   4.7790527e+01
   8.5003640e+06   4.2724609e+01
   8.5008790e+06   4.5776367e+01
   8.5073940e+06   5.4626465e+01
   8.5077090e+06   4.2663574e+01
   8.5145800e+06   6.1035156e+01
   8.5147510e+06   5.1818848e+01
   8.5148560e+06   4.3579102e+01
   8.5227430e+06   5.5786133e+01
   8.5234120e+06   4.4311523e+01
   8.5309320e+06   6.2377930e+01
   8.5312000e+06   4.5166016e+01
   8.5312100e+06   3.8513184e+01
   8.5314740e+06   4.1442871e+01
   8.5379810e+06   5.5297852e+01
   8.5445910e+06   4.6508789e+01
   8.5451770e+06   5.0170898e+01
   8.5516090e+06   4.8156738e+01
   8.5519400e+06   3.8818359e+01
   8.5583790e+06   5.9570313e+01
   8.5661890e+06   6.5307617e+01
   8.5664910e+06   4.4677734e+01
   8.5731890e+06   5.2185059e+01
   8.5814460e+06   6.5856934e+01
   8.5819850e+06   5.0109863e+01
   8.5820080e+06   5.4565430e+01
   8.5887160e+06   4.5410156e+01
   8.5960380e+06   5.0903320e+01
   8.5965230e+06   4.6997070e+01
   8.6034380e+06   3.8574219e+01
   8.6034770e+06   4.7729492e+01
   8.6037080e+06   5.5908203e+01
   8.6041140e+06   5.9631348e+01
   8.6114730e+06   3.7475586e+01
   8.6118590e+06   4.0954590e+01
   8.6181680e+06   5.4199219e+01
   8.6254540e+06   5.2001953e+01
   8.6257450e+06   5.4199219e+01
   8.6337000e+06   5.4199219e+01
   8.6340300e+06   5.3466797e+01
   8.6343120e+06   4.7668457e+01
   8.6410720e+06   5.3344727e+01
   8.6486320e+06   5.1208496e+01
   8.6489660e+06   5.1574707e+01
   8.6493900e+06   4.2053223e+01
   8.6561060e+06   5.0964355e+01
   8.6625440e+06   4.4555664e+01
   8.6678570e+06   4.8339844e+01
   8.6743520e+06   5.3771973e+01
   8.6746380e+06   4.7485352e+01
   8.6749880e+06   4.2114258e+01
   8.6832650e+06   4.1320801e+01
   8.6833500e+06   5.2917480e+01
   8.6836520e+06   5.6396484e+01
   8.6908410e+06   4.9743652e+01
   8.6913070e+06   4.0588379e+01
   8.6962360e+06   5.3894043e+01
   8.7010370e+06   4.6875000e+01
   8.7052570e+06   5.0720215e+01
   8.7112100e+06   4.7790527e+01
   8.7113550e+06   4.1625977e+01
   8.7116510e+06   5.0720215e+01
   8.7118250e+06   5.6945801e+01
   8.7118840e+06   3.7231445e+01
   8.7120360e+06   4.0771484e+01
   8.7122200e+06   5.6335449e+01
   8.7199930e+06   4.6997070e+01
   8.7280480e+06   5.1025391e+01
   8.7284090e+06   4.3212891e+01
   8.7376670e+06   5.9326172e+01
   8.7433900e+06   4.8889160e+01
   8.7439180e+06   3.9794922e+01
   8.7494150e+06   6.1340332e+01
   8.7553940e+06   4.7729492e+01
   8.7627100e+06   5.3833008e+01
   8.7628290e+06   5.2612305e+01
   8.7630270e+06   5.1940918e+01
   8.7632940e+06   4.8400879e+01
   8.7640910e+06   4.2907715e+01
   8.7712250e+06   4.5837402e+01
   8.7765090e+06   5.2124023e+01
   8.7770590e+06   3.8574219e+01
   8.7821160e+06   5.0292969e+01
   8.7868290e+06   3.9306641e+01
   8.7874390e+06   4.0039063e+01
   8.7927800e+06   6.4270020e+01
   8.7995480e+06   5.4565430e+01
   8.7999230e+06   4.7668457e+01
   8.8002110e+06   3.9550781e+01
   8.8083540e+06   5.8044434e+01
   8.8086060e+06   4.1625977e+01
   8.8162180e+06   5.5847168e+01
   8.8164920e+06   5.0598145e+01
   8.8249210e+06   5.2856445e+01
   8.8252870e+06   5.4016113e+01
   8.8257660e+06   5.6091309e+01
   8.8332370e+06   4.6813965e+01
   8.8407640e+06   5.1208496e+01
   8.8472990e+06   6.3232422e+01
   8.8545000e+06   6.2683105e+01
   8.8545480e+06   4.1687012e+01
   8.8548440e+06   4.0649414e+01
   8.8551010e+06   4.7729492e+01
   8.8858970e+06   6.5307617e+01
   8.8863970e+06   5.3222656e+01
   8.8938520e+06   4.7302246e+01
   8.9027320e+06   5.4992676e+01
   8.9028800e+06   5.7312012e+01
   8.9030180e+06   4.7546387e+01
   8.9033550e+06   4.4372559e+01
   8.9131480e+06   4.7729492e+01
   8.9255550e+06   4.8767090e+01
   8.9325460e+06   4.2053223e+01
   8.9421470e+06   5.7922363e+01
   8.9422130e+06   5.1940918e+01
   8.9424290e+06   4.7546387e+01
   8.9518310e+06   5.5114746e+01
   8.9578280e+06   4.6813965e+01
   8.9649450e+06   4.3273926e+01
   8.9728690e+06   5.9326172e+01
   8.9730680e+06   5.7556152e+01
   8.9885700e+06   3.7963867e+01
   8.9886360e+06   6.8237305e+01
   8.9888700e+06   4.5227051e+01
   8.9977170e+06   6.0668945e+01
   9.0054530e+06   4.9194336e+01
   9.0137010e+06   5.5969238e+01
   9.0140760e+06   4.8889160e+01
   9.0230250e+06   5.4931641e+01
   9.0306700e+06   6.4086914e+01
   9.0389570e+06   5.3283691e+01
   9.0393170e+06   4.0893555e+01
   9.0479020e+06   5.5480957e+01
   9.0565440e+06   4.6142578e+01
   9.0568330e+06   5.2246094e+01
   9.0739170e+06   6.2622070e+01
   9.0905370e+06   5.4260254e+01
   9.1050750e+06   6.3903809e+01
   9.1249470e+06   5.6335449e+01
   9.1390270e+06   4.9316406e+01
   9.1394780e+06   5.2307129e+01
   9.1627440e+06   6.0302734e+01
   9.1787960e+06   5.3405762e+01
   1.0219078e+07   5.6518555e+01
   1.0219155e+07   4.3701172e+01
   1.0219208e+07   4.6630859e+01
   1.0219228e+07   5.3527832e+01
   1.0219259e+07   4.4189453e+01
   1.0219284e+07   3.8452148e+01
   1.0219321e+07   8.1176758e+01
   1.0219381e+07   4.1015625e+01
   1.0219428e+07   5.1208496e+01
   1.0219489e+07   4.1015625e+01
   1.0219545e+07   4.8339844e+01
   1.0221052e+07   4.1198730e+01
   1.0221928e+07   4.3029785e+01
   1.0222250e+07   4.2663574e+01
   1.0232385e+07   5.9326172e+01
   1.0232403e+07   5.2490234e+01
   1.0232498e+07   4.2114258e+01
   1.0232614e+07   4.4860840e+01
   1.0232701e+07   5.1940918e+01
   1.0232731e+07   4.3884277e+01
   1.0232851e+07   3.8330078e+01
   1.0232888e+07   3.8513184e+01
   1.0233224e+07   4.0039063e+01
   1.0236500e+07   3.8574219e+01
   1.0237731e+07   4.3945313e+01
   1.0244451e+07   3.9733887e+01
   1.0248207e+07   4.1198730e+01
   1.0248239e+07   5.0903320e+01
   1.0248883e+07   4.1381836e+01
   1.0250224e+07   4.4128418e+01
   1.0251532e+07   3.9306641e+01
   1.0260354e+07   5.1147461e+01
   1.0261168e+07   4.1992188e+01
   1.0266402e+07   4.1625977e+01
   1.0271341e+07   4.6752930e+01
   1.0275189e+07   5.2734375e+01
   1.0275218e+07   4.3334961e+01
   1.0275621e+07   4.6447754e+01
   1.0275779e+07   4.6203613e+01
   1.0276046e+07   4.6325684e+01
   1.0276092e+07   5.3833008e+01
   1.0277139e+07   3.7841797e+01
   1.0283289e+07   5.1330566e+01
   1.0283656e+07   5.2307129e+01
   1.0289803e+07   5.3955078e+01
   1.0295935e+07   6.0668945e+01
   1.0296082e+07   6.1401367e+01
   1.0296375e+07   5.4687500e+01
   1.0296426e+07   4.6020508e+01
   1.0296574e+07   4.0283203e+01
   1.0296932e+07   5.3161621e+01
   1.0303268e+07   4.1625977e+01
   1.0303891e+07   4.9316406e+01
   1.0309028e+07   5.5847168e+01
   1.0309067e+07   5.9509277e+01
   1.0309334e+07   5.3649902e+01
   1.0309772e+07   4.1625977e+01
   1.0314298e+07   4.7363281e+01
   1.0320527e+07   1.0174561e+02
   1.0320686e+07   3.8024902e+01
   1.0320734e+07   4.3090820e+01
   1.0321002e+07   5.6579590e+01
   1.0321038e+07   3.9428711e+01
   1.0328407e+07   5.0964355e+01
   1.0328585e+07   5.1879883e+01
   1.0336235e+07   4.8339844e+01
   1.0336462e+07   5.4992676e+01
   1.0336885e+07   5.0170898e+01
   1.0337501e+07   3.7902832e+01
   1.0344034e+07   5.2307129e+01
   1.0352391e+07   4.8156738e+01
   1.0352646e+07   5.5908203e+01
   1.0352774e+07   5.1330566e+01
   1.0353194e+07   4.1992187e+01
   1.0353887e+07   4.0161133e+01
   1.0361392e+07   5.8349609e+01
   1.0361768e+07   4.1137695e+01
   1.0368031e+07   5.4626465e+01
   1.0374296e+07   4.3212891e+01
   1.0374621e+07   4.5837402e+01
   1.0381511e+07   4.4494629e+01
   1.0390025e+07   4.7363281e+01
   1.0390158e+07   6.5734863e+01
   1.0390384e+07   5.8715820e+01
   1.0390539e+07   5.1513672e+01
   1.0390752e+07   5.4382324e+01
   1.0391102e+07   3.9733887e+01
   1.0397775e+07   6.2072754e+01
   1.0403719e+07   6.0302734e+01
   1.0404113e+07   5.2307129e+01
   1.0411610e+07   5.8349609e+01
   1.0419233e+07   5.2734375e+01
   1.0426190e+07   4.8706055e+01
   1.0426310e+07   5.8593750e+01
   1.0426353e+07   3.8696289e+01
   1.0426535e+07   5.1574707e+01
   1.0434487e+07   4.5959473e+01
   1.0434761e+07   4.7302246e+01
   1.0443874e+07   3.8574219e+01
   1.0443987e+07   4.8767090e+01
   1.0444415e+07   4.0588379e+01
   1.0451321e+07   4.1015625e+01
   1.0458248e+07   6.4941406e+01
   1.0458748e+07   3.8452148e+01
   1.0458796e+07   3.8940430e+01
   1.0465145e+07   3.8818359e+01
   1.0470721e+07   5.8105469e+01
   1.0471150e+07   4.2663574e+01
   1.0484771e+07   5.7373047e+01
   1.0484904e+07   3.7902832e+01
   1.0484995e+07   4.6203613e+01
   1.0492866e+07   5.2307129e+01
   1.0500504e+07   5.4809570e+01
   1.0500846e+07   4.8217773e+01
   1.0508224e+07   6.4147949e+01
   1.0508414e+07   4.6264648e+01
   1.0514987e+07   4.9499512e+01
   1.0521661e+07   5.2124023e+01
   1.0521901e+07   4.1687012e+01
   1.0522283e+07   4.0954590e+01
   1.0528873e+07   5.5236816e+01
   1.0529265e+07   4.9987793e+01
   1.0535552e+07   5.7556152e+01
   1.0542104e+07   5.2246094e+01
   1.0542494e+07   5.0842285e+01
   1.0549174e+07   5.4748535e+01
   1.0555911e+07   4.6020508e+01
   1.0556195e+07   5.1452637e+01
   1.0562147e+07   5.4748535e+01
   1.0567413e+07   5.1757813e+01
   1.0567708e+07   4.0710449e+01
   1.0573612e+07   4.3212891e+01
   1.0573633e+07   5.3771973e+01
   1.0581087e+07   4.5959473e+01
   1.0581351e+07   5.0415039e+01
   1.0582204e+07   4.0283203e+01
   1.0586956e+07   5.2551270e+01
   1.0593103e+07   4.8278809e+01
   1.0598176e+07   5.2978516e+01
   1.0603363e+07   4.4860840e+01
   1.0603574e+07   5.3833008e+01
   1.0604352e+07   4.4372559e+01
   1.0609129e+07   5.1879883e+01
   1.0615768e+07   5.0476074e+01
   1.0615991e+07   5.1818848e+01
   1.0622597e+07   5.3161621e+01
   1.0628990e+07   5.6457520e+01
   1.0629251e+07   4.4250488e+01
   1.0634290e+07   4.5104980e+01
   1.0639333e+07   6.0974121e+01
   1.0639811e+07   4.9316406e+01
   1.0645651e+07   4.8767090e+01
   1.0646000e+07   5.0537109e+01
   1.0651975e+07   4.6630859e+01
   1.0658568e+07   4.6142578e+01
   1.0659080e+07   4.1992187e+01
   1.0665983e+07   5.8715820e+01
   1.0666321e+07   4.8034668e+01
   1.0672163e+07   4.7424316e+01
   1.0672523e+07   4.6813965e+01
   1.0679354e+07   4.8706055e+01
   1.0679579e+07   5.2124023e+01
   1.0679928e+07   4.5288086e+01
   1.0687493e+07   4.5532227e+01
   1.0687798e+07   4.3762207e+01
   1.0689235e+07   4.3457031e+01
   1.0694918e+07   4.3151855e+01
   1.0702471e+07   3.8513184e+01
   1.0702503e+07   4.6386719e+01
   1.0702756e+07   4.9316406e+01
   1.0703202e+07   5.2062988e+01
   1.0703456e+07   3.8696289e+01
   1.0710257e+07   5.7983398e+01
   1.0710905e+07   4.4372559e+01
   1.0718490e+07   4.4372559e+01
   1.0718916e+07   4.8828125e+01
   1.0719241e+07   4.0954590e+01
   1.0733445e+07   5.3161621e+01
   1.0733746e+07   4.9072266e+01
   1.0733937e+07   4.8461914e+01
   1.0734619e+07   3.7231445e+01
   1.0741498e+07   4.8339844e+01
   1.0749600e+07   5.5969238e+01
   1.0750190e+07   3.9611816e+01
   1.0750490e+07   3.8024902e+01
   1.0758182e+07   4.8889160e+01
   1.0767239e+07   6.6162109e+01
   1.0767589e+07   5.0842285e+01
   1.0776321e+07   5.3344727e+01
   1.0776638e+07   3.7902832e+01
   1.0786951e+07   5.4382324e+01
   1.0787179e+07   5.5053711e+01
   1.0787401e+07   3.8696289e+01
   1.0787664e+07   4.1320801e+01
   1.0797129e+07   4.9316406e+01
   1.0804566e+07   4.1503906e+01
   1.0813308e+07   4.6997070e+01
   1.0813777e+07   5.0292969e+01
   1.0820943e+07   5.2001953e+01
   1.0830472e+07   4.9865723e+01
   1.0830746e+07   4.7546387e+01
   1.0839996e+07   5.7250977e+01
   1.0840292e+07   4.7973633e+01
   1.0849853e+07   5.9387207e+01
   1.0850233e+07   4.2541504e+01
   1.0860744e+07   6.3842773e+01
   1.0860983e+07   5.1940918e+01
   1.0870432e+07   4.5959473e+01
   1.0882163e+07   6.1767578e+01
   1.0882469e+07   5.0170898e+01
   1.0882728e+07   4.4738770e+01
   1.0893634e+07   5.3771973e+01
   1.0906545e+07   6.5185547e+01
   1.0906852e+07   4.6081543e+01
   1.0907901e+07   4.0771484e+01
   1.0925163e+07   6.1767578e+01
   1.0925380e+07   3.8635254e+01
   1.0925696e+07   5.2490234e+01
   1.0925963e+07   5.2734375e+01
   1.0926040e+07   4.5715332e+01
   1.0926120e+07   4.7851563e+01
   1.0926276e+07   4.0588379e+01
   1.0926333e+07   3.9306641e+01
   1.0926403e+07   5.1940918e+01
   1.0926501e+07   5.3710938e+01
   1.0926596e+07   3.9306641e+01
   1.0926860e+07   3.7536621e+01
   1.0948974e+07   4.9682617e+01
   1.0962556e+07   5.4565430e+01
   1.0977385e+07   4.9499512e+01
   1.0977837e+07   5.7312012e+01
   1.0999356e+07   5.5664063e+01
   1.0999594e+07   5.4077148e+01
   1.0999605e+07   6.5795898e+01
   1.0999790e+07   5.0903320e+01
   1.0999938e+07   5.4016113e+01
   1.1000045e+07   4.3518066e+01
   1.1000088e+07   6.2194824e+01
   1.1000215e+07   5.0292969e+01
   1.1000309e+07   4.2602539e+01
   1.1000400e+07   4.4128418e+01
   1.1000454e+07   4.6875000e+01
   1.1000489e+07   3.9245605e+01
   1.1000569e+07   3.8024902e+01
   1.1001230e+07   3.7414551e+01
   1.1003433e+07   3.9367676e+01
   1.1020937e+07   4.9987793e+01
   1.1041823e+07   4.7546387e+01
   1.1042519e+07   4.1870117e+01
   1.1059238e+07   5.8898926e+01
   1.1059668e+07   5.0842285e+01
