   1.1996000e+07   0.0000000e+00
   7.0143000e+04   3.9245605e+01
   2.0134100e+05   4.0161133e+01
   2.1108500e+05   5.1025391e+01
   2.1115400e+05   5.5419922e+01
   2.1119400e+05   4.7912598e+01
   2.1128000e+05   4.0893555e+01
   2.1129900e+05   4.7790527e+01
   2.1140600e+05   4.0710449e+01
   2.1168800e+05   3.7719727e+01
   2.1178000e+05   3.8146973e+01
   2.1209200e+05   3.8085938e+01
   2.1311200e+05   3.8696289e+01
   2.1450900e+05   4.0466309e+01
   2.1702200e+05   3.8146973e+01
   2.1875100e+05   4.1442871e+01
   2.5074200e+05   3.8330078e+01
   2.6307900e+05   3.9062500e+01
   2.9698700e+05   4.0893555e+01
   3.7885200e+05   3.7719727e+01
   3.7887100e+05   4.1870117e+01
   3.7892400e+05   3.8879395e+01
   3.7893600e+05   4.3151855e+01
   3.7895500e+05   5.5725098e+01
   3.7899000e+05   4.0283203e+01
   3.7901100e+05   5.8593750e+01
   3.7905000e+05   4.3579102e+01
   3.7915700e+05   4.1748047e+01
   3.7936300e+05   3.7841797e+01
   3.7991300e+05   3.9733887e+01
   3.8094400e+05   4.9438477e+01
   3.8120900e+05   3.9001465e+01
   3.8290700e+05   4.0649414e+01
   3.8770000e+05   3.7902832e+01
   3.8789900e+05   4.2602539e+01
   3.8825900e+05   4.0588379e+01
   3.9630800e+05   4.9194336e+01
   3.9632400e+05   4.3334961e+01
   3.9634900e+05   4.3579102e+01
   3.9665300e+05   3.8208008e+01
   3.9666800e+05   4.0222168e+01
   4.0526000e+05   4.1320801e+01
   4.0538700e+05   3.7658691e+01
   4.0582600e+05   3.7597656e+01
   4.0662500e+05   3.7536621e+01
   4.1133200e+05   4.2114258e+01
   4.1137700e+05   3.9733887e+01
   4.1141700e+05   4.4067383e+01
   4.1801500e+05   4.9682617e+01
   4.1804600e+05   4.1381836e+01
   4.1811200e+05   4.2175293e+01
   4.1818300e+05   4.0893555e+01
   4.1840600e+05   4.2602539e+01
   4.2637400e+05   4.8156738e+01
   4.2640100e+05   4.1992188e+01
   4.2643300e+05   3.8330078e+01
   4.3149100e+05   3.8146973e+01
   4.3769700e+05   3.8452148e+01
   4.3775900e+05   4.4738770e+01
   4.3858700e+05   3.7597656e+01
   4.4268400e+05   4.1931152e+01
   4.4272600e+05   3.8330078e+01
   4.4275000e+05   3.8085938e+01
   4.4286300e+05   4.4982910e+01
   4.5108400e+05   4.9377441e+01
   4.5135200e+05   4.2114258e+01
   4.5156000e+05   4.4921875e+01
   4.5174200e+05   4.7668457e+01
   4.5178100e+05   3.7658691e+01
   4.5206000e+05   3.8757324e+01
   4.5250400e+05   3.9184570e+01
   4.5314300e+05   3.7963867e+01
   4.5406200e+05   3.8452148e+01
   4.6344500e+05   4.1015625e+01
   4.6362000e+05   3.8879395e+01
   4.6397000e+05   5.1269531e+01
   4.6935600e+05   4.1076660e+01
   4.6942000e+05   4.7302246e+01
   4.6956000e+05   3.9428711e+01
   4.6990300e+05   4.4494629e+01
   4.7503300e+05   4.2236328e+01
   4.8047100e+05   3.9184570e+01
   4.8638900e+05   3.9550781e+01
   4.8778100e+05   3.9978027e+01
   4.9269300e+05   3.9062500e+01
   4.9276600e+05   3.9916992e+01
   4.9279700e+05   3.8330078e+01
   4.9979600e+05   5.3405762e+01
   4.9980800e+05   4.3457031e+01
   5.1353400e+05   4.5959473e+01
   5.1359400e+05   4.1809082e+01
   5.2180300e+05   3.8146973e+01
   5.2184200e+05   4.1748047e+01
   5.2304800e+05   3.9306641e+01
   5.3179900e+05   4.0222168e+01
   5.3184900e+05   3.9916992e+01
   5.3188200e+05   3.9428711e+01
   5.3211500e+05   3.7597656e+01
   5.3897000e+05   4.0039063e+01
   5.3936200e+05   4.1748047e+01
   5.4674800e+05   3.8879395e+01
   5.4688000e+05   4.1442871e+01
   5.4709400e+05   4.6813965e+01
   5.5624600e+05   3.9367676e+01
   5.6782600e+05   4.2907715e+01
   5.6791400e+05   3.8818359e+01
   5.6818500e+05   3.7658691e+01
   5.7652900e+05   3.8269043e+01
   5.8295600e+05   3.9672852e+01
   5.9082600e+05   3.8269043e+01
   5.9109800e+05   4.1931152e+01
   5.9153700e+05   4.1442871e+01
   5.9864800e+05   3.7780762e+01
   6.0860000e+05   4.1687012e+01
   6.2021500e+05   4.0893555e+01
   6.3109800e+05   4.1137695e+01
   6.3112800e+05   3.8757324e+01
   6.3182300e+05   4.1137695e+01
   6.4264100e+05   4.3762207e+01
   6.4279800e+05   3.7658691e+01
   6.5677000e+05   3.8574219e+01
   6.5678800e+05   3.9672852e+01
   6.5681900e+05   3.8024902e+01
   6.5692900e+05   3.7719727e+01
   6.5861200e+05   4.0405273e+01
   6.5991500e+05   3.8879395e+01
   6.6843600e+05   4.6630859e+01
   6.6845600e+05   4.5166016e+01
   6.6864500e+05   3.9306641e+01
   6.7978900e+05   4.0100098e+01
   6.8019200e+05   3.9367676e+01
   6.8986000e+05   3.8635254e+01
   6.9014900e+05   3.7536621e+01
   6.9054600e+05   4.7729492e+01
   7.0176900e+05   4.2724609e+01
   7.1870500e+05   4.2541504e+01
   7.1876500e+05   4.9499512e+01
   7.1889400e+05   3.8757324e+01
   7.1891900e+05   4.0344238e+01
   7.1922700e+05   3.8208008e+01
   7.3220900e+05   4.7241211e+01
   7.3231200e+05   4.9377441e+01
   7.5160200e+05   4.4677734e+01
   7.5172900e+05   4.9072266e+01
   7.5182900e+05   4.4921875e+01
   7.5209800e+05   4.4006348e+01
   7.6484400e+05   4.5959473e+01
   7.6511900e+05   3.7658691e+01
   7.8046200e+05   3.8391113e+01
   7.8057600e+05   4.2724609e+01
   7.8520700e+05   3.8513184e+01
   8.4029700e+05   4.1809082e+01
   8.7359900e+05   4.0832520e+01
   8.8871500e+05   4.1992188e+01
   8.8966200e+05   3.8146973e+01
   9.6561300e+05   3.7536621e+01
   9.8269700e+05   3.8818359e+01
   9.8309900e+05   3.7719727e+01
   9.8312800e+05   4.0649414e+01
   9.8317700e+05   4.6569824e+01
   9.8320000e+05   4.0405273e+01
   9.8322600e+05   4.5715332e+01
   9.8331100e+05   3.8391113e+01
   9.8336100e+05   3.9428711e+01
   9.8356200e+05   4.5654297e+01
   9.8369800e+05   4.3640137e+01
   9.8438900e+05   3.8146973e+01
   9.8454000e+05   3.9062500e+01
   9.8464900e+05   3.8085938e+01
   9.8472500e+05   3.7536621e+01
   9.9726400e+05   3.8330078e+01
   1.0100750e+06   3.8146973e+01
   1.0855650e+06   4.0771484e+01
   1.2041470e+06   3.9184570e+01
   1.2467670e+06   3.7536621e+01
   1.2679440e+06   5.4748535e+01
   1.2680110e+06   6.3110352e+01
   1.2680450e+06   5.9265137e+01
   1.2680790e+06   4.0344238e+01
   1.2681110e+06   3.9978027e+01
   1.2681430e+06   4.3762207e+01
   1.2681640e+06   4.9865723e+01
   1.2681950e+06   4.1625977e+01
   1.2682350e+06   4.0039063e+01
   1.2683810e+06   4.0344238e+01
   1.2684140e+06   3.9306641e+01
   1.2685060e+06   4.0344238e+01
   1.2687200e+06   3.7719727e+01
   1.2693810e+06   3.9611816e+01
   1.2698270e+06   3.8208008e+01
   1.2698490e+06   4.0954590e+01
   1.2700290e+06   3.8879395e+01
   1.2721920e+06   4.3334961e+01
   1.2774020e+06   4.4799805e+01
   1.3302650e+06   4.0405273e+01
   1.3534150e+06   5.6884766e+01
   1.3534930e+06   4.7180176e+01
   1.3535070e+06   3.9245605e+01
   1.3535840e+06   4.0405273e+01
   1.3535950e+06   5.2490234e+01
   1.3536460e+06   3.9672852e+01
   1.3537170e+06   4.8339844e+01
   1.3537450e+06   3.7963867e+01
   1.3537700e+06   3.8085938e+01
   1.3539500e+06   3.9123535e+01
   1.3539800e+06   3.7536621e+01
   1.3545010e+06   3.8757324e+01
   1.3549130e+06   3.9916992e+01
   1.3563680e+06   3.7902832e+01
   1.3592340e+06   3.9123535e+01
   1.3613760e+06   3.9489746e+01
   1.3641390e+06   3.7841797e+01
   1.3644980e+06   4.0649414e+01
   1.3645910e+06   3.8635254e+01
   1.3647000e+06   3.7963867e+01
   1.3732430e+06   3.8024902e+01
   1.3732690e+06   4.1625977e+01
   1.3734620e+06   3.8330078e+01
   1.3892080e+06   4.0039063e+01
   1.3892210e+06   3.9428711e+01
   1.3895750e+06   3.8513184e+01
   1.3896110e+06   4.0527344e+01
   1.3899530e+06   4.5959473e+01
   1.3903120e+06   3.9306641e+01
   1.3904440e+06   3.7841797e+01
   1.3908430e+06   4.4921875e+01
   1.4054120e+06   4.3212891e+01
   1.4101520e+06   3.9428711e+01
   1.4102380e+06   3.9001465e+01
   1.4103750e+06   4.0466309e+01
   1.4164200e+06   4.2053223e+01
   1.4291840e+06   4.1870117e+01
   1.4293440e+06   4.1137695e+01
   1.4294880e+06   3.8452148e+01
   1.4295610e+06   3.8146973e+01
   1.4296650e+06   3.8452148e+01
   1.4315490e+06   3.8696289e+01
   1.4373930e+06   3.7536621e+01
   1.4471610e+06   3.8696289e+01
   1.4473190e+06   3.7719727e+01
   1.4519070e+06   3.9123535e+01
   1.4525220e+06   3.7658691e+01
   1.4572140e+06   3.9489746e+01
   1.4572820e+06   3.9733887e+01
   1.4627070e+06   4.8217773e+01
   1.4629370e+06   3.8940430e+01
   1.4632360e+06   3.8940430e+01
   1.4703650e+06   3.8330078e+01
   1.4704960e+06   4.4433594e+01
   1.4709320e+06   3.9306641e+01
   1.4775550e+06   4.0832520e+01
   1.4775900e+06   3.8513184e+01
   1.4841470e+06   4.1992188e+01
   1.4842090e+06   4.2358398e+01
   1.4932300e+06   4.0283203e+01
   1.4932910e+06   4.4677734e+01
   1.4946370e+06   3.8757324e+01
   1.4947740e+06   4.0283203e+01
   1.5003640e+06   3.8330078e+01
   1.5047730e+06   4.1381836e+01
   1.5051090e+06   4.0100098e+01
   1.5094070e+06   3.8208008e+01
   1.5094580e+06   4.0588379e+01
   1.5096390e+06   3.9489746e+01
   1.5103740e+06   3.9367676e+01
   1.5156050e+06   3.7902832e+01
   1.5246390e+06   4.7363281e+01
   1.5247710e+06   3.7658691e+01
   1.5250840e+06   3.8818359e+01
   1.5326440e+06   4.0283203e+01
   1.5327180e+06   4.0832520e+01
   1.5382820e+06   3.7719727e+01
   1.5493320e+06   3.7780762e+01
   1.5494500e+06   3.8085938e+01
   1.5499720e+06   4.3457031e+01
   1.5502280e+06   4.0222168e+01
   1.5570580e+06   3.9367676e+01
   1.5649030e+06   3.8391113e+01
   1.5650730e+06   3.8208008e+01
   1.5652430e+06   3.8269043e+01
   1.5706730e+06   3.8085938e+01
   1.5772610e+06   4.0405273e+01
   1.5774120e+06   3.8513184e+01
   1.5774630e+06   3.7780762e+01
   1.5777590e+06   4.0344238e+01
   1.5780740e+06   4.1442871e+01
   1.5854470e+06   5.7189941e+01
   1.5855870e+06   3.8269043e+01
   1.5858250e+06   3.8269043e+01
   1.5918420e+06   3.7902832e+01
   1.5918560e+06   4.4128418e+01
   1.6032610e+06   3.7597656e+01
   1.6033550e+06   4.4372559e+01
   1.6035270e+06   4.5959473e+01
   1.6041030e+06   3.9489746e+01
   1.6125710e+06   3.9184570e+01
   1.6128360e+06   3.9367676e+01
   1.6133260e+06   4.3518066e+01
   1.6134590e+06   4.1564941e+01
   1.6208880e+06   4.1076660e+01
   1.6209120e+06   4.3090820e+01
   1.6211270e+06   3.9306641e+01
   1.6211650e+06   4.3579102e+01
   1.6271210e+06   4.3273926e+01
   1.6323700e+06   3.8940430e+01
   1.6328570e+06   4.1076660e+01
   1.6331610e+06   4.3823242e+01
   1.6401290e+06   5.8471680e+01
   1.6402130e+06   3.7719727e+01
   1.6472600e+06   4.0344238e+01
   1.6482450e+06   4.2175293e+01
   1.6483170e+06   4.1503906e+01
   1.6568670e+06   4.9560547e+01
   1.6572940e+06   3.8818359e+01
   1.6664570e+06   3.9978027e+01
   1.6667550e+06   4.2053223e+01
   1.6741390e+06   4.1625977e+01
   1.6744220e+06   4.3518066e+01
   1.6832380e+06   3.8330078e+01
   1.6834450e+06   3.8940430e+01
   1.6835360e+06   3.9001465e+01
   1.6840010e+06   3.8635254e+01
   1.6981250e+06   4.3334961e+01
   1.6981800e+06   4.2175293e+01
   1.6983530e+06   4.6142578e+01
   1.6986920e+06   3.9855957e+01
   1.6987360e+06   4.7912598e+01
   1.6988020e+06   3.8146973e+01
   1.6988780e+06   4.4799805e+01
   1.7096400e+06   3.8940430e+01
   1.7191200e+06   3.9062500e+01
   1.7192860e+06   4.6081543e+01
   1.7193080e+06   4.9682617e+01
   1.7194800e+06   3.8208008e+01
   1.7277480e+06   4.0710449e+01
   1.7279320e+06   3.9794922e+01
   1.7279490e+06   4.5288086e+01
   1.7283690e+06   3.9489746e+01
   1.7422400e+06   4.7302246e+01
   1.7423360e+06   4.1687012e+01
   1.7424360e+06   3.7597656e+01
   1.7425430e+06   4.0710449e+01
   1.7429020e+06   4.4921875e+01
   1.7430030e+06   4.2053223e+01
   1.7443610e+06   3.9489746e+01
   1.7449900e+06   3.8757324e+01
   1.7469510e+06   3.7658691e+01
   1.7569560e+06   3.7597656e+01
   1.7790320e+06   3.8452148e+01
   1.7836900e+06   3.8513184e+01
   1.8033100e+06   3.8269043e+01
   1.8036460e+06   3.9794922e+01
   1.8037420e+06   3.8818359e+01
   1.8173600e+06   3.7841797e+01
   1.8264970e+06   4.9438477e+01
   1.8265700e+06   4.0100098e+01
   1.8266970e+06   3.7963867e+01
   1.8394240e+06   4.9316406e+01
   1.8465740e+06   5.4077148e+01
   1.8467330e+06   5.5847168e+01
   1.8535320e+06   4.0832520e+01
   1.8590660e+06   4.1625977e+01
   1.8592450e+06   4.3945313e+01
   1.8736590e+06   3.9001465e+01
   1.8736740e+06   4.4860840e+01
   1.8737250e+06   4.1198730e+01
   1.8738890e+06   4.0100098e+01
   1.8793480e+06   5.0781250e+01
   1.8839600e+06   5.4260254e+01
   1.8940530e+06   4.4921875e+01
   1.8945340e+06   4.2541504e+01
   1.8947430e+06   4.2724609e+01
   1.8949560e+06   3.9123535e+01
   1.8952040e+06   3.9550781e+01
   1.9100580e+06   3.9306641e+01
   1.9192550e+06   3.9794922e+01
   1.9245390e+06   3.8146973e+01
   1.9300010e+06   5.3649902e+01
   1.9350790e+06   3.8208008e+01
   1.9351070e+06   4.9133301e+01
   1.9353710e+06   4.3945313e+01
   1.9427230e+06   4.2907715e+01
   1.9427430e+06   4.7241211e+01
   1.9473420e+06   4.0344238e+01
   1.9521610e+06   4.1687012e+01
   1.9522720e+06   3.7841797e+01
   1.9523340e+06   4.1809082e+01
   1.9524640e+06   3.9123535e+01
   1.9528280e+06   3.8635254e+01
   1.9528900e+06   4.5776367e+01
   1.9529950e+06   4.0405273e+01
   1.9530930e+06   4.1564941e+01
   1.9532310e+06   4.0954590e+01
   1.9532810e+06   3.8269043e+01
   1.9535830e+06   5.3833008e+01
   1.9636340e+06   4.5776367e+01
   1.9702540e+06   4.1564941e+01
   1.9755440e+06   3.8757324e+01
   1.9755710e+06   4.4128418e+01
   1.9756400e+06   3.8635254e+01
   1.9757510e+06   3.9245605e+01
   1.9885930e+06   3.8879395e+01
   1.9886550e+06   3.7719727e+01
   1.9887090e+06   4.8889160e+01
   1.9929000e+06   4.4616699e+01
   1.9969640e+06   4.4128418e+01
   1.9969960e+06   3.8452148e+01
   2.0011290e+06   4.0527344e+01
   2.0011890e+06   4.0039063e+01
   2.0013320e+06   3.8085938e+01
   2.0016560e+06   3.7902832e+01
   2.0057310e+06   5.4992676e+01
   2.0078640e+06   3.9428711e+01
   2.0101720e+06   3.9978027e+01
   2.0102020e+06   4.3151855e+01
   2.0103950e+06   4.1503906e+01
   2.0154330e+06   6.4086914e+01
   2.0207680e+06   4.4494629e+01
   2.0263010e+06   4.7363281e+01
   2.0264390e+06   4.0100098e+01
   2.0321990e+06   4.7607422e+01
   2.0322660e+06   3.9978027e+01
   2.0323580e+06   3.9367676e+01
   2.0397490e+06   4.8950195e+01
   2.0398210e+06   3.8452148e+01
   2.0401230e+06   4.4372559e+01
   2.0404000e+06   3.8818359e+01
   2.0458470e+06   4.1931152e+01
   2.0458700e+06   4.0954590e+01
   2.0514930e+06   3.9245605e+01
   2.0515170e+06   4.0954590e+01
   2.0515560e+06   4.3029785e+01
   2.0518570e+06   3.8574219e+01
   2.0519070e+06   4.2297363e+01
   2.0523270e+06   3.7719727e+01
   2.0577750e+06   5.7250977e+01
   2.0578400e+06   3.7780762e+01
   2.0637510e+06   6.2988281e+01
   2.0638970e+06   3.9733887e+01
   2.0696970e+06   5.3100586e+01
   2.0754780e+06   3.9794922e+01
   2.0755930e+06   4.2053223e+01
   2.0811070e+06   4.4921875e+01
   2.0811250e+06   4.6325684e+01
   2.0811630e+06   4.0893555e+01
   2.0813710e+06   3.7963867e+01
   2.0873920e+06   5.2795410e+01
   2.0875250e+06   3.7536621e+01
   2.0877610e+06   3.8940430e+01
   2.0934160e+06   4.6813965e+01
   2.0989560e+06   4.2053223e+01
   2.0993940e+06   4.2358398e+01
   2.0994850e+06   4.0527344e+01
   2.0995730e+06   4.5166016e+01
   2.1060340e+06   4.5776367e+01
   2.1061100e+06   4.2480469e+01
   2.1061810e+06   4.2663574e+01
   2.1064000e+06   4.3212891e+01
   2.1073900e+06   3.8085938e+01
   2.1127230e+06   3.8818359e+01
   2.1127400e+06   4.6264648e+01
   2.1128450e+06   3.8330078e+01
   2.1129080e+06   3.8818359e+01
   2.1189420e+06   5.2246094e+01
   2.1189880e+06   3.8330078e+01
   2.1190510e+06   3.9245605e+01
   2.1193750e+06   3.8635254e+01
   2.1252000e+06   4.5166016e+01
   2.1252190e+06   4.5043945e+01
   2.1252810e+06   3.8391113e+01
   2.1255320e+06   4.5654297e+01
   2.1256820e+06   3.8269043e+01
   2.1258710e+06   3.7597656e+01
   2.1261040e+06   3.7658691e+01
   2.1317750e+06   4.5410156e+01
   2.1320570e+06   3.7841797e+01
   2.1383350e+06   4.4799805e+01
   2.1385420e+06   4.0405273e+01
   2.1386040e+06   3.8757324e+01
   2.1443420e+06   3.7597656e+01
   2.1502470e+06   4.0344238e+01
   2.1502680e+06   4.9987793e+01
   2.1568580e+06   3.8696289e+01
   2.1570110e+06   4.1625977e+01
   2.1641460e+06   5.0842285e+01
   2.1642070e+06   3.8940430e+01
   2.1642780e+06   4.0466309e+01
   2.1718070e+06   3.9184570e+01
   2.1720250e+06   3.7536621e+01
   2.1786350e+06   4.0344238e+01
   2.1786590e+06   5.4931641e+01
   2.1788040e+06   4.0039063e+01
   2.1796380e+06   3.8146973e+01
   2.1847190e+06   3.8635254e+01
   2.1864500e+06   4.7668457e+01
   2.1868310e+06   4.3579102e+01
   2.1875270e+06   4.9438477e+01
   2.1941880e+06   4.7546387e+01
   2.2016520e+06   4.9560547e+01
   2.2072520e+06   4.5654297e+01
   2.2181430e+06   3.8635254e+01
   2.2189960e+06   3.9184570e+01
   2.2252590e+06   4.7302246e+01
   2.2254220e+06   4.0405273e+01
   2.2311790e+06   3.8146973e+01
   2.2312380e+06   3.9733887e+01
   2.2362940e+06   4.2724609e+01
   2.2365390e+06   3.7780762e+01
   2.2408110e+06   4.3884277e+01
   2.2408410e+06   3.9611816e+01
   2.2410600e+06   3.8818359e+01
   2.2462150e+06   5.0781250e+01
   2.2462820e+06   3.7902832e+01
   2.2464460e+06   4.9438477e+01
   2.2468070e+06   3.7658691e+01
   2.2522850e+06   4.2358398e+01
   2.2523720e+06   4.1564941e+01
   2.2583130e+06   4.3395996e+01
   2.2583230e+06   4.4799805e+01
   2.2663680e+06   4.4067383e+01
   2.2664670e+06   4.9926758e+01
   2.2730110e+06   3.8635254e+01
   2.2731740e+06   3.8879395e+01
   2.2770960e+06   3.7841797e+01
   2.2810420e+06   4.5227051e+01
   2.2847540e+06   4.9987793e+01
   2.2888630e+06   4.0771484e+01
   2.2890880e+06   4.4311523e+01
   2.2931760e+06   4.2663574e+01
   2.2974630e+06   4.4555664e+01
   2.3018530e+06   4.9621582e+01
   2.3021140e+06   4.6997070e+01
   2.3072030e+06   4.0100098e+01
   2.3130510e+06   5.1330566e+01
   2.3131940e+06   3.8146973e+01
   2.3178700e+06   3.8146973e+01
   2.3183450e+06   3.8146973e+01
   2.3223180e+06   3.8146973e+01
   2.3224100e+06   4.4555664e+01
   2.3224660e+06   3.8208008e+01
   2.3228190e+06   3.8269043e+01
   2.3230090e+06   4.4555664e+01
   2.3268820e+06   3.9306641e+01
   2.3315030e+06   4.3334961e+01
   2.3317550e+06   3.8208008e+01
   2.3362190e+06   4.6997070e+01
   2.3412870e+06   3.8330078e+01
   2.3414430e+06   4.8095703e+01
   2.3414540e+06   4.2114258e+01
   2.3416660e+06   4.3395996e+01
   2.3466480e+06   4.7424316e+01
   2.3513090e+06   3.8757324e+01
   2.3513550e+06   4.9926758e+01
   2.3557900e+06   4.0954590e+01
   2.3602910e+06   4.8522949e+01
   2.3604390e+06   4.5349121e+01
   2.3651850e+06   4.7546387e+01
   2.3652130e+06   4.1198730e+01
   2.3712080e+06   3.8391113e+01
   2.3775930e+06   4.8767090e+01
   2.3841080e+06   4.5471191e+01
   2.3904460e+06   4.4738770e+01
   2.3905150e+06   3.9062500e+01
   2.3961150e+06   4.6691895e+01
   2.3961270e+06   3.7780762e+01
   2.4010170e+06   5.3955078e+01
   2.4061480e+06   4.5166016e+01
   2.4065070e+06   3.8757324e+01
   2.4120180e+06   4.3579102e+01
   2.4122820e+06   4.9255371e+01
   2.4192850e+06   4.1687012e+01
   2.4194790e+06   5.0964355e+01
   2.4262700e+06   3.8574219e+01
   2.4266850e+06   5.0415039e+01
   2.4268660e+06   3.8696289e+01
   2.4271320e+06   4.0832520e+01
   2.4334540e+06   5.0292969e+01
   2.4403780e+06   5.2307129e+01
   2.4404030e+06   3.8330078e+01
   2.4406010e+06   4.5837402e+01
   2.4460720e+06   4.8522949e+01
   2.4523020e+06   4.6813965e+01
   2.4525460e+06   3.7719727e+01
   2.4526010e+06   4.6264648e+01
   2.4589550e+06   5.2368164e+01
   2.4591970e+06   3.9428711e+01
   2.4661880e+06   5.3283691e+01
   2.4662630e+06   3.9062500e+01
   2.4665640e+06   4.1870117e+01
   2.4736630e+06   4.0039063e+01
   2.4736900e+06   4.9316406e+01
   2.4737440e+06   3.9794922e+01
   2.4804970e+06   4.0649414e+01
   2.4805220e+06   4.2907715e+01
   2.4883910e+06   4.1870117e+01
   2.4956800e+06   3.7780762e+01
   2.4957270e+06   4.6813965e+01
   2.4959930e+06   3.9489746e+01
   2.4961880e+06   4.3640137e+01
   2.5031920e+06   5.1879883e+01
   2.5032860e+06   3.8513184e+01
   2.5035210e+06   4.2724609e+01
   2.5098890e+06   6.9091797e+01
   2.5099080e+06   4.5898438e+01
   2.5104540e+06   3.9306641e+01
   2.5171100e+06   5.6640625e+01
   2.5174920e+06   3.8940430e+01
   2.5250330e+06   5.4687500e+01
   2.5252970e+06   3.9978027e+01
   2.5321030e+06   5.2246094e+01
   2.5396820e+06   4.8095703e+01
   2.5476740e+06   3.8452148e+01
   2.5565950e+06   4.4799805e+01
   2.5566270e+06   4.4006348e+01
   2.5568250e+06   4.4860840e+01
   2.5568440e+06   3.7597656e+01
   2.5667810e+06   4.8889160e+01
   2.5668200e+06   4.7546387e+01
   2.5756700e+06   4.1259766e+01
   2.5838770e+06   4.5043945e+01
   2.6128620e+06   4.8522949e+01
   2.6129530e+06   3.7841797e+01
   2.6133920e+06   4.2419434e+01
   2.6262780e+06   3.9306641e+01
   2.6323290e+06   3.8452148e+01
   2.6348440e+06   4.0710449e+01
   2.6559150e+06   4.1809082e+01
   2.6647850e+06   3.9184570e+01
   2.7604760e+06   4.4555664e+01
   2.7605550e+06   3.8696289e+01
   2.7606020e+06   4.4738770e+01
   2.7606970e+06   5.3283691e+01
   2.7607800e+06   5.5236816e+01
   2.7608870e+06   5.2917480e+01
   2.7609810e+06   5.1086426e+01
   2.7610120e+06   4.0771484e+01
   2.7610450e+06   3.8635254e+01
   2.7611060e+06   4.2236328e+01
   2.7612730e+06   3.8208008e+01
   2.7615380e+06   3.8879395e+01
   2.7626110e+06   3.9978027e+01
   2.7809710e+06   3.8513184e+01
   2.8733180e+06   3.7780762e+01
   2.8792670e+06   4.0466309e+01
   2.9921660e+06   4.2663574e+01
   2.9950640e+06   4.2602539e+01
   3.0256660e+06   3.8513184e+01
   3.0577770e+06   3.7719727e+01
   3.1575250e+06   4.8461914e+01
   3.1576040e+06   3.9123535e+01
   3.1576570e+06   4.4250488e+01
   3.1577570e+06   3.8391113e+01
   3.1577950e+06   3.9245605e+01
   3.1578900e+06   4.1503906e+01
   3.1584940e+06   4.0771484e+01
   3.1626480e+06   3.8146973e+01
   3.1627210e+06   3.9672852e+01
   3.2241020e+06   3.9184570e+01
   3.3077640e+06   3.7963867e+01
   3.3529710e+06   4.5043945e+01
   3.3530280e+06   4.0405273e+01
   3.3530450e+06   4.5166016e+01
   3.3531310e+06   3.9184570e+01
   3.3531490e+06   3.7658691e+01
   3.3532880e+06   3.8940430e+01
   3.3533190e+06   4.0222168e+01
   3.3546030e+06   3.7841797e+01
   3.3823120e+06   3.7780762e+01
   3.5434220e+06   4.1381836e+01
   3.6069390e+06   3.8513184e+01
   3.6070090e+06   5.7739258e+01
   3.6071360e+06   3.8391113e+01
   3.6071890e+06   3.8757324e+01
   3.6073270e+06   4.6203613e+01
   3.6074660e+06   3.7658691e+01
   3.6076870e+06   5.3405762e+01
   3.6085800e+06   4.7180176e+01
   3.6094610e+06   4.4982910e+01
   3.6156650e+06   3.8208008e+01
   3.6163310e+06   4.0771484e+01
   3.6165040e+06   3.8696289e+01
   3.6172860e+06   4.1625977e+01
   3.6239170e+06   3.9184570e+01
   3.6247970e+06   3.9611816e+01
   3.6313990e+06   3.8635254e+01
   3.6315500e+06   3.8085938e+01
   3.6318170e+06   4.7058105e+01
   3.6322480e+06   3.8330078e+01
   3.6388840e+06   3.7658691e+01
   3.6496150e+06   4.4555664e+01
   3.6496500e+06   4.2053223e+01
   3.6497650e+06   4.0771484e+01
   3.6553290e+06   3.9794922e+01
   3.6554490e+06   4.6936035e+01
   3.6562620e+06   3.8879395e+01
   3.6659210e+06   3.7597656e+01
   3.6681230e+06   4.4372559e+01
   3.6681400e+06   3.8269043e+01
   3.6681620e+06   6.0180664e+01
   3.6682320e+06   3.7658691e+01
   3.6686060e+06   4.0222168e+01
   3.6758540e+06   4.2297363e+01
   3.6758680e+06   3.9794922e+01
   3.6819050e+06   4.0283203e+01
   3.6883940e+06   3.9123535e+01
   3.6884610e+06   3.9367676e+01
   3.6884720e+06   3.8208008e+01
   3.6884950e+06   4.5104980e+01
   3.6885310e+06   3.7780762e+01
   3.6893270e+06   3.9245605e+01
   3.6955190e+06   4.5349121e+01
   3.6955450e+06   4.2297363e+01
   3.6955890e+06   3.7719727e+01
   3.6956160e+06   4.0222168e+01
   3.6958780e+06   4.1381836e+01
   3.6960030e+06   3.8391113e+01
   3.7028050e+06   4.4433594e+01
   3.7028930e+06   4.9621582e+01
   3.7029960e+06   3.9245605e+01
   3.7098340e+06   3.8269043e+01
   3.7098890e+06   4.7546387e+01
   3.7214450e+06   3.7597656e+01
   3.7215370e+06   4.4250488e+01
   3.7296700e+06   5.4138184e+01
   3.7297830e+06   3.8696289e+01
   3.7366900e+06   4.1564941e+01
   3.7367770e+06   4.1137695e+01
   3.7435020e+06   4.8522949e+01
   3.7509340e+06   3.8391113e+01
   3.7510360e+06   4.3884277e+01
   3.7511040e+06   4.0283203e+01
   3.7512390e+06   4.3212891e+01
   3.7521620e+06   3.7536621e+01
   3.7663000e+06   3.7536621e+01
   3.7664320e+06   4.3945313e+01
   3.7811660e+06   4.1015625e+01
   3.7812110e+06   3.8574219e+01
   3.7816310e+06   4.1748047e+01
   3.7905680e+06   3.9672852e+01
   3.7906290e+06   3.7902832e+01
   3.7985840e+06   4.0954590e+01
   3.7992140e+06   3.8330078e+01
   3.8065450e+06   4.6752930e+01
   3.8154980e+06   4.6447754e+01
   3.8155520e+06   4.1748047e+01
   3.8251190e+06   4.0832520e+01
   3.8258100e+06   3.9184570e+01
   3.8263010e+06   3.7597656e+01
   3.8272790e+06   3.9550781e+01
   3.8357780e+06   5.5969238e+01
   3.8450180e+06   4.4555664e+01
   3.8450590e+06   4.1198730e+01
   3.8450910e+06   3.9550781e+01
   3.8536660e+06   3.9489746e+01
   3.8536950e+06   3.8146973e+01
   3.8541750e+06   3.8574219e+01
   3.8657330e+06   3.9916992e+01
   3.8661280e+06   4.9255371e+01
   3.8752560e+06   4.4677734e+01
   3.8752820e+06   3.9550781e+01
   3.8761230e+06   4.6020508e+01
   3.8765250e+06   3.9001465e+01
   3.8828330e+06   3.8513184e+01
   3.8828930e+06   4.1870117e+01
   3.8832700e+06   3.8330078e+01
   3.8981670e+06   4.5654297e+01
   3.8983460e+06   3.9794922e+01
   3.8984980e+06   4.6752930e+01
   3.8987480e+06   3.8574219e+01
   3.8994220e+06   3.8818359e+01
   3.8998740e+06   3.8146973e+01
   3.9370940e+06   3.9916992e+01
   3.9376440e+06   3.7536621e+01
   3.9442450e+06   4.0466309e+01
   3.9522680e+06   4.1076660e+01
   3.9528040e+06   3.9062500e+01
   3.9609630e+06   4.5349121e+01
   3.9610270e+06   4.7424316e+01
   3.9611270e+06   4.2846680e+01
   3.9807790e+06   3.7902832e+01
   3.9887090e+06   3.9184570e+01
   4.0333680e+06   3.7658691e+01
   4.2904540e+06   3.9794922e+01
   4.3881730e+06   4.9865723e+01
   4.3882250e+06   4.4128418e+01
   4.3883210e+06   3.7719727e+01
   4.3883550e+06   4.4067383e+01
   4.3884500e+06   4.0771484e+01
   4.3886220e+06   3.8330078e+01
   4.3893090e+06   3.8085938e+01
   4.3894930e+06   3.7780762e+01
   4.3913840e+06   4.0832520e+01
   4.4064150e+06   4.5532227e+01
   4.4064770e+06   3.9123535e+01
   4.4069970e+06   3.8208008e+01
   4.4070530e+06   3.9978027e+01
   4.4071080e+06   3.8085938e+01
   4.4073750e+06   4.0039063e+01
   4.4093520e+06   3.8024902e+01
   4.4103220e+06   3.7658691e+01
   4.4174340e+06   3.9306641e+01
   4.4201380e+06   3.7536621e+01
   4.4202630e+06   3.9184570e+01
   4.4209790e+06   3.9611816e+01
   4.4242930e+06   4.5776367e+01
   4.4250680e+06   4.2663574e+01
   4.4253440e+06   4.0527344e+01
   4.4254990e+06   3.7780762e+01
   4.4334850e+06   3.8513184e+01
   4.4465820e+06   3.8513184e+01
   4.4466640e+06   4.1381836e+01
   4.4468190e+06   4.0649414e+01
   4.4468840e+06   3.9428711e+01
   4.4469470e+06   3.9489746e+01
   4.4470960e+06   3.9489746e+01
   4.4473970e+06   4.2114258e+01
   4.4557310e+06   3.8513184e+01
   4.4557890e+06   3.9794922e+01
   4.4724120e+06   4.3762207e+01
   4.4727520e+06   3.8635254e+01
   4.4812520e+06   3.7719727e+01
   4.4814220e+06   3.9794922e+01
   4.4814880e+06   3.9855957e+01
   4.5007290e+06   3.7597656e+01
   4.5007700e+06   4.3212891e+01
   4.5008900e+06   3.8513184e+01
   4.5092650e+06   4.3090820e+01
   4.5144560e+06   4.2419434e+01
   4.5227100e+06   3.8879395e+01
   4.5231530e+06   3.7658691e+01
   4.5314750e+06   3.9428711e+01
   4.5418040e+06   3.9855957e+01
   4.5425180e+06   4.4738770e+01
   4.5498580e+06   4.0527344e+01
   4.5572880e+06   3.9367676e+01
   4.5573720e+06   3.8696289e+01
   4.5794000e+06   4.1259766e+01
   4.5796260e+06   3.7658691e+01
   4.5796650e+06   3.9489746e+01
   4.5926140e+06   4.0161133e+01
   4.6062690e+06   3.9794922e+01
   4.6062940e+06   3.8696289e+01
   4.6142900e+06   3.8085938e+01
   4.6144130e+06   4.4616699e+01
   4.6223840e+06   3.9306641e+01
   4.6225470e+06   4.1259766e+01
   4.6380870e+06   4.0710449e+01
   4.6529710e+06   3.8940430e+01
   4.6591700e+06   3.7658691e+01
   4.6592180e+06   4.0283203e+01
   4.6600400e+06   3.9245605e+01
   4.6677350e+06   3.9245605e+01
   4.6756740e+06   3.8024902e+01
   4.6837430e+06   3.8085938e+01
   4.6917180e+06   3.7719727e+01
   4.7014610e+06   4.0283203e+01
   4.7015410e+06   3.7841797e+01
   4.7485980e+06   4.6875000e+01
   4.7489560e+06   4.7851563e+01
   4.7497840e+06   3.9184570e+01
   4.7633660e+06   3.8085938e+01
   4.7689890e+06   4.2846680e+01
   4.7750190e+06   3.8330078e+01
   4.7817930e+06   3.9672852e+01
   4.7818930e+06   3.7780762e+01
   4.7821820e+06   3.9001465e+01
   4.7881190e+06   4.5288086e+01
   4.7992790e+06   3.9245605e+01
   4.7993620e+06   4.6203613e+01
   4.7998550e+06   3.8757324e+01
   4.8007920e+06   3.8391113e+01
   4.8093010e+06   4.0649414e+01
   4.8189230e+06   3.7963867e+01
   4.8195090e+06   3.7597656e+01
   4.8447720e+06   4.1137695e+01
   4.8448920e+06   3.7780762e+01
   4.8449220e+06   4.4555664e+01
   4.8449860e+06   3.8757324e+01
   4.8460860e+06   4.2053223e+01
   4.8461960e+06   4.0466309e+01
   4.8548610e+06   3.9550781e+01
   4.8548740e+06   4.7546387e+01
   4.8601740e+06   4.0222168e+01
   4.8630230e+06   4.4860840e+01
   4.8716630e+06   4.0283203e+01
   4.8840360e+06   3.9733887e+01
   4.8940830e+06   3.7963867e+01
   4.9040130e+06   4.1137695e+01
   4.9040610e+06   4.0161133e+01
   4.9042110e+06   3.9428711e+01
   4.9130390e+06   4.3579102e+01
   4.9133940e+06   3.8757324e+01
   4.9238340e+06   3.9489746e+01
   4.9238950e+06   3.9428711e+01
   4.9240210e+06   4.3518066e+01
   4.9384640e+06   3.8452148e+01
   4.9386150e+06   4.4555664e+01
   4.9386410e+06   3.9916992e+01
   4.9386880e+06   3.9550781e+01
   4.9393180e+06   3.8330078e+01
   4.9406580e+06   4.0771484e+01
   4.9490060e+06   3.8879395e+01
   4.9559170e+06   4.1809082e+01
   4.9622490e+06   3.9794922e+01
   4.9704140e+06   4.2114258e+01
   4.9705330e+06   3.8757324e+01
   4.9785160e+06   3.7719727e+01
   4.9785630e+06   4.0649414e+01
   4.9856990e+06   4.1687012e+01
   4.9858110e+06   3.9733887e+01
   4.9861200e+06   3.7719727e+01
   4.9951860e+06   4.2358398e+01
   4.9953310e+06   3.8818359e+01
   4.9954170e+06   3.8024902e+01
   5.0001590e+06   3.8208008e+01
   5.0003490e+06   3.7780762e+01
   5.0003670e+06   4.7607422e+01
   5.0066650e+06   4.8889160e+01
   5.0113810e+06   3.8085938e+01
   5.0114730e+06   4.1076660e+01
   5.0180630e+06   4.9682617e+01
   5.0181860e+06   4.9316406e+01
   5.0182760e+06   3.9367676e+01
   5.0184020e+06   3.9489746e+01
   5.0266840e+06   4.8645020e+01
   5.0268700e+06   4.2968750e+01
   5.0353560e+06   4.3273926e+01
   5.0354120e+06   4.0710449e+01
   5.0395890e+06   4.0283203e+01
   5.0432830e+06   3.8513184e+01
   5.0434430e+06   4.0222168e+01
   5.0493200e+06   5.1269531e+01
   5.0496180e+06   4.0405273e+01
   5.0503430e+06   3.8635254e+01
   5.0604160e+06   4.0222168e+01
   5.0605370e+06   4.3273926e+01
   5.0607470e+06   4.1503906e+01
   5.0612170e+06   3.8635254e+01
   5.0657380e+06   4.3334961e+01
   5.0659000e+06   3.8513184e+01
   5.0797440e+06   4.0222168e+01
   5.0798660e+06   3.7658691e+01
   5.0848500e+06   4.3212891e+01
   5.0888340e+06   4.9926758e+01
   5.0889690e+06   3.8085938e+01
   5.0890000e+06   3.9855957e+01
   5.0940630e+06   4.6264648e+01
   5.0984200e+06   4.0466309e+01
   5.0987190e+06   3.7902832e+01
   5.0989640e+06   3.7902832e+01
   5.1060640e+06   4.5104980e+01
   5.1061350e+06   3.7536621e+01
   5.1065450e+06   3.8208008e+01
   5.1066600e+06   3.8146973e+01
   5.1069940e+06   3.7841797e+01
   5.1135920e+06   3.9855957e+01
   5.1136440e+06   3.8024902e+01
   5.1190830e+06   4.8950195e+01
   5.1264030e+06   3.7719727e+01
   5.1352280e+06   3.9306641e+01
   5.1354230e+06   4.1992188e+01
   5.1441670e+06   4.8950195e+01
   5.1456380e+06   4.4799805e+01
   5.1645470e+06   4.4616699e+01
   5.1647200e+06   3.8879395e+01
   5.1650390e+06   4.0588379e+01
   5.1742300e+06   5.1330566e+01
   5.1744430e+06   3.8208008e+01
   5.1832780e+06   4.1137695e+01
   5.1836870e+06   3.9001465e+01
   5.1880230e+06   4.0832520e+01
   5.1937410e+06   4.1870117e+01
   5.1987400e+06   4.4799805e+01
   5.2052690e+06   5.3833008e+01
   5.2168440e+06   4.0100098e+01
   5.2169290e+06   4.8034668e+01
   5.2170210e+06   4.3151855e+01
   5.2222640e+06   3.9489746e+01
   5.2281560e+06   4.6447754e+01
   5.2345520e+06   3.8208008e+01
   5.2347870e+06   3.8024902e+01
   5.2464500e+06   3.8574219e+01
   5.2524390e+06   4.4921875e+01
   5.2579630e+06   3.9489746e+01
   5.2634300e+06   3.7536621e+01
   5.2636740e+06   3.8574219e+01
   5.2685870e+06   4.8217773e+01
   5.2755080e+06   3.8574219e+01
   5.2804440e+06   4.0588379e+01
   5.2864900e+06   3.8635254e+01
   5.2865320e+06   4.2907715e+01
   5.2934190e+06   4.1015625e+01
   5.2997380e+06   4.2114258e+01
   5.3065310e+06   4.4067383e+01
   5.3066260e+06   3.9489746e+01
   5.3134730e+06   4.7973633e+01
   5.3206120e+06   4.5227051e+01
   5.3275480e+06   4.1137695e+01
   5.3336090e+06   4.1992188e+01
   5.3398420e+06   4.7424316e+01
   5.3477190e+06   4.6569824e+01
   5.3478160e+06   3.9367676e+01
   5.3485040e+06   3.8574219e+01
   5.3489320e+06   4.5166016e+01
   5.3607240e+06   4.0527344e+01
   5.3609180e+06   4.1564941e+01
   5.3668070e+06   3.7658691e+01
   5.3674510e+06   4.0527344e+01
   5.3743020e+06   3.7597656e+01
   5.3744360e+06   4.1687012e+01
   5.3825300e+06   4.9194336e+01
   5.3828920e+06   4.0344238e+01
   5.3913170e+06   4.3823242e+01
   5.3984290e+06   4.7546387e+01
   5.4072160e+06   4.0710449e+01
   5.4072560e+06   4.1076660e+01
   5.4074450e+06   3.9916992e+01
   5.4075150e+06   3.8696289e+01
   5.4158290e+06   4.2480469e+01
   5.4160580e+06   3.7597656e+01
   5.4164850e+06   3.8818359e+01
   5.4244080e+06   4.6691895e+01
   5.4244360e+06   3.9672852e+01
   5.4249070e+06   3.7963867e+01
   5.4322560e+06   4.5532227e+01
   5.4323870e+06   3.9184570e+01
   5.4425440e+06   6.3537598e+01
   5.4425900e+06   4.2968750e+01
   5.4427100e+06   4.4982910e+01
   5.4430330e+06   3.8879395e+01
   5.4434420e+06   3.9123535e+01
   5.4526530e+06   4.2602539e+01
   5.4529520e+06   3.8940430e+01
   5.4629370e+06   4.1381836e+01
   5.4629640e+06   4.9804688e+01
   5.4631350e+06   4.3029785e+01
   5.4727990e+06   4.6447754e+01
   5.4729360e+06   3.9550781e+01
   5.4824830e+06   4.3212891e+01
   5.4825040e+06   4.1381836e+01
   5.4827640e+06   4.6142578e+01
   5.4939090e+06   4.0893555e+01
   5.4941190e+06   4.0405273e+01
   5.4941350e+06   4.5654297e+01
   5.5083910e+06   4.5654297e+01
   5.5085950e+06   4.1931152e+01
   5.5088170e+06   3.8269043e+01
   5.5244620e+06   3.7597656e+01
   5.5245000e+06   4.2236328e+01
   5.5246720e+06   4.6081543e+01
   5.5247940e+06   3.9855957e+01
   5.5375340e+06   5.0659180e+01
   5.5377970e+06   3.9367676e+01
   5.5415580e+06   3.8391113e+01
   5.5537530e+06   3.9062500e+01
   5.5538860e+06   4.0527344e+01
   5.5540300e+06   4.5227051e+01
   5.5676460e+06   4.9011230e+01
   5.5677010e+06   3.8452148e+01
   5.5747870e+06   3.8818359e+01
   5.5997170e+06   3.9978027e+01
   5.6171300e+06   3.8940430e+01
   5.7570620e+06   3.7658691e+01
   5.8509100e+06   3.8635254e+01
   5.9731540e+06   3.8696289e+01
   5.9783380e+06   3.7719727e+01
   6.0177740e+06   3.7536621e+01
   6.1353780e+06   3.7780762e+01
   6.2473150e+06   4.3579102e+01
   6.2473960e+06   3.8879395e+01
   6.2474500e+06   3.8574219e+01
   6.2474820e+06   4.0893555e+01
   6.2475490e+06   4.0405273e+01
   6.2476490e+06   4.0588379e+01
   6.2476840e+06   3.7719727e+01
   6.2492760e+06   4.0649414e+01
   6.2500830e+06   5.3039551e+01
   6.2516700e+06   3.8024902e+01
   6.3594490e+06   3.8269043e+01
   6.4947600e+06   3.8696289e+01
   6.4948370e+06   5.0964355e+01
   6.4948860e+06   3.7658691e+01
   6.4949310e+06   3.8574219e+01
   6.4950380e+06   3.8757324e+01
   6.4951610e+06   3.9611816e+01
   6.4953500e+06   3.9489746e+01
   6.4961080e+06   4.0405273e+01
   6.4963290e+06   3.7597656e+01
   6.5079500e+06   4.0771484e+01
   6.5079920e+06   4.5043945e+01
   6.5080100e+06   4.1381836e+01
   6.5080870e+06   3.7719727e+01
   6.5082430e+06   3.8452148e+01
   6.5084450e+06   3.7536621e+01
   6.5086720e+06   4.1564941e+01
   6.5087150e+06   3.8391113e+01
   6.5093760e+06   4.8339844e+01
   6.5211990e+06   3.9306641e+01
   6.5213060e+06   3.7536621e+01
   6.5217980e+06   3.9062500e+01
   6.5268800e+06   3.8391113e+01
   6.5291250e+06   3.9916992e+01
   6.5291600e+06   4.3151855e+01
   6.5374160e+06   3.8940430e+01
   6.5489010e+06   4.4372559e+01
   6.5625310e+06   4.3762207e+01
   6.5626000e+06   5.1025391e+01
   6.5750890e+06   3.7963867e+01
   6.5805100e+06   3.9306641e+01
   6.5805550e+06   3.9245605e+01
   6.5868420e+06   4.0832520e+01
   6.5869090e+06   4.0649414e+01
   6.5870030e+06   4.1137695e+01
   6.5936020e+06   4.0222168e+01
   6.5937260e+06   4.6264648e+01
   6.5939460e+06   3.9245605e+01
   6.6089410e+06   3.8146973e+01
   6.6113800e+06   3.9794922e+01
   6.6164850e+06   4.1442871e+01
   6.6281520e+06   4.1137695e+01
   6.6331220e+06   4.2297363e+01
   6.6387910e+06   5.0964355e+01
   6.6542340e+06   4.0039063e+01
   6.6543510e+06   3.9306641e+01
   6.6610070e+06   3.9001465e+01
   6.6611580e+06   3.9978027e+01
   6.6725250e+06   5.0415039e+01
   6.6784450e+06   4.1137695e+01
   6.6920180e+06   4.0100098e+01
   6.6991680e+06   3.7536621e+01
   6.6992170e+06   4.6203613e+01
   6.6998030e+06   3.7780762e+01
   6.7064490e+06   4.1809082e+01
   6.7064890e+06   4.1809082e+01
   6.7139670e+06   3.8879395e+01
   6.7211890e+06   4.2968750e+01
   6.7275770e+06   3.7597656e+01
   6.7339430e+06   4.4738770e+01
   6.7344820e+06   3.8879395e+01
   6.7405940e+06   4.2480469e+01
   6.7406250e+06   3.9611816e+01
   6.7482990e+06   4.1381836e+01
   6.7483190e+06   4.6875000e+01
   6.7483650e+06   4.9377441e+01
   6.7633210e+06   3.7780762e+01
   6.7719120e+06   4.8461914e+01
   6.7721650e+06   4.0039063e+01
   6.7799820e+06   4.0405273e+01
   6.7854410e+06   4.3762207e+01
   6.7930250e+06   3.7841797e+01
   6.7931770e+06   4.1198730e+01
   6.8011450e+06   5.0659180e+01
   6.8163380e+06   4.1992188e+01
   6.8164620e+06   3.8574219e+01
   6.8245960e+06   4.1503906e+01
   6.8246380e+06   3.9001465e+01
   6.8247530e+06   3.7902832e+01
   6.8247890e+06   4.5288086e+01
   6.8426260e+06   3.9306641e+01
   6.8510190e+06   3.9916992e+01
   6.8647330e+06   4.1381836e+01
   6.8726860e+06   4.1931152e+01
   6.8807450e+06   4.2968750e+01
   6.8869040e+06   3.7841797e+01
   6.8869940e+06   4.3151855e+01
   6.8870380e+06   4.5043945e+01
   6.8871220e+06   3.7658691e+01
   6.8944570e+06   3.8452148e+01
   6.9038680e+06   4.6386719e+01
   6.9040100e+06   3.8879395e+01
   6.9157000e+06   4.5471191e+01
   6.9265650e+06   3.9672852e+01
   6.9339690e+06   4.4677734e+01
   6.9394730e+06   3.8940430e+01
   6.9454220e+06   4.3273926e+01
   6.9571580e+06   3.8269043e+01
   6.9633530e+06   3.9428711e+01
   6.9692050e+06   3.8818359e+01
   6.9761350e+06   3.8879395e+01
   6.9761980e+06   4.7058105e+01
   6.9762880e+06   3.9855957e+01
   6.9763370e+06   3.9001465e+01
   6.9890320e+06   3.7719727e+01
   6.9892040e+06   3.8696289e+01
   6.9898830e+06   3.9672852e+01
   6.9901700e+06   3.7536621e+01
   6.9970440e+06   3.9001465e+01
   6.9971290e+06   4.5288086e+01
   7.0045450e+06   3.8574219e+01
   7.0047280e+06   3.9489746e+01
   7.0047410e+06   4.0039063e+01
   7.0130780e+06   4.6630859e+01
   7.0186650e+06   4.4189453e+01
   7.0188530e+06   3.8330078e+01
   7.0255010e+06   4.5410156e+01
   7.0322750e+06   4.1137695e+01
   7.0325470e+06   4.1076660e+01
   7.0398360e+06   4.3334961e+01
   7.0400090e+06   4.0527344e+01
   7.0495920e+06   4.6691895e+01
   7.0554930e+06   3.9489746e+01
   7.0610980e+06   4.2541504e+01
   7.0611920e+06   3.8940430e+01
   7.0678500e+06   4.0283203e+01
   7.0680500e+06   3.7658691e+01
   7.0749950e+06   4.7363281e+01
   7.0750340e+06   3.7719727e+01
   7.0814420e+06   4.7302246e+01
   7.0897170e+06   3.9062500e+01
   7.0898010e+06   3.9062500e+01
   7.0899990e+06   4.5166016e+01
   7.0900950e+06   3.9245605e+01
   7.0902640e+06   4.4128418e+01
   7.0905360e+06   4.0771484e+01
   7.1026810e+06   4.7241211e+01
   7.1027660e+06   3.8696289e+01
   7.1028960e+06   4.2114258e+01
   7.1090460e+06   5.3344727e+01
   7.1150010e+06   5.5908203e+01
   7.1150880e+06   3.9916992e+01
   7.1152040e+06   4.0527344e+01
   7.1226170e+06   4.1381836e+01
   7.1228190e+06   3.8757324e+01
   7.1297720e+06   3.8940430e+01
   7.1297940e+06   4.9865723e+01
   7.1352690e+06   4.0771484e+01
   7.1353810e+06   3.9367676e+01
   7.1411430e+06   4.8828125e+01
   7.1471640e+06   4.6447754e+01
   7.1471900e+06   4.5104980e+01
   7.1473990e+06   3.9428711e+01
   7.1534200e+06   4.0100098e+01
   7.1600060e+06   4.7302246e+01
   7.1668980e+06   4.2053223e+01
   7.1731890e+06   5.0842285e+01
   7.1789310e+06   3.9245605e+01
   7.1862700e+06   3.7902832e+01
   7.1985680e+06   4.8461914e+01
   7.2090810e+06   3.7902832e+01
   7.2168540e+06   4.5593262e+01
   7.2173880e+06   4.0405273e+01
   7.2240130e+06   4.3395996e+01
   7.2306220e+06   4.4311523e+01
   7.2306730e+06   4.6813965e+01
   7.2308700e+06   4.8767090e+01
   7.2377640e+06   3.8330078e+01
   7.2378490e+06   4.3945313e+01
   7.2440430e+06   5.1696777e+01
   7.2512660e+06   4.2968750e+01
   7.2515980e+06   4.5104980e+01
   7.2599830e+06   3.9001465e+01
   7.2600970e+06   4.5959473e+01
   7.2604200e+06   4.1687012e+01
   7.2606720e+06   3.9672852e+01
   7.2606820e+06   3.8452148e+01
   7.2745780e+06   4.8400879e+01
   7.2822950e+06   4.5776367e+01
   7.2824610e+06   3.8208008e+01
   7.2913570e+06   3.8696289e+01
   7.2994990e+06   4.4860840e+01
   7.2995950e+06   3.9306641e+01
   7.2999470e+06   3.8330078e+01
   7.3061060e+06   3.8391113e+01
   7.3081630e+06   4.5898438e+01
   7.3171800e+06   4.1076660e+01
   7.3173960e+06   4.0466309e+01
   7.3174320e+06   4.1931152e+01
   7.3174940e+06   3.9672852e+01
   7.3349850e+06   3.8085938e+01
   7.3446230e+06   4.8767090e+01
   7.3447050e+06   4.8339844e+01
   7.3451460e+06   4.7058105e+01
   7.3454340e+06   4.3212891e+01
   7.3624830e+06   5.7312012e+01
   7.3625250e+06   3.9978027e+01
   7.3626000e+06   3.7597656e+01
   7.3720470e+06   4.4311523e+01
   7.3721830e+06   5.3405762e+01
   7.3799310e+06   4.8767090e+01
   7.3799520e+06   4.0832520e+01
   7.3876540e+06   4.0893555e+01
   7.3878620e+06   4.2480469e+01
   7.3951540e+06   4.7668457e+01
   7.3952340e+06   4.0344238e+01
   7.3958740e+06   3.8330078e+01
   7.4066870e+06   3.7963867e+01
   7.4167060e+06   4.3640137e+01
   7.4167800e+06   4.1015625e+01
   7.4265270e+06   4.9499512e+01
   7.4365270e+06   4.8278809e+01
   7.4367130e+06   5.0537109e+01
   7.4367980e+06   4.2541504e+01
   7.4369810e+06   3.8085938e+01
   7.4474970e+06   4.7912598e+01
   7.4475270e+06   3.8269043e+01
   7.4572070e+06   4.5776367e+01
   7.4572330e+06   3.8269043e+01
   7.4573330e+06   4.0344238e+01
   7.4581930e+06   3.7841797e+01
   7.4689990e+06   6.0729980e+01
   7.4691660e+06   4.1198730e+01
   7.4828980e+06   4.6142578e+01
   7.4829750e+06   3.8574219e+01
   7.4832070e+06   4.1992188e+01
   7.4928110e+06   4.3273926e+01
   7.5079270e+06   4.7546387e+01
   7.5083570e+06   4.1809082e+01
   7.5084800e+06   5.0292969e+01
   7.5094220e+06   3.9062500e+01
   7.5217750e+06   4.6813965e+01
   7.5360830e+06   3.9184570e+01
   7.5423590e+06   5.2429199e+01
   7.5425130e+06   4.9682617e+01
   7.5425570e+06   5.5358887e+01
   7.5428250e+06   4.2785645e+01
   7.5575290e+06   4.3090820e+01
   7.5720720e+06   5.1391602e+01
   7.5721530e+06   3.9916992e+01
   7.5724300e+06   4.7363281e+01
   8.0246990e+06   4.0649414e+01
   8.0390090e+06   3.7658691e+01
   8.0749800e+06   3.7536621e+01
   8.2262560e+06   3.8696289e+01
   8.2357880e+06   5.2978516e+01
   8.2358770e+06   5.3833008e+01
   8.2358890e+06   4.1931152e+01
   8.2359850e+06   4.1809082e+01
   8.2360920e+06   4.4555664e+01
   8.2365590e+06   4.0832520e+01
   8.2480430e+06   3.7658691e+01
   8.2481430e+06   4.5654297e+01
   8.2483040e+06   3.7536621e+01
   8.2501040e+06   3.7902832e+01
   8.2615790e+06   3.7719727e+01
   8.2639310e+06   3.8574219e+01
   8.2646080e+06   3.9428711e+01
   8.2783670e+06   3.8146973e+01
   8.3032110e+06   3.8513184e+01
   8.3041620e+06   3.8085938e+01
   8.3103100e+06   3.8085938e+01
   8.3192240e+06   4.0893555e+01
   8.3192650e+06   3.8513184e+01
   8.3200350e+06   3.9001465e+01
   8.3201030e+06   3.9367676e+01
   8.3368790e+06   4.2480469e+01
   8.3427110e+06   3.7597656e+01
   8.3442330e+06   4.0222168e+01
   8.3508610e+06   4.3701172e+01
   8.3651920e+06   3.8146973e+01
   8.3652730e+06   4.1320801e+01
   8.3752900e+06   4.0832520e+01
   8.3753230e+06   3.9916992e+01
   8.3754810e+06   3.8208008e+01
   8.3756070e+06   3.8146973e+01
   8.3833030e+06   3.7536621e+01
   8.3993720e+06   4.0283203e+01
   8.4092790e+06   3.9550781e+01
   8.4095860e+06   4.1564941e+01
   8.4191480e+06   4.0100098e+01
   8.4192440e+06   3.8940430e+01
   8.4200350e+06   3.8085938e+01
   8.4344590e+06   3.9428711e+01
   8.4346060e+06   4.1076660e+01
   8.4428980e+06   4.3029785e+01
   8.4566860e+06   3.8452148e+01
   8.4621570e+06   4.5776367e+01
   8.4691360e+06   3.9367676e+01
   8.4694790e+06   3.7902832e+01
   8.4830790e+06   3.7658691e+01
   8.4888840e+06   3.8635254e+01
   8.4909940e+06   4.3029785e+01
   8.5004670e+06   3.9978027e+01
   8.5005840e+06   3.9062500e+01
   8.5007080e+06   3.7536621e+01
   8.5229440e+06   3.8269043e+01
   8.5308780e+06   4.4250488e+01
   8.5315280e+06   4.2419434e+01
   8.5379440e+06   4.3579102e+01
   8.5445400e+06   4.1564941e+01
   8.5516290e+06   4.0161133e+01
   8.5523810e+06   4.0222168e+01
   8.5584500e+06   3.8024902e+01
   8.5661970e+06   4.5043945e+01
   8.5731820e+06   5.3283691e+01
   8.5815120e+06   4.2541504e+01
   8.5818260e+06   4.1198730e+01
   8.6035080e+06   4.0466309e+01
   8.6116620e+06   4.0283203e+01
   8.6248290e+06   3.7658691e+01
   8.6251020e+06   3.9123535e+01
   8.6337250e+06   3.7536621e+01
   8.6338070e+06   3.9306641e+01
   8.6409750e+06   4.1320801e+01
   8.6486650e+06   3.7658691e+01
   8.6502950e+06   3.8024902e+01
   8.6621100e+06   3.8391113e+01
   8.6756300e+06   4.0405273e+01
   8.7110950e+06   3.8146973e+01
   8.7377110e+06   3.8452148e+01
   8.7551970e+06   4.1076660e+01
   8.7553530e+06   4.0832520e+01
   8.7625470e+06   4.0832520e+01
   8.7626260e+06   3.9062500e+01
   8.7710120e+06   3.8024902e+01
   8.7818270e+06   4.0039063e+01
   8.7867830e+06   4.1015625e+01
   8.7869440e+06   4.3701172e+01
   8.7926380e+06   4.5227051e+01
   8.7993270e+06   3.8574219e+01
   8.7995300e+06   4.1137695e+01
   8.8160920e+06   4.1320801e+01
   8.8163070e+06   3.7780762e+01
   8.8330580e+06   4.6691895e+01
   8.8406120e+06   3.9611816e+01
   8.8543100e+06   4.1870117e+01
   8.8545610e+06   4.0466309e+01
   8.8546140e+06   3.8635254e+01
   8.8640390e+06   4.3762207e+01
   8.8856150e+06   3.8085938e+01
   8.8856780e+06   4.1503906e+01
   8.8857610e+06   4.3823242e+01
   8.8857710e+06   4.1748047e+01
   8.8934630e+06   4.8034668e+01
   8.8937700e+06   5.1696777e+01
   8.9026230e+06   4.7973633e+01
   8.9028340e+06   3.9306641e+01
   8.9030500e+06   4.1625977e+01
   8.9252890e+06   4.1503906e+01
   8.9324040e+06   4.2724609e+01
   8.9327550e+06   4.6997070e+01
   8.9418960e+06   4.1992188e+01
   8.9428730e+06   4.9499512e+01
   8.9516270e+06   4.5410156e+01
   8.9647470e+06   4.3884277e+01
   8.9648440e+06   3.9123535e+01
   8.9726880e+06   5.4748535e+01
   8.9729440e+06   5.0842285e+01
   8.9734630e+06   3.8024902e+01
   8.9802440e+06   3.8330078e+01
   8.9884350e+06   5.3588867e+01
   8.9885790e+06   3.8146973e+01
   8.9975860e+06   3.8757324e+01
   9.0054120e+06   4.4189453e+01
   9.0132390e+06   3.9123535e+01
   9.0136040e+06   4.0283203e+01
   9.0138700e+06   5.6884766e+01
   9.0226760e+06   3.7719727e+01
   9.0229830e+06   4.3884277e+01
   9.0305410e+06   3.9916992e+01
   9.0306070e+06   4.1076660e+01
   9.0386780e+06   4.8095703e+01
   9.0386890e+06   4.9194336e+01
   9.0389750e+06   4.2053223e+01
   9.0563440e+06   3.7658691e+01
   9.0563660e+06   4.0466309e+01
   9.0650700e+06   4.2053223e+01
   9.0737700e+06   4.3518066e+01
   9.0743600e+06   3.7963867e+01
   9.0821890e+06   4.7973633e+01
   9.0904440e+06   3.8024902e+01
   9.0972330e+06   4.2297363e+01
   9.1049780e+06   5.1818848e+01
   9.1140480e+06   4.4555664e+01
   9.1246530e+06   5.5908203e+01
   9.1388770e+06   6.1523438e+01
   9.1390830e+06   5.2978516e+01
   9.1394320e+06   4.1503906e+01
   9.1501770e+06   4.4677734e+01
   9.1503690e+06   4.0100098e+01
   9.1625520e+06   4.1259766e+01
   9.1781920e+06   5.4260254e+01
   9.1782960e+06   3.7536621e+01
   9.1785000e+06   5.1574707e+01
   9.1939670e+06   5.2124023e+01
   9.5891700e+06   3.7780762e+01
   9.6458970e+06   3.7658691e+01
   1.0219134e+07   5.5114746e+01
   1.0219174e+07   3.8269043e+01
   1.0219197e+07   4.0954590e+01
   1.0219220e+07   4.2541504e+01
   1.0219290e+07   4.0893555e+01
   1.0219391e+07   3.8146973e+01
   1.0219545e+07   3.9062500e+01
   1.0219773e+07   4.3212891e+01
   1.0219866e+07   4.2419434e+01
   1.0220371e+07   3.8085938e+01
   1.0220753e+07   4.2968750e+01
   1.0220979e+07   3.7536621e+01
   1.0232413e+07   4.4433594e+01
   1.0232653e+07   4.8156738e+01
   1.0232784e+07   4.3029785e+01
   1.0232986e+07   3.8330078e+01
   1.0235268e+07   4.1992188e+01
   1.0266218e+07   4.4860840e+01
   1.0270999e+07   3.8269043e+01
   1.0274992e+07   4.2785645e+01
   1.0275896e+07   3.9123535e+01
   1.0296906e+07   4.1687012e+01
   1.0308752e+07   4.8583984e+01
   1.0336204e+07   3.8330078e+01
   1.0336252e+07   3.9306641e+01
   1.0367666e+07   4.2358398e+01
   1.0374193e+07   3.7719727e+01
   1.0374799e+07   3.7719727e+01
   1.0381024e+07   3.8391113e+01
   1.0389997e+07   4.3518066e+01
   1.0397726e+07   4.1748047e+01
   1.0426181e+07   3.9489746e+01
   1.0434499e+07   3.8635254e+01
   1.0435652e+07   4.0222168e+01
   1.0458451e+07   3.8208008e+01
   1.0477579e+07   3.8146973e+01
   1.0493336e+07   4.3457031e+01
   1.0508542e+07   4.4799805e+01
   1.0535367e+07   3.8818359e+01
   1.0549029e+07   4.5043945e+01
   1.0556192e+07   3.7963867e+01
   1.0597865e+07   4.4494629e+01
   1.0603165e+07   4.5837402e+01
   1.0609102e+07   3.7719727e+01
   1.0609426e+07   3.7780762e+01
   1.0622465e+07   5.0781250e+01
   1.0634194e+07   3.9123535e+01
   1.0639183e+07   3.7841797e+01
   1.0645610e+07   3.9306641e+01
   1.0658515e+07   4.4250488e+01
   1.0658804e+07   4.6752930e+01
   1.0659127e+07   3.9123535e+01
   1.0672156e+07   4.7851563e+01
   1.0679316e+07   4.6386719e+01
   1.0687796e+07   3.7536621e+01
   1.0694776e+07   3.7841797e+01
   1.0702447e+07   4.8278809e+01
   1.0710645e+07   3.8757324e+01
   1.0718455e+07   4.8767090e+01
   1.0733405e+07   3.7963867e+01
   1.0733665e+07   4.0222168e+01
   1.0741264e+07   3.9062500e+01
   1.0749500e+07   3.7658691e+01
   1.0758123e+07   3.8513184e+01
   1.0767177e+07   4.3395996e+01
   1.0767447e+07   4.2114258e+01
   1.0767723e+07   4.0344238e+01
   1.0776105e+07   4.0039063e+01
   1.0776201e+07   3.8574219e+01
   1.0786871e+07   4.2175293e+01
   1.0786995e+07   3.9062500e+01
   1.0787013e+07   4.3212891e+01
   1.0787385e+07   4.2175293e+01
   1.0787395e+07   3.9733887e+01
   1.0800240e+07   3.7536621e+01
   1.0813202e+07   3.9733887e+01
   1.0813405e+07   4.5715332e+01
   1.0839894e+07   4.1259766e+01
   1.0849880e+07   4.0161133e+01
   1.0849902e+07   3.7658691e+01
   1.0850224e+07   3.7780762e+01
   1.0860662e+07   5.5480957e+01
   1.0861062e+07   4.3579102e+01
   1.0870330e+07   4.2602539e+01
   1.0882046e+07   5.2246094e+01
   1.0882312e+07   4.1198730e+01
   1.0893639e+07   4.1381836e+01
   1.0906477e+07   4.2602539e+01
   1.0906504e+07   4.8889160e+01
   1.0906695e+07   4.0954590e+01
   1.0925041e+07   3.8635254e+01
   1.0925209e+07   3.9489746e+01
   1.0925411e+07   4.8522949e+01
   1.0948817e+07   4.2114258e+01
   1.0948868e+07   3.8146973e+01
   1.0998977e+07   4.1259766e+01
   1.0999320e+07   3.8208008e+01
   1.0999330e+07   4.2602539e+01
   1.1020678e+07   3.8940430e+01
   1.1033381e+07   3.8940430e+01
   1.1059061e+07   4.8583984e+01
   1.1401742e+07   3.8940430e+01
   1.1437545e+07   4.2114258e+01
   1.1740782e+07   4.1870117e+01
