   1.1996000e+07   0.0000000e+00
   3.7892700e+05   3.4240723e+01
   3.7903500e+05   3.6499023e+01
   3.7916800e+05   3.3813477e+01
   3.7936300e+05   3.1982422e+01
   3.7958700e+05   3.4545898e+01
   3.9632900e+05   3.1982422e+01
   4.0536900e+05   3.4667969e+01
   4.1138800e+05   3.2043457e+01
   4.1144200e+05   3.1982422e+01
   4.1826100e+05   3.4973145e+01
   4.2644800e+05   3.2531738e+01
   4.3760200e+05   3.7536621e+01
   4.5112400e+05   3.3325195e+01
   4.5119200e+05   3.6804199e+01
   4.7508800e+05   3.3325195e+01
   4.9988900e+05   3.6926270e+01
   5.1368100e+05   3.3996582e+01
   5.3256300e+05   3.3752441e+01
   5.9868600e+05   3.8940430e+01
   6.4313300e+05   3.7658691e+01
   6.7984800e+05   3.3447266e+01
   7.0186700e+05   3.9489746e+01
   7.1886800e+05   3.2531738e+01
   9.8307300e+05   3.5400391e+01
   9.8450200e+05   3.2836914e+01
   1.2680550e+06   3.5583496e+01
   1.2686910e+06   3.2165527e+01
   1.3535760e+06   3.2653809e+01
   1.3644420e+06   3.2043457e+01
   1.3892190e+06   3.1677246e+01
   1.4296190e+06   3.5217285e+01
   1.4706800e+06   3.2043457e+01
   1.5093920e+06   3.5339355e+01
   1.5246760e+06   3.7231445e+01
   1.5495930e+06   3.2409668e+01
   1.5774240e+06   4.1137695e+01
   1.6211290e+06   3.4179688e+01
   1.6980830e+06   3.3203125e+01
   1.7428040e+06   3.3325195e+01
   1.8591580e+06   3.2714844e+01
   1.9969790e+06   3.3630371e+01
   2.0517110e+06   3.1982422e+01
   2.0697120e+06   3.4240723e+01
   2.1718220e+06   3.3264160e+01
   2.1864760e+06   3.2470703e+01
   2.2181040e+06   3.2226563e+01
   2.2181800e+06   3.6926270e+01
   2.2582740e+06   3.3020020e+01
   2.3132220e+06   3.4057617e+01
   2.3226250e+06   3.2043457e+01
   2.4334780e+06   3.2287598e+01
   2.7608390e+06   3.3996582e+01
   3.1576660e+06   3.4667969e+01
   3.1585810e+06   3.3691406e+01
   3.1594270e+06   3.2104492e+01
   3.3530970e+06   4.0649414e+01
   3.3535410e+06   3.2531738e+01
   3.3536670e+06   3.2836914e+01
   3.3540910e+06   3.1860352e+01
   3.5452150e+06   3.2348633e+01
   3.6070510e+06   3.7963867e+01
   3.6070990e+06   3.4118652e+01
   3.6316480e+06   3.6682129e+01
   3.6759400e+06   3.4118652e+01
   3.6955530e+06   3.2714844e+01
   3.7029880e+06   3.3447266e+01
   3.7098610e+06   3.2043457e+01
   3.7099660e+06   3.2653809e+01
   3.7100460e+06   3.3203125e+01
   3.7215390e+06   3.2836914e+01
   3.7588270e+06   3.6132813e+01
   3.7589440e+06   3.2592773e+01
   3.8254240e+06   3.2043457e+01
   3.8982150e+06   3.3630371e+01
   3.8986510e+06   3.3569336e+01
   4.3883150e+06   3.2409668e+01
   4.4242800e+06   3.3874512e+01
   4.4243110e+06   3.2897949e+01
   4.4462740e+06   3.8757324e+01
   4.4466230e+06   3.2897949e+01
   4.4906760e+06   3.1677246e+01
   4.5419530e+06   3.2043457e+01
   4.6381630e+06   3.4423828e+01
   4.6387210e+06   3.6193848e+01
   4.6676730e+06   3.3325195e+01
   4.8448700e+06   3.1921387e+01
   4.9240480e+06   3.5583496e+01
   4.9388400e+06   3.3081055e+01
   4.9703650e+06   3.2836914e+01
   5.0658850e+06   3.4240723e+01
   5.1536530e+06   3.5827637e+01
   5.2052780e+06   3.1677246e+01
   5.2402320e+06   3.4118652e+01
   5.2998060e+06   3.4667969e+01
   5.4243440e+06   3.3630371e+01
   6.2474850e+06   3.4057617e+01
   6.5937710e+06   3.5949707e+01
   6.6020010e+06   3.2836914e+01
   6.6223370e+06   3.4423828e+01
   6.6388060e+06   3.7841797e+01
   6.6388510e+06   3.5644531e+01
   6.6461130e+06   3.3630371e+01
   6.6610380e+06   3.2592773e+01
   6.7211580e+06   3.7536621e+01
   6.7482330e+06   4.1625977e+01
   6.7719970e+06   3.6010742e+01
   6.7724460e+06   3.2043457e+01
   6.8334030e+06   3.3081055e+01
   6.9696880e+06   3.1738281e+01
   7.2995360e+06   3.4240723e+01
   7.3261700e+06   3.4362793e+01
   7.3353870e+06   3.2165527e+01
   7.3802750e+06   3.2897949e+01
   7.5578030e+06   3.2165527e+01
   8.2772250e+06   3.2775879e+01
   8.2900870e+06   3.7536621e+01
   8.3197220e+06   3.2043457e+01
   8.3201650e+06   3.3691406e+01
   8.3579900e+06   3.9672852e+01
   8.3651430e+06   3.4179688e+01
   8.3833070e+06   3.3813477e+01
   8.3916770e+06   3.2226563e+01
   8.4768550e+06   3.1677246e+01
   8.4907510e+06   3.3020020e+01
   8.5583710e+06   3.3325195e+01
   8.5584920e+06   3.3447266e+01
   8.5813830e+06   3.5522461e+01
   8.5960400e+06   3.2348633e+01
   8.6832370e+06   3.2287598e+01
   8.9421410e+06   3.3081055e+01
   8.9884550e+06   3.2958984e+01
   1.0219658e+07   3.2592773e+01
   1.0232755e+07   3.4423828e+01
   1.0283235e+07   3.4606934e+01
   1.0295873e+07   3.2592773e+01
   1.0390517e+07   3.3447266e+01
   1.0426204e+07   3.3386230e+01
   1.0426273e+07   3.4240723e+01
   1.0603173e+07   3.4240723e+01
   1.0609084e+07   3.4179688e+01
   1.0710133e+07   3.3447266e+01
