   1.1996000e+07   0.0000000e+00
   2.1102700e+05   4.1687012e+01
   2.1105000e+05   3.5034180e+01
   2.1106400e+05   3.7048340e+01
   2.1123900e+05   4.2663574e+01
   2.1125500e+05   3.6743164e+01
   2.1133000e+05   4.1442871e+01
   2.1232900e+05   3.4057617e+01
   2.1253300e+05   3.5705566e+01
   2.1277000e+05   3.3935547e+01
   2.1298600e+05   3.8574219e+01
   2.1375800e+05   3.4057617e+01
   2.1435100e+05   3.4179688e+01
   2.1497700e+05   3.4118652e+01
   2.6089200e+05   3.3447266e+01
   2.6141000e+05   3.3996582e+01
   2.6658200e+05   3.3386230e+01
   2.6895000e+05   3.7231445e+01
   2.8053100e+05   3.3142090e+01
   3.1780700e+05   3.4973145e+01
   3.7798300e+05   3.3508301e+01
   3.7902200e+05   3.6437988e+01
   3.7918300e+05   3.4484863e+01
   3.7920100e+05   3.4729004e+01
   3.7933000e+05   4.2846680e+01
   3.7937900e+05   4.4982910e+01
   3.7942200e+05   3.5522461e+01
   3.8046300e+05   3.8024902e+01
   3.8067100e+05   3.6865234e+01
   3.8119800e+05   3.6071777e+01
   3.8819800e+05   3.7353516e+01
   3.8944400e+05   3.3874512e+01
   4.0562400e+05   3.3508301e+01
   4.0610800e+05   3.5339355e+01
   4.1829500e+05   3.3325195e+01
   4.1882100e+05   3.3569336e+01
   4.2644200e+05   3.3264160e+01
   4.2647900e+05   3.5156250e+01
   4.2652700e+05   4.0161133e+01
   4.2655300e+05   3.4362793e+01
   4.3155100e+05   4.6508789e+01
   4.3216600e+05   3.5644531e+01
   4.3766900e+05   3.6376953e+01
   4.3829000e+05   3.7048340e+01
   4.3883600e+05   3.7719727e+01
   4.3895600e+05   3.3325195e+01
   4.3915600e+05   3.4057617e+01
   4.5116900e+05   3.3569336e+01
   4.5126100e+05   3.3386230e+01
   4.5164500e+05   3.7353516e+01
   4.5178100e+05   3.5400391e+01
   4.5198500e+05   3.3874512e+01
   4.5211900e+05   3.7719727e+01
   4.5222600e+05   4.2785645e+01
   4.6357100e+05   3.3386230e+01
   4.6974600e+05   3.3691406e+01
   4.7514100e+05   3.5339355e+01
   4.8071000e+05   3.4729004e+01
   4.8643900e+05   3.6071777e+01
   4.8651200e+05   3.5095215e+01
   5.1369600e+05   4.3457031e+01
   5.1388200e+05   3.4667969e+01
   5.2259800e+05   3.4912109e+01
   5.3202800e+05   3.7048340e+01
   5.3218300e+05   3.5766602e+01
   5.4702400e+05   3.3386230e+01
   5.4727700e+05   3.4118652e+01
   5.4752200e+05   3.9123535e+01
   5.6833400e+05   3.6071777e+01
   5.9132900e+05   3.4606934e+01
   5.9154000e+05   3.3691406e+01
   5.9193900e+05   3.3630371e+01
   6.0907100e+05   3.8330078e+01
   6.0955500e+05   3.3813477e+01
   6.0978600e+05   3.3386230e+01
   6.0991000e+05   3.3996582e+01
   6.2063000e+05   3.3813477e+01
   6.3218300e+05   3.3142090e+01
   6.4335900e+05   3.6193848e+01
   6.5684100e+05   3.4729004e+01
   6.5784500e+05   3.5461426e+01
   6.5788600e+05   3.5888672e+01
   6.5819700e+05   3.4179688e+01
   6.6996200e+05   3.5583496e+01
   6.8010600e+05   3.5339355e+01
   7.3273100e+05   3.9428711e+01
   7.4772900e+05   3.4057617e+01
   7.5200400e+05   3.5644531e+01
   7.5336300e+05   3.6132813e+01
   8.2055600e+05   3.3935547e+01
   8.4386000e+05   3.4423828e+01
   9.1880900e+05   3.3386230e+01
   9.2691600e+05   3.4179688e+01
   9.5278800e+05   3.5583496e+01
   9.7792100e+05   3.7658691e+01
   9.8307400e+05   3.8085938e+01
   9.8311100e+05   3.3874512e+01
   9.8313700e+05   3.7536621e+01
   9.8320000e+05   3.4057617e+01
   9.8323400e+05   3.3691406e+01
   9.8329400e+05   4.3334961e+01
   9.8332900e+05   4.1564941e+01
   9.8346800e+05   3.3935547e+01
   9.8392600e+05   3.3630371e+01
   9.8420800e+05   3.3508301e+01
   9.8453000e+05   3.4423828e+01
   9.8519200e+05   3.7963867e+01
   9.8590800e+05   3.5339355e+01
   1.0408040e+06   3.3386230e+01
   1.2679860e+06   4.3029785e+01
   1.2679960e+06   3.6560059e+01
   1.2681580e+06   4.3395996e+01
   1.2682110e+06   3.6437988e+01
   1.2682400e+06   3.3386230e+01
   1.2685670e+06   3.3874512e+01
   1.2698530e+06   3.8574219e+01
   1.2703410e+06   3.4973145e+01
   1.2709530e+06   3.7109375e+01
   1.3535130e+06   4.0039063e+01
   1.3535880e+06   5.5664063e+01
   1.3536090e+06   3.4057617e+01
   1.3536680e+06   3.6621094e+01
   1.3536890e+06   3.9672852e+01
   1.3537150e+06   3.5827637e+01
   1.3537650e+06   3.7170410e+01
   1.3538900e+06   3.7536621e+01
   1.3539870e+06   3.5339355e+01
   1.3540650e+06   3.6376953e+01
   1.3545090e+06   3.6987305e+01
   1.3548160e+06   3.3874512e+01
   1.3551370e+06   3.4423828e+01
   1.3562450e+06   3.3691406e+01
   1.3573670e+06   3.3569336e+01
   1.3646270e+06   3.3447266e+01
   1.3736940e+06   3.3508301e+01
   1.3895980e+06   3.9001465e+01
   1.3896170e+06   4.0649414e+01
   1.3896660e+06   3.6499023e+01
   1.3898400e+06   3.3325195e+01
   1.3901530e+06   4.0405273e+01
   1.3907570e+06   3.5339355e+01
   1.3912810e+06   3.8330078e+01
   1.4025270e+06   3.9489746e+01
   1.4051070e+06   3.7353516e+01
   1.4108460e+06   3.5034180e+01
   1.4293170e+06   3.3935547e+01
   1.4294990e+06   3.3935547e+01
   1.4295630e+06   3.7109375e+01
   1.4296260e+06   3.3874512e+01
   1.4298600e+06   3.6315918e+01
   1.4299230e+06   3.7719727e+01
   1.4303290e+06   3.3203125e+01
   1.4304560e+06   3.4606934e+01
   1.4317820e+06   3.6865234e+01
   1.4523510e+06   4.2358398e+01
   1.4843150e+06   3.6071777e+01
   1.4932010e+06   3.4057617e+01
   1.4934250e+06   3.3264160e+01
   1.4941550e+06   3.5827637e+01
   1.5010060e+06   3.5583496e+01
   1.5249470e+06   3.4301758e+01
   1.5252280e+06   3.9916992e+01
   1.5495190e+06   3.4973145e+01
   1.5569350e+06   3.4790039e+01
   1.5654890e+06   3.3386230e+01
   1.5773560e+06   3.5461426e+01
   1.5773830e+06   3.3691406e+01
   1.5774320e+06   3.3264160e+01
   1.5778670e+06   3.5156250e+01
   1.5782190e+06   3.4179688e+01
   1.5855170e+06   3.6804199e+01
   1.5918270e+06   3.4606934e+01
   1.5918520e+06   3.4179688e+01
   1.5919540e+06   4.1015625e+01
   1.5922080e+06   3.4362793e+01
   1.6135560e+06   3.6071777e+01
   1.6325300e+06   3.4545898e+01
   1.6484530e+06   3.8208008e+01
   1.6838100e+06   3.9367676e+01
   1.6984900e+06   3.3752441e+01
   1.7422740e+06   3.6865234e+01
   1.7422840e+06   3.3508301e+01
   1.7424700e+06   3.6682129e+01
   1.7425440e+06   3.4118652e+01
   1.7425840e+06   3.3691406e+01
   1.7426120e+06   3.6865234e+01
   1.7426450e+06   3.7902832e+01
   1.7426810e+06   4.3212891e+01
   1.7427160e+06   3.5400391e+01
   1.7427880e+06   3.9428711e+01
   1.7428300e+06   3.3569336e+01
   1.7428730e+06   3.3569336e+01
   1.7430610e+06   3.3203125e+01
   1.7439840e+06   3.7597656e+01
   1.7668430e+06   3.4606934e+01
   1.7763340e+06   3.4912109e+01
   1.8264200e+06   3.5217285e+01
   1.8373410e+06   3.3325195e+01
   1.8393730e+06   3.3752441e+01
   1.8395240e+06   3.7597656e+01
   1.8589990e+06   3.6010742e+01
   1.8658070e+06   3.3691406e+01
   1.8736140e+06   4.4738770e+01
   1.8792490e+06   3.5583496e+01
   1.8838370e+06   3.3508301e+01
   1.8939860e+06   3.4545898e+01
   1.8942250e+06   3.3386230e+01
   1.8944230e+06   3.9367676e+01
   1.8945900e+06   3.6315918e+01
   1.8947860e+06   4.4799805e+01
   1.8948230e+06   3.7292480e+01
   1.8948850e+06   3.3996582e+01
   1.8949440e+06   3.5034180e+01
   1.8950720e+06   3.5827637e+01
   1.9351060e+06   3.3752441e+01
   1.9472930e+06   3.5827637e+01
   1.9532250e+06   3.3691406e+01
   1.9534120e+06   3.3386230e+01
   1.9534320e+06   3.5278320e+01
   1.9585210e+06   3.3203125e+01
   1.9635360e+06   3.7292480e+01
   1.9637460e+06   3.3813477e+01
   1.9700890e+06   3.3874512e+01
   1.9755170e+06   3.4851074e+01
   1.9762380e+06   3.9184570e+01
   2.0054540e+06   3.5949707e+01
   2.0054770e+06   3.3447266e+01
   2.0101200e+06   3.9367676e+01
   2.0103760e+06   3.3203125e+01
   2.0208950e+06   3.7353516e+01
   2.0210410e+06   3.3813477e+01
   2.0211500e+06   3.9245605e+01
   2.0324310e+06   3.4179688e+01
   2.0519760e+06   3.5461426e+01
   2.0523650e+06   3.6071777e+01
   2.0577500e+06   3.4973145e+01
   2.0648090e+06   3.5949707e+01
   2.0756800e+06   3.3203125e+01
   2.0757460e+06   3.3447266e+01
   2.0811130e+06   3.3203125e+01
   2.0814850e+06   3.4545898e+01
   2.0873920e+06   3.3264160e+01
   2.1002910e+06   3.4790039e+01
   2.1060190e+06   3.6987305e+01
   2.1130210e+06   3.5217285e+01
   2.1131620e+06   4.0466309e+01
   2.1189490e+06   3.3935547e+01
   2.1257620e+06   3.5888672e+01
   2.1318660e+06   3.3142090e+01
   2.1385910e+06   3.8635254e+01
   2.1388010e+06   3.3325195e+01
   2.1442020e+06   4.1015625e+01
   2.1448430e+06   3.8940430e+01
   2.1502650e+06   3.5583496e+01
   2.1506030e+06   3.4057617e+01
   2.1570730e+06   3.7353516e+01
   2.1573090e+06   3.5400391e+01
   2.1642260e+06   3.4179688e+01
   2.1642660e+06   3.4179688e+01
   2.1643210e+06   3.4057617e+01
   2.1643590e+06   3.5400391e+01
   2.1790170e+06   4.3273926e+01
   2.1885810e+06   3.3142090e+01
   2.1942220e+06   3.4118652e+01
   2.1944530e+06   3.3996582e+01
   2.1958130e+06   3.6132813e+01
   2.2017580e+06   3.4423828e+01
   2.2018500e+06   3.3386230e+01
   2.2025390e+06   3.3935547e+01
   2.2027620e+06   3.4118652e+01
   2.2122530e+06   3.7048340e+01
   2.2253090e+06   3.6987305e+01
   2.2254120e+06   3.4301758e+01
   2.2256930e+06   3.4790039e+01
   2.2312800e+06   3.4423828e+01
   2.2314950e+06   3.3447266e+01
   2.2408450e+06   3.4423828e+01
   2.2416160e+06   3.3752441e+01
   2.2462820e+06   4.0161133e+01
   2.2465810e+06   3.3447266e+01
   2.2581970e+06   3.4118652e+01
   2.2582910e+06   3.4851074e+01
   2.2663630e+06   3.4606934e+01
   2.2665110e+06   4.0405273e+01
   2.2668130e+06   3.3325195e+01
   2.2730880e+06   3.4301758e+01
   2.2809970e+06   3.6621094e+01
   2.2810790e+06   3.4729004e+01
   2.2974170e+06   3.8024902e+01
   2.2977310e+06   3.6071777e+01
   2.3071320e+06   3.3142090e+01
   2.3133690e+06   3.4057617e+01
   2.3138740e+06   3.4973145e+01
   2.3178180e+06   3.3691406e+01
   2.3223200e+06   3.5400391e+01
   2.3223500e+06   3.4118652e+01
   2.3223890e+06   3.3752441e+01
   2.3314510e+06   3.3447266e+01
   2.3314890e+06   3.9001465e+01
   2.3413950e+06   3.4362793e+01
   2.3465150e+06   3.3447266e+01
   2.3466030e+06   3.4240723e+01
   2.3710600e+06   3.6010742e+01
   2.3774850e+06   3.4606934e+01
   2.3778980e+06   3.3325195e+01
   2.3902690e+06   3.3203125e+01
   2.3907920e+06   3.3264160e+01
   2.3959650e+06   3.8269043e+01
   2.4009770e+06   3.8024902e+01
   2.4061700e+06   3.6315918e+01
   2.4118340e+06   3.4851074e+01
   2.4118630e+06   3.6499023e+01
   2.4193510e+06   3.6071777e+01
   2.4197590e+06   3.5583496e+01
   2.4265530e+06   3.7719727e+01
   2.4333540e+06   3.3325195e+01
   2.4403470e+06   4.1809082e+01
   2.4459900e+06   4.3762207e+01
   2.4521330e+06   3.8452148e+01
   2.4525430e+06   3.5888672e+01
   2.4589170e+06   3.3508301e+01
   2.4663330e+06   3.3569336e+01
   2.4664260e+06   3.4179688e+01
   2.4669700e+06   3.4301758e+01
   2.4735340e+06   3.4240723e+01
   2.4735510e+06   3.7353516e+01
   2.4805100e+06   3.3691406e+01
   2.4960280e+06   3.6865234e+01
   2.5030920e+06   3.4667969e+01
   2.5031590e+06   3.3447266e+01
   2.5031830e+06   3.3447266e+01
   2.5096630e+06   3.9978027e+01
   2.5171960e+06   3.4301758e+01
   2.5250200e+06   3.4729004e+01
   2.5318620e+06   3.3447266e+01
   2.5475190e+06   3.4484863e+01
   2.5563920e+06   3.9672852e+01
   2.5565630e+06   3.4057617e+01
   2.5565910e+06   3.4179688e+01
   2.5671070e+06   3.6071777e+01
   2.5836870e+06   3.3874512e+01
   2.6127230e+06   3.3325195e+01
   2.6259380e+06   3.6743164e+01
   2.6345860e+06   3.3630371e+01
   2.6721350e+06   3.4667969e+01
   2.7023990e+06   3.4057617e+01
   2.7609790e+06   3.4912109e+01
   2.7610090e+06   3.9916992e+01
   2.7610890e+06   3.4790039e+01
   2.7612230e+06   3.4545898e+01
   2.7612980e+06   3.3386230e+01
   2.7615500e+06   3.3630371e+01
   2.7616150e+06   3.7414551e+01
   2.7617070e+06   3.4484863e+01
   2.7617300e+06   3.6560059e+01
   2.7623860e+06   3.3264160e+01
   2.7625430e+06   3.9978027e+01
   2.7632200e+06   3.6193848e+01
   2.8683740e+06   3.3264160e+01
   2.9938500e+06   3.4667969e+01
   3.1410960e+06   3.4606934e+01
   3.1577680e+06   3.4667969e+01
   3.1578560e+06   4.1931152e+01
   3.1580230e+06   3.9367676e+01
   3.1580600e+06   3.6987305e+01
   3.1582580e+06   3.3142090e+01
   3.1582710e+06   3.3142090e+01
   3.1583120e+06   3.6804199e+01
   3.1588770e+06   3.4423828e+01
   3.1594490e+06   3.4729004e+01
   3.1594890e+06   3.4973145e+01
   3.1597720e+06   3.5278320e+01
   3.2039250e+06   3.3996582e+01
   3.2147910e+06   3.5583496e+01
   3.2929680e+06   3.3142090e+01
   3.3531870e+06   3.4057617e+01
   3.3532200e+06   3.3386230e+01
   3.3532940e+06   3.8391113e+01
   3.3533570e+06   3.5461426e+01
   3.3533880e+06   3.3203125e+01
   3.3534090e+06   3.4362793e+01
   3.3534880e+06   3.6682129e+01
   3.3535620e+06   3.4118652e+01
   3.3548160e+06   3.4484863e+01
   3.3548660e+06   3.4423828e+01
   3.4407820e+06   3.7536621e+01
   3.5130140e+06   3.4667969e+01
   3.6070970e+06   3.3447266e+01
   3.6071380e+06   4.6997070e+01
   3.6072380e+06   4.3579102e+01
   3.6072680e+06   3.5095215e+01
   3.6074060e+06   3.5644531e+01
   3.6074340e+06   3.4057617e+01
   3.6090190e+06   3.8940430e+01
   3.6161320e+06   3.5339355e+01
   3.6168520e+06   3.7292480e+01
   3.6172810e+06   3.4851074e+01
   3.6179600e+06   3.7780762e+01
   3.6318220e+06   3.6743164e+01
   3.6319850e+06   3.8513184e+01
   3.6322230e+06   4.1320801e+01
   3.6324650e+06   3.5827637e+01
   3.6325740e+06   3.3325195e+01
   3.6555690e+06   3.5827637e+01
   3.6619970e+06   3.3874512e+01
   3.6683120e+06   4.4799805e+01
   3.6690130e+06   3.3508301e+01
   3.6694110e+06   3.4606934e+01
   3.6759570e+06   3.6987305e+01
   3.6819930e+06   3.3142090e+01
   3.6826710e+06   3.3691406e+01
   3.6827870e+06   3.6682129e+01
   3.6829270e+06   3.3569336e+01
   3.6956410e+06   3.3447266e+01
   3.6957880e+06   3.5339355e+01
   3.6959930e+06   3.6132813e+01
   3.6961540e+06   3.6071777e+01
   3.6962010e+06   3.5827637e+01
   3.6964490e+06   3.6926270e+01
   3.7099320e+06   3.4179688e+01
   3.7100850e+06   3.3630371e+01
   3.7103500e+06   3.3386230e+01
   3.7108790e+06   3.4057617e+01
   3.7110270e+06   3.3935547e+01
   3.7157290e+06   3.6010742e+01
   3.7215640e+06   3.5583496e+01
   3.7220050e+06   3.4729004e+01
   3.7297780e+06   3.6315918e+01
   3.7298570e+06   3.4912109e+01
   3.7300160e+06   3.7414551e+01
   3.7436140e+06   3.4606934e+01
   3.7437550e+06   3.5095215e+01
   3.7439970e+06   3.4545898e+01
   3.7443620e+06   3.5827637e+01
   3.7589240e+06   3.8513184e+01
   3.7598480e+06   3.4118652e+01
   3.7599110e+06   3.3325195e+01
   3.7910070e+06   3.5522461e+01
   3.7910810e+06   4.8217773e+01
   3.8071110e+06   3.3386230e+01
   3.8072620e+06   3.4545898e+01
   3.8252060e+06   3.5705566e+01
   3.8253890e+06   4.1381836e+01
   3.8261390e+06   3.3508301e+01
   3.8455330e+06   3.3203125e+01
   3.8548440e+06   3.3691406e+01
   3.8662810e+06   3.3325195e+01
   3.8832930e+06   3.9123535e+01
   3.8984250e+06   4.1442871e+01
   3.8985960e+06   4.0344238e+01
   3.8987380e+06   3.3386230e+01
   3.8987530e+06   3.6804199e+01
   3.8987970e+06   3.4057617e+01
   3.8989290e+06   3.6621094e+01
   3.8989880e+06   3.4729004e+01
   3.8991520e+06   3.8879395e+01
   3.8992660e+06   3.4362793e+01
   3.8993530e+06   3.6987305e+01
   3.8994000e+06   3.6132813e+01
   4.0678200e+06   3.4057617e+01
   4.1997210e+06   3.3569336e+01
   4.2195560e+06   3.3386230e+01
   4.2239500e+06   3.3630371e+01
   4.2373960e+06   3.3630371e+01
   4.2683420e+06   3.6499023e+01
   4.3243620e+06   3.3813477e+01
   4.3529890e+06   3.5339355e+01
   4.3881610e+06   3.4729004e+01
   4.3882210e+06   3.9550781e+01
   4.3882910e+06   4.1809082e+01
   4.3883440e+06   5.0537109e+01
   4.3884530e+06   3.3386230e+01
   4.3885860e+06   4.4250488e+01
   4.3891620e+06   3.4729004e+01
   4.3903430e+06   3.3691406e+01
   4.3974140e+06   3.4362793e+01
   4.4066050e+06   3.3386230e+01
   4.4071840e+06   3.4423828e+01
   4.4072290e+06   3.9001465e+01
   4.4072390e+06   3.7597656e+01
   4.4073130e+06   3.6437988e+01
   4.4074250e+06   3.5705566e+01
   4.4074920e+06   4.4860840e+01
   4.4243050e+06   4.2541504e+01
   4.4250000e+06   3.5827637e+01
   4.4251220e+06   3.8146973e+01
   4.4251620e+06   3.9489746e+01
   4.4464210e+06   3.4606934e+01
   4.4467340e+06   3.9916992e+01
   4.4469320e+06   3.3447266e+01
   4.4470170e+06   3.5644531e+01
   4.4472330e+06   3.3569336e+01
   4.4473600e+06   3.5644531e+01
   4.4474190e+06   3.7292480e+01
   4.4485790e+06   3.3630371e+01
   4.4644830e+06   3.9489746e+01
   4.4812820e+06   3.4790039e+01
   4.4816400e+06   4.0527344e+01
   4.4916290e+06   3.3447266e+01
   4.5008430e+06   3.3752441e+01
   4.5009890e+06   3.6987305e+01
   4.5011980e+06   3.4057617e+01
   4.5017700e+06   3.3569336e+01
   4.5024260e+06   3.4667969e+01
   4.5225420e+06   3.4057617e+01
   4.5227650e+06   4.4921875e+01
   4.5228340e+06   3.6437988e+01
   4.5231000e+06   3.5339355e+01
   4.5234810e+06   4.6875000e+01
   4.5238030e+06   3.3508301e+01
   4.5316540e+06   3.4667969e+01
   4.5418630e+06   3.3813477e+01
   4.5419590e+06   3.7597656e+01
   4.5420230e+06   3.5888672e+01
   4.5421590e+06   3.7719727e+01
   4.5422910e+06   3.3203125e+01
   4.5424860e+06   3.6437988e+01
   4.5429730e+06   3.5461426e+01
   4.5572720e+06   3.3203125e+01
   4.5576280e+06   3.4851074e+01
   4.5650000e+06   3.4301758e+01
   4.5707120e+06   3.9062500e+01
   4.5795020e+06   3.4729004e+01
   4.5797340e+06   3.6682129e+01
   4.5802200e+06   3.3325195e+01
   4.5802970e+06   3.6560059e+01
   4.5805090e+06   3.3325195e+01
   4.5877480e+06   3.4790039e+01
   4.5931080e+06   3.6865234e+01
   4.5991720e+06   4.1625977e+01
   4.5992490e+06   3.4057617e+01
   4.5994590e+06   3.4545898e+01
   4.6061790e+06   3.3996582e+01
   4.6063340e+06   4.3823242e+01
   4.6144830e+06   3.5888672e+01
   4.6145740e+06   3.5034180e+01
   4.6147620e+06   3.5705566e+01
   4.6150010e+06   3.5095215e+01
   4.6229710e+06   3.3264160e+01
   4.6294590e+06   3.9550781e+01
   4.6383430e+06   3.6254883e+01
   4.6384350e+06   4.6447754e+01
   4.6596380e+06   3.4851074e+01
   4.6761410e+06   3.3935547e+01
   4.6841530e+06   3.3813477e+01
   4.6914070e+06   3.4790039e+01
   4.6916040e+06   3.3752441e+01
   4.7018440e+06   3.5888672e+01
   4.7209430e+06   3.3935547e+01
   4.7347560e+06   3.7048340e+01
   4.7491600e+06   3.3325195e+01
   4.7492610e+06   3.4301758e+01
   4.7493390e+06   4.1503906e+01
   4.7497480e+06   3.5949707e+01
   4.7754280e+06   4.4433594e+01
   4.8195790e+06   3.6926270e+01
   4.8284850e+06   3.3142090e+01
   4.8449480e+06   3.3874512e+01
   4.8452750e+06   4.2236328e+01
   4.8629810e+06   3.4118652e+01
   4.8719090e+06   3.5156250e+01
   4.9051310e+06   3.4790039e+01
   4.9238730e+06   3.3325195e+01
   4.9384740e+06   3.5217285e+01
   4.9387760e+06   3.6437988e+01
   4.9390960e+06   3.4362793e+01
   4.9391190e+06   3.3630371e+01
   4.9397260e+06   3.3447266e+01
   4.9489490e+06   3.3691406e+01
   4.9785470e+06   3.4790039e+01
   5.0003130e+06   3.5583496e+01
   5.0113820e+06   3.6437988e+01
   5.0180020e+06   4.0161133e+01
   5.0180900e+06   3.4912109e+01
   5.0182220e+06   3.3691406e+01
   5.0183950e+06   3.7475586e+01
   5.0185200e+06   3.3691406e+01
   5.0269120e+06   3.6987305e+01
   5.0313890e+06   3.8940430e+01
   5.0351630e+06   3.8024902e+01
   5.0352930e+06   4.7729492e+01
   5.0354520e+06   3.7719727e+01
   5.0354910e+06   3.4851074e+01
   5.0493530e+06   4.1503906e+01
   5.0495130e+06   3.3569336e+01
   5.0496130e+06   3.8330078e+01
   5.0496380e+06   3.5034180e+01
   5.0497770e+06   3.5888672e+01
   5.0500270e+06   3.4545898e+01
   5.0501050e+06   3.7536621e+01
   5.0510120e+06   3.5034180e+01
   5.0604010e+06   3.5278320e+01
   5.0607050e+06   3.4362793e+01
   5.0657560e+06   3.3142090e+01
   5.0657840e+06   3.3203125e+01
   5.0663740e+06   3.4545898e+01
   5.0795950e+06   4.3823242e+01
   5.0935840e+06   3.5522461e+01
   5.0984680e+06   3.3142090e+01
   5.1063680e+06   4.1381836e+01
   5.1190860e+06   3.4301758e+01
   5.1264270e+06   3.6071777e+01
   5.1353360e+06   3.4240723e+01
   5.1490300e+06   3.3325195e+01
   5.1532730e+06   3.4118652e+01
   5.1582640e+06   3.9794922e+01
   5.1583270e+06   3.5461426e+01
   5.1583760e+06   3.7353516e+01
   5.1752820e+06   3.5278320e+01
   5.1787990e+06   3.5583496e+01
   5.1831970e+06   3.3752441e+01
   5.1934970e+06   3.7780762e+01
   5.1984230e+06   3.3386230e+01
   5.1988850e+06   3.3447266e+01
   5.2052170e+06   3.3508301e+01
   5.2059200e+06   3.6560059e+01
   5.2113990e+06   3.3447266e+01
   5.2343760e+06   3.4545898e+01
   5.2345210e+06   3.7109375e+01
   5.2345520e+06   3.6254883e+01
   5.2346200e+06   3.3264160e+01
   5.2402600e+06   3.9123535e+01
   5.2463160e+06   3.3325195e+01
   5.2527900e+06   3.4301758e+01
   5.2630740e+06   3.7780762e+01
   5.2684120e+06   3.7231445e+01
   5.2801180e+06   3.5644531e+01
   5.2864750e+06   3.7231445e+01
   5.2932210e+06   3.5339355e+01
   5.2932570e+06   3.4729004e+01
   5.2935660e+06   3.6987305e+01
   5.2936890e+06   3.6437988e+01
   5.3001730e+06   3.7963867e+01
   5.3132410e+06   4.0405273e+01
   5.3206200e+06   3.4179688e+01
   5.3207570e+06   3.5156250e+01
   5.3273230e+06   3.7536621e+01
   5.3476130e+06   3.3996582e+01
   5.3477260e+06   3.3691406e+01
   5.3547360e+06   3.4423828e+01
   5.3551050e+06   4.0039063e+01
   5.3609270e+06   3.4240723e+01
   5.3741660e+06   3.3813477e+01
   5.3742950e+06   3.3630371e+01
   5.3826640e+06   3.5217285e+01
   5.3827530e+06   3.5461426e+01
   5.3827880e+06   3.5888672e+01
   5.3829480e+06   3.6743164e+01
   5.3911520e+06   3.4973145e+01
   5.3983330e+06   4.2602539e+01
   5.4070090e+06   3.4790039e+01
   5.4071150e+06   3.4484863e+01
   5.4241820e+06   3.3447266e+01
   5.4423460e+06   3.7841797e+01
   5.4434180e+06   3.5156250e+01
   5.4629390e+06   3.5278320e+01
   5.4727440e+06   3.4973145e+01
   5.4731390e+06   3.4545898e+01
   5.4825010e+06   3.4240723e+01
   5.4938440e+06   3.4179688e+01
   5.4945510e+06   3.4729004e+01
   5.5085960e+06   3.6315918e+01
   5.5246640e+06   3.3264160e+01
   5.5247700e+06   3.4057617e+01
   5.5372450e+06   3.3142090e+01
   5.5375540e+06   3.3691406e+01
   5.5376350e+06   3.5156250e+01
   5.5674450e+06   3.5522461e+01
   5.7547970e+06   3.5217285e+01
   5.8446010e+06   3.5644531e+01
   5.9254740e+06   3.3142090e+01
   6.0308070e+06   3.4973145e+01
   6.0657950e+06   3.6560059e+01
   6.1798420e+06   3.3508301e+01
   6.2476730e+06   3.3264160e+01
   6.2477040e+06   4.0527344e+01
   6.2478470e+06   3.4118652e+01
   6.2479800e+06   3.4301758e+01
   6.2482660e+06   3.6010742e+01
   6.2491150e+06   3.4973145e+01
   6.2496320e+06   3.4118652e+01
   6.2497230e+06   4.6142578e+01
   6.2504440e+06   3.7597656e+01
   6.3087180e+06   3.3447266e+01
   6.3994300e+06   3.3935547e+01
   6.4126820e+06   3.5034180e+01
   6.4856750e+06   3.5278320e+01
   6.4949320e+06   3.7231445e+01
   6.4950230e+06   3.4179688e+01
   6.4950920e+06   3.5888672e+01
   6.4951130e+06   3.5705566e+01
   6.4951330e+06   3.6254883e+01
   6.4951550e+06   3.3264160e+01
   6.4951820e+06   3.7414551e+01
   6.4953030e+06   3.9367676e+01
   6.4954660e+06   4.2358398e+01
   6.4965580e+06   3.4790039e+01
   6.4974100e+06   3.6926270e+01
   6.5079320e+06   3.9978027e+01
   6.5079630e+06   3.7719727e+01
   6.5079990e+06   3.8696289e+01
   6.5081070e+06   3.3935547e+01
   6.5081960e+06   3.6987305e+01
   6.5082300e+06   3.9428711e+01
   6.5210970e+06   3.3447266e+01
   6.5213140e+06   3.3691406e+01
   6.5216660e+06   3.3874512e+01
   6.5220140e+06   3.5766602e+01
   6.5365250e+06   3.6560059e+01
   6.5370550e+06   3.5339355e+01
   6.5552830e+06   4.0466309e+01
   6.5553150e+06   3.5949707e+01
   6.5554820e+06   3.6315918e+01
   6.5630310e+06   3.5583496e+01
   6.5631410e+06   3.5400391e+01
   6.5632170e+06   3.4423828e+01
   6.5637770e+06   3.6071777e+01
   6.5742090e+06   3.3264160e+01
   6.5807230e+06   3.3447266e+01
   6.5807530e+06   3.7780762e+01
   6.5807970e+06   3.4301758e+01
   6.5866880e+06   3.8146973e+01
   6.5936200e+06   4.1809082e+01
   6.5936410e+06   3.5705566e+01
   6.5936590e+06   3.4973145e+01
   6.5936760e+06   3.3569336e+01
   6.5938330e+06   3.6071777e+01
   6.5939330e+06   3.4973145e+01
   6.5940630e+06   3.4240723e+01
   6.5946180e+06   3.5095215e+01
   6.6022730e+06   3.3264160e+01
   6.6025570e+06   3.6193848e+01
   6.6164680e+06   3.4057617e+01
   6.6222640e+06   3.3386230e+01
   6.6224450e+06   3.6193848e+01
   6.6225440e+06   3.6376953e+01
   6.6282690e+06   3.3813477e+01
   6.6334070e+06   3.6315918e+01
   6.6386680e+06   3.4790039e+01
   6.6459620e+06   3.4484863e+01
   6.6460790e+06   3.5827637e+01
   6.6461270e+06   4.0893555e+01
   6.6461570e+06   3.4057617e+01
   6.6463640e+06   3.3386230e+01
   6.6466770e+06   3.4423828e+01
   6.6541170e+06   3.5217285e+01
   6.6545080e+06   3.3569336e+01
   6.6609980e+06   3.8391113e+01
   6.6669160e+06   3.4790039e+01
   6.6669420e+06   3.5827637e+01
   6.6670340e+06   3.3447266e+01
   6.6724460e+06   3.4790039e+01
   6.6725310e+06   3.3508301e+01
   6.6782940e+06   3.4423828e+01
   6.6783260e+06   3.5644531e+01
   6.6849570e+06   3.5217285e+01
   6.6852860e+06   3.5522461e+01
   6.6853350e+06   3.4057617e+01
   6.6916890e+06   3.5217285e+01
   6.6917460e+06   3.5583496e+01
   6.6918570e+06   3.4484863e+01
   6.6990300e+06   3.7902832e+01
   6.6991920e+06   3.5461426e+01
   6.7063870e+06   4.3151855e+01
   6.7138530e+06   3.3508301e+01
   6.7138960e+06   3.4484863e+01
   6.7139650e+06   3.7170410e+01
   6.7211660e+06   3.6865234e+01
   6.7212280e+06   3.3447266e+01
   6.7212750e+06   3.5400391e+01
   6.7273210e+06   3.3203125e+01
   6.7336710e+06   3.6315918e+01
   6.7338020e+06   3.4729004e+01
   6.7404770e+06   3.4973145e+01
   6.7404990e+06   4.0405273e+01
   6.7405860e+06   3.3935547e+01
   6.7408530e+06   3.9733887e+01
   6.7481290e+06   3.9733887e+01
   6.7481860e+06   3.4484863e+01
   6.7482310e+06   3.3691406e+01
   6.7483070e+06   3.3752441e+01
   6.7484630e+06   3.4973145e+01
   6.7561210e+06   3.4667969e+01
   6.7933070e+06   3.4606934e+01
   6.8009700e+06   3.5156250e+01
   6.8011560e+06   3.3630371e+01
   6.8078950e+06   3.6743164e+01
   6.8083990e+06   3.6437988e+01
   6.8162330e+06   4.0710449e+01
   6.8164040e+06   3.4057617e+01
   6.8245010e+06   3.7841797e+01
   6.8333650e+06   3.6132813e+01
   6.8334760e+06   3.5156250e+01
   6.8424690e+06   3.5705566e+01
   6.8427080e+06   4.0039063e+01
   6.8649550e+06   4.4128418e+01
   6.8734030e+06   3.4790039e+01
   6.8810370e+06   4.0832520e+01
   6.8872270e+06   3.5278320e+01
   6.9042410e+06   3.5827637e+01
   6.9045680e+06   3.3386230e+01
   6.9104050e+06   3.3264160e+01
   6.9107360e+06   3.3569336e+01
   6.9266190e+06   3.3996582e+01
   6.9267140e+06   3.3142090e+01
   6.9516890e+06   3.3142090e+01
   6.9692680e+06   3.5522461e+01
   6.9694230e+06   3.6193848e+01
   6.9761660e+06   3.8085938e+01
   6.9892800e+06   3.9428711e+01
   7.0056380e+06   3.6560059e+01
   7.0130110e+06   3.3447266e+01
   7.0398940e+06   3.4484863e+01
   7.0749160e+06   3.8757324e+01
   7.1034080e+06   3.3569336e+01
   7.1231540e+06   3.3203125e+01
   7.1474480e+06   3.8452148e+01
   7.1478970e+06   3.5827637e+01
   7.1668450e+06   3.5583496e+01
   7.1996650e+06   3.5827637e+01
   7.2174300e+06   3.5278320e+01
   7.2175090e+06   3.4484863e+01
   7.2176290e+06   3.7841797e+01
   7.2306010e+06   3.3325195e+01
   7.2377590e+06   3.8391113e+01
   7.2608010e+06   3.5766602e+01
   7.2745950e+06   4.2297363e+01
   7.2751230e+06   3.4057617e+01
   7.2995620e+06   3.3325195e+01
   7.3002210e+06   3.5522461e+01
   7.3002660e+06   3.4973145e+01
   7.3271860e+06   3.3386230e+01
   7.3352910e+06   3.4118652e+01
   7.3356700e+06   3.9489746e+01
   7.3799870e+06   3.5766602e+01
   7.3874940e+06   3.3142090e+01
   7.3950830e+06   3.3386230e+01
   7.3952130e+06   3.3752441e+01
   7.4065280e+06   3.4912109e+01
   7.4066190e+06   3.6132813e+01
   7.4074850e+06   3.5339355e+01
   7.4264170e+06   3.5400391e+01
   7.4370070e+06   3.3325195e+01
   7.4371260e+06   3.4973145e+01
   7.4475690e+06   3.3325195e+01
   7.4575580e+06   4.2724609e+01
   7.4580830e+06   3.7719727e+01
   7.4929340e+06   3.3874512e+01
   7.5082830e+06   3.4545898e+01
   7.5083340e+06   3.5827637e+01
   7.5093950e+06   3.4362793e+01
   7.5096760e+06   4.1320801e+01
   7.7146070e+06   3.5705566e+01
   7.7961150e+06   3.4606934e+01
   7.8593510e+06   3.4362793e+01
   7.8702170e+06   3.3996582e+01
   7.9827180e+06   3.4057617e+01
   7.9944880e+06   3.4484863e+01
   8.2359470e+06   3.3325195e+01
   8.2360690e+06   3.3447266e+01
   8.2362220e+06   4.0527344e+01
   8.2362380e+06   3.7353516e+01
   8.2363060e+06   3.4362793e+01
   8.2363460e+06   3.4484863e+01
   8.2364700e+06   3.4851074e+01
   8.2365220e+06   3.9001465e+01
   8.2392680e+06   3.5644531e+01
   8.2480910e+06   3.7902832e+01
   8.2481810e+06   3.4484863e+01
   8.2482830e+06   4.3457031e+01
   8.2484180e+06   3.4240723e+01
   8.2484920e+06   3.8391113e+01
   8.2485100e+06   3.4912109e+01
   8.2485360e+06   4.3640137e+01
   8.2487760e+06   3.4729004e+01
   8.2489350e+06   3.6254883e+01
   8.2490340e+06   3.3691406e+01
   8.2492660e+06   3.4301758e+01
   8.2496110e+06   4.4860840e+01
   8.2500990e+06   3.5888672e+01
   8.2641540e+06   3.4362793e+01
   8.2641770e+06   3.5705566e+01
   8.2649440e+06   3.5461426e+01
   8.2900660e+06   3.6743164e+01
   8.3031740e+06   3.4973145e+01
   8.3033940e+06   3.3813477e+01
   8.3036990e+06   3.4545898e+01
   8.3037350e+06   3.6743164e+01
   8.3041420e+06   3.4118652e+01
   8.3135710e+06   3.4362793e+01
   8.3195360e+06   3.3996582e+01
   8.3197920e+06   3.3447266e+01
   8.3199120e+06   3.5583496e+01
   8.3201690e+06   3.4545898e+01
   8.3376060e+06   4.0649414e+01
   8.3684170e+06   3.3691406e+01
   8.3687290e+06   3.6071777e+01
   8.3755690e+06   3.3752441e+01
   8.3759710e+06   3.5583496e+01
   8.3857290e+06   3.5339355e+01
   8.3995240e+06   3.5339355e+01
   8.3996790e+06   3.4179687e+01
   8.3997180e+06   3.3142090e+01
   8.3998970e+06   3.3508301e+01
   8.4091270e+06   3.4790039e+01
   8.4091560e+06   3.6743164e+01
   8.4091980e+06   3.4179688e+01
   8.4095120e+06   4.6325684e+01
   8.4189630e+06   3.6132813e+01
   8.4190870e+06   3.3325195e+01
   8.4192310e+06   4.1198730e+01
   8.4194630e+06   3.6071777e+01
   8.4196380e+06   3.3874512e+01
   8.4344970e+06   3.7109375e+01
   8.4427530e+06   3.6499023e+01
   8.4428190e+06   3.5705566e+01
   8.4430160e+06   3.6499023e+01
   8.4431820e+06   3.4973145e+01
   8.4432100e+06   3.7170410e+01
   8.4432880e+06   3.4973145e+01
   8.4565560e+06   3.3142090e+01
   8.4566420e+06   3.4545898e+01
   8.4691090e+06   3.8024902e+01
   8.4692340e+06   3.9306641e+01
   8.4695960e+06   3.3630371e+01
   8.4698790e+06   3.8208008e+01
   8.4764450e+06   3.4240723e+01
   8.4833390e+06   3.3935547e+01
   8.4910080e+06   3.4606934e+01
   8.4910770e+06   3.7902832e+01
   8.4917060e+06   3.4423828e+01
   8.4917220e+06   3.4240723e+01
   8.4919980e+06   3.4057617e+01
   8.5075200e+06   3.5156250e+01
   8.5227710e+06   3.4790039e+01
   8.5227970e+06   3.3996582e+01
   8.5307220e+06   3.3874512e+01
   8.5307910e+06   4.1564941e+01
   8.5309230e+06   3.4729004e+01
   8.5378860e+06   3.3630371e+01
   8.5582480e+06   3.6193848e+01
   8.5583730e+06   3.5766602e+01
   8.5730380e+06   3.5217285e+01
   8.5730800e+06   4.0161133e+01
   8.5731500e+06   3.7292480e+01
   8.5813610e+06   3.6132813e+01
   8.5814220e+06   3.5949707e+01
   8.5814420e+06   3.4118652e+01
   8.5815530e+06   3.6376953e+01
   8.5817330e+06   3.4118652e+01
   8.5958970e+06   3.3264160e+01
   8.6040820e+06   3.5522461e+01
   8.6114040e+06   3.7414551e+01
   8.6115880e+06   3.7353516e+01
   8.6118580e+06   3.3630371e+01
   8.6180510e+06   4.1381836e+01
   8.6255630e+06   3.5095215e+01
   8.6336170e+06   3.7963867e+01
   8.6342940e+06   3.4912109e+01
   8.6409420e+06   3.4606934e+01
   8.6485070e+06   3.3874512e+01
   8.6486270e+06   3.3386230e+01
   8.6487900e+06   3.4057617e+01
   8.6559970e+06   3.3691406e+01
   8.6910170e+06   3.6621094e+01
   8.6962780e+06   3.3386230e+01
   8.7049490e+06   3.4240723e+01
   8.7110820e+06   3.4484863e+01
   8.7634590e+06   3.3935547e+01
   8.7871150e+06   3.3569336e+01
   8.7997790e+06   3.5217285e+01
   8.7999940e+06   3.6621094e+01
   8.8161370e+06   3.4667969e+01
   8.8328940e+06   3.3630371e+01
   8.8405960e+06   3.8818359e+01
   8.8934970e+06   3.5095215e+01
   8.9030860e+06   3.3264160e+01
   8.9037840e+06   3.3996582e+01
   8.9518860e+06   3.3996582e+01
   9.0475020e+06   3.5522461e+01
   9.1141450e+06   3.5522461e+01
   9.1143120e+06   3.4484863e+01
   9.1370020e+06   3.7658691e+01
   9.1627530e+06   3.3386230e+01
   9.5409730e+06   3.5827637e+01
   1.0015541e+07   3.5644531e+01
   1.0152449e+07   3.3386230e+01
   1.0219203e+07   3.8269043e+01
   1.0219304e+07   3.8208008e+01
   1.0219334e+07   3.3630371e+01
   1.0219355e+07   3.8330078e+01
   1.0219425e+07   3.7231445e+01
   1.0232307e+07   3.5766602e+01
   1.0232390e+07   4.2297363e+01
   1.0232481e+07   4.0100098e+01
   1.0232699e+07   3.4790039e+01
   1.0232762e+07   3.7658691e+01
   1.0232954e+07   3.8330078e+01
   1.0233948e+07   3.5461426e+01
   1.0243897e+07   3.3447266e+01
   1.0248208e+07   3.4606934e+01
   1.0253436e+07   3.3142090e+01
   1.0260100e+07   4.2541504e+01
   1.0260423e+07   3.4057617e+01
   1.0260672e+07   3.4301758e+01
   1.0260979e+07   4.4921875e+01
   1.0261298e+07   3.3935547e+01
   1.0276032e+07   3.4973145e+01
   1.0276088e+07   3.5400391e+01
   1.0276295e+07   3.3630371e+01
   1.0276334e+07   3.7292480e+01
   1.0296600e+07   3.6010742e+01
   1.0303697e+07   3.4484863e+01
   1.0304014e+07   3.9367676e+01
   1.0309595e+07   4.3151855e+01
   1.0314338e+07   3.3691406e+01
   1.0321281e+07   3.9001465e+01
   1.0328355e+07   3.5034180e+01
   1.0328424e+07   3.8330078e+01
   1.0336799e+07   3.4973145e+01
   1.0343840e+07   3.3813477e+01
   1.0352522e+07   3.3264160e+01
   1.0352727e+07   3.5156250e+01
   1.0352752e+07   3.3203125e+01
   1.0352837e+07   4.1809082e+01
   1.0352881e+07   3.4362793e+01
   1.0368451e+07   3.7170410e+01
   1.0374489e+07   3.4362793e+01
   1.0397746e+07   3.5644531e+01
   1.0404474e+07   3.3752441e+01
   1.0411703e+07   3.4851074e+01
   1.0412445e+07   3.3691406e+01
   1.0419665e+07   3.4484863e+01
   1.0426359e+07   3.5278320e+01
   1.0426628e+07   3.7109375e+01
   1.0434832e+07   3.5583496e+01
   1.0458291e+07   3.3813477e+01
   1.0459099e+07   3.4912109e+01
   1.0485067e+07   3.3630371e+01
   1.0492753e+07   3.6437988e+01
   1.0500409e+07   3.5034180e+01
   1.0500437e+07   3.4729004e+01
   1.0500612e+07   3.8269043e+01
   1.0515086e+07   3.8696289e+01
   1.0528819e+07   3.3203125e+01
   1.0528882e+07   3.5766602e+01
   1.0542589e+07   3.3813477e+01
   1.0562200e+07   3.4973145e+01
   1.0562254e+07   3.3142090e+01
   1.0573720e+07   3.3203125e+01
   1.0573805e+07   3.5400391e+01
   1.0581018e+07   4.0283203e+01
   1.0593216e+07   3.5095215e+01
   1.0598165e+07   3.3142090e+01
   1.0603244e+07   3.3752441e+01
   1.0609071e+07   4.2480469e+01
   1.0622434e+07   3.4118652e+01
   1.0622482e+07   3.3752441e+01
   1.0628830e+07   3.6437988e+01
   1.0645591e+07   3.3447266e+01
   1.0659075e+07   3.7536621e+01
   1.0718944e+07   3.6804199e+01
   1.0733541e+07   3.4545898e+01
   1.0733664e+07   3.5095215e+01
   1.0741505e+07   3.4118652e+01
   1.0749761e+07   3.5034180e+01
   1.0767680e+07   3.3630371e+01
   1.0787438e+07   3.5827637e+01
   1.0787576e+07   3.4973145e+01
   1.0830303e+07   3.3325195e+01
   1.0850257e+07   3.4606934e+01
   1.0860649e+07   3.3203125e+01
   1.0925055e+07   3.3813477e+01
   1.1000057e+07   3.4057617e+01
   1.1022255e+07   3.6926270e+01
   1.1151956e+07   4.0039063e+01
   1.1251383e+07   3.6254883e+01
   1.1278354e+07   3.5217285e+01
   1.1466506e+07   3.5156250e+01
   1.1563967e+07   3.3203125e+01
   1.1800381e+07   3.3508301e+01
   1.1842384e+07   3.6682129e+01
