   1.1996000e+07   0.0000000e+00
   4.5099000e+04   3.5156250e+01
   2.1063500e+05   3.5766602e+01
   2.1096600e+05   3.5644531e+01
   2.1114100e+05   3.5705566e+01
   2.1119200e+05   3.9062500e+01
   2.1123400e+05   3.7841797e+01
   2.1124400e+05   3.9306641e+01
   2.1139100e+05   3.6560059e+01
   2.1194500e+05   3.5095215e+01
   2.1231300e+05   3.7292480e+01
   3.0097300e+05   3.5583496e+01
   3.7903200e+05   3.5888672e+01
   3.7908500e+05   4.2968750e+01
   3.7914100e+05   3.7658691e+01
   3.7917700e+05   4.0527344e+01
   3.7925700e+05   3.7048340e+01
   3.7997800e+05   3.8635254e+01
   3.8061300e+05   3.8574219e+01
   3.8825100e+05   3.5888672e+01
   3.8886000e+05   5.7922363e+01
   3.9644000e+05   3.8208008e+01
   3.9655900e+05   4.0405273e+01
   4.0581800e+05   3.7048340e+01
   4.0600400e+05   3.6071777e+01
   4.0613600e+05   4.0466309e+01
   4.1819900e+05   3.7719727e+01
   4.1825300e+05   3.5156250e+01
   4.1850100e+05   3.7292480e+01
   4.1895700e+05   3.8391113e+01
   4.3780900e+05   3.6010742e+01
   4.3806500e+05   3.6499023e+01
   4.3858200e+05   3.7841797e+01
   4.3889900e+05   4.0466309e+01
   4.5160900e+05   3.6621094e+01
   4.5162500e+05   3.5583496e+01
   4.5192300e+05   3.5583496e+01
   4.5222300e+05   4.5166016e+01
   4.5234900e+05   3.5766602e+01
   4.5983900e+05   3.5583496e+01
   4.6956200e+05   4.0222168e+01
   4.6965300e+05   3.7597656e+01
   4.7004200e+05   3.8757324e+01
   4.7014300e+05   3.5766602e+01
   4.8076800e+05   3.6132813e+01
   4.8656100e+05   3.5888672e+01
   4.9291700e+05   3.5278320e+01
   4.9335700e+05   3.5949707e+01
   5.0615000e+05   3.5278320e+01
   5.0675300e+05   3.6132813e+01
   5.0700300e+05   3.5644531e+01
   5.1371700e+05   3.5522461e+01
   5.1376600e+05   3.9978027e+01
   5.2190100e+05   3.5766602e+01
   5.2194100e+05   3.8513184e+01
   5.2200600e+05   4.3884277e+01
   5.2225100e+05   3.6071777e+01
   5.2229000e+05   3.6071777e+01
   5.4706900e+05   3.9245605e+01
   5.4731500e+05   3.9306641e+01
   5.4753400e+05   3.5949707e+01
   5.4823500e+05   4.2541504e+01
   5.5595800e+05   3.8696289e+01
   5.6806100e+05   3.6682129e+01
   5.6852900e+05   3.6560059e+01
   5.6864800e+05   4.1381836e+01
   5.7676300e+05   4.7424316e+01
   5.7682500e+05   4.1503906e+01
   5.8303100e+05   3.5339355e+01
   5.9118300e+05   3.6621094e+01
   5.9127000e+05   3.9550781e+01
   6.0917300e+05   3.9245605e+01
   6.0925400e+05   3.8513184e+01
   6.0953000e+05   3.9550781e+01
   6.3143000e+05   3.7658691e+01
   6.3147400e+05   3.5095215e+01
   6.3164900e+05   3.9916992e+01
   6.3180900e+05   3.5156250e+01
   6.3223800e+05   3.7231445e+01
   6.4280000e+05   3.5339355e+01
   6.4287800e+05   3.5827637e+01
   6.4366900e+05   3.6804199e+01
   6.5687700e+05   4.7302246e+01
   6.5689600e+05   3.6376953e+01
   6.5701300e+05   3.6437988e+01
   6.5712300e+05   3.9245605e+01
   6.5770800e+05   3.7231445e+01
   6.6870200e+05   3.5461426e+01
   6.8018200e+05   3.9855957e+01
   6.9003500e+05   4.2968750e+01
   7.0237200e+05   3.7231445e+01
   7.1928500e+05   3.5217285e+01
   7.3225800e+05   3.5522461e+01
   7.5201000e+05   4.2663574e+01
   7.5226900e+05   3.5095215e+01
   7.6539300e+05   3.7902832e+01
   9.4407500e+05   3.5217285e+01
   9.8224100e+05   3.6621094e+01
   9.8258500e+05   3.5156250e+01
   9.8274900e+05   3.8452148e+01
   9.8310200e+05   3.5583496e+01
   9.8314500e+05   4.0405273e+01
   9.8317000e+05   3.9489746e+01
   9.8319700e+05   3.9855957e+01
   9.8324000e+05   3.7719727e+01
   9.8327800e+05   3.6865234e+01
   9.8333200e+05   3.6010742e+01
   9.8351900e+05   3.5461426e+01
   1.0598600e+06   3.5339355e+01
   1.2679680e+06   4.0283203e+01
   1.2681060e+06   4.0710449e+01
   1.2681340e+06   3.5156250e+01
   1.2681540e+06   4.0710449e+01
   1.2682540e+06   3.5888672e+01
   1.2683910e+06   3.5095215e+01
   1.2684210e+06   4.2663574e+01
   1.2684330e+06   3.7536621e+01
   1.2684680e+06   3.9978027e+01
   1.3532990e+06   4.1198730e+01
   1.3534180e+06   4.1748047e+01
   1.3534870e+06   3.6804199e+01
   1.3535830e+06   3.7048340e+01
   1.3536340e+06   3.7109375e+01
   1.3536480e+06   3.6987305e+01
   1.3536740e+06   3.6621094e+01
   1.3537460e+06   3.5156250e+01
   1.3537720e+06   4.2663574e+01
   1.3538230e+06   3.9062500e+01
   1.3557130e+06   3.6865234e+01
   1.3640240e+06   3.9489746e+01
   1.3642960e+06   3.8452148e+01
   1.3645420e+06   3.5766602e+01
   1.3892770e+06   3.6254883e+01
   1.3895020e+06   3.8574219e+01
   1.3896100e+06   3.6193848e+01
   1.3896650e+06   3.6437988e+01
   1.3897630e+06   4.1870117e+01
   1.3898180e+06   3.5705566e+01
   1.3900190e+06   3.7719727e+01
   1.3901020e+06   3.7780762e+01
   1.4106090e+06   3.7780762e+01
   1.4293070e+06   3.7109375e+01
   1.4294160e+06   3.6315918e+01
   1.4294580e+06   3.9733887e+01
   1.4295200e+06   3.6926270e+01
   1.4295550e+06   3.6987305e+01
   1.4298270e+06   4.1931152e+01
   1.4298740e+06   4.8645020e+01
   1.4300740e+06   3.9001465e+01
   1.4302870e+06   3.5095215e+01
   1.4375040e+06   3.7170410e+01
   1.4635810e+06   3.9062500e+01
   1.4781870e+06   3.5766602e+01
   1.4848130e+06   4.1381836e+01
   1.4849970e+06   3.7841797e+01
   1.4934760e+06   3.5827637e+01
   1.4936300e+06   4.4555664e+01
   1.4937170e+06   3.7719727e+01
   1.5156730e+06   3.8757324e+01
   1.5160870e+06   3.5583496e+01
   1.5248990e+06   3.7963867e+01
   1.5326710e+06   3.9978027e+01
   1.5497240e+06   4.1625977e+01
   1.5498090e+06   3.5400391e+01
   1.5499130e+06   3.9855957e+01
   1.5501760e+06   3.6010742e+01
   1.5570460e+06   3.5095215e+01
   1.5570940e+06   3.5705566e+01
   1.5775620e+06   3.6437988e+01
   1.5775930e+06   3.8635254e+01
   1.5779560e+06   3.9428711e+01
   1.6131750e+06   3.5705566e+01
   1.6484760e+06   3.7414551e+01
   1.6664040e+06   3.8757324e+01
   1.6986980e+06   3.5339355e+01
   1.7424200e+06   4.4921875e+01
   1.7424830e+06   3.5095215e+01
   1.7425050e+06   4.3823242e+01
   1.7427790e+06   3.6865234e+01
   1.7428150e+06   3.7658691e+01
   1.8089380e+06   3.5095215e+01
   1.8089770e+06   3.6071777e+01
   1.8264060e+06   3.8085938e+01
   1.8265180e+06   3.7292480e+01
   1.8265510e+06   3.6010742e+01
   1.8326720e+06   3.9916992e+01
   1.8397670e+06   3.5522461e+01
   1.8400990e+06   4.0222168e+01
   1.8464990e+06   3.6254883e+01
   1.8469820e+06   3.6071777e+01
   1.8534390e+06   3.9001465e+01
   1.8691280e+06   3.9672852e+01
   1.8735990e+06   3.5461426e+01
   1.8838430e+06   3.5461426e+01
   1.8881930e+06   3.5766602e+01
   1.8940810e+06   4.1381836e+01
   1.8941320e+06   4.2785645e+01
   1.8941740e+06   3.5217285e+01
   1.8943430e+06   3.5827637e+01
   1.8952640e+06   3.6804199e+01
   1.9191990e+06   3.8513184e+01
   1.9216370e+06   3.6804199e+01
   1.9244280e+06   3.6499023e+01
   1.9350170e+06   3.6010742e+01
   1.9354290e+06   3.5217285e+01
   1.9386100e+06   3.6376953e+01
   1.9426450e+06   4.2419434e+01
   1.9428720e+06   3.5400391e+01
   1.9430150e+06   3.9428711e+01
   1.9472710e+06   3.8391113e+01
   1.9520760e+06   3.5644531e+01
   1.9529160e+06   4.0344238e+01
   1.9533950e+06   3.6926270e+01
   1.9635180e+06   4.0649414e+01
   1.9635480e+06   3.9611816e+01
   1.9637090e+06   3.7597656e+01
   1.9639960e+06   4.5349121e+01
   1.9700700e+06   3.5217285e+01
   1.9702790e+06   3.6499023e+01
   1.9755470e+06   3.6682129e+01
   1.9756240e+06   3.5644531e+01
   1.9757100e+06   4.1381836e+01
   1.9840030e+06   3.7902832e+01
   1.9886950e+06   3.6071777e+01
   1.9928590e+06   4.1503906e+01
   2.0010710e+06   3.9794922e+01
   2.0011870e+06   3.8757324e+01
   2.0054550e+06   4.6264648e+01
   2.0055160e+06   3.6743164e+01
   2.0101050e+06   3.6254883e+01
   2.0102250e+06   3.7170410e+01
   2.0105870e+06   3.5217285e+01
   2.0153750e+06   3.7719727e+01
   2.0155210e+06   3.5217285e+01
   2.0156360e+06   3.7170410e+01
   2.0157680e+06   4.6875000e+01
   2.0207370e+06   4.1137695e+01
   2.0208910e+06   3.5583496e+01
   2.0209710e+06   4.1198730e+01
   2.0212040e+06   3.7658691e+01
   2.0262600e+06   5.8837891e+01
   2.0266200e+06   3.7414551e+01
   2.0322530e+06   3.9428711e+01
   2.0326210e+06   3.7414551e+01
   2.0397050e+06   3.5888672e+01
   2.0397970e+06   4.0405273e+01
   2.0515120e+06   3.7292480e+01
   2.0518480e+06   3.7231445e+01
   2.0519750e+06   3.6926270e+01
   2.0525530e+06   3.5217285e+01
   2.0577180e+06   4.4311523e+01
   2.0636760e+06   4.1992188e+01
   2.0638570e+06   3.6560059e+01
   2.0697310e+06   3.9123535e+01
   2.0697820e+06   3.5095215e+01
   2.0698160e+06   3.6865234e+01
   2.0756150e+06   3.7902832e+01
   2.0756740e+06   3.6682129e+01
   2.0757010e+06   3.6315918e+01
   2.0810520e+06   4.0283203e+01
   2.0816410e+06   3.9794922e+01
   2.0873720e+06   3.8513184e+01
   2.0874200e+06   3.6621094e+01
   2.0875510e+06   4.2663574e+01
   2.0933400e+06   3.5949707e+01
   2.0994430e+06   3.6682129e+01
   2.0996050e+06   4.0954590e+01
   2.1000940e+06   3.6071777e+01
   2.1060550e+06   3.7414551e+01
   2.1062090e+06   3.9306641e+01
   2.1066840e+06   3.9794922e+01
   2.1126700e+06   3.8085938e+01
   2.1127830e+06   4.0588379e+01
   2.1129760e+06   3.6071777e+01
   2.1135230e+06   3.6499023e+01
   2.1136190e+06   3.5583496e+01
   2.1142250e+06   3.5583496e+01
   2.1188810e+06   3.6315918e+01
   2.1251330e+06   3.6010742e+01
   2.1251440e+06   3.9001465e+01
   2.1252040e+06   3.9794922e+01
   2.1253600e+06   3.5949707e+01
   2.1255900e+06   4.1442871e+01
   2.1335260e+06   3.8635254e+01
   2.1383370e+06   3.6499023e+01
   2.1386840e+06   3.6071777e+01
   2.1441050e+06   4.0039063e+01
   2.1443950e+06   3.6682129e+01
   2.1501760e+06   3.6071777e+01
   2.1502080e+06   3.5644531e+01
   2.1567890e+06   3.6926270e+01
   2.1568270e+06   3.6315918e+01
   2.1568730e+06   4.2419434e+01
   2.1570870e+06   3.6621094e+01
   2.1640530e+06   4.4067383e+01
   2.1641550e+06   3.6682129e+01
   2.1785910e+06   3.9916992e+01
   2.1787900e+06   3.9428711e+01
   2.1789270e+06   3.5705566e+01
   2.1791780e+06   4.4006348e+01
   2.1863780e+06   3.8208008e+01
   2.1866940e+06   3.9978027e+01
   2.1868840e+06   3.7170410e+01
   2.1942130e+06   3.9367676e+01
   2.1942790e+06   3.6499023e+01
   2.1946310e+06   3.7902832e+01
   2.2018960e+06   3.5522461e+01
   2.2181480e+06   4.6203613e+01
   2.2185190e+06   4.2541504e+01
   2.2186370e+06   3.8452148e+01
   2.2252260e+06   3.9489746e+01
   2.2252850e+06   3.7658691e+01
   2.2254460e+06   3.7231445e+01
   2.2312590e+06   4.1259766e+01
   2.2315430e+06   3.5095215e+01
   2.2363050e+06   3.6254883e+01
   2.2363920e+06   3.6254883e+01
   2.2463050e+06   3.6865234e+01
   2.2467170e+06   3.5156250e+01
   2.2525570e+06   3.9367676e+01
   2.2582820e+06   3.6010742e+01
   2.2585400e+06   3.6254883e+01
   2.2662660e+06   3.8208008e+01
   2.2663360e+06   3.6926270e+01
   2.2664840e+06   4.3090820e+01
   2.2668400e+06   3.7231445e+01
   2.2669950e+06   4.6264648e+01
   2.2679880e+06   3.6499023e+01
   2.2730740e+06   3.5278320e+01
   2.2770390e+06   3.6254883e+01
   2.2772440e+06   3.5461426e+01
   2.2810280e+06   3.9855957e+01
   2.2812730e+06   3.5766602e+01
   2.2847220e+06   3.6071777e+01
   2.2888360e+06   3.8085938e+01
   2.2973520e+06   3.6621094e+01
   2.3018020e+06   3.6499023e+01
   2.3020540e+06   3.5583496e+01
   2.3071200e+06   3.7658691e+01
   2.3071420e+06   4.0771484e+01
   2.3071950e+06   3.6621094e+01
   2.3072250e+06   4.0100098e+01
   2.3130050e+06   3.5827637e+01
   2.3134020e+06   3.5522461e+01
   2.3178880e+06   4.7241211e+01
   2.3178980e+06   3.5156250e+01
   2.3179650e+06   3.6804199e+01
   2.3269820e+06   3.9489746e+01
   2.3361590e+06   4.6997070e+01
   2.3513100e+06   3.8146973e+01
   2.3602230e+06   3.6437988e+01
   2.3604670e+06   3.8330078e+01
   2.3651270e+06   3.6865234e+01
   2.3652460e+06   3.5583496e+01
   2.3711150e+06   4.0405273e+01
   2.3712070e+06   3.6376953e+01
   2.3714920e+06   4.0893555e+01
   2.3775360e+06   4.2785645e+01
   2.3775970e+06   3.7231445e+01
   2.3840330e+06   4.0832520e+01
   2.3841580e+06   4.5898437e+01
   2.3848340e+06   3.8391113e+01
   2.4120430e+06   3.6132813e+01
   2.4120600e+06   3.7902832e+01
   2.4120850e+06   3.5888672e+01
   2.4191860e+06   4.7363281e+01
   2.4193180e+06   4.1625977e+01
   2.4194480e+06   3.7658691e+01
   2.4265830e+06   3.5217285e+01
   2.4266080e+06   3.7597656e+01
   2.4333920e+06   5.1452637e+01
   2.4403130e+06   3.5949707e+01
   2.4460040e+06   3.7536621e+01
   2.4525140e+06   4.6752930e+01
   2.4663930e+06   3.7170410e+01
   2.4805100e+06   4.0344238e+01
   2.5032020e+06   3.9184570e+01
   2.5172100e+06   3.7109375e+01
   2.5172510e+06   3.7536621e+01
   2.5252250e+06   3.9123535e+01
   2.5321580e+06   3.7353516e+01
   2.5397480e+06   3.9245605e+01
   2.5399620e+06   3.6499023e+01
   2.5667020e+06   3.5339355e+01
   2.5669210e+06   3.6437988e+01
   2.5759130e+06   3.9245605e+01
   2.7609480e+06   4.2907715e+01
   2.7610840e+06   3.7475586e+01
   2.7612020e+06   3.8635254e+01
   2.7615430e+06   3.8024902e+01
   2.7616700e+06   3.6621094e+01
   2.7627560e+06   3.9611816e+01
   3.1576990e+06   3.7475586e+01
   3.1578420e+06   3.6315918e+01
   3.1579450e+06   3.6621094e+01
   3.1579750e+06   4.0222168e+01
   3.1580560e+06   3.6621094e+01
   3.1581400e+06   4.0466309e+01
   3.1589470e+06   4.5349121e+01
   3.3531810e+06   3.7109375e+01
   3.3532250e+06   3.6987305e+01
   3.3532900e+06   3.8146973e+01
   3.3533270e+06   3.9672852e+01
   3.3536820e+06   4.3640137e+01
   3.3538860e+06   3.8452148e+01
   3.6070430e+06   4.0161133e+01
   3.6070540e+06   3.6926270e+01
   3.6071210e+06   4.4006348e+01
   3.6071730e+06   3.6132813e+01
   3.6071970e+06   4.6875000e+01
   3.6072290e+06   3.5400391e+01
   3.6072880e+06   4.4799805e+01
   3.6073420e+06   3.5705566e+01
   3.6073750e+06   4.6081543e+01
   3.6074060e+06   4.6386719e+01
   3.6076670e+06   3.9611816e+01
   3.6077700e+06   4.3151855e+01
   3.6085790e+06   3.9367676e+01
   3.6163070e+06   3.6437988e+01
   3.6167040e+06   3.9428711e+01
   3.6168730e+06   4.4128418e+01
   3.6170500e+06   3.7048340e+01
   3.6178450e+06   3.8940430e+01
   3.6315380e+06   3.6865234e+01
   3.6316710e+06   3.6132813e+01
   3.6317780e+06   3.6071777e+01
   3.6319550e+06   3.7048340e+01
   3.6323310e+06   4.1259766e+01
   3.6326490e+06   3.9611816e+01
   3.6445630e+06   4.6936035e+01
   3.6448730e+06   3.5156250e+01
   3.6558680e+06   3.6193848e+01
   3.6561470e+06   3.6132813e+01
   3.6564520e+06   4.0039063e+01
   3.6687810e+06   4.1625977e+01
   3.6688870e+06   3.5095215e+01
   3.6689910e+06   3.6254883e+01
   3.6825810e+06   3.9001465e+01
   3.6956640e+06   3.9245605e+01
   3.6957220e+06   4.2053223e+01
   3.6960430e+06   3.6376953e+01
   3.6960680e+06   3.9428711e+01
   3.7219500e+06   3.7658691e+01
   3.7299250e+06   4.0588379e+01
   3.7301450e+06   3.5400391e+01
   3.7435690e+06   4.0527344e+01
   3.7437450e+06   4.0771484e+01
   3.7440780e+06   3.5888672e+01
   3.7442250e+06   3.6865234e+01
   3.7511030e+06   3.5827637e+01
   3.7513030e+06   3.9306641e+01
   3.7590960e+06   3.7048340e+01
   3.7594080e+06   3.6071777e+01
   3.7741850e+06   3.8879395e+01
   3.7742530e+06   4.3945313e+01
   3.7743890e+06   3.7353516e+01
   3.7744050e+06   3.7170410e+01
   3.7748040e+06   4.1687012e+01
   3.7905570e+06   3.7963867e+01
   3.7908180e+06   3.5400391e+01
   3.7911340e+06   3.5461426e+01
   3.8071400e+06   4.1381836e+01
   3.8157490e+06   3.5705566e+01
   3.8252800e+06   3.6987305e+01
   3.8255120e+06   4.1564941e+01
   3.8257540e+06   3.9428711e+01
   3.8360570e+06   4.1931152e+01
   3.8983700e+06   3.5827637e+01
   3.8985730e+06   3.9794922e+01
   3.8987430e+06   3.5888672e+01
   3.8989930e+06   4.3029785e+01
   3.8990580e+06   3.5217285e+01
   3.8994180e+06   3.8513184e+01
   4.1029930e+06   3.6560059e+01
   4.3879380e+06   3.5522461e+01
   4.3881410e+06   4.0832520e+01
   4.3883460e+06   3.6987305e+01
   4.3884040e+06   3.8574219e+01
   4.3884410e+06   3.6376953e+01
   4.3886010e+06   3.5583496e+01
   4.3890540e+06   3.6376953e+01
   4.4069130e+06   3.6071777e+01
   4.4070090e+06   3.5827637e+01
   4.4071170e+06   3.6010742e+01
   4.4074510e+06   3.8757324e+01
   4.4075680e+06   3.9550781e+01
   4.4076420e+06   3.6071777e+01
   4.4335550e+06   3.6437988e+01
   4.4463300e+06   3.6376953e+01
   4.4464610e+06   3.6071777e+01
   4.4466060e+06   3.6621094e+01
   4.4466210e+06   3.5827637e+01
   4.4467650e+06   3.7231445e+01
   4.4469010e+06   3.6315918e+01
   4.4469580e+06   4.0405273e+01
   4.4604780e+06   3.6621094e+01
   4.4648860e+06   4.3823242e+01
   4.4732340e+06   3.6132813e+01
   4.4816960e+06   3.7109375e+01
   4.4820350e+06   3.9855957e+01
   4.4907230e+06   3.8208008e+01
   4.4910360e+06   3.5583496e+01
   4.4914710e+06   4.3273926e+01
   4.4916950e+06   4.0954590e+01
   4.5009390e+06   3.8696289e+01
   4.5012140e+06   3.8757324e+01
   4.5012630e+06   3.6010742e+01
   4.5015710e+06   3.7109375e+01
   4.5226670e+06   3.5522461e+01
   4.5226820e+06   3.6682129e+01
   4.5227120e+06   3.6254883e+01
   4.5229850e+06   4.6142578e+01
   4.5232100e+06   3.6071777e+01
   4.5232800e+06   3.7597656e+01
   4.5319640e+06   3.6010742e+01
   4.5419380e+06   3.5461426e+01
   4.5421180e+06   3.9184570e+01
   4.5422890e+06   3.9489746e+01
   4.5426110e+06   3.9062500e+01
   4.5573530e+06   3.9672852e+01
   4.5577210e+06   4.1503906e+01
   4.5651800e+06   4.0039063e+01
   4.5796440e+06   4.7424316e+01
   4.5797350e+06   3.7658691e+01
   4.6058970e+06   3.7414551e+01
   4.6060640e+06   3.7170410e+01
   4.6141760e+06   3.6437988e+01
   4.6144210e+06   3.6376953e+01
   4.6145750e+06   3.8879395e+01
   4.6147980e+06   3.6376953e+01
   4.6148760e+06   3.5095215e+01
   4.6149210e+06   3.8452148e+01
   4.6295290e+06   3.5705566e+01
   4.6385770e+06   3.6804199e+01
   4.6532740e+06   3.5522461e+01
   4.6594930e+06   3.6376953e+01
   4.6596060e+06   3.6560059e+01
   4.6602240e+06   3.9428711e+01
   4.6915170e+06   3.7536621e+01
   4.7115910e+06   3.5339355e+01
   4.7118720e+06   3.5339355e+01
   4.7127100e+06   3.5583496e+01
   4.7487180e+06   3.6437988e+01
   4.7488520e+06   4.9743652e+01
   4.7488970e+06   3.9367676e+01
   4.7493240e+06   3.8574219e+01
   4.7819260e+06   3.8024902e+01
   4.8275690e+06   3.6132813e+01
   4.8454080e+06   3.6621094e+01
   4.8848230e+06   3.8452148e+01
   4.8853110e+06   3.8818359e+01
   4.9045650e+06   3.5095215e+01
   4.9049370e+06   3.7963867e+01
   4.9132660e+06   3.6865234e+01
   4.9386580e+06   5.0964355e+01
   4.9387020e+06   3.8452148e+01
   4.9387240e+06   3.5156250e+01
   4.9388700e+06   3.5461426e+01
   4.9491990e+06   4.0100098e+01
   5.0005840e+06   3.9489746e+01
   5.0112800e+06   3.5400391e+01
   5.0115070e+06   3.7597656e+01
   5.0117760e+06   3.5705566e+01
   5.0179750e+06   4.0893555e+01
   5.0181870e+06   4.6875000e+01
   5.0183620e+06   4.0222168e+01
   5.0185110e+06   3.8879395e+01
   5.0432480e+06   3.8513184e+01
   5.0491790e+06   3.8452148e+01
   5.0493520e+06   4.0527344e+01
   5.0494190e+06   3.5583496e+01
   5.0494430e+06   3.9489746e+01
   5.0495740e+06   3.6926270e+01
   5.0497150e+06   3.7597656e+01
   5.0603460e+06   3.7597656e+01
   5.0656730e+06   4.2419434e+01
   5.0658580e+06   4.4250488e+01
   5.0658850e+06   4.3701172e+01
   5.0795760e+06   3.6193848e+01
   5.0891100e+06   4.1015625e+01
   5.0933800e+06   4.5532227e+01
   5.0982420e+06   3.6132813e+01
   5.0984360e+06   3.6499023e+01
   5.0986050e+06   3.9123535e+01
   5.1061520e+06   3.6499023e+01
   5.1064290e+06   4.2663574e+01
   5.1066800e+06   3.8635254e+01
   5.1067830e+06   3.7109375e+01
   5.1141180e+06   3.7963867e+01
   5.1190170e+06   3.5827637e+01
   5.1190290e+06   3.6499023e+01
   5.1191070e+06   3.5827637e+01
   5.1191940e+06   3.5400391e+01
   5.1193020e+06   3.6071777e+01
   5.1263710e+06   4.2724609e+01
   5.1263950e+06   4.0283203e+01
   5.1267240e+06   3.5461426e+01
   5.1275270e+06   3.6560059e+01
   5.1353960e+06   4.0283203e+01
   5.1355150e+06   3.5583496e+01
   5.1356970e+06   4.2541504e+01
   5.1441810e+06   3.6987305e+01
   5.1442840e+06   3.6621094e+01
   5.1533500e+06   3.7109375e+01
   5.1534880e+06   3.6010742e+01
   5.1535780e+06   3.8818359e+01
   5.1583560e+06   4.5166016e+01
   5.1644910e+06   3.9001465e+01
   5.1645590e+06   3.8269043e+01
   5.1648340e+06   3.8757324e+01
   5.1650410e+06   3.8208008e+01
   5.1742080e+06   3.5644531e+01
   5.1743830e+06   4.3884277e+01
   5.1832140e+06   4.5837402e+01
   5.1832440e+06   3.5278320e+01
   5.1833270e+06   3.9245605e+01
   5.1833700e+06   3.5156250e+01
   5.1880250e+06   4.0588379e+01
   5.1881550e+06   3.5400391e+01
   5.1881940e+06   3.7658691e+01
   5.1882360e+06   3.8635254e+01
   5.1883070e+06   3.6315918e+01
   5.1985170e+06   3.9489746e+01
   5.2052540e+06   3.5461426e+01
   5.2053180e+06   3.6987305e+01
   5.2054630e+06   3.5705566e+01
   5.2114310e+06   3.5583496e+01
   5.2221830e+06   3.5461426e+01
   5.2223820e+06   4.2114258e+01
   5.2226200e+06   3.7292480e+01
   5.2280160e+06   4.0466309e+01
   5.2280660e+06   3.9611816e+01
   5.2281420e+06   4.2785645e+01
   5.2282690e+06   3.7048340e+01
   5.2287280e+06   3.5888672e+01
   5.2344220e+06   3.8452148e+01
   5.2345310e+06   3.6193848e+01
   5.2404150e+06   3.5400391e+01
   5.2461070e+06   3.9367676e+01
   5.2461840e+06   3.5888672e+01
   5.2463770e+06   3.8269043e+01
   5.2523980e+06   3.6132813e+01
   5.2579270e+06   3.8696289e+01
   5.2579550e+06   3.5095215e+01
   5.2580320e+06   4.3457031e+01
   5.2582010e+06   3.8330078e+01
   5.2630680e+06   4.1259766e+01
   5.2633790e+06   4.0405273e+01
   5.2685690e+06   3.6132813e+01
   5.2743120e+06   3.7231445e+01
   5.2743480e+06   3.7414551e+01
   5.2746420e+06   4.0588379e+01
   5.2932590e+06   3.7170410e+01
   5.2933150e+06   3.5217285e+01
   5.3064530e+06   3.5522461e+01
   5.3064810e+06   3.7231445e+01
   5.3072170e+06   3.5217285e+01
   5.3129780e+06   3.6865234e+01
   5.3205270e+06   4.1137695e+01
   5.3206220e+06   3.7536621e+01
   5.3207050e+06   3.9672852e+01
   5.3216280e+06   3.5949707e+01
   5.3276250e+06   4.0893555e+01
   5.3334090e+06   3.7841797e+01
   5.3476170e+06   3.6132813e+01
   5.3476670e+06   3.6743164e+01
   5.3476890e+06   3.8757324e+01
   5.3477530e+06   4.0283203e+01
   5.3479340e+06   3.8513184e+01
   5.3480280e+06   4.0771484e+01
   5.3483410e+06   3.5278320e+01
   5.3606790e+06   3.5095215e+01
   5.3608980e+06   4.3945313e+01
   5.3610800e+06   3.5522461e+01
   5.3667740e+06   3.6865234e+01
   5.3671050e+06   3.5278320e+01
   5.3741360e+06   3.6254883e+01
   5.3741910e+06   4.4372559e+01
   5.3747470e+06   3.7231445e+01
   5.3911290e+06   4.2175293e+01
   5.3914450e+06   3.5095215e+01
   5.3917650e+06   3.5888672e+01
   5.3982150e+06   4.1198730e+01
   5.4071040e+06   3.6193848e+01
   5.4073710e+06   3.5705566e+01
   5.4243980e+06   3.7902832e+01
   5.4245110e+06   3.5095215e+01
   5.4324750e+06   3.7109375e+01
   5.4424560e+06   3.5888672e+01
   5.4426270e+06   4.5104980e+01
   5.4434300e+06   4.5776367e+01
   5.4528900e+06   3.6010742e+01
   5.4629330e+06   4.0466309e+01
   5.4726670e+06   4.2419434e+01
   5.4727560e+06   4.4921875e+01
   5.4825860e+06   3.6132813e+01
   5.4829060e+06   3.5583496e+01
   5.4940060e+06   3.8574219e+01
   5.5081510e+06   3.5888672e+01
   5.5082010e+06   3.8635254e+01
   5.5245570e+06   3.6254883e+01
   5.5374470e+06   3.5217285e+01
   5.5537570e+06   4.1809082e+01
   5.5999730e+06   4.0344238e+01
   6.2474920e+06   3.8024902e+01
   6.2475500e+06   4.0527344e+01
   6.2475760e+06   3.8940430e+01
   6.2475920e+06   3.6132813e+01
   6.2477080e+06   3.6254883e+01
   6.2477340e+06   4.0588379e+01
   6.2477640e+06   3.8635254e+01
   6.2478460e+06   3.6437988e+01
   6.2480890e+06   3.5766602e+01
   6.2485480e+06   3.9001465e+01
   6.2497410e+06   3.7719727e+01
   6.4949390e+06   3.7597656e+01
   6.4950040e+06   4.0344238e+01
   6.4951100e+06   3.6437988e+01
   6.4951360e+06   3.9550781e+01
   6.4951900e+06   3.7414551e+01
   6.5082260e+06   4.0344238e+01
   6.5082840e+06   4.3823242e+01
   6.5083380e+06   3.5461426e+01
   6.5085860e+06   3.9001465e+01
   6.5086920e+06   3.5156250e+01
   6.5087330e+06   3.7963867e+01
   6.5094720e+06   3.7231445e+01
   6.5211360e+06   3.9367676e+01
   6.5215250e+06   3.5339355e+01
   6.5216840e+06   4.0100098e+01
   6.5220560e+06   3.9245605e+01
   6.5221830e+06   3.8330078e+01
   6.5295780e+06   4.0466309e+01
   6.5370170e+06   4.3518066e+01
   6.5371670e+06   3.9978027e+01
   6.5553030e+06   3.6071777e+01
   6.5554580e+06   4.0100098e+01
   6.5629130e+06   3.5156250e+01
   6.5741900e+06   3.6621094e+01
   6.5744040e+06   3.6376953e+01
   6.5746450e+06   4.2724609e+01
   6.5747080e+06   3.5400391e+01
   6.5871780e+06   4.4006348e+01
   6.5873430e+06   3.5156250e+01
   6.5936450e+06   3.5217285e+01
   6.5936840e+06   3.8208008e+01
   6.5937420e+06   3.7536621e+01
   6.5938130e+06   3.9794922e+01
   6.5940440e+06   3.7048340e+01
   6.5940800e+06   3.9611816e+01
   6.6024610e+06   3.6926270e+01
   6.6170800e+06   3.5522461e+01
   6.6222300e+06   4.4738770e+01
   6.6223480e+06   3.6010742e+01
   6.6224330e+06   4.2663574e+01
   6.6225990e+06   3.5400391e+01
   6.6227250e+06   4.1381836e+01
   6.6282330e+06   3.5278320e+01
   6.6330840e+06   4.9804688e+01
   6.6332830e+06   3.5156250e+01
   6.6387200e+06   3.8696289e+01
   6.6390160e+06   3.5705566e+01
   6.6462060e+06   3.5583496e+01
   6.6462370e+06   4.0100098e+01
   6.6464120e+06   3.5095215e+01
   6.6464790e+06   4.3579102e+01
   6.6466850e+06   3.6865234e+01
   6.6473780e+06   3.6010742e+01
   6.6542710e+06   3.9245605e+01
   6.6543050e+06   3.5156250e+01
   6.6545940e+06   3.6743164e+01
   6.6611020e+06   3.6865234e+01
   6.6669880e+06   3.7109375e+01
   6.6670190e+06   3.6987305e+01
   6.6671440e+06   3.5461426e+01
   6.6725140e+06   3.6376953e+01
   6.6726910e+06   3.7902832e+01
   6.6727190e+06   3.8330078e+01
   6.6783520e+06   3.6987305e+01
   6.6783890e+06   3.6804199e+01
   6.6850310e+06   4.8278809e+01
   6.6850530e+06   4.1503906e+01
   6.6854900e+06   4.1564941e+01
   6.6916130e+06   3.7109375e+01
   6.6917690e+06   3.7353516e+01
   6.6922310e+06   4.5410156e+01
   6.6990790e+06   3.6743164e+01
   6.6991760e+06   4.1809082e+01
   6.6991910e+06   4.3212891e+01
   6.6992650e+06   3.9672852e+01
   6.6993050e+06   4.0527344e+01
   6.6994020e+06   4.0649414e+01
   6.6997290e+06   3.5217285e+01
   6.7063860e+06   3.5888672e+01
   6.7065500e+06   3.7292480e+01
   6.7065850e+06   3.7292480e+01
   6.7067210e+06   3.6865234e+01
   6.7068240e+06   4.3212891e+01
   6.7139150e+06   4.8156738e+01
   6.7139460e+06   3.9428711e+01
   6.7144880e+06   4.4189453e+01
   6.7145540e+06   3.5644531e+01
   6.7211930e+06   3.9123535e+01
   6.7212510e+06   4.3457031e+01
   6.7213300e+06   3.8818359e+01
   6.7213890e+06   4.5471191e+01
   6.7217600e+06   3.5888672e+01
   6.7271990e+06   3.8146973e+01
   6.7274340e+06   3.5278320e+01
   6.7337530e+06   3.5705566e+01
   6.7338340e+06   3.7597656e+01
   6.7339030e+06   3.9001465e+01
   6.7339400e+06   4.1809082e+01
   6.7339630e+06   3.6254883e+01
   6.7340680e+06   3.9367676e+01
   6.7341390e+06   3.6926270e+01
   6.7405480e+06   3.5339355e+01
   6.7407730e+06   3.7170410e+01
   6.7408250e+06   3.7719727e+01
   6.7408450e+06   3.5095215e+01
   6.7409290e+06   5.1391602e+01
   6.7483160e+06   4.3395996e+01
   6.7485120e+06   3.5522461e+01
   6.7486070e+06   4.2541504e+01
   6.7560530e+06   3.8452148e+01
   6.7561190e+06   3.7658691e+01
   6.7637400e+06   3.9245605e+01
   6.7718520e+06   3.5705566e+01
   6.7718700e+06   3.5705566e+01
   6.7718970e+06   4.1198730e+01
   6.7723210e+06   3.5888672e+01
   6.7723980e+06   3.5827637e+01
   6.7933140e+06   4.3090820e+01
   6.7933590e+06   4.0771484e+01
   6.7934060e+06   3.6560059e+01
   6.8010410e+06   4.0100098e+01
   6.8011420e+06   3.5278320e+01
   6.8012160e+06   3.9978027e+01
   6.8015050e+06   3.6621094e+01
   6.8079650e+06   3.8391113e+01
   6.8079780e+06   4.1076660e+01
   6.8086110e+06   3.6010742e+01
   6.8244930e+06   3.8879395e+01
   6.8245730e+06   3.5278320e+01
   6.8246420e+06   3.7170410e+01
   6.8249090e+06   3.5156250e+01
   6.8338150e+06   4.1015625e+01
   6.8340300e+06   3.5461426e+01
   6.8424280e+06   3.9245605e+01
   6.8425610e+06   3.6987305e+01
   6.8426050e+06   4.0588379e+01
   6.8427470e+06   3.5400391e+01
   6.8509790e+06   3.6987305e+01
   6.8578590e+06   3.7536621e+01
   6.8647600e+06   3.8330078e+01
   6.8648860e+06   3.5644531e+01
   6.8727450e+06   3.9794922e+01
   6.8728390e+06   3.5888672e+01
   6.8728870e+06   3.5217285e+01
   6.8730090e+06   3.5339355e+01
   6.8808770e+06   3.5217285e+01
   6.8869190e+06   3.9855957e+01
   6.9037670e+06   3.5705566e+01
   6.9038110e+06   3.6437988e+01
   6.9038850e+06   3.7963867e+01
   6.9040600e+06   3.6621094e+01
   6.9042880e+06   3.7048340e+01
   6.9158600e+06   4.0710449e+01
   6.9159890e+06   4.2114258e+01
   6.9161230e+06   5.3222656e+01
   6.9263660e+06   3.8208008e+01
   6.9264290e+06   4.1992188e+01
   6.9265990e+06   3.5827637e+01
   6.9267200e+06   3.9733887e+01
   6.9268260e+06   3.5888672e+01
   6.9339210e+06   4.0161133e+01
   6.9453430e+06   4.2846680e+01
   6.9453930e+06   4.2175293e+01
   6.9457210e+06   3.8635254e+01
   6.9458500e+06   3.7231445e+01
   6.9460100e+06   3.8818359e+01
   6.9571150e+06   3.6804199e+01
   6.9575110e+06   3.6071777e+01
   6.9577000e+06   3.7170410e+01
   6.9692840e+06   3.6132813e+01
   6.9694240e+06   3.8146973e+01
   6.9760840e+06   4.0710449e+01
   6.9764020e+06   3.5400391e+01
   6.9770510e+06   3.6315918e+01
   6.9889770e+06   3.5217285e+01
   7.0045830e+06   4.9499512e+01
   7.0047930e+06   4.1198730e+01
   7.0048530e+06   3.7475586e+01
   7.0049280e+06   3.6071777e+01
   7.0185620e+06   4.3029785e+01
   7.0254610e+06   4.2236328e+01
   7.0256900e+06   4.0466309e+01
   7.0257140e+06   3.9001465e+01
   7.0322990e+06   3.9550781e+01
   7.0397940e+06   3.5461426e+01
   7.0402960e+06   4.4006348e+01
   7.0405820e+06   3.8513184e+01
   7.0494950e+06   3.9245605e+01
   7.0611060e+06   3.7719727e+01
   7.0615590e+06   3.7780762e+01
   7.0679180e+06   3.5949707e+01
   7.0679810e+06   3.5339355e+01
   7.0682710e+06   3.6254883e+01
   7.0813900e+06   3.5949707e+01
   7.0896610e+06   3.7231445e+01
   7.0901550e+06   4.1076660e+01
   7.0962540e+06   4.4555664e+01
   7.0964260e+06   3.5827637e+01
   7.1028410e+06   3.7597656e+01
   7.1031180e+06   3.8940430e+01
   7.1089530e+06   3.8879395e+01
   7.1090980e+06   4.0649414e+01
   7.1148980e+06   3.6254883e+01
   7.1153260e+06   3.5217285e+01
   7.1225000e+06   3.5827637e+01
   7.1225860e+06   3.8085938e+01
   7.1226900e+06   3.6621094e+01
   7.1351780e+06   3.7780762e+01
   7.1352500e+06   3.6682129e+01
   7.1352760e+06   3.6010742e+01
   7.1353260e+06   3.5888672e+01
   7.1410070e+06   4.1748047e+01
   7.1471310e+06   4.3151855e+01
   7.1475540e+06   4.1748047e+01
   7.1533580e+06   4.8156738e+01
   7.1534650e+06   3.5278320e+01
   7.1599230e+06   3.8024902e+01
   7.1670700e+06   3.7719727e+01
   7.1731080e+06   3.7048340e+01
   7.1926000e+06   3.6010742e+01
   7.1984720e+06   4.0771484e+01
   7.2046330e+06   4.4982910e+01
   7.2047080e+06   3.5400391e+01
   7.2099040e+06   3.7353516e+01
   7.2167180e+06   3.7475586e+01
   7.2167480e+06   3.7414551e+01
   7.2167710e+06   4.1381836e+01
   7.2168710e+06   3.5644531e+01
   7.2238940e+06   3.5644531e+01
   7.2377300e+06   4.1687012e+01
   7.2512070e+06   3.5278320e+01
   7.2906690e+06   3.7719727e+01
   7.2998750e+06   3.6010742e+01
   7.2998930e+06   3.5461426e+01
   7.3001640e+06   3.7109375e+01
   7.3170030e+06   3.7597656e+01
   7.3173760e+06   3.9794922e+01
   7.3261750e+06   3.8696289e+01
   7.3263880e+06   4.1992188e+01
   7.3349410e+06   3.7902832e+01
   7.3446360e+06   3.5827637e+01
   7.3447500e+06   3.6254883e+01
   7.3545440e+06   3.5095215e+01
   7.3629550e+06   3.6437988e+01
   7.4065870e+06   3.6193848e+01
   7.4067140e+06   3.8024902e+01
   7.4071720e+06   3.8330078e+01
   7.4072270e+06   3.5461426e+01
   7.4076080e+06   3.5095215e+01
   7.4694200e+06   4.2785645e+01
   7.4698580e+06   3.5827637e+01
   7.4833440e+06   5.5969238e+01
   7.5079920e+06   3.5095215e+01
   7.5084430e+06   3.5461426e+01
   7.5089100e+06   3.5339355e+01
   7.5429400e+06   3.5095215e+01
   8.2359910e+06   3.5827637e+01
   8.2360360e+06   3.5156250e+01
   8.2361130e+06   3.8330078e+01
   8.2361340e+06   3.8269043e+01
   8.2361520e+06   3.8818359e+01
   8.2361810e+06   3.5522461e+01
   8.2367790e+06   3.6621094e+01
   8.2480860e+06   3.8940430e+01
   8.2481240e+06   4.0954590e+01
   8.2481920e+06   3.5766602e+01
   8.2483540e+06   3.9978027e+01
   8.2485280e+06   3.7780762e+01
   8.2486090e+06   4.0771484e+01
   8.2487260e+06   4.5654297e+01
   8.2779990e+06   3.8757324e+01
   8.2841590e+06   3.7353516e+01
   8.2903970e+06   3.7292480e+01
   8.2908040e+06   3.6865234e+01
   8.3032520e+06   3.9245605e+01
   8.3037400e+06   3.7353516e+01
   8.3038140e+06   3.5400391e+01
   8.3040240e+06   3.5766602e+01
   8.3193570e+06   3.6071777e+01
   8.3195610e+06   3.5217285e+01
   8.3198270e+06   3.7475586e+01
   8.3199630e+06   3.8879395e+01
   8.3201070e+06   4.1625977e+01
   8.3202810e+06   3.5705566e+01
   8.3203190e+06   3.5522461e+01
   8.3296030e+06   3.5461426e+01
   8.3375690e+06   4.4311523e+01
   8.3377970e+06   3.7292480e+01
   8.3380400e+06   3.6132813e+01
   8.3453100e+06   3.6132813e+01
   8.3454170e+06   3.5949707e+01
   8.3509990e+06   3.7109375e+01
   8.3583620e+06   4.1320801e+01
   8.3584780e+06   3.5949707e+01
   8.3586080e+06   3.5522461e+01
   8.3994980e+06   4.1442871e+01
   8.3995650e+06   3.9489746e+01
   8.3999940e+06   3.6376953e+01
   8.4092850e+06   3.9550781e+01
   8.4093090e+06   3.6560059e+01
   8.4191850e+06   3.6560059e+01
   8.4282760e+06   3.6193848e+01
   8.4287950e+06   3.6376953e+01
   8.4344750e+06   3.5278320e+01
   8.4345000e+06   3.5278320e+01
   8.4347370e+06   3.5461426e+01
   8.4429070e+06   3.5217285e+01
   8.4430500e+06   4.0405273e+01
   8.4431620e+06   3.7597656e+01
   8.4432070e+06   3.9978027e+01
   8.4432650e+06   3.8696289e+01
   8.4432900e+06   3.8024902e+01
   8.4435260e+06   3.5217285e+01
   8.4510790e+06   3.6315918e+01
   8.4514760e+06   3.5888672e+01
   8.4566200e+06   3.6010742e+01
   8.4620740e+06   3.6132813e+01
   8.4693900e+06   3.8818359e+01
   8.4694170e+06   4.1992188e+01
   8.4766980e+06   3.8574219e+01
   8.4833320e+06   3.6254883e+01
   8.4908510e+06   4.2236328e+01
   8.4909250e+06   4.8583984e+01
   8.4910020e+06   3.9489746e+01
   8.4913200e+06   4.7363281e+01
   8.4913590e+06   4.1198730e+01
   8.5003870e+06   4.1137695e+01
   8.5006990e+06   3.5156250e+01
   8.5008290e+06   3.6865234e+01
   8.5144600e+06   3.7475586e+01
   8.5145500e+06   3.8269043e+01
   8.5225840e+06   3.5400391e+01
   8.5226950e+06   3.7048340e+01
   8.5228590e+06   3.9245605e+01
   8.5233840e+06   3.5522461e+01
   8.5307590e+06   4.0344238e+01
   8.5308520e+06   5.3039551e+01
   8.5378500e+06   3.5888672e+01
   8.5379780e+06   4.1870117e+01
   8.5444610e+06   3.5156250e+01
   8.5446940e+06   5.2429199e+01
   8.5449320e+06   3.7231445e+01
   8.5516700e+06   3.6132813e+01
   8.5518760e+06   3.8513184e+01
   8.5583170e+06   3.8818359e+01
   8.5584360e+06   3.7231445e+01
   8.5585260e+06   3.6071777e+01
   8.5587080e+06   3.5827637e+01
   8.5661490e+06   4.2297363e+01
   8.5730730e+06   4.0283203e+01
   8.5732960e+06   3.7292480e+01
   8.5814280e+06   3.5278320e+01
   8.5817250e+06   3.9794922e+01
   8.5885740e+06   3.8146973e+01
   8.5959330e+06   4.0832520e+01
   8.5960050e+06   3.8269043e+01
   8.5961320e+06   3.5827637e+01
   8.5961460e+06   4.1320801e+01
   8.6037580e+06   3.7536621e+01
   8.6038090e+06   3.6621094e+01
   8.6180720e+06   4.0405273e+01
   8.6255450e+06   4.2297363e+01
   8.6256620e+06   3.5827637e+01
   8.6257050e+06   3.6437988e+01
   8.6259450e+06   3.6499023e+01
   8.6338000e+06   4.1564941e+01
   8.6339710e+06   3.6193848e+01
   8.6340690e+06   3.7109375e+01
   8.6409950e+06   3.7109375e+01
   8.6411330e+06   3.7963867e+01
   8.6485960e+06   3.7231445e+01
   8.6486320e+06   3.8146973e+01
   8.6486430e+06   3.5583496e+01
   8.6487360e+06   3.5278320e+01
   8.6488420e+06   3.5278320e+01
   8.6559540e+06   3.8085938e+01
   8.6560200e+06   3.6193848e+01
   8.6561380e+06   5.0292969e+01
   8.6624880e+06   3.5644531e+01
   8.6744300e+06   3.5644531e+01
   8.6747390e+06   4.5654297e+01
   8.6749170e+06   3.6682129e+01
   8.6834370e+06   4.3334961e+01
   8.7110420e+06   4.4250488e+01
   8.7112050e+06   3.6682129e+01
   8.7121960e+06   3.6010742e+01
   8.7122830e+06   3.8696289e+01
   8.7126100e+06   3.6987305e+01
   8.7278140e+06   3.8330078e+01
   8.7496580e+06   5.1391602e+01
   8.7551490e+06   3.6132813e+01
   8.7552060e+06   3.7658691e+01
   8.7553120e+06   3.8085938e+01
   8.7555070e+06   3.6254883e+01
   8.7555950e+06   4.4311523e+01
   8.7556850e+06   3.7963867e+01
   8.7626320e+06   3.5156250e+01
   8.7629960e+06   3.6010742e+01
   8.7869360e+06   3.7109375e+01
   8.7930460e+06   3.8635254e+01
   8.7994150e+06   3.7231445e+01
   8.7995390e+06   3.9428711e+01
   8.7995840e+06   3.5461426e+01
   8.8001790e+06   3.7414551e+01
   8.8085220e+06   3.9794922e+01
   8.8160020e+06   4.3640137e+01
   8.8165810e+06   4.5898438e+01
   8.8250960e+06   3.6926270e+01
   8.8334180e+06   4.2785645e+01
   8.8406300e+06   3.9123535e+01
   8.8410270e+06   4.4372559e+01
   8.8543690e+06   3.6437988e+01
   8.8796560e+06   3.5949707e+01
   8.8856170e+06   3.9916992e+01
   8.8937480e+06   3.7841797e+01
   8.9025640e+06   3.6682129e+01
   8.9029460e+06   3.5278320e+01
   8.9128530e+06   4.6813965e+01
   8.9255270e+06   3.8391113e+01
   8.9324490e+06   3.8330078e+01
   8.9325580e+06   3.6010742e+01
   8.9418600e+06   3.7536621e+01
   8.9419710e+06   3.9855957e+01
   8.9515580e+06   3.6132813e+01
   8.9575750e+06   4.4250488e+01
   8.9652160e+06   3.6865234e+01
   8.9727190e+06   3.9794922e+01
   8.9733040e+06   4.1015625e+01
   8.9802890e+06   3.5827637e+01
   8.9884720e+06   3.7780762e+01
   8.9888040e+06   3.5400391e+01
   8.9890190e+06   3.5095215e+01
   8.9979190e+06   3.6621094e+01
   9.0135250e+06   3.9184570e+01
   9.0140010e+06   3.8208008e+01
   9.0226700e+06   3.6132813e+01
   9.0230330e+06   3.7292480e+01
   9.0305220e+06   3.8208008e+01
   9.0306170e+06   3.7414551e+01
   9.0385700e+06   3.5949707e+01
   9.0387780e+06   3.5766602e+01
   9.0562790e+06   4.1259766e+01
   9.0563460e+06   3.6132813e+01
   9.0565230e+06   3.6560059e+01
   9.0649930e+06   3.5461426e+01
   9.0741530e+06   3.5095215e+01
   9.0741690e+06   3.6254883e+01
   9.0820980e+06   3.5339355e+01
   9.1049540e+06   3.6071777e+01
   9.1050400e+06   3.5522461e+01
   9.1051830e+06   3.5400391e+01
   9.1140410e+06   3.5766602e+01
   9.1143020e+06   3.8635254e+01
   9.1391060e+06   4.0100098e+01
   9.1393160e+06   3.5278320e+01
   9.1781390e+06   3.5339355e+01
   9.1786300e+06   3.7780762e+01
   1.0219259e+07   4.2480469e+01
   1.0219293e+07   3.5461426e+01
   1.0219356e+07   4.2968750e+01
   1.0219554e+07   4.0527344e+01
   1.0219713e+07   3.9978027e+01
   1.0221314e+07   3.8635254e+01
   1.0232295e+07   3.7719727e+01
   1.0232374e+07   4.5715332e+01
   1.0232402e+07   3.5644531e+01
   1.0232482e+07   4.1137695e+01
   1.0232507e+07   3.7231445e+01
   1.0232607e+07   3.7048340e+01
   1.0232971e+07   3.5156250e+01
   1.0233207e+07   3.5156250e+01
   1.0249050e+07   3.7475586e+01
   1.0260620e+07   3.8757324e+01
   1.0260847e+07   3.6315918e+01
   1.0266808e+07   3.8940430e+01
   1.0275629e+07   3.5156250e+01
   1.0275707e+07   4.2358398e+01
   1.0275922e+07   3.6560059e+01
   1.0276251e+07   3.7719727e+01
   1.0289977e+07   3.7475586e+01
   1.0290280e+07   3.9367676e+01
   1.0296209e+07   3.8085938e+01
   1.0303667e+07   4.1809082e+01
   1.0303711e+07   3.7780762e+01
   1.0314023e+07   3.7475586e+01
   1.0314332e+07   3.7353516e+01
   1.0320844e+07   3.5217285e+01
   1.0320970e+07   3.8513184e+01
   1.0336515e+07   3.8208008e+01
   1.0336969e+07   3.5522461e+01
   1.0344028e+07   3.5644531e+01
   1.0344134e+07   3.6499023e+01
   1.0344249e+07   3.6193848e+01
   1.0352678e+07   4.0283203e+01
   1.0352699e+07   4.0039063e+01
   1.0352844e+07   3.9916992e+01
   1.0352970e+07   3.8208008e+01
   1.0352998e+07   3.6010742e+01
   1.0367931e+07   3.5156250e+01
   1.0374333e+07   3.5217285e+01
   1.0374701e+07   3.5583496e+01
   1.0381359e+07   3.7719727e+01
   1.0381959e+07   3.9489746e+01
   1.0390094e+07   3.8024902e+01
   1.0390154e+07   3.8085938e+01
   1.0390252e+07   3.5522461e+01
   1.0390915e+07   3.5095215e+01
   1.0403864e+07   4.1076660e+01
   1.0411980e+07   3.7597656e+01
   1.0412269e+07   3.7780762e+01
   1.0426231e+07   3.8085938e+01
   1.0426291e+07   3.5766602e+01
   1.0426318e+07   3.8513184e+01
   1.0426335e+07   4.0588379e+01
   1.0426399e+07   3.5278320e+01
   1.0434281e+07   3.6254883e+01
   1.0434561e+07   3.6010742e+01
   1.0443962e+07   3.6254883e+01
   1.0444188e+07   3.6193848e+01
   1.0458394e+07   3.5461426e+01
   1.0458493e+07   3.5217285e+01
   1.0458800e+07   3.5827637e+01
   1.0464802e+07   3.6193848e+01
   1.0470503e+07   3.6987305e+01
   1.0470614e+07   4.2846680e+01
   1.0470892e+07   3.8330078e+01
   1.0471157e+07   3.7902832e+01
   1.0478042e+07   3.7414551e+01
   1.0478319e+07   3.5888672e+01
   1.0484830e+07   3.6743164e+01
   1.0485149e+07   3.7475586e+01
   1.0485250e+07   4.0649414e+01
   1.0492719e+07   3.8330078e+01
   1.0492743e+07   3.6254883e+01
   1.0493345e+07   3.6621094e+01
   1.0500402e+07   3.6743164e+01
   1.0500458e+07   3.6193848e+01
   1.0501008e+07   4.1992188e+01
   1.0514806e+07   3.6315918e+01
   1.0521579e+07   3.6926270e+01
   1.0528866e+07   3.8818359e+01
   1.0529007e+07   4.2785645e+01
   1.0529097e+07   3.8574219e+01
   1.0529114e+07   3.6499023e+01
   1.0529195e+07   3.5644531e+01
   1.0535613e+07   4.9499512e+01
   1.0535624e+07   3.5217285e+01
   1.0535718e+07   3.5705566e+01
   1.0549142e+07   3.7170410e+01
   1.0549219e+07   3.5278320e+01
   1.0555773e+07   3.5217285e+01
   1.0556094e+07   3.7536621e+01
   1.0556151e+07   3.5461426e+01
   1.0556353e+07   3.8024902e+01
   1.0567855e+07   3.5400391e+01
   1.0573782e+07   3.7963867e+01
   1.0573837e+07   3.8146973e+01
   1.0573978e+07   3.6499023e+01
   1.0574203e+07   3.8635254e+01
   1.0581175e+07   3.6499023e+01
   1.0587069e+07   3.5705566e+01
   1.0592940e+07   3.7658691e+01
   1.0593003e+07   3.8146973e+01
   1.0603185e+07   3.7414551e+01
   1.0609351e+07   4.6020508e+01
   1.0615908e+07   3.7597656e+01
   1.0615981e+07   3.7597656e+01
   1.0616070e+07   3.5583496e+01
   1.0616107e+07   4.1259766e+01
   1.0616330e+07   3.7292480e+01
   1.0616596e+07   4.2602539e+01
   1.0629109e+07   3.5156250e+01
   1.0629257e+07   3.8635254e+01
   1.0629509e+07   3.6743164e+01
   1.0652103e+07   3.9245605e+01
   1.0658906e+07   3.5461426e+01
   1.0658962e+07   3.5583496e+01
   1.0658992e+07   4.1564941e+01
   1.0672543e+07   3.6071777e+01
   1.0679632e+07   3.7780762e+01
   1.0687889e+07   3.6743164e+01
   1.0687928e+07   3.5461426e+01
   1.0688025e+07   3.6376953e+01
   1.0695150e+07   3.6682129e+01
   1.0702860e+07   3.5400391e+01
   1.0703252e+07   3.5827637e+01
   1.0710565e+07   3.6193848e+01
   1.0710607e+07   3.9978027e+01
   1.0718904e+07   3.5461426e+01
   1.0718955e+07   3.8635254e+01
   1.0719366e+07   3.5644531e+01
   1.0733256e+07   3.9916992e+01
   1.0733375e+07   3.7597656e+01
   1.0733703e+07   3.6499023e+01
   1.0741242e+07   5.0170898e+01
   1.0749567e+07   3.6071777e+01
   1.0749845e+07   4.5959473e+01
   1.0767383e+07   3.6621094e+01
   1.0767457e+07   3.5339355e+01
   1.0767526e+07   3.7902832e+01
   1.0767783e+07   3.6560059e+01
   1.0787068e+07   3.5156250e+01
   1.0787116e+07   3.6865234e+01
   1.0787202e+07   3.6010742e+01
   1.0787542e+07   3.7658691e+01
   1.0813024e+07   3.7780762e+01
   1.0813503e+07   3.9733887e+01
   1.0839765e+07   3.5095215e+01
   1.0840387e+07   3.7353516e+01
   1.0849672e+07   3.5949707e+01
   1.0849920e+07   3.5583496e+01
   1.0850142e+07   3.7902832e+01
   1.0881895e+07   3.6010742e+01
   1.0882100e+07   3.9123535e+01
   1.0882262e+07   3.5705566e+01
   1.0906626e+07   3.5095215e+01
   1.0925025e+07   3.7231445e+01
   1.0925100e+07   3.7963867e+01
   1.0925659e+07   3.9794922e+01
   1.0962467e+07   3.5949707e+01
   1.0999283e+07   3.5278320e+01
   1.0999427e+07   3.5949707e+01
   1.1001207e+07   4.1015625e+01
