   1.1996000e+07   0.0000000e+00
   2.4896000e+04   5.6884766e+01
   2.9901000e+04   5.1879883e+01
   6.7708000e+04   5.2551270e+01
   9.1303000e+04   5.4565430e+01
   1.0113800e+05   5.2124023e+01
   1.0728800e+05   5.1269531e+01
   1.2371200e+05   5.7128906e+01
   1.2642700e+05   6.4697266e+01
   1.3581300e+05   5.3649902e+01
   1.4394500e+05   5.1940918e+01
   1.7910800e+05   5.4199219e+01
   1.8657500e+05   6.3537598e+01
   1.8993200e+05   5.3588867e+01
   2.0150000e+05   5.3222656e+01
   2.1111900e+05   5.8471680e+01
   2.1114000e+05   5.9692383e+01
   2.1122600e+05   6.2683105e+01
   2.1134400e+05   5.4504395e+01
   2.2943400e+05   5.3344727e+01
   2.6006900e+05   5.8654785e+01
   2.6850100e+05   5.7434082e+01
   2.7142100e+05   5.9020996e+01
   3.1243100e+05   5.2551270e+01
   3.3401100e+05   5.6091309e+01
   3.5207900e+05   5.8715820e+01
   3.5343700e+05   5.3771973e+01
   3.6276500e+05   5.6152344e+01
   3.7901000e+05   6.0424805e+01
   3.7905600e+05   6.3476563e+01
   3.7914900e+05   5.3771973e+01
   3.7919500e+05   5.2978516e+01
   3.7931500e+05   5.1818848e+01
   3.7984100e+05   5.5358887e+01
   3.8797700e+05   5.2795410e+01
   3.8918400e+05   5.9265137e+01
   4.0637000e+05   5.2001953e+01
   4.1880900e+05   5.1269531e+01
   4.2653400e+05   5.6823730e+01
   4.3775300e+05   5.1879883e+01
   4.3834100e+05   5.7189941e+01
   4.5122000e+05   6.4941406e+01
   4.5126500e+05   5.2673340e+01
   4.5153800e+05   5.1452637e+01
   4.5200600e+05   5.9509277e+01
   4.6083900e+05   6.3415527e+01
   4.6998400e+05   6.3110352e+01
   4.7028400e+05   5.8105469e+01
   4.8064900e+05   5.1391602e+01
   4.8656800e+05   5.6762695e+01
   4.9989200e+05   5.2612305e+01
   5.0746300e+05   5.2490234e+01
   5.3196600e+05   5.8105469e+01
   5.4749700e+05   5.4992676e+01
   5.5593300e+05   6.1035156e+01
   5.6173900e+05   5.3527832e+01
   5.6792600e+05   5.3466797e+01
   5.6837300e+05   5.2856445e+01
   5.7664400e+05   5.7189941e+01
   5.9121700e+05   5.2490234e+01
   5.9178900e+05   5.4748535e+01
   5.9219800e+05   5.1818848e+01
   6.0892600e+05   5.1940918e+01
   6.3159100e+05   5.4138184e+01
   6.5712600e+05   6.0363770e+01
   6.5763900e+05   5.2856445e+01
   6.5782500e+05   5.4870605e+01
   6.5826700e+05   5.1452637e+01
   6.6867900e+05   5.3527832e+01
   6.8004900e+05   5.7312012e+01
   7.0203700e+05   5.5664062e+01
   7.1897800e+05   6.8420410e+01
   7.3242200e+05   5.3100586e+01
   7.4511700e+05   6.2744141e+01
   7.5187700e+05   5.5053711e+01
   7.5301500e+05   5.4687500e+01
   7.5329600e+05   5.8471680e+01
   8.2935300e+05   5.9020996e+01
   8.3460800e+05   5.2246094e+01
   8.7919700e+05   6.2866211e+01
   9.2055700e+05   6.1279297e+01
   9.3293900e+05   6.8542480e+01
   9.4413000e+05   5.4260254e+01
   9.5709000e+05   5.7800293e+01
   9.8221900e+05   5.6396484e+01
   9.8286600e+05   5.5847168e+01
   9.8313700e+05   5.1818848e+01
   9.8325700e+05   6.7077637e+01
   1.0227360e+06   5.2734375e+01
   1.0461090e+06   5.5236816e+01
   1.0558220e+06   5.4443359e+01
   1.0584990e+06   5.6762695e+01
   1.0829780e+06   5.4565430e+01
   1.1039230e+06   5.8471680e+01
   1.1110790e+06   5.1391602e+01
   1.1177920e+06   5.1574707e+01
   1.1378120e+06   5.5419922e+01
   1.1533800e+06   5.6274414e+01
   1.1820540e+06   5.2001953e+01
   1.2211520e+06   6.4208984e+01
   1.2679410e+06   5.4260254e+01
   1.2681070e+06   5.2429199e+01
   1.2681330e+06   6.9580078e+01
   1.2681630e+06   5.3710938e+01
   1.2694830e+06   5.5908203e+01
   1.2929360e+06   5.2795410e+01
   1.2953120e+06   5.1513672e+01
   1.3056700e+06   6.3598633e+01
   1.3350420e+06   5.4321289e+01
   1.3494260e+06   5.2307129e+01
   1.3532720e+06   5.1879883e+01
   1.3535870e+06   5.3161621e+01
   1.3537210e+06   5.3527832e+01
   1.3543350e+06   5.2246094e+01
   1.3895380e+06   5.8593750e+01
   1.4103530e+06   5.3405762e+01
   1.4108280e+06   5.3466797e+01
   1.4297630e+06   6.0974121e+01
   1.4298850e+06   5.1513672e+01
   1.4299840e+06   5.2612305e+01
   1.4310600e+06   5.4321289e+01
   1.4471960e+06   5.2612305e+01
   1.4573500e+06   5.3161621e+01
   1.4627590e+06   5.6091309e+01
   1.4630830e+06   5.1391602e+01
   1.4842150e+06   5.2062988e+01
   1.5052380e+06   5.3527832e+01
   1.5248780e+06   5.9448242e+01
   1.5494510e+06   7.2021484e+01
   1.5501880e+06   5.5786133e+01
   1.5858410e+06   5.2612305e+01
   1.6129290e+06   5.1391602e+01
   1.6129990e+06   5.7983398e+01
   1.6490970e+06   6.0241699e+01
   1.6573060e+06   5.7800293e+01
   1.6666550e+06   5.1269531e+01
   1.6835610e+06   5.1879883e+01
   1.6869660e+06   5.3100586e+01
   1.7422990e+06   5.7739258e+01
   1.7425220e+06   5.3955078e+01
   1.7973980e+06   5.6823730e+01
   1.8030450e+06   5.9814453e+01
   1.8031050e+06   5.5541992e+01
   1.8086830e+06   5.1757813e+01
   1.8263440e+06   5.3771973e+01
   1.8464710e+06   5.4260254e+01
   1.8596610e+06   5.3894043e+01
   1.8690760e+06   5.7861328e+01
   1.8794710e+06   5.4931641e+01
   1.8948850e+06   5.1696777e+01
   1.9141920e+06   5.1269531e+01
   1.9166100e+06   6.6345215e+01
   1.9195510e+06   5.6701660e+01
   1.9323140e+06   5.8715820e+01
   1.9584160e+06   5.9204102e+01
   1.9634850e+06   5.3222656e+01
   1.9754630e+06   6.1584473e+01
   1.9756230e+06   5.1330566e+01
   1.9932150e+06   5.4931641e+01
   1.9970290e+06   5.1330566e+01
   2.0011520e+06   5.7006836e+01
   2.0053740e+06   5.9143066e+01
   2.0107920e+06   5.6579590e+01
   2.0206760e+06   5.6823730e+01
   2.0577750e+06   5.6518555e+01
   2.0636380e+06   5.7800293e+01
   2.0753980e+06   5.3466797e+01
   2.0754700e+06   5.2551270e+01
   2.0755370e+06   5.5297852e+01
   2.0757950e+06   5.2062988e+01
   2.0934630e+06   5.4992676e+01
   2.1501450e+06   5.5114746e+01
   2.1503840e+06   5.2734375e+01
   2.1643300e+06   5.2917480e+01
   2.1647270e+06   5.4748535e+01
   2.2073280e+06   5.3039551e+01
   2.2182150e+06   5.1269531e+01
   2.2930850e+06   5.1269531e+01
   2.3128740e+06   6.2194824e+01
   2.3314600e+06   5.7861328e+01
   2.4060540e+06   6.1767578e+01
   2.4064480e+06   5.4687500e+01
   2.4191010e+06   5.5480957e+01
   2.4265630e+06   5.5969238e+01
   2.5318180e+06   5.2001953e+01
   2.5474380e+06   5.4870605e+01
   2.5565190e+06   5.2734375e+01
   2.5903630e+06   5.6335449e+01
   2.5974120e+06   7.1777344e+01
   2.5975670e+06   5.1879883e+01
   2.6346230e+06   5.4992676e+01
   2.6558420e+06   5.3344727e+01
   2.7611370e+06   5.8288574e+01
   2.7614260e+06   5.2734375e+01
   2.7617790e+06   5.3649902e+01
   3.0669210e+06   5.3039551e+01
   3.1578880e+06   5.4077148e+01
   3.1579580e+06   5.9997559e+01
   3.1580280e+06   5.5114746e+01
   3.1580520e+06   5.5358887e+01
   3.1582090e+06   5.7373047e+01
   3.2554690e+06   5.4931641e+01
   3.2773010e+06   5.9020996e+01
   3.2930300e+06   5.4626465e+01
   3.3532860e+06   5.3161621e+01
   3.3533960e+06   6.4208984e+01
   3.3534160e+06   5.5664063e+01
   3.3534930e+06   7.4707031e+01
   3.3535630e+06   6.4086914e+01
   3.3546710e+06   5.6945801e+01
   3.5176420e+06   5.7983398e+01
   3.5347160e+06   5.5603027e+01
   3.5394280e+06   6.9641113e+01
   3.6071060e+06   6.4575195e+01
   3.6072650e+06   7.3974609e+01
   3.6073560e+06   5.9997559e+01
   3.6498570e+06   5.1513672e+01
   3.6683110e+06   5.2917480e+01
   3.6687140e+06   5.7434082e+01
   3.6820340e+06   5.6579590e+01
   3.6828230e+06   5.4809570e+01
   3.7368320e+06   5.2795410e+01
   3.7437250e+06   5.1879883e+01
   3.7591780e+06   5.5664063e+01
   3.7742750e+06   5.5175781e+01
   3.7912760e+06   5.1513672e+01
   3.8156930e+06   5.1269531e+01
   3.8362570e+06   5.1818848e+01
   3.8454680e+06   5.6884766e+01
   3.8549230e+06   5.9509277e+01
   3.8833050e+06   5.2490234e+01
   3.8986220e+06   5.6213379e+01
   3.8989050e+06   6.6955566e+01
   3.8992140e+06   5.3955078e+01
   3.8993440e+06   5.2246094e+01
   4.1117640e+06   5.4077148e+01
   4.1540460e+06   5.5358887e+01
   4.1904280e+06   5.1452637e+01
   4.2539660e+06   5.8898926e+01
   4.2642840e+06   5.4382324e+01
   4.2762500e+06   5.2001953e+01
   4.3639060e+06   7.8857422e+01
   4.3847660e+06   5.9753418e+01
   4.3880450e+06   5.4199219e+01
   4.3881520e+06   6.7565918e+01
   4.3883780e+06   5.5419922e+01
   4.4069490e+06   5.2978516e+01
   4.4072810e+06   6.5185547e+01
   4.4074480e+06   5.3344727e+01
   4.4075890e+06   5.1269531e+01
   4.4078470e+06   5.2001953e+01
   4.4259230e+06   5.1391602e+01
   4.4480280e+06   5.2307129e+01
   4.4592280e+06   5.3405762e+01
   4.4800850e+06   5.5786133e+01
   4.5008620e+06   5.3527832e+01
   4.5102620e+06   5.2185059e+01
   4.5147910e+06   5.2551270e+01
   4.5419110e+06   5.6213379e+01
   4.5423850e+06   5.3344727e+01
   4.5428100e+06   5.6762695e+01
   4.5498900e+06   5.2612305e+01
   4.5547710e+06   6.1401367e+01
   4.5803070e+06   5.7006836e+01
   4.5874220e+06   6.5063477e+01
   4.6141160e+06   5.3466797e+01
   4.6600180e+06   5.5786133e+01
   4.7115400e+06   5.3771973e+01
   4.7203610e+06   6.0913086e+01
   4.7205260e+06   5.1330566e+01
   4.7496830e+06   5.1940918e+01
   4.7691690e+06   5.2978516e+01
   4.7693850e+06   6.0974121e+01
   4.7754650e+06   5.7067871e+01
   4.8278720e+06   5.6823730e+01
   4.8491400e+06   5.4199219e+01
   4.8914440e+06   5.2368164e+01
   4.9048920e+06   5.4443359e+01
   4.9050030e+06   5.1452637e+01
   4.9125760e+06   6.3720703e+01
   4.9298390e+06   5.2062988e+01
   4.9385540e+06   5.3833008e+01
   4.9387020e+06   5.3100586e+01
   4.9493970e+06   5.1391602e+01
   4.9708270e+06   6.1157227e+01
   4.9710740e+06   5.6274414e+01
   4.9950970e+06   5.9204102e+01
   4.9951960e+06   5.3955078e+01
   5.0119910e+06   5.1818848e+01
   5.0184250e+06   5.8532715e+01
   5.0309410e+06   5.4077148e+01
   5.0431400e+06   5.2124023e+01
   5.0853050e+06   5.4443359e+01
   5.0993860e+06   5.9143066e+01
   5.1191900e+06   5.2490234e+01
   5.1264510e+06   5.1391602e+01
   5.1314570e+06   6.3049316e+01
   5.1491190e+06   5.2429199e+01
   5.1532510e+06   5.4626465e+01
   5.1584660e+06   5.1391602e+01
   5.1850770e+06   5.2978516e+01
   5.2050780e+06   5.3833008e+01
   5.2051350e+06   5.1269531e+01
   5.2113300e+06   5.5541992e+01
   5.2222720e+06   5.3039551e+01
   5.2401040e+06   6.7016602e+01
   5.2522220e+06   5.4809570e+01
   5.2578240e+06   5.1330566e+01
   5.2742800e+06   5.3771973e+01
   5.2800640e+06   5.6640625e+01
   5.2865350e+06   5.5175781e+01
   5.3063940e+06   5.5236816e+01
   5.3129440e+06   5.3710938e+01
   5.3741250e+06   5.1635742e+01
   5.3824100e+06   6.4575195e+01
   5.3981460e+06   5.2795410e+01
   5.4069670e+06   7.0800781e+01
   5.4156930e+06   5.2246094e+01
   5.4242510e+06   5.2673340e+01
   5.4936380e+06   5.1574707e+01
   5.5081880e+06   5.1696777e+01
   5.5243890e+06   5.4809570e+01
   5.5996540e+06   5.5419922e+01
   5.5999660e+06   5.1696777e+01
   6.0671410e+06   6.6162109e+01
   6.2478110e+06   5.3833008e+01
   6.2499720e+06   5.2429199e+01
   6.3806530e+06   6.2561035e+01
   6.4108290e+06   5.8410645e+01
   6.4950980e+06   5.1879883e+01
   6.4951290e+06   6.1035156e+01
   6.4951920e+06   5.2490234e+01
   6.5078800e+06   6.2438965e+01
   6.5079520e+06   5.1391602e+01
   6.5164670e+06   5.7006836e+01
   6.5279600e+06   7.7087402e+01
   6.5297110e+06   5.2734375e+01
   6.5301380e+06   5.8715820e+01
   6.5303020e+06   5.8593750e+01
   6.5435160e+06   5.1452637e+01
   6.5550800e+06   5.3894043e+01
   6.5866760e+06   5.1635742e+01
   6.5934480e+06   5.7861328e+01
   6.6022230e+06   5.4016113e+01
   6.6161910e+06   5.5786133e+01
   6.6167680e+06   5.5969238e+01
   6.6279580e+06   5.9753418e+01
   6.6329890e+06   6.0913086e+01
   6.6459890e+06   5.4077148e+01
   6.6460320e+06   5.4016113e+01
   6.6781240e+06   5.2429199e+01
   6.6848150e+06   5.5725098e+01
   6.6915450e+06   5.5969238e+01
   6.6916850e+06   5.9143066e+01
   6.7138280e+06   5.2734375e+01
   6.7274070e+06   5.4321289e+01
   6.7724130e+06   5.4687500e+01
   6.8510760e+06   5.2307129e+01
   6.8726160e+06   5.5541992e+01
   6.9099510e+06   5.3894043e+01
   6.9155840e+06   5.7128906e+01
   6.9395910e+06   5.2001953e+01
   6.9452900e+06   5.4138184e+01
   7.0253430e+06   5.6213379e+01
   7.1025420e+06   5.8288574e+01
   7.1598900e+06   5.5419922e+01
   7.1925860e+06   5.7495117e+01
   7.1984470e+06   5.9509277e+01
   7.1989940e+06   6.5551758e+01
   7.1993160e+06   5.4687500e+01
   7.2098700e+06   5.7128906e+01
   7.2239370e+06   5.2795410e+01
   7.2305640e+06   5.2551270e+01
   7.2439090e+06   5.5847168e+01
   7.2599000e+06   5.1940918e+01
   7.2994920e+06   5.2185059e+01
   7.3172070e+06   5.3344727e+01
   7.3448470e+06   5.9082031e+01
   7.3625380e+06   5.4260254e+01
   7.3720990e+06   5.5603027e+01
   7.3879340e+06   6.4025879e+01
   7.4077670e+06   5.4443359e+01
   7.4465240e+06   6.2072754e+01
   7.4572190e+06   5.2246094e+01
   7.4573840e+06   5.3222656e+01
   7.4581450e+06   5.8654785e+01
   7.5075470e+06   5.6030273e+01
   7.8408420e+06   5.2612305e+01
   8.0873150e+06   5.8471680e+01
   8.1012140e+06   5.5786133e+01
   8.1560350e+06   5.9082031e+01
   8.2361340e+06   6.0363770e+01
   8.2362900e+06   5.9692383e+01
   8.2484630e+06   5.3283691e+01
   8.2486080e+06   5.2062988e+01
   8.2638770e+06   6.2500000e+01
   8.2706050e+06   5.9387207e+01
   8.2906650e+06   5.1757813e+01
   8.3105320e+06   5.1879883e+01
   8.3294220e+06   5.6457520e+01
   8.3371940e+06   8.0749512e+01
   8.3513440e+06   5.2673340e+01
   8.3585350e+06   5.2185059e+01
   8.3585970e+06   5.3710938e+01
   8.3586790e+06   5.3222656e+01
   8.3684950e+06   5.2185059e+01
   8.3759500e+06   5.5969238e+01
   8.3915900e+06   5.2612305e+01
   8.3992190e+06   5.5603027e+01
   8.4426840e+06   5.1452637e+01
   8.4565590e+06   5.2490234e+01
   8.4763080e+06   5.9570313e+01
   8.4835730e+06   5.3344727e+01
   8.5377980e+06   5.9997559e+01
   8.5443980e+06   7.6110840e+01
   8.5514400e+06   5.9936523e+01
   8.5660190e+06   6.1401367e+01
   8.5663290e+06   5.2734375e+01
   8.5734690e+06   5.4809570e+01
   8.5957710e+06   5.4321289e+01
   8.5958020e+06   5.6518555e+01
   8.6033160e+06   5.1940918e+01
   8.6091640e+06   5.1330566e+01
   8.6181050e+06   5.1757813e+01
   8.6254660e+06   6.0424805e+01
   8.6958130e+06   7.3303223e+01
   8.7050340e+06   5.1269531e+01
   8.7278290e+06   5.4992676e+01
   8.7551460e+06   6.2866211e+01
   8.7552150e+06   5.1757813e+01
   8.7624690e+06   5.4687500e+01
   8.8404360e+06   5.4809570e+01
   8.8545100e+06   5.4321289e+01
   8.9028150e+06   5.2246094e+01
   8.9188720e+06   5.7128906e+01
   8.9417770e+06   5.2062988e+01
   8.9515040e+06   5.2673340e+01
   8.9575100e+06   5.1696777e+01
   8.9575520e+06   5.6152344e+01
   8.9802760e+06   5.4199219e+01
   9.0226350e+06   5.3955078e+01
   9.0305000e+06   5.2490234e+01
   9.0473890e+06   6.1523438e+01
   9.0906920e+06   5.2185059e+01
   9.1050150e+06   5.6518555e+01
   9.1139430e+06   5.5053711e+01
   9.1387690e+06   5.3894043e+01
   9.1626390e+06   5.4504395e+01
   9.1627040e+06   5.3344727e+01
   1.0161200e+07   5.3039551e+01
   1.0219318e+07   5.4687500e+01
   1.0219410e+07   5.3466797e+01
   1.0232089e+07   5.5725098e+01
   1.0232220e+07   5.3833008e+01
   1.0232743e+07   5.7067871e+01
   1.0275343e+07   5.1330566e+01
   1.0275559e+07   5.2062988e+01
   1.0289976e+07   6.0974121e+01
   1.0296864e+07   5.8044434e+01
   1.0321550e+07   5.4138184e+01
   1.0343647e+07   5.4016113e+01
   1.0350062e+07   5.2001953e+01
   1.0368116e+07   5.5297852e+01
   1.0374320e+07   5.9509277e+01
   1.0390237e+07   5.9631348e+01
   1.0403582e+07   5.5053711e+01
   1.0427132e+07   5.3466797e+01
   1.0458724e+07   5.1574707e+01
   1.0493137e+07   5.9631348e+01
   1.0500340e+07   5.4321289e+01
   1.0529104e+07   5.2612305e+01
   1.0535349e+07   5.5419922e+01
   1.0541799e+07   5.7250977e+01
   1.0542241e+07   5.1696777e+01
   1.0567736e+07   5.2307129e+01
   1.0622687e+07   5.2185059e+01
   1.0645622e+07   5.8532715e+01
   1.0666337e+07   5.3405762e+01
   1.0776000e+07   6.0424805e+01
   1.0797104e+07   5.3405762e+01
   1.0797260e+07   6.2683105e+01
   1.0813030e+07   5.2246094e+01
   1.0870502e+07   5.2185059e+01
   1.0882032e+07   5.2368164e+01
   1.0906276e+07   5.1940918e+01
   1.0938443e+07   5.2368164e+01
   1.1020628e+07   5.3039551e+01
   1.1059252e+07   5.2551270e+01
   1.1445533e+07   6.8908691e+01
