   8.9970000e+06   0.0000000e+00
   2.5551000e+04   3.2470703e+01
   2.5589000e+04   4.5898438e+01
   2.5632000e+04   3.2897949e+01
   2.5738000e+04   4.0832520e+01
   2.5796000e+04   3.3813477e+01
   2.5846000e+04   3.6743164e+01
   2.5899000e+04   3.4912109e+01
   2.5921000e+04   4.1076660e+01
   2.5955000e+04   3.2836914e+01
   2.5995000e+04   3.1616211e+01
   2.6205000e+04   3.5278320e+01
   2.6434000e+04   4.4311523e+01
   2.6883000e+04   3.0944824e+01
   2.7006000e+04   3.8024902e+01
   6.0153000e+04   2.9907227e+01
   6.0206000e+04   3.8330078e+01
   7.9159000e+04   3.2409668e+01
   1.0492300e+05   3.6804199e+01
   1.0501400e+05   3.3203125e+01
   1.0510200e+05   4.8156738e+01
   1.0533200e+05   4.2358398e+01
   1.0540500e+05   4.0100098e+01
   1.0548700e+05   3.0090332e+01
   1.0572900e+05   3.7170410e+01
   1.0586600e+05   3.1738281e+01
   1.3234700e+05   3.3935547e+01
   1.3242800e+05   4.6447754e+01
   1.3248200e+05   3.5461426e+01
   1.3257900e+05   2.9724121e+01
   1.3269200e+05   3.9794922e+01
   1.5285600e+05   3.0090332e+01
   1.6706000e+05   4.2114258e+01
   1.6710000e+05   3.0578613e+01
   1.6714300e+05   3.6987305e+01
   1.6719400e+05   4.2602539e+01
   1.6724700e+05   3.8635254e+01
   1.6739500e+05   4.0527344e+01
   1.9661600e+05   4.2358398e+01
   2.2999000e+05   4.0466309e+01
   2.3004500e+05   3.2165527e+01
   2.3012000e+05   3.0700684e+01
   2.9902300e+05   3.7719727e+01
   2.9907300e+05   3.7048340e+01
   2.9920200e+05   3.5400391e+01
   2.9928200e+05   3.7597656e+01
   2.9937300e+05   4.0649414e+01
   2.9955300e+05   3.4484863e+01
   2.9969900e+05   2.9357910e+01
   3.7326900e+05   3.3630371e+01
   3.7330100e+05   3.4912109e+01
   3.7360300e+05   3.6254883e+01
   3.7367200e+05   3.7902832e+01
   3.7372400e+05   3.5278320e+01
   3.7483500e+05   3.3264160e+01
   3.7545500e+05   3.3447266e+01
   3.7567700e+05   3.8574219e+01
   3.7612900e+05   3.2226563e+01
   3.7641000e+05   3.0700684e+01
   4.6383100e+05   3.0822754e+01
   4.8024000e+05   4.0527344e+01
   4.8033500e+05   3.2287598e+01
   4.8039000e+05   3.9001465e+01
   4.8044300e+05   5.1025391e+01
   4.8057600e+05   3.7231445e+01
   4.8062300e+05   3.5522461e+01
   4.8068000e+05   3.5461426e+01
   4.8139300e+05   3.2348633e+01
   4.8160200e+05   3.6743164e+01
   4.8174000e+05   4.0649414e+01
   4.8183300e+05   3.9367676e+01
   4.8203800e+05   2.9907227e+01
   4.8218900e+05   3.6071777e+01
   4.8239400e+05   3.5400391e+01
   5.1356700e+05   3.5095215e+01
   5.8170300e+05   4.0039063e+01
   5.8174100e+05   3.2714844e+01
   5.8178700e+05   4.1076660e+01
   5.8184600e+05   3.5583496e+01
   5.8196100e+05   3.3996582e+01
   6.3681600e+05   3.7597656e+01
   6.3687100e+05   3.6621094e+01
   6.3694600e+05   4.1748047e+01
   6.8806500e+05   3.0578613e+01
   7.0686900e+05   3.4667969e+01
   7.3895700e+05   4.5410156e+01
   7.7409300e+05   3.1372070e+01
   7.7425900e+05   3.1066895e+01
   7.7453900e+05   4.6508789e+01
   8.3230700e+05   3.5278320e+01
   8.4381000e+05   4.6020508e+01
   8.5355200e+05   3.4362793e+01
   8.7270700e+05   3.3874512e+01
   8.9694300e+05   3.4179688e+01
   8.9711600e+05   3.2775879e+01
   9.2963800e+05   3.4179688e+01
   9.2967500e+05   4.8400879e+01
   9.2975900e+05   3.5461426e+01
   9.4939800e+05   3.4851074e+01
   9.5387200e+05   3.6804199e+01
   9.5401800e+05   4.3395996e+01
   9.5411600e+05   3.7353516e+01
   9.9675700e+05   2.9785156e+01
   9.9684000e+05   3.9978027e+01
   9.9717100e+05   3.0639648e+01
   1.0383440e+06   2.9479980e+01
   1.0385040e+06   3.5766602e+01
   1.0386330e+06   3.1372070e+01
   1.0388140e+06   3.9916992e+01
   1.0902050e+06   3.9367676e+01
   1.0902330e+06   3.2714844e+01
   1.1468100e+06   3.2592773e+01
   1.1793950e+06   3.1555176e+01
   1.1888500e+06   2.9663086e+01
   1.3231590e+06   3.3447266e+01
   1.3232160e+06   3.4606934e+01
   1.3232550e+06   3.4240723e+01
   1.3232970e+06   5.2307129e+01
   1.3233600e+06   3.2470703e+01
   1.3233990e+06   4.2175293e+01
   1.3242290e+06   3.6376953e+01
   1.3245130e+06   3.6132813e+01
   1.3249770e+06   3.2165527e+01
   1.3251740e+06   3.8391113e+01
   1.4976960e+06   3.5400391e+01
   1.4977920e+06   3.6499023e+01
   1.4979720e+06   4.0039063e+01
   1.5549830e+06   4.0527344e+01
   1.5550600e+06   3.4301758e+01
   1.5552040e+06   3.6315918e+01
   1.5553100e+06   3.0944824e+01
   1.6004280e+06   4.7668457e+01
   1.6156580e+06   3.1738281e+01
   1.6601560e+06   4.1809082e+01
   1.6602580e+06   4.3518066e+01
   1.6604480e+06   3.1677246e+01
   1.6605710e+06   4.0100098e+01
   1.6606830e+06   4.8645020e+01
   1.6607880e+06   3.4729004e+01
   1.6616040e+06   3.3813477e+01
   1.6880850e+06   3.1982422e+01
   1.6882110e+06   3.6254883e+01
   1.6995170e+06   3.6437988e+01
   1.6997020e+06   3.1494141e+01
   1.7229610e+06   3.0822754e+01
   1.7783380e+06   3.0395508e+01
   1.7944900e+06   2.9296875e+01
   1.7945280e+06   2.9296875e+01
   1.7946150e+06   3.2226563e+01
   1.7946750e+06   3.5583496e+01
   1.7947380e+06   3.3386230e+01
   1.7947980e+06   3.1127930e+01
   1.7949630e+06   3.2043457e+01
   1.7950720e+06   3.3996582e+01
   1.7952090e+06   3.2226563e+01
   1.7953740e+06   3.4729004e+01
   1.7963530e+06   3.8085938e+01
   1.8735600e+06   3.5644531e+01
   1.8737320e+06   3.1127930e+01
   1.8737810e+06   3.7353516e+01
   1.8738950e+06   3.4545898e+01
   1.8739930e+06   5.1940918e+01
   1.8742390e+06   3.7597656e+01
   1.8742880e+06   4.3457031e+01
   1.8743480e+06   3.8208008e+01
   1.8745550e+06   3.6987305e+01
   1.8747180e+06   3.6499023e+01
   1.8749860e+06   4.2114258e+01
   1.9364470e+06   4.2602539e+01
   1.9366340e+06   3.4423828e+01
   2.0642270e+06   3.3752441e+01
   2.0642550e+06   2.9418945e+01
   2.0926030e+06   3.1188965e+01
   2.0927510e+06   3.1433105e+01
   2.1304040e+06   3.8818359e+01
   2.1304820e+06   3.0822754e+01
   2.1306080e+06   3.6621094e+01
   2.1306890e+06   3.9001465e+01
   2.1308330e+06   3.9306641e+01
   2.1309620e+06   3.4362793e+01
   2.1317260e+06   3.8940430e+01
   2.1321910e+06   3.1433105e+01
   2.1322990e+06   3.6132813e+01
   2.1326290e+06   3.8208008e+01
   2.1328510e+06   3.3752441e+01
   2.1331660e+06   3.9306641e+01
   2.1334430e+06   3.8574219e+01
   2.3312990e+06   4.5166016e+01
   2.3315860e+06   3.3447266e+01
   2.3317420e+06   3.9672852e+01
   2.3319390e+06   3.5766602e+01
   2.4110790e+06   4.2663574e+01
   2.4112190e+06   3.5766602e+01
   2.4300390e+06   4.1564941e+01
   2.4301320e+06   3.2470703e+01
   2.4302660e+06   3.1677246e+01
   2.4303310e+06   3.1616211e+01
   2.4304610e+06   3.0761719e+01
   2.4305090e+06   3.5827637e+01
   2.4305810e+06   3.5278320e+01
   2.4306280e+06   3.3447266e+01
   2.4313160e+06   3.0517578e+01
   2.4316440e+06   3.2592773e+01
   2.4318580e+06   3.1188965e+01
   2.4322880e+06   3.8269043e+01
   2.4323970e+06   2.9968262e+01
   2.4330050e+06   2.9968262e+01
   2.4902710e+06   3.1188965e+01
   2.4903230e+06   3.3569336e+01
   2.4903800e+06   2.9602051e+01
   2.4905060e+06   3.2226563e+01
   2.4906140e+06   2.9479980e+01
   2.4907510e+06   3.2348633e+01
   2.4908010e+06   3.3264160e+01
   2.4908770e+06   3.2897949e+01
   2.4909870e+06   3.7902832e+01
   2.4910720e+06   3.7719727e+01
   2.4911650e+06   3.9978027e+01
   2.4915050e+06   3.3203125e+01
   2.4916340e+06   2.9296875e+01
   2.4919150e+06   3.4973145e+01
   2.5649900e+06   2.9357910e+01
   2.5651000e+06   3.5400391e+01
   2.5652530e+06   3.4912109e+01
   2.6070000e+06   3.9245605e+01
   2.6070710e+06   2.9968262e+01
   2.6301320e+06   3.1982422e+01
   2.6729370e+06   3.0273438e+01
   2.6730320e+06   2.9663086e+01
   2.7287160e+06   3.0212402e+01
   2.7287530e+06   3.6254883e+01
   2.7287950e+06   4.1259766e+01
   2.7288440e+06   4.2419434e+01
   2.7289940e+06   2.9296875e+01
   2.7290760e+06   3.1250000e+01
   2.7291640e+06   3.1494141e+01
   2.7293960e+06   3.0151367e+01
   2.7294960e+06   3.1005859e+01
   2.7296460e+06   3.4179688e+01
   2.7300870e+06   3.1188965e+01
   2.7758020e+06   3.7170410e+01
   2.7758690e+06   3.0029297e+01
   2.7760100e+06   3.0090332e+01
   2.7761820e+06   3.7963867e+01
   2.7993160e+06   3.6437988e+01
   2.7994460e+06   4.1137695e+01
   2.7995710e+06   4.2114258e+01
   2.8347190e+06   3.0273438e+01
   2.8520120e+06   3.3264160e+01
   2.8839880e+06   3.0334473e+01
   2.8841010e+06   3.7658691e+01
   2.8842040e+06   3.0151367e+01
   2.8842900e+06   4.5043945e+01
   2.8843610e+06   3.0029297e+01
   2.8846110e+06   3.2104492e+01
   2.8846890e+06   3.3142090e+01
   2.9080310e+06   3.1921387e+01
   2.9081300e+06   3.8574219e+01
   2.9081440e+06   2.9968262e+01
   2.9082120e+06   3.3447266e+01
   2.9084090e+06   3.9550781e+01
   2.9312560e+06   3.6376953e+01
   2.9477260e+06   3.7841797e+01
   2.9478810e+06   3.0029297e+01
   2.9478910e+06   3.2653809e+01
   2.9479540e+06   3.5095215e+01
   2.9480160e+06   3.6926270e+01
   2.9480730e+06   3.5034180e+01
   2.9484730e+06   3.0334473e+01
   2.9486560e+06   3.3691406e+01
   2.9891600e+06   3.0517578e+01
   3.0254930e+06   3.2165527e+01
   3.0255370e+06   3.1921387e+01
   3.0255920e+06   3.4851074e+01
   3.0257420e+06   3.5278320e+01
   3.0258700e+06   3.7597656e+01
   3.0494070e+06   3.8269043e+01
   3.0495330e+06   3.7841797e+01
   3.0497140e+06   4.4311523e+01
   3.0621890e+06   3.1066895e+01
   3.0900450e+06   3.1799316e+01
   3.1232250e+06   3.0151367e+01
   3.1233050e+06   3.3203125e+01
   3.1234270e+06   2.9663086e+01
   3.1236310e+06   3.0578613e+01
   3.1238110e+06   3.8940430e+01
   3.1540470e+06   3.6621094e+01
   3.1541850e+06   2.9663086e+01
   3.1639540e+06   3.3874512e+01
   3.2177510e+06   3.0883789e+01
   3.2259770e+06   3.1433105e+01
   3.2640990e+06   3.1066895e+01
   3.2972520e+06   3.0456543e+01
   3.2973860e+06   3.2531738e+01
   3.2975640e+06   3.3020020e+01
   3.2976260e+06   5.0903320e+01
   3.2978220e+06   3.3447266e+01
   3.2981240e+06   3.7048340e+01
   3.2983350e+06   3.5461426e+01
   3.2985720e+06   3.2043457e+01
   3.2988170e+06   3.0639648e+01
   3.3414710e+06   4.3823242e+01
   3.3415160e+06   3.5278320e+01
   3.3415400e+06   3.0639648e+01
   3.3415630e+06   2.9296875e+01
   3.3416280e+06   3.3569336e+01
   3.3416920e+06   3.0151367e+01
   3.3417710e+06   4.2663574e+01
   3.3420460e+06   3.7292480e+01
   3.3421420e+06   3.9733887e+01
   3.3422540e+06   3.4545898e+01
   3.3423410e+06   3.9062500e+01
   3.3428140e+06   2.9296875e+01
   3.4251940e+06   2.9357910e+01
   3.4254010e+06   3.3081055e+01
   3.4255150e+06   2.9296875e+01
   3.4258200e+06   3.8146973e+01
   3.4258760e+06   2.9968262e+01
   3.4261950e+06   3.2409668e+01
   3.4262730e+06   3.0883789e+01
   3.4265090e+06   3.2470703e+01
   3.4270080e+06   3.2287598e+01
   3.4749860e+06   2.9296875e+01
   3.4751560e+06   3.3630371e+01
   3.4753570e+06   3.0761719e+01
   3.4754930e+06   2.9357910e+01
   3.4758650e+06   3.0456543e+01
   3.4759870e+06   3.1066895e+01
   3.5159790e+06   3.1005859e+01
   3.5161970e+06   3.1372070e+01
   3.5964550e+06   2.9479980e+01
   3.5965660e+06   2.9479980e+01
   3.5965950e+06   3.0151367e+01
   3.5966060e+06   3.6926270e+01
   3.5966330e+06   3.6376953e+01
   3.5967150e+06   3.2958984e+01
   3.5967670e+06   3.5217285e+01
   3.5969430e+06   4.0771484e+01
   3.5970450e+06   3.4606934e+01
   3.5971520e+06   3.0456543e+01
   3.5972110e+06   3.3142090e+01
   3.5977510e+06   4.0954590e+01
   3.5979820e+06   3.3142090e+01
   3.5980860e+06   3.6437988e+01
   3.6805170e+06   3.0639648e+01
   3.6810260e+06   3.8208008e+01
   3.7164740e+06   3.2836914e+01
   3.7498940e+06   3.0517578e+01
   3.7499380e+06   3.7048340e+01
   3.7499920e+06   3.3874512e+01
   3.7500750e+06   3.1860352e+01
   3.7501230e+06   3.2104492e+01
   3.7502010e+06   3.0517578e+01
   3.7942510e+06   3.3447266e+01
   3.7943030e+06   2.9846191e+01
   3.8159590e+06   3.2531738e+01
   3.8558910e+06   3.3203125e+01
   3.8560010e+06   3.4118652e+01
   3.8887680e+06   3.0761719e+01
   3.8888220e+06   3.1616211e+01
   3.8888910e+06   3.0700684e+01
   3.9142770e+06   2.9785156e+01
   3.9143490e+06   4.1870117e+01
   3.9143840e+06   3.3447266e+01
   3.9632790e+06   4.0771484e+01
   3.9830400e+06   3.1127930e+01
   3.9831080e+06   3.6621094e+01
   3.9832450e+06   5.4260254e+01
   3.9834070e+06   3.2470703e+01
   3.9838260e+06   3.4179688e+01
   3.9841780e+06   3.5034180e+01
   4.0297200e+06   3.0944824e+01
   4.0297580e+06   2.9846191e+01
   4.0298510e+06   3.7780762e+01
   4.0299020e+06   3.1677246e+01
   4.0300720e+06   4.2541504e+01
   4.0833680e+06   3.4606934e+01
   4.0834990e+06   3.0151367e+01
   4.0836470e+06   3.0212402e+01
   4.0838180e+06   3.9855957e+01
   4.0838650e+06   4.0100098e+01
   4.0839940e+06   2.9479980e+01
   4.0841640e+06   3.2470703e+01
   4.0846560e+06   2.9785156e+01
   4.0852960e+06   2.9907227e+01
   4.0856580e+06   3.9611816e+01
   4.1487090e+06   3.0822754e+01
   4.1487560e+06   3.2592773e+01
   4.1488990e+06   3.9062500e+01
   4.1489560e+06   3.3020020e+01
   4.1489960e+06   3.6315918e+01
   4.1494590e+06   3.0029297e+01
   4.1495590e+06   3.1433105e+01
   4.1496380e+06   3.3020020e+01
   4.1498430e+06   3.3142090e+01
   4.1501860e+06   2.9418945e+01
   4.1503300e+06   3.5888672e+01
   4.1504250e+06   3.6804199e+01
   4.1505450e+06   3.4667969e+01
   4.1506690e+06   3.3813477e+01
   4.2354990e+06   3.1616211e+01
   4.2355410e+06   2.9296875e+01
   4.2355880e+06   3.5766602e+01
   4.2356530e+06   2.9541016e+01
   4.2358000e+06   3.1250000e+01
   4.2359840e+06   3.1982422e+01
   4.2361110e+06   3.0761719e+01
   4.2362450e+06   2.9968262e+01
   4.2363190e+06   2.9357910e+01
   4.2363920e+06   4.0283203e+01
   4.2364920e+06   3.5156250e+01
   4.2366100e+06   3.2043457e+01
   4.2816800e+06   3.4851074e+01
   4.2818210e+06   3.3142090e+01
   4.2819070e+06   3.0395508e+01
   4.3326350e+06   3.4851074e+01
   4.3327170e+06   3.2775879e+01
   4.3328180e+06   4.0100098e+01
   4.3329040e+06   3.1921387e+01
   4.4057190e+06   3.4179688e+01
   4.4057540e+06   4.1076660e+01
   4.4057850e+06   2.9846191e+01
   4.4059280e+06   3.0944824e+01
   4.4059780e+06   3.0761719e+01
   4.4060910e+06   3.5644531e+01
   4.4061350e+06   3.6315918e+01
   4.4061820e+06   3.5461426e+01
   4.4062800e+06   3.3020020e+01
   4.4063960e+06   3.4301758e+01
   4.4064490e+06   3.8940430e+01
   4.4065480e+06   3.9672852e+01
   4.4066280e+06   3.2470703e+01
   4.4067940e+06   2.9479980e+01
   4.4070900e+06   3.2653809e+01
   4.4071840e+06   3.4606934e+01
   4.4709810e+06   3.3630371e+01
   4.4711820e+06   3.1738281e+01
   4.4712720e+06   3.0273438e+01
   4.4713630e+06   3.6865234e+01
   4.4715100e+06   3.7231445e+01
   4.4715990e+06   3.6132813e+01
   4.4717010e+06   4.2907715e+01
   4.4721360e+06   3.2470703e+01
   4.4722320e+06   2.9418945e+01
   4.5623480e+06   5.2062988e+01
   4.5623870e+06   3.2714844e+01
   4.5624400e+06   3.6315918e+01
   4.5625150e+06   3.4240723e+01
   4.5626190e+06   3.9367676e+01
   4.5627080e+06   3.4362793e+01
   4.5627720e+06   3.0517578e+01
   4.5628210e+06   3.5034180e+01
   4.5630030e+06   3.3020020e+01
   4.5631870e+06   3.4973145e+01
   4.5632470e+06   3.7719727e+01
   4.5633010e+06   3.1433105e+01
   4.5634510e+06   3.2836914e+01
   4.5635690e+06   3.6071777e+01
   4.5636940e+06   3.1127930e+01
   4.6034710e+06   4.3640137e+01
   4.6762800e+06   3.2653809e+01
   4.6763350e+06   3.5766602e+01
   4.6763800e+06   4.0893555e+01
   4.6764330e+06   3.2287598e+01
   4.6765240e+06   3.1494141e+01
   4.6770390e+06   3.0578613e+01
   4.7584680e+06   3.9306641e+01
   4.7588330e+06   3.2836914e+01
   4.8382020e+06   3.3935547e+01
   4.8382940e+06   2.9724121e+01
   4.8384120e+06   2.9907227e+01
   4.8967580e+06   3.9489746e+01
   4.8967910e+06   4.2480469e+01
   4.8968410e+06   3.2470703e+01
   4.8968650e+06   4.4738770e+01
   4.8969480e+06   3.5888672e+01
   4.8970700e+06   4.2968750e+01
   4.8971390e+06   3.3020020e+01
   4.8972950e+06   3.2714844e+01
   4.9627330e+06   3.3813477e+01
   4.9627590e+06   3.1555176e+01
   4.9630100e+06   3.0334473e+01
   4.9631540e+06   3.3813477e+01
   4.9638330e+06   3.3813477e+01
   4.9641300e+06   3.7902832e+01
   5.0405390e+06   5.1086426e+01
   5.0405760e+06   4.7302246e+01
   5.0406650e+06   3.0639648e+01
   5.0407090e+06   3.8330078e+01
   5.0407950e+06   3.4729004e+01
   5.0408930e+06   3.1982422e+01
   5.0410440e+06   3.0822754e+01
   5.0412190e+06   3.2714844e+01
   5.0415530e+06   3.2714844e+01
   5.0416720e+06   3.9062500e+01
   5.0417640e+06   3.4423828e+01
   5.0420310e+06   4.0649414e+01
   5.0429540e+06   2.9724121e+01
   5.1288750e+06   3.4606934e+01
   5.1317420e+06   3.4912109e+01
   5.1318360e+06   3.0151367e+01
   5.1743530e+06   2.9907227e+01
   5.2246730e+06   4.1442871e+01
   5.2247240e+06   2.9357910e+01
   5.2247840e+06   4.5410156e+01
   5.2834060e+06   3.6499023e+01
   5.2836680e+06   4.2175293e+01
   5.3593520e+06   3.5339355e+01
   5.3593990e+06   3.6010742e+01
   5.3595190e+06   3.3935547e+01
   5.3597520e+06   3.2775879e+01
   5.3599620e+06   2.9602051e+01
   5.3600620e+06   3.4118652e+01
   5.3901920e+06   3.5583496e+01
   5.4320540e+06   3.0212402e+01
   5.4320850e+06   3.4667969e+01
   5.4321010e+06   2.9418945e+01
   5.4322790e+06   3.5766602e+01
   5.4324700e+06   3.9611816e+01
   5.4941300e+06   3.2409668e+01
   5.4942960e+06   3.0822754e+01
   5.4944310e+06   3.6621094e+01
   5.4948090e+06   4.2419434e+01
   5.4948690e+06   3.2592773e+01
   5.4950660e+06   3.0212402e+01
   5.4954920e+06   3.0944824e+01
   5.5379030e+06   3.8208008e+01
   5.5379590e+06   3.3142090e+01
   5.5715250e+06   3.4545898e+01
   5.5716030e+06   3.2836914e+01
   5.5716740e+06   3.9184570e+01
   5.5718850e+06   3.4484863e+01
   5.5726830e+06   3.2958984e+01
   5.5729780e+06   3.2531738e+01
   5.6673900e+06   3.6987305e+01
   5.6674140e+06   2.9846191e+01
   5.6674540e+06   4.0893555e+01
   5.6675100e+06   3.8940430e+01
   5.6675650e+06   4.7790527e+01
   5.6676110e+06   3.3020020e+01
   5.6677410e+06   3.0090332e+01
   5.6677810e+06   3.2714844e+01
   5.6678900e+06   3.2897949e+01
   5.6680610e+06   2.9296875e+01
   5.6681210e+06   3.3386230e+01
   5.6686780e+06   3.6010742e+01
   5.6688010e+06   3.1005859e+01
   5.7343780e+06   3.5034180e+01
   5.7344490e+06   3.1738281e+01
   5.7346270e+06   4.1259766e+01
   5.7347420e+06   3.4362793e+01
   5.7348440e+06   3.4606934e+01
   5.7351000e+06   3.0700684e+01
   5.8055120e+06   2.9418945e+01
   5.8055310e+06   2.9296875e+01
   5.8056150e+06   2.9357910e+01
   5.8057440e+06   3.5034180e+01
   5.9141770e+06   3.1860352e+01
   5.9142220e+06   3.3630371e+01
   5.9142990e+06   3.7475586e+01
   5.9143360e+06   3.0151367e+01
   5.9146020e+06   3.0273438e+01
   5.9901580e+06   3.1433105e+01
   6.0649430e+06   3.0578613e+01
   6.0986150e+06   4.8767090e+01
   6.0987040e+06   4.4738770e+01
   6.0987470e+06   3.2836914e+01
   6.0988560e+06   3.3203125e+01
   6.0989270e+06   3.2897949e+01
   6.0992270e+06   3.3691406e+01
   6.1470810e+06   3.2226563e+01
   6.1471230e+06   3.3447266e+01
   6.1471460e+06   3.2043457e+01
   6.1473290e+06   3.1127930e+01
   6.1475230e+06   4.1503906e+01
   6.1476180e+06   3.2531738e+01
   6.1875220e+06   3.0029297e+01
   6.2713710e+06   3.2226563e+01
   6.2714820e+06   3.4301758e+01
   6.2715500e+06   3.1982422e+01
   6.2716800e+06   3.2653809e+01
   6.2717280e+06   3.0334473e+01
   6.2718560e+06   3.5461426e+01
   6.2719620e+06   3.2165527e+01
   6.2720090e+06   4.2968750e+01
   6.2720860e+06   3.5705566e+01
   6.2721340e+06   3.1677246e+01
   6.2722780e+06   3.4912109e+01
   6.2726790e+06   3.1555176e+01
   6.2728480e+06   3.1677246e+01
   6.2729280e+06   3.2165527e+01
   6.2732800e+06   3.2348633e+01
   6.2735690e+06   3.1372070e+01
   6.2739700e+06   3.8452148e+01
   6.3538010e+06   3.0822754e+01
   6.3538390e+06   3.5583496e+01
   6.3538860e+06   3.3813477e+01
   6.3539380e+06   3.3203125e+01
   6.3540060e+06   3.8940430e+01
   6.3540720e+06   2.9418945e+01
   6.3541400e+06   3.9001465e+01
   6.3542120e+06   3.1250000e+01
   6.3542570e+06   3.1799316e+01
   6.3542990e+06   3.3203125e+01
   6.3556150e+06   3.1677246e+01
   6.4706900e+06   3.1982422e+01
   6.4707270e+06   3.0029297e+01
   6.4707940e+06   3.7597656e+01
   6.4711550e+06   3.3325195e+01
   6.4712950e+06   2.9785156e+01
   6.4714530e+06   3.3691406e+01
   6.4722850e+06   2.9418945e+01
   6.4724290e+06   3.0273437e+01
   6.5479650e+06   3.4729004e+01
   6.5479900e+06   3.0212402e+01
   6.5480160e+06   3.2897949e+01
   6.5480540e+06   4.1137695e+01
   6.5481030e+06   3.2958984e+01
   6.5483810e+06   3.9001465e+01
   6.5485340e+06   2.9296875e+01
   6.5487530e+06   3.7597656e+01
   6.5488350e+06   3.6132813e+01
   6.5491400e+06   2.9479980e+01
   6.5495630e+06   3.2531738e+01
   6.5498280e+06   3.1372070e+01
   6.6167060e+06   3.0395508e+01
   6.6167440e+06   3.0456543e+01
   6.6167860e+06   3.8208008e+01
   6.6168470e+06   3.0578613e+01
   6.6171030e+06   3.7170410e+01
   6.6171940e+06   3.6254883e+01
   6.6172440e+06   3.5766602e+01
   6.6173310e+06   3.2470703e+01
   6.6175760e+06   3.3447266e+01
   6.7335400e+06   4.1259766e+01
   6.7336230e+06   2.9968262e+01
   6.7338250e+06   3.6682129e+01
   6.7338900e+06   3.4362793e+01
   6.7581580e+06   3.8940430e+01
   6.7582850e+06   3.2348633e+01
   6.8283000e+06   3.9001465e+01
   6.8284450e+06   3.6499023e+01
   6.8289080e+06   2.9541016e+01
   6.8289970e+06   3.1494141e+01
   6.9023840e+06   3.3569336e+01
   6.9024260e+06   3.2836914e+01
   6.9024820e+06   3.9489746e+01
   6.9027030e+06   3.4790039e+01
   6.9027920e+06   3.5583496e+01
   6.9028590e+06   3.0883789e+01
   6.9029200e+06   4.0100098e+01
   6.9030940e+06   3.3935547e+01
   6.9031890e+06   3.0578613e+01
   6.9032760e+06   3.2775879e+01
   6.9034320e+06   3.3020020e+01
   6.9035720e+06   3.8635254e+01
   6.9583850e+06   2.9541016e+01
   6.9982470e+06   3.6254883e+01
   6.9982850e+06   3.3203125e+01
   6.9983120e+06   2.9724121e+01
   6.9983340e+06   4.1931152e+01
   6.9988090e+06   3.1494141e+01
   7.0335700e+06   2.9907227e+01
   7.1983630e+06   3.1555176e+01
   7.1984020e+06   3.5522461e+01
   7.1984630e+06   3.1555176e+01
   7.1985850e+06   3.2226563e+01
   7.2385400e+06   3.1982422e+01
   7.2973690e+06   2.9907227e+01
   7.2974380e+06   3.5156250e+01
   7.2974840e+06   3.2409668e+01
   7.2977620e+06   3.1250000e+01
   7.2978640e+06   3.4729004e+01
   7.3375480e+06   2.9663086e+01
   7.3375980e+06   3.2775879e+01
   7.3819220e+06   3.5644531e+01
   7.3820250e+06   3.8146973e+01
   7.3821110e+06   3.0883789e+01
   7.3821280e+06   3.5278320e+01
   7.3822510e+06   3.0090332e+01
   7.3823090e+06   2.9602051e+01
   7.3823760e+06   3.3630371e+01
   7.3824310e+06   3.0090332e+01
   7.3825100e+06   3.2775879e+01
   7.3825930e+06   3.6987305e+01
   7.3826460e+06   3.0517578e+01
   7.3827040e+06   3.3081055e+01
   7.3828760e+06   2.9663086e+01
   7.3829680e+06   3.7658691e+01
   7.4524070e+06   3.6132812e+01
   7.4524340e+06   3.9001465e+01
   7.4524650e+06   3.3325195e+01
   7.4525240e+06   3.2165527e+01
   7.4525800e+06   3.0395508e+01
   7.4528740e+06   3.3630371e+01
   7.4530780e+06   3.2531738e+01
   7.4534800e+06   3.4606934e+01
   7.4538860e+06   3.2592773e+01
   7.4541960e+06   3.4057617e+01
   7.4544380e+06   3.2714844e+01
   7.5492550e+06   3.2348633e+01
   7.5492790e+06   3.1250000e+01
   7.5494560e+06   2.9785156e+01
   7.5495770e+06   3.0273437e+01
   7.5496980e+06   2.9907227e+01
   7.5500110e+06   3.3081055e+01
   7.5502870e+06   3.7170410e+01
   7.6168230e+06   3.1433105e+01
   7.6168760e+06   2.9907227e+01
   7.6825650e+06   3.8024902e+01
   7.6826100e+06   3.5766602e+01
   7.6827640e+06   3.5339355e+01
   7.6828650e+06   4.1625977e+01
   7.6829240e+06   4.2297363e+01
   7.6833000e+06   3.9306641e+01
   7.7679450e+06   3.4851074e+01
   7.7680160e+06   3.1066895e+01
   7.7682900e+06   3.8330078e+01
   7.7683850e+06   3.0761719e+01
   7.7685640e+06   3.0761719e+01
   7.7686470e+06   2.9724121e+01
   7.8582150e+06   3.4118652e+01
   7.8583090e+06   3.5827637e+01
   7.8583750e+06   3.8757324e+01
   7.8585280e+06   2.9357910e+01
   7.8585980e+06   2.9418945e+01
   7.8587270e+06   3.1127930e+01
   7.8587890e+06   3.1494141e+01
   7.8588830e+06   4.6447754e+01
   7.8590000e+06   3.2104492e+01
   7.8590930e+06   3.0212402e+01
   7.9281420e+06   3.1860352e+01
   7.9281870e+06   3.2348633e+01
   7.9282490e+06   4.2602539e+01
   7.9283290e+06   2.9479980e+01
   7.9954340e+06   3.0212402e+01
   7.9954690e+06   4.1259766e+01
   7.9956150e+06   3.0090332e+01
   7.9956440e+06   3.8391113e+01
   7.9959120e+06   3.3935547e+01
   7.9960440e+06   3.0029297e+01
   7.9961660e+06   3.1188965e+01
   7.9963080e+06   2.9907227e+01
   8.0829050e+06   3.2226563e+01
   8.0829660e+06   3.4851074e+01
   8.0831020e+06   2.9907227e+01
   8.0833200e+06   3.1616211e+01
   8.0835010e+06   3.5339355e+01
   8.0835920e+06   3.4301758e+01
   8.0836750e+06   3.8879395e+01
   8.1704750e+06   3.2958984e+01
   8.2028180e+06   3.3447266e+01
   8.2372210e+06   3.1250000e+01
   8.2372680e+06   3.7719727e+01
   8.2373140e+06   3.8452148e+01
   8.2373860e+06   3.2043457e+01
   8.2374840e+06   3.1005859e+01
   8.2376200e+06   4.0161133e+01
   8.2377430e+06   3.0395508e+01
   8.2377600e+06   3.4973145e+01
   8.2379060e+06   3.1982422e+01
   8.2382310e+06   3.1188965e+01
   8.2383850e+06   2.9724121e+01
   8.2386270e+06   3.3081055e+01
   8.2387360e+06   3.0029297e+01
   8.2388450e+06   3.5522461e+01
   8.3184370e+06   3.1066895e+01
   8.3185490e+06   3.5827637e+01
   8.3186070e+06   3.3569336e+01
   8.3186670e+06   3.4851074e+01
   8.3187290e+06   3.6743164e+01
   8.3188000e+06   2.9541016e+01
   8.3188760e+06   3.1311035e+01
   8.3189270e+06   2.9968262e+01
   8.3193290e+06   3.2958984e+01
   8.3195970e+06   3.2653809e+01
   8.3198260e+06   2.9663086e+01
   8.3954920e+06   3.1616211e+01
   8.4147840e+06   3.7536621e+01
   8.4148220e+06   3.4545898e+01
   8.4148670e+06   3.0273438e+01
   8.4150110e+06   3.9306641e+01
   8.4151850e+06   2.9724121e+01
   8.4152350e+06   3.6010742e+01
   8.4153500e+06   3.1311035e+01
   8.4159580e+06   3.6926270e+01
   8.4755030e+06   3.1860352e+01
   8.5506150e+06   3.1616211e+01
   8.6155480e+06   4.5410156e+01
   8.6156020e+06   3.0334473e+01
   8.6156790e+06   3.0944824e+01
   8.6158790e+06   2.9541016e+01
   8.7451240e+06   2.9296875e+01
   8.7562860e+06   3.0456543e+01
   8.7565790e+06   3.0395508e+01
   8.7567280e+06   3.4484863e+01
   8.8567590e+06   3.4423828e+01
   8.9328400e+06   3.2653809e+01
   8.9328910e+06   3.3569336e+01
   8.9329030e+06   4.3395996e+01
   8.9330720e+06   3.2043457e+01
   8.9331420e+06   2.9785156e+01
   8.9332500e+06   4.3823242e+01
   8.9332950e+06   3.7780762e+01
   8.9334970e+06   3.3386230e+01
   8.9336180e+06   3.5766602e+01
   8.9336720e+06   3.0029297e+01
   8.9337500e+06   3.2531738e+01
   8.9339220e+06   3.4057617e+01
   8.9341120e+06   3.7658691e+01
   8.9344320e+06   3.8391113e+01
