   8.9970000e+06   0.0000000e+00
   3.6950000e+03   3.3447266e+01
   5.6360000e+03   3.4667969e+01
   6.2110000e+03   3.5705566e+01
   6.4100000e+03   3.3630371e+01
   2.5573000e+04   4.1625977e+01
   2.5617000e+04   4.3090820e+01
   2.5702000e+04   3.8208008e+01
   2.5745000e+04   4.4006348e+01
   2.5796000e+04   3.9367676e+01
   2.5806000e+04   4.3457031e+01
   2.5829000e+04   3.4362793e+01
   2.5887000e+04   4.0222168e+01
   2.5915000e+04   3.7719727e+01
   2.5971000e+04   3.6743164e+01
   2.5995000e+04   4.1015625e+01
   2.6031000e+04   3.7658691e+01
   2.6055000e+04   4.2907715e+01
   2.6095000e+04   3.5034180e+01
   2.6122000e+04   4.9682617e+01
   2.6147000e+04   3.4240723e+01
   2.6589000e+04   3.3508301e+01
   2.7556000e+04   4.7973633e+01
   2.7571000e+04   3.6132813e+01
   6.1364000e+04   3.5339355e+01
   6.2347000e+04   3.6437988e+01
   7.3000000e+04   3.4423828e+01
   7.6712000e+04   3.4729004e+01
   7.9626000e+04   3.3569336e+01
   1.0495000e+05   4.9377441e+01
   1.0502600e+05   3.3386230e+01
   1.0506900e+05   3.7597656e+01
   1.0510100e+05   3.6743164e+01
   1.0511400e+05   3.7170410e+01
   1.0518500e+05   4.8156738e+01
   1.3229700e+05   3.3996582e+01
   1.3235600e+05   3.6193848e+01
   1.3236800e+05   3.7414551e+01
   1.3240600e+05   3.4362793e+01
   1.3243400e+05   4.1442871e+01
   1.3244600e+05   3.5888672e+01
   1.3248800e+05   3.3569336e+01
   1.3258300e+05   4.0161133e+01
   1.3275500e+05   3.5034180e+01
   1.3286800e+05   3.6560059e+01
   1.3414700e+05   3.7292480e+01
   1.6724900e+05   3.3813477e+01
   1.8937300e+05   3.5827637e+01
   1.9271800e+05   3.6926270e+01
   1.9667100e+05   5.0415039e+01
   1.9770000e+05   3.6193848e+01
   1.9774000e+05   3.7719727e+01
   1.9779900e+05   4.6691895e+01
   1.9796100e+05   3.4973145e+01
   1.9827300e+05   3.5095215e+01
   1.9874800e+05   3.5095215e+01
   1.9896600e+05   3.5034180e+01
   1.9931400e+05   3.4667969e+01
   2.2062000e+05   3.3996582e+01
   2.2207600e+05   4.0100098e+01
   2.2311000e+05   3.5827637e+01
   2.3005700e+05   3.9611816e+01
   2.3008000e+05   3.4240723e+01
   2.3011300e+05   3.6682129e+01
   2.3015100e+05   3.4423828e+01
   2.3018200e+05   3.6804199e+01
   2.3021000e+05   3.5522461e+01
   2.3025700e+05   4.3701172e+01
   2.4894500e+05   4.0588379e+01
   2.6242200e+05   3.6437988e+01
   2.9904800e+05   4.6447754e+01
   2.9913400e+05   3.9550781e+01
   2.9918300e+05   5.4809570e+01
   2.9921200e+05   3.7536621e+01
   2.9926200e+05   6.2255859e+01
   2.9927500e+05   4.0161133e+01
   2.9931400e+05   3.9428711e+01
   2.9934000e+05   5.5541992e+01
   2.9936600e+05   4.8339844e+01
   2.9939500e+05   3.6682129e+01
   2.9950500e+05   4.2846680e+01
   3.2401400e+05   3.4057617e+01
   3.2864300e+05   4.4555664e+01
   3.3097000e+05   3.6071777e+01
   3.6570500e+05   3.3386230e+01
   3.6600600e+05   3.3691406e+01
   3.7320100e+05   4.9926758e+01
   3.7323200e+05   3.9184570e+01
   3.7324700e+05   3.8635254e+01
   3.7326500e+05   4.3090820e+01
   3.7328500e+05   4.4738770e+01
   3.7331900e+05   3.9672852e+01
   3.7335200e+05   4.0222168e+01
   3.7337300e+05   4.3823242e+01
   3.7340300e+05   3.3874512e+01
   3.7342300e+05   4.3640137e+01
   3.7352900e+05   5.6152344e+01
   3.7357900e+05   3.5034180e+01
   3.7360800e+05   3.8940430e+01
   3.7363900e+05   3.7353516e+01
   3.7366200e+05   4.8767090e+01
   3.7371200e+05   3.4240723e+01
   3.7372800e+05   3.4851074e+01
   3.7375300e+05   5.5358887e+01
   3.7377700e+05   3.5827637e+01
   3.7379300e+05   5.9020996e+01
   3.7383300e+05   3.3386230e+01
   3.7385200e+05   5.7922363e+01
   3.7388600e+05   3.3935547e+01
   3.7390600e+05   4.3395996e+01
   3.7394100e+05   4.2602539e+01
   3.7397900e+05   3.3508301e+01
   3.7402100e+05   4.7851563e+01
   3.7409900e+05   3.3813477e+01
   3.7420800e+05   3.3691406e+01
   3.7425800e+05   4.0588379e+01
   3.7432200e+05   4.4433594e+01
   3.7440500e+05   5.5053711e+01
   3.7443200e+05   3.5705566e+01
   3.7444300e+05   4.6325684e+01
   3.7445700e+05   3.9428711e+01
   3.7451000e+05   3.5522461e+01
   3.7457500e+05   3.9550781e+01
   3.7462800e+05   5.0109863e+01
   3.7478100e+05   3.5949707e+01
   3.7481800e+05   3.8940430e+01
   3.7484900e+05   3.4179688e+01
   3.7489600e+05   3.5583496e+01
   3.7491000e+05   5.6335449e+01
   3.7499900e+05   4.4433594e+01
   3.7501800e+05   3.6193848e+01
   3.7509000e+05   3.4790039e+01
   3.7511100e+05   3.8269043e+01
   3.7525900e+05   4.6325684e+01
   3.7534500e+05   4.2785645e+01
   3.7544500e+05   4.2663574e+01
   3.7551800e+05   4.6752930e+01
   3.7563700e+05   3.5095215e+01
   3.7565900e+05   3.7658691e+01
   3.7810300e+05   3.4240723e+01
   3.7828700e+05   3.3569336e+01
   3.7859700e+05   3.3691406e+01
   3.7903600e+05   3.5217285e+01
   3.8140500e+05   3.6499023e+01
   3.8278200e+05   3.6682129e+01
   3.8343900e+05   3.5522461e+01
   3.8501500e+05   3.3569336e+01
   3.8558700e+05   3.4667969e+01
   3.8980300e+05   3.7719727e+01
   3.9008200e+05   3.4362793e+01
   3.9681400e+05   3.4545898e+01
   4.0161100e+05   4.1687012e+01
   4.0241500e+05   3.5217285e+01
   4.0260200e+05   3.5766602e+01
   4.0770300e+05   3.4851074e+01
   4.1212900e+05   3.5705566e+01
   4.1228300e+05   3.3996582e+01
   4.2100500e+05   3.6193848e+01
   4.3660500e+05   3.6437988e+01
   4.4237600e+05   3.6560059e+01
   4.4244000e+05   3.3447266e+01
   4.5281100e+05   4.6386719e+01
   4.5843300e+05   3.3508301e+01
   4.5856100e+05   4.0283203e+01
   4.6529700e+05   3.5705566e+01
   4.8040000e+05   3.5583496e+01
   4.8041300e+05   3.5034180e+01
   4.8048200e+05   4.6813965e+01
   4.8054200e+05   4.9133301e+01
   4.8055300e+05   4.8217773e+01
   4.8062700e+05   3.3691406e+01
   4.8066800e+05   4.1259766e+01
   4.8070400e+05   4.5776367e+01
   4.8076700e+05   5.0659180e+01
   4.8080500e+05   4.5166016e+01
   4.8083100e+05   3.3630371e+01
   4.8084400e+05   4.5410156e+01
   4.8092000e+05   3.7170410e+01
   4.8096600e+05   6.9702148e+01
   4.8103900e+05   6.7260742e+01
   4.8110400e+05   3.9184570e+01
   4.8116600e+05   3.8330078e+01
   4.8129200e+05   4.1687012e+01
   4.8137600e+05   3.9001465e+01
   4.8140000e+05   3.3569336e+01
   4.8147100e+05   4.6447754e+01
   4.8160300e+05   4.0466309e+01
   4.8183900e+05   4.1625977e+01
   4.8193400e+05   3.4484863e+01
   4.8558100e+05   3.5034180e+01
   4.9125900e+05   3.3386230e+01
   4.9623600e+05   3.8940430e+01
   5.0308600e+05   3.4301758e+01
   5.0312100e+05   3.4240723e+01
   5.0330700e+05   3.4179688e+01
   5.0995900e+05   3.4484863e+01
   5.2062300e+05   3.4606934e+01
   5.3247000e+05   3.6132813e+01
   5.3251600e+05   3.4423828e+01
   5.3311600e+05   4.3151855e+01
   5.3866100e+05   3.7536621e+01
   5.4983700e+05   5.0476074e+01
   5.5066900e+05   3.3386230e+01
   5.6085300e+05   4.1320801e+01
   5.6138000e+05   3.7048340e+01
   5.7019300e+05   3.5217285e+01
   5.7034700e+05   3.3813477e+01
   5.7079000e+05   4.0039063e+01
   5.8173000e+05   4.4677734e+01
   5.8181100e+05   3.7170410e+01
   5.8182400e+05   3.5095215e+01
   5.8185600e+05   3.4790039e+01
   5.8188000e+05   4.4189453e+01
   5.8190200e+05   3.7353516e+01
   5.8195800e+05   5.0964355e+01
   5.8197400e+05   3.4179688e+01
   5.8206100e+05   3.4545898e+01
   5.8211700e+05   3.6315918e+01
   6.3676500e+05   4.1625977e+01
   6.3680300e+05   3.4057617e+01
   6.3682500e+05   3.5034180e+01
   6.3688700e+05   3.3630371e+01
   6.3691500e+05   5.4626465e+01
   6.3694500e+05   4.1259766e+01
   6.3702700e+05   3.3935547e+01
   6.3705800e+05   3.5705566e+01
   6.3710400e+05   4.8278809e+01
   6.3717700e+05   4.0222168e+01
   6.3719100e+05   3.9001465e+01
   6.3725100e+05   3.8146973e+01
   6.3734000e+05   3.4545898e+01
   6.3735600e+05   3.7841797e+01
   6.3737800e+05   3.4118652e+01
   6.3742000e+05   3.4606934e+01
   6.3754500e+05   4.6203613e+01
   6.3762800e+05   3.5339355e+01
   6.3768800e+05   3.8391113e+01
   6.3782800e+05   3.5705566e+01
   6.3787500e+05   3.3508301e+01
   6.3790200e+05   3.3996582e+01
   6.8798200e+05   4.2968750e+01
   6.8815800e+05   4.6020508e+01
   7.0669400e+05   3.6621094e+01
   7.0680500e+05   5.1635742e+01
   7.1880300e+05   3.5949707e+01
   7.1888300e+05   5.8349609e+01
   7.1895400e+05   4.0710449e+01
   7.1899500e+05   3.9916992e+01
   7.1933000e+05   3.4606934e+01
   7.1937300e+05   4.0039063e+01
   7.1972300e+05   4.1137695e+01
   7.7402300e+05   4.5532227e+01
   7.7450000e+05   3.3813477e+01
   7.9305200e+05   3.6926270e+01
   7.9306500e+05   3.9489746e+01
   7.9355800e+05   3.9306641e+01
   8.3241400e+05   4.9560547e+01
   8.3243000e+05   3.9489746e+01
   8.3247100e+05   4.8522949e+01
   8.9688500e+05   5.5236816e+01
   8.9691300e+05   3.9184570e+01
   8.9693600e+05   3.7475586e+01
   8.9698300e+05   3.8269043e+01
   8.9701200e+05   7.3791504e+01
   8.9707500e+05   3.6926270e+01
   8.9714800e+05   3.5888672e+01
   9.5392800e+05   3.4973145e+01
   9.5395600e+05   4.0710449e+01
   9.5400400e+05   4.0039063e+01
   9.5401600e+05   4.5104980e+01
   9.5407200e+05   3.6682129e+01
   9.5419600e+05   3.4240723e+01
   9.5422900e+05   3.3813477e+01
   9.5426100e+05   3.8879395e+01
   9.5430800e+05   3.5034180e+01
   9.5453000e+05   3.5278320e+01
   9.5510400e+05   3.6743164e+01
   9.5532900e+05   3.4851074e+01
   9.9688100e+05   4.9011230e+01
   9.9689800e+05   4.2358398e+01
   9.9693000e+05   3.5339355e+01
   9.9699100e+05   3.5949707e+01
   9.9701300e+05   3.5827637e+01
   9.9707300e+05   4.4433594e+01
   9.9711200e+05   3.4301758e+01
   9.9712200e+05   3.8635254e+01
   9.9728700e+05   3.5583496e+01
   1.0385220e+06   4.9011230e+01
   1.0385410e+06   3.9428711e+01
   1.0385920e+06   3.7170410e+01
   1.0386120e+06   4.1931152e+01
   1.0386660e+06   6.0119629e+01
   1.0387400e+06   3.5949707e+01
   1.0902020e+06   3.5766602e+01
   1.0902330e+06   3.4423828e+01
   1.0902950e+06   6.1279297e+01
   1.0903700e+06   3.6560059e+01
   1.0903950e+06   3.4729004e+01
   1.0904700e+06   4.4738770e+01
   1.0905050e+06   4.4189453e+01
   1.0905270e+06   3.9978027e+01
   1.0905810e+06   3.7902832e+01
   1.0907360e+06   5.4016113e+01
   1.0908900e+06   4.1198730e+01
   1.0909200e+06   3.8330078e+01
   1.0909480e+06   3.6010742e+01
   1.0910260e+06   3.4545898e+01
   1.0911180e+06   3.7719727e+01
   1.0912940e+06   4.1748047e+01
   1.0913140e+06   4.0649414e+01
   1.0915020e+06   3.6376953e+01
   1.0918480e+06   3.4423828e+01
   1.1171350e+06   5.4626465e+01
   1.1290550e+06   3.4790039e+01
   1.1414680e+06   3.6193848e+01
   1.1415090e+06   3.4729004e+01
   1.1415380e+06   3.3386230e+01
   1.1467650e+06   3.8757324e+01
   1.1468900e+06   4.3151855e+01
   1.1469220e+06   3.8513184e+01
   1.1469460e+06   3.6987305e+01
   1.1469690e+06   3.7353516e+01
   1.1469800e+06   3.5522461e+01
   1.1470140e+06   4.0100098e+01
   1.1471100e+06   3.5217285e+01
   1.1793750e+06   3.5705566e+01
   1.1794380e+06   4.1931152e+01
   1.1794840e+06   5.9997559e+01
   1.1795360e+06   4.0954590e+01
   1.1795490e+06   3.9794922e+01
   1.1795860e+06   3.3569336e+01
   1.1853750e+06   3.3996582e+01
   1.1861010e+06   3.3752441e+01
   1.2083430e+06   3.4118652e+01
   1.2155610e+06   3.9550781e+01
   1.2339140e+06   3.7170410e+01
   1.2519780e+06   3.4362793e+01
   1.2632080e+06   3.3264160e+01
   1.2711810e+06   4.7302246e+01
   1.2713080e+06   3.9428711e+01
   1.2713340e+06   4.1137695e+01
   1.2735090e+06   3.4973145e+01
   1.3145690e+06   3.5278320e+01
   1.3231530e+06   3.8391113e+01
   1.3231710e+06   5.1879883e+01
   1.3231850e+06   5.1208496e+01
   1.3232150e+06   3.8696289e+01
   1.3232440e+06   5.2185059e+01
   1.3232600e+06   6.7382813e+01
   1.3232880e+06   4.4006348e+01
   1.3233020e+06   3.9794922e+01
   1.3233240e+06   3.4362793e+01
   1.3233390e+06   5.8166504e+01
   1.3233940e+06   3.4606934e+01
   1.3234200e+06   5.7312012e+01
   1.3234480e+06   4.5654297e+01
   1.3234590e+06   4.9011230e+01
   1.3235150e+06   3.6682129e+01
   1.3235690e+06   3.3264160e+01
   1.3235820e+06   3.5156250e+01
   1.3236010e+06   4.6813965e+01
   1.3236330e+06   3.5583496e+01
   1.3236650e+06   4.0100098e+01
   1.3236870e+06   4.2236328e+01
   1.3237450e+06   4.6813965e+01
   1.3237990e+06   4.6752930e+01
   1.3238200e+06   3.9489746e+01
   1.3238570e+06   3.8452148e+01
   1.3238870e+06   3.7170410e+01
   1.3239600e+06   3.9001465e+01
   1.3239960e+06   4.4921875e+01
   1.3240720e+06   5.2795410e+01
   1.3241520e+06   5.1025391e+01
   1.3242460e+06   6.8420410e+01
   1.3242600e+06   3.4484863e+01
   1.3243000e+06   5.0964355e+01
   1.3243270e+06   3.3264160e+01
   1.3243400e+06   3.3691406e+01
   1.3243780e+06   3.6560059e+01
   1.3244490e+06   3.6376953e+01
   1.3244630e+06   3.4118652e+01
   1.3245070e+06   3.4667969e+01
   1.3245780e+06   3.4973145e+01
   1.3246080e+06   4.6020508e+01
   1.3246770e+06   3.5766602e+01
   1.3247790e+06   4.1442871e+01
   1.3248910e+06   4.4250488e+01
   1.3249800e+06   4.4433594e+01
   1.3250370e+06   6.2377930e+01
   1.3251290e+06   3.3569336e+01
   1.3252610e+06   5.4199219e+01
   1.3254190e+06   3.6987305e+01
   1.3254990e+06   3.5400391e+01
   1.3256420e+06   3.4423828e+01
   1.3256760e+06   4.1076660e+01
   1.3257780e+06   4.1625977e+01
   1.3290740e+06   3.6621094e+01
   1.3295890e+06   3.3508301e+01
   1.3300300e+06   3.6315918e+01
   1.3321740e+06   3.3569336e+01
   1.3325470e+06   3.4423828e+01
   1.3332850e+06   3.5095215e+01
   1.3344650e+06   3.4912109e+01
   1.3601590e+06   3.5705566e+01
   1.3656220e+06   3.5583496e+01
   1.3714380e+06   3.3264160e+01
   1.3718980e+06   3.4301758e+01
   1.3773030e+06   3.3630371e+01
   1.3784050e+06   3.5583496e+01
   1.3831180e+06   3.7963867e+01
   1.3872750e+06   3.5705566e+01
   1.3873400e+06   3.5644531e+01
   1.3885550e+06   3.3447266e+01
   1.3885810e+06   3.6499023e+01
   1.4018050e+06   3.5278320e+01
   1.4018280e+06   3.5705566e+01
   1.4025750e+06   3.5217285e+01
   1.4026330e+06   3.4973145e+01
   1.4029720e+06   3.8452148e+01
   1.4136590e+06   3.6987305e+01
   1.4141620e+06   4.0527344e+01
   1.4142030e+06   3.7048340e+01
   1.4184490e+06   3.3508301e+01
   1.4257620e+06   4.7790527e+01
   1.4258710e+06   4.0039063e+01
   1.4346850e+06   3.8024902e+01
   1.4377980e+06   3.3325195e+01
   1.4577110e+06   3.8146973e+01
   1.4642430e+06   3.5827637e+01
   1.4650420e+06   3.6010742e+01
   1.4765160e+06   3.4179688e+01
   1.4800560e+06   3.4606934e+01
   1.4802990e+06   4.0710449e+01
   1.4921630e+06   3.5400391e+01
   1.4977450e+06   3.6193848e+01
   1.4977760e+06   4.0344238e+01
   1.4977860e+06   3.9550781e+01
   1.4978540e+06   3.6865234e+01
   1.4978650e+06   3.9978027e+01
   1.4978750e+06   3.6682129e+01
   1.4979300e+06   3.5339355e+01
   1.5173300e+06   3.4362793e+01
   1.5175840e+06   3.8757324e+01
   1.5390010e+06   3.8513184e+01
   1.5511890e+06   4.3212891e+01
   1.5512100e+06   5.2124023e+01
   1.5512350e+06   4.4067383e+01
   1.5550300e+06   3.5278320e+01
   1.5550480e+06   3.3447266e+01
   1.5550870e+06   3.4973145e+01
   1.5551490e+06   3.3508301e+01
   1.5551920e+06   3.5705566e+01
   1.5552640e+06   3.8940430e+01
   1.5833740e+06   3.7841797e+01
   1.6156730e+06   3.8940430e+01
   1.6156930e+06   3.4423828e+01
   1.6157200e+06   3.5583496e+01
   1.6157530e+06   3.5278320e+01
   1.6158600e+06   3.4301758e+01
   1.6158810e+06   3.5095215e+01
   1.6159660e+06   3.3874512e+01
   1.6159930e+06   3.5949707e+01
   1.6161310e+06   4.2846680e+01
   1.6163520e+06   3.6193848e+01
   1.6602100e+06   5.3833008e+01
   1.6602600e+06   5.7128906e+01
   1.6603230e+06   4.7363281e+01
   1.6603560e+06   3.3874512e+01
   1.6603900e+06   3.6560059e+01
   1.6604560e+06   4.5593262e+01
   1.6605220e+06   3.7475586e+01
   1.6605410e+06   3.8757324e+01
   1.6606430e+06   3.4362793e+01
   1.6607480e+06   3.3691406e+01
   1.6607730e+06   4.8583984e+01
   1.6609050e+06   3.3874512e+01
   1.6609310e+06   3.3386230e+01
   1.6881000e+06   3.9978027e+01
   1.6881740e+06   3.6865234e+01
   1.6882280e+06   3.4729004e+01
   1.6883470e+06   3.8391113e+01
   1.7382950e+06   4.1442871e+01
   1.7383150e+06   3.7902832e+01
   1.7387520e+06   4.4433594e+01
   1.7390210e+06   4.4189453e+01
   1.7601860e+06   4.1931152e+01
   1.7941580e+06   3.3813477e+01
   1.7941770e+06   4.2724609e+01
   1.7942010e+06   4.4738770e+01
   1.7942190e+06   4.2541504e+01
   1.7942770e+06   3.3264160e+01
   1.7942890e+06   3.5339355e+01
   1.7943370e+06   3.6499023e+01
   1.7943530e+06   4.1259766e+01
   1.7943810e+06   4.2541504e+01
   1.7944680e+06   4.3579102e+01
   1.7945570e+06   3.5949707e+01
   1.7945910e+06   3.6071777e+01
   1.7946120e+06   3.3935547e+01
   1.7946920e+06   3.6926270e+01
   1.7947150e+06   3.9733887e+01
   1.7947370e+06   4.7302246e+01
   1.7947750e+06   3.3874512e+01
   1.7948110e+06   4.3884277e+01
   1.7948630e+06   4.6508789e+01
   1.7949230e+06   3.4851074e+01
   1.7949650e+06   5.1757813e+01
   1.7949770e+06   6.0363770e+01
   1.7951110e+06   4.1015625e+01
   1.7951240e+06   3.3325195e+01
   1.7951460e+06   3.8146973e+01
   1.7952210e+06   3.3447266e+01
   1.7953030e+06   3.3935547e+01
   1.7955210e+06   3.5522461e+01
   1.7956620e+06   3.3691406e+01
   1.7957880e+06   3.7902832e+01
   1.7959200e+06   3.3386230e+01
   1.8169750e+06   3.3691406e+01
   1.8170380e+06   3.5339355e+01
   1.8736410e+06   5.3222656e+01
   1.8736620e+06   4.3212891e+01
   1.8737070e+06   3.4240723e+01
   1.8737370e+06   5.9265137e+01
   1.8737850e+06   3.9672852e+01
   1.8738000e+06   3.3447266e+01
   1.8738390e+06   3.5400391e+01
   1.8738530e+06   3.5339355e+01
   1.8738830e+06   5.4016113e+01
   1.8738930e+06   4.6142578e+01
   1.8739630e+06   3.3325195e+01
   1.8739920e+06   3.9794922e+01
   1.8740480e+06   4.1625977e+01
   1.8740880e+06   4.8461914e+01
   1.8741150e+06   3.4545898e+01
   1.8741760e+06   3.9245605e+01
   1.8742070e+06   3.4057617e+01
   1.8743620e+06   5.1208496e+01
   1.8744530e+06   6.2011719e+01
   1.8744870e+06   3.4667969e+01
   1.8745910e+06   3.5217285e+01
   1.9208390e+06   3.4729004e+01
   1.9208900e+06   3.4423828e+01
   1.9213550e+06   3.9733887e+01
   1.9363250e+06   3.7231445e+01
   1.9363880e+06   3.3691406e+01
   1.9364060e+06   5.5541992e+01
   1.9364450e+06   3.6682129e+01
   1.9644240e+06   3.7780762e+01
   1.9644850e+06   3.5339355e+01
   1.9645410e+06   4.5959473e+01
   1.9645830e+06   3.5705566e+01
   1.9646480e+06   3.4790039e+01
   2.0125260e+06   3.4301758e+01
   2.0288220e+06   3.3325195e+01
   2.0290570e+06   3.3813477e+01
   2.0290700e+06   3.6682129e+01
   2.0290960e+06   3.3752441e+01
   2.0291240e+06   3.3813477e+01
   2.0291360e+06   3.8635254e+01
   2.0291720e+06   3.5400391e+01
   2.0292230e+06   3.4729004e+01
   2.0297760e+06   4.1015625e+01
   2.0926670e+06   4.7180176e+01
   2.0926950e+06   4.7668457e+01
   2.0927160e+06   4.4433594e+01
   2.0927600e+06   3.8208008e+01
   2.0927850e+06   3.5888672e+01
   2.0927970e+06   3.6132813e+01
   2.0928250e+06   3.6621094e+01
   2.0928490e+06   3.4362793e+01
   2.0928810e+06   3.8330078e+01
   2.0929800e+06   4.0161133e+01
   2.0930880e+06   3.3813477e+01
   2.0935990e+06   3.5583496e+01
   2.0938070e+06   3.3264160e+01
   2.1304420e+06   3.3569336e+01
   2.1304970e+06   3.4790039e+01
   2.1305400e+06   3.7780762e+01
   2.1305730e+06   3.3264160e+01
   2.1305910e+06   3.4179688e+01
   2.1306840e+06   3.6865234e+01
   2.1306990e+06   3.8269043e+01
   2.1307310e+06   3.4667969e+01
   2.1307450e+06   5.9875488e+01
   2.1307640e+06   3.9794922e+01
   2.1308070e+06   3.9611816e+01
   2.1308920e+06   3.4118652e+01
   2.1309210e+06   3.8146973e+01
   2.1309320e+06   3.6132813e+01
   2.1309610e+06   5.6701660e+01
   2.1310030e+06   3.5400391e+01
   2.1310280e+06   3.4667969e+01
   2.1310530e+06   3.3996582e+01
   2.1310830e+06   4.7241211e+01
   2.1311150e+06   3.9367676e+01
   2.1311600e+06   3.3447266e+01
   2.1311740e+06   4.0344238e+01
   2.1311890e+06   3.7414551e+01
   2.1312140e+06   3.5400391e+01
   2.1312440e+06   3.3447266e+01
   2.1312950e+06   3.3447266e+01
   2.1313480e+06   4.7058105e+01
   2.1313660e+06   3.4667969e+01
   2.1313790e+06   3.7780762e+01
   2.1314190e+06   3.7902832e+01
   2.1314620e+06   3.8024902e+01
   2.1314730e+06   3.8391113e+01
   2.1315190e+06   3.3325195e+01
   2.1316400e+06   4.7790527e+01
   2.1316990e+06   4.6997070e+01
   2.1317890e+06   3.7170410e+01
   2.1318870e+06   3.9428711e+01
   2.1320150e+06   4.7119141e+01
   2.1321200e+06   3.3325195e+01
   2.1321360e+06   3.7780762e+01
   2.1322670e+06   3.4851074e+01
   2.1325010e+06   3.7780762e+01
   2.1325800e+06   4.4982910e+01
   2.1326230e+06   3.6987305e+01
   2.1327200e+06   3.6499023e+01
   2.1327380e+06   3.8452148e+01
   2.1328420e+06   3.4057617e+01
   2.1330950e+06   3.7963867e+01
   2.1331610e+06   3.6499023e+01
   2.1341400e+06   3.7292480e+01
   2.1347470e+06   4.1320801e+01
   2.1349420e+06   3.9245605e+01
   2.1360480e+06   4.5471191e+01
   2.1602740e+06   3.4240723e+01
   2.2126470e+06   4.3151855e+01
   2.2126770e+06   3.9978027e+01
   2.2128030e+06   4.1015625e+01
   2.2128850e+06   3.3996582e+01
   2.2129230e+06   3.3447266e+01
   2.2129900e+06   3.9306641e+01
   2.2130100e+06   3.9428711e+01
   2.2130300e+06   3.8574219e+01
   2.2130440e+06   3.3508301e+01
   2.2137760e+06   3.6865234e+01
   2.2578520e+06   3.4912109e+01
   2.2699200e+06   3.7841797e+01
   2.2844560e+06   3.8940430e+01
   2.2844690e+06   3.7292480e+01
   2.2845000e+06   3.4179688e+01
   2.2845790e+06   4.9316406e+01
   2.3143320e+06   4.5227051e+01
   2.3311810e+06   3.6254883e+01
   2.3313390e+06   3.9794922e+01
   2.3313690e+06   3.8574219e+01
   2.3313990e+06   3.4606934e+01
   2.3314150e+06   4.5288086e+01
   2.3314380e+06   3.3569336e+01
   2.3315330e+06   3.8452148e+01
   2.3315820e+06   3.5705566e+01
   2.3316070e+06   4.4738770e+01
   2.3316850e+06   3.7719727e+01
   2.3318450e+06   4.2175293e+01
   2.3318670e+06   4.0161133e+01
   2.3319860e+06   4.1931152e+01
   2.3321070e+06   3.3691406e+01
   2.3323550e+06   3.4484863e+01
   2.3324140e+06   3.3874512e+01
   2.3325300e+06   4.0527344e+01
   2.3329750e+06   3.9001465e+01
   2.3708790e+06   3.9306641e+01
   2.4109310e+06   4.5776367e+01
   2.4110100e+06   3.4545898e+01
   2.4111160e+06   4.2175293e+01
   2.4111380e+06   5.3344727e+01
   2.4299990e+06   3.5034180e+01
   2.4301320e+06   3.3996582e+01
   2.4301440e+06   3.7353516e+01
   2.4302060e+06   3.9855957e+01
   2.4302280e+06   4.2541504e+01
   2.4302520e+06   3.7658691e+01
   2.4302850e+06   3.4729004e+01
   2.4302960e+06   5.4138184e+01
   2.4303310e+06   5.0048828e+01
   2.4303480e+06   4.9743652e+01
   2.4303590e+06   3.5766602e+01
   2.4303940e+06   5.4199219e+01
   2.4304230e+06   3.5644531e+01
   2.4304400e+06   4.2114258e+01
   2.4304520e+06   3.7963867e+01
   2.4304750e+06   3.6071777e+01
   2.4304890e+06   7.7514648e+01
   2.4305170e+06   3.4240723e+01
   2.4305410e+06   3.3752441e+01
   2.4305910e+06   4.6569824e+01
   2.4306130e+06   3.6560059e+01
   2.4306510e+06   4.4860840e+01
   2.4306680e+06   3.4362793e+01
   2.4307040e+06   3.5644531e+01
   2.4307320e+06   3.7902832e+01
   2.4307450e+06   3.6071777e+01
   2.4308190e+06   6.8176270e+01
   2.4308390e+06   3.5522461e+01
   2.4309580e+06   5.5297852e+01
   2.4309810e+06   3.4240723e+01
   2.4310360e+06   3.5583496e+01
   2.4310590e+06   4.1381836e+01
   2.4310740e+06   3.4912109e+01
   2.4311200e+06   3.4667969e+01
   2.4311770e+06   3.9306641e+01
   2.4312400e+06   5.0781250e+01
   2.4312560e+06   3.7841797e+01
   2.4313390e+06   3.8330078e+01
   2.4314250e+06   3.7170410e+01
   2.4315080e+06   3.5156250e+01
   2.4315920e+06   4.0039063e+01
   2.4317330e+06   4.6081543e+01
   2.4318340e+06   4.0405273e+01
   2.4319440e+06   3.7902832e+01
   2.4320670e+06   4.0405273e+01
   2.4321830e+06   3.8940430e+01
   2.4325050e+06   3.5217285e+01
   2.4328170e+06   3.4423828e+01
   2.4328380e+06   3.6865234e+01
   2.4330690e+06   3.7475586e+01
   2.4333120e+06   3.5034180e+01
   2.4340060e+06   3.3386230e+01
   2.4356230e+06   3.8024902e+01
   2.4902840e+06   4.7241211e+01
   2.4903210e+06   3.9550781e+01
   2.4903450e+06   3.8757324e+01
   2.4903640e+06   3.3935547e+01
   2.4903980e+06   6.1645508e+01
   2.4904120e+06   4.3090820e+01
   2.4904340e+06   3.4179688e+01
   2.4904550e+06   4.2541504e+01
   2.4904710e+06   4.8156738e+01
   2.4905050e+06   3.4301758e+01
   2.4905370e+06   3.9978027e+01
   2.4905510e+06   3.3447266e+01
   2.4905750e+06   3.8818359e+01
   2.4906520e+06   4.2480469e+01
   2.4906630e+06   4.9682617e+01
   2.4906750e+06   3.3935547e+01
   2.4907170e+06   6.9824219e+01
   2.4907690e+06   5.4443359e+01
   2.4907960e+06   4.5043945e+01
   2.4908090e+06   4.1381836e+01
   2.4908260e+06   4.4555664e+01
   2.4908700e+06   3.8024902e+01
   2.4908940e+06   4.5349121e+01
   2.4909290e+06   3.4667969e+01
   2.4909420e+06   4.8522949e+01
   2.4909550e+06   4.3090820e+01
   2.4909820e+06   4.5349121e+01
   2.4910290e+06   3.3813477e+01
   2.4910620e+06   3.3813477e+01
   2.4911120e+06   4.9926758e+01
   2.4911850e+06   4.9499512e+01
   2.4912970e+06   4.7363281e+01
   2.4913640e+06   3.7414551e+01
   2.4913860e+06   4.8767090e+01
   2.4915120e+06   3.8940430e+01
   2.4932120e+06   4.4372559e+01
   2.4973660e+06   3.5583496e+01
   2.4996180e+06   3.3386230e+01
   2.5006170e+06   3.3813477e+01
   2.5213560e+06   3.6560059e+01
   2.5216440e+06   3.6743164e+01
   2.5222420e+06   3.6132813e+01
   2.5259780e+06   3.8879395e+01
   2.5310280e+06   3.3752441e+01
   2.5310510e+06   3.7597656e+01
   2.5384590e+06   3.4301758e+01
   2.5385420e+06   3.4484863e+01
   2.5386990e+06   3.9489746e+01
   2.5387450e+06   3.7597656e+01
   2.5467350e+06   4.8950195e+01
   2.5532690e+06   3.7048340e+01
   2.5544060e+06   3.9306641e+01
   2.5600840e+06   3.5644531e+01
   2.5650480e+06   4.8095703e+01
   2.5650740e+06   3.8208008e+01
   2.5651100e+06   4.2602539e+01
   2.5652980e+06   3.4057617e+01
   2.6053440e+06   3.3569336e+01
   2.6053630e+06   3.7719727e+01
   2.6070570e+06   3.5949707e+01
   2.6070760e+06   3.9245605e+01
   2.6071130e+06   6.2377930e+01
   2.6071790e+06   3.6743164e+01
   2.6300320e+06   4.4555664e+01
   2.6300640e+06   3.5705566e+01
   2.6301120e+06   4.4921875e+01
   2.6303650e+06   3.4973145e+01
   2.6304090e+06   3.6315918e+01
   2.6460460e+06   3.9245605e+01
   2.6460800e+06   4.1748047e+01
   2.6731040e+06   5.4504395e+01
   2.6731430e+06   3.7719727e+01
   2.6965950e+06   3.4240723e+01
   2.6966300e+06   3.4973145e+01
   2.7287380e+06   3.3569336e+01
   2.7287550e+06   4.6264648e+01
   2.7287780e+06   5.9265137e+01
   2.7288320e+06   4.9377441e+01
   2.7288800e+06   3.5522461e+01
   2.7289910e+06   3.4545898e+01
   2.7291030e+06   3.8085938e+01
   2.7291250e+06   3.4301758e+01
   2.7757650e+06   3.6010742e+01
   2.7757870e+06   3.4057617e+01
   2.7758050e+06   3.4301758e+01
   2.7993620e+06   3.3813477e+01
   2.7994190e+06   4.0161133e+01
   2.7994470e+06   4.0954590e+01
   2.7994770e+06   5.4870605e+01
   2.7995260e+06   5.1940918e+01
   2.7995680e+06   3.4973145e+01
   2.7996200e+06   4.8034668e+01
   2.7997010e+06   3.8696289e+01
   2.7997330e+06   3.3447266e+01
   2.7997580e+06   3.7231445e+01
   2.7997750e+06   3.5644531e+01
   2.7998040e+06   4.7180176e+01
   2.7998540e+06   3.5583496e+01
   2.8000430e+06   3.3813477e+01
   2.8000640e+06   3.5339355e+01
   2.8001640e+06   3.3691406e+01
   2.8002680e+06   3.3996582e+01
   2.8840580e+06   3.5644531e+01
   2.8840820e+06   3.9001465e+01
   2.8841380e+06   3.3752441e+01
   2.8841650e+06   4.2541504e+01
   2.8842280e+06   4.7973633e+01
   2.8842890e+06   4.7607422e+01
   2.8843730e+06   5.1086426e+01
   2.8844550e+06   4.2480469e+01
   2.8844800e+06   3.4484863e+01
   2.8845060e+06   3.8940430e+01
   2.8846040e+06   3.5034180e+01
   2.8846210e+06   4.1076660e+01
   2.8852190e+06   3.3752441e+01
   2.9080620e+06   3.8024902e+01
   2.9081280e+06   5.6396484e+01
   2.9081760e+06   3.5461426e+01
   2.9312170e+06   3.3508301e+01
   2.9477240e+06   4.3823242e+01
   2.9477690e+06   3.6743164e+01
   2.9478200e+06   4.2785645e+01
   2.9478420e+06   4.9865723e+01
   2.9478880e+06   5.3466797e+01
   2.9479550e+06   4.2053223e+01
   2.9480050e+06   3.9245605e+01
   2.9480480e+06   4.1992188e+01
   2.9481380e+06   4.0649414e+01
   2.9481580e+06   3.4301758e+01
   2.9482230e+06   3.7109375e+01
   2.9482550e+06   3.3813477e+01
   2.9482990e+06   4.6142578e+01
   2.9483450e+06   5.5847168e+01
   2.9484560e+06   3.6499023e+01
   2.9485050e+06   4.1015625e+01
   2.9488990e+06   3.4667969e+01
   2.9986500e+06   3.4545898e+01
   3.0254970e+06   4.7302246e+01
   3.0493580e+06   3.3447266e+01
   3.0494190e+06   3.5522461e+01
   3.0494730e+06   3.7963867e+01
   3.0495050e+06   3.6437988e+01
   3.0496510e+06   3.8452148e+01
   3.0496660e+06   3.5705566e+01
   3.0497380e+06   5.1513672e+01
   3.0497770e+06   4.0405273e+01
   3.0498160e+06   4.7119141e+01
   3.0499350e+06   3.8452148e+01
   3.0500860e+06   3.4790039e+01
   3.0900930e+06   3.9855957e+01
   3.0901890e+06   3.9978027e+01
   3.0902250e+06   3.4240723e+01
   3.0902500e+06   4.1503906e+01
   3.1233080e+06   3.5217285e+01
   3.1233920e+06   3.7170410e+01
   3.1540180e+06   3.3264160e+01
   3.1541110e+06   3.7109375e+01
   3.1985570e+06   4.1442871e+01
   3.1994270e+06   3.3752441e+01
   3.2176460e+06   4.3579102e+01
   3.2177510e+06   3.3935547e+01
   3.2177780e+06   3.9978027e+01
   3.2178210e+06   3.3325195e+01
   3.2178610e+06   3.3996582e+01
   3.2178760e+06   4.1870117e+01
   3.2641830e+06   3.4851074e+01
   3.2642310e+06   3.3752441e+01
   3.2645170e+06   3.3386230e+01
   3.2972050e+06   4.2541504e+01
   3.2972580e+06   4.3457031e+01
   3.2972960e+06   3.7719727e+01
   3.2974130e+06   3.3691406e+01
   3.2974570e+06   3.3630371e+01
   3.2974980e+06   4.3029785e+01
   3.2975250e+06   3.6926270e+01
   3.2975400e+06   6.8847656e+01
   3.2975940e+06   3.8269043e+01
   3.2976150e+06   3.3813477e+01
   3.2976550e+06   3.3874512e+01
   3.2976700e+06   3.6804199e+01
   3.2977030e+06   3.3508301e+01
   3.2977970e+06   3.6376953e+01
   3.2978730e+06   3.3630371e+01
   3.2978910e+06   3.4973145e+01
   3.2979080e+06   3.9550781e+01
   3.2980130e+06   4.6752930e+01
   3.2980430e+06   3.8696289e+01
   3.2981040e+06   3.9794922e+01
   3.2981470e+06   3.9794922e+01
   3.2982110e+06   4.5288086e+01
   3.2983250e+06   3.3874512e+01
   3.2983770e+06   3.6682129e+01
   3.2984690e+06   3.4790039e+01
   3.2985760e+06   3.3386230e+01
   3.2986320e+06   3.5583496e+01
   3.2986850e+06   4.2846680e+01
   3.2989980e+06   4.1381836e+01
   3.2993100e+06   3.5888672e+01
   3.2996710e+06   3.9245605e+01
   3.3414250e+06   3.9306641e+01
   3.3414910e+06   4.3090820e+01
   3.3415750e+06   4.4982910e+01
   3.3416790e+06   4.7607422e+01
   3.3420660e+06   3.6254883e+01
   3.3421050e+06   4.0710449e+01
   3.3421410e+06   3.5705566e+01
   3.3421530e+06   4.8828125e+01
   3.3422970e+06   3.9978027e+01
   3.3423480e+06   3.6132813e+01
   3.3424050e+06   3.8574219e+01
   3.3425090e+06   3.7292480e+01
   3.3428030e+06   4.3457031e+01
   3.3429820e+06   3.3569336e+01
   3.3432240e+06   3.3630371e+01
   3.3432340e+06   3.3813477e+01
   3.3740070e+06   3.3386230e+01
   3.4250980e+06   3.7536621e+01
   3.4251310e+06   4.6752930e+01
   3.4251830e+06   3.8391113e+01
   3.4252020e+06   4.2053223e+01
   3.4252240e+06   3.7048340e+01
   3.4252590e+06   4.6997070e+01
   3.4252960e+06   3.9489746e+01
   3.4253590e+06   3.4973145e+01
   3.4253890e+06   5.1330566e+01
   3.4254230e+06   4.1442871e+01
   3.4254390e+06   4.7607422e+01
   3.4254750e+06   4.3212891e+01
   3.4255050e+06   3.7292480e+01
   3.4255660e+06   5.2368164e+01
   3.4255880e+06   3.5705566e+01
   3.4256230e+06   3.5217285e+01
   3.4256520e+06   3.9672852e+01
   3.4256650e+06   3.4362793e+01
   3.4256850e+06   4.3212891e+01
   3.4257330e+06   4.0832520e+01
   3.4257750e+06   4.2541504e+01
   3.4258140e+06   3.6254883e+01
   3.4258510e+06   6.6894531e+01
   3.4258820e+06   4.1198730e+01
   3.4258920e+06   6.8664551e+01
   3.4259760e+06   3.3691406e+01
   3.4260430e+06   3.8635254e+01
   3.4261220e+06   3.6193848e+01
   3.4261630e+06   3.5339355e+01
   3.4261990e+06   3.4912109e+01
   3.4263830e+06   4.4433594e+01
   3.4267200e+06   3.4301758e+01
   3.4277680e+06   3.7292480e+01
   3.4287510e+06   3.4912109e+01
   3.4750060e+06   3.3264160e+01
   3.4750330e+06   5.6396484e+01
   3.4750640e+06   4.8950195e+01
   3.4751300e+06   4.1503906e+01
   3.4753390e+06   3.3569336e+01
   3.4754070e+06   3.9916992e+01
   3.4755410e+06   3.4667969e+01
   3.4755920e+06   5.2673340e+01
   3.4760050e+06   3.5583496e+01
   3.4762440e+06   3.3996582e+01
   3.5160400e+06   3.6621094e+01
   3.5160730e+06   4.7119141e+01
   3.5964920e+06   3.4240723e+01
   3.5965710e+06   3.4179688e+01
   3.5966430e+06   3.6621094e+01
   3.5966720e+06   4.5410156e+01
   3.5966980e+06   3.4912109e+01
   3.5967080e+06   5.2368164e+01
   3.5967480e+06   4.0649414e+01
   3.5968150e+06   3.7963867e+01
   3.5968260e+06   4.6691895e+01
   3.5968490e+06   3.5278320e+01
   3.5968690e+06   3.6743164e+01
   3.5969280e+06   3.8085938e+01
   3.5969760e+06   5.1635742e+01
   3.5970250e+06   3.3569336e+01
   3.5970440e+06   3.6193848e+01
   3.5970550e+06   5.5908203e+01
   3.5970930e+06   4.6508789e+01
   3.5971040e+06   4.6875000e+01
   3.5971610e+06   3.8208008e+01
   3.5971780e+06   3.8208008e+01
   3.5972030e+06   3.3325195e+01
   3.5972500e+06   4.0222168e+01
   3.5973030e+06   3.4240723e+01
   3.5973140e+06   4.6447754e+01
   3.5973310e+06   3.3325195e+01
   3.5973650e+06   3.3752441e+01
   3.5973790e+06   4.3212891e+01
   3.5974510e+06   3.4545898e+01
   3.5974740e+06   3.3569336e+01
   3.5974950e+06   3.5095215e+01
   3.5975520e+06   4.7973633e+01
   3.5976360e+06   5.0231934e+01
   3.5976560e+06   3.9245605e+01
   3.5977080e+06   4.0283203e+01
   3.5977450e+06   3.7048340e+01
   3.5978680e+06   4.4128418e+01
   3.5979570e+06   4.2480469e+01
   3.5982170e+06   3.3813477e+01
   3.5990400e+06   3.3508301e+01
   3.6006430e+06   3.3447266e+01
   3.6009770e+06   3.7353516e+01
   3.6804140e+06   4.1442871e+01
   3.6805320e+06   4.4067383e+01
   3.6806190e+06   4.3029785e+01
   3.6806530e+06   3.7719727e+01
   3.6806690e+06   7.1166992e+01
   3.6808060e+06   3.5339355e+01
   3.6808180e+06   4.7607422e+01
   3.6808850e+06   3.6499023e+01
   3.6809050e+06   3.8085938e+01
   3.6810260e+06   4.4311523e+01
   3.6811850e+06   3.6743164e+01
   3.7499320e+06   3.7719727e+01
   3.7499770e+06   4.3029785e+01
   3.7500240e+06   3.6560059e+01
   3.7500350e+06   4.9316406e+01
   3.7500810e+06   4.2602539e+01
   3.7501040e+06   3.3752441e+01
   3.7501140e+06   3.5888672e+01
   3.7501530e+06   3.6987305e+01
   3.7501740e+06   4.1992188e+01
   3.7502150e+06   3.5583496e+01
   3.7943090e+06   3.3874512e+01
   3.7943270e+06   3.9001465e+01
   3.7943410e+06   6.6040039e+01
   3.7943860e+06   3.9062500e+01
   3.7943980e+06   4.4494629e+01
   3.7944210e+06   3.3691406e+01
   3.7944960e+06   3.9123535e+01
   3.8013500e+06   3.7902832e+01
   3.8559280e+06   3.6621094e+01
   3.8889350e+06   3.4729004e+01
   3.9142510e+06   3.3996582e+01
   3.9143110e+06   3.5644531e+01
   3.9143510e+06   3.9855957e+01
   3.9143710e+06   5.1330566e+01
   3.9144450e+06   3.3447266e+01
   3.9146220e+06   3.4423828e+01
   3.9830470e+06   4.7241211e+01
   3.9831150e+06   4.4128418e+01
   3.9831860e+06   3.3325195e+01
   3.9832140e+06   3.7414551e+01
   3.9832590e+06   4.4555664e+01
   3.9833300e+06   6.1279297e+01
   3.9834390e+06   3.4484863e+01
   3.9834530e+06   3.8391113e+01
   3.9834800e+06   3.5095215e+01
   3.9834970e+06   3.4973145e+01
   3.9835770e+06   3.4973145e+01
   3.9835990e+06   3.5644531e+01
   3.9836700e+06   3.3386230e+01
   3.9836840e+06   3.4606934e+01
   3.9837060e+06   3.5705566e+01
   3.9837630e+06   4.3884277e+01
   3.9838120e+06   3.6071777e+01
   3.9838320e+06   3.7109375e+01
   3.9838730e+06   3.4179688e+01
   3.9840330e+06   3.3813477e+01
   3.9847490e+06   3.5705566e+01
   4.0298920e+06   4.3640137e+01
   4.0299660e+06   3.3325195e+01
   4.0299830e+06   4.5288086e+01
   4.0834100e+06   3.4729004e+01
   4.0835360e+06   3.3569336e+01
   4.0837430e+06   3.7963867e+01
   4.0838630e+06   4.7180176e+01
   4.0838860e+06   4.5715332e+01
   4.0839170e+06   3.5400391e+01
   4.0839410e+06   4.0039063e+01
   4.0839680e+06   5.6335449e+01
   4.0839880e+06   3.4118652e+01
   4.0840370e+06   3.3508301e+01
   4.0840490e+06   3.6743164e+01
   4.0840750e+06   4.1259766e+01
   4.0840990e+06   5.9204102e+01
   4.0841130e+06   3.5339355e+01
   4.0841760e+06   3.3264160e+01
   4.0842300e+06   3.9978027e+01
   4.0842420e+06   3.5156250e+01
   4.0842760e+06   3.6376953e+01
   4.0843590e+06   4.4189453e+01
   4.0843780e+06   4.1687012e+01
   4.0844330e+06   3.3325195e+01
   4.0844610e+06   3.8391113e+01
   4.0844720e+06   3.4606934e+01
   4.0845100e+06   6.2927246e+01
   4.0845650e+06   5.6701660e+01
   4.0845900e+06   3.9367676e+01
   4.0846350e+06   5.2490234e+01
   4.0847620e+06   4.3945313e+01
   4.0847780e+06   3.6743164e+01
   4.0848170e+06   4.9133301e+01
   4.0852610e+06   3.3447266e+01
   4.0853470e+06   4.3823242e+01
   4.0853590e+06   3.8024902e+01
   4.0859600e+06   3.8391113e+01
   4.0867950e+06   3.6865234e+01
   4.0873090e+06   3.3508301e+01
   4.0892870e+06   3.4301758e+01
   4.1487050e+06   4.2663574e+01
   4.1487450e+06   4.1320801e+01
   4.1487820e+06   3.6376953e+01
   4.1488180e+06   3.4301758e+01
   4.1488770e+06   4.0344238e+01
   4.1488920e+06   3.8330078e+01
   4.1489450e+06   3.4301758e+01
   4.1489820e+06   4.4921875e+01
   4.1489920e+06   3.3630371e+01
   4.1490070e+06   3.6804199e+01
   4.1490420e+06   3.9306641e+01
   4.1490530e+06   3.5461426e+01
   4.1490880e+06   3.3813477e+01
   4.1491030e+06   3.5644531e+01
   4.1491210e+06   3.6804199e+01
   4.1491310e+06   6.2377930e+01
   4.1491670e+06   4.3823242e+01
   4.1492140e+06   3.3874512e+01
   4.1492520e+06   5.0231934e+01
   4.1493110e+06   3.9733887e+01
   4.1494010e+06   5.8532715e+01
   4.1494560e+06   3.5705566e+01
   4.1495020e+06   3.4057617e+01
   4.1495250e+06   3.6010742e+01
   4.1495460e+06   3.6010742e+01
   4.1495850e+06   5.0354004e+01
   4.1496070e+06   3.4973145e+01
   4.1496760e+06   3.5400391e+01
   4.1496940e+06   3.9611816e+01
   4.1497520e+06   3.6682129e+01
   4.1498490e+06   4.6813965e+01
   4.1498690e+06   3.3691406e+01
   4.1499290e+06   4.7119141e+01
   4.1499400e+06   3.3752441e+01
   4.1500260e+06   3.7048340e+01
   4.1500390e+06   3.6926270e+01
   4.1501960e+06   3.5217285e+01
   4.1514750e+06   3.5705566e+01
   4.1522360e+06   3.6132813e+01
   4.2354110e+06   3.6193848e+01
   4.2354370e+06   3.5583496e+01
   4.2354710e+06   3.3630371e+01
   4.2354940e+06   3.6865234e+01
   4.2355340e+06   5.3222656e+01
   4.2356330e+06   3.4484863e+01
   4.2356730e+06   3.6804199e+01
   4.2356870e+06   4.4311523e+01
   4.2357480e+06   3.8574219e+01
   4.2357730e+06   4.1259766e+01
   4.2358050e+06   3.7536621e+01
   4.2358670e+06   3.3386230e+01
   4.2360650e+06   3.8574219e+01
   4.2361340e+06   4.6997070e+01
   4.2362160e+06   3.6254883e+01
   4.2363120e+06   3.4912109e+01
   4.2363280e+06   3.6499023e+01
   4.2817560e+06   3.9733887e+01
   4.3326600e+06   5.8166504e+01
   4.3327610e+06   3.9916992e+01
   4.3781770e+06   3.6437988e+01
   4.4057090e+06   3.9672852e+01
   4.4057600e+06   6.1645508e+01
   4.4057850e+06   4.2236328e+01
   4.4057980e+06   4.8156738e+01
   4.4058160e+06   4.1076660e+01
   4.4058780e+06   3.7780762e+01
   4.4059100e+06   3.4790039e+01
   4.4059200e+06   3.7658691e+01
   4.4059320e+06   4.5776367e+01
   4.4059780e+06   6.2744141e+01
   4.4060140e+06   3.7353516e+01
   4.4060380e+06   4.8095703e+01
   4.4060550e+06   3.3508301e+01
   4.4060790e+06   4.1748047e+01
   4.4061020e+06   3.4301758e+01
   4.4061330e+06   4.5959473e+01
   4.4061610e+06   3.9978027e+01
   4.4061880e+06   3.5095215e+01
   4.4062000e+06   5.1086426e+01
   4.4062370e+06   4.6447754e+01
   4.4062940e+06   4.6691895e+01
   4.4063350e+06   4.6569824e+01
   4.4063840e+06   6.3781738e+01
   4.4064350e+06   4.5043945e+01
   4.4064700e+06   4.5837402e+01
   4.4065030e+06   3.5705566e+01
   4.4065290e+06   3.6376953e+01
   4.4066260e+06   3.6071777e+01
   4.4067020e+06   4.6020508e+01
   4.4067730e+06   3.7902832e+01
   4.4068760e+06   3.4973145e+01
   4.4069210e+06   3.7597656e+01
   4.4069680e+06   3.7353516e+01
   4.4070490e+06   3.6437988e+01
   4.4071640e+06   3.6315918e+01
   4.4072140e+06   3.6254883e+01
   4.4073610e+06   3.5888672e+01
   4.4074190e+06   3.4179688e+01
   4.4075300e+06   3.9123535e+01
   4.4710060e+06   3.6071777e+01
   4.4710320e+06   3.9001465e+01
   4.4710760e+06   3.4240723e+01
   4.4710980e+06   4.8278809e+01
   4.4711430e+06   3.4729004e+01
   4.4711650e+06   4.7485352e+01
   4.4712000e+06   3.4240723e+01
   4.4712330e+06   4.9438477e+01
   4.4712790e+06   4.2419434e+01
   4.4713000e+06   3.8635254e+01
   4.4713320e+06   4.0588379e+01
   4.4713550e+06   3.9062500e+01
   4.4713740e+06   3.4179688e+01
   4.4713920e+06   4.9011230e+01
   4.4714090e+06   3.8391113e+01
   4.4714650e+06   4.1076660e+01
   4.4714790e+06   4.4616699e+01
   4.4715070e+06   4.2419434e+01
   4.4715430e+06   3.5705566e+01
   4.4715760e+06   3.8757324e+01
   4.4716200e+06   3.9367676e+01
   4.4716850e+06   3.8269043e+01
   4.4717210e+06   4.7546387e+01
   4.4717810e+06   3.4606934e+01
   4.4718360e+06   3.4667969e+01
   4.4718740e+06   3.7414551e+01
   4.4718970e+06   3.9001465e+01
   4.4719760e+06   3.8024902e+01
   4.4720080e+06   4.5959473e+01
   4.4721350e+06   3.6254883e+01
   4.4722010e+06   4.0466309e+01
   4.4722110e+06   3.6621094e+01
   4.4723250e+06   4.1931152e+01
   4.4736790e+06   3.7048340e+01
   4.4739530e+06   3.5156250e+01
   4.5625020e+06   4.2785645e+01
   4.5625350e+06   3.4118652e+01
   4.5625550e+06   4.0161133e+01
   4.5625740e+06   5.5114746e+01
   4.5626130e+06   3.4912109e+01
   4.5627020e+06   3.7963867e+01
   4.5627290e+06   5.0781250e+01
   4.5627630e+06   4.3212891e+01
   4.5627970e+06   4.4311523e+01
   4.5628140e+06   3.7231445e+01
   4.5628420e+06   4.2419434e+01
   4.5628670e+06   3.8879395e+01
   4.5628960e+06   4.9621582e+01
   4.5629250e+06   4.1748047e+01
   4.5629480e+06   3.3996582e+01
   4.5630020e+06   3.5705566e+01
   4.5630550e+06   3.3996582e+01
   4.5630840e+06   3.6621094e+01
   4.5631050e+06   3.8818359e+01
   4.5631550e+06   4.2541504e+01
   4.5631810e+06   3.4179688e+01
   4.5633230e+06   4.4921875e+01
   4.5634950e+06   4.3701172e+01
   4.5635120e+06   3.6315918e+01
   4.5636780e+06   4.1259766e+01
   4.5637010e+06   4.2968750e+01
   4.5637740e+06   3.3508301e+01
   4.5638200e+06   3.9428711e+01
   4.5639520e+06   4.1625977e+01
   4.5641990e+06   3.3813477e+01
   4.5643680e+06   3.8940430e+01
   4.6034720e+06   4.5532227e+01
   4.6035280e+06   3.5400391e+01
   4.6036150e+06   3.6621094e+01
   4.6037350e+06   3.4118652e+01
   4.6763220e+06   5.0415039e+01
   4.6763610e+06   4.2785645e+01
   4.6763890e+06   3.3264160e+01
   4.6764300e+06   3.5705566e+01
   4.6764750e+06   3.3386230e+01
   4.6765170e+06   5.1757813e+01
   4.6765270e+06   3.4667969e+01
   4.6765830e+06   3.5400391e+01
   4.6766920e+06   3.7231445e+01
   4.6767850e+06   4.2968750e+01
   4.6770080e+06   3.4973145e+01
   4.7095070e+06   3.4057617e+01
   4.7584750e+06   4.3457031e+01
   4.7585060e+06   3.6987305e+01
   4.7585320e+06   5.0659180e+01
   4.7585940e+06   3.6621094e+01
   4.7586470e+06   3.7963867e+01
   4.7587170e+06   3.7109375e+01
   4.7589280e+06   3.3447266e+01
   4.8379050e+06   3.7231445e+01
   4.8379170e+06   3.3935547e+01
   4.8379660e+06   4.7241211e+01
   4.8380070e+06   4.1625977e+01
   4.8380240e+06   3.3935547e+01
   4.8380590e+06   4.3273926e+01
   4.8381540e+06   3.3508301e+01
   4.8382400e+06   3.5827637e+01
   4.8383520e+06   4.1137695e+01
   4.8384360e+06   3.5583496e+01
   4.8385770e+06   3.7475586e+01
   4.8386250e+06   3.3264160e+01
   4.8387750e+06   3.3935547e+01
   4.8777210e+06   3.5156250e+01
   4.8926250e+06   3.5278320e+01
   4.8968490e+06   5.0231934e+01
   4.8969010e+06   3.4545898e+01
   4.8969220e+06   3.5583496e+01
   4.8969770e+06   3.3325195e+01
   4.8970040e+06   3.3935547e+01
   4.8970380e+06   3.3325195e+01
   4.8970620e+06   4.6936035e+01
   4.8971280e+06   3.8269043e+01
   4.8971860e+06   4.2358398e+01
   4.9627230e+06   3.4484863e+01
   4.9627710e+06   6.0913086e+01
   4.9628140e+06   3.6865234e+01
   4.9628410e+06   3.4362793e+01
   4.9628550e+06   3.6621094e+01
   4.9628910e+06   3.4118652e+01
   4.9629150e+06   3.6926270e+01
   4.9629510e+06   3.7719727e+01
   4.9629660e+06   4.1442871e+01
   4.9630870e+06   3.7170410e+01
   4.9631110e+06   3.5339355e+01
   4.9631350e+06   4.7668457e+01
   4.9631760e+06   5.2062988e+01
   4.9631860e+06   3.5888672e+01
   4.9632460e+06   3.4423828e+01
   4.9632590e+06   5.0109863e+01
   4.9633240e+06   5.7434082e+01
   4.9633380e+06   4.5898438e+01
   4.9633850e+06   4.0954590e+01
   4.9634210e+06   4.7119141e+01
   4.9634730e+06   3.9062500e+01
   4.9634900e+06   4.0161133e+01
   4.9635020e+06   3.3508301e+01
   4.9635540e+06   3.7841797e+01
   4.9636130e+06   3.4057617e+01
   4.9636680e+06   4.1931152e+01
   4.9637250e+06   5.0354004e+01
   4.9638780e+06   4.2480469e+01
   4.9641940e+06   4.2541504e+01
   4.9643920e+06   3.7841797e+01
   4.9645740e+06   3.5766602e+01
   4.9650510e+06   3.3386230e+01
   4.9656570e+06   4.1259766e+01
   5.0405150e+06   3.3447266e+01
   5.0405660e+06   4.2114258e+01
   5.0405960e+06   3.4301758e+01
   5.0406090e+06   4.2541504e+01
   5.0406530e+06   3.3386230e+01
   5.0407260e+06   5.5053711e+01
   5.0407400e+06   3.5766602e+01
   5.0407800e+06   4.5471191e+01
   5.0408050e+06   3.7780762e+01
   5.0408160e+06   3.9855957e+01
   5.0408670e+06   3.3935547e+01
   5.0408950e+06   3.3935547e+01
   5.0409520e+06   3.8024902e+01
   5.0409750e+06   4.3945313e+01
   5.0410050e+06   3.8085938e+01
   5.0410250e+06   3.8269043e+01
   5.0410460e+06   3.4423828e+01
   5.0410580e+06   3.8574219e+01
   5.0410900e+06   3.3813477e+01
   5.0411270e+06   3.8452148e+01
   5.0411880e+06   3.8208008e+01
   5.0412110e+06   4.8339844e+01
   5.0412460e+06   3.3813477e+01
   5.0412700e+06   3.5888672e+01
   5.0412920e+06   3.5522461e+01
   5.0413390e+06   4.3945313e+01
   5.0414240e+06   3.4057617e+01
   5.0414430e+06   3.3630371e+01
   5.0415000e+06   3.4362793e+01
   5.0415380e+06   3.4729004e+01
   5.0415870e+06   3.5339355e+01
   5.0416200e+06   5.4138184e+01
   5.0416500e+06   3.5400391e+01
   5.0416660e+06   4.6081543e+01
   5.0416960e+06   3.5339355e+01
   5.0417570e+06   5.1147461e+01
   5.0418360e+06   5.4565430e+01
   5.0418460e+06   3.3447266e+01
   5.0419320e+06   3.4118652e+01
   5.0419980e+06   3.7353516e+01
   5.0421190e+06   4.9682617e+01
   5.0422310e+06   4.3579102e+01
   5.0424590e+06   3.7963867e+01
   5.1315480e+06   4.6875000e+01
   5.1316120e+06   3.5522461e+01
   5.1316390e+06   4.0954590e+01
   5.1316760e+06   4.1809082e+01
   5.1316960e+06   4.2358398e+01
   5.1317140e+06   4.5471191e+01
   5.1317570e+06   4.0588379e+01
   5.1317770e+06   3.7231445e+01
   5.1318060e+06   3.9978027e+01
   5.1318320e+06   3.4851074e+01
   5.1318660e+06   3.9184570e+01
   5.1319240e+06   3.3752441e+01
   5.1319620e+06   3.7231445e+01
   5.1319900e+06   3.7353516e+01
   5.1320670e+06   4.1870117e+01
   5.1323010e+06   4.3579102e+01
   5.1323140e+06   3.8330078e+01
   5.1324080e+06   3.3874512e+01
   5.1326480e+06   3.3813477e+01
   5.1743210e+06   3.6743164e+01
   5.1744680e+06   3.4973145e+01
   5.1745050e+06   3.5461426e+01
   5.2246600e+06   3.4790039e+01
   5.2247020e+06   3.5583496e+01
   5.2247420e+06   4.5715332e+01
   5.2247570e+06   3.3569336e+01
   5.2248520e+06   3.3996582e+01
   5.2250020e+06   3.6682129e+01
   5.2251440e+06   3.4545898e+01
   5.2251800e+06   3.3447266e+01
   5.2253880e+06   3.3691406e+01
   5.2833860e+06   4.3701172e+01
   5.2834430e+06   5.6518555e+01
   5.2835330e+06   3.8696289e+01
   5.2835740e+06   3.5888672e+01
   5.2835900e+06   4.2968750e+01
   5.2836400e+06   3.6743164e+01
   5.3593620e+06   3.6743164e+01
   5.3594190e+06   4.2480469e+01
   5.3594510e+06   3.4667969e+01
   5.3595150e+06   3.4240723e+01
   5.3595320e+06   3.6315918e+01
   5.3595470e+06   4.7180176e+01
   5.3596120e+06   4.0039063e+01
   5.3596640e+06   3.7658691e+01
   5.3597280e+06   3.6743164e+01
   5.3597520e+06   3.7109375e+01
   5.3598410e+06   3.9001465e+01
   5.3599840e+06   3.3569336e+01
   5.3601510e+06   3.5156250e+01
   5.4321040e+06   4.7546387e+01
   5.4321660e+06   4.0222168e+01
   5.4322070e+06   3.7475586e+01
   5.4322170e+06   3.6804199e+01
   5.4322840e+06   5.3283691e+01
   5.4323110e+06   3.5766602e+01
   5.4323830e+06   3.9794922e+01
   5.4323960e+06   3.4240723e+01
   5.4324130e+06   3.6315918e+01
   5.4324480e+06   3.4301758e+01
   5.4325850e+06   4.4738770e+01
   5.4328560e+06   4.6386719e+01
   5.4329180e+06   3.6621094e+01
   5.4940740e+06   4.1931152e+01
   5.4941140e+06   3.4423828e+01
   5.4941920e+06   3.4423828e+01
   5.4942170e+06   3.5156250e+01
   5.4942690e+06   3.5583496e+01
   5.4943120e+06   3.7719727e+01
   5.4943780e+06   3.8330078e+01
   5.4944080e+06   3.6499023e+01
   5.4944370e+06   4.0527344e+01
   5.4944520e+06   3.8330078e+01
   5.4944730e+06   3.8574219e+01
   5.4945410e+06   4.4555664e+01
   5.4945590e+06   3.5278320e+01
   5.4945700e+06   3.5156250e+01
   5.4946380e+06   3.8391113e+01
   5.4946850e+06   5.5297852e+01
   5.4947510e+06   3.7048340e+01
   5.4947740e+06   4.5166016e+01
   5.4948890e+06   3.3447266e+01
   5.5715600e+06   3.6315918e+01
   5.5715930e+06   3.3569336e+01
   5.5717110e+06   3.3691406e+01
   5.5717570e+06   5.2062988e+01
   5.5717720e+06   4.3518066e+01
   5.5718530e+06   3.4667969e+01
   5.5718700e+06   3.6193848e+01
   5.5718850e+06   3.7597656e+01
   5.5719150e+06   3.4423828e+01
   5.5719350e+06   5.5786133e+01
   5.5719680e+06   4.2419434e+01
   5.5719900e+06   3.6499023e+01
   5.5722350e+06   3.6376953e+01
   5.5722810e+06   3.3996582e+01
   5.5723120e+06   3.3996582e+01
   5.5723560e+06   4.1259766e+01
   5.5723800e+06   3.5827637e+01
   5.5724140e+06   3.6682129e+01
   5.5724290e+06   4.4189453e+01
   5.5724450e+06   3.9733887e+01
   5.5725630e+06   3.6376953e+01
   5.5727300e+06   4.5227051e+01
   5.5728080e+06   3.4973145e+01
   5.5731100e+06   4.1076660e+01
   5.6675120e+06   3.9733887e+01
   5.6675550e+06   4.3395996e+01
   5.6675860e+06   4.1015625e+01
   5.6676310e+06   3.8574219e+01
   5.6676420e+06   4.8156738e+01
   5.6676860e+06   5.0170898e+01
   5.6677100e+06   3.8696289e+01
   5.6677430e+06   3.9062500e+01
   5.6677730e+06   4.0649414e+01
   5.6678100e+06   3.7109375e+01
   5.6678310e+06   3.6132813e+01
   5.6678830e+06   5.0781250e+01
   5.6679060e+06   4.5166016e+01
   5.6679500e+06   4.5654297e+01
   5.6679940e+06   3.5827637e+01
   5.6680040e+06   3.5705566e+01
   5.6680570e+06   4.2236328e+01
   5.6680890e+06   3.8940430e+01
   5.6681590e+06   3.5949707e+01
   5.6682110e+06   3.4057617e+01
   5.6682310e+06   4.1809082e+01
   5.6682810e+06   5.3771973e+01
   5.6684210e+06   3.3691406e+01
   5.6684950e+06   3.8208008e+01
   5.6685420e+06   3.3386230e+01
   5.6686520e+06   3.6560059e+01
   5.6686750e+06   3.3386230e+01
   5.6687040e+06   3.4484863e+01
   5.6687480e+06   3.3264160e+01
   5.6688820e+06   3.5400391e+01
   5.7343570e+06   3.6315918e+01
   5.7344160e+06   4.6020508e+01
   5.7344630e+06   4.0954590e+01
   5.7344800e+06   4.2053223e+01
   5.7345260e+06   3.9611816e+01
   5.7345390e+06   3.6376953e+01
   5.7345560e+06   3.7963867e+01
   5.7345710e+06   4.9560547e+01
   5.7345860e+06   4.3762207e+01
   5.7346020e+06   3.4606934e+01
   5.7346260e+06   5.2856445e+01
   5.7346530e+06   3.5766602e+01
   5.7346910e+06   3.4301758e+01
   5.7348710e+06   3.7048340e+01
   5.7348970e+06   3.6926270e+01
   5.7349320e+06   4.6203613e+01
   5.7349450e+06   3.6010742e+01
   5.7350100e+06   4.8461914e+01
   5.7350230e+06   3.4362793e+01
   5.7351850e+06   4.1259766e+01
   5.7352050e+06   4.4616699e+01
   5.7354930e+06   3.5644531e+01
   5.8055590e+06   4.2907715e+01
   5.8055990e+06   3.5461426e+01
   5.8056230e+06   3.9062500e+01
   5.8056530e+06   3.4362793e+01
   5.8057470e+06   3.9611816e+01
   5.8945970e+06   3.3447266e+01
   5.9143070e+06   3.8757324e+01
   5.9143300e+06   3.7109375e+01
   5.9145170e+06   3.6315918e+01
   5.9145980e+06   3.6193848e+01
   5.9146250e+06   3.3996582e+01
   5.9146810e+06   3.6132813e+01
   5.9146960e+06   3.7536621e+01
   5.9150480e+06   3.5400391e+01
   5.9901060e+06   3.3874512e+01
   5.9901390e+06   3.3386230e+01
   5.9902220e+06   5.0170898e+01
   5.9904370e+06   3.7902832e+01
   5.9906180e+06   3.4606934e+01
   6.0648920e+06   3.4118652e+01
   6.0649120e+06   3.6621094e+01
   6.0649980e+06   4.7058105e+01
   6.0650360e+06   3.3813477e+01
   6.0651850e+06   3.4667969e+01
   6.0986000e+06   3.3325195e+01
   6.0986500e+06   3.5888672e+01
   6.0987180e+06   4.0100098e+01
   6.0987650e+06   3.4912109e+01
   6.0987920e+06   3.7170410e+01
   6.0988410e+06   3.8208008e+01
   6.0989530e+06   3.3508301e+01
   6.0989640e+06   4.3579102e+01
   6.1471730e+06   4.1015625e+01
   6.1472760e+06   3.7170410e+01
   6.1474200e+06   3.8513184e+01
   6.1474650e+06   3.7536621e+01
   6.1475090e+06   3.4484863e+01
   6.1872700e+06   3.8085938e+01
   6.1873390e+06   5.0598145e+01
   6.1874540e+06   3.9306641e+01
   6.1874800e+06   3.8024902e+01
   6.1874920e+06   5.7983398e+01
   6.1875330e+06   4.0832520e+01
   6.1877540e+06   3.3569336e+01
   6.1879210e+06   3.6315918e+01
   6.2713970e+06   3.8635254e+01
   6.2714420e+06   4.5776367e+01
   6.2714610e+06   3.5461426e+01
   6.2715200e+06   5.0781250e+01
   6.2715320e+06   4.2968750e+01
   6.2715650e+06   4.7790527e+01
   6.2716000e+06   3.9184570e+01
   6.2716790e+06   5.3161621e+01
   6.2717250e+06   3.5583496e+01
   6.2717560e+06   4.0771484e+01
   6.2717660e+06   4.1625977e+01
   6.2717980e+06   3.3569336e+01
   6.2718580e+06   3.7963867e+01
   6.2718800e+06   3.3752441e+01
   6.2719410e+06   4.0466309e+01
   6.2719590e+06   4.6020508e+01
   6.2719720e+06   3.4179688e+01
   6.2720310e+06   4.8278809e+01
   6.2720570e+06   3.4851074e+01
   6.2720780e+06   4.8889160e+01
   6.2721250e+06   3.6682129e+01
   6.2721580e+06   3.4851074e+01
   6.2721840e+06   4.9499512e+01
   6.2722100e+06   3.8391113e+01
   6.2722200e+06   3.6071777e+01
   6.2722980e+06   4.5532227e+01
   6.2723910e+06   3.6743164e+01
   6.2724440e+06   3.6437988e+01
   6.2728030e+06   3.8574219e+01
   6.2728900e+06   3.4667969e+01
   6.2730590e+06   3.3630371e+01
   6.2730960e+06   6.0119629e+01
   6.2731170e+06   3.6865234e+01
   6.2733680e+06   3.6437988e+01
   6.2736960e+06   4.1259766e+01
   6.2747930e+06   3.5095215e+01
   6.2752730e+06   3.5278320e+01
   6.3538330e+06   4.1198730e+01
   6.3538670e+06   4.7546387e+01
   6.3539240e+06   3.3325195e+01
   6.3539580e+06   3.4240723e+01
   6.3539690e+06   3.7353516e+01
   6.3540290e+06   4.8400879e+01
   6.3540620e+06   4.0527344e+01
   6.3540940e+06   3.9978027e+01
   6.3541050e+06   5.3649902e+01
   6.3541390e+06   4.9682617e+01
   6.3541830e+06   3.7414551e+01
   6.3542060e+06   3.3386230e+01
   6.3542300e+06   4.9682617e+01
   6.3542680e+06   5.0720215e+01
   6.3542980e+06   3.8696289e+01
   6.3543080e+06   3.6743164e+01
   6.3543240e+06   3.6071777e+01
   6.3543460e+06   4.0893555e+01
   6.3543870e+06   3.9489746e+01
   6.3544200e+06   3.8574219e+01
   6.3544520e+06   6.2377930e+01
   6.3544990e+06   3.3935547e+01
   6.3545640e+06   3.5583496e+01
   6.3546000e+06   4.7119141e+01
   6.3546350e+06   3.9672852e+01
   6.3546710e+06   4.9682617e+01
   6.3547880e+06   3.9489746e+01
   6.3548030e+06   3.6682129e+01
   6.3548930e+06   3.5705566e+01
   6.3549550e+06   5.3161621e+01
   6.3550410e+06   3.8574219e+01
   6.3551080e+06   4.1381836e+01
   6.3551300e+06   3.4484863e+01
   6.3551860e+06   4.0893555e+01
   6.3553120e+06   3.3752441e+01
   6.3555480e+06   4.2175293e+01
   6.3556840e+06   3.5705566e+01
   6.3558030e+06   4.3090820e+01
   6.3564170e+06   3.3996582e+01
   6.3579960e+06   3.5217285e+01
   6.3783360e+06   3.5156250e+01
   6.4707670e+06   3.4301758e+01
   6.4707930e+06   3.8208008e+01
   6.4708230e+06   4.2297363e+01
   6.4708600e+06   4.3579102e+01
   6.4708760e+06   3.4790039e+01
   6.4709020e+06   6.1340332e+01
   6.4709470e+06   4.6325684e+01
   6.4709810e+06   3.9978027e+01
   6.4710150e+06   3.8269043e+01
   6.4710480e+06   4.6264648e+01
   6.4711060e+06   3.3752441e+01
   6.4711590e+06   4.3945313e+01
   6.4711890e+06   3.3935547e+01
   6.4712180e+06   3.7170410e+01
   6.4712730e+06   4.6203613e+01
   6.4713200e+06   3.7048340e+01
   6.4714470e+06   4.2114258e+01
   6.4714750e+06   3.5705566e+01
   6.4715140e+06   3.5339355e+01
   6.4715810e+06   3.7841797e+01
   6.4715940e+06   3.7780762e+01
   6.4716140e+06   3.4851074e+01
   6.4716790e+06   3.3264160e+01
   6.4717660e+06   3.5644531e+01
   6.4718290e+06   4.1748047e+01
   6.4719150e+06   4.7119141e+01
   6.4719870e+06   3.3508301e+01
   6.4720190e+06   4.8156738e+01
   6.4720950e+06   3.5156250e+01
   6.4723700e+06   3.4057617e+01
   6.4724080e+06   3.6315918e+01
   6.5479690e+06   3.8269043e+01
   6.5480120e+06   3.5339355e+01
   6.5480270e+06   3.4484863e+01
   6.5480630e+06   3.5522461e+01
   6.5480870e+06   3.5461426e+01
   6.5481420e+06   4.4860840e+01
   6.5481910e+06   6.7138672e+01
   6.5482130e+06   3.4423828e+01
   6.5482460e+06   4.2419434e+01
   6.5482570e+06   3.6437988e+01
   6.5482820e+06   3.3325195e+01
   6.5483000e+06   4.0222168e+01
   6.5483350e+06   4.7119141e+01
   6.5483680e+06   3.8330078e+01
   6.5483800e+06   3.6132813e+01
   6.5484010e+06   4.3518066e+01
   6.5484370e+06   4.1809082e+01
   6.5484510e+06   3.7109375e+01
   6.5484770e+06   3.5827637e+01
   6.5485110e+06   4.8889160e+01
   6.5485780e+06   3.4118652e+01
   6.5486180e+06   4.0466309e+01
   6.5486460e+06   3.8574219e+01
   6.5486640e+06   4.1809082e+01
   6.5487180e+06   3.3752441e+01
   6.5488570e+06   3.7048340e+01
   6.5488840e+06   3.6193848e+01
   6.5489960e+06   3.4484863e+01
   6.5491680e+06   3.4729004e+01
   6.5492480e+06   3.6132813e+01
   6.5495930e+06   3.3752441e+01
   6.5497390e+06   3.4240723e+01
   6.6167020e+06   3.3813477e+01
   6.6167430e+06   4.3640137e+01
   6.6167540e+06   3.8024902e+01
   6.6167840e+06   4.1625977e+01
   6.6168300e+06   4.7546387e+01
   6.6169360e+06   3.9794922e+01
   6.6169790e+06   3.9855957e+01
   6.6169950e+06   3.6193848e+01
   6.6170570e+06   6.0668945e+01
   6.6170870e+06   4.7119141e+01
   6.6170970e+06   3.6804199e+01
   6.6171390e+06   4.8583984e+01
   6.6172570e+06   4.9926758e+01
   6.6172820e+06   4.0283203e+01
   6.6173170e+06   4.1015625e+01
   6.6174040e+06   3.5705566e+01
   6.6174930e+06   5.7617188e+01
   6.6176970e+06   3.7658691e+01
   6.6177460e+06   3.6499023e+01
   6.6178740e+06   3.3386230e+01
   6.6178960e+06   3.3325195e+01
   6.6762070e+06   5.2429199e+01
   6.6763440e+06   3.8574219e+01
   6.6763580e+06   3.3935547e+01
   6.6764610e+06   3.9611816e+01
   6.7336300e+06   3.8146973e+01
   6.7337180e+06   3.5339355e+01
   6.7337440e+06   3.4240723e+01
   6.7337930e+06   3.4667969e+01
   6.7582390e+06   3.3447266e+01
   6.7583600e+06   3.4851074e+01
   6.7902300e+06   3.4912109e+01
   6.8282860e+06   3.3691406e+01
   6.8283440e+06   3.7658691e+01
   6.8283990e+06   3.5644531e+01
   6.8285100e+06   3.6071777e+01
   6.8285470e+06   4.3518066e+01
   6.8285710e+06   3.4179688e+01
   6.8286530e+06   3.3508301e+01
   6.8286650e+06   3.8574219e+01
   6.8288140e+06   3.6132813e+01
   6.8289310e+06   3.3691406e+01
   6.9024430e+06   3.4790039e+01
   6.9024670e+06   3.5827637e+01
   6.9024830e+06   4.1015625e+01
   6.9025000e+06   4.7607422e+01
   6.9025290e+06   3.8818359e+01
   6.9025490e+06   3.7109375e+01
   6.9025740e+06   4.4189453e+01
   6.9026120e+06   3.9123535e+01
   6.9026370e+06   3.4118652e+01
   6.9026780e+06   4.5227051e+01
   6.9026990e+06   3.6621094e+01
   6.9027280e+06   3.5766602e+01
   6.9027890e+06   3.7597656e+01
   6.9028180e+06   4.9804688e+01
   6.9028680e+06   3.8085938e+01
   6.9029420e+06   3.3630371e+01
   6.9029990e+06   3.7475586e+01
   6.9030730e+06   3.6499023e+01
   6.9031750e+06   3.6254883e+01
   6.9033020e+06   3.6560059e+01
   6.9035290e+06   3.4484863e+01
   6.9035640e+06   3.3508301e+01
   6.9413580e+06   3.7170410e+01
   6.9414080e+06   4.0466309e+01
   6.9583490e+06   3.3325195e+01
   6.9583770e+06   5.7434082e+01
   6.9983380e+06   4.3457031e+01
   6.9983570e+06   3.5766602e+01
   6.9984490e+06   5.6213379e+01
   6.9984880e+06   3.4606934e+01
   6.9985700e+06   3.3264160e+01
   6.9986890e+06   3.9489746e+01
   6.9987190e+06   3.5461426e+01
   6.9987480e+06   3.3630371e+01
   7.0334690e+06   3.3508301e+01
   7.0879710e+06   4.8339844e+01
   7.0880170e+06   4.2663574e+01
   7.0880580e+06   4.0649414e+01
   7.0880710e+06   3.6315918e+01
   7.0881010e+06   4.7363281e+01
   7.0881660e+06   3.6926270e+01
   7.0883290e+06   3.3935547e+01
   7.0883410e+06   3.4118652e+01
   7.0884410e+06   3.7231445e+01
   7.0886340e+06   3.7780762e+01
   7.0898360e+06   3.5766602e+01
   7.1252460e+06   3.3264160e+01
   7.1549390e+06   3.3752441e+01
   7.1983750e+06   3.5095215e+01
   7.1984140e+06   5.4260254e+01
   7.1985140e+06   4.2419434e+01
   7.1989920e+06   3.5095215e+01
   7.1992830e+06   3.3508301e+01
   7.2411060e+06   3.4118652e+01
   7.2412610e+06   3.3935547e+01
   7.2413020e+06   4.2175293e+01
   7.2973610e+06   3.7414551e+01
   7.2975240e+06   3.6010742e+01
   7.3375800e+06   3.3996582e+01
   7.3376440e+06   4.5837402e+01
   7.3640800e+06   3.9306641e+01
   7.3818850e+06   4.0405273e+01
   7.3819370e+06   4.6936035e+01
   7.3820100e+06   3.5339355e+01
   7.3820500e+06   4.3395996e+01
   7.3821510e+06   3.4973145e+01
   7.3821630e+06   4.0039063e+01
   7.3821880e+06   3.9489746e+01
   7.3822140e+06   3.4790039e+01
   7.3822410e+06   3.8085938e+01
   7.3822650e+06   5.0476074e+01
   7.3822990e+06   4.3212891e+01
   7.3823430e+06   3.5156250e+01
   7.3823740e+06   3.7719727e+01
   7.3824370e+06   4.3212891e+01
   7.3824540e+06   4.1442871e+01
   7.3824870e+06   5.0537109e+01
   7.3825230e+06   3.8452148e+01
   7.3825380e+06   3.9001465e+01
   7.3825970e+06   3.3569336e+01
   7.3826080e+06   4.5959473e+01
   7.3826420e+06   4.2724609e+01
   7.3826770e+06   3.8391113e+01
   7.3827490e+06   3.4912109e+01
   7.3828120e+06   3.5888672e+01
   7.3830210e+06   3.7536621e+01
   7.3830700e+06   3.4606934e+01
   7.3831360e+06   3.3447266e+01
   7.3831970e+06   3.4240723e+01
   7.3832450e+06   4.2236328e+01
   7.3833060e+06   3.9428711e+01
   7.3837260e+06   3.5949707e+01
   7.4524010e+06   4.0649414e+01
   7.4524450e+06   4.0893555e+01
   7.4524550e+06   3.5583496e+01
   7.4524920e+06   6.3537598e+01
   7.4525300e+06   5.0903320e+01
   7.4525480e+06   4.4372559e+01
   7.4525940e+06   3.9550781e+01
   7.4526120e+06   3.9672852e+01
   7.4526290e+06   3.6926270e+01
   7.4526630e+06   4.2419434e+01
   7.4527040e+06   5.9326172e+01
   7.4527330e+06   3.4912109e+01
   7.4527590e+06   5.0109863e+01
   7.4528100e+06   5.1879883e+01
   7.4528220e+06   4.1992188e+01
   7.4528620e+06   3.6560059e+01
   7.4529120e+06   4.1992188e+01
   7.4529270e+06   3.4179688e+01
   7.4529670e+06   3.4667969e+01
   7.4530420e+06   4.0649414e+01
   7.4530550e+06   3.6682129e+01
   7.4530940e+06   4.2785645e+01
   7.4532840e+06   3.4973145e+01
   7.4532940e+06   4.5898438e+01
   7.4533580e+06   3.7475586e+01
   7.4533990e+06   3.9978027e+01
   7.4534120e+06   4.7241211e+01
   7.4534330e+06   3.3752441e+01
   7.4535240e+06   4.3640137e+01
   7.4536010e+06   4.0039063e+01
   7.4536600e+06   5.0903320e+01
   7.4537660e+06   4.5715332e+01
   7.4542290e+06   3.8818359e+01
   7.4542770e+06   3.7048340e+01
   7.4545950e+06   3.8818359e+01
   7.4548020e+06   3.4912109e+01
   7.5442880e+06   3.4179688e+01
   7.5492370e+06   3.3752441e+01
   7.5492810e+06   5.0537109e+01
   7.5493250e+06   3.3447266e+01
   7.5493510e+06   3.4606934e+01
   7.5493870e+06   4.2419434e+01
   7.5494340e+06   3.6315918e+01
   7.5495050e+06   4.4189453e+01
   7.5495480e+06   3.3752441e+01
   7.5495980e+06   3.8208008e+01
   7.5498340e+06   3.3508301e+01
   7.6168400e+06   5.2856445e+01
   7.6825780e+06   4.9011230e+01
   7.6826660e+06   3.3874512e+01
   7.6826830e+06   3.6132813e+01
   7.6826990e+06   4.0710449e+01
   7.6827480e+06   4.7485352e+01
   7.6827650e+06   3.8452148e+01
   7.6828020e+06   4.2541504e+01
   7.6828240e+06   4.0039063e+01
   7.6828430e+06   4.1198730e+01
   7.6828540e+06   4.0100098e+01
   7.6828640e+06   3.4423828e+01
   7.6829250e+06   3.8757324e+01
   7.6829870e+06   4.1748047e+01
   7.6831210e+06   3.5583496e+01
   7.6831630e+06   4.5104980e+01
   7.6831860e+06   3.6193848e+01
   7.6832640e+06   3.4057617e+01
   7.6832860e+06   5.5603027e+01
   7.6833660e+06   3.9550781e+01
   7.6833880e+06   4.0039063e+01
   7.6835390e+06   3.5339355e+01
   7.6835550e+06   5.5969238e+01
   7.6839810e+06   3.4545898e+01
   7.6841360e+06   3.6682129e+01
   7.7213140e+06   3.3386230e+01
   7.7680180e+06   3.7414551e+01
   7.7680290e+06   3.8879395e+01
   7.7680730e+06   3.7658691e+01
   7.7681670e+06   3.8330078e+01
   7.7682180e+06   3.3691406e+01
   7.7682350e+06   5.1818848e+01
   7.7682790e+06   3.7414551e+01
   7.7683070e+06   3.5339355e+01
   7.7683410e+06   6.1035156e+01
   7.7683520e+06   3.7170410e+01
   7.7683780e+06   3.6437988e+01
   7.7683880e+06   3.5278320e+01
   7.7684200e+06   3.4179688e+01
   7.7684560e+06   3.5278320e+01
   7.7684880e+06   3.7414551e+01
   7.7685190e+06   4.0832520e+01
   7.7685370e+06   3.4240723e+01
   7.7685550e+06   3.3508301e+01
   7.7685850e+06   3.4973145e+01
   7.7686400e+06   4.2724609e+01
   7.7686620e+06   3.6132813e+01
   7.7687190e+06   3.9978027e+01
   7.7687370e+06   3.3691406e+01
   7.7688030e+06   4.5410156e+01
   7.7688500e+06   4.9865723e+01
   7.7688780e+06   3.8024902e+01
   7.7690350e+06   3.4851074e+01
   7.7692130e+06   5.3283691e+01
   7.8581150e+06   3.5278320e+01
   7.8581350e+06   3.3386230e+01
   7.8581930e+06   4.1137695e+01
   7.8582440e+06   4.7058105e+01
   7.8582760e+06   3.5095215e+01
   7.8583010e+06   3.5644531e+01
   7.8583290e+06   4.0283203e+01
   7.8583510e+06   4.8156738e+01
   7.8583940e+06   3.5705566e+01
   7.8584110e+06   4.0405273e+01
   7.8585090e+06   3.6560059e+01
   7.8585800e+06   3.5339355e+01
   7.8586460e+06   3.5461426e+01
   7.8587040e+06   4.5776367e+01
   7.8587550e+06   5.0048828e+01
   7.8590130e+06   3.7231445e+01
   7.8591210e+06   3.7719727e+01
   7.8592040e+06   3.8513184e+01
   7.8593490e+06   3.6193848e+01
   7.9281430e+06   4.2724609e+01
   7.9281880e+06   3.5339355e+01
   7.9282970e+06   3.7109375e+01
   7.9283180e+06   4.4372559e+01
   7.9284220e+06   4.5715332e+01
   7.9284690e+06   4.0039063e+01
   7.9954940e+06   3.3630371e+01
   7.9955670e+06   4.0832520e+01
   7.9956400e+06   3.3569336e+01
   7.9956700e+06   3.7475586e+01
   7.9956870e+06   4.4250488e+01
   7.9957130e+06   3.3874512e+01
   7.9957270e+06   4.1748047e+01
   7.9957570e+06   3.5705566e+01
   7.9957830e+06   3.5949707e+01
   7.9958240e+06   3.5522461e+01
   7.9958500e+06   4.7363281e+01
   7.9958900e+06   4.7546387e+01
   7.9959380e+06   3.6743164e+01
   7.9960020e+06   3.3752441e+01
   7.9960840e+06   3.8330078e+01
   7.9961600e+06   3.5217285e+01
   7.9964520e+06   3.4851074e+01
   8.0438120e+06   4.9438477e+01
   8.0439690e+06   4.8767090e+01
   8.0828910e+06   3.6560059e+01
   8.0830940e+06   4.7058105e+01
   8.0831710e+06   3.5217285e+01
   8.0833960e+06   3.9916992e+01
   8.0834200e+06   3.3569336e+01
   8.0835420e+06   3.3813477e+01
   8.2028310e+06   3.7170410e+01
   8.2372050e+06   3.3752441e+01
   8.2372980e+06   3.4118652e+01
   8.2373580e+06   3.5400391e+01
   8.2373990e+06   3.6804199e+01
   8.2375070e+06   3.9428711e+01
   8.2375420e+06   3.5949707e+01
   8.2375720e+06   3.7231445e+01
   8.2376260e+06   4.5104980e+01
   8.2376730e+06   5.4504395e+01
   8.2377200e+06   5.0659180e+01
   8.2378080e+06   5.4931641e+01
   8.2378380e+06   4.0039063e+01
   8.2378660e+06   3.3630371e+01
   8.2378880e+06   3.5339355e+01
   8.2379040e+06   3.7902832e+01
   8.2379740e+06   3.3996582e+01
   8.2380540e+06   3.5339355e+01
   8.2381220e+06   3.4729004e+01
   8.2381840e+06   3.8757324e+01
   8.2382040e+06   4.3823242e+01
   8.2383610e+06   4.6264648e+01
   8.2384150e+06   4.0954590e+01
   8.2384760e+06   3.6560059e+01
   8.2386320e+06   4.1198730e+01
   8.2388600e+06   3.7719727e+01
   8.2391860e+06   3.5705566e+01
   8.3183520e+06   4.7058105e+01
   8.3183640e+06   3.3447266e+01
   8.3184230e+06   4.2358398e+01
   8.3184540e+06   3.6743164e+01
   8.3185110e+06   3.5339355e+01
   8.3185280e+06   3.4606934e+01
   8.3185500e+06   3.3630371e+01
   8.3186010e+06   3.9123535e+01
   8.3186430e+06   4.7790527e+01
   8.3186550e+06   3.6499023e+01
   8.3187040e+06   4.0466309e+01
   8.3187180e+06   3.5583496e+01
   8.3187490e+06   4.6081543e+01
   8.3187770e+06   3.3508301e+01
   8.3188120e+06   4.4677734e+01
   8.3188380e+06   3.6193848e+01
   8.3189340e+06   3.8085938e+01
   8.3189760e+06   5.4870605e+01
   8.3190500e+06   3.3508301e+01
   8.3190780e+06   3.4423828e+01
   8.3192010e+06   4.3945313e+01
   8.3192510e+06   4.1076660e+01
   8.3192690e+06   5.7006836e+01
   8.3193490e+06   3.7658691e+01
   8.3194710e+06   4.1442871e+01
   8.3195780e+06   3.6682129e+01
   8.3196670e+06   3.8574219e+01
   8.3203300e+06   3.7170410e+01
   8.4147910e+06   5.7922363e+01
   8.4148290e+06   3.3813477e+01
   8.4148410e+06   4.1015625e+01
   8.4148730e+06   4.6875000e+01
   8.4148880e+06   3.4362793e+01
   8.4149170e+06   3.6254883e+01
   8.4149540e+06   3.7231445e+01
   8.4149740e+06   4.8400879e+01
   8.4150410e+06   3.5766602e+01
   8.4150530e+06   3.8757324e+01
   8.4150790e+06   3.3691406e+01
   8.4151370e+06   5.8532715e+01
   8.4151550e+06   3.4667969e+01
   8.4153030e+06   4.3518066e+01
   8.4154280e+06   4.2175293e+01
   8.4155650e+06   3.3813477e+01
   8.4157050e+06   3.7048340e+01
   8.4157950e+06   3.7658691e+01
   8.4159530e+06   3.6682129e+01
   8.4160610e+06   3.4912109e+01
   8.4162320e+06   3.6682129e+01
   8.4166520e+06   3.4912109e+01
   8.4754960e+06   4.4799805e+01
   8.5502500e+06   4.6020508e+01
   8.5503130e+06   3.3508301e+01
   8.5503930e+06   3.6071777e+01
   8.5504060e+06   3.6560059e+01
   8.5504300e+06   3.6621094e+01
   8.5504420e+06   3.5888672e+01
   8.5505150e+06   3.7902832e+01
   8.5506000e+06   3.5949707e+01
   8.5507910e+06   4.0283203e+01
   8.5508290e+06   3.4423828e+01
   8.5509920e+06   3.6804199e+01
   8.5510210e+06   4.6630859e+01
   8.5510470e+06   3.5583496e+01
   8.6155650e+06   4.2297363e+01
   8.6156170e+06   3.7963867e+01
   8.6156580e+06   3.3386230e+01
   8.6157910e+06   3.7780762e+01
   8.6158680e+06   3.6132813e+01
   8.6159720e+06   3.4484863e+01
   8.6661840e+06   3.7353516e+01
   8.7560940e+06   3.4301758e+01
   8.7561530e+06   3.5583496e+01
   8.7562430e+06   3.6437988e+01
   8.7562580e+06   3.5766602e+01
   8.7563220e+06   4.8889160e+01
   8.7563450e+06   4.1687012e+01
   8.7564720e+06   3.9611816e+01
   8.7565500e+06   3.4179688e+01
   8.7567100e+06   3.4057617e+01
   8.7567490e+06   3.3508301e+01
   8.7568780e+06   3.5522461e+01
   8.7568960e+06   3.3508301e+01
   8.7570720e+06   3.6743164e+01
   8.8128230e+06   3.3325195e+01
   8.8128620e+06   3.4118652e+01
   8.8129380e+06   3.4912109e+01
   8.8130040e+06   5.7006836e+01
   8.8130160e+06   3.4667969e+01
   8.8130540e+06   3.4118652e+01
   8.8132370e+06   3.5156250e+01
   8.8685910e+06   5.3222656e+01
   8.8686530e+06   4.3823242e+01
   8.8688700e+06   3.3508301e+01
   8.8690150e+06   3.3691406e+01
   8.8691210e+06   3.3325195e+01
   8.8692060e+06   3.7414551e+01
   8.9328530e+06   3.8269043e+01
   8.9329690e+06   3.6987305e+01
   8.9330300e+06   3.7658691e+01
   8.9330580e+06   3.3325195e+01
   8.9331280e+06   3.6437988e+01
   8.9331470e+06   5.9875488e+01
   8.9332710e+06   3.5522461e+01
   8.9333470e+06   3.8635254e+01
   8.9334110e+06   4.6081543e+01
   8.9334450e+06   3.4362793e+01
   8.9335230e+06   3.9611816e+01
   8.9335420e+06   3.3386230e+01
   8.9336080e+06   3.5461426e+01
   8.9336640e+06   4.3212891e+01
   8.9337150e+06   4.5104980e+01
   8.9338040e+06   3.6132813e+01
   8.9338770e+06   3.8574219e+01
   8.9339870e+06   4.3273926e+01
   8.9340460e+06   4.0893555e+01
   8.9346620e+06   3.8269043e+01
   8.9351970e+06   3.4118652e+01
   8.9379830e+06   3.5766602e+01
