   8.9970000e+06   0.0000000e+00
   6.4620000e+03   4.1503906e+01
   2.5712000e+04   3.9001465e+01
   2.6076000e+04   3.9855957e+01
   2.6688000e+04   3.9428711e+01
   6.0473000e+04   4.1198730e+01
   6.1017000e+04   4.1625977e+01
   6.1528000e+04   3.8330078e+01
   1.0503600e+05   4.3029785e+01
   1.0515000e+05   4.0649414e+01
   1.3395100e+05   3.9611816e+01
   1.5238000e+05   4.2297363e+01
   1.5244700e+05   4.1809082e+01
   1.8138200e+05   4.3823242e+01
   1.8943000e+05   4.1870117e+01
   1.9197200e+05   4.1320801e+01
   1.9315300e+05   4.2846680e+01
   1.9771000e+05   4.0039063e+01
   1.9827800e+05   3.9245605e+01
   2.0087400e+05   3.9672852e+01
   2.2053500e+05   4.4982910e+01
   2.4204500e+05   4.2419434e+01
   2.4899000e+05   4.4494629e+01
   2.7562800e+05   4.5898438e+01
   2.8174300e+05   4.0405273e+01
   2.8876900e+05   4.9682617e+01
   2.9950100e+05   4.0710449e+01
   3.2561900e+05   4.7302246e+01
   3.2890100e+05   4.5593262e+01
   3.2911100e+05   4.2785645e+01
   3.3834800e+05   4.1198730e+01
   3.3873700e+05   4.0954590e+01
   3.4062700e+05   4.1809082e+01
   3.4933300e+05   4.3884277e+01
   3.6469400e+05   4.2175293e+01
   3.6569100e+05   4.3823242e+01
   3.6618000e+05   3.9550781e+01
   3.7184100e+05   4.8645020e+01
   3.7347800e+05   4.2419434e+01
   3.7354500e+05   3.8940430e+01
   3.7359700e+05   4.0466309e+01
   3.7364500e+05   4.0771484e+01
   3.7440100e+05   4.0466309e+01
   3.7482300e+05   4.1870117e+01
   3.7563400e+05   4.0344238e+01
   3.7869900e+05   4.1625977e+01
   3.7893500e+05   4.0649414e+01
   3.8145600e+05   3.9306641e+01
   3.8171600e+05   4.0039063e+01
   3.8320700e+05   3.8391113e+01
   3.8394300e+05   3.9184570e+01
   4.0234200e+05   3.9550781e+01
   4.1274100e+05   3.9428711e+01
   4.3257400e+05   4.3884277e+01
   4.3260700e+05   4.1137695e+01
   4.5475300e+05   4.0832520e+01
   5.8195800e+05   3.8696289e+01
   6.0374000e+05   3.8452148e+01
   6.3717900e+05   3.8391113e+01
   7.1899200e+05   3.8391113e+01
   7.1949900e+05   4.0710449e+01
   8.9698900e+05   3.8940430e+01
   9.2968800e+05   4.0527344e+01
   9.5464900e+05   3.9123535e+01
   9.5507900e+05   4.0405273e+01
   9.9700100e+05   3.9245605e+01
   1.0052520e+06   4.1381836e+01
   1.0689790e+06   4.1809082e+01
   1.0694280e+06   3.9489746e+01
   1.0902120e+06   4.3273926e+01
   1.0903570e+06   3.8330078e+01
   1.0905350e+06   4.3701172e+01
   1.0906860e+06   5.1269531e+01
   1.1469080e+06   4.5471191e+01
   1.1469470e+06   3.9550781e+01
   1.1794850e+06   3.9611816e+01
   1.2154690e+06   4.0222168e+01
   1.2377790e+06   3.9184570e+01
   1.3231900e+06   4.2785645e+01
   1.3233360e+06   4.6813965e+01
   1.3235800e+06   3.9733887e+01
   1.3238540e+06   4.2663574e+01
   1.3241510e+06   4.1931152e+01
   1.3281890e+06   4.2236328e+01
   1.3286200e+06   4.4128418e+01
   1.3287850e+06   4.1381836e+01
   1.3290790e+06   3.8574219e+01
   1.3441430e+06   3.9794922e+01
   1.3502120e+06   4.0283203e+01
   1.3657970e+06   3.9123535e+01
   1.3881440e+06   3.8940430e+01
   1.4013000e+06   4.4433594e+01
   1.4016040e+06   4.0588379e+01
   1.4264630e+06   3.9245605e+01
   1.4448960e+06   3.8696289e+01
   1.4510150e+06   4.0161133e+01
   1.4798580e+06   3.9184570e+01
   1.4978670e+06   3.9306641e+01
   1.6158590e+06   4.0588379e+01
   1.6159470e+06   4.0893555e+01
   1.6160080e+06   4.1320801e+01
   1.6163410e+06   4.1870117e+01
   1.6603420e+06   4.3457031e+01
   1.7388680e+06   3.9367676e+01
   1.7942740e+06   4.2053223e+01
   1.7943790e+06   3.9001465e+01
   1.7955310e+06   4.4189453e+01
   1.7966890e+06   3.9489746e+01
   1.8735670e+06   4.0771484e+01
   1.8743850e+06   4.2358398e+01
   1.8744920e+06   3.8757324e+01
   1.8751180e+06   3.8513184e+01
   1.9725470e+06   3.8574219e+01
   1.9929250e+06   4.1259766e+01
   2.0288270e+06   4.0771484e+01
   2.0577630e+06   3.8879395e+01
   2.0642060e+06   4.0222168e+01
   2.0643700e+06   4.1198730e+01
   2.0926410e+06   3.8513184e+01
   2.0931690e+06   4.0710449e+01
   2.1319110e+06   3.9794922e+01
   2.1320740e+06   4.3395996e+01
   2.1327350e+06   3.9489746e+01
   2.1332840e+06   4.0649414e+01
   2.2133310e+06   4.0283203e+01
   2.3312900e+06   3.8635254e+01
   2.3316830e+06   4.2724609e+01
   2.3324510e+06   3.8513184e+01
   2.3817670e+06   3.8757324e+01
   2.4110250e+06   4.1442871e+01
   2.4110420e+06   4.3151855e+01
   2.4112080e+06   3.9001465e+01
   2.4300950e+06   4.0039063e+01
   2.4302280e+06   4.1687012e+01
   2.4304140e+06   3.9245605e+01
   2.4343700e+06   4.2236328e+01
   2.4349530e+06   4.2175293e+01
   2.4364960e+06   3.8391113e+01
   2.4903480e+06   4.4189453e+01
   2.4906460e+06   4.2907715e+01
   2.4907630e+06   3.8513184e+01
   2.4910200e+06   3.9733887e+01
   2.4978340e+06   4.1748047e+01
   2.5231200e+06   4.3579102e+01
   2.5311830e+06   4.1137695e+01
   2.5608460e+06   3.8757324e+01
   2.5876130e+06   3.8879395e+01
   2.5969880e+06   3.8879395e+01
   2.6070650e+06   4.3334961e+01
   2.6216380e+06   3.8940430e+01
   2.6305160e+06   4.0100098e+01
   2.6306220e+06   3.9184570e+01
   2.6965330e+06   4.0039063e+01
   2.8841590e+06   3.9245605e+01
   2.8841780e+06   3.8574219e+01
   2.9082280e+06   4.1442871e+01
   2.9479720e+06   4.3640137e+01
   3.0258270e+06   3.9672852e+01
   3.2976670e+06   4.0100098e+01
   3.3415660e+06   4.0344238e+01
   3.3423420e+06   3.9001465e+01
   3.4256430e+06   3.9672852e+01
   3.4262950e+06   3.9611816e+01
   3.4320880e+06   4.1137695e+01
   3.5967990e+06   4.1259766e+01
   3.9144460e+06   4.2724609e+01
   3.9148880e+06   4.2175293e+01
   3.9833720e+06   4.0832520e+01
   4.0842390e+06   4.4433594e+01
   4.0843230e+06   4.1076660e+01
   4.0864680e+06   4.3273926e+01
   4.1487530e+06   3.9978027e+01
   4.1495950e+06   4.1076660e+01
   4.2354100e+06   3.8513184e+01
   4.2817020e+06   4.0771484e+01
   4.4057500e+06   4.2236328e+01
   4.4057800e+06   4.1137695e+01
   4.4058440e+06   3.9794922e+01
   4.4058800e+06   4.4006348e+01
   4.4712150e+06   3.8391113e+01
   4.4712390e+06   3.8635254e+01
   4.4712880e+06   3.9428711e+01
   4.4720230e+06   4.8156738e+01
   4.4721300e+06   4.0222168e+01
   4.4722330e+06   3.8330078e+01
   4.5632710e+06   4.0039063e+01
   4.5651160e+06   4.5043945e+01
   4.6037260e+06   3.9855957e+01
   4.6763870e+06   4.1259766e+01
   4.6764940e+06   3.9062500e+01
   4.7585800e+06   4.0100098e+01
   4.8968720e+06   4.4616699e+01
   4.9627970e+06   4.2663574e+01
   4.9632830e+06   3.9245605e+01
   5.0408220e+06   3.9855957e+01
   5.0418480e+06   4.0344238e+01
   5.0436530e+06   4.8461914e+01
   5.1320490e+06   4.0344238e+01
   5.2251780e+06   4.6020508e+01
   5.2253670e+06   3.8818359e+01
   5.2483980e+06   3.9611816e+01
   5.2487880e+06   3.8574219e+01
   5.2834720e+06   4.1992188e+01
   5.3595080e+06   3.8757324e+01
   5.5717480e+06   4.3212891e+01
   5.5718780e+06   3.9367676e+01
   5.5719990e+06   3.9733887e+01
   5.6675740e+06   4.2297363e+01
   5.6684880e+06   4.0405273e+01
   5.7430750e+06   3.9062500e+01
   5.7564470e+06   3.8818359e+01
   5.9145660e+06   3.9428711e+01
   6.2717290e+06   4.2602539e+01
   6.2742020e+06   4.1931152e+01
   6.3542150e+06   4.4494629e+01
   6.3544990e+06   4.0161133e+01
   6.3546980e+06   3.9489746e+01
   6.5481440e+06   4.4494629e+01
   6.5502190e+06   4.0039063e+01
   6.6169350e+06   4.5410156e+01
   6.9026890e+06   4.0893555e+01
   6.9031790e+06   3.8452148e+01
   7.3828200e+06   4.1564941e+01
   7.5493400e+06   3.8513184e+01
   7.5907050e+06   3.8513184e+01
   7.6827880e+06   3.9916992e+01
   7.6829330e+06   3.8696289e+01
   7.7679510e+06   3.9550781e+01
   7.7688840e+06   3.9489746e+01
   7.8583690e+06   3.8391113e+01
   7.8584890e+06   4.0039063e+01
   7.9955760e+06   3.9733887e+01
   8.2373840e+06   3.9184570e+01
   8.2396320e+06   3.8696289e+01
