   8.9970000e+06   0.0000000e+00
   6.4560000e+03   3.1860352e+01
   1.3245900e+05   3.9062500e+01
   2.3025900e+05   3.2348633e+01
   2.9922800e+05   3.5217285e+01
   2.9930400e+05   3.5644531e+01
   2.9958900e+05   3.4851074e+01
   3.7351400e+05   3.0944824e+01
   4.8059400e+05   3.4606934e+01
   4.8176800e+05   3.6437988e+01
   5.8186600e+05   4.2358398e+01
   7.7447600e+05   3.4606934e+01
   8.9707700e+05   3.0151367e+01
   9.3002000e+05   3.0273438e+01
   9.5405500e+05   3.2653809e+01
   9.5421500e+05   3.0334473e+01
   9.5429500e+05   3.2653809e+01
   9.5443300e+05   3.2043457e+01
   1.0903010e+06   3.4484863e+01
   1.0904640e+06   3.1860352e+01
   1.3235580e+06   3.1250000e+01
   1.3238710e+06   3.0151367e+01
   1.6605230e+06   3.1250000e+01
   1.7946410e+06   3.2104492e+01
   1.7973430e+06   3.0578613e+01
   1.7983530e+06   3.2226563e+01
   1.8766250e+06   3.0456543e+01
   1.8773250e+06   3.1005859e+01
   1.9099440e+06   3.1005859e+01
   2.1309520e+06   3.1799316e+01
   2.2132060e+06   3.0761719e+01
   2.4111550e+06   4.1137695e+01
   2.4305780e+06   3.1738281e+01
   2.4906980e+06   3.0578613e+01
   2.4942320e+06   3.0822754e+01
   2.7995810e+06   3.0456543e+01
   2.7998580e+06   3.6254883e+01
   2.8006140e+06   3.2897949e+01
   2.8843180e+06   3.0761719e+01
   2.8843770e+06   3.0578613e+01
   3.0497580e+06   3.3935547e+01
   3.0560560e+06   3.1494141e+01
   3.2973550e+06   3.0151367e+01
   3.2974920e+06   3.1494141e+01
   3.2975770e+06   3.1005859e+01
   3.2980350e+06   3.0395508e+01
   3.2989920e+06   3.5461426e+01
   3.3418540e+06   3.3813477e+01
   3.3421500e+06   3.1311035e+01
   3.4252710e+06   3.0151367e+01
   3.4262290e+06   3.6437988e+01
   3.4751260e+06   3.0883789e+01
   3.5967350e+06   3.1555176e+01
   3.5970650e+06   3.0395508e+01
   3.9146600e+06   3.1494141e+01
   3.9832970e+06   3.2714844e+01
   3.9836260e+06   3.1921387e+01
   4.0836410e+06   3.2226563e+01
   4.0851010e+06   3.2714844e+01
   4.1488440e+06   3.0578613e+01
   4.2363790e+06   3.3081055e+01
   4.2818260e+06   3.0944824e+01
   4.2820060e+06   3.3386230e+01
   4.4711440e+06   3.0456543e+01
   4.4714800e+06   3.2409668e+01
   4.6038680e+06   3.2897949e+01
   4.7587370e+06   3.0761719e+01
   4.8381340e+06   3.3935547e+01
   4.9628600e+06   4.1015625e+01
   4.9630570e+06   3.8940430e+01
   4.9632720e+06   3.3203125e+01
   5.0406690e+06   3.3203125e+01
   5.0407380e+06   3.2409668e+01
   5.1316820e+06   3.1311035e+01
   5.1317910e+06   3.3691406e+01
   5.2250160e+06   3.0578613e+01
   5.3598200e+06   3.2714844e+01
   5.3600090e+06   3.0761719e+01
   5.5720470e+06   3.0151367e+01
   5.6697140e+06   3.0273438e+01
   6.0987950e+06   3.6071777e+01
   6.2716610e+06   3.4423828e+01
   6.2740850e+06   3.0151367e+01
   6.3540540e+06   3.1372070e+01
   6.3541700e+06   3.0883789e+01
   6.3592760e+06   3.0395508e+01
   6.4709440e+06   3.2775879e+01
   6.5750580e+06   3.1921387e+01
   6.9025390e+06   3.4912109e+01
   7.1986160e+06   3.1127930e+01
   7.3821620e+06   3.1127930e+01
   7.4525260e+06   3.1860352e+01
   7.4534680e+06   3.1921387e+01
   7.9959720e+06   3.0273438e+01
   8.0831710e+06   3.1799316e+01
   8.2374950e+06   4.0771484e+01
   8.4151320e+06   3.6376953e+01
   8.6156470e+06   3.0639648e+01
   8.9331190e+06   3.9428711e+01
   8.9334610e+06   3.5583496e+01
