   8.9970000e+06   0.0000000e+00
   2.5796000e+04   3.4667969e+01
   2.6001000e+04   4.0527344e+01
   2.6106000e+04   3.7658691e+01
   2.6273000e+04   3.9184570e+01
   1.0497900e+05   4.8583984e+01
   1.3239800e+05   4.1076660e+01
   2.2156600e+05   3.8818359e+01
   2.9917400e+05   3.8635254e+01
   2.9933000e+05   3.4240723e+01
   2.9962400e+05   3.5400391e+01
   3.7320300e+05   4.0832520e+01
   3.7350100e+05   3.6926270e+01
   3.7534500e+05   3.8818359e+01
   4.4856100e+05   3.4851074e+01
   4.8052300e+05   3.4301758e+01
   4.8081500e+05   3.4667969e+01
   5.2069400e+05   3.4240723e+01
   5.3255800e+05   3.5095215e+01
   7.9350700e+05   3.4851074e+01
   8.9691800e+05   3.5217285e+01
   9.5393100e+05   3.7902832e+01
   9.5413500e+05   3.6987305e+01
   9.5462900e+05   3.4729004e+01
   9.9722800e+05   3.4240723e+01
   1.0902630e+06   3.5156250e+01
   1.0911660e+06   3.9428711e+01
   1.1415590e+06   3.4851074e+01
   1.1469900e+06   3.9123535e+01
   1.1794760e+06   3.5705566e+01
   1.2713290e+06   4.1748047e+01
   1.3030040e+06   3.6193848e+01
   1.3231820e+06   3.4423828e+01
   1.3250960e+06   3.5217285e+01
   1.3658320e+06   4.4799805e+01
   1.3885390e+06   3.4423828e+01
   1.3974020e+06   3.4606934e+01
   1.4650810e+06   3.6804199e+01
   1.4801980e+06   3.4851074e+01
   1.5390620e+06   3.7475586e+01
   1.6159440e+06   3.4301758e+01
   1.6883380e+06   3.7048340e+01
   1.7385840e+06   3.7231445e+01
   1.7943800e+06   3.4240723e+01
   1.8739970e+06   3.5217285e+01
   2.0291620e+06   3.7353516e+01
   2.1304630e+06   3.9001465e+01
   2.1307200e+06   3.4423828e+01
   2.1311860e+06   3.6560059e+01
   2.2128070e+06   3.9550781e+01
   2.2844310e+06   3.8574219e+01
   2.4303100e+06   3.4545898e+01
   2.4908560e+06   3.7597656e+01
   2.6070890e+06   3.5766602e+01
   2.6303720e+06   3.4790039e+01
   2.6731640e+06   3.6682129e+01
   2.7287780e+06   3.9184570e+01
   2.8842040e+06   3.6132813e+01
   2.9477450e+06   3.5888672e+01
   2.9480450e+06   3.5034180e+01
   2.9481430e+06   3.5034180e+01
   3.0496630e+06   3.5461426e+01
   3.0497750e+06   4.3334961e+01
   3.0498620e+06   3.5095215e+01
   3.2973460e+06   3.8146973e+01
   3.6805150e+06   3.5156250e+01
   3.8560400e+06   3.4362793e+01
   3.8566400e+06   3.7170410e+01
   3.9142950e+06   3.5217285e+01
   3.9838240e+06   3.4484863e+01
   4.0833990e+06   4.2907715e+01
   4.0836340e+06   3.4423828e+01
   4.0848120e+06   3.4851074e+01
   4.2357280e+06   3.8208008e+01
   4.3326980e+06   3.7841797e+01
   4.4065360e+06   3.9733887e+01
   4.4711250e+06   3.6254883e+01
   4.4712540e+06   3.4423828e+01
   4.5625990e+06   3.8391113e+01
   4.8380220e+06   3.7658691e+01
   4.8385710e+06   3.5400391e+01
   4.9629030e+06   4.0466309e+01
   5.0418860e+06   3.6682129e+01
   5.2246890e+06   3.6376953e+01
   5.2247440e+06   3.7902832e+01
   5.2248620e+06   3.6010742e+01
   5.2249110e+06   3.5034180e+01
   5.2834330e+06   3.6804199e+01
   5.2834780e+06   3.4301758e+01
   5.2835320e+06   3.6437988e+01
   5.4324710e+06   3.4484863e+01
   5.8057370e+06   3.5583496e+01
   5.9901340e+06   3.7109375e+01
   6.0651740e+06   3.8452148e+01
   6.1874380e+06   3.6926270e+01
   6.1880350e+06   3.5766602e+01
   6.2713950e+06   3.5888672e+01
   6.2714330e+06   3.5034180e+01
   6.2715550e+06   3.9611816e+01
   6.2718040e+06   3.8024902e+01
   6.2718950e+06   3.6254883e+01
   6.3540010e+06   3.4912109e+01
   6.5479770e+06   4.2053223e+01
   6.6763180e+06   3.6682129e+01
   6.7336640e+06   3.5034180e+01
   6.8285170e+06   3.7048340e+01
   6.9027820e+06   3.6926270e+01
   6.9583790e+06   3.6437988e+01
   6.9987870e+06   3.4912109e+01
   6.9992990e+06   3.4484863e+01
   7.0877330e+06   3.6254883e+01
   7.0878270e+06   3.8452148e+01
   7.0880330e+06   3.4545898e+01
   7.1984330e+06   3.5888672e+01
   7.1985400e+06   3.5766602e+01
   7.3819930e+06   3.9123535e+01
   7.7679890e+06   3.8330078e+01
   7.8581660e+06   3.5217285e+01
   7.9282230e+06   3.5278320e+01
   7.9956100e+06   3.5217285e+01
   8.2375380e+06   3.5583496e+01
   8.3183950e+06   3.8513184e+01
   8.3186440e+06   3.4545898e+01
   8.4148660e+06   3.6743164e+01
   8.6155920e+06   3.6010742e+01
   8.6156490e+06   3.4423828e+01
   8.7562670e+06   3.8757324e+01
   8.7563380e+06   4.3151855e+01
   8.7564550e+06   3.5705566e+01
   8.8128430e+06   3.7292480e+01
   8.8130320e+06   3.6743164e+01
   8.8686840e+06   3.6193848e+01
   8.8692240e+06   3.4729004e+01
