   1.1996000e+07   0.0000000e+00
   1.3818600e+05   3.9550781e+01
   1.3822100e+05   3.3691406e+01
   1.3824700e+05   3.9916992e+01
   1.3827300e+05   3.8879395e+01
   1.3842400e+05   3.4057617e+01
   1.4812500e+05   3.5827637e+01
   1.4825800e+05   4.1687012e+01
   1.4828600e+05   3.5034180e+01
   2.0011600e+05   5.5480957e+01
   2.0014400e+05   4.1809082e+01
   2.0017300e+05   5.0903320e+01
   2.0020000e+05   4.2480469e+01
   2.0022800e+05   3.9306641e+01
   2.0023800e+05   3.9489746e+01
   2.0035700e+05   3.4362793e+01
   2.0146200e+05   3.4545898e+01
   2.6002200e+05   3.4912109e+01
   2.6004600e+05   3.5034180e+01
   2.6008000e+05   5.2062988e+01
   2.6009900e+05   4.0466309e+01
   2.6013000e+05   3.4973145e+01
   2.6021100e+05   3.6621094e+01
   3.1003800e+05   4.6447754e+01
   3.1006600e+05   3.4179688e+01
   3.1008900e+05   3.5522461e+01
   3.1011300e+05   4.6325684e+01
   3.1014900e+05   3.6987305e+01
   3.1016200e+05   3.3447266e+01
   3.5709500e+05   4.4738770e+01
   3.5711600e+05   3.6743164e+01
   3.5713900e+05   3.3752441e+01
   3.5716700e+05   5.2124023e+01
   3.5717700e+05   3.8940430e+01
   3.5720100e+05   3.6621094e+01
   3.5910100e+05   3.4484863e+01
   5.1627700e+05   3.7048340e+01
   5.1628900e+05   5.0842285e+01
   5.1631900e+05   5.5297852e+01
   5.1637400e+05   3.5339355e+01
   5.1640100e+05   4.5410156e+01
   5.1643800e+05   4.1992188e+01
   5.7096700e+05   3.8818359e+01
   5.7101400e+05   4.9194336e+01
   5.7106000e+05   4.1931152e+01
   5.7112500e+05   3.5339355e+01
   6.4970400e+05   3.5461426e+01
   6.4972200e+05   3.3691406e+01
   6.4973200e+05   4.5471191e+01
   6.4974600e+05   4.5593262e+01
   6.4979100e+05   5.0659180e+01
   6.4981700e+05   4.3090820e+01
   6.4983800e+05   3.4484863e+01
   6.4996400e+05   3.5644531e+01
   7.7686400e+05   4.2114258e+01
   7.7697200e+05   3.3813477e+01
   7.7699500e+05   3.7109375e+01
   7.7701900e+05   4.0954590e+01
   7.7703000e+05   3.4118652e+01
   7.7720900e+05   3.4118652e+01
   8.3580500e+05   3.6987305e+01
   8.3584100e+05   3.4790039e+01
   8.3587600e+05   4.1259766e+01
   8.3590800e+05   3.8085938e+01
   8.3594000e+05   3.7170410e+01
   8.3597100e+05   3.7597656e+01
   8.3606600e+05   3.3569336e+01
   9.0272500e+05   3.7597656e+01
   9.0277100e+05   3.6193848e+01
   9.0282100e+05   3.4851074e+01
   9.6404000e+05   3.8879395e+01
   9.6407000e+05   3.6437988e+01
   9.6409900e+05   3.3569336e+01
   9.6413300e+05   3.6865234e+01
   1.0192070e+06   4.8095703e+01
   1.0192650e+06   4.1809082e+01
   1.0193060e+06   4.2419434e+01
   1.1606190e+06   4.1503906e+01
   1.1606450e+06   3.5583496e+01
   1.1607010e+06   4.0039063e+01
   1.1607300e+06   3.3569336e+01
   1.2254290e+06   4.1503906e+01
   1.2254660e+06   3.3569336e+01
   1.2255140e+06   3.3935547e+01
   1.2255550e+06   3.7536621e+01
   1.2255670e+06   3.4484863e+01
   1.2256310e+06   3.5217285e+01
   1.3337350e+06   3.7414551e+01
   1.3337840e+06   3.9794922e+01
   1.3338450e+06   3.7719727e+01
   1.3338680e+06   4.1198730e+01
   1.3339650e+06   3.6621094e+01
   1.3851980e+06   3.6621094e+01
   1.3852940e+06   3.5034180e+01
   1.4298080e+06   3.7597656e+01
   1.4298540e+06   3.8391113e+01
   1.4298730e+06   4.0771484e+01
   1.4299130e+06   3.5888672e+01
   1.4299550e+06   3.4423828e+01
   1.4300810e+06   3.4729004e+01
   1.5961140e+06   3.3691406e+01
   1.5961550e+06   3.4606934e+01
   1.5961820e+06   3.8330078e+01
   1.6727490e+06   4.0527344e+01
   1.6727660e+06   3.7170410e+01
   1.6728070e+06   3.5339355e+01
   1.6728540e+06   3.5095215e+01
   1.6728670e+06   3.6437988e+01
   1.6728880e+06   3.5339355e+01
   1.7194840e+06   3.4301758e+01
   1.7196190e+06   3.3447266e+01
   1.9835480e+06   3.3508301e+01
   1.9835990e+06   5.3100586e+01
   1.9838210e+06   3.5095215e+01
   2.0455710e+06   4.6630859e+01
   2.0456580e+06   3.9855957e+01
   2.0456830e+06   3.8635254e+01
   2.0457000e+06   3.8269043e+01
   2.0457230e+06   3.8208008e+01
   2.0848680e+06   3.7109375e+01
   2.0849070e+06   4.8645020e+01
   2.0849850e+06   3.8940430e+01
   2.0850000e+06   3.4729004e+01
   2.0850320e+06   4.1015625e+01
   2.0850690e+06   3.6315918e+01
   2.0851050e+06   3.3447266e+01
   2.0861930e+06   3.9306641e+01
   2.0873030e+06   3.5156250e+01
   2.1410510e+06   4.0466309e+01
   2.1410940e+06   4.2602539e+01
   2.1411260e+06   4.9560547e+01
   2.1412050e+06   4.0893555e+01
   2.1901810e+06   3.4667969e+01
   2.1902150e+06   3.8391113e+01
   2.1902580e+06   4.0222168e+01
   2.1902750e+06   4.0161133e+01
   2.1903080e+06   3.4667969e+01
   2.1903300e+06   3.3447266e+01
   2.1903520e+06   3.7841797e+01
   2.1903690e+06   3.5827637e+01
   2.1904100e+06   3.4790039e+01
   2.2412410e+06   4.6203613e+01
   2.2412540e+06   3.7536621e+01
   2.2412900e+06   3.4545898e+01
   2.2413200e+06   4.2541504e+01
   2.2413390e+06   3.5888672e+01
   2.2413520e+06   4.0344238e+01
   2.2413970e+06   4.6203613e+01
   2.5162980e+06   3.3813477e+01
   2.5163580e+06   3.6865234e+01
   2.5164760e+06   3.4545898e+01
   2.5367410e+06   3.7048340e+01
   2.5367890e+06   3.9062500e+01
   2.5368590e+06   4.0161133e+01
   2.5369410e+06   3.5034180e+01
   2.5814470e+06   3.6926270e+01
   2.5815410e+06   3.8024902e+01
   2.5815650e+06   3.4240723e+01
   2.5816230e+06   3.4851074e+01
   2.5817380e+06   3.4606934e+01
   2.6667240e+06   5.0781250e+01
   2.6667450e+06   3.3569336e+01
   2.6667890e+06   3.6010742e+01
   2.6668070e+06   4.1015625e+01
   2.6668730e+06   3.8513184e+01
   2.7136310e+06   3.6437988e+01
   2.7137150e+06   3.9794922e+01
   2.7137640e+06   4.2114258e+01
   2.7138320e+06   3.5156250e+01
   2.7649910e+06   3.5034180e+01
   2.7650840e+06   3.3508301e+01
   2.7650990e+06   3.5705566e+01
   2.7651500e+06   3.5461426e+01
   2.7652260e+06   3.6743164e+01
   2.8707360e+06   3.4057617e+01
   2.8707820e+06   3.9428711e+01
   2.8708090e+06   3.4790039e+01
   2.8708280e+06   5.1757813e+01
   2.8708440e+06   3.4545898e+01
   2.8709110e+06   3.4545898e+01
   2.8709750e+06   3.5705566e+01
   2.9541910e+06   3.5583496e+01
   3.1937050e+06   3.6071777e+01
   3.1937260e+06   3.9306641e+01
   3.1937660e+06   3.5766602e+01
   3.1937790e+06   5.7312012e+01
   3.1937920e+06   4.5715332e+01
   3.1938640e+06   3.3996582e+01
   3.2057450e+06   3.7109375e+01
   3.2058290e+06   3.4179688e+01
   3.2058920e+06   3.7780762e+01
   3.2059440e+06   3.4240723e+01
   3.2060230e+06   5.3283691e+01
   3.2064150e+06   3.4545898e+01
   3.2517680e+06   4.8950195e+01
   3.2518260e+06   3.5034180e+01
   3.2518460e+06   4.2358398e+01
   3.2518720e+06   5.0842285e+01
   3.2518910e+06   3.4973145e+01
   3.2519250e+06   3.9794922e+01
   3.2519470e+06   3.7292480e+01
   3.2875380e+06   3.7963867e+01
   3.2875540e+06   4.1992188e+01
   3.2875760e+06   3.5400391e+01
   3.2876050e+06   4.0588379e+01
   3.2876310e+06   5.5419922e+01
   3.2876630e+06   4.0527344e+01
   3.2876990e+06   4.1809082e+01
   3.3381420e+06   3.4973145e+01
   3.3382280e+06   3.7353516e+01
   3.3382380e+06   4.1503906e+01
   3.3382960e+06   4.8095703e+01
   3.5327970e+06   4.4921875e+01
   3.5328420e+06   3.7170410e+01
   3.5328700e+06   6.2255859e+01
   3.5328850e+06   3.3691406e+01
   3.5884440e+06   4.0039063e+01
   3.5884920e+06   3.5400391e+01
   3.5885370e+06   3.5583496e+01
   3.5885750e+06   3.5095215e+01
   3.5885960e+06   3.3874512e+01
   3.5886170e+06   3.9245605e+01
   3.5886700e+06   4.0344238e+01
   3.5887000e+06   3.7597656e+01
   3.6262670e+06   5.1513672e+01
   3.6263590e+06   4.9438477e+01
   3.6264130e+06   3.4179688e+01
   3.6264680e+06   3.4606934e+01
   3.6265130e+06   3.4118652e+01
   3.9217180e+06   4.0466309e+01
   3.9217470e+06   4.3334961e+01
   3.9217700e+06   3.7902832e+01
   3.9219880e+06   3.6071777e+01
   3.9881200e+06   4.4616699e+01
   3.9881610e+06   3.3508301e+01
   3.9881840e+06   4.5410156e+01
   3.9882050e+06   4.7424316e+01
   3.9882380e+06   3.4240723e+01
   3.9882710e+06   3.6010742e+01
   3.9882930e+06   5.3161621e+01
   3.9883070e+06   3.7658691e+01
   4.0325040e+06   3.7963867e+01
   4.0325540e+06   3.7902832e+01
   4.0325960e+06   3.9794922e+01
   4.0326490e+06   3.5888672e+01
   4.0326840e+06   3.8330078e+01
   4.0759010e+06   4.3029785e+01
   4.0759330e+06   3.4545898e+01
   4.0759730e+06   5.2734375e+01
   4.0759860e+06   3.6865234e+01
   4.0760540e+06   3.9428711e+01
   4.0760820e+06   3.8513184e+01
   4.0761460e+06   3.3508301e+01
   4.1141460e+06   3.5400391e+01
   4.1142020e+06   3.3813477e+01
   4.1142300e+06   3.7048340e+01
   4.1142440e+06   4.4982910e+01
   4.1142580e+06   3.6926270e+01
   4.1142840e+06   3.9428711e+01
   4.1142980e+06   3.7780762e+01
   4.1149630e+06   3.6315918e+01
   4.1150990e+06   3.4423828e+01
   4.2797980e+06   3.6315918e+01
   4.2798270e+06   3.9550781e+01
   4.2798630e+06   3.9978027e+01
   4.2798820e+06   4.1381836e+01
   4.3894570e+06   3.7109375e+01
   4.3894920e+06   4.3701172e+01
   4.3895500e+06   4.4677734e+01
   4.3896470e+06   3.8452148e+01
   4.4820000e+06   4.0588379e+01
   4.4820300e+06   3.5095215e+01
   4.4820560e+06   3.8024902e+01
   4.4820690e+06   3.3691406e+01
   4.4820870e+06   3.8452148e+01
   4.5679630e+06   3.8757324e+01
   4.5679900e+06   3.4973145e+01
   4.5680010e+06   3.8024902e+01
   4.5680150e+06   4.9682617e+01
   4.8435550e+06   3.7780762e+01
   4.8435900e+06   5.1818848e+01
   4.8436280e+06   3.7780762e+01
   4.8436410e+06   3.3569336e+01
   4.8436710e+06   3.7536621e+01
   4.8437050e+06   3.4729004e+01
   4.9024700e+06   4.2053223e+01
   4.9025220e+06   3.6315918e+01
   4.9025430e+06   3.9001465e+01
   4.9025720e+06   4.6813965e+01
   4.9025920e+06   3.6926270e+01
   4.9026920e+06   4.3334961e+01
   4.9437770e+06   3.4118652e+01
   4.9441040e+06   3.6010742e+01
   5.0378550e+06   4.2541504e+01
   5.0378850e+06   3.9245605e+01
   5.0379390e+06   3.6560059e+01
   5.0379620e+06   3.3569336e+01
   5.0380030e+06   3.6132813e+01
   5.0380200e+06   3.3752441e+01
   5.0862150e+06   3.8818359e+01
   5.0862370e+06   4.1015625e+01
   5.0862590e+06   3.8391113e+01
   5.0863300e+06   3.7658691e+01
   5.0863510e+06   3.4790039e+01
   5.0863960e+06   3.3874512e+01
   5.3546250e+06   4.1687012e+01
   5.3546690e+06   3.9184570e+01
   5.3548050e+06   4.2114258e+01
   5.3743510e+06   4.1564941e+01
   5.4224470e+06   3.7109375e+01
   5.4224760e+06   3.4484863e+01
   5.4225040e+06   3.4240723e+01
   5.4225210e+06   3.9916992e+01
   5.4225410e+06   4.0954590e+01
   5.4226120e+06   4.6264648e+01
   5.4226680e+06   3.7109375e+01
   5.4227070e+06   4.1625977e+01
   5.4629300e+06   3.8940430e+01
   5.4629810e+06   4.2297363e+01
   5.4630330e+06   3.5156250e+01
   5.4630580e+06   4.9743652e+01
   5.4631220e+06   3.4362793e+01
   5.5117350e+06   3.8940430e+01
   5.5117900e+06   3.5644531e+01
   5.5118200e+06   4.6386719e+01
   5.5118490e+06   3.3874512e+01
   5.5118750e+06   3.9184570e+01
   5.5132210e+06   3.5400391e+01
   5.6077430e+06   3.5949707e+01
   5.6841020e+06   3.4423828e+01
   5.8423830e+06   4.5349121e+01
   5.8424640e+06   4.1259766e+01
   5.8425270e+06   3.5278320e+01
   5.8425430e+06   4.2236328e+01
   5.8909360e+06   3.7902832e+01
   5.8909680e+06   3.5278320e+01
   5.8909910e+06   3.9245605e+01
   5.8910200e+06   3.5888672e+01
   5.8910520e+06   4.8706055e+01
   5.8910660e+06   3.7597656e+01
   5.8910870e+06   3.7841797e+01
   5.8911120e+06   3.5461426e+01
   5.8911550e+06   4.6325684e+01
   5.8911710e+06   3.5339355e+01
   5.9471210e+06   3.5888672e+01
   5.9471700e+06   5.9753418e+01
   5.9472170e+06   3.8330078e+01
   5.9472450e+06   4.8645020e+01
   5.9472750e+06   3.5766602e+01
   5.9965750e+06   4.5654297e+01
   5.9966110e+06   3.5827637e+01
   5.9966780e+06   4.1137695e+01
   6.0417260e+06   3.8208008e+01
   6.0418190e+06   3.9062500e+01
   6.0418320e+06   3.5827637e+01
   6.0431190e+06   3.6621094e+01
   6.2634270e+06   3.9245605e+01
   6.2634640e+06   4.0100098e+01
   6.2634900e+06   4.4433594e+01
   6.2635150e+06   3.3630371e+01
   6.2635680e+06   3.3508301e+01
   6.2636950e+06   3.3447266e+01
   6.4296720e+06   3.7963867e+01
   6.4297040e+06   3.6560059e+01
   6.4297150e+06   3.4790039e+01
   6.4297630e+06   3.4057617e+01
   6.4297910e+06   4.6752930e+01
   6.4299550e+06   3.4057617e+01
   6.6009440e+06   3.7841797e+01
   6.6010010e+06   6.3110352e+01
   6.6010380e+06   3.7841797e+01
   6.6010740e+06   4.3151855e+01
   6.6470540e+06   3.8146973e+01
   6.6471110e+06   3.6132813e+01
   6.6471280e+06   3.4790039e+01
   6.6471520e+06   4.5104980e+01
   6.6471740e+06   3.3996582e+01
   6.6472250e+06   3.8085938e+01
   6.6472440e+06   3.4240723e+01
   6.6953900e+06   4.5532227e+01
   6.6954190e+06   3.8574219e+01
   6.6954590e+06   3.3569336e+01
   6.6955410e+06   4.5959473e+01
   6.6956480e+06   3.3447266e+01
   6.9133940e+06   3.4179688e+01
   6.9134260e+06   3.4545898e+01
   6.9653600e+06   3.6499023e+01
   6.9654130e+06   3.6804199e+01
   6.9654580e+06   3.9855957e+01
   6.9654700e+06   4.4433594e+01
   6.9655070e+06   3.5461426e+01
   6.9655490e+06   3.9428711e+01
   7.2272780e+06   3.4790039e+01
   7.2273150e+06   3.8024902e+01
   7.2273350e+06   4.0405273e+01
   7.2273480e+06   4.6569824e+01
   7.2273960e+06   5.3710938e+01
   7.2274160e+06   3.3874512e+01
   7.3455970e+06   3.4362793e+01
   7.3456220e+06   3.8696289e+01
   7.3456520e+06   5.0415039e+01
   7.3456780e+06   3.4301758e+01
   7.5027820e+06   4.2053223e+01
   7.5027990e+06   3.7048340e+01
   7.5028240e+06   3.4179688e+01
   7.5028490e+06   5.0903320e+01
   7.5029330e+06   3.8146973e+01
   7.8144340e+06   4.0161133e+01
   7.8144600e+06   3.4973145e+01
   7.8144960e+06   3.9428711e+01
   8.0286300e+06   3.8818359e+01
   8.0287600e+06   3.5095215e+01
   8.0787160e+06   4.1259766e+01
   8.0787400e+06   3.4057617e+01
   8.0787840e+06   3.6132813e+01
   8.0787970e+06   3.7780762e+01
   8.0788290e+06   4.8950195e+01
   8.0788530e+06   3.8024902e+01
   8.0788920e+06   3.4179687e+01
   8.0789510e+06   3.3691406e+01
   8.3653600e+06   3.5766602e+01
   8.3653740e+06   4.0222168e+01
   8.3654340e+06   3.9184570e+01
   8.3654650e+06   3.6560059e+01
   8.3655000e+06   3.3447266e+01
   8.3655200e+06   5.2673340e+01
   8.3655350e+06   3.3813477e+01
   8.4239480e+06   4.5593262e+01
   8.4239960e+06   4.9255371e+01
   8.4240130e+06   3.5461426e+01
   8.4240460e+06   3.9611816e+01
   8.4240600e+06   3.5095215e+01
   8.4240750e+06   4.0222168e+01
   8.4241120e+06   3.5034180e+01
   8.4241340e+06   3.4484863e+01
   8.5362350e+06   3.6315918e+01
   8.6520260e+06   3.7536621e+01
   8.6521140e+06   3.7719727e+01
   8.6521300e+06   3.4423828e+01
   8.6521440e+06   3.7658691e+01
   8.6521900e+06   4.3823242e+01
   8.6522170e+06   3.9001465e+01
   8.7622700e+06   3.7841797e+01
   8.7623100e+06   3.4301758e+01
   8.7623540e+06   3.9916992e+01
   8.7623820e+06   3.8513184e+01
   8.7624060e+06   3.4606934e+01
   8.7624440e+06   3.4912109e+01
   8.7624600e+06   3.9978027e+01
   8.8141190e+06   4.0039063e+01
   8.8141480e+06   4.3457031e+01
   8.8141670e+06   3.4973145e+01
   8.8141870e+06   5.0781250e+01
   8.8142200e+06   3.8757324e+01
   8.8142740e+06   4.7790527e+01
   8.8143130e+06   3.6743164e+01
   8.8709270e+06   3.3447266e+01
   8.8709650e+06   3.7780762e+01
   8.8709880e+06   3.5156250e+01
   8.8710100e+06   3.3508301e+01
   8.8710690e+06   4.1625977e+01
   8.8711080e+06   3.5400391e+01
   8.9316640e+06   4.2602539e+01
   9.0767120e+06   3.4118652e+01
   9.0767410e+06   3.4729004e+01
   9.0767550e+06   3.7292480e+01
   9.0767650e+06   3.5827637e+01
   9.0768230e+06   3.5522461e+01
   9.0768610e+06   4.3823242e+01
   9.0768890e+06   4.5593262e+01
   9.2768020e+06   3.5034180e+01
   9.2768150e+06   4.2053223e+01
   9.2768590e+06   3.3569336e+01
   9.2769110e+06   3.7597656e+01
   9.2769290e+06   4.3395996e+01
   9.2769940e+06   3.5583496e+01
   9.2770250e+06   3.9672852e+01
   9.3358320e+06   3.5034180e+01
   9.3362670e+06   3.3874512e+01
   9.5920150e+06   3.3813477e+01
   9.5920280e+06   5.2307129e+01
   9.5920780e+06   5.1818848e+01
   9.5921780e+06   6.0791016e+01
   9.5922710e+06   3.5156250e+01
   9.6536300e+06   4.3395996e+01
   9.6536460e+06   4.4433594e+01
   9.6537030e+06   3.3569336e+01
   9.6537730e+06   3.7658691e+01
   9.6537830e+06   3.6987305e+01
   9.7173580e+06   3.8513184e+01
   9.7173880e+06   3.5278320e+01
   9.7174230e+06   4.1198730e+01
   9.7174330e+06   3.9062500e+01
   9.7174620e+06   3.8940430e+01
   9.7174740e+06   3.5278320e+01
   9.7175240e+06   3.5522461e+01
   9.7175640e+06   3.8146973e+01
   9.8247290e+06   3.8391113e+01
   1.0008415e+07   4.6447754e+01
   1.0008462e+07   3.9367676e+01
   1.0008522e+07   3.5522461e+01
   1.0008548e+07   3.4606934e+01
   1.0008570e+07   3.4423828e+01
   1.0008681e+07   3.9184570e+01
   1.0057132e+07   4.2114258e+01
   1.0057173e+07   3.4179688e+01
   1.0057190e+07   3.5888672e+01
   1.0057212e+07   4.1748047e+01
   1.0057233e+07   3.4851074e+01
   1.0057323e+07   3.3996582e+01
   1.0057371e+07   3.8330078e+01
   1.0358180e+07   3.7963867e+01
   1.0358216e+07   3.7048340e+01
   1.0358342e+07   3.4179688e+01
   1.0358366e+07   4.8278809e+01
   1.0436983e+07   3.7475586e+01
   1.0439780e+07   3.7231445e+01
   1.0531243e+07   3.5461426e+01
   1.0531306e+07   4.7790527e+01
   1.0531319e+07   3.3691406e+01
   1.0531340e+07   4.6325684e+01
   1.0531360e+07   3.4423828e+01
   1.0531503e+07   3.4912109e+01
   1.0805742e+07   3.3447266e+01
   1.0805775e+07   4.7607422e+01
   1.0805827e+07   3.3691406e+01
   1.0805877e+07   3.7841797e+01
   1.0964702e+07   3.5705566e+01
   1.0964767e+07   3.6499023e+01
   1.0964851e+07   3.3691406e+01
   1.0964879e+07   3.4606934e+01
   1.0964985e+07   3.3691406e+01
   1.1221691e+07   4.3273926e+01
   1.1221703e+07   3.3569336e+01
   1.1221727e+07   4.9255371e+01
   1.1221770e+07   7.0922852e+01
   1.1221780e+07   3.4729004e+01
   1.1221808e+07   3.7109375e+01
   1.1221828e+07   3.6804199e+01
   1.1349352e+07   3.4423828e+01
   1.1349379e+07   3.4484863e+01
   1.1349430e+07   4.6813965e+01
   1.1349451e+07   3.3996582e+01
   1.1349489e+07   3.4790039e+01
   1.1349510e+07   4.1442871e+01
   1.1623483e+07   3.9978027e+01
   1.1623493e+07   3.4057617e+01
   1.1623533e+07   4.0649414e+01
   1.1623577e+07   3.6071777e+01
   1.1623602e+07   3.5766602e+01
   1.1623627e+07   5.4870605e+01
   1.1623739e+07   3.4973145e+01
   1.1680116e+07   3.3447266e+01
   1.1680130e+07   3.6865234e+01
   1.1680168e+07   4.5837402e+01
   1.1680178e+07   4.1931152e+01
   1.1680223e+07   4.4006348e+01
   1.1680288e+07   3.7841797e+01
   1.1912670e+07   3.4729004e+01
   1.1912714e+07   3.9733887e+01
   1.1912762e+07   3.5766602e+01
   1.1912816e+07   3.6315918e+01
   1.1912833e+07   3.6743164e+01
   1.1912865e+07   3.7109375e+01
   1.1957936e+07   3.8757324e+01
   1.1957971e+07   4.0527344e+01
   1.1957999e+07   3.6621094e+01
   1.1958025e+07   5.3344727e+01
   1.1958050e+07   3.8024902e+01
   1.1958062e+07   4.9926758e+01
   1.1958080e+07   3.9855957e+01
   1.1959723e+07   3.3569336e+01
