   1.1996000e+07   0.0000000e+00
   1.3816200e+05   3.8757324e+01
   1.3817600e+05   4.3151855e+01
   1.3821800e+05   1.3031006e+02
   1.3824700e+05   5.6030273e+01
   1.3826400e+05   5.0415039e+01
   1.3829300e+05   4.2236328e+01
   1.3831500e+05   8.2397461e+01
   1.3833000e+05   7.2753906e+01
   1.3836000e+05   3.5583496e+01
   1.3838000e+05   4.7119141e+01
   1.3839300e+05   5.1574707e+01
   1.3840400e+05   3.2592773e+01
   1.3843500e+05   3.7414551e+01
   1.3847000e+05   4.3640137e+01
   1.3848400e+05   3.6621094e+01
   1.3857600e+05   3.5522461e+01
   1.3872500e+05   6.9702148e+01
   1.4787400e+05   3.6254883e+01
   1.4789600e+05   4.1503906e+01
   1.4793900e+05   3.7048340e+01
   1.4795800e+05   3.5583496e+01
   1.4797600e+05   1.1871338e+02
   1.4800200e+05   5.9326172e+01
   1.4803500e+05   6.9824219e+01
   1.4805400e+05   5.4931641e+01
   1.4808200e+05   4.6142578e+01
   1.4809900e+05   4.0954590e+01
   1.4811600e+05   5.0354004e+01
   1.4814100e+05   4.4311523e+01
   1.4815400e+05   4.2297363e+01
   1.4818000e+05   4.8156738e+01
   1.4819500e+05   5.1940918e+01
   1.4821800e+05   4.0527344e+01
   1.4824900e+05   3.5583496e+01
   1.4827400e+05   3.2958984e+01
   1.4829100e+05   4.3518066e+01
   1.4831700e+05   4.4494629e+01
   1.4835100e+05   3.3386230e+01
   1.4836800e+05   4.1198730e+01
   1.4838800e+05   3.3508301e+01
   1.4842000e+05   4.0649414e+01
   1.4852100e+05   3.4851074e+01
   1.4864600e+05   3.5461426e+01
   1.4874800e+05   3.5522461e+01
   1.4882100e+05   3.8696289e+01
   2.0000300e+05   3.4179688e+01
   2.0003200e+05   6.8176270e+01
   2.0005100e+05   1.5936279e+02
   2.0006600e+05   5.8044434e+01
   2.0008400e+05   7.1472168e+01
   2.0010500e+05   5.6701660e+01
   2.0013500e+05   4.0344238e+01
   2.0017000e+05   3.6071777e+01
   2.0018300e+05   4.2541504e+01
   2.0021300e+05   4.8278809e+01
   2.0023300e+05   4.8950195e+01
   2.0025700e+05   3.3081055e+01
   2.0028400e+05   7.2753906e+01
   2.0059100e+05   3.3325195e+01
   2.0157100e+05   3.6376953e+01
   2.0172100e+05   4.2541504e+01
   2.5993400e+05   3.7353516e+01
   2.5995200e+05   3.2653809e+01
   2.5997800e+05   1.4349365e+02
   2.5999100e+05   7.9284668e+01
   2.6001800e+05   6.4086914e+01
   2.6002900e+05   4.5227051e+01
   2.6005300e+05   7.2753906e+01
   2.6007200e+05   5.1940918e+01
   2.6008700e+05   3.5827637e+01
   2.6011600e+05   4.2663574e+01
   2.6014700e+05   4.1503906e+01
   2.6016700e+05   3.6315918e+01
   2.6018700e+05   3.8391113e+01
   2.6023200e+05   3.2775879e+01
   2.6034500e+05   4.6264648e+01
   2.6041700e+05   3.4545898e+01
   2.6046700e+05   3.2592773e+01
   2.6147000e+05   4.7607422e+01
   2.6166200e+05   3.3325195e+01
   3.0993800e+05   3.7414551e+01
   3.0995800e+05   3.7658691e+01
   3.0998000e+05   1.2988281e+02
   3.1000800e+05   6.4392090e+01
   3.1001800e+05   4.9926758e+01
   3.1005500e+05   9.1430664e+01
   3.1006900e+05   4.8645020e+01
   3.1009400e+05   5.5480957e+01
   3.1012600e+05   6.0974121e+01
   3.1015900e+05   3.2531738e+01
   3.1016900e+05   4.5288086e+01
   3.1023200e+05   3.5339355e+01
   3.1024300e+05   4.0893555e+01
   3.1037100e+05   3.3691406e+01
   3.1052100e+05   3.4790039e+01
   3.1143600e+05   3.8085938e+01
   3.5701100e+05   3.4545898e+01
   3.5703000e+05   3.2531738e+01
   3.5705700e+05   5.2124023e+01
   3.5707600e+05   5.3161621e+01
   3.5709900e+05   7.8796387e+01
   3.5712500e+05   6.2744141e+01
   3.5714300e+05   3.7597656e+01
   3.5716200e+05   3.8696289e+01
   3.5718000e+05   3.4240723e+01
   3.5720400e+05   5.5541992e+01
   3.5723100e+05   4.9133301e+01
   3.5724900e+05   6.5429688e+01
   3.5727800e+05   4.1564941e+01
   3.5729800e+05   5.0781250e+01
   3.5731800e+05   3.2531738e+01
   3.5744100e+05   3.2775879e+01
   3.5748900e+05   3.7292480e+01
   3.5813600e+05   3.2897949e+01
   3.5828000e+05   3.2897949e+01
   3.5857400e+05   6.3964844e+01
   3.5882900e+05   4.0039063e+01
   5.1618600e+05   4.9560547e+01
   5.1622200e+05   3.9733887e+01
   5.1624600e+05   1.2274170e+02
   5.1625700e+05   4.1992188e+01
   5.1628300e+05   6.3598633e+01
   5.1630100e+05   4.6020508e+01
   5.1632100e+05   7.3608398e+01
   5.1633900e+05   4.1687012e+01
   5.1635200e+05   4.5837402e+01
   5.1636400e+05   3.8696289e+01
   5.1637900e+05   3.5339355e+01
   5.1639000e+05   4.6691895e+01
   5.1642300e+05   3.2531738e+01
   5.1643800e+05   6.0607910e+01
   5.1646600e+05   4.2480469e+01
   5.1647900e+05   4.7485352e+01
   5.1650000e+05   3.8513184e+01
   5.1652200e+05   3.7841797e+01
   5.1659900e+05   3.2714844e+01
   5.1667300e+05   4.3701172e+01
   5.1674600e+05   3.4545898e+01
   5.1691100e+05   7.8002930e+01
   5.7082800e+05   3.7841797e+01
   5.7084300e+05   3.7414551e+01
   5.7087300e+05   1.1126709e+02
   5.7090200e+05   4.1076660e+01
   5.7092000e+05   5.2795410e+01
   5.7093500e+05   3.7902832e+01
   5.7095600e+05   1.0687256e+02
   5.7097800e+05   4.4311523e+01
   5.7099800e+05   6.4086914e+01
   5.7102200e+05   5.2429199e+01
   5.7104100e+05   4.4433594e+01
   5.7105300e+05   3.7353516e+01
   5.7106800e+05   5.1391602e+01
   5.7108700e+05   3.5400391e+01
   5.7111100e+05   3.5339355e+01
   5.7112500e+05   3.6193848e+01
   5.7128900e+05   3.8269043e+01
   5.7148200e+05   8.4350586e+01
   6.4963500e+05   3.8208008e+01
   6.4966300e+05   4.7119141e+01
   6.4967800e+05   1.3555908e+02
   6.4971300e+05   4.0710449e+01
   6.4973200e+05   4.2724609e+01
   6.4975600e+05   5.2612305e+01
   6.4977700e+05   6.2377930e+01
   6.4978700e+05   5.4626465e+01
   6.4981800e+05   4.2968750e+01
   6.4985000e+05   7.4768066e+01
   6.4988000e+05   3.8879395e+01
   6.4990100e+05   4.6997070e+01
   6.4991400e+05   4.4372559e+01
   6.4996500e+05   4.3518066e+01
   6.5000100e+05   3.7414551e+01
   6.5010200e+05   4.4982910e+01
   7.7659100e+05   3.3020020e+01
   7.7667000e+05   3.3081055e+01
   7.7675600e+05   4.0344238e+01
   7.7677200e+05   4.4982910e+01
   7.7679000e+05   4.4677734e+01
   7.7683700e+05   1.4422607e+02
   7.7686100e+05   5.6091309e+01
   7.7688600e+05   5.5541992e+01
   7.7691400e+05   4.3395996e+01
   7.7693300e+05   4.5471191e+01
   7.7694600e+05   8.7463379e+01
   7.7698800e+05   3.8940430e+01
   7.7701300e+05   5.9143066e+01
   7.7703900e+05   9.7534180e+01
   7.7704900e+05   3.4545898e+01
   7.7708000e+05   3.8635254e+01
   8.3572100e+05   3.6926270e+01
   8.3573800e+05   4.5410156e+01
   8.3574900e+05   4.0161133e+01
   8.3576500e+05   1.3134766e+02
   8.3577800e+05   4.5471191e+01
   8.3580000e+05   3.3508301e+01
   8.3582200e+05   3.6621094e+01
   8.3585700e+05   5.4748535e+01
   8.3587300e+05   1.0626221e+02
   8.3589300e+05   4.3823242e+01
   8.3592600e+05   3.3569336e+01
   8.3595800e+05   3.8696289e+01
   8.3598700e+05   5.8410645e+01
   8.3600600e+05   6.7810059e+01
   9.0260400e+05   3.5888672e+01
   9.0263800e+05   3.7902832e+01
   9.0265400e+05   4.1381836e+01
   9.0268000e+05   3.7536621e+01
   9.0270300e+05   1.5490723e+02
   9.0271700e+05   3.4545898e+01
   9.0273100e+05   4.8583984e+01
   9.0275000e+05   5.6640625e+01
   9.0277400e+05   4.7180176e+01
   9.0278700e+05   3.9978027e+01
   9.0280500e+05   3.6682129e+01
   9.0282100e+05   7.1105957e+01
   9.0283800e+05   4.6081543e+01
   9.0287200e+05   4.0710449e+01
   9.0289500e+05   4.5104980e+01
   9.0291400e+05   3.8696289e+01
   9.0293700e+05   3.6010742e+01
   9.0306300e+05   3.3264160e+01
   9.0314000e+05   9.1735840e+01
   9.6397400e+05   4.4372559e+01
   9.6401300e+05   4.0283203e+01
   9.6402900e+05   5.7556152e+01
   9.6405500e+05   3.8574219e+01
   9.6408200e+05   5.7250977e+01
   9.6410900e+05   1.1199951e+02
   9.6412800e+05   4.1259766e+01
   9.6415100e+05   3.4545898e+01
   9.6418000e+05   3.9428711e+01
   9.6421400e+05   3.8269043e+01
   9.6422900e+05   1.1560059e+02
   9.6426300e+05   4.8217773e+01
   9.6432100e+05   3.4729004e+01
   9.6440700e+05   4.3701172e+01
   1.0191160e+06   3.9916992e+01
   1.0191270e+06   5.2978516e+01
   1.0191560e+06   3.3935547e+01
   1.0191770e+06   3.9611816e+01
   1.0191880e+06   1.2145996e+02
   1.0192300e+06   3.6071777e+01
   1.0192430e+06   4.6875000e+01
   1.0192780e+06   3.9306641e+01
   1.0193010e+06   4.7180176e+01
   1.0193140e+06   9.2590332e+01
   1.0193640e+06   3.9245605e+01
   1.0195000e+06   3.3447266e+01
   1.0197580e+06   3.4362793e+01
   1.1605160e+06   4.8767090e+01
   1.1605270e+06   4.8461914e+01
   1.1605660e+06   1.2518311e+02
   1.1605820e+06   5.2490234e+01
   1.1606030e+06   4.0832520e+01
   1.1606280e+06   4.6630859e+01
   1.1606530e+06   4.6997070e+01
   1.1606660e+06   3.4973145e+01
   1.1606920e+06   9.0270996e+01
   1.1607080e+06   3.9001465e+01
   1.1607290e+06   3.5217285e+01
   1.1607400e+06   4.1076660e+01
   1.1607540e+06   5.2673340e+01
   1.1607720e+06   3.5156250e+01
   1.1607900e+06   6.8054199e+01
   1.1608210e+06   3.6987305e+01
   1.1608370e+06   3.8818359e+01
   1.1608740e+06   3.4240723e+01
   1.2253260e+06   3.3325195e+01
   1.2253370e+06   3.5156250e+01
   1.2253590e+06   3.5522461e+01
   1.2253780e+06   4.4616699e+01
   1.2254050e+06   1.4855957e+02
   1.2254290e+06   3.8452148e+01
   1.2254460e+06   6.0180664e+01
   1.2254670e+06   3.7109375e+01
   1.2254800e+06   3.6743164e+01
   1.2255070e+06   4.1259766e+01
   1.2255220e+06   7.6660156e+01
   1.2255440e+06   3.9306641e+01
   1.2255580e+06   4.1076660e+01
   1.2255830e+06   4.2297363e+01
   1.2256080e+06   6.1645508e+01
   1.2256390e+06   8.7951660e+01
   1.2256880e+06   3.4301758e+01
   1.2257000e+06   4.4311523e+01
   1.3059180e+06   3.2531738e+01
   1.3059430e+06   3.3447266e+01
   1.3061250e+06   3.2592773e+01
   1.3064710e+06   3.3386230e+01
   1.3336340e+06   3.9855957e+01
   1.3336530e+06   3.6499023e+01
   1.3336730e+06   3.3386230e+01
   1.3336930e+06   3.4912109e+01
   1.3337140e+06   1.1859131e+02
   1.3337310e+06   4.6813965e+01
   1.3337530e+06   3.5583496e+01
   1.3337680e+06   3.4667969e+01
   1.3337940e+06   3.6743164e+01
   1.3338110e+06   1.0076904e+02
   1.3338390e+06   4.2724609e+01
   1.3338650e+06   3.6132813e+01
   1.3338940e+06   3.5827637e+01
   1.3339100e+06   3.7841797e+01
   1.3339510e+06   9.2468262e+01
   1.3339650e+06   3.5888672e+01
   1.3340190e+06   4.0344238e+01
   1.3340390e+06   3.6743164e+01
   1.3340530e+06   3.7231445e+01
   1.3850810e+06   3.4545898e+01
   1.3851080e+06   3.9306641e+01
   1.3851200e+06   3.8574219e+01
   1.3851460e+06   1.4007568e+02
   1.3851570e+06   4.1992188e+01
   1.3851810e+06   4.4677734e+01
   1.3852270e+06   5.0109863e+01
   1.3852540e+06   4.9987793e+01
   1.3852760e+06   3.6743164e+01
   1.3852930e+06   4.5471191e+01
   1.3853430e+06   5.7861328e+01
   1.3853530e+06   3.7231445e+01
   1.3853900e+06   3.3996582e+01
   1.3854130e+06   4.0832520e+01
   1.3854480e+06   4.5471191e+01
   1.3854940e+06   3.2897949e+01
   1.4297170e+06   4.4982910e+01
   1.4297470e+06   3.4057617e+01
   1.4297610e+06   5.0842285e+01
   1.4297780e+06   1.4569092e+02
   1.4297930e+06   4.7973633e+01
   1.4298080e+06   3.5522461e+01
   1.4298270e+06   4.6386719e+01
   1.4298550e+06   5.7495117e+01
   1.4298920e+06   4.1870117e+01
   1.4299120e+06   3.8146973e+01
   1.4299300e+06   3.6987305e+01
   1.4299630e+06   6.5490723e+01
   1.4299950e+06   4.1687012e+01
   1.4300050e+06   3.4118652e+01
   1.4300240e+06   3.4545898e+01
   1.4300440e+06   1.0089111e+02
   1.5960170e+06   3.3935547e+01
   1.5960820e+06   1.1840820e+02
   1.5961040e+06   6.1401367e+01
   1.5961200e+06   3.3081055e+01
   1.5961440e+06   4.7546387e+01
   1.5961710e+06   6.0668945e+01
   1.5961980e+06   5.7983398e+01
   1.5962080e+06   4.0466309e+01
   1.5962490e+06   5.4260254e+01
   1.5962720e+06   4.5043945e+01
   1.5962830e+06   3.7109375e+01
   1.5963340e+06   3.8513184e+01
   1.5963610e+06   3.5278320e+01
   1.5965500e+06   3.8513184e+01
   1.6726510e+06   3.3630371e+01
   1.6726930e+06   4.0588379e+01
   1.6727150e+06   1.2713623e+02
   1.6727310e+06   4.1931152e+01
   1.6727510e+06   3.8146973e+01
   1.6727790e+06   4.5410156e+01
   1.6727970e+06   5.5053711e+01
   1.6728260e+06   3.6193848e+01
   1.6728490e+06   1.0461426e+02
   1.6728650e+06   5.5786133e+01
   1.6728930e+06   5.2368164e+01
   1.6729050e+06   3.6132813e+01
   1.6729430e+06   4.1259766e+01
   1.6729670e+06   3.7780762e+01
   1.6729940e+06   3.5766602e+01
   1.6730310e+06   4.2480469e+01
   1.6731640e+06   3.4118652e+01
   1.7194500e+06   1.3256836e+02
   1.7194710e+06   4.2480469e+01
   1.7195000e+06   4.1564941e+01
   1.7195190e+06   3.8757324e+01
   1.7195410e+06   3.9489746e+01
   1.7195650e+06   3.6865234e+01
   1.7195890e+06   5.7495117e+01
   1.7196010e+06   9.7595215e+01
   1.7196320e+06   4.8706055e+01
   1.7196450e+06   4.1259766e+01
   1.7196820e+06   3.8635254e+01
   1.7196950e+06   6.8603516e+01
   1.7197300e+06   3.3081055e+01
   1.7197560e+06   3.5461426e+01
   1.7198300e+06   3.3447266e+01
   1.7198650e+06   4.2419434e+01
   1.7956070e+06   3.8024902e+01
   1.9835500e+06   4.1931152e+01
   1.9835720e+06   1.2304688e+02
   1.9835850e+06   4.0588379e+01
   1.9836020e+06   4.1259766e+01
   1.9836300e+06   4.8278809e+01
   1.9836510e+06   1.2145996e+02
   1.9836770e+06   4.3029785e+01
   1.9837040e+06   4.9438477e+01
   1.9837350e+06   5.9265137e+01
   1.9837470e+06   6.3720703e+01
   1.9837590e+06   4.0283203e+01
   1.9838210e+06   3.8146973e+01
   1.9838310e+06   4.3884277e+01
   1.9838560e+06   4.2114258e+01
   1.9838810e+06   4.5471191e+01
   1.9839480e+06   4.1931152e+01
   1.9839740e+06   4.4128418e+01
   1.9840940e+06   3.6499023e+01
   2.0454730e+06   3.4301758e+01
   2.0454850e+06   3.7109375e+01
   2.0455090e+06   4.5349121e+01
   2.0455270e+06   3.7353516e+01
   2.0455520e+06   1.2786865e+02
   2.0455670e+06   4.2602539e+01
   2.0456060e+06   3.4545898e+01
   2.0456190e+06   4.7241211e+01
   2.0456370e+06   5.5297852e+01
   2.0456490e+06   4.3212891e+01
   2.0457020e+06   4.3701172e+01
   2.0457210e+06   3.7536621e+01
   2.0457340e+06   3.3874512e+01
   2.0457440e+06   4.7607422e+01
   2.0457900e+06   4.3273926e+01
   2.0458280e+06   3.5766602e+01
   2.0458790e+06   3.8940430e+01
   2.0459440e+06   5.1818848e+01
   2.0460570e+06   3.5217285e+01
   2.0461920e+06   6.0302734e+01
   2.0463910e+06   4.5715332e+01
   2.0848110e+06   3.4973145e+01
   2.0848610e+06   1.3348389e+02
   2.0848800e+06   3.9978027e+01
   2.0849060e+06   5.3955078e+01
   2.0849190e+06   5.0842285e+01
   2.0849300e+06   4.6630859e+01
   2.0849470e+06   4.1259766e+01
   2.0849590e+06   9.0087891e+01
   2.0849780e+06   5.4016113e+01
   2.0849920e+06   4.4189453e+01
   2.0850240e+06   3.7292480e+01
   2.0850400e+06   5.1025391e+01
   2.0850620e+06   3.2592773e+01
   2.0851010e+06   4.4067383e+01
   2.0851240e+06   5.2368164e+01
   2.0866950e+06   5.7678223e+01
   2.0869620e+06   7.6782227e+01
   2.0872810e+06   3.3508301e+01
   2.0874800e+06   8.2092285e+01
   2.0876870e+06   7.0434570e+01
   2.1409450e+06   4.3457031e+01
   2.1409660e+06   4.8583984e+01
   2.1409840e+06   1.2750244e+02
   2.1409950e+06   4.3640137e+01
   2.1410130e+06   3.4729004e+01
   2.1410320e+06   6.4331055e+01
   2.1410620e+06   5.6213379e+01
   2.1410760e+06   5.4687500e+01
   2.1410970e+06   4.4189453e+01
   2.1411070e+06   4.4921875e+01
   2.1411340e+06   3.6804199e+01
   2.1411470e+06   4.0588379e+01
   2.1411630e+06   3.8940430e+01
   2.1411860e+06   4.6691895e+01
   2.1411970e+06   3.5888672e+01
   2.1412120e+06   4.2236328e+01
   2.1412340e+06   3.5339355e+01
   2.1413130e+06   3.5217285e+01
   2.1415140e+06   3.5766602e+01
   2.1425110e+06   4.1503906e+01
   2.1430660e+06   5.9814453e+01
   2.1433550e+06   3.2409668e+01
   2.1900740e+06   4.9316406e+01
   2.1901130e+06   1.1883545e+02
   2.1901470e+06   9.3627930e+01
   2.1901780e+06   7.5866699e+01
   2.1901940e+06   4.6081543e+01
   2.1902050e+06   6.3110352e+01
   2.1902370e+06   4.4738770e+01
   2.1902520e+06   3.7963867e+01
   2.1902840e+06   6.0791016e+01
   2.1902960e+06   3.5949707e+01
   2.1903310e+06   4.5593262e+01
   2.1903420e+06   4.3212891e+01
   2.1904280e+06   3.7780762e+01
   2.1904390e+06   4.2907715e+01
   2.1906800e+06   4.3823242e+01
   2.1909780e+06   3.2714844e+01
   2.1914100e+06   3.4667969e+01
   2.1918780e+06   3.3203125e+01
   2.1919100e+06   4.0039063e+01
   2.1922640e+06   3.3325195e+01
   2.1922970e+06   5.0231934e+01
   2.2411320e+06   3.3996582e+01
   2.2411600e+06   3.7475586e+01
   2.2411760e+06   1.6137695e+02
   2.2411880e+06   3.5827637e+01
   2.2412150e+06   5.1025391e+01
   2.2412430e+06   5.0292969e+01
   2.2412700e+06   5.7312012e+01
   2.2412820e+06   6.2194824e+01
   2.2413010e+06   4.7973633e+01
   2.2413230e+06   5.4382324e+01
   2.2413550e+06   5.3588867e+01
   2.2413750e+06   3.9489746e+01
   2.2413930e+06   4.0588379e+01
   2.2414270e+06   4.1748047e+01
   2.2414600e+06   4.3212891e+01
   2.2414950e+06   4.0222168e+01
   2.2415170e+06   4.1809082e+01
   2.2425310e+06   3.4057617e+01
   2.2432900e+06   5.7922363e+01
   2.5161070e+06   3.2958984e+01
   2.5161670e+06   3.5705566e+01
   2.5161820e+06   3.3630371e+01
   2.5162370e+06   1.1273193e+02
   2.5162640e+06   3.7048340e+01
   2.5162830e+06   3.4912109e+01
   2.5163060e+06   4.2480469e+01
   2.5163280e+06   1.0491943e+02
   2.5163450e+06   4.1870117e+01
   2.5163580e+06   3.4118652e+01
   2.5163860e+06   3.7475586e+01
   2.5164190e+06   7.2875977e+01
   2.5164290e+06   4.5043945e+01
   2.5164410e+06   4.2053223e+01
   2.5164610e+06   3.6560059e+01
   2.5164930e+06   4.4067383e+01
   2.5165790e+06   3.5888672e+01
   2.5366230e+06   3.5400391e+01
   2.5366450e+06   3.9916992e+01
   2.5366660e+06   3.6132813e+01
   2.5366900e+06   1.2506104e+02
   2.5367090e+06   5.2673340e+01
   2.5367340e+06   3.8635254e+01
   2.5367500e+06   3.8452148e+01
   2.5367630e+06   3.6132813e+01
   2.5367960e+06   1.1260986e+02
   2.5368220e+06   5.1513672e+01
   2.5368520e+06   3.4667969e+01
   2.5368820e+06   6.0363770e+01
   2.5369000e+06   3.7719727e+01
   2.5369240e+06   4.2175293e+01
   2.5369520e+06   3.3874512e+01
   2.5369720e+06   4.3579102e+01
   2.5370070e+06   3.5156250e+01
   2.5370320e+06   3.2653809e+01
   2.5370450e+06   3.6621094e+01
   2.5371110e+06   6.3720703e+01
   2.5372050e+06   3.3691406e+01
   2.5373170e+06   3.5400391e+01
   2.5374850e+06   7.3974609e+01
   2.5813690e+06   4.0832520e+01
   2.5813920e+06   4.0954590e+01
   2.5814070e+06   1.2347412e+02
   2.5814300e+06   5.1391602e+01
   2.5814460e+06   6.1584473e+01
   2.5814680e+06   4.0100098e+01
   2.5815060e+06   7.8979492e+01
   2.5815170e+06   4.8217773e+01
   2.5815290e+06   3.8757324e+01
   2.5815520e+06   3.6682129e+01
   2.5815780e+06   5.8898926e+01
   2.5815980e+06   6.9458008e+01
   2.5816260e+06   3.4179688e+01
   2.5816570e+06   3.4240723e+01
   2.5817150e+06   3.8024902e+01
   2.5817280e+06   4.1015625e+01
   2.5817740e+06   3.2470703e+01
   2.5818340e+06   3.6499023e+01
   2.5819970e+06   6.5551758e+01
   2.6667660e+06   4.8950195e+01
   2.6667870e+06   1.6046143e+02
   2.6668030e+06   3.5278320e+01
   2.6668280e+06   6.9824219e+01
   2.6668540e+06   4.3457031e+01
   2.6668780e+06   3.8696289e+01
   2.6668920e+06   5.7678223e+01
   2.6669090e+06   8.3984375e+01
   2.6669340e+06   3.6743164e+01
   2.6669700e+06   3.6010742e+01
   2.6669990e+06   5.8532715e+01
   2.6670240e+06   4.0405273e+01
   2.6670500e+06   4.6447754e+01
   2.6671070e+06   3.3874512e+01
   2.6672660e+06   3.3325195e+01
   2.7135540e+06   4.2602539e+01
   2.7135940e+06   1.1328125e+02
   2.7136260e+06   4.0222168e+01
   2.7136440e+06   3.3508301e+01
   2.7136810e+06   4.3884277e+01
   2.7137070e+06   5.2856445e+01
   2.7137240e+06   7.2082520e+01
   2.7137420e+06   3.7963867e+01
   2.7137640e+06   4.6875000e+01
   2.7137840e+06   5.1330566e+01
   2.7138220e+06   5.0537109e+01
   2.7138520e+06   4.2480469e+01
   2.7138630e+06   3.5888672e+01
   2.7138900e+06   3.9062500e+01
   2.7139110e+06   7.2143555e+01
   2.7648610e+06   4.1687012e+01
   2.7648790e+06   3.2531738e+01
   2.7648980e+06   3.5095215e+01
   2.7649310e+06   4.8706055e+01
   2.7649460e+06   1.3232422e+02
   2.7649640e+06   4.3273926e+01
   2.7649910e+06   6.2072754e+01
   2.7650100e+06   4.1320801e+01
   2.7650390e+06   4.9072266e+01
   2.7650630e+06   7.6599121e+01
   2.7650800e+06   5.4565430e+01
   2.7651140e+06   4.2541504e+01
   2.7651390e+06   4.5410156e+01
   2.7651900e+06   3.2592773e+01
   2.7652360e+06   3.6193848e+01
   2.7652610e+06   3.2653809e+01
   2.7653130e+06   7.8125000e+01
   2.8706410e+06   3.8757324e+01
   2.8706700e+06   5.4931641e+01
   2.8706970e+06   1.3787842e+02
   2.8707090e+06   4.9560547e+01
   2.8707270e+06   3.4484863e+01
   2.8707500e+06   3.8879395e+01
   2.8707630e+06   8.2275391e+01
   2.8707800e+06   6.1462402e+01
   2.8707970e+06   4.1503906e+01
   2.8708230e+06   7.7270508e+01
   2.8708360e+06   3.9550781e+01
   2.8708480e+06   3.8024902e+01
   2.8708680e+06   3.5522461e+01
   2.8708900e+06   3.3630371e+01
   2.8709060e+06   3.4912109e+01
   2.8709330e+06   3.2836914e+01
   2.8709620e+06   6.4208984e+01
   2.8710020e+06   4.0344238e+01
   2.9535320e+06   3.2470703e+01
   2.9540350e+06   3.4301758e+01
   3.1936880e+06   3.3630371e+01
   3.1937300e+06   3.2897949e+01
   3.1937560e+06   3.8513184e+01
   3.1937760e+06   3.3142090e+01
   3.1937900e+06   3.8391113e+01
   3.1938260e+06   9.5520020e+01
   3.1938490e+06   4.1015625e+01
   3.1938600e+06   3.7414551e+01
   3.1938990e+06   4.5959473e+01
   3.1939200e+06   4.8461914e+01
   3.1939330e+06   5.1391602e+01
   3.1939640e+06   4.2968750e+01
   3.1939810e+06   3.2897949e+01
   3.1940170e+06   3.3264160e+01
   3.1940740e+06   4.1992188e+01
   3.1941530e+06   3.2897949e+01
   3.2056050e+06   3.4912109e+01
   3.2056270e+06   3.4606934e+01
   3.2056530e+06   3.2897949e+01
   3.2056670e+06   4.1748047e+01
   3.2056840e+06   4.2968750e+01
   3.2056970e+06   1.4636230e+02
   3.2057310e+06   5.5847168e+01
   3.2057560e+06   3.3081055e+01
   3.2057910e+06   4.7607422e+01
   3.2058040e+06   3.5400391e+01
   3.2058340e+06   4.6691895e+01
   3.2058590e+06   5.0720215e+01
   3.2058920e+06   3.4851074e+01
   3.2059210e+06   3.8757324e+01
   3.2059380e+06   5.2185059e+01
   3.2059540e+06   4.4067383e+01
   3.2059980e+06   3.3142090e+01
   3.2060300e+06   3.9672852e+01
   3.2060440e+06   3.3081055e+01
   3.2060560e+06   3.5156250e+01
   3.2061490e+06   3.5644531e+01
   3.2061840e+06   3.3569336e+01
   3.2062120e+06   3.8879395e+01
   3.2062950e+06   3.6804199e+01
   3.2073130e+06   3.7597656e+01
   3.2075390e+06   3.9978027e+01
   3.2516600e+06   4.3090820e+01
   3.2516780e+06   4.1259766e+01
   3.2517060e+06   5.8105469e+01
   3.2517170e+06   1.2335205e+02
   3.2517380e+06   4.8461914e+01
   3.2517490e+06   4.6142578e+01
   3.2517800e+06   7.6538086e+01
   3.2517970e+06   3.4484863e+01
   3.2518100e+06   5.1330566e+01
   3.2518450e+06   4.3334961e+01
   3.2518620e+06   5.5725098e+01
   3.2518820e+06   5.1574707e+01
   3.2519090e+06   3.4240723e+01
   3.2519200e+06   3.8879395e+01
   3.2519430e+06   3.3935547e+01
   3.2519600e+06   4.5898438e+01
   3.2533430e+06   3.9733887e+01
   3.2536260e+06   4.7363281e+01
   3.2874330e+06   5.1391602e+01
   3.2874480e+06   3.4179688e+01
   3.2874600e+06   3.6071777e+01
   3.2874880e+06   1.2768555e+02
   3.2874990e+06   5.6396484e+01
   3.2875280e+06   5.1452637e+01
   3.2875400e+06   6.2255859e+01
   3.2875560e+06   6.4086914e+01
   3.2875670e+06   3.5949707e+01
   3.2875910e+06   5.2307129e+01
   3.2876040e+06   5.5847168e+01
   3.2876260e+06   4.4250488e+01
   3.2876410e+06   5.7434082e+01
   3.2876700e+06   5.5053711e+01
   3.2876930e+06   3.8940430e+01
   3.2877140e+06   4.1442871e+01
   3.2877490e+06   3.8818359e+01
   3.2877940e+06   3.6254883e+01
   3.2878600e+06   3.3447266e+01
   3.2886100e+06   3.5034180e+01
   3.2887450e+06   3.6560059e+01
   3.2894520e+06   4.6691895e+01
   3.2898780e+06   8.4411621e+01
   3.3380470e+06   4.2175293e+01
   3.3380640e+06   4.7790527e+01
   3.3380900e+06   1.3098145e+02
   3.3381200e+06   8.1726074e+01
   3.3381500e+06   4.2724609e+01
   3.3381640e+06   6.3232422e+01
   3.3381980e+06   3.9184570e+01
   3.3382120e+06   5.0048828e+01
   3.3382270e+06   5.4870605e+01
   3.3382490e+06   5.2124023e+01
   3.3382800e+06   4.3884277e+01
   3.3383210e+06   4.8400879e+01
   3.3383620e+06   3.9001465e+01
   3.3387550e+06   3.6499023e+01
   3.3392960e+06   3.7231445e+01
   3.3399460e+06   4.0100098e+01
   3.3402740e+06   8.1604004e+01
   3.3403290e+06   3.7475586e+01
   3.3886380e+06   3.7658691e+01
   3.3888000e+06   3.4362793e+01
   3.3888590e+06   4.7241211e+01
   3.3890900e+06   5.4138184e+01
   3.3894830e+06   1.2609863e+02
   3.3898220e+06   3.3203125e+01
   3.3898970e+06   1.2158203e+02
   3.3899820e+06   3.8940430e+01
   3.4950360e+06   4.1259766e+01
   3.4963030e+06   3.8146973e+01
   3.4964000e+06   3.5888672e+01
   3.4969740e+06   3.4667969e+01
   3.4971830e+06   3.4179688e+01
   3.5327400e+06   3.6621094e+01
   3.5327600e+06   4.1931152e+01
   3.5327830e+06   1.3830566e+02
   3.5328060e+06   3.8085938e+01
   3.5328410e+06   8.7158203e+01
   3.5328560e+06   4.5593262e+01
   3.5328660e+06   4.6630859e+01
   3.5328890e+06   4.8889160e+01
   3.5329170e+06   4.6691895e+01
   3.5329300e+06   4.6630859e+01
   3.5329580e+06   4.8950195e+01
   3.5329840e+06   3.4484863e+01
   3.5330360e+06   3.7414551e+01
   3.5330510e+06   5.2551270e+01
   3.5330670e+06   5.2978516e+01
   3.5330930e+06   3.5278320e+01
   3.5331060e+06   3.7719727e+01
   3.5883700e+06   3.2470703e+01
   3.5883820e+06   1.4068604e+02
   3.5884110e+06   3.5949707e+01
   3.5884350e+06   5.2734375e+01
   3.5884590e+06   5.8044434e+01
   3.5884840e+06   4.3884277e+01
   3.5884980e+06   6.7993164e+01
   3.5885190e+06   6.4392090e+01
   3.5885350e+06   5.6884766e+01
   3.5885580e+06   4.7729492e+01
   3.5885840e+06   4.5166016e+01
   3.5886010e+06   5.0354004e+01
   3.5886250e+06   4.3457031e+01
   3.5886380e+06   3.4118652e+01
   3.5886610e+06   4.8217773e+01
   3.5887050e+06   3.4240723e+01
   3.5887250e+06   3.7048340e+01
   3.5887950e+06   3.5888672e+01
   3.5888430e+06   3.4790039e+01
   3.5890170e+06   6.0852051e+01
   3.6261590e+06   4.0832520e+01
   3.6261750e+06   3.4362793e+01
   3.6262050e+06   1.1907959e+02
   3.6262470e+06   3.8269043e+01
   3.6262700e+06   3.8269043e+01
   3.6263080e+06   8.4716797e+01
   3.6263250e+06   6.3171387e+01
   3.6263650e+06   3.9794922e+01
   3.6263820e+06   4.5349121e+01
   3.6264100e+06   9.1613770e+01
   3.6264930e+06   4.8034668e+01
   3.6265710e+06   3.3874512e+01
   3.6268480e+06   7.2509766e+01
   3.9216310e+06   3.5156250e+01
   3.9216570e+06   3.4667969e+01
   3.9216830e+06   1.2615967e+02
   3.9216930e+06   5.0781250e+01
   3.9217120e+06   5.5725098e+01
   3.9217410e+06   6.2316895e+01
   3.9217520e+06   5.5664063e+01
   3.9217700e+06   4.8522949e+01
   3.9217890e+06   5.7128906e+01
   3.9218080e+06   5.5725098e+01
   3.9218240e+06   5.0964355e+01
   3.9218560e+06   3.3325195e+01
   3.9218860e+06   4.9865723e+01
   3.9219120e+06   3.5705566e+01
   3.9219410e+06   4.5288086e+01
   3.9219710e+06   5.4504395e+01
   3.9880150e+06   4.5410156e+01
   3.9880370e+06   3.3264160e+01
   3.9880630e+06   3.6132813e+01
   3.9880780e+06   1.3696289e+02
   3.9881000e+06   4.6325684e+01
   3.9881130e+06   4.1137695e+01
   3.9881350e+06   3.9245605e+01
   3.9881490e+06   3.5522461e+01
   3.9881610e+06   1.1071777e+02
   3.9881840e+06   5.7922363e+01
   3.9882060e+06   8.6364746e+01
   3.9882190e+06   4.2785645e+01
   3.9882390e+06   3.4423828e+01
   3.9882500e+06   4.3395996e+01
   3.9882760e+06   4.9560547e+01
   3.9883040e+06   5.1025391e+01
   3.9883270e+06   3.3020020e+01
   3.9883630e+06   4.3640137e+01
   3.9884070e+06   3.3691406e+01
   3.9885960e+06   4.4189453e+01
   3.9890270e+06   5.8776855e+01
   4.0323340e+06   3.9611816e+01
   4.0323570e+06   5.5297852e+01
   4.0323780e+06   1.3604736e+02
   4.0323930e+06   3.6682129e+01
   4.0324170e+06   4.0344238e+01
   4.0324330e+06   7.7453613e+01
   4.0324530e+06   6.5185547e+01
   4.0324750e+06   5.8227539e+01
   4.0325020e+06   8.3801270e+01
   4.0325240e+06   6.1889648e+01
   4.0325480e+06   5.7983398e+01
   4.0325650e+06   5.0048828e+01
   4.0325800e+06   3.9855957e+01
   4.0326190e+06   6.1340332e+01
   4.0326350e+06   3.4912109e+01
   4.0326490e+06   5.1452637e+01
   4.0326770e+06   5.3527832e+01
   4.0327580e+06   4.0832520e+01
   4.0330900e+06   5.4748535e+01
   4.0335930e+06   7.7148438e+01
   4.0757930e+06   3.4606934e+01
   4.0758410e+06   1.3342285e+02
   4.0758550e+06   4.7424316e+01
   4.0758670e+06   5.6213379e+01
   4.0758930e+06   4.2236328e+01
   4.0759200e+06   1.0949707e+02
   4.0759510e+06   4.7241211e+01
   4.0759880e+06   6.0363770e+01
   4.0760160e+06   4.4921875e+01
   4.0760270e+06   3.9916992e+01
   4.0760420e+06   3.9611816e+01
   4.0760760e+06   3.7414551e+01
   4.0761140e+06   5.1940918e+01
   4.0761290e+06   4.3212891e+01
   4.0761740e+06   3.3508301e+01
   4.0762110e+06   3.3508301e+01
   4.0762800e+06   4.5288086e+01
   4.0765550e+06   3.9611816e+01
   4.1140550e+06   3.5095215e+01
   4.1140830e+06   1.0833740e+02
   4.1141150e+06   7.2509766e+01
   4.1141260e+06   4.1259766e+01
   4.1141680e+06   8.2641602e+01
   4.1141950e+06   6.1157227e+01
   4.1142160e+06   4.6875000e+01
   4.1142350e+06   6.2316895e+01
   4.1142510e+06   4.4616699e+01
   4.1142680e+06   3.6132813e+01
   4.1142960e+06   4.8339844e+01
   4.1143100e+06   3.5705566e+01
   4.1143750e+06   4.2419434e+01
   4.1154830e+06   5.3894043e+01
   4.2795550e+06   3.7109375e+01
   4.2796060e+06   3.8757324e+01
   4.2796720e+06   3.5522461e+01
   4.2796930e+06   3.7048340e+01
   4.2797210e+06   4.8400879e+01
   4.2797390e+06   4.4677734e+01
   4.2797670e+06   4.4677734e+01
   4.2797800e+06   1.2036133e+02
   4.2798160e+06   4.6508789e+01
   4.2798420e+06   5.7495117e+01
   4.2798680e+06   3.7902832e+01
   4.2798900e+06   7.5927734e+01
   4.2799100e+06   3.4423828e+01
   4.2799200e+06   3.9916992e+01
   4.2799390e+06   3.7963867e+01
   4.2800040e+06   3.3081055e+01
   4.2800240e+06   3.2714844e+01
   4.2800490e+06   3.4973145e+01
   4.3893480e+06   3.7231445e+01
   4.3894000e+06   3.3447266e+01
   4.3894310e+06   9.8510742e+01
   4.3894560e+06   4.8461914e+01
   4.3894760e+06   4.8828125e+01
   4.3894910e+06   4.0710449e+01
   4.3895250e+06   8.8500977e+01
   4.3895400e+06   4.2724609e+01
   4.3895640e+06   3.6743164e+01
   4.3895910e+06   3.3325195e+01
   4.3896090e+06   6.0546875e+01
   4.3896280e+06   6.3110352e+01
   4.3896620e+06   3.5400391e+01
   4.3896990e+06   3.9916992e+01
   4.4818830e+06   3.6071777e+01
   4.4819030e+06   3.4851074e+01
   4.4819210e+06   4.2846680e+01
   4.4819440e+06   1.1749268e+02
   4.4819620e+06   4.5715332e+01
   4.4820060e+06   3.9855957e+01
   4.4820340e+06   9.1247559e+01
   4.4820620e+06   4.1259766e+01
   4.4820720e+06   3.7292480e+01
   4.4820960e+06   4.9865723e+01
   4.4821250e+06   5.3955078e+01
   4.4821670e+06   3.8269043e+01
   4.4821980e+06   3.2531738e+01
   4.4822420e+06   3.8085938e+01
   4.5678580e+06   4.1687012e+01
   4.5678840e+06   6.1157227e+01
   4.5679010e+06   1.2145996e+02
   4.5679230e+06   4.7180176e+01
   4.5679520e+06   4.8767090e+01
   4.5679760e+06   5.1208496e+01
   4.5679920e+06   4.6081543e+01
   4.5680200e+06   3.7841797e+01
   4.5680370e+06   5.1025391e+01
   4.5680690e+06   4.2053223e+01
   4.5680950e+06   4.1076660e+01
   4.5681260e+06   6.9763184e+01
   4.5681670e+06   4.0039063e+01
   4.5682050e+06   3.7231445e+01
   4.5682200e+06   3.4606934e+01
   4.5683590e+06   3.3325195e+01
   4.6528880e+06   3.4667969e+01
   4.6529730e+06   3.5339355e+01
   4.6531380e+06   3.2653809e+01
   4.6532950e+06   3.2531738e+01
   4.6534430e+06   3.3386230e+01
   4.6546330e+06   3.5949707e+01
   4.6558190e+06   3.3203125e+01
   4.8434730e+06   4.0161133e+01
   4.8434960e+06   1.1853027e+02
   4.8435110e+06   6.2072754e+01
   4.8435280e+06   4.6020508e+01
   4.8435550e+06   3.2409668e+01
   4.8435680e+06   9.1979980e+01
   4.8435890e+06   5.2978516e+01
   4.8436030e+06   4.9926758e+01
   4.8436350e+06   5.4382324e+01
   4.8436520e+06   5.2612305e+01
   4.8436700e+06   3.3020020e+01
   4.8436930e+06   4.5288086e+01
   4.8437060e+06   5.1391602e+01
   4.8437410e+06   6.9335938e+01
   4.8437690e+06   3.5400391e+01
   4.9023660e+06   3.4545898e+01
   4.9024180e+06   5.4809570e+01
   4.9024310e+06   3.3935547e+01
   4.9024520e+06   3.8146973e+01
   4.9024660e+06   5.7922363e+01
   4.9024920e+06   3.7963867e+01
   4.9025080e+06   5.0964355e+01
   4.9025290e+06   8.0871582e+01
   4.9025610e+06   5.9448242e+01
   4.9025980e+06   3.7231445e+01
   4.9026130e+06   5.4504395e+01
   4.9026300e+06   3.4973145e+01
   4.9026460e+06   5.5664063e+01
   4.9027090e+06   4.5837402e+01
   4.9027430e+06   3.4118652e+01
   4.9029460e+06   6.4514160e+01
   4.9031530e+06   4.3823242e+01
   4.9033350e+06   5.9997559e+01
   4.9423080e+06   3.3020020e+01
   4.9423930e+06   3.7719727e+01
   4.9425120e+06   3.6254883e+01
   4.9426850e+06   3.4118652e+01
   4.9428610e+06   3.3447266e+01
   4.9436070e+06   3.2470703e+01
   5.0377560e+06   5.0964355e+01
   5.0377830e+06   3.3264160e+01
   5.0378110e+06   6.2988281e+01
   5.0378270e+06   3.6621094e+01
   5.0378440e+06   3.4545898e+01
   5.0378650e+06   4.2724609e+01
   5.0378980e+06   7.3791504e+01
   5.0379100e+06   4.4799805e+01
   5.0379310e+06   5.9387207e+01
   5.0379590e+06   4.0649414e+01
   5.0379960e+06   3.9123535e+01
   5.0380330e+06   3.5217285e+01
   5.0380580e+06   3.6621094e+01
   5.0380790e+06   3.2836914e+01
   5.0380910e+06   4.8583984e+01
   5.0384050e+06   6.8786621e+01
   5.0860230e+06   4.8950195e+01
   5.0861000e+06   3.3874512e+01
   5.0861290e+06   3.5766602e+01
   5.0861460e+06   3.4851074e+01
   5.0861780e+06   4.7668457e+01
   5.0861930e+06   4.5959473e+01
   5.0862140e+06   5.2917480e+01
   5.0862490e+06   9.0393066e+01
   5.0862780e+06   5.3283691e+01
   5.0863150e+06   4.6691895e+01
   5.0863460e+06   4.8706055e+01
   5.0863690e+06   3.3203125e+01
   5.0863910e+06   3.9978027e+01
   5.0864150e+06   5.8227539e+01
   5.0864310e+06   3.7841797e+01
   5.0864450e+06   3.2592773e+01
   5.0864620e+06   3.3142090e+01
   5.0867360e+06   7.0312500e+01
   5.3545610e+06   4.2175293e+01
   5.3545790e+06   3.4729004e+01
   5.3546030e+06   4.0893555e+01
   5.3546210e+06   5.4687500e+01
   5.3546350e+06   4.4860840e+01
   5.3546510e+06   4.3762207e+01
   5.3546630e+06   4.0466309e+01
   5.3546920e+06   1.0516357e+02
   5.3547160e+06   4.6020508e+01
   5.3547390e+06   3.3874512e+01
   5.3547630e+06   4.1381836e+01
   5.3547880e+06   3.9550781e+01
   5.3548080e+06   6.5429688e+01
   5.3548350e+06   4.9560547e+01
   5.3548640e+06   3.2653809e+01
   5.3549000e+06   3.8452148e+01
   5.3549750e+06   3.7170410e+01
   5.3727750e+06   3.7719727e+01
   5.3735700e+06   4.0954590e+01
   5.3737540e+06   3.3935547e+01
   5.3738270e+06   3.8085938e+01
   5.3740330e+06   3.2958984e+01
   5.3743000e+06   3.4057617e+01
   5.3753910e+06   3.2409668e+01
   5.4223400e+06   3.4606934e+01
   5.4223530e+06   4.2175293e+01
   5.4223890e+06   1.4343262e+02
   5.4223990e+06   3.7475586e+01
   5.4224200e+06   4.0893555e+01
   5.4224470e+06   5.1513672e+01
   5.4224630e+06   5.1879883e+01
   5.4224790e+06   4.6813965e+01
   5.4225020e+06   5.3222656e+01
   5.4225130e+06   3.4851074e+01
   5.4225270e+06   4.0100098e+01
   5.4225460e+06   3.8452148e+01
   5.4225660e+06   5.4382324e+01
   5.4225880e+06   4.1931152e+01
   5.4226190e+06   3.7353516e+01
   5.4226400e+06   3.3264160e+01
   5.4226720e+06   4.1748047e+01
   5.4227350e+06   3.5034180e+01
   5.4227650e+06   4.0954590e+01
   5.4229940e+06   6.9824219e+01
   5.4628200e+06   3.7048340e+01
   5.4628420e+06   3.4240723e+01
   5.4628580e+06   3.8146973e+01
   5.4628760e+06   1.2561035e+02
   5.4629050e+06   6.0546875e+01
   5.4629190e+06   3.9489746e+01
   5.4629400e+06   8.1542969e+01
   5.4629720e+06   4.4860840e+01
   5.4630020e+06   4.8339844e+01
   5.4630290e+06   7.5439453e+01
   5.4630640e+06   3.4912109e+01
   5.4630850e+06   3.5217285e+01
   5.4631200e+06   5.1574707e+01
   5.4631460e+06   3.4667969e+01
   5.4631680e+06   3.6193848e+01
   5.4632780e+06   4.3334961e+01
   5.4643210e+06   4.0161133e+01
   5.4644820e+06   4.5349121e+01
   5.5116170e+06   3.7414551e+01
   5.5116440e+06   3.4423828e+01
   5.5116650e+06   1.5838623e+02
   5.5116760e+06   6.2255859e+01
   5.5117080e+06   4.8645020e+01
   5.5117330e+06   7.7453613e+01
   5.5117450e+06   5.4809570e+01
   5.5117610e+06   4.7485352e+01
   5.5117880e+06   5.2978516e+01
   5.5118200e+06   5.1025391e+01
   5.5118480e+06   5.6213379e+01
   5.5118620e+06   3.5522461e+01
   5.5118890e+06   3.3569336e+01
   5.5119300e+06   4.6936035e+01
   5.5119480e+06   3.8818359e+01
   5.5121580e+06   3.5034180e+01
   5.5128780e+06   3.5705566e+01
   5.5132370e+06   4.2114258e+01
   5.5134800e+06   3.6132813e+01
   5.5134960e+06   3.9733887e+01
   5.5140760e+06   3.3142090e+01
   5.6084680e+06   3.5095215e+01
   5.6085620e+06   4.7302246e+01
   5.6086680e+06   3.9550781e+01
   5.6096130e+06   3.4240723e+01
   5.6106080e+06   3.2775879e+01
   5.6108660e+06   3.5766602e+01
   5.6110240e+06   3.7780762e+01
   5.6818760e+06   3.4545898e+01
   5.6819580e+06   3.2897949e+01
   5.6820840e+06   3.9794922e+01
   5.6821270e+06   3.2897949e+01
   5.6822390e+06   3.3813477e+01
   5.6831520e+06   3.7353516e+01
   5.8422810e+06   3.2958984e+01
   5.8423140e+06   1.1456299e+02
   5.8423250e+06   4.3029785e+01
   5.8423500e+06   5.6762695e+01
   5.8423650e+06   5.8532715e+01
   5.8423800e+06   6.1706543e+01
   5.8423970e+06   5.2612305e+01
   5.8424070e+06   5.5664063e+01
   5.8424400e+06   3.3325195e+01
   5.8424820e+06   3.9306641e+01
   5.8425020e+06   3.5217285e+01
   5.8425120e+06   3.4118652e+01
   5.8425600e+06   5.7983398e+01
   5.8425740e+06   5.2185059e+01
   5.8425940e+06   4.0039063e+01
   5.8426340e+06   3.2897949e+01
   5.8427440e+06   3.2897949e+01
   5.8908320e+06   4.5410156e+01
   5.8908500e+06   4.0161133e+01
   5.8908800e+06   1.1352539e+02
   5.8909050e+06   8.5937500e+01
   5.8909210e+06   3.4179688e+01
   5.8909470e+06   5.8593750e+01
   5.8909800e+06   5.2429199e+01
   5.8909940e+06   4.3701172e+01
   5.8910220e+06   7.0861816e+01
   5.8910510e+06   3.9672852e+01
   5.8910830e+06   4.7302246e+01
   5.8911300e+06   4.4433594e+01
   5.8913020e+06   3.4179688e+01
   5.8917830e+06   4.8095703e+01
   5.9470360e+06   3.3142090e+01
   5.9470570e+06   1.4636230e+02
   5.9470690e+06   4.3823242e+01
   5.9470920e+06   6.8481445e+01
   5.9471230e+06   8.5632324e+01
   5.9471350e+06   5.3222656e+01
   5.9471590e+06   4.3151855e+01
   5.9471850e+06   3.5461426e+01
   5.9472070e+06   5.0415039e+01
   5.9472370e+06   3.8085938e+01
   5.9472470e+06   3.8330078e+01
   5.9472920e+06   3.9978027e+01
   5.9964340e+06   3.6315918e+01
   5.9964750e+06   3.7963867e+01
   5.9964930e+06   1.2854004e+02
   5.9965110e+06   5.1391602e+01
   5.9965300e+06   3.4729004e+01
   5.9965560e+06   6.6955566e+01
   5.9965700e+06   3.4912109e+01
   5.9965880e+06   4.1687012e+01
   5.9966160e+06   7.5866699e+01
   5.9966390e+06   5.0170898e+01
   5.9966500e+06   3.3752441e+01
   5.9966690e+06   3.2897949e+01
   5.9966910e+06   3.4912109e+01
   5.9967390e+06   3.9001465e+01
   5.9967490e+06   4.2236328e+01
   5.9967820e+06   3.4362793e+01
   5.9968110e+06   3.8696289e+01
   5.9979620e+06   4.0039063e+01
   5.9982410e+06   4.7668457e+01
   6.0416300e+06   3.3020020e+01
   6.0416590e+06   1.3415527e+02
   6.0416810e+06   7.6416016e+01
   6.0416990e+06   6.4697266e+01
   6.0417370e+06   7.8369141e+01
   6.0417520e+06   4.8950195e+01
   6.0417780e+06   5.7189941e+01
   6.0417980e+06   5.1513672e+01
   6.0418190e+06   6.3537598e+01
   6.0418350e+06   3.3813477e+01
   6.0418470e+06   3.3264160e+01
   6.0418680e+06   4.2602539e+01
   6.0418980e+06   4.6447754e+01
   6.0419180e+06   4.2846680e+01
   6.0419850e+06   3.7841797e+01
   6.0420450e+06   3.5644531e+01
   6.0430230e+06   3.2653809e+01
   6.0431460e+06   3.5705566e+01
   6.0435620e+06   3.5949707e+01
   6.1694840e+06   3.3935547e+01
   6.1699760e+06   3.6437988e+01
   6.1702570e+06   3.3935547e+01
   6.2633390e+06   3.4606934e+01
   6.2633510e+06   5.7922363e+01
   6.2633880e+06   1.1706543e+02
   6.2634290e+06   5.1940918e+01
   6.2634390e+06   5.0537109e+01
   6.2634600e+06   5.9814453e+01
   6.2634790e+06   5.1696777e+01
   6.2634920e+06   5.5603027e+01
   6.2635120e+06   5.8837891e+01
   6.2635510e+06   4.8156738e+01
   6.2635840e+06   3.7170410e+01
   6.2636260e+06   3.3752441e+01
   6.2636460e+06   3.3142090e+01
   6.2637260e+06   3.9611816e+01
   6.2638260e+06   3.6560059e+01
   6.2639890e+06   6.1279297e+01
   6.4295740e+06   6.0607910e+01
   6.4295970e+06   4.1503906e+01
   6.4296130e+06   1.2890625e+02
   6.4296570e+06   4.9560547e+01
   6.4296760e+06   4.1259766e+01
   6.4297100e+06   7.8063965e+01
   6.4297270e+06   4.9743652e+01
   6.4297470e+06   5.4077148e+01
   6.4297580e+06   3.8635254e+01
   6.4297880e+06   6.0241699e+01
   6.4298100e+06   5.6945801e+01
   6.4298430e+06   3.5583496e+01
   6.4298680e+06   4.1442871e+01
   6.4299000e+06   3.2531738e+01
   6.4299750e+06   4.3945313e+01
   6.4821840e+06   3.9733887e+01
   6.4825800e+06   3.2897949e+01
   6.4826440e+06   3.3630371e+01
   6.4834320e+06   3.8940430e+01
   6.4834570e+06   4.3029785e+01
   6.4839190e+06   3.4362793e+01
   6.6008510e+06   4.2785645e+01
   6.6008700e+06   3.7536621e+01
   6.6008910e+06   1.3403320e+02
   6.6009050e+06   4.0344238e+01
   6.6009200e+06   4.5471191e+01
   6.6009440e+06   6.9641113e+01
   6.6009620e+06   4.4189453e+01
   6.6009790e+06   9.1003418e+01
   6.6009940e+06   4.3029785e+01
   6.6010330e+06   5.6335449e+01
   6.6010500e+06   4.4433594e+01
   6.6010830e+06   5.8959961e+01
   6.6011360e+06   3.8574219e+01
   6.6011630e+06   3.2653809e+01
   6.6011870e+06   3.6010742e+01
   6.6012440e+06   4.7424316e+01
   6.6469350e+06   3.7292480e+01
   6.6469670e+06   4.1442871e+01
   6.6469850e+06   1.3165283e+02
   6.6470120e+06   4.5837402e+01
   6.6470450e+06   5.7983398e+01
   6.6470660e+06   4.9682617e+01
   6.6470840e+06   8.9172363e+01
   6.6470990e+06   4.7607422e+01
   6.6471240e+06   3.4912109e+01
   6.6471340e+06   3.7170410e+01
   6.6471600e+06   4.8706055e+01
   6.6471880e+06   7.7697754e+01
   6.6472070e+06   4.6936035e+01
   6.6472460e+06   3.2531738e+01
   6.6472660e+06   5.2124023e+01
   6.6473900e+06   3.9184570e+01
   6.6474350e+06   3.2958984e+01
   6.6474540e+06   4.1137695e+01
   6.6477170e+06   5.2368164e+01
   6.6952800e+06   3.7048340e+01
   6.6953010e+06   3.6865234e+01
   6.6953260e+06   1.3873291e+02
   6.6953410e+06   4.4677734e+01
   6.6953670e+06   7.4279785e+01
   6.6953930e+06   5.0842285e+01
   6.6954210e+06   4.9926758e+01
   6.6954320e+06   6.4147949e+01
   6.6954530e+06   3.2592773e+01
   6.6954780e+06   6.0241699e+01
   6.6955040e+06   5.7434082e+01
   6.6955250e+06   5.2246094e+01
   6.6955480e+06   4.8889160e+01
   6.6955740e+06   3.8208008e+01
   6.6955850e+06   3.9367676e+01
   6.6956210e+06   3.7658691e+01
   6.6956950e+06   4.2846680e+01
   6.6958930e+06   4.7668457e+01
   6.6962150e+06   6.4636230e+01
   6.9133370e+06   3.6376953e+01
   6.9133630e+06   1.2792969e+02
   6.9133850e+06   5.9753418e+01
   6.9134050e+06   4.2663574e+01
   6.9134300e+06   9.3200684e+01
   6.9134400e+06   3.9123535e+01
   6.9134650e+06   4.6020508e+01
   6.9134800e+06   3.7597656e+01
   6.9135120e+06   5.7312012e+01
   6.9135390e+06   5.1635742e+01
   6.9135580e+06   3.9794922e+01
   6.9135820e+06   4.2724609e+01
   6.9136090e+06   4.2053223e+01
   6.9136250e+06   3.4484863e+01
   6.9136420e+06   3.7414551e+01
   6.9652360e+06   3.4729004e+01
   6.9652680e+06   4.1076660e+01
   6.9652890e+06   3.4301758e+01
   6.9653320e+06   3.4545898e+01
   6.9653510e+06   7.4584961e+01
   6.9653680e+06   5.1757813e+01
   6.9653880e+06   3.2714844e+01
   6.9653980e+06   7.3791504e+01
   6.9654280e+06   5.4748535e+01
   6.9654430e+06   3.7597656e+01
   6.9654580e+06   3.3386230e+01
   6.9654840e+06   4.0832520e+01
   6.9655090e+06   5.5603027e+01
   6.9655390e+06   4.4189453e+01
   6.9655670e+06   3.8513184e+01
   6.9655970e+06   3.8940430e+01
   6.9656240e+06   3.7963867e+01
   6.9656630e+06   3.3691406e+01
   6.9657740e+06   3.2775879e+01
   7.0982510e+06   3.9184570e+01
   7.0986190e+06   3.6376953e+01
   7.0986940e+06   3.3325195e+01
   7.2087620e+06   3.2592773e+01
   7.2088210e+06   3.5339355e+01
   7.2089860e+06   3.8269043e+01
   7.2090640e+06   3.2470703e+01
   7.2092460e+06   3.4301758e+01
   7.2094550e+06   3.3752441e+01
   7.2097110e+06   3.2409668e+01
   7.2099840e+06   3.3081055e+01
   7.2271910e+06   3.4667969e+01
   7.2272220e+06   4.5532227e+01
   7.2272330e+06   1.4123535e+02
   7.2272460e+06   5.2795410e+01
   7.2272570e+06   5.6396484e+01
   7.2272930e+06   4.7668457e+01
   7.2273120e+06   4.0771484e+01
   7.2273330e+06   9.3505859e+01
   7.2273500e+06   5.1757813e+01
   7.2273760e+06   4.3762207e+01
   7.2274090e+06   3.5644531e+01
   7.2274250e+06   4.1198730e+01
   7.2274540e+06   4.7363281e+01
   7.2275070e+06   4.7424316e+01
   7.2275400e+06   4.3029785e+01
   7.2275760e+06   4.2968750e+01
   7.3454890e+06   3.3874512e+01
   7.3455130e+06   3.6560059e+01
   7.3455440e+06   1.2042236e+02
   7.3455570e+06   4.0954590e+01
   7.3455760e+06   4.3945313e+01
   7.3455920e+06   4.8400879e+01
   7.3456070e+06   3.6193848e+01
   7.3456260e+06   9.6435547e+01
   7.3456490e+06   3.9123535e+01
   7.3456790e+06   5.3100586e+01
   7.3456940e+06   3.4729004e+01
   7.3457270e+06   5.5725098e+01
   7.3457440e+06   3.6865234e+01
   7.3457730e+06   3.3569336e+01
   7.3457960e+06   4.2480469e+01
   7.3458060e+06   3.7048340e+01
   7.3458200e+06   3.3447266e+01
   7.5026540e+06   3.8208008e+01
   7.5026720e+06   5.2856445e+01
   7.5026950e+06   3.5644531e+01
   7.5027140e+06   4.7912598e+01
   7.5027250e+06   5.5297852e+01
   7.5027470e+06   4.2785645e+01
   7.5027650e+06   1.3342285e+02
   7.5027760e+06   5.3405762e+01
   7.5027940e+06   3.9306641e+01
   7.5028190e+06   3.5095215e+01
   7.5028340e+06   7.9772949e+01
   7.5028720e+06   6.8542480e+01
   7.5028880e+06   3.6071777e+01
   7.5029170e+06   4.8034668e+01
   7.5029400e+06   3.2409668e+01
   7.5029660e+06   4.5166016e+01
   7.5029970e+06   4.8461914e+01
   7.7081140e+06   3.2836914e+01
   7.7090150e+06   3.8391113e+01
   7.7098860e+06   3.4362793e+01
   7.8144170e+06   3.6926270e+01
   7.8144380e+06   3.4240723e+01
   7.8144590e+06   1.2066650e+02
   7.8144700e+06   3.9428711e+01
   7.8144880e+06   4.9560547e+01
   7.8144990e+06   6.1279297e+01
   7.8145100e+06   4.4555664e+01
   7.8145430e+06   3.9855957e+01
   7.8145640e+06   9.4787598e+01
   7.8145790e+06   4.0649414e+01
   7.8146060e+06   3.2531738e+01
   7.8146480e+06   3.7353516e+01
   7.8146670e+06   5.9082031e+01
   7.8146980e+06   3.4973145e+01
   7.8147240e+06   3.6743164e+01
   7.8148220e+06   4.0466309e+01
   7.8150510e+06   3.3752441e+01
   7.9189700e+06   3.5339355e+01
   7.9191070e+06   3.2958984e+01
   7.9192470e+06   3.4179688e+01
   7.9197010e+06   4.0222168e+01
   8.0285450e+06   3.3142090e+01
   8.0285630e+06   3.3752441e+01
   8.0285910e+06   9.6374512e+01
   8.0286170e+06   8.3862305e+01
   8.0286380e+06   5.2490234e+01
   8.0286540e+06   8.2763672e+01
   8.0286710e+06   5.7678223e+01
   8.0287010e+06   5.1025391e+01
   8.0287330e+06   5.4199219e+01
   8.0287540e+06   4.1198730e+01
   8.0287760e+06   4.3945313e+01
   8.0287990e+06   4.0039063e+01
   8.0288350e+06   3.7109375e+01
   8.0288640e+06   3.4729004e+01
   8.0289150e+06   3.7658691e+01
   8.0785410e+06   3.3142090e+01
   8.0786160e+06   3.3508301e+01
   8.0786580e+06   4.1076660e+01
   8.0786730e+06   3.8879395e+01
   8.0787110e+06   1.2860107e+02
   8.0787230e+06   7.7575684e+01
   8.0787410e+06   4.1748047e+01
   8.0787540e+06   5.4138184e+01
   8.0787690e+06   7.2204590e+01
   8.0787880e+06   5.8654785e+01
   8.0788070e+06   3.5766602e+01
   8.0788330e+06   4.1015625e+01
   8.0788600e+06   5.1513672e+01
   8.0788790e+06   3.3508301e+01
   8.0789040e+06   3.2592773e+01
   8.0789230e+06   4.6569824e+01
   8.0789620e+06   4.0100098e+01
   8.0791260e+06   3.5278320e+01
   8.0798570e+06   5.9082031e+01
   8.3652960e+06   3.4484863e+01
   8.3653230e+06   3.5766602e+01
   8.3653360e+06   3.2775879e+01
   8.3653580e+06   3.7170410e+01
   8.3653870e+06   8.5571289e+01
   8.3654070e+06   5.2429199e+01
   8.3654170e+06   4.5104980e+01
   8.3654420e+06   5.0842285e+01
   8.3654780e+06   4.5410156e+01
   8.3655010e+06   3.7597656e+01
   8.3655300e+06   3.4667969e+01
   8.3655650e+06   3.9001465e+01
   8.3656080e+06   4.0405273e+01
   8.3656180e+06   3.3752441e+01
   8.3656760e+06   3.4790039e+01
   8.3659210e+06   3.7841797e+01
   8.4238510e+06   4.0344238e+01
   8.4238690e+06   3.5949707e+01
   8.4238900e+06   1.2249756e+02
   8.4239040e+06   3.9794922e+01
   8.4239280e+06   5.9814453e+01
   8.4239450e+06   7.8369141e+01
   8.4239690e+06   4.2480469e+01
   8.4239900e+06   6.8115234e+01
   8.4240000e+06   5.2734375e+01
   8.4240160e+06   5.0048828e+01
   8.4240290e+06   4.2114258e+01
   8.4240420e+06   3.5095215e+01
   8.4240770e+06   5.3833008e+01
   8.4241010e+06   3.8391113e+01
   8.4241250e+06   3.6926270e+01
   8.4242550e+06   3.3752441e+01
   8.4244570e+06   3.5705566e+01
   8.4251370e+06   4.2053223e+01
   8.4255710e+06   7.1228027e+01
   8.5349920e+06   3.3996582e+01
   8.5350780e+06   3.3935547e+01
   8.5356500e+06   3.7536621e+01
   8.5360560e+06   3.5461426e+01
   8.5364560e+06   3.2653809e+01
   8.5364720e+06   3.4240723e+01
   8.5365620e+06   3.6315918e+01
   8.6520650e+06   3.2470703e+01
   8.6521240e+06   1.1285400e+02
   8.6521460e+06   3.5217285e+01
   8.6521790e+06   4.7485352e+01
   8.6521900e+06   4.9255371e+01
   8.6522180e+06   3.7048340e+01
   8.6522300e+06   1.0864258e+02
   8.6522480e+06   3.4118652e+01
   8.6522600e+06   6.1401367e+01
   8.6523000e+06   4.5532227e+01
   8.6523260e+06   5.9997559e+01
   8.6523520e+06   3.2897949e+01
   8.6523770e+06   3.5583496e+01
   8.6523940e+06   3.9489746e+01
   8.6524260e+06   4.3640137e+01
   8.6524390e+06   3.6926270e+01
   8.6524720e+06   3.5705566e+01
   8.6526080e+06   3.4729004e+01
   8.7622190e+06   4.3395996e+01
   8.7622350e+06   4.0588379e+01
   8.7622590e+06   3.7048340e+01
   8.7622720e+06   8.7341309e+01
   8.7622920e+06   3.6499023e+01
   8.7623170e+06   5.4931641e+01
   8.7623340e+06   6.2805176e+01
   8.7623690e+06   4.8278809e+01
   8.7623880e+06   3.7719727e+01
   8.7624020e+06   3.7048340e+01
   8.7624150e+06   4.1564941e+01
   8.7624340e+06   4.4921875e+01
   8.7624620e+06   3.8635254e+01
   8.7624750e+06   3.8879395e+01
   8.7625050e+06   3.5339355e+01
   8.7625440e+06   4.4677734e+01
   8.8140200e+06   3.3569336e+01
   8.8140410e+06   4.8400879e+01
   8.8140610e+06   1.2121582e+02
   8.8140900e+06   4.6752930e+01
   8.8141150e+06   7.0190430e+01
   8.8141280e+06   4.0161133e+01
   8.8141440e+06   3.9733887e+01
   8.8141660e+06   4.6081543e+01
   8.8141910e+06   4.4677734e+01
   8.8142030e+06   3.9367676e+01
   8.8142360e+06   3.9794922e+01
   8.8142580e+06   4.2480469e+01
   8.8142840e+06   4.2785645e+01
   8.8143340e+06   4.2907715e+01
   8.8143460e+06   3.2836914e+01
   8.8143570e+06   3.7170410e+01
   8.8144260e+06   3.2836914e+01
   8.8144730e+06   3.3813477e+01
   8.8156760e+06   6.0424805e+01
   8.8708170e+06   4.3334961e+01
   8.8708370e+06   3.9916992e+01
   8.8708470e+06   5.1147461e+01
   8.8708830e+06   4.6264648e+01
   8.8709120e+06   6.6528320e+01
   8.8709350e+06   5.3710938e+01
   8.8709570e+06   4.3823242e+01
   8.8709830e+06   6.5002441e+01
   8.8710030e+06   5.3833008e+01
   8.8710260e+06   6.7321777e+01
   8.8710490e+06   4.6691895e+01
   8.8710620e+06   3.5400391e+01
   8.8710740e+06   6.7199707e+01
   8.8711030e+06   6.1767578e+01
   8.8711390e+06   3.6315918e+01
   8.8711520e+06   3.6010742e+01
   8.8711960e+06   4.1442871e+01
   8.8719670e+06   3.5705566e+01
   8.9303880e+06   3.5156250e+01
   8.9305810e+06   4.2053223e+01
   8.9307320e+06   3.9062500e+01
   8.9307770e+06   4.4433594e+01
   8.9308540e+06   3.8879395e+01
   8.9309920e+06   3.5827637e+01
   8.9310480e+06   3.6926270e+01
   8.9311170e+06   3.7231445e+01
   8.9312470e+06   4.2175293e+01
   8.9314210e+06   1.1389160e+02
   8.9315200e+06   3.5461426e+01
   8.9316270e+06   4.2846680e+01
   8.9317270e+06   3.6987305e+01
   9.0766380e+06   3.2470703e+01
   9.0766590e+06   3.6315918e+01
   9.0766730e+06   1.0668945e+02
   9.0767040e+06   5.6274414e+01
   9.0767230e+06   7.0251465e+01
   9.0767440e+06   8.4472656e+01
   9.0767580e+06   3.5888672e+01
   9.0767770e+06   5.4931641e+01
   9.0768010e+06   4.2663574e+01
   9.0768130e+06   4.1137695e+01
   9.0768490e+06   6.4392090e+01
   9.0768640e+06   3.6682129e+01
   9.0768910e+06   3.3203125e+01
   9.0769190e+06   5.8898926e+01
   9.0769460e+06   3.3996582e+01
   9.0769740e+06   3.9489746e+01
   9.0772660e+06   4.3090820e+01
   9.0774910e+06   4.2114258e+01
   9.2767080e+06   4.0527344e+01
   9.2767620e+06   4.1503906e+01
   9.2767790e+06   1.0815430e+02
   9.2767970e+06   4.1137695e+01
   9.2768220e+06   5.4992676e+01
   9.2768320e+06   4.6264648e+01
   9.2768630e+06   3.9916992e+01
   9.2768990e+06   5.4809570e+01
   9.2769250e+06   4.1320801e+01
   9.2769540e+06   4.5471191e+01
   9.2769720e+06   3.8146973e+01
   9.2770030e+06   4.1503906e+01
   9.2770310e+06   3.4423828e+01
   9.2770460e+06   3.6132813e+01
   9.2775300e+06   6.4147949e+01
   9.3345810e+06   3.3813477e+01
   9.3346700e+06   3.6193848e+01
   9.3347350e+06   3.3935547e+01
   9.3348700e+06   3.4667969e+01
   9.3349760e+06   3.3325195e+01
   9.3355810e+06   3.6376953e+01
   9.3804850e+06   3.6315918e+01
   9.3806670e+06   3.2592773e+01
   9.3807990e+06   3.2653809e+01
   9.3809280e+06   4.4860840e+01
   9.3810670e+06   3.3935547e+01
   9.3812630e+06   3.3203125e+01
   9.5919220e+06   3.3020020e+01
   9.5919610e+06   3.4667969e+01
   9.5919870e+06   3.2531738e+01
   9.5920140e+06   4.6386719e+01
   9.5920300e+06   3.9367676e+01
   9.5920500e+06   4.2785645e+01
   9.5920890e+06   1.0565186e+02
   9.5921140e+06   3.3996582e+01
   9.5921300e+06   4.4616699e+01
   9.5921460e+06   3.9794922e+01
   9.5921740e+06   3.9794922e+01
   9.5921950e+06   3.2592773e+01
   9.5922160e+06   3.5400391e+01
   9.5922550e+06   3.9245605e+01
   9.5922940e+06   4.1076660e+01
   9.5923860e+06   5.6091309e+01
   9.6535190e+06   4.0344238e+01
   9.6535330e+06   3.5766602e+01
   9.6535510e+06   3.9794922e+01
   9.6535670e+06   1.3317871e+02
   9.6535780e+06   4.2602539e+01
   9.6536040e+06   6.8054199e+01
   9.6536270e+06   4.5959473e+01
   9.6536410e+06   5.8410645e+01
   9.6536570e+06   7.1472168e+01
   9.6536890e+06   4.7851563e+01
   9.6537290e+06   7.0434570e+01
   9.6537620e+06   3.6132813e+01
   9.6537750e+06   3.9367676e+01
   9.6537880e+06   3.4301758e+01
   9.6538180e+06   3.3691406e+01
   9.6538560e+06   3.4729004e+01
   9.6538860e+06   3.3874512e+01
   9.6539240e+06   3.4240723e+01
   9.6539890e+06   3.3996582e+01
   9.7171830e+06   3.7536621e+01
   9.7172420e+06   3.7353516e+01
   9.7172680e+06   3.9367676e+01
   9.7172910e+06   3.7780762e+01
   9.7173140e+06   3.6560059e+01
   9.7173300e+06   4.4006348e+01
   9.7173540e+06   6.8603516e+01
   9.7173890e+06   8.3740234e+01
   9.7174060e+06   5.3710938e+01
   9.7174470e+06   3.4057617e+01
   9.7174640e+06   5.3161621e+01
   9.7174790e+06   4.3518066e+01
   9.7175050e+06   5.1452637e+01
   9.7175370e+06   4.1137695e+01
   9.7175500e+06   4.3762207e+01
   9.7175910e+06   3.5644531e+01
   9.8233540e+06   3.4790039e+01
   9.8243610e+06   3.2592773e+01
   9.8245710e+06   3.3752441e+01
   9.8249180e+06   4.1687012e+01
   9.8249970e+06   3.6499023e+01
   9.8252410e+06   3.4790039e+01
   9.8253230e+06   3.4118652e+01
   9.9656420e+06   3.5156250e+01
   9.9657720e+06   3.4606934e+01
   9.9658030e+06   3.7109375e+01
   9.9659480e+06   3.3691406e+01
   9.9660980e+06   3.3142090e+01
   9.9665480e+06   3.4362793e+01
   9.9672500e+06   3.2775879e+01
   1.0008315e+07   3.6132813e+01
   1.0008351e+07   1.2390137e+02
   1.0008374e+07   3.9672852e+01
   1.0008386e+07   4.9743652e+01
   1.0008399e+07   4.8950195e+01
   1.0008420e+07   4.2419434e+01
   1.0008437e+07   3.7414551e+01
   1.0008459e+07   7.9101563e+01
   1.0008498e+07   8.4594727e+01
   1.0008508e+07   4.5166016e+01
   1.0008534e+07   5.0292969e+01
   1.0008593e+07   3.5278320e+01
   1.0008626e+07   4.0405273e+01
   1.0008637e+07   3.7841797e+01
   1.0008722e+07   3.6926270e+01
   1.0056523e+07   3.3569336e+01
   1.0056912e+07   3.3264160e+01
   1.0057127e+07   3.4179688e+01
   1.0057195e+07   5.7922363e+01
   1.0057221e+07   1.2500000e+02
   1.0057242e+07   3.6987305e+01
   1.0057254e+07   3.9855957e+01
   1.0057293e+07   3.7292480e+01
   1.0057304e+07   3.3325195e+01
   1.0057330e+07   4.3823242e+01
   1.0057344e+07   9.8083496e+01
   1.0057369e+07   4.8583984e+01
   1.0057420e+07   3.2470703e+01
   1.0057448e+07   3.6376953e+01
   1.0057479e+07   6.4697266e+01
   1.0057517e+07   3.7231445e+01
   1.0057531e+07   3.3569336e+01
   1.0057754e+07   3.4667969e+01
   1.0269043e+07   3.3935547e+01
   1.0269085e+07   3.2653809e+01
   1.0358088e+07   3.3447266e+01
   1.0358115e+07   4.4555664e+01
   1.0358125e+07   5.6945801e+01
   1.0358135e+07   1.3781738e+02
   1.0358170e+07   6.0424805e+01
   1.0358193e+07   3.5583496e+01
   1.0358215e+07   5.1086426e+01
   1.0358232e+07   6.8237305e+01
   1.0358269e+07   4.0588379e+01
   1.0358291e+07   4.9011230e+01
   1.0358312e+07   5.7067871e+01
   1.0358333e+07   4.5227051e+01
   1.0358358e+07   4.5104980e+01
   1.0358373e+07   3.9978027e+01
   1.0358399e+07   3.7292480e+01
   1.0358440e+07   3.5644531e+01
   1.0437550e+07   3.8513184e+01
   1.0437858e+07   3.8635254e+01
   1.0438549e+07   3.4484863e+01
   1.0438713e+07   3.7414551e+01
   1.0438763e+07   3.7353516e+01
   1.0439323e+07   3.4912109e+01
   1.0531143e+07   3.6254883e+01
   1.0531165e+07   3.3508301e+01
   1.0531192e+07   1.2261963e+02
   1.0531204e+07   5.7189941e+01
   1.0531244e+07   6.1706543e+01
   1.0531264e+07   4.3212891e+01
   1.0531293e+07   6.4331055e+01
   1.0531311e+07   5.9753418e+01
   1.0531333e+07   4.5471191e+01
   1.0531348e+07   3.2775879e+01
   1.0531372e+07   4.1137695e+01
   1.0531393e+07   4.4555664e+01
   1.0531418e+07   4.4860840e+01
   1.0531436e+07   5.9082031e+01
   1.0531476e+07   4.3762207e+01
   1.0531612e+07   3.2470703e+01
   1.0531779e+07   6.3110352e+01
   1.0605023e+07   3.8085938e+01
   1.0805690e+07   3.5095215e+01
   1.0805707e+07   3.8574219e+01
   1.0805727e+07   9.6313477e+01
   1.0805750e+07   4.1259766e+01
   1.0805775e+07   4.4921875e+01
   1.0805797e+07   8.3312988e+01
   1.0805811e+07   4.2602539e+01
   1.0805826e+07   4.1259766e+01
   1.0805845e+07   4.3762207e+01
   1.0805868e+07   3.6804199e+01
   1.0805911e+07   4.9987793e+01
   1.0805930e+07   3.6132813e+01
   1.0805941e+07   3.2592773e+01
   1.0805969e+07   4.2175293e+01
   1.0806042e+07   3.8940430e+01
   1.0806084e+07   3.7048340e+01
   1.0806266e+07   4.8583984e+01
   1.0964609e+07   3.3447266e+01
   1.0964629e+07   3.6682129e+01
   1.0964641e+07   3.5034180e+01
   1.0964671e+07   1.0980225e+02
   1.0964684e+07   4.0405273e+01
   1.0964714e+07   8.0322266e+01
   1.0964735e+07   3.4729004e+01
   1.0964749e+07   1.0858154e+02
   1.0964781e+07   3.6437988e+01
   1.0964807e+07   4.2968750e+01
   1.0964838e+07   5.3344727e+01
   1.0964865e+07   4.7668457e+01
   1.0964887e+07   4.5288086e+01
   1.0964909e+07   3.2897949e+01
   1.0964952e+07   3.4667969e+01
   1.0965029e+07   3.8818359e+01
   1.0965334e+07   4.3029785e+01
   1.1122377e+07   3.5949707e+01
   1.1122630e+07   3.8635254e+01
   1.1122717e+07   3.6315918e+01
   1.1123017e+07   3.9550781e+01
   1.1123092e+07   3.9306641e+01
   1.1123131e+07   3.2653809e+01
   1.1123231e+07   3.3691406e+01
   1.1123282e+07   4.1442871e+01
   1.1123350e+07   4.3090820e+01
   1.1221582e+07   3.4912109e+01
   1.1221601e+07   3.7902832e+01
   1.1221628e+07   4.7302246e+01
   1.1221642e+07   1.2133789e+02
   1.1221664e+07   3.5522461e+01
   1.1221680e+07   3.8635254e+01
   1.1221715e+07   7.8796387e+01
   1.1221726e+07   4.1259766e+01
   1.1221761e+07   6.1340332e+01
   1.1221786e+07   5.5419922e+01
   1.1221801e+07   4.1076660e+01
   1.1221817e+07   3.7353516e+01
   1.1221835e+07   4.6203613e+01
   1.1221857e+07   3.6193848e+01
   1.1221898e+07   3.7414551e+01
   1.1222060e+07   3.4606934e+01
   1.1279936e+07   1.1572266e+02
   1.1349119e+07   3.5217285e+01
   1.1349228e+07   3.3142090e+01
   1.1349261e+07   3.7353516e+01
   1.1349288e+07   4.6691895e+01
   1.1349303e+07   1.4440918e+02
   1.1349325e+07   5.0231934e+01
   1.1349337e+07   4.5349121e+01
   1.1349355e+07   3.3630371e+01
   1.1349383e+07   9.8144531e+01
   1.1349408e+07   5.4504395e+01
   1.1349425e+07   3.4057617e+01
   1.1349452e+07   5.5297852e+01
   1.1349478e+07   4.3945313e+01
   1.1349510e+07   3.8513184e+01
   1.1349538e+07   3.4912109e+01
   1.1349574e+07   4.4067383e+01
   1.1349617e+07   3.6254883e+01
   1.1349696e+07   4.1748047e+01
   1.1349858e+07   3.7292480e+01
   1.1623398e+07   3.4912109e+01
   1.1623425e+07   1.1914063e+02
   1.1623438e+07   6.3659668e+01
   1.1623453e+07   3.6499023e+01
   1.1623472e+07   5.5847168e+01
   1.1623486e+07   7.0800781e+01
   1.1623508e+07   8.6608887e+01
   1.1623529e+07   3.9794922e+01
   1.1623555e+07   6.1401367e+01
   1.1623573e+07   3.2958984e+01
   1.1623595e+07   4.6630859e+01
   1.1623618e+07   5.4016113e+01
   1.1623631e+07   3.4179688e+01
   1.1623652e+07   4.5043945e+01
   1.1623711e+07   4.3640137e+01
   1.1623754e+07   3.3691406e+01
   1.1623809e+07   4.1015625e+01
   1.1624037e+07   3.5583496e+01
   1.1668934e+07   1.2847900e+02
   1.1680027e+07   3.5827637e+01
   1.1680056e+07   1.3696289e+02
   1.1680066e+07   3.4973145e+01
   1.1680080e+07   6.1645508e+01
   1.1680111e+07   4.7973633e+01
   1.1680126e+07   5.0781250e+01
   1.1680153e+07   5.4199219e+01
   1.1680185e+07   4.4311523e+01
   1.1680205e+07   4.1442871e+01
   1.1680221e+07   3.7414551e+01
   1.1680231e+07   3.5217285e+01
   1.1680250e+07   3.3691406e+01
   1.1680269e+07   3.9733887e+01
   1.1680299e+07   3.4057617e+01
   1.1680332e+07   4.7424316e+01
   1.1680371e+07   3.6254883e+01
   1.1680391e+07   3.2531738e+01
   1.1680421e+07   3.8574219e+01
   1.1680615e+07   3.9489746e+01
   1.1751161e+07   3.9245605e+01
   1.1820271e+07   4.3579102e+01
   1.1821512e+07   3.5461426e+01
   1.1821525e+07   4.2419434e+01
   1.1821685e+07   3.4912109e+01
   1.1821720e+07   3.2653809e+01
   1.1821831e+07   3.3142090e+01
   1.1822013e+07   3.3447266e+01
   1.1912591e+07   3.4118652e+01
   1.1912618e+07   1.0681152e+02
   1.1912647e+07   4.0405273e+01
   1.1912679e+07   4.1076660e+01
   1.1912700e+07   8.0871582e+01
   1.1912713e+07   6.0180664e+01
   1.1912747e+07   3.7414551e+01
   1.1912769e+07   6.2744141e+01
   1.1912783e+07   3.3386230e+01
   1.1912815e+07   3.4484863e+01
   1.1912871e+07   4.2541504e+01
   1.1912950e+07   3.6926270e+01
   1.1913224e+07   3.8269043e+01
   1.1957828e+07   3.2958984e+01
   1.1957850e+07   3.9550781e+01
   1.1957865e+07   1.1035156e+02
   1.1957880e+07   4.7668457e+01
   1.1957899e+07   6.2744141e+01
   1.1957926e+07   3.4912109e+01
   1.1957940e+07   6.6284180e+01
   1.1957958e+07   4.2968750e+01
   1.1957988e+07   4.6081543e+01
   1.1958010e+07   4.2297363e+01
   1.1958022e+07   4.1076660e+01
   1.1958053e+07   4.5654297e+01
   1.1958067e+07   5.8105469e+01
   1.1958089e+07   3.7841797e+01
   1.1958114e+07   3.9184570e+01
