   1.1996000e+07   0.0000000e+00
   1.3825800e+05   8.0078125e+01
   1.3828200e+05   4.0344238e+01
   1.3829600e+05   6.7382813e+01
   1.3832200e+05   4.2358398e+01
   1.3835400e+05   2.5451660e+02
   1.3836900e+05   4.4250488e+01
   1.3841300e+05   8.5693359e+01
   1.3843400e+05   4.3457031e+01
   1.3846800e+05   4.5837402e+01
   1.3854900e+05   4.2785645e+01
   1.3875400e+05   9.7229004e+01
   1.3889000e+05   8.6181641e+01
   1.3890600e+05   3.7475586e+01
   1.4791700e+05   5.1574707e+01
   1.4795900e+05   3.1402588e+02
   1.4797000e+05   3.7170410e+01
   1.4799900e+05   4.7607422e+01
   1.4803600e+05   2.0935059e+02
   1.4805000e+05   5.4260254e+01
   1.4807300e+05   3.8391113e+01
   1.4809800e+05   1.0009766e+02
   1.4811100e+05   4.0466309e+01
   1.4817200e+05   4.5654297e+01
   1.4819000e+05   3.6010742e+01
   1.4827400e+05   3.6010742e+01
   1.4838700e+05   3.4240723e+01
   1.4842200e+05   3.6376953e+01
   1.4869800e+05   4.8889160e+01
   1.4885200e+05   3.6254883e+01
   1.4913400e+05   4.1442871e+01
   2.0001800e+05   6.6406250e+01
   2.0006000e+05   3.6590576e+02
   2.0007100e+05   4.6386719e+01
   2.0009100e+05   3.7536621e+01
   2.0012300e+05   1.9274902e+02
   2.0013500e+05   4.0466309e+01
   2.0018400e+05   3.6010742e+01
   2.0019600e+05   7.4340820e+01
   2.0024300e+05   5.1513672e+01
   2.0059300e+05   3.4790039e+01
   2.0072400e+05   3.4301758e+01
   2.0092800e+05   3.5217285e+01
   2.0108400e+05   6.9396973e+01
   2.0124400e+05   3.4057617e+01
   2.0128500e+05   3.5461426e+01
   2.5994200e+05   5.5541992e+01
   2.5996800e+05   2.8112793e+02
   2.5997800e+05   5.7678223e+01
   2.6001400e+05   4.5349121e+01
   2.6004000e+05   1.8762207e+02
   2.6005500e+05   4.7851563e+01
   2.6008000e+05   4.0588379e+01
   2.6010800e+05   6.7565918e+01
   2.6016100e+05   3.5400391e+01
   2.6026400e+05   3.9733887e+01
   2.6035600e+05   3.5583496e+01
   2.6037200e+05   3.6132813e+01
   2.6047200e+05   5.5053711e+01
   2.6067200e+05   7.1960449e+01
   2.6085000e+05   1.0137939e+02
   2.6154700e+05   3.4118652e+01
   3.0990500e+05   3.5949707e+01
   3.0994300e+05   6.1462402e+01
   3.0995600e+05   3.0755615e+02
   3.0999000e+05   4.1625977e+01
   3.1001900e+05   1.8652344e+02
   3.1003000e+05   4.8522949e+01
   3.1005600e+05   5.0354004e+01
   3.1008100e+05   1.1309814e+02
   3.1012400e+05   3.5461426e+01
   3.1015400e+05   4.1809082e+01
   3.1019600e+05   3.4851074e+01
   3.1021500e+05   4.1503906e+01
   3.1028500e+05   3.5339355e+01
   3.1054600e+05   4.4433594e+01
   3.5699400e+05   3.6987305e+01
   3.5702900e+05   2.7996826e+02
   3.5704100e+05   5.3894043e+01
   3.5706100e+05   3.8513184e+01
   3.5708900e+05   1.9488525e+02
   3.5712500e+05   4.3640137e+01
   3.5715300e+05   6.7626953e+01
   3.5723000e+05   4.6936035e+01
   3.5728600e+05   3.4362793e+01
   3.5735300e+05   3.4729004e+01
   3.5742400e+05   4.1198730e+01
   3.5870000e+05   1.6973877e+02
   3.5949600e+05   3.6315918e+01
   5.1620000e+05   3.8696289e+01
   5.1621500e+05   4.2968750e+01
   5.1624100e+05   3.2672119e+02
   5.1625200e+05   3.5339355e+01
   5.1627800e+05   4.4738770e+01
   5.1630800e+05   1.6204834e+02
   5.1635500e+05   4.7790527e+01
   5.1636700e+05   7.1105957e+01
   5.1638000e+05   3.9794922e+01
   5.1642600e+05   4.2419434e+01
   5.1647600e+05   3.7658691e+01
   5.1666700e+05   1.0168457e+02
   5.1680800e+05   1.1260986e+02
   5.7084000e+05   3.5339355e+01
   5.7085300e+05   5.8654785e+01
   5.7087800e+05   3.6804199e+01
   5.7088900e+05   9.9792480e+01
   5.7091900e+05   3.9306641e+01
   5.7095700e+05   1.9476318e+02
   5.7097700e+05   3.8757324e+01
   5.7098700e+05   3.8879395e+01
   5.7104000e+05   1.0125732e+02
   5.7106600e+05   3.4667969e+01
   5.7109200e+05   3.9672852e+01
   5.7128000e+05   9.0393066e+01
   5.7146500e+05   7.4645996e+01
   6.4964900e+05   3.9733887e+01
   6.4966100e+05   5.8166504e+01
   6.4968200e+05   4.2968750e+01
   6.4969300e+05   3.1414795e+02
   6.4973100e+05   3.5095215e+01
   6.4976300e+05   2.1258545e+02
   6.4978300e+05   3.7902832e+01
   6.4982600e+05   1.1834717e+02
   6.4983700e+05   3.7353516e+01
   6.4988500e+05   5.4992676e+01
   6.4998900e+05   3.5583496e+01
   7.7674500e+05   5.0109863e+01
   7.7675700e+05   3.6865234e+01
   7.7677600e+05   3.5888672e+01
   7.7680200e+05   5.4565430e+01
   7.7681600e+05   2.0031738e+02
   7.7683500e+05   4.4250488e+01
   7.7686100e+05   5.0231934e+01
   7.7688700e+05   7.9956055e+01
   7.7695600e+05   4.7180176e+01
   7.7698800e+05   4.2297363e+01
   7.7701500e+05   3.5766602e+01
   8.3569200e+05   3.4545898e+01
   8.3571800e+05   3.4606934e+01
   8.3572800e+05   5.9814453e+01
   8.3577400e+05   3.1781006e+02
   8.3578500e+05   3.7780762e+01
   8.3581400e+05   5.8166504e+01
   8.3584300e+05   1.6265869e+02
   8.3587400e+05   3.7658691e+01
   8.3591300e+05   4.0344238e+01
   8.3592500e+05   8.2946777e+01
   8.3597900e+05   3.4362793e+01
   8.3638300e+05   1.0266113e+02
   8.3652300e+05   1.1785889e+02
   9.0265400e+05   5.0231934e+01
   9.0268000e+05   4.3029785e+01
   9.0269000e+05   3.0786133e+02
   9.0270500e+05   3.7414551e+01
   9.0274300e+05   4.6020508e+01
   9.0276400e+05   1.9116211e+02
   9.0282500e+05   3.9916992e+01
   9.0286000e+05   5.9509277e+01
   9.0343700e+05   1.1975098e+02
   9.6400000e+05   7.2509766e+01
   9.6404000e+05   2.6617432e+02
   9.6405400e+05   3.7170410e+01
   9.6407500e+05   4.3273926e+01
   9.6411100e+05   1.7663574e+02
   9.6412400e+05   4.9133301e+01
   9.6416500e+05   4.0100098e+01
   9.6419100e+05   4.3518066e+01
   9.6422300e+05   4.2724609e+01
   9.6424200e+05   5.7495117e+01
   9.6449800e+05   5.8654785e+01
   9.6460600e+05   3.6560059e+01
   9.6462500e+05   3.7963867e+01
   9.6476700e+05   5.3466797e+01
   1.0191320e+06   3.4729004e+01
   1.0191550e+06   4.5532227e+01
   1.0191770e+06   3.3557129e+02
   1.0191870e+06   4.2175293e+01
   1.0192060e+06   4.6997070e+01
   1.0192390e+06   2.1582031e+02
   1.0192540e+06   3.9428711e+01
   1.0193090e+06   9.5520020e+01
   1.0193440e+06   3.5217285e+01
   1.0193780e+06   5.1208496e+01
   1.0199770e+06   4.9377441e+01
   1.1605330e+06   4.9621582e+01
   1.1605600e+06   2.9071045e+02
   1.1605860e+06   4.8828125e+01
   1.1606250e+06   3.7414551e+01
   1.1606470e+06   4.3151855e+01
   1.1606750e+06   4.1748047e+01
   1.1607010e+06   8.6791992e+01
   1.1607300e+06   3.9611816e+01
   1.2250100e+06   4.2053223e+01
   1.2251930e+06   3.4301758e+01
   1.2253350e+06   3.4118652e+01
   1.2253570e+06   3.3331299e+02
   1.2253700e+06   4.6508789e+01
   1.2253950e+06   5.0781250e+01
   1.2254330e+06   2.0013428e+02
   1.2254470e+06   4.4799805e+01
   1.2254910e+06   7.2753906e+01
   1.2255090e+06   4.9377441e+01
   1.2255270e+06   3.9916992e+01
   1.2255610e+06   3.4118652e+01
   1.2256050e+06   3.4912109e+01
   1.2256220e+06   5.3161621e+01
   1.3046090e+06   3.4179688e+01
   1.3059220e+06   2.8302002e+02
   1.3059330e+06   5.3039551e+01
   1.3061170e+06   3.4790039e+01
   1.3061650e+06   3.8574219e+01
   1.3061820e+06   3.8208008e+01
   1.3062580e+06   3.4057617e+01
   1.3064520e+06   2.0410156e+02
   1.3064640e+06   3.5278320e+01
   1.3065700e+06   1.1083984e+02
   1.3066360e+06   4.4067383e+01
   1.3067080e+06   1.4422607e+02
   1.3067750e+06   3.4179688e+01
   1.3068380e+06   1.0247803e+02
   1.3068590e+06   3.6682129e+01
   1.3070370e+06   1.1132812e+02
   1.3070510e+06   4.1137695e+01
   1.3072700e+06   1.6790771e+02
   1.3072850e+06   3.8513184e+01
   1.3336440e+06   3.3935547e+01
   1.3336700e+06   6.1767578e+01
   1.3336950e+06   3.7963867e+01
   1.3337180e+06   3.2330322e+02
   1.3337330e+06   4.3090820e+01
   1.3337750e+06   3.5217285e+01
   1.3337950e+06   4.9682617e+01
   1.3338330e+06   3.7353516e+01
   1.3338490e+06   7.7148437e+01
   1.3339190e+06   3.5034180e+01
   1.3339580e+06   6.4514160e+01
   1.3340590e+06   4.0893555e+01
   1.3850830e+06   3.4790039e+01
   1.3851120e+06   6.4086914e+01
   1.3851540e+06   2.9498291e+02
   1.3851650e+06   4.7058105e+01
   1.3852190e+06   2.0098877e+02
   1.3852360e+06   4.2175293e+01
   1.3853110e+06   1.0717773e+02
   1.3853620e+06   3.4423828e+01
   1.3854240e+06   3.7475586e+01
   1.3855750e+06   5.2246094e+01
   1.3858080e+06   3.6865234e+01
   1.4297490e+06   5.3283691e+01
   1.4298030e+06   5.3466797e+01
   1.4298140e+06   3.6254883e+01
   1.4298370e+06   3.9306641e+01
   1.4298660e+06   3.8757324e+01
   1.4298810e+06   3.7109375e+01
   1.4299360e+06   1.0845947e+02
   1.4299490e+06   3.5034180e+01
   1.4300460e+06   5.4077148e+01
   1.4301020e+06   3.4240723e+01
   1.4302080e+06   6.5490723e+01
   1.4303090e+06   4.9438477e+01
   1.5960350e+06   4.1748047e+01
   1.5960590e+06   3.4625244e+02
   1.5960720e+06   3.6376953e+01
   1.5961330e+06   3.6926270e+01
   1.5961430e+06   1.9958496e+02
   1.5961760e+06   4.3884277e+01
   1.5962050e+06   3.9367676e+01
   1.5962270e+06   8.6120605e+01
   1.5962380e+06   3.5217285e+01
   1.5962700e+06   3.7963867e+01
   1.5963350e+06   4.4067383e+01
   1.5965250e+06   9.9487305e+01
   1.5967790e+06   1.2896729e+02
   1.6726750e+06   4.7790527e+01
   1.6727040e+06   5.7373047e+01
   1.6727170e+06   4.2602539e+01
   1.6727420e+06   4.6997070e+01
   1.6727650e+06   3.7536621e+01
   1.6727900e+06   4.0466309e+01
   1.6728000e+06   2.0776367e+02
   1.6728390e+06   3.8085938e+01
   1.6728720e+06   1.3958740e+02
   1.6728890e+06   4.4860840e+01
   1.6730390e+06   3.5827637e+01
   1.7194100e+06   4.9865723e+01
   1.7194320e+06   3.7292480e+01
   1.7194700e+06   3.4155273e+02
   1.7194800e+06   3.5888672e+01
   1.7195180e+06   3.4973145e+01
   1.7195370e+06   1.9073486e+02
   1.7195500e+06   4.6813965e+01
   1.7195790e+06   3.6926270e+01
   1.7196040e+06   4.2480469e+01
   1.7196270e+06   1.2231445e+02
   1.7196410e+06   4.1198730e+01
   1.7197100e+06   3.6743164e+01
   1.9437150e+06   3.5522461e+01
   1.9836330e+06   6.8359375e+01
   1.9836770e+06   3.4875488e+02
   1.9836910e+06   4.3090820e+01
   1.9837100e+06   4.0893555e+01
   1.9837450e+06   6.6650391e+01
   1.9837990e+06   4.3090820e+01
   1.9838130e+06   9.8449707e+01
   1.9838630e+06   3.5583496e+01
   1.9839170e+06   3.4301758e+01
   1.9840680e+06   9.7717285e+01
   1.9840860e+06   3.4423828e+01
   1.9842050e+06   1.1260986e+02
   1.9843780e+06   1.0388184e+02
   2.0454570e+06   2.8289795e+02
   2.0454680e+06   4.9804687e+01
   2.0455050e+06   6.8176270e+01
   2.0455270e+06   1.7303467e+02
   2.0455430e+06   4.8339844e+01
   2.0455840e+06   4.6508789e+01
   2.0456280e+06   3.9367676e+01
   2.0456420e+06   4.0100098e+01
   2.0456950e+06   3.8757324e+01
   2.0457470e+06   3.5644531e+01
   2.0457870e+06   3.5766602e+01
   2.0459390e+06   3.5034180e+01
   2.0847980e+06   3.5461426e+01
   2.0848130e+06   3.1390381e+02
   2.0848280e+06   4.6875000e+01
   2.0848490e+06   4.4067383e+01
   2.0848800e+06   4.8645020e+01
   2.0849030e+06   3.6376953e+01
   2.0849230e+06   3.8879395e+01
   2.0849540e+06   7.2509766e+01
   2.0849880e+06   3.9062500e+01
   2.0850150e+06   3.4851074e+01
   2.0850350e+06   4.1381836e+01
   2.0857990e+06   8.1848145e+01
   2.0868150e+06   4.1931152e+01
   2.0869000e+06   3.3996582e+01
   2.1409260e+06   3.8696289e+01
   2.1409540e+06   5.3466797e+01
   2.1409880e+06   3.3428955e+02
   2.1409980e+06   5.6579590e+01
   2.1410380e+06   4.2297363e+01
   2.1410500e+06   2.0501709e+02
   2.1410820e+06   4.7607422e+01
   2.1411050e+06   5.7250977e+01
   2.1411770e+06   4.3029785e+01
   2.1412210e+06   3.7536621e+01
   2.1419950e+06   4.1564941e+01
   2.1434710e+06   3.6560059e+01
   2.1900840e+06   5.0598145e+01
   2.1901160e+06   2.9638672e+02
   2.1901270e+06   3.8696289e+01
   2.1901390e+06   4.4616699e+01
   2.1901750e+06   1.8310547e+02
   2.1901860e+06   5.0415039e+01
   2.1902250e+06   3.6682129e+01
   2.1902430e+06   8.6730957e+01
   2.1902560e+06   4.0527344e+01
   2.1903030e+06   3.8330078e+01
   2.1907190e+06   3.8269043e+01
   2.1913320e+06   1.0882568e+02
   2.1913490e+06   4.1503906e+01
   2.1921090e+06   3.6743164e+01
   2.2411340e+06   4.6508789e+01
   2.2411530e+06   7.0800781e+01
   2.2411770e+06   5.0842285e+01
   2.2411910e+06   5.6945801e+01
   2.2412040e+06   3.5705566e+01
   2.2412380e+06   1.9934082e+02
   2.2413000e+06   9.8876953e+01
   2.2413170e+06   4.2785645e+01
   2.2413580e+06   4.3090820e+01
   2.2413870e+06   3.6010742e+01
   2.2416520e+06   3.5400391e+01
   2.2426060e+06   1.3323975e+02
   2.2430220e+06   1.7486572e+02
   2.2433280e+06   3.4118652e+01
   2.5162620e+06   3.2836914e+02
   2.5162900e+06   4.8339844e+01
   2.5163410e+06   2.3168945e+02
   2.5163560e+06   4.0161133e+01
   2.5163840e+06   4.4555664e+01
   2.5164150e+06   1.7816162e+02
   2.5164290e+06   4.4250488e+01
   2.5164650e+06   5.5358887e+01
   2.5164760e+06   7.9223633e+01
   2.5165280e+06   3.5156250e+01
   2.5165450e+06   4.0283203e+01
   2.5168740e+06   6.2377930e+01
   2.5366720e+06   8.0200195e+01
   2.5367100e+06   4.3518066e+01
   2.5367230e+06   6.2377930e+01
   2.5367330e+06   4.0222168e+01
   2.5367590e+06   6.8237305e+01
   2.5367700e+06   4.2114258e+01
   2.5367950e+06   2.1594238e+02
   2.5368250e+06   4.3518066e+01
   2.5368560e+06   3.9306641e+01
   2.5368760e+06   1.4898682e+02
   2.5369120e+06   3.7109375e+01
   2.5369380e+06   3.7597656e+01
   2.5369510e+06   7.3852539e+01
   2.5372030e+06   1.5936279e+02
   2.5813780e+06   5.5175781e+01
   2.5814150e+06   3.0786133e+02
   2.5814260e+06   4.9194336e+01
   2.5814560e+06   4.4799805e+01
   2.5814850e+06   2.0794678e+02
   2.5815010e+06   5.2185059e+01
   2.5815510e+06   9.0759277e+01
   2.5815920e+06   4.6569824e+01
   2.5816200e+06   3.7963867e+01
   2.5817370e+06   3.6193848e+01
   2.6668380e+06   4.3945312e+01
   2.6668490e+06   3.4240723e+01
   2.6668850e+06   2.9699707e+02
   2.6668980e+06   3.5583496e+01
   2.6669390e+06   4.0344238e+01
   2.6669560e+06   4.0466309e+01
   2.6669750e+06   1.9470215e+02
   2.6670010e+06   3.7841797e+01
   2.6670280e+06   8.5510254e+01
   2.6670750e+06   3.5888672e+01
   2.6671120e+06   3.9611816e+01
   2.6673180e+06   1.4776611e+02
   2.6674450e+06   1.3403320e+02
   2.7135880e+06   4.0161133e+01
   2.7136160e+06   3.3142090e+02
   2.7136260e+06   4.6936035e+01
   2.7136730e+06   3.8452148e+01
   2.7136930e+06   4.4921875e+01
   2.7137460e+06   1.1553955e+02
   2.7138210e+06   6.1279297e+01
   2.7138310e+06   6.7504883e+01
   2.7140010e+06   1.1370850e+02
   2.7649180e+06   3.9184570e+01
   2.7649450e+06   3.2867432e+02
   2.7649580e+06   4.1992188e+01
   2.7650140e+06   2.0587158e+02
   2.7650340e+06   3.7963867e+01
   2.7650580e+06   3.9672852e+01
   2.7650810e+06   1.2725830e+02
   2.7651510e+06   3.5400391e+01
   2.7651630e+06   4.9011230e+01
   2.7652350e+06   3.6010742e+01
   2.7653060e+06   4.9682617e+01
   2.7653950e+06   3.8574219e+01
   2.7655420e+06   3.6376953e+01
   2.8706870e+06   5.5297852e+01
   2.8707030e+06   3.3789063e+02
   2.8707140e+06   3.8757324e+01
   2.8707330e+06   3.7841797e+01
   2.8707540e+06   5.1208496e+01
   2.8707780e+06   2.1472168e+02
   2.8707920e+06   4.3762207e+01
   2.8708480e+06   1.0449219e+02
   2.8709130e+06   5.8044434e+01
   2.8709540e+06   3.6743164e+01
   2.8709860e+06   3.7475586e+01
   2.9528860e+06   3.5522461e+01
   2.9530030e+06   3.6376953e+01
   2.9531290e+06   4.2724609e+01
   2.9533190e+06   5.5541992e+01
   2.9535050e+06   2.1899414e+02
   2.9535180e+06   4.0954590e+01
   2.9536320e+06   3.7231445e+01
   2.9536490e+06   3.6376953e+01
   2.9538320e+06   1.7950439e+02
   2.9538460e+06   5.0048828e+01
   2.9540550e+06   1.4080811e+02
   2.9540670e+06   3.7231445e+01
   2.9541800e+06   9.6557617e+01
   2.9541970e+06   3.6560059e+01
   2.9544310e+06   7.0312500e+01
   2.9544460e+06   3.8330078e+01
   2.9547110e+06   3.8269043e+01
   3.1937780e+06   4.4555664e+01
   3.1937970e+06   3.4667969e+01
   3.1938160e+06   3.3551025e+02
   3.1938370e+06   3.9916992e+01
   3.1938960e+06   1.8280029e+02
   3.1939350e+06   4.6142578e+01
   3.1939590e+06   1.0986328e+02
   3.1940000e+06   3.8146973e+01
   3.2056360e+06   8.4045410e+01
   3.2056800e+06   3.5278320e+01
   3.2056950e+06   3.1982422e+02
   3.2057090e+06   4.0100098e+01
   3.2057810e+06   2.4780273e+02
   3.2058420e+06   3.4057617e+01
   3.2058660e+06   1.3781738e+02
   3.2058850e+06   3.7048340e+01
   3.2060430e+06   3.6010742e+01
   3.2060530e+06   3.5522461e+01
   3.2061080e+06   1.3848877e+02
   3.2516870e+06   4.7119141e+01
   3.2517040e+06   4.4860840e+01
   3.2517300e+06   6.9519043e+01
   3.2517410e+06   3.7353516e+01
   3.2517990e+06   7.8369141e+01
   3.2518120e+06   4.0405273e+01
   3.2518330e+06   3.5278320e+01
   3.2518680e+06   1.1474609e+02
   3.2518890e+06   3.4484863e+01
   3.2519620e+06   3.4301758e+01
   3.2535980e+06   3.5156250e+01
   3.2874510e+06   3.7109375e+01
   3.2874720e+06   2.9949951e+02
   3.2874860e+06   4.8400879e+01
   3.2875260e+06   3.4851074e+01
   3.2875390e+06   2.0550537e+02
   3.2875680e+06   4.1992188e+01
   3.2876210e+06   1.0937500e+02
   3.2876370e+06   3.8330078e+01
   3.2876800e+06   5.9326172e+01
   3.2877110e+06   3.6682129e+01
   3.2877650e+06   4.2175293e+01
   3.2879710e+06   1.0736084e+02
   3.3380540e+06   4.2419434e+01
   3.3380800e+06   8.0688477e+01
   3.3380930e+06   4.6264648e+01
   3.3381080e+06   3.9794922e+01
   3.3381380e+06   2.1472168e+02
   3.3381560e+06   5.7556152e+01
   3.3382180e+06   8.6242676e+01
   3.3382660e+06   4.1198730e+01
   3.3383480e+06   4.1198730e+01
   3.3385120e+06   1.0028076e+02
   3.3386640e+06   8.3374023e+01
   3.3388660e+06   1.1340332e+02
   3.3887210e+06   2.6251221e+02
   3.3887320e+06   3.8696289e+01
   3.3888460e+06   2.2790527e+02
   3.3888630e+06   3.5095215e+01
   3.3889670e+06   1.9427490e+02
   3.3889790e+06   3.5095215e+01
   3.3890630e+06   1.3751221e+02
   3.3892480e+06   1.2969971e+02
   3.3892640e+06   6.0241699e+01
   3.3893670e+06   1.0260010e+02
   3.3893840e+06   3.7048340e+01
   3.3895030e+06   6.7626953e+01
   3.3895240e+06   3.7170410e+01
   3.3896170e+06   8.6303711e+01
   3.3897190e+06   4.6997070e+01
   3.3898330e+06   5.5969238e+01
   3.3899770e+06   4.4616699e+01
   3.3901080e+06   4.8095703e+01
   3.3901260e+06   3.7414551e+01
   3.3902770e+06   8.1787109e+01
   3.3908150e+06   1.8719482e+02
   3.4952670e+06   5.5541992e+01
   3.4967530e+06   5.4504395e+01
   3.4967680e+06   4.4189453e+01
   3.4969000e+06   3.5949707e+01
   3.4969200e+06   3.8146973e+01
   3.4972060e+06   2.1350098e+02
   3.4972210e+06   4.0039063e+01
   3.4974220e+06   1.6998291e+02
   3.4974380e+06   4.2663574e+01
   3.4976410e+06   1.5258789e+02
   3.4982750e+06   1.8664551e+02
   3.4982880e+06   4.0832520e+01
   3.5327700e+06   5.3161621e+01
   3.5327860e+06   4.6325684e+01
   3.5328120e+06   7.9956055e+01
   3.5328370e+06   4.0344238e+01
   3.5328870e+06   1.8933105e+02
   3.5329080e+06   3.6315918e+01
   3.5329340e+06   3.9489746e+01
   3.5329580e+06   3.9916992e+01
   3.5329760e+06   4.2785645e+01
   3.5330310e+06   3.5705566e+01
   3.5883540e+06   3.4851074e+01
   3.5883790e+06   4.2907715e+01
   3.5884070e+06   4.3457031e+01
   3.5884200e+06   4.6936035e+01
   3.5884390e+06   2.9364014e+02
   3.5884520e+06   3.9611816e+01
   3.5884810e+06   4.1809082e+01
   3.5885140e+06   2.0343018e+02
   3.5885370e+06   5.0109863e+01
   3.5885590e+06   4.6813965e+01
   3.5885980e+06   1.1511230e+02
   3.5887010e+06   3.7475586e+01
   3.5890310e+06   3.9611816e+01
   3.6261680e+06   4.8034668e+01
   3.6262280e+06   5.0476074e+01
   3.6262430e+06   5.2673340e+01
   3.6262750e+06   4.5654297e+01
   3.6263040e+06   1.8493652e+02
   3.6263190e+06   3.7963867e+01
   3.6264070e+06   1.5942383e+02
   3.6264440e+06   4.0039063e+01
   3.6264590e+06   4.0283203e+01
   3.9216630e+06   4.8889160e+01
   3.9216960e+06   6.1767578e+01
   3.9217100e+06   3.5217285e+01
   3.9217350e+06   4.1015625e+01
   3.9217680e+06   1.8029785e+02
   3.9217850e+06   3.8391113e+01
   3.9218290e+06   6.0607910e+01
   3.9218490e+06   4.8339844e+01
   3.9218830e+06   4.0710449e+01
   3.9218930e+06   4.0466309e+01
   3.9221100e+06   1.5643311e+02
   3.9222840e+06   1.2268066e+02
   3.9328070e+06   3.8757324e+01
   3.9880340e+06   3.6804199e+01
   3.9880500e+06   5.7800293e+01
   3.9880900e+06   2.9876709e+02
   3.9881020e+06   3.6682129e+01
   3.9881260e+06   3.4118652e+01
   3.9881380e+06   5.9020996e+01
   3.9881610e+06   1.9299316e+02
   3.9881840e+06   4.2480469e+01
   3.9882180e+06   1.0711670e+02
   3.9882320e+06   4.2419434e+01
   3.9882670e+06   4.1870117e+01
   3.9883040e+06   3.8757324e+01
   3.9884960e+06   1.3287354e+02
   3.9886730e+06   1.0632324e+02
   4.0323310e+06   5.1269531e+01
   4.0323670e+06   3.0810547e+02
   4.0323960e+06   3.6926270e+01
   4.0324440e+06   3.8146973e+01
   4.0324600e+06   4.1564941e+01
   4.0324720e+06   3.9794922e+01
   4.0325090e+06   8.6791992e+01
   4.0325250e+06   3.8208008e+01
   4.0325460e+06   4.4921875e+01
   4.0325840e+06   4.1870117e+01
   4.0325950e+06   3.7841797e+01
   4.0326570e+06   3.4118652e+01
   4.0328230e+06   4.3579102e+01
   4.0332010e+06   4.7912598e+01
   4.0758050e+06   4.7424316e+01
   4.0758370e+06   4.5959473e+01
   4.0758570e+06   4.6630859e+01
   4.0758710e+06   4.7790527e+01
   4.0758830e+06   3.8879395e+01
   4.0759100e+06   2.1008301e+02
   4.0759200e+06   4.3884277e+01
   4.0759770e+06   1.0095215e+02
   4.0760210e+06   4.4799805e+01
   4.0760500e+06   3.4484863e+01
   4.0760880e+06   3.5522461e+01
   4.1140330e+06   4.8645020e+01
   4.1140490e+06   5.0781250e+01
   4.1140820e+06   3.1671143e+02
   4.1141180e+06   4.9865723e+01
   4.1141480e+06   1.8371582e+02
   4.1141590e+06   4.2053223e+01
   4.1141720e+06   3.6926270e+01
   4.1142150e+06   4.9316406e+01
   4.1142300e+06   5.0354004e+01
   4.1142620e+06   4.6325684e+01
   4.1142930e+06   3.5705566e+01
   4.1147370e+06   3.6437988e+01
   4.2795740e+06   8.2031250e+01
   4.2795870e+06   4.7973633e+01
   4.2796320e+06   4.0100098e+01
   4.2796730e+06   2.1075439e+02
   4.2796910e+06   4.0039063e+01
   4.2797080e+06   3.5461426e+01
   4.2797400e+06   8.9111328e+01
   4.2797600e+06   4.8889160e+01
   4.2797700e+06   3.6010742e+01
   4.2798020e+06   3.5888672e+01
   4.2798290e+06   6.4453125e+01
   4.2799700e+06   3.4851074e+01
   4.2800580e+06   3.6254883e+01
   4.3893870e+06   4.8889160e+01
   4.3894030e+06   2.8759766e+02
   4.3894170e+06   4.7485352e+01
   4.3894490e+06   5.9387207e+01
   4.3894730e+06   2.1356201e+02
   4.3894870e+06   4.9560547e+01
   4.3895340e+06   1.3775635e+02
   4.3895500e+06   3.6682129e+01
   4.3895690e+06   3.4667969e+01
   4.3895960e+06   4.1076660e+01
   4.3896140e+06   3.4057617e+01
   4.4818900e+06   3.5888672e+01
   4.4819190e+06   4.0954590e+01
   4.4819350e+06   2.8533936e+02
   4.4819490e+06   5.4199219e+01
   4.4820170e+06   3.9306641e+01
   4.4820360e+06   4.4006348e+01
   4.4820980e+06   1.0955811e+02
   4.4821510e+06   3.4545898e+01
   4.4821880e+06   3.9672852e+01
   4.4823970e+06   3.7414551e+01
   4.5678750e+06   4.4555664e+01
   4.5679090e+06   4.1320801e+01
   4.5679220e+06   3.9062500e+01
   4.5679720e+06   3.8635254e+01
   4.5679820e+06   2.2363281e+02
   4.5680470e+06   1.2609863e+02
   4.5681120e+06   4.0527344e+01
   4.5681450e+06   3.4912109e+01
   4.5682370e+06   3.5827637e+01
   4.5684220e+06   5.8166504e+01
   4.6527360e+06   3.1994629e+02
   4.6527510e+06   3.4118652e+01
   4.6528610e+06   4.6936035e+01
   4.6528800e+06   4.7180176e+01
   4.6529770e+06   1.3769531e+02
   4.6529910e+06   3.9245605e+01
   4.6530680e+06   5.2429199e+01
   4.6531680e+06   7.8063965e+01
   4.6531840e+06   5.0231934e+01
   4.6532680e+06   7.9345703e+01
   4.6534460e+06   1.7114258e+02
   4.6534620e+06   4.2724609e+01
   4.6535330e+06   8.8500977e+01
   4.6535520e+06   3.5461426e+01
   4.6536430e+06   7.7392578e+01
   4.6538010e+06   4.5837402e+01
   4.6539270e+06   3.6437988e+01
   4.6540490e+06   3.5949707e+01
   4.6541240e+06   4.0832520e+01
   4.6544370e+06   5.1269531e+01
   4.6547300e+06   1.5631104e+02
   4.6547460e+06   4.5654297e+01
   4.8434520e+06   3.4362793e+01
   4.8434970e+06   3.5443115e+02
   4.8435100e+06   3.4790039e+01
   4.8435300e+06   3.9062500e+01
   4.8435800e+06   4.6508789e+01
   4.8435990e+06   3.6315918e+01
   4.8436150e+06   3.5583496e+01
   4.8436310e+06   4.0771484e+01
   4.8436660e+06   4.7058105e+01
   4.8436770e+06   5.9143066e+01
   4.9023880e+06   5.4931641e+01
   4.9024190e+06   3.5644531e+01
   4.9024540e+06   6.7260742e+01
   4.9025030e+06   4.4311523e+01
   4.9025360e+06   3.6376953e+01
   4.9025480e+06   2.2131348e+02
   4.9026100e+06   3.5034180e+01
   4.9421690e+06   4.2968750e+01
   4.9425360e+06   6.1767578e+01
   4.9425510e+06   5.4382324e+01
   4.9427030e+06   3.7902832e+01
   4.9429750e+06   2.0220947e+02
   4.9429900e+06   3.5156250e+01
   4.9431630e+06   1.5997314e+02
   4.9431780e+06   3.7475586e+01
   4.9432660e+06   1.1547852e+02
   4.9434180e+06   1.0827637e+02
   4.9434320e+06   4.0527344e+01
   4.9435290e+06   7.4584961e+01
   4.9435470e+06   4.1992188e+01
   4.9436380e+06   6.4208984e+01
   4.9436570e+06   3.6926270e+01
   4.9437630e+06   1.0089111e+02
   4.9437820e+06   3.4484863e+01
   4.9439190e+06   7.0312500e+01
   4.9441250e+06   1.2408447e+02
   5.0377730e+06   3.3935547e+01
   5.0377970e+06   3.3374023e+02
   5.0378080e+06   3.6437988e+01
   5.0378370e+06   4.2297363e+01
   5.0378770e+06   1.9854736e+02
   5.0378900e+06   3.9916992e+01
   5.0379310e+06   3.4057617e+01
   5.0379430e+06   1.0400391e+02
   5.0379800e+06   3.9978027e+01
   5.0380080e+06   4.6875000e+01
   5.0380250e+06   3.4851074e+01
   5.0859820e+06   3.4301758e+01
   5.0860380e+06   3.0487061e+02
   5.0860490e+06   3.6071777e+01
   5.0861520e+06   3.9245605e+01
   5.0861660e+06   4.2724609e+01
   5.0862500e+06   1.5472412e+02
   5.0862680e+06   3.5888672e+01
   5.0863200e+06   6.1401367e+01
   5.0863700e+06   3.4362793e+01
   5.0866770e+06   3.4790039e+01
   5.3546180e+06   5.7373047e+01
   5.3546470e+06   3.0609131e+02
   5.3546580e+06   4.9011230e+01
   5.3546750e+06   3.7292480e+01
   5.3547090e+06   3.8391113e+01
   5.3547330e+06   3.8635254e+01
   5.3547600e+06   4.1748047e+01
   5.3547700e+06   5.0354004e+01
   5.3547960e+06   3.4057617e+01
   5.3548190e+06   1.1096191e+02
   5.3548480e+06   3.8879395e+01
   5.3727230e+06   3.8391113e+01
   5.3732130e+06   2.6208496e+02
   5.3734410e+06   4.1198730e+01
   5.3734580e+06   3.5827637e+01
   5.3735630e+06   3.9672852e+01
   5.3736080e+06   3.6315918e+01
   5.3738480e+06   2.0794678e+02
   5.3738600e+06   3.7109375e+01
   5.3740190e+06   1.8890381e+02
   5.3741540e+06   1.5258789e+02
   5.3741700e+06   3.8696289e+01
   5.3743120e+06   1.0797119e+02
   5.3743290e+06   3.9855957e+01
   5.3744190e+06   3.6926270e+01
   5.3746150e+06   9.4177246e+01
   5.3747790e+06   1.3964844e+02
   5.3749810e+06   1.3024902e+02
   5.4223630e+06   5.2917480e+01
   5.4223920e+06   3.5705566e+01
   5.4224120e+06   2.9223633e+02
   5.4224260e+06   5.4687500e+01
   5.4224580e+06   4.3090820e+01
   5.4224860e+06   2.0281982e+02
   5.4225050e+06   4.3518066e+01
   5.4225560e+06   9.1857910e+01
   5.4225840e+06   3.4118652e+01
   5.4226300e+06   4.3579102e+01
   5.4628370e+06   7.1105957e+01
   5.4628720e+06   2.7819824e+02
   5.4628840e+06   5.9448242e+01
   5.4629200e+06   3.8818359e+01
   5.4629470e+06   1.8432617e+02
   5.4629610e+06   3.3996582e+01
   5.4630170e+06   1.1303711e+02
   5.4630640e+06   3.8940430e+01
   5.4630970e+06   6.3659668e+01
   5.4632380e+06   1.2341309e+02
   5.4633840e+06   1.1248779e+02
   5.5116330e+06   4.8950195e+01
   5.5116690e+06   2.9962158e+02
   5.5116820e+06   4.0649414e+01
   5.5117030e+06   4.4921875e+01
   5.5117460e+06   1.8646240e+02
   5.5117700e+06   3.4240723e+01
   5.5118300e+06   8.7402344e+01
   5.5118930e+06   3.9428711e+01
   5.5120820e+06   6.9091797e+01
   5.5122660e+06   1.1798096e+02
   5.5138860e+06   3.7475586e+01
   5.5140170e+06   3.3935547e+01
   5.6091240e+06   3.5644531e+01
   5.6091850e+06   2.7081299e+02
   5.6091970e+06   4.7607422e+01
   5.6094280e+06   2.8454590e+02
   5.6095410e+06   2.2186279e+02
   5.6095550e+06   4.1259766e+01
   5.6098240e+06   1.8237305e+02
   5.6098360e+06   3.6743164e+01
   5.6099610e+06   1.5246582e+02
   5.6100980e+06   1.2438965e+02
   5.6101640e+06   3.4729004e+01
   5.6103100e+06   1.5930176e+02
   5.6104850e+06   1.1206055e+02
   5.6108380e+06   1.9543457e+02
   5.6108510e+06   3.5705566e+01
   5.6110890e+06   1.7608643e+02
   5.6817380e+06   5.0048828e+01
   5.6817520e+06   3.5156250e+01
   5.6827010e+06   4.9926758e+01
   5.6827170e+06   4.0771484e+01
   5.6828340e+06   2.0111084e+02
   5.6828470e+06   4.0405273e+01
   5.6831190e+06   2.0532227e+02
   5.6831330e+06   4.0527344e+01
   5.6832950e+06   1.9470215e+02
   5.6833120e+06   4.1870117e+01
   5.6834240e+06   1.0888672e+02
   5.6836130e+06   3.6437988e+01
   5.6841480e+06   2.1618652e+02
   5.8422880e+06   3.6865234e+01
   5.8423170e+06   3.6376953e+01
   5.8423340e+06   3.5626221e+02
   5.8424000e+06   2.1002197e+02
   5.8424170e+06   4.1015625e+01
   5.8424510e+06   4.7363281e+01
   5.8424750e+06   3.5034180e+01
   5.8424940e+06   3.4667969e+01
   5.8425800e+06   3.5339355e+01
   5.8908340e+06   3.5644531e+01
   5.8908670e+06   6.5979004e+01
   5.8908820e+06   5.6396484e+01
   5.8909230e+06   3.9062500e+01
   5.8909540e+06   2.1826172e+02
   5.8909690e+06   4.9865723e+01
   5.8910050e+06   3.3935547e+01
   5.8910320e+06   1.0180664e+02
   5.8910600e+06   4.0527344e+01
   5.8910730e+06   4.0771484e+01
   5.8911260e+06   3.4179688e+01
   5.8912120e+06   3.4606934e+01
   5.9470220e+06   5.8105469e+01
   5.9470390e+06   3.6682129e+01
   5.9470700e+06   3.3013916e+02
   5.9470880e+06   4.4189453e+01
   5.9471160e+06   3.6254883e+01
   5.9471370e+06   4.5898438e+01
   5.9471520e+06   3.8330078e+01
   5.9472050e+06   3.6071777e+01
   5.9472190e+06   3.8635254e+01
   5.9472400e+06   4.1503906e+01
   5.9473070e+06   3.5583496e+01
   5.9475990e+06   6.8786621e+01
   5.9477960e+06   4.7485352e+01
   5.9964650e+06   5.5541992e+01
   5.9964890e+06   3.4423828e+01
   5.9965150e+06   6.3293457e+01
   5.9965270e+06   4.8339844e+01
   5.9965470e+06   4.1137695e+01
   5.9965780e+06   5.3466797e+01
   5.9965930e+06   4.5654297e+01
   5.9966420e+06   8.8439941e+01
   5.9966670e+06   3.4729004e+01
   5.9967040e+06   3.4729004e+01
   6.0416260e+06   3.9367676e+01
   6.0416380e+06   3.6743164e+01
   6.0416770e+06   2.8295898e+02
   6.0416890e+06   4.2358398e+01
   6.0417000e+06   3.5278320e+01
   6.0417200e+06   3.8330078e+01
   6.0417470e+06   2.1917725e+02
   6.0417580e+06   4.2968750e+01
   6.0417950e+06   4.0222168e+01
   6.0418240e+06   1.0528564e+02
   6.0418550e+06   4.0527344e+01
   6.0419240e+06   4.1748047e+01
   6.0419730e+06   3.4057617e+01
   6.0420910e+06   5.4321289e+01
   6.0421710e+06   3.6071777e+01
   6.0421990e+06   3.6437988e+01
   6.0422380e+06   8.3007813e+01
   6.0423940e+06   8.0078125e+01
   6.0426570e+06   5.3466797e+01
   6.0431960e+06   3.4240723e+01
   6.1688540e+06   3.5156250e+01
   6.1690080e+06   5.3649902e+01
   6.1690240e+06   3.6071777e+01
   6.1692120e+06   2.4932861e+02
   6.1694380e+06   2.2381592e+02
   6.1694510e+06   3.5095215e+01
   6.1695390e+06   1.3909912e+02
   6.1696490e+06   1.1090088e+02
   6.1697590e+06   8.6547852e+01
   6.1699030e+06   4.2663574e+01
   6.1699210e+06   4.1503906e+01
   6.1699980e+06   5.6030273e+01
   6.1700310e+06   3.4545898e+01
   6.1701430e+06   7.9895020e+01
   6.1701550e+06   3.4118652e+01
   6.1702810e+06   6.7443848e+01
   6.1702990e+06   3.5217285e+01
   6.1704200e+06   7.8369141e+01
   6.1705840e+06   5.3344727e+01
   6.2633560e+06   3.7048340e+01
   6.2633730e+06   3.5522461e+01
   6.2634150e+06   2.8576660e+02
   6.2634290e+06   3.6865234e+01
   6.2634790e+06   3.9306641e+01
   6.2635090e+06   5.1513672e+01
   6.2635310e+06   4.0893555e+01
   6.2635750e+06   1.1962891e+02
   6.4295800e+06   5.5908203e+01
   6.4296180e+06   3.8330078e+01
   6.4296510e+06   5.1879883e+01
   6.4296740e+06   3.6926270e+01
   6.4297130e+06   5.7861328e+01
   6.4297260e+06   1.8780518e+02
   6.4297710e+06   4.4982910e+01
   6.4297850e+06   9.1552734e+01
   6.4298870e+06   3.5766602e+01
   6.4826230e+06   2.8851318e+02
   6.4828360e+06   5.6701660e+01
   6.4828560e+06   3.4790039e+01
   6.4831220e+06   2.1923828e+02
   6.4831370e+06   4.0039063e+01
   6.4831840e+06   3.9306641e+01
   6.4834320e+06   2.0452881e+02
   6.4834450e+06   3.9367676e+01
   6.4836060e+06   3.5339355e+01
   6.4836480e+06   1.9097900e+02
   6.4837910e+06   1.6528320e+02
   6.4838050e+06   3.8879395e+01
   6.4839140e+06   1.2542725e+02
   6.4840900e+06   1.4508057e+02
   6.4842260e+06   1.0528564e+02
   6.4843720e+06   9.5031738e+01
   6.4843860e+06   3.5705566e+01
   6.4845560e+06   1.4361572e+02
   6.4846960e+06   9.6130371e+01
   6.4847130e+06   3.4912109e+01
   6.4849560e+06   1.5179443e+02
   6.4856820e+06   2.0239258e+02
   6.4856940e+06   3.7597656e+01
   6.6008580e+06   5.7922363e+01
   6.6008710e+06   3.4057617e+01
   6.6009040e+06   2.7264404e+02
   6.6009180e+06   4.1259766e+01
   6.6009790e+06   2.0068359e+02
   6.6009960e+06   4.5715332e+01
   6.6010310e+06   6.6955566e+01
   6.6010710e+06   4.7607422e+01
   6.6013290e+06   9.1064453e+01
   6.6014680e+06   1.1102295e+02
   6.6469580e+06   6.5185547e+01
   6.6469810e+06   3.9245605e+01
   6.6470050e+06   2.9449463e+02
   6.6470170e+06   4.3395996e+01
   6.6470400e+06   3.4851074e+01
   6.6470910e+06   4.4738770e+01
   6.6471560e+06   3.9794922e+01
   6.6471690e+06   8.1848145e+01
   6.6952800e+06   3.5339355e+01
   6.6952990e+06   5.8349609e+01
   6.6953220e+06   3.5766602e+01
   6.6953490e+06   3.2513428e+02
   6.6953650e+06   4.3640137e+01
   6.6954280e+06   5.7250977e+01
   6.6954940e+06   3.5766602e+01
   6.6955070e+06   1.2414551e+02
   6.6956420e+06   4.7973633e+01
   6.9133480e+06   3.7231445e+01
   6.9133720e+06   2.8125000e+02
   6.9133820e+06   5.3955078e+01
   6.9134290e+06   4.6142578e+01
   6.9134410e+06   1.8328857e+02
   6.9134780e+06   3.5827637e+01
   6.9134980e+06   1.1090088e+02
   6.9135190e+06   3.6193848e+01
   6.9138870e+06   1.1950684e+02
   6.9140890e+06   1.5820313e+02
   6.9153090e+06   3.3935547e+01
   6.9652620e+06   4.8095703e+01
   6.9653230e+06   7.0068359e+01
   6.9653350e+06   3.3996582e+01
   6.9653540e+06   3.5949707e+01
   6.9653750e+06   4.2968750e+01
   6.9653890e+06   1.9012451e+02
   6.9654010e+06   4.6203613e+01
   6.9654360e+06   3.6560059e+01
   6.9654680e+06   1.2017822e+02
   6.9655810e+06   4.6081543e+01
   7.0980120e+06   4.0222168e+01
   7.0981820e+06   4.4433594e+01
   7.0981950e+06   3.7841797e+01
   7.0984490e+06   4.3395996e+01
   7.0984640e+06   3.4606934e+01
   7.0985230e+06   3.4484863e+01
   7.0988400e+06   2.2894287e+02
   7.0988520e+06   3.5156250e+01
   7.0988930e+06   4.5471191e+01
   7.0990090e+06   2.1771240e+02
   7.0990230e+06   3.6621094e+01
   7.0991940e+06   1.9604492e+02
   7.0994200e+06   2.3553467e+02
   7.0994340e+06   3.6804199e+01
   7.0996780e+06   1.6033936e+02
   7.0998180e+06   1.0290527e+02
   7.2076900e+06   3.4606934e+01
   7.2086990e+06   3.6987305e+01
   7.2088250e+06   3.9550781e+01
   7.2090280e+06   3.7841797e+01
   7.2090410e+06   4.8828125e+01
   7.2094010e+06   4.6875000e+01
   7.2094190e+06   3.4362793e+01
   7.2095550e+06   3.3996582e+01
   7.2096850e+06   1.6717529e+02
   7.2097310e+06   3.4423828e+01
   7.2098610e+06   1.6180420e+02
   7.2098770e+06   3.6132813e+01
   7.2099540e+06   8.1054688e+01
   7.2100450e+06   3.7170410e+01
   7.2101930e+06   8.3312988e+01
   7.2103590e+06   1.3739014e+02
   7.2105520e+06   1.0485840e+02
   7.2107950e+06   1.8670654e+02
   7.2108100e+06   4.1748047e+01
   7.2272010e+06   5.8349609e+01
   7.2272220e+06   3.4729004e+01
   7.2272440e+06   2.6501465e+02
   7.2272640e+06   4.5959473e+01
   7.2273380e+06   1.7565918e+02
   7.2273520e+06   3.4667969e+01
   7.2273870e+06   3.8391113e+01
   7.2274270e+06   1.7187500e+02
   7.2274620e+06   3.4545898e+01
   7.2274880e+06   3.6071777e+01
   7.3455030e+06   5.0109863e+01
   7.3455190e+06   4.2480469e+01
   7.3455440e+06   2.8186035e+02
   7.3455560e+06   3.8574219e+01
   7.3455840e+06   3.5583496e+01
   7.3456260e+06   2.1246338e+02
   7.3456430e+06   4.7302246e+01
   7.3457150e+06   9.2285156e+01
   7.3457390e+06   3.9367676e+01
   7.5026510e+06   3.6132813e+01
   7.5026700e+06   3.8146973e+01
   7.5026980e+06   3.9001465e+01
   7.5027170e+06   6.8969727e+01
   7.5027340e+06   4.3884277e+01
   7.5027760e+06   4.6936035e+01
   7.5027890e+06   4.9499512e+01
   7.5028030e+06   7.5561523e+01
   7.5028550e+06   3.8452148e+01
   7.5028730e+06   4.9865723e+01
   7.5028990e+06   3.5888672e+01
   7.5031100e+06   3.4118652e+01
   7.5032660e+06   5.5786133e+01
   7.5322760e+06   3.4057617e+01
   7.7078550e+06   2.9449463e+02
   7.7078670e+06   3.9123535e+01
   7.7078970e+06   3.4667969e+01
   7.7081570e+06   2.2338867e+02
   7.7081710e+06   3.4484863e+01
   7.7085680e+06   3.5278320e+01
   7.7088760e+06   2.6086426e+02
   7.7088900e+06   4.5654297e+01
   7.7090660e+06   1.9696045e+02
   7.7091240e+06   3.6560059e+01
   7.7092900e+06   1.9488525e+02
   7.7094530e+06   1.6040039e+02
   7.7094740e+06   3.6193848e+01
   7.7095740e+06   1.1718750e+02
   7.7095870e+06   3.4362793e+01
   7.7098070e+06   1.6717529e+02
   7.7098230e+06   3.8818359e+01
   7.7104570e+06   1.8035889e+02
   7.7104720e+06   3.8208008e+01
   7.8145030e+06   4.3823242e+01
   7.8145640e+06   3.4869385e+02
   7.8145930e+06   4.0893555e+01
   7.8146230e+06   3.5034180e+01
   7.8146370e+06   2.2576904e+02
   7.8146570e+06   4.8461914e+01
   7.8146890e+06   4.3823242e+01
   7.8147020e+06   9.9426270e+01
   7.8147240e+06   4.3457031e+01
   7.8147720e+06   4.3334961e+01
   7.8148870e+06   3.4973145e+01
   7.8150050e+06   1.7773438e+02
   7.9190970e+06   4.1381836e+01
   7.9191110e+06   3.9367676e+01
   7.9192480e+06   2.3608398e+02
   7.9192620e+06   3.9001465e+01
   7.9193470e+06   1.3861084e+02
   7.9194590e+06   1.0211182e+02
   7.9194920e+06   3.5583496e+01
   7.9195620e+06   1.1907959e+02
   7.9196720e+06   6.6223145e+01
   7.9197620e+06   4.5288086e+01
   7.9199820e+06   3.4301758e+01
   7.9203550e+06   3.8085938e+01
   7.9205540e+06   4.9682617e+01
   8.0285570e+06   6.9580078e+01
   8.0285800e+06   3.0627441e+02
   8.0285900e+06   4.9011230e+01
   8.0286370e+06   4.1381836e+01
   8.0286640e+06   2.1496582e+02
   8.0286760e+06   4.3701172e+01
   8.0287050e+06   4.0405273e+01
   8.0287320e+06   4.7546387e+01
   8.0287470e+06   8.6669922e+01
   8.0288080e+06   3.7048340e+01
   8.0785690e+06   2.3693848e+02
   8.0785830e+06   4.5776367e+01
   8.0786300e+06   1.8725586e+02
   8.0786430e+06   5.0170898e+01
   8.0786860e+06   3.9855957e+01
   8.0786970e+06   9.5214844e+01
   8.0787170e+06   3.7536621e+01
   8.0787370e+06   4.1198730e+01
   8.0787540e+06   5.7312012e+01
   8.0787790e+06   3.7414551e+01
   8.0788100e+06   4.1503906e+01
   8.0788670e+06   3.8024902e+01
   8.0792290e+06   3.4484863e+01
   8.3652970e+06   4.8217773e+01
   8.3653100e+06   3.1359863e+02
   8.3653230e+06   4.4738770e+01
   8.3653730e+06   2.2625732e+02
   8.3653980e+06   4.4250488e+01
   8.3654150e+06   3.8635254e+01
   8.3654400e+06   3.5644531e+01
   8.3654530e+06   4.9865723e+01
   8.3654760e+06   3.9428711e+01
   8.3655160e+06   5.0537109e+01
   8.3655660e+06   4.0405273e+01
   8.4238590e+06   6.3598633e+01
   8.4238830e+06   3.0114746e+02
   8.4238990e+06   6.0424805e+01
   8.4239430e+06   5.8349609e+01
   8.4239600e+06   5.7373047e+01
   8.4240190e+06   1.2030029e+02
   8.4240330e+06   3.7475586e+01
   8.4240710e+06   4.4677734e+01
   8.4240820e+06   3.6682129e+01
   8.4241110e+06   3.6560059e+01
   8.5350650e+06   4.2846680e+01
   8.5350820e+06   3.4057617e+01
   8.5351770e+06   5.1574707e+01
   8.5351910e+06   4.0893555e+01
   8.5354070e+06   2.2729492e+02
   8.5360310e+06   2.4993896e+02
   8.5361790e+06   1.8389893e+02
   8.5361930e+06   4.2968750e+01
   8.5362380e+06   3.6987305e+01
   8.5363030e+06   1.6656494e+02
   8.5364390e+06   1.6241455e+02
   8.5365330e+06   5.0292969e+01
   8.5366240e+06   4.3212891e+01
   8.5367470e+06   3.4362793e+01
   8.6521880e+06   5.4565430e+01
   8.6522140e+06   3.1225586e+02
   8.6522340e+06   5.7312012e+01
   8.6522450e+06   4.3701172e+01
   8.6522920e+06   2.0544434e+02
   8.6523040e+06   4.0588379e+01
   8.6523480e+06   3.9123535e+01
   8.6523650e+06   1.1212158e+02
   8.7621930e+06   5.8654785e+01
   8.7622260e+06   6.5917969e+01
   8.7622430e+06   4.1809082e+01
   8.7622640e+06   3.6804199e+01
   8.7622880e+06   2.0721436e+02
   8.7623210e+06   3.5644531e+01
   8.7623380e+06   8.7829590e+01
   8.7623790e+06   5.1757813e+01
   8.7624220e+06   3.5522461e+01
   8.8139970e+06   3.4790039e+01
   8.8140310e+06   5.5480957e+01
   8.8140710e+06   5.1391602e+01
   8.8140810e+06   7.0251465e+01
   8.8141120e+06   3.6010742e+01
   8.8141260e+06   5.7128906e+01
   8.8141460e+06   2.1679688e+02
   8.8141580e+06   3.6865234e+01
   8.8141720e+06   5.0170898e+01
   8.8142110e+06   8.0688477e+01
   8.8143170e+06   3.5461426e+01
   8.8707980e+06   3.5339355e+01
   8.8708240e+06   5.3100586e+01
   8.8708610e+06   3.0560303e+02
   8.8709190e+06   5.3100586e+01
   8.8709430e+06   4.2846680e+01
   8.8709750e+06   5.7556152e+01
   8.8710010e+06   1.0089111e+02
   8.8710850e+06   3.6621094e+01
   8.8712860e+06   1.2463379e+02
   8.8714480e+06   1.2890625e+02
   8.9305560e+06   4.5898438e+01
   8.9305690e+06   4.1320801e+01
   8.9306570e+06   2.5103760e+02
   8.9307440e+06   3.6621094e+01
   8.9308230e+06   7.6599121e+01
   8.9309290e+06   1.0980225e+02
   8.9310200e+06   6.5185547e+01
   8.9310930e+06   3.6926270e+01
   8.9316680e+06   3.6926270e+01
   8.9319240e+06   9.4360352e+01
   8.9320460e+06   6.2011719e+01
   8.9322050e+06   7.6354980e+01
   8.9323590e+06   8.5083008e+01
   9.0766650e+06   3.3618164e+02
   9.0766770e+06   3.7353516e+01
   9.0767050e+06   5.8471680e+01
   9.0767410e+06   2.2662354e+02
   9.0768010e+06   1.1541748e+02
   9.0768220e+06   4.0649414e+01
   9.0768570e+06   3.5217285e+01
   9.0768720e+06   5.6640625e+01
   9.2767650e+06   3.6254883e+01
   9.2768350e+06   2.2222900e+02
   9.2768460e+06   4.4738770e+01
   9.2768810e+06   3.8879395e+01
   9.2768960e+06   1.1199951e+02
   9.2769640e+06   5.0231934e+01
   9.2773300e+06   3.5400391e+01
   9.2775200e+06   8.5327148e+01
   9.3343820e+06   3.8269043e+01
   9.3348450e+06   2.8356934e+02
   9.3348600e+06   4.0039063e+01
   9.3349520e+06   4.3029785e+01
   9.3349680e+06   3.6254883e+01
   9.3350510e+06   1.6485596e+02
   9.3351410e+06   1.1560059e+02
   9.3353090e+06   1.2969971e+02
   9.3353230e+06   4.4921875e+01
   9.3354000e+06   9.1491699e+01
   9.3355610e+06   8.0993652e+01
   9.3356510e+06   4.8767090e+01
   9.3357440e+06   3.5400391e+01
   9.3358510e+06   3.5827637e+01
   9.3359640e+06   3.5217285e+01
   9.3361510e+06   9.1430664e+01
   9.3362810e+06   6.3171387e+01
   9.3364020e+06   5.3344727e+01
   9.3368150e+06   1.5545654e+02
   9.3805030e+06   6.0913086e+01
   9.3805170e+06   4.2907715e+01
   9.3806460e+06   4.3029785e+01
   9.3806620e+06   3.8330078e+01
   9.3807790e+06   1.6369629e+02
   9.3810160e+06   1.4373779e+02
   9.3810320e+06   4.2846680e+01
   9.3811840e+06   1.3848877e+02
   9.3813880e+06   1.0565186e+02
   9.3814940e+06   6.8176270e+01
   9.3816130e+06   5.3161621e+01
   9.3817680e+06   9.3322754e+01
   9.3817910e+06   3.5339355e+01
   9.3820700e+06   9.7534180e+01
   9.3823850e+06   4.2846680e+01
   9.3823990e+06   3.4851074e+01
   9.5917910e+06   2.8747559e+02
   9.5918020e+06   3.7475586e+01
   9.5919460e+06   3.4362793e+01
   9.5919750e+06   2.4951172e+02
   9.5919910e+06   4.5288086e+01
   9.5920610e+06   4.1809082e+01
   9.5920960e+06   3.4973145e+01
   9.5921070e+06   2.0013428e+02
   9.5921320e+06   3.4851074e+01
   9.5921750e+06   3.5827637e+01
   9.5921880e+06   1.3000488e+02
   9.5922300e+06   3.4973145e+01
   9.5922780e+06   3.4484863e+01
   9.5922930e+06   6.7565918e+01
   9.6535390e+06   4.5288086e+01
   9.6535530e+06   3.0310059e+02
   9.6535630e+06   4.5593262e+01
   9.6536190e+06   4.1564941e+01
   9.6536410e+06   2.0379639e+02
   9.6536660e+06   3.5888672e+01
   9.6537110e+06   1.1193848e+02
   9.6537400e+06   3.5522461e+01
   9.7172170e+06   5.0354004e+01
   9.7172320e+06   5.6884766e+01
   9.7172790e+06   4.5288086e+01
   9.7172910e+06   1.9409180e+02
   9.7173070e+06   4.3273926e+01
   9.7173380e+06   4.7485352e+01
   9.7173510e+06   7.5439453e+01
   9.7173760e+06   5.6518555e+01
   9.7174210e+06   3.9489746e+01
   9.7174400e+06   5.2429199e+01
   9.7174750e+06   3.4973145e+01
   9.7175460e+06   4.0649414e+01
   9.7177360e+06   8.3923340e+01
   9.7178750e+06   4.7424316e+01
   9.7178980e+06   3.6621094e+01
   9.8245390e+06   4.2297363e+01
   9.8245550e+06   4.0405273e+01
   9.8247170e+06   5.2978516e+01
   9.8248960e+06   3.7414551e+01
   9.8250130e+06   1.2719727e+02
   9.8250290e+06   4.7546387e+01
   9.8250970e+06   8.2763672e+01
   9.8251770e+06   6.6894531e+01
   9.8252280e+06   4.0466309e+01
   9.8252680e+06   3.4362793e+01
   9.8253860e+06   3.5156250e+01
   9.8258740e+06   3.5095215e+01
   9.8262320e+06   8.8439941e+01
   9.9651470e+06   3.6987305e+01
   9.9656180e+06   5.3771973e+01
   9.9656340e+06   3.4973145e+01
   9.9657360e+06   3.5644531e+01
   9.9657610e+06   4.2175293e+01
   9.9658320e+06   4.6447754e+01
   9.9659300e+06   4.2236328e+01
   9.9666490e+06   3.9306641e+01
   9.9668650e+06   2.4249268e+02
   9.9668800e+06   4.1137695e+01
   9.9672540e+06   2.0111084e+02
   9.9672700e+06   4.0954590e+01
   9.9674230e+06   1.4355469e+02
   9.9676080e+06   1.3214111e+02
   9.9676210e+06   3.8696289e+01
   1.0008318e+07   4.2907715e+01
   1.0008346e+07   4.3457031e+01
   1.0008365e+07   2.8723145e+02
   1.0008390e+07   5.0170898e+01
   1.0008412e+07   3.9123535e+01
   1.0008439e+07   1.9531250e+02
   1.0008463e+07   3.5156250e+01
   1.0008530e+07   3.4179688e+01
   1.0008566e+07   1.1138916e+02
   1.0008626e+07   3.9245605e+01
   1.0056521e+07   3.4362793e+01
   1.0056758e+07   3.0493164e+02
   1.0056878e+07   3.9550781e+01
   1.0057012e+07   1.7767334e+02
   1.0057103e+07   7.7758789e+01
   1.0057197e+07   5.4870605e+01
   1.0057255e+07   3.4362793e+01
   1.0057289e+07   6.6284180e+01
   1.0057308e+07   3.5217285e+01
   1.0057363e+07   5.4443359e+01
   1.0057389e+07   3.7719727e+01
   1.0057451e+07   3.4118652e+01
   1.0057468e+07   3.5949707e+01
   1.0057486e+07   3.5522461e+01
   1.0269295e+07   3.7353516e+01
   1.0269666e+07   4.7058105e+01
   1.0269682e+07   4.4738770e+01
   1.0269854e+07   4.2480469e+01
   1.0269869e+07   3.7963867e+01
   1.0270147e+07   1.9000244e+02
   1.0270162e+07   4.4067383e+01
   1.0270268e+07   2.1002197e+02
   1.0270285e+07   3.9001465e+01
   1.0270393e+07   3.4301758e+01
   1.0270409e+07   3.7292480e+01
   1.0270604e+07   1.9018555e+02
   1.0270618e+07   3.6560059e+01
   1.0270756e+07   9.9365234e+01
   1.0270960e+07   2.0013428e+02
   1.0270975e+07   3.5827637e+01
   1.0358099e+07   3.6315918e+01
   1.0358113e+07   6.5063477e+01
   1.0358125e+07   3.6254883e+01
   1.0358136e+07   5.0781250e+01
   1.0358184e+07   2.1832275e+02
   1.0358194e+07   4.1137695e+01
   1.0358231e+07   3.4179688e+01
   1.0358247e+07   1.2725830e+02
   1.0358263e+07   3.8085938e+01
   1.0358333e+07   4.3945313e+01
   1.0358380e+07   3.9794922e+01
   1.0438331e+07   3.4606934e+01
   1.0438437e+07   4.6325684e+01
   1.0438453e+07   5.1818848e+01
   1.0438541e+07   2.1520996e+02
   1.0438687e+07   1.8719482e+02
   1.0438830e+07   1.3067627e+02
   1.0438852e+07   3.3996582e+01
   1.0438909e+07   7.2143555e+01
   1.0439343e+07   4.2907715e+01
   1.0440174e+07   5.0170898e+01
   1.0531168e+07   5.5419922e+01
   1.0531192e+07   3.7414551e+01
   1.0531219e+07   2.7740479e+02
   1.0531252e+07   5.8410645e+01
   1.0531288e+07   3.4057617e+01
   1.0531313e+07   3.7292480e+01
   1.0531369e+07   9.7473145e+01
   1.0531454e+07   3.7048340e+01
   1.0805686e+07   6.6101074e+01
   1.0805704e+07   5.3527832e+01
   1.0805716e+07   4.5654297e+01
   1.0805734e+07   4.4982910e+01
   1.0805768e+07   1.9177246e+02
   1.0805780e+07   5.1330566e+01
   1.0805796e+07   4.0893555e+01
   1.0805827e+07   1.1639404e+02
   1.0805861e+07   4.1503906e+01
   1.0964640e+07   3.1121826e+02
   1.0964650e+07   4.5227051e+01
   1.0964664e+07   4.3029785e+01
   1.0964681e+07   4.3273926e+01
   1.0964703e+07   3.4423828e+01
   1.0964772e+07   1.0369873e+02
   1.0964792e+07   3.6437988e+01
   1.0964836e+07   3.7292480e+01
   1.0964851e+07   3.6621094e+01
   1.1122411e+07   3.5278320e+01
   1.1122448e+07   2.8961182e+02
   1.1122532e+07   3.4484863e+01
   1.1122608e+07   1.2860107e+02
   1.1122679e+07   7.3059082e+01
   1.1122695e+07   3.5766602e+01
   1.1122746e+07   3.8330078e+01
   1.1122760e+07   3.9123535e+01
   1.1221609e+07   3.2501221e+02
   1.1221626e+07   5.4199219e+01
   1.1221651e+07   4.4311523e+01
   1.1221681e+07   1.8310547e+02
   1.1221695e+07   3.9672852e+01
   1.1221739e+07   4.4616699e+01
   1.1221767e+07   1.2976074e+02
   1.1221948e+07   3.6621094e+01
   1.1349202e+07   2.9394531e+02
   1.1349235e+07   4.0710449e+01
   1.1349262e+07   1.6491699e+02
   1.1349277e+07   5.5847168e+01
   1.1349313e+07   9.1247559e+01
   1.1349329e+07   3.7841797e+01
   1.1349352e+07   3.5461426e+01
   1.1349377e+07   4.5654297e+01
   1.1349457e+07   4.0954590e+01
   1.1349493e+07   3.4118652e+01
   1.1349513e+07   4.3640137e+01
   1.1623397e+07   4.9743652e+01
   1.1623412e+07   3.4667969e+01
   1.1623440e+07   2.9693604e+02
   1.1623471e+07   3.7048340e+01
   1.1623506e+07   2.0947266e+02
   1.1623555e+07   5.3466797e+01
   1.1623627e+07   3.4973145e+01
   1.1680029e+07   3.9794922e+01
   1.1680049e+07   4.4860840e+01
   1.1680076e+07   2.5592041e+02
   1.1680126e+07   5.2001953e+01
   1.1680144e+07   1.7797852e+02
   1.1680187e+07   3.4545898e+01
   1.1680244e+07   1.0821533e+02
   1.1680274e+07   3.8635254e+01
   1.1821149e+07   4.5166016e+01
   1.1821162e+07   4.2785645e+01
   1.1821275e+07   3.5705566e+01
   1.1821387e+07   1.3989258e+02
   1.1821455e+07   9.1796875e+01
   1.1821536e+07   5.8105469e+01
   1.1821622e+07   5.1696777e+01
   1.1821664e+07   3.8024902e+01
   1.1912594e+07   4.4433594e+01
   1.1912618e+07   2.9766846e+02
   1.1912635e+07   4.5288086e+01
   1.1912669e+07   3.4606934e+01
   1.1912703e+07   1.9110107e+02
   1.1912721e+07   4.7424316e+01
   1.1912748e+07   3.4790039e+01
   1.1912789e+07   3.8757324e+01
   1.1912809e+07   1.4379883e+02
   1.1957837e+07   4.4433594e+01
   1.1957871e+07   3.3996582e+01
   1.1957887e+07   3.9367676e+01
   1.1957898e+07   4.6325684e+01
   1.1957943e+07   5.1086426e+01
   1.1957964e+07   3.4423828e+01
   1.1957991e+07   3.6132813e+01
   1.1958003e+07   8.8317871e+01
   1.1958044e+07   3.7475586e+01
   1.1958074e+07   4.6508789e+01
   1.1958330e+07   1.1621094e+02
