   1.1996000e+07   0.0000000e+00
   1.3789300e+05   3.7963867e+01
   1.3802200e+05   6.9091797e+01
   1.3808600e+05   1.0528564e+02
   1.3811100e+05   3.7536621e+01
   1.3816500e+05   5.3344727e+01
   1.3817800e+05   3.8818359e+01
   1.3827400e+05   6.2438965e+01
   1.3833600e+05   3.6437988e+01
   1.3842000e+05   3.9489746e+01
   1.3873900e+05   3.7658691e+01
   1.4801600e+05   3.9672852e+01
   1.4805500e+05   4.1015625e+01
   1.4807000e+05   5.3894043e+01
   1.4811900e+05   9.9731445e+01
   1.4815100e+05   4.9072266e+01
   1.4819400e+05   4.2236328e+01
   1.4822000e+05   3.8757324e+01
   1.4823600e+05   5.3771973e+01
   1.4869100e+05   4.2602539e+01
   1.4892600e+05   3.8818359e+01
   1.4906600e+05   3.5949707e+01
   1.4922300e+05   3.6437988e+01
   1.4941400e+05   3.6010742e+01
   1.4997000e+05   5.5541992e+01
   1.5677500e+05   3.6682129e+01
   2.0010200e+05   4.9926758e+01
   2.0011600e+05   1.0498047e+02
   2.0014800e+05   5.4931641e+01
   2.0017500e+05   5.0292969e+01
   2.0019900e+05   3.6193848e+01
   2.0022300e+05   4.3151855e+01
   2.0024100e+05   3.6865234e+01
   2.0027900e+05   4.0649414e+01
   2.0035800e+05   3.6010742e+01
   2.6003800e+05   5.1452637e+01
   2.6010200e+05   6.9274902e+01
   2.6012500e+05   4.4311523e+01
   2.6015100e+05   4.3151855e+01
   2.6136900e+05   3.9367676e+01
   3.0996200e+05   3.9611816e+01
   3.1002700e+05   5.3955078e+01
   3.1006500e+05   3.6926270e+01
   3.1010000e+05   6.0302734e+01
   3.1014100e+05   4.0771484e+01
   3.1017900e+05   3.6071777e+01
   3.1025200e+05   4.0344238e+01
   3.5706600e+05   3.6254883e+01
   3.5709000e+05   4.7363281e+01
   3.5711400e+05   1.1737061e+02
   3.5713200e+05   4.3151855e+01
   3.5717500e+05   5.8532715e+01
   3.5721300e+05   4.1564941e+01
   3.5738700e+05   3.6499023e+01
   3.5772300e+05   3.6743164e+01
   5.1622600e+05   5.2673340e+01
   5.1626300e+05   5.3161621e+01
   5.1627900e+05   1.2036133e+02
   5.1630900e+05   3.6010742e+01
   5.1634000e+05   4.3395996e+01
   5.1636400e+05   4.5227051e+01
   5.1642100e+05   3.8269043e+01
   5.1650700e+05   3.6804199e+01
   5.7087800e+05   3.7353516e+01
   5.7093300e+05   4.7729492e+01
   5.7095000e+05   9.1857910e+01
   5.7097100e+05   4.2297363e+01
   5.7102000e+05   6.2377930e+01
   5.7111400e+05   3.6010742e+01
   5.7121700e+05   3.6437988e+01
   6.4969500e+05   6.7260742e+01
   6.4970500e+05   4.0710449e+01
   6.4973800e+05   1.0040283e+02
   6.4978500e+05   5.8044434e+01
   6.4981100e+05   4.5837402e+01
   6.4982700e+05   5.0415039e+01
   6.4984200e+05   3.6621094e+01
   6.5054000e+05   5.0659180e+01
   7.7685700e+05   4.3884277e+01
   7.7686900e+05   1.0644531e+02
   7.7689900e+05   3.9855957e+01
   7.7692800e+05   4.9133301e+01
   7.7702400e+05   4.0588379e+01
   7.7704900e+05   4.0649414e+01
   7.7740100e+05   3.6743164e+01
   8.3581000e+05   3.9672852e+01
   8.3582300e+05   4.5043945e+01
   8.3585200e+05   1.1517334e+02
   8.3586700e+05   5.1940918e+01
   8.3590400e+05   5.2978516e+01
   8.3605200e+05   3.9001465e+01
   9.0272200e+05   4.9560547e+01
   9.0277600e+05   1.0089111e+02
   9.0286200e+05   5.0842285e+01
   9.0289000e+05   3.6804199e+01
   9.0340000e+05   5.1452637e+01
   9.6399800e+05   3.8146973e+01
   9.6406600e+05   4.6875000e+01
   9.6408300e+05   1.0009766e+02
   9.6409500e+05   4.1259766e+01
   9.6412100e+05   3.7109375e+01
   9.6414400e+05   5.8837891e+01
   9.6419000e+05   3.6804199e+01
   9.6428500e+05   3.8574219e+01
   1.0191600e+06   3.7292480e+01
   1.0192190e+06   5.7373047e+01
   1.0192400e+06   9.7167969e+01
   1.0192880e+06   3.8940430e+01
   1.0193180e+06   4.0832520e+01
   1.0193490e+06   4.1564941e+01
   1.0194240e+06   3.6132813e+01
   1.0194540e+06   3.8146973e+01
   1.0195500e+06   3.7780762e+01
   1.1606310e+06   6.0302734e+01
   1.1606450e+06   1.0705566e+02
   1.1606950e+06   4.0649414e+01
   1.1607050e+06   4.9072266e+01
   1.1607280e+06   4.4738770e+01
   1.2253820e+06   4.0466309e+01
   1.2254370e+06   6.2255859e+01
   1.2254550e+06   1.0528564e+02
   1.2254670e+06   3.9611816e+01
   1.2254900e+06   4.1015625e+01
   1.2255210e+06   6.7321777e+01
   1.2255360e+06   3.9794922e+01
   1.2255730e+06   3.7353516e+01
   1.2256000e+06   3.8085938e+01
   1.2256400e+06   3.9489746e+01
   1.3337170e+06   5.9020996e+01
   1.3337680e+06   1.0742188e+02
   1.3337800e+06   3.7719727e+01
   1.3338120e+06   3.7780762e+01
   1.3338310e+06   4.1625977e+01
   1.3338530e+06   4.0527344e+01
   1.3338640e+06   3.7963867e+01
   1.3339540e+06   4.5288086e+01
   1.3851940e+06   5.9326172e+01
   1.3852200e+06   1.2756348e+02
   1.3852420e+06   4.6203613e+01
   1.3852840e+06   7.3303223e+01
   1.3853090e+06   3.7719727e+01
   1.3853540e+06   4.0527344e+01
   1.3853750e+06   3.6254883e+01
   1.3854490e+06   3.7231445e+01
   1.3861120e+06   3.6682129e+01
   1.4297540e+06   3.9184570e+01
   1.4297960e+06   7.6721191e+01
   1.4298570e+06   1.0449219e+02
   1.4299040e+06   4.2968750e+01
   1.4299560e+06   4.8278809e+01
   1.4299720e+06   4.4128418e+01
   1.4306110e+06   5.2673340e+01
   1.5961070e+06   5.9814453e+01
   1.5961430e+06   3.7536621e+01
   1.5961610e+06   4.6325684e+01
   1.5961910e+06   3.9062500e+01
   1.5962130e+06   6.6528320e+01
   1.5962660e+06   4.1748047e+01
   1.5963270e+06   4.1137695e+01
   1.5964300e+06   3.6132813e+01
   1.6727600e+06   5.6030273e+01
   1.6727860e+06   4.2236328e+01
   1.6728120e+06   8.9904785e+01
   1.6728800e+06   4.8828125e+01
   1.6729170e+06   3.6926270e+01
   1.6729990e+06   3.9489746e+01
   1.6733750e+06   4.5776367e+01
   1.7194960e+06   5.3771973e+01
   1.7195190e+06   1.1749268e+02
   1.7195440e+06   3.7475586e+01
   1.7195620e+06   3.8513184e+01
   1.7195880e+06   6.0058594e+01
   1.7196160e+06   3.9672852e+01
   1.7196290e+06   4.2175293e+01
   1.9432180e+06   6.1462402e+01
   1.9434290e+06   5.0659180e+01
   1.9436030e+06   3.7658691e+01
   1.9437850e+06   4.2053223e+01
   1.9440780e+06   3.9916992e+01
   1.9835410e+06   5.1757813e+01
   1.9835790e+06   4.6997070e+01
   1.9836000e+06   5.1940918e+01
   1.9837220e+06   3.9489746e+01
   2.0455480e+06   4.9194336e+01
   2.0455850e+06   1.1859131e+02
   2.0456030e+06   4.2236328e+01
   2.0456460e+06   4.9560547e+01
   2.0456880e+06   3.6560059e+01
   2.0458070e+06   3.5888672e+01
   2.0461340e+06   3.9062500e+01
   2.0467760e+06   4.5227051e+01
   2.0848660e+06   3.7109375e+01
   2.0848780e+06   5.8654785e+01
   2.0849140e+06   1.0064697e+02
   2.0849250e+06   3.5949707e+01
   2.0849520e+06   4.9682617e+01
   2.0850130e+06   3.7719727e+01
   2.0850580e+06   3.9855957e+01
   2.0865270e+06   4.0527344e+01
   2.0869260e+06   5.6579590e+01
   2.1410400e+06   3.7353516e+01
   2.1410610e+06   1.0418701e+02
   2.1410940e+06   4.5776367e+01
   2.1411250e+06   4.8828125e+01
   2.1411440e+06   3.8574219e+01
   2.1411880e+06   4.5532227e+01
   2.1412120e+06   3.7353516e+01
   2.1412310e+06   3.8513184e+01
   2.1427560e+06   4.2907715e+01
   2.1901680e+06   1.0394287e+02
   2.1901880e+06   3.6499023e+01
   2.1902010e+06   3.6254883e+01
   2.1902270e+06   8.5449219e+01
   2.1903300e+06   3.9672852e+01
   2.1904180e+06   3.5888672e+01
   2.1919150e+06   5.0476074e+01
   2.1922170e+06   5.2917480e+01
   2.2412220e+06   3.8574219e+01
   2.2412390e+06   1.1865234e+02
   2.2412580e+06   3.9794922e+01
   2.2412750e+06   3.9123535e+01
   2.2413020e+06   3.8452148e+01
   2.2413210e+06   4.0832520e+01
   2.2413500e+06   4.4677734e+01
   2.2414190e+06   3.6926270e+01
   2.5156010e+06   4.8950195e+01
   2.5156480e+06   3.9855957e+01
   2.5157720e+06   4.2724609e+01
   2.5158370e+06   5.4931641e+01
   2.5159960e+06   9.6557617e+01
   2.5164450e+06   8.3068848e+01
   2.5366870e+06   3.6254883e+01
   2.5367950e+06   5.2490234e+01
   2.5368210e+06   1.0681152e+02
   2.5369030e+06   4.0405273e+01
   2.5370750e+06   3.6560059e+01
   2.5814070e+06   3.8696289e+01
   2.5814640e+06   3.7536621e+01
   2.5814950e+06   1.0986328e+02
   2.5815270e+06   4.2602539e+01
   2.5815870e+06   5.8532715e+01
   2.5816740e+06   4.3273926e+01
   2.6666890e+06   3.9428711e+01
   2.6667010e+06   5.4992676e+01
   2.6667190e+06   8.8256836e+01
   2.6667320e+06   4.8278809e+01
   2.6667650e+06   5.7617188e+01
   2.6668000e+06   3.7170410e+01
   2.6669000e+06   4.1809082e+01
   2.6669370e+06   3.7231445e+01
   2.7136670e+06   6.6223145e+01
   2.7136810e+06   1.2445068e+02
   2.7138140e+06   4.5654297e+01
   2.7143030e+06   6.5979004e+01
   2.7649890e+06   4.7180176e+01
   2.7650020e+06   3.6926270e+01
   2.7650400e+06   4.2175293e+01
   2.7650520e+06   4.8767090e+01
   2.7650970e+06   5.1208496e+01
   2.7651090e+06   6.2011719e+01
   2.7651420e+06   3.6621094e+01
   2.7651940e+06   3.7475586e+01
   2.7656130e+06   5.8166504e+01
   2.8707290e+06   4.0283203e+01
   2.8707490e+06   1.0070801e+02
   2.8707750e+06   3.9245605e+01
   2.8707910e+06   3.9367676e+01
   2.8708340e+06   6.3415527e+01
   2.8708650e+06   3.6621094e+01
   2.8709100e+06   3.6804199e+01
   2.8709560e+06   3.5888672e+01
   2.8710150e+06   3.6376953e+01
   3.1047540e+06   4.1381836e+01
   3.1933830e+06   4.7241211e+01
   3.1934940e+06   3.8574219e+01
   3.1936290e+06   4.8950195e+01
   3.1936840e+06   9.0454102e+01
   3.1936990e+06   3.8146973e+01
   3.1937410e+06   4.1625977e+01
   3.1937630e+06   3.9916992e+01
   3.2057630e+06   5.0415039e+01
   3.2057750e+06   6.5124512e+01
   3.2057890e+06   1.0681152e+02
   3.2058640e+06   3.8696289e+01
   3.2058870e+06   3.7475586e+01
   3.2059140e+06   6.0180664e+01
   3.2060610e+06   3.7109375e+01
   3.2065600e+06   3.8879395e+01
   3.2069500e+06   4.1748047e+01
   3.2071540e+06   3.6987305e+01
   3.2076750e+06   7.9650879e+01
   3.2079220e+06   7.2021484e+01
   3.2517170e+06   3.9306641e+01
   3.2517670e+06   5.1330566e+01
   3.2517840e+06   4.0039063e+01
   3.2518110e+06   4.0710449e+01
   3.2518330e+06   5.0048828e+01
   3.2518600e+06   4.3518066e+01
   3.2519140e+06   3.6987305e+01
   3.2519640e+06   3.6437988e+01
   3.2521350e+06   3.9367676e+01
   3.2535860e+06   3.7292480e+01
   3.2875530e+06   4.8278809e+01
   3.2875770e+06   1.3104248e+02
   3.2875950e+06   4.4433594e+01
   3.2876230e+06   4.7912598e+01
   3.2876420e+06   4.3762207e+01
   3.2876650e+06   3.7048340e+01
   3.2878050e+06   3.6010742e+01
   3.2888110e+06   3.6010742e+01
   3.2894610e+06   4.0466309e+01
   3.3381350e+06   4.2480469e+01
   3.3381460e+06   1.0461426e+02
   3.3381750e+06   4.0222168e+01
   3.3381880e+06   5.3955078e+01
   3.3382000e+06   4.8095703e+01
   3.3382290e+06   4.4433594e+01
   3.3382470e+06   4.0588379e+01
   3.3382710e+06   4.6875000e+01
   3.3383120e+06   3.7841797e+01
   3.3383710e+06   3.8146973e+01
   3.3392740e+06   3.7292480e+01
   3.3889990e+06   1.0217285e+02
   3.3893430e+06   1.0382080e+02
   3.3898620e+06   8.3984375e+01
   3.4979980e+06   9.8571777e+01
   3.5327750e+06   4.2480469e+01
   3.5328040e+06   6.6040039e+01
   3.5328490e+06   4.0100098e+01
   3.5328750e+06   6.2133789e+01
   3.5329020e+06   3.7719727e+01
   3.5329380e+06   4.0222168e+01
   3.5329630e+06   3.6315918e+01
   3.5330650e+06   3.9367676e+01
   3.5331150e+06   3.9611816e+01
   3.5884480e+06   5.2734375e+01
   3.5884760e+06   1.1267090e+02
   3.5885040e+06   5.8654785e+01
   3.5885300e+06   4.4799805e+01
   3.5885610e+06   5.4138184e+01
   3.5886190e+06   3.5888672e+01
   3.5886460e+06   4.3212891e+01
   3.6262580e+06   5.4565430e+01
   3.6262770e+06   1.1743164e+02
   3.6262880e+06   4.1625977e+01
   3.6263430e+06   6.6406250e+01
   3.6263880e+06   4.2968750e+01
   3.6264110e+06   4.7302246e+01
   3.6264290e+06   3.6010742e+01
   3.6264600e+06   3.9306641e+01
   3.6264850e+06   4.4677734e+01
   3.9216420e+06   3.6743164e+01
   3.9216730e+06   8.8562012e+01
   3.9216840e+06   5.1513672e+01
   3.9217240e+06   5.6213379e+01
   3.9217800e+06   4.2358398e+01
   3.9218820e+06   3.6071777e+01
   3.9881220e+06   4.1687012e+01
   3.9881480e+06   1.1346436e+02
   3.9881630e+06   3.9672852e+01
   3.9881960e+06   4.5043945e+01
   3.9882240e+06   3.8696289e+01
   3.9882370e+06   4.3823242e+01
   3.9882670e+06   4.0771484e+01
   3.9889810e+06   4.4616699e+01
   4.0323850e+06   3.6010742e+01
   4.0324170e+06   3.6010742e+01
   4.0324450e+06   5.7678223e+01
   4.0324760e+06   1.0229492e+02
   4.0325100e+06   4.0893555e+01
   4.0325330e+06   4.0100098e+01
   4.0325550e+06   4.1442871e+01
   4.0326020e+06   3.9123535e+01
   4.0326460e+06   4.1442871e+01
   4.0340360e+06   5.4626465e+01
   4.0758950e+06   3.6193848e+01
   4.0759060e+06   7.9040527e+01
   4.0759300e+06   9.9792480e+01
   4.0759520e+06   3.8513184e+01
   4.0759680e+06   3.7841797e+01
   4.0759830e+06   3.9489746e+01
   4.0760330e+06   4.8400879e+01
   4.0760640e+06   4.5532227e+01
   4.0761100e+06   4.1137695e+01
   4.0769600e+06   4.3212891e+01
   4.1141510e+06   5.8776855e+01
   4.1141630e+06   1.1322021e+02
   4.1141850e+06   3.6071777e+01
   4.1142130e+06   4.1137695e+01
   4.1142350e+06   3.9550781e+01
   4.1142740e+06   3.9489746e+01
   4.1143140e+06   3.8269043e+01
   4.2796520e+06   3.7719727e+01
   4.2797080e+06   3.7414551e+01
   4.2797590e+06   3.8391113e+01
   4.2797690e+06   1.0479736e+02
   4.2798290e+06   5.5664063e+01
   4.2799090e+06   4.1442871e+01
   4.2800290e+06   3.6682129e+01
   4.2807490e+06   3.6865234e+01
   4.3894530e+06   5.5175781e+01
   4.3894990e+06   3.6682129e+01
   4.3895130e+06   1.2249756e+02
   4.3895410e+06   3.8146973e+01
   4.3895580e+06   5.1330566e+01
   4.3895920e+06   3.7292480e+01
   4.3896490e+06   4.3212891e+01
   4.3896960e+06   4.2541504e+01
   4.4819850e+06   3.7353516e+01
   4.4820030e+06   6.7443848e+01
   4.4820300e+06   1.1120605e+02
   4.4820440e+06   3.6132813e+01
   4.4820980e+06   3.6499023e+01
   4.5679040e+06   3.9794922e+01
   4.5679600e+06   4.4067383e+01
   4.5680060e+06   9.8327637e+01
   4.5680450e+06   6.3171387e+01
   4.5680730e+06   4.1381836e+01
   4.5681170e+06   4.1748047e+01
   4.6535470e+06   3.7841797e+01
   4.8435250e+06   4.2175293e+01
   4.8435530e+06   1.0339355e+02
   4.8435860e+06   4.0283203e+01
   4.8436250e+06   5.6762695e+01
   4.8436450e+06   3.7414551e+01
   4.8436610e+06   4.1931152e+01
   4.8436880e+06   4.5959473e+01
   4.8437310e+06   3.9123535e+01
   4.9024870e+06   6.7382813e+01
   4.9025220e+06   4.7241211e+01
   4.9025530e+06   6.5673828e+01
   5.0378470e+06   4.8828125e+01
   5.0378630e+06   1.0058594e+02
   5.0379100e+06   5.8776855e+01
   5.0379430e+06   6.2927246e+01
   5.0379670e+06   4.5349121e+01
   5.0380110e+06   5.0903320e+01
   5.0862040e+06   5.9326172e+01
   5.0862260e+06   1.1730957e+02
   5.0862380e+06   4.6997070e+01
   5.0862700e+06   3.7231445e+01
   5.0863050e+06   6.3110352e+01
   5.0863190e+06   3.8269043e+01
   5.0863550e+06   3.9794922e+01
   5.0864600e+06   3.7475586e+01
   5.3546730e+06   4.4616699e+01
   5.3546940e+06   1.1437988e+02
   5.3547040e+06   3.7109375e+01
   5.3547470e+06   5.8410645e+01
   5.3547600e+06   3.6987305e+01
   5.3547760e+06   3.6315918e+01
   5.3547910e+06   3.6804199e+01
   5.3548460e+06   5.1635742e+01
   5.3549800e+06   4.2053223e+01
   5.3556310e+06   5.0415039e+01
   5.4224050e+06   3.7292480e+01
   5.4224190e+06   3.6560059e+01
   5.4224640e+06   7.1472168e+01
   5.4224750e+06   1.1859131e+02
   5.4224920e+06   4.1137695e+01
   5.4225290e+06   6.1035156e+01
   5.4225800e+06   3.8208008e+01
   5.4629190e+06   5.0354004e+01
   5.4629350e+06   1.0955811e+02
   5.4629470e+06   4.4372559e+01
   5.4629680e+06   3.6132813e+01
   5.4629930e+06   5.9692383e+01
   5.4630480e+06   4.1625977e+01
   5.4631880e+06   3.6193848e+01
   5.4638210e+06   3.6499023e+01
   5.5116760e+06   4.1564941e+01
   5.5117250e+06   1.2329102e+02
   5.5117400e+06   4.4982910e+01
   5.5117630e+06   4.8583984e+01
   5.5117890e+06   7.2021484e+01
   5.5118100e+06   4.3334961e+01
   5.5118230e+06   3.6743164e+01
   5.5118620e+06   3.8452148e+01
   5.5118890e+06   4.3029785e+01
   5.5119280e+06   5.2734375e+01
   5.5119570e+06   4.0466309e+01
   5.5119910e+06   4.8645020e+01
   5.5133230e+06   4.5043945e+01
   5.6074710e+06   9.4177246e+01
   5.8423320e+06   4.5288086e+01
   5.8423560e+06   6.1706543e+01
   5.8423750e+06   1.1151123e+02
   5.8423870e+06   3.7170410e+01
   5.8424110e+06   6.1767578e+01
   5.8424370e+06   7.5866699e+01
   5.8424540e+06   5.8715820e+01
   5.8424920e+06   5.4260254e+01
   5.8909290e+06   1.4379883e+02
   5.8909400e+06   3.9367676e+01
   5.8909690e+06   3.9245605e+01
   5.8909930e+06   5.1635742e+01
   5.8910090e+06   3.8208008e+01
   5.8910320e+06   3.9367676e+01
   5.8910540e+06   4.3151855e+01
   5.8911000e+06   4.6203613e+01
   5.9471300e+06   1.3165283e+02
   5.9471470e+06   3.7414551e+01
   5.9471810e+06   4.5349121e+01
   5.9472210e+06   4.4860840e+01
   5.9472430e+06   4.5166016e+01
   5.9473170e+06   3.9489746e+01
   5.9473300e+06   3.6682129e+01
   5.9489980e+06   6.7687988e+01
   5.9965540e+06   1.3116455e+02
   5.9965650e+06   4.1198730e+01
   5.9965910e+06   3.9855957e+01
   5.9966340e+06   6.5856934e+01
   5.9966750e+06   4.4433594e+01
   5.9967450e+06   3.7231445e+01
   6.0417280e+06   1.3488770e+02
   6.0417420e+06   3.9978027e+01
   6.0417540e+06   4.1320801e+01
   6.0417770e+06   6.1401367e+01
   6.0418140e+06   3.6315918e+01
   6.0418660e+06   4.0710449e+01
   6.2634390e+06   5.8105469e+01
   6.2634610e+06   1.0308838e+02
   6.2634760e+06   5.4443359e+01
   6.2635070e+06   4.6325684e+01
   6.2635860e+06   4.9438477e+01
   6.2636610e+06   3.7475586e+01
   6.4296860e+06   6.4758301e+01
   6.4297040e+06   9.8144531e+01
   6.4297300e+06   3.5949707e+01
   6.4297570e+06   4.2175293e+01
   6.4297710e+06   4.0588379e+01
   6.4298060e+06   3.6437988e+01
   6.6009100e+06   4.5654297e+01
   6.6009470e+06   5.9631348e+01
   6.6009660e+06   1.0784912e+02
   6.6010320e+06   3.8146973e+01
   6.6011840e+06   3.6743164e+01
   6.6012480e+06   3.7475586e+01
   6.6470580e+06   4.4494629e+01
   6.6470810e+06   1.0089111e+02
   6.6471020e+06   5.1452637e+01
   6.6471270e+06   5.1086426e+01
   6.6471540e+06   4.5471191e+01
   6.6471820e+06   7.1166992e+01
   6.6472930e+06   3.8879395e+01
   6.6954000e+06   1.1242676e+02
   6.6954400e+06   3.6926270e+01
   6.6954620e+06   7.8613281e+01
   6.6956710e+06   3.6804199e+01
   6.6957190e+06   3.7963867e+01
   6.9133510e+06   3.7414551e+01
   6.9133820e+06   5.4321289e+01
   6.9134090e+06   9.9121094e+01
   6.9134210e+06   5.9814453e+01
   6.9134470e+06   4.5532227e+01
   6.9134730e+06   7.4340820e+01
   6.9135000e+06   3.7292480e+01
   6.9135120e+06   4.6325684e+01
   6.9135570e+06   3.6010742e+01
   6.9135860e+06   4.3273926e+01
   6.9653650e+06   4.7668457e+01
   6.9654020e+06   4.5288086e+01
   6.9654300e+06   3.7536621e+01
   6.9654540e+06   3.9428711e+01
   6.9654840e+06   6.5856934e+01
   6.9655840e+06   3.6376953e+01
   7.2272620e+06   5.2490234e+01
   7.2272970e+06   1.1462402e+02
   7.2273380e+06   4.3823242e+01
   7.2273550e+06   5.5725098e+01
   7.2274240e+06   3.6193848e+01
   7.2280370e+06   3.6010742e+01
   7.3455840e+06   4.9011230e+01
   7.3456010e+06   8.7158203e+01
   7.3456430e+06   5.1269531e+01
   7.3456630e+06   4.5837402e+01
   7.3456860e+06   4.3579102e+01
   7.3456990e+06   4.0954590e+01
   7.3457450e+06   3.6193848e+01
   7.3457740e+06   3.7597656e+01
   7.3464860e+06   3.6376953e+01
   7.3465310e+06   4.2785645e+01
   7.4218780e+06   6.2988281e+01
   7.5027660e+06   4.5715332e+01
   7.5028140e+06   1.1352539e+02
   7.5028410e+06   4.0527344e+01
   7.5028640e+06   4.5410156e+01
   7.5029000e+06   4.8156738e+01
   7.5029460e+06   4.1931152e+01
   7.5031780e+06   4.3945313e+01
   7.8141840e+06   4.4677734e+01
   7.8143040e+06   4.1748047e+01
   7.8143790e+06   1.0168457e+02
   7.8144620e+06   4.1442871e+01
   8.0285820e+06   3.8879395e+01
   8.0286200e+06   4.8339844e+01
   8.0286410e+06   9.4726563e+01
   8.0286750e+06   3.6254883e+01
   8.0286990e+06   6.0485840e+01
   8.0287180e+06   5.3283691e+01
   8.0287810e+06   3.8146973e+01
   8.0288020e+06   3.9794922e+01
   8.0288360e+06   3.6193848e+01
   8.0296120e+06   3.6437988e+01
   8.0787260e+06   5.0415039e+01
   8.0787790e+06   5.3833008e+01
   8.0787890e+06   3.9184570e+01
   8.0788090e+06   3.5888672e+01
   8.0788360e+06   4.2419434e+01
   8.3653610e+06   6.1828613e+01
   8.3653790e+06   1.1187744e+02
   8.3653910e+06   3.6865234e+01
   8.3654110e+06   3.6987305e+01
   8.3654460e+06   5.8044434e+01
   8.3654820e+06   4.6386719e+01
   8.3654990e+06   4.3395996e+01
   8.3655240e+06   4.5288086e+01
   8.3655580e+06   3.6010742e+01
   8.4239390e+06   5.7128906e+01
   8.4239560e+06   1.1584473e+02
   8.4239670e+06   3.5949707e+01
   8.4239870e+06   3.9611816e+01
   8.4240200e+06   5.5725098e+01
   8.4240300e+06   4.1076660e+01
   8.4240940e+06   3.7658691e+01
   8.4241270e+06   3.6010742e+01
   8.4242110e+06   4.2968750e+01
   8.4246680e+06   3.7597656e+01
   8.6518150e+06   6.4758301e+01
   8.6519170e+06   9.6862793e+01
   8.6520240e+06   3.9611816e+01
   8.6520410e+06   9.3017578e+01
   8.6522200e+06   4.3518066e+01
   8.7622690e+06   6.3415527e+01
   8.7622850e+06   1.2365723e+02
   8.7623190e+06   5.3100586e+01
   8.7623420e+06   6.5063477e+01
   8.7623560e+06   4.2602539e+01
   8.7624040e+06   5.1940918e+01
   8.7624400e+06   3.9916992e+01
   8.8141200e+06   9.9914551e+01
   8.8141330e+06   3.6071777e+01
   8.8141680e+06   4.8278809e+01
   8.8142070e+06   4.0283203e+01
   8.8709230e+06   5.0964355e+01
   8.8709500e+06   4.7912598e+01
   8.8709820e+06   5.7495117e+01
   8.8710190e+06   3.9001465e+01
   8.8711030e+06   3.9550781e+01
   8.8711160e+06   3.8574219e+01
   8.8711340e+06   3.6437988e+01
   8.8711710e+06   3.6376953e+01
   8.9311790e+06   9.8937988e+01
   8.9313460e+06   9.3627930e+01
   9.0766970e+06   4.9011230e+01
   9.0767120e+06   1.1529541e+02
   9.0767570e+06   3.7658691e+01
   9.0767810e+06   6.9030762e+01
   9.0768000e+06   4.6691895e+01
   9.0768140e+06   3.9794922e+01
   9.0768440e+06   4.1259766e+01
   9.0769030e+06   4.4189453e+01
   9.2768040e+06   5.7128906e+01
   9.2768240e+06   9.8144531e+01
   9.2768340e+06   3.9978027e+01
   9.2768680e+06   5.0537109e+01
   9.2768800e+06   4.6569824e+01
   9.2769090e+06   4.2419434e+01
   9.2769550e+06   3.6010742e+01
   9.2769980e+06   4.3090820e+01
   9.2770300e+06   3.9855957e+01
   9.2770560e+06   3.6071777e+01
   9.3811460e+06   5.6701660e+01
   9.3813140e+06   4.4982910e+01
   9.3814420e+06   3.7170410e+01
   9.3824740e+06   8.8989258e+01
   9.5920020e+06   3.8208008e+01
   9.5920280e+06   9.9792480e+01
   9.5920620e+06   5.0170898e+01
   9.5920860e+06   4.1381836e+01
   9.5921000e+06   4.0527344e+01
   9.5921420e+06   3.8330078e+01
   9.5922250e+06   4.2053223e+01
   9.5923590e+06   3.7292480e+01
   9.6535850e+06   3.8574219e+01
   9.6536240e+06   5.2246094e+01
   9.6536400e+06   1.0504150e+02
   9.6536810e+06   7.2509766e+01
   9.6537790e+06   4.0222168e+01
   9.6537960e+06   4.0832520e+01
   9.6538290e+06   4.2663574e+01
   9.6538520e+06   4.1809082e+01
   9.6538890e+06   3.7841797e+01
   9.7173480e+06   6.1096191e+01
   9.7173600e+06   9.6557617e+01
   9.7173810e+06   4.1015625e+01
   9.7173920e+06   5.2124023e+01
   9.7174050e+06   3.6010742e+01
   9.7174380e+06   3.9733887e+01
   9.7174640e+06   3.8330078e+01
   9.9661950e+06   4.6936035e+01
   9.9663060e+06   1.0119629e+02
   9.9663290e+06   4.7973633e+01
   9.9665240e+06   4.1198730e+01
   1.0008414e+07   4.2297363e+01
   1.0008428e+07   1.1187744e+02
   1.0008450e+07   4.6875000e+01
   1.0008484e+07   7.6660156e+01
   1.0008534e+07   4.0649414e+01
   1.0008558e+07   3.8940430e+01
   1.0009156e+07   3.9062500e+01
   1.0057131e+07   4.9804688e+01
   1.0057142e+07   1.2451172e+02
   1.0057185e+07   3.6865234e+01
   1.0057201e+07   4.0771484e+01
   1.0057219e+07   5.2856445e+01
   1.0057343e+07   3.8940430e+01
   1.0358155e+07   6.8420410e+01
   1.0358176e+07   9.9853516e+01
   1.0358211e+07   4.7424316e+01
   1.0358222e+07   3.6560059e+01
   1.0358239e+07   5.9387207e+01
   1.0358257e+07   4.0954590e+01
   1.0358275e+07   4.1137695e+01
   1.0358339e+07   4.4738770e+01
   1.0437128e+07   9.3444824e+01
   1.0531206e+07   3.6254883e+01
   1.0531228e+07   3.6743164e+01
   1.0531245e+07   6.8481445e+01
   1.0531275e+07   5.1574707e+01
   1.0531292e+07   4.9743652e+01
   1.0531315e+07   5.0537109e+01
   1.0531331e+07   4.2053223e+01
   1.0531381e+07   3.9245605e+01
   1.0531427e+07   3.8452148e+01
   1.0531517e+07   4.2602539e+01
   1.0531550e+07   4.1870117e+01
   1.0531625e+07   3.6254883e+01
   1.0805771e+07   3.9001465e+01
   1.0805789e+07   1.0388184e+02
   1.0805816e+07   3.8146973e+01
   1.0805844e+07   5.8593750e+01
   1.0805867e+07   3.9916992e+01
   1.0805925e+07   3.6926270e+01
   1.0805997e+07   3.6315918e+01
   1.0806058e+07   3.9123535e+01
   1.0964730e+07   5.5053711e+01
   1.0964744e+07   1.0058594e+02
   1.0964770e+07   3.9611816e+01
   1.0964796e+07   4.1015625e+01
   1.0964821e+07   5.3955078e+01
   1.0964872e+07   3.7170410e+01
   1.0964902e+07   3.9855957e+01
   1.0964982e+07   3.6804199e+01
   1.0965364e+07   3.6926270e+01
   1.1221695e+07   1.0943604e+02
   1.1221725e+07   6.0363770e+01
   1.1221761e+07   7.7148438e+01
   1.1221797e+07   3.6865234e+01
   1.1222298e+07   3.8024902e+01
   1.1349345e+07   5.6579590e+01
   1.1349365e+07   1.0522461e+02
   1.1349387e+07   3.6743164e+01
   1.1349409e+07   4.2907715e+01
   1.1349442e+07   4.0588379e+01
   1.1349504e+07   4.1076660e+01
   1.1349550e+07   4.0100098e+01
   1.1349609e+07   3.7658691e+01
   1.1349648e+07   3.6499023e+01
   1.1453647e+07   5.6457520e+01
   1.1623471e+07   5.9082031e+01
   1.1623491e+07   1.0540771e+02
   1.1623533e+07   4.5471191e+01
   1.1623560e+07   5.6030273e+01
   1.1623615e+07   3.8696289e+01
   1.1623659e+07   3.9306641e+01
   1.1680076e+07   3.7109375e+01
   1.1680120e+07   4.4311523e+01
   1.1680130e+07   1.6503906e+02
   1.1680166e+07   3.8146973e+01
   1.1680181e+07   4.1503906e+01
   1.1912661e+07   3.9306641e+01
   1.1912680e+07   1.0327148e+02
   1.1912708e+07   3.7536621e+01
   1.1912737e+07   4.9743652e+01
   1.1912754e+07   3.8513184e+01
   1.1912795e+07   3.9184570e+01
   1.1912818e+07   3.8818359e+01
   1.1912844e+07   3.7414551e+01
   1.1957879e+07   4.0161133e+01
   1.1957938e+07   1.1846924e+02
   1.1957953e+07   4.2480469e+01
   1.1957968e+07   5.5847168e+01
   1.1957994e+07   6.1889648e+01
   1.1958031e+07   4.4555664e+01
   1.1958048e+07   4.0039063e+01
   1.1958088e+07   5.3344727e+01
   1.1958130e+07   4.0893555e+01
   1.1959742e+07   6.4819336e+01
