   5.9980000e+06   0.0000000e+00
   4.1870000e+03   5.9631348e+01
   9.8090000e+03   6.2377930e+01
   1.1708000e+04   6.5429688e+01
   2.1653000e+04   7.0007324e+01
   3.0475000e+04   7.3425293e+01
   4.5862000e+04   5.8349609e+01
   6.2115000e+04   8.7463379e+01
   6.3676000e+04   7.0129395e+01
   7.5908000e+04   6.9519043e+01
   9.3837000e+04   6.8115234e+01
   9.7357000e+04   6.0363770e+01
   1.1230700e+05   6.7260742e+01
   1.1454000e+05   6.0485840e+01
   1.2555500e+05   6.0607910e+01
   1.3380400e+05   6.8115234e+01
   1.4223700e+05   6.9519043e+01
   1.6301100e+05   7.2448730e+01
   1.6650000e+05   7.9345703e+01
   1.6765700e+05   6.0302734e+01
   1.8247600e+05   7.1044922e+01
   1.8881200e+05   7.9040527e+01
   1.8995700e+05   5.9143066e+01
   2.0344700e+05   6.2866211e+01
   2.0860800e+05   6.2011719e+01
   2.2343200e+05   7.4829102e+01
   2.3028900e+05   7.0373535e+01
   2.5114200e+05   6.0974121e+01
   2.5842000e+05   7.0312500e+01
   2.8180900e+05   6.7321777e+01
   2.8234000e+05   7.1228027e+01
   2.9891500e+05   9.6252441e+01
   3.1072300e+05   6.1889648e+01
   3.1975700e+05   7.0068359e+01
   3.2266300e+05   7.5012207e+01
   3.3292600e+05   7.8491211e+01
   3.3728400e+05   6.8420410e+01
   3.6039500e+05   8.2763672e+01
   3.7286800e+05   8.0871582e+01
   3.8608200e+05   7.0495605e+01
   3.9941600e+05   5.9692383e+01
   3.9980200e+05   6.6833496e+01
   4.2253300e+05   6.8542480e+01
   4.4043000e+05   7.3120117e+01
   4.4933000e+05   9.2468262e+01
   4.5142100e+05   5.8959961e+01
   4.7287100e+05   8.1909180e+01
   4.7337500e+05   6.1096191e+01
   4.9305100e+05   8.3068848e+01
   5.0140300e+05   6.7871094e+01
   5.0578400e+05   9.0026855e+01
   5.0614200e+05   6.0546875e+01
   5.2557300e+05   6.1828613e+01
   5.4845300e+05   6.0791016e+01
   5.5651000e+05   6.5612793e+01
   5.6087700e+05   6.6528320e+01
   5.6563700e+05   7.0434570e+01
   5.6603400e+05   7.2387695e+01
   5.8625200e+05   8.2336426e+01
   5.9283700e+05   6.1645508e+01
   5.9429900e+05   7.3730469e+01
   6.1112100e+05   7.4584961e+01
   6.1914700e+05   7.8979492e+01
   6.2275400e+05   8.4716797e+01
   6.3135400e+05   7.1655273e+01
   6.3201600e+05   7.1350098e+01
   6.4514200e+05   6.4331055e+01
   6.4670800e+05   6.8237305e+01
   6.5913800e+05   6.0485840e+01
   6.6719200e+05   6.4453125e+01
   6.7326200e+05   8.2885742e+01
   6.8659400e+05   6.1767578e+01
   6.8732500e+05   6.1584473e+01
   6.9487200e+05   6.1706543e+01
   6.9545200e+05   7.1044922e+01
   7.1279900e+05   6.8847656e+01
   7.1326400e+05   5.8715820e+01
   7.1420100e+05   6.2866211e+01
   7.2888800e+05   7.8186035e+01
   7.2951500e+05   7.9833984e+01
   7.4791900e+05   7.4707031e+01
   7.4896700e+05   6.0607910e+01
   7.5726100e+05   6.0485840e+01
   7.6049000e+05   6.8176270e+01
   7.7717400e+05   8.3557129e+01
   7.7894700e+05   6.7565918e+01
   7.8669000e+05   5.8654785e+01
   8.0208100e+05   7.6721191e+01
   8.0796600e+05   6.6772461e+01
   8.2284300e+05   9.1979980e+01
   8.2346000e+05   7.1228027e+01
   8.3213400e+05   6.3415527e+01
   8.3642800e+05   6.3293457e+01
   8.4566700e+05   8.4533691e+01
   8.6351100e+05   6.8298340e+01
   8.6986300e+05   6.4025879e+01
   8.7013400e+05   5.8654785e+01
   8.8396800e+05   6.9396973e+01
   8.9642000e+05   7.8430176e+01
   9.0598900e+05   7.5622559e+01
   9.0691300e+05   6.3354492e+01
   9.1922500e+05   6.8786621e+01
   9.2917100e+05   6.9458008e+01
   9.3724500e+05   8.4899902e+01
   9.4619400e+05   6.7504883e+01
   9.4690600e+05   7.9711914e+01
   9.7218500e+05   7.3120117e+01
   9.7254000e+05   6.6772461e+01
   9.8904200e+05   6.1706543e+01
   9.8935600e+05   7.2265625e+01
   1.0047970e+06   6.1096191e+01
   1.0192190e+06   6.6894531e+01
   1.0375210e+06   7.9345703e+01
   1.0589940e+06   1.0205078e+02
   1.0595750e+06   6.4453125e+01
   1.0659560e+06   7.0190430e+01
   1.0895100e+06   7.2082520e+01
   1.0972980e+06   8.1298828e+01
   1.1121260e+06   6.9030762e+01
   1.1138330e+06   8.7890625e+01
   1.1356600e+06   9.1369629e+01
   1.1470910e+06   6.8908691e+01
   1.1623630e+06   7.6782227e+01
   1.1904090e+06   8.3251953e+01
   1.2060160e+06   9.9060059e+01
   1.2135540e+06   6.4270020e+01
   1.2222550e+06   6.9702148e+01
   1.2329740e+06   6.0180664e+01
   1.2363310e+06   6.5856934e+01
   1.2441150e+06   6.7382813e+01
   1.2493420e+06   8.0139160e+01
   1.2759340e+06   7.9956055e+01
   1.2892190e+06   7.6843262e+01
   1.2896910e+06   6.2866211e+01
   1.2903200e+06   7.8369141e+01
   1.2907500e+06   6.1340332e+01
   1.3112010e+06   6.6711426e+01
   1.3121640e+06   8.3801270e+01
   1.3260580e+06   6.2927246e+01
   1.3328490e+06   6.3110352e+01
   1.3544960e+06   9.2285156e+01
   1.3595530e+06   6.4453125e+01
   1.3636080e+06   6.1035156e+01
   1.3696920e+06   6.6772461e+01
   1.3751950e+06   6.2988281e+01
   1.3914560e+06   7.2814941e+01
   1.4009920e+06   6.1279297e+01
   1.4014340e+06   6.6528320e+01
   1.4119260e+06   5.9143066e+01
   1.4274170e+06   8.1054688e+01
   1.4283950e+06   7.1655273e+01
   1.4425650e+06   7.6904297e+01
   1.4529270e+06   6.9274902e+01
   1.4535070e+06   6.5124512e+01
   1.4701970e+06   9.8693848e+01
   1.4707420e+06   6.9946289e+01
   1.4801740e+06   6.3598633e+01
   1.4808960e+06   6.2683105e+01
   1.4892780e+06   8.1420898e+01
   1.4930090e+06   7.0495605e+01
   1.4966220e+06   6.5368652e+01
   1.5123430e+06   8.0932617e+01
   1.5127360e+06   6.9030762e+01
   1.5142950e+06   6.7504883e+01
   1.5297570e+06   8.3923340e+01
   1.5311400e+06   7.5439453e+01
   1.5328270e+06   7.4096680e+01
   1.5419210e+06   7.1472168e+01
   1.5595040e+06   5.9387207e+01
   1.5601750e+06   6.5734863e+01
   1.5699370e+06   7.7209473e+01
   1.5707110e+06   8.3923340e+01
   1.5928600e+06   8.0810547e+01
   1.5950530e+06   6.2561035e+01
   1.6034560e+06   8.0566406e+01
   1.6146990e+06   5.9570313e+01
   1.6154630e+06   8.2275391e+01
   1.6415590e+06   7.9284668e+01
   1.6466180e+06   6.5063477e+01
   1.6520840e+06   9.8754883e+01
   1.6615990e+06   8.0810547e+01
   1.6618740e+06   6.4208984e+01
   1.6624810e+06   6.1584473e+01
   1.6835730e+06   7.7697754e+01
   1.6965720e+06   6.0180664e+01
   1.7084170e+06   7.4340820e+01
   1.7248170e+06   7.1350098e+01
   1.7270990e+06   7.1655273e+01
   1.7542070e+06   1.0430908e+02
   1.7545820e+06   7.8186035e+01
   1.7745650e+06   1.0076904e+02
   1.7750920e+06   6.3415527e+01
   1.7984490e+06   7.6110840e+01
   1.7987450e+06   6.0791016e+01
   1.8114000e+06   1.0241699e+02
   1.8118340e+06   6.9580078e+01
   1.8430820e+06   6.9885254e+01
   1.8536270e+06   7.4584961e+01
   1.8586970e+06   7.0556641e+01
   1.8751450e+06   7.5866699e+01
   1.8848580e+06   6.3415527e+01
   1.9146570e+06   6.8603516e+01
   1.9188050e+06   8.6486816e+01
   1.9244760e+06   7.1960449e+01
   1.9248340e+06   6.2377930e+01
   1.9358500e+06   5.9570313e+01
   1.9361970e+06   6.3110352e+01
   1.9366290e+06   6.4636230e+01
   1.9629310e+06   8.4472656e+01
   1.9679440e+06   6.0485840e+01
   1.9689120e+06   6.9519043e+01
   1.9822150e+06   8.3923340e+01
   1.9915150e+06   8.1542969e+01
   1.9930700e+06   6.5673828e+01
   2.0089820e+06   7.0800781e+01
   2.0158490e+06   8.2397461e+01
   2.0188000e+06   6.7993164e+01
   2.0281830e+06   6.1828613e+01
   2.0367740e+06   6.6528320e+01
   2.0420180e+06   6.7810059e+01
   2.0635440e+06   6.4514160e+01
   2.0638970e+06   8.4533691e+01
   2.0725130e+06   5.9875488e+01
   2.0738690e+06   6.5307617e+01
   2.0865040e+06   7.0495605e+01
   2.0905730e+06   8.0810547e+01
   2.0915390e+06   6.7749023e+01
   2.1023920e+06   6.8542480e+01
   2.1152380e+06   5.9814453e+01
   2.1169760e+06   5.9936523e+01
   2.1177530e+06   6.1279297e+01
   2.1335710e+06   8.1787109e+01
   2.1408060e+06   7.3913574e+01
   2.1474370e+06   6.4636230e+01
   2.1495080e+06   6.6772461e+01
   2.1598210e+06   7.0434570e+01
   2.1651120e+06   7.4157715e+01
   2.1748560e+06   6.3964844e+01
   2.1779890e+06   6.2072754e+01
   2.1798790e+06   6.9519043e+01
   2.1936690e+06   6.4147949e+01
   2.1955090e+06   6.4941406e+01
   2.2086600e+06   8.4350586e+01
   2.2131970e+06   7.2937012e+01
   2.2191650e+06   6.4758301e+01
   2.2341470e+06   7.8552246e+01
   2.2386700e+06   7.6538086e+01
   2.2632110e+06   8.1909180e+01
   2.2772460e+06   6.3781738e+01
   2.2792570e+06   5.9814453e+01
   2.3020740e+06   7.8063965e+01
   2.3115400e+06   6.0363770e+01
   2.3188270e+06   7.5195313e+01
   2.3204610e+06   8.2824707e+01
   2.3208380e+06   5.9326172e+01
   2.3312250e+06   6.7382813e+01
   2.3491900e+06   6.4270020e+01
   2.3632320e+06   6.2866211e+01
   2.3682310e+06   6.0607910e+01
   2.3749870e+06   6.4514160e+01
   2.3908270e+06   6.0729980e+01
   2.3911910e+06   8.4289551e+01
   2.4123720e+06   7.5012207e+01
   2.4169360e+06   8.1359863e+01
   2.4183350e+06   7.7270508e+01
   2.4361720e+06   6.8420410e+01
   2.4419890e+06   6.9335938e+01
   2.4533200e+06   7.2937012e+01
   2.4536830e+06   6.7016602e+01
   2.4702220e+06   6.5185547e+01
   2.4781330e+06   6.3598633e+01
   2.4960210e+06   9.1552734e+01
   2.5107500e+06   6.6650391e+01
   2.5115060e+06   1.0809326e+02
   2.5119190e+06   6.0180664e+01
   2.5288730e+06   6.1889648e+01
   2.5332950e+06   6.7443848e+01
   2.5420760e+06   9.7595215e+01
   2.5478720e+06   6.8908691e+01
   2.5481860e+06   6.6467285e+01
   2.5748730e+06   9.5703125e+01
   2.5874330e+06   8.7585449e+01
   2.5963960e+06   6.7871094e+01
   2.5967890e+06   6.3293457e+01
   2.6064080e+06   7.0983887e+01
   2.6210870e+06   6.8542480e+01
   2.6310780e+06   6.4514160e+01
   2.6414910e+06   7.0007324e+01
   2.6570770e+06   6.8664551e+01
   2.6578560e+06   6.8969727e+01
   2.6661100e+06   6.6833496e+01
   2.6715340e+06   7.2204590e+01
   2.6775770e+06   7.0861816e+01
   2.6868730e+06   7.9467773e+01
   2.7110060e+06   7.2998047e+01
   2.7182920e+06   6.4086914e+01
   2.7239610e+06   7.5805664e+01
   2.7383900e+06   7.1655273e+01
   2.7441920e+06   6.6101074e+01
   2.7551220e+06   7.7209473e+01
   2.7628400e+06   8.1665039e+01
   2.7672800e+06   8.1726074e+01
   2.7785080e+06   7.2021484e+01
   2.7801910e+06   7.3364258e+01
   2.7984660e+06   9.5031738e+01
   2.8068220e+06   8.4289551e+01
   2.8107840e+06   6.4331055e+01
   2.8238120e+06   6.3720703e+01
   2.8273980e+06   9.2712402e+01
   2.8520270e+06   9.5886230e+01
   2.8536010e+06   6.7626953e+01
   2.8540310e+06   7.0922852e+01
   2.8646120e+06   6.6711426e+01
   2.8676260e+06   6.8969727e+01
   2.8745100e+06   7.4035645e+01
   2.8799300e+06   5.8837891e+01
   2.8939200e+06   9.1735840e+01
   2.8944320e+06   6.4514160e+01
   2.9038450e+06   6.4025879e+01
   2.9085200e+06   6.6894531e+01
   2.9091200e+06   6.3598633e+01
   2.9216270e+06   8.0688477e+01
   2.9263710e+06   7.8002930e+01
   2.9269220e+06   7.1411133e+01
   2.9328470e+06   6.9580078e+01
   2.9443850e+06   8.5449219e+01
   2.9551810e+06   7.0251465e+01
   2.9576260e+06   7.4462891e+01
   2.9614880e+06   6.4880371e+01
   2.9749390e+06   5.9387207e+01
   2.9753330e+06   6.7321777e+01
   2.9766920e+06   6.0119629e+01
   2.9770450e+06   5.9753418e+01
   2.9824460e+06   6.9458008e+01
   2.9961480e+06   6.6589355e+01
   3.0119280e+06   7.5805664e+01
   3.0149510e+06   6.2194824e+01
   3.0324350e+06   7.3120117e+01
   3.0475140e+06   9.7106934e+01
   3.0491030e+06   8.3496094e+01
   3.0553030e+06   6.5246582e+01
   3.0648210e+06   7.1838379e+01
   3.0714140e+06   7.2204590e+01
   3.0981130e+06   7.4157715e+01
   3.1001410e+06   8.5937500e+01
   3.1244290e+06   9.9975586e+01
   3.1298260e+06   9.5520020e+01
   3.1425170e+06   7.6232910e+01
   3.1615680e+06   8.8439941e+01
   3.1757810e+06   7.2998047e+01
   3.1967920e+06   8.0566406e+01
   3.2025230e+06   7.0495605e+01
   3.2182180e+06   6.7871094e+01
   3.2250890e+06   7.4340820e+01
   3.2360050e+06   8.5632324e+01
   3.2363250e+06   8.6303711e+01
   3.2668400e+06   7.8002930e+01
   3.2838570e+06   8.5205078e+01
   3.2975810e+06   9.6801758e+01
   3.2980430e+06   6.5612793e+01
   3.3471580e+06   8.9172363e+01
   3.3598510e+06   9.4299316e+01
   3.3601250e+06   8.1665039e+01
   3.3819370e+06   9.2163086e+01
   3.3880890e+06   7.8857422e+01
   3.3973350e+06   9.1674805e+01
   3.4154600e+06   7.2998047e+01
   3.4333100e+06   6.5307617e+01
   3.4402570e+06   6.7993164e+01
   3.4562780e+06   7.0922852e+01
   3.4613000e+06   7.9589844e+01
   3.4679310e+06   6.2011719e+01
   3.4795850e+06   6.4636230e+01
   3.4864750e+06   6.2683105e+01
   3.4867300e+06   6.6711426e+01
   3.5222420e+06   7.1472168e+01
   3.5227450e+06   7.9711914e+01
   3.5439090e+06   6.3476563e+01
   3.5449820e+06   6.7504883e+01
   3.5549430e+06   1.0162354e+02
   3.5557990e+06   7.3791504e+01
   3.5788420e+06   7.0678711e+01
   3.5794110e+06   6.9396973e+01
   3.5871700e+06   6.6711426e+01
   3.6055390e+06   5.8349609e+01
   3.6074390e+06   6.5368652e+01
   3.6109090e+06   1.1968994e+02
   3.6112310e+06   6.1462402e+01
   3.6291160e+06   6.9274902e+01
   3.6333910e+06   6.6772461e+01
   3.6363460e+06   6.0302734e+01
   3.6385900e+06   6.1767578e+01
   3.6544990e+06   7.7880859e+01
   3.6578070e+06   7.8308105e+01
   3.6582450e+06   7.9223633e+01
   3.6719150e+06   6.6406250e+01
   3.6724400e+06   8.7585449e+01
   3.6795320e+06   7.5622559e+01
   3.6914470e+06   6.3415527e+01
   3.6984380e+06   8.1909180e+01
   3.6991710e+06   8.1604004e+01
   3.7122850e+06   7.2265625e+01
   3.7173630e+06   6.2500000e+01
   3.7185620e+06   7.1166992e+01
   3.7322100e+06   6.4514160e+01
   3.7371780e+06   7.7453613e+01
   3.7380270e+06   8.5266113e+01
   3.7490590e+06   6.1401367e+01
   3.7675420e+06   7.1411133e+01
   3.7716470e+06   8.8378906e+01
   3.7721640e+06   7.5439453e+01
   3.7758190e+06   7.3608398e+01
   3.7878700e+06   8.3190918e+01
   3.7883830e+06   7.2265625e+01
   3.7994180e+06   8.0932617e+01
   3.8065010e+06   7.1777344e+01
   3.8151200e+06   6.3293457e+01
   3.8171880e+06   8.3374023e+01
   3.8245900e+06   6.9641113e+01
   3.8255800e+06   8.5571289e+01
   3.8452760e+06   8.1420898e+01
   3.8578490e+06   6.3903809e+01
   3.8589170e+06   7.4035645e+01
   3.8902290e+06   7.4707031e+01
   3.8968500e+06   7.4951172e+01
   3.9094040e+06   8.7158203e+01
   3.9247700e+06   6.6650391e+01
   3.9384310e+06   9.0026855e+01
   3.9387450e+06   7.0007324e+01
   3.9699630e+06   8.3007813e+01
   3.9867720e+06   7.4279785e+01
   3.9928180e+06   7.8918457e+01
   4.0054030e+06   9.2712402e+01
   4.0122490e+06   6.1645508e+01
   4.0236040e+06   7.5256348e+01
   4.0433330e+06   9.3383789e+01
   4.0533840e+06   9.2407227e+01
   4.0537050e+06   8.1848145e+01
   4.0811820e+06   1.2066650e+02
   4.0910090e+06   6.7016602e+01
   4.1045320e+06   7.0617676e+01
   4.1049970e+06   6.5856934e+01
   4.1183280e+06   7.1533203e+01
   4.1276420e+06   8.0505371e+01
   4.1402350e+06   7.7880859e+01
   4.1411060e+06   7.7697754e+01
   4.1644620e+06   8.3862305e+01
   4.1685200e+06   8.5632324e+01
   4.1920220e+06   6.4086914e+01
   4.1991360e+06   7.9589844e+01
   4.2049460e+06   9.3078613e+01
   4.2099000e+06   7.7270508e+01
   4.2234420e+06   7.7331543e+01
   4.2264030e+06   7.7697754e+01
   4.2298240e+06   8.1970215e+01
   4.2525670e+06   1.0241699e+02
   4.2532430e+06   7.0495605e+01
   4.2636540e+06   6.6772461e+01
   4.2734370e+06   7.0617676e+01
   4.2803240e+06   8.5632324e+01
   4.2864030e+06   1.0046387e+02
   4.2957130e+06   6.4025879e+01
   4.2963480e+06   8.7341309e+01
   4.3124320e+06   7.4645996e+01
   4.3180160e+06   7.3364258e+01
   4.3235400e+06   5.8532715e+01
   4.3301730e+06   8.4838867e+01
   4.3349200e+06   8.1848145e+01
   4.3420990e+06   6.0180664e+01
   4.3563640e+06   8.1298828e+01
   4.3582740e+06   7.8552246e+01
   4.3642220e+06   6.6955566e+01
   4.3669090e+06   8.3374023e+01
   4.3802270e+06   7.5927734e+01
   4.3871450e+06   7.5256348e+01
   4.3937260e+06   7.1044922e+01
   4.3941290e+06   5.9143066e+01
   4.4091930e+06   6.9702148e+01
   4.4102660e+06   6.2988281e+01
   4.4126420e+06   6.4270020e+01
   4.4142600e+06   7.4462891e+01
   4.4318320e+06   7.1838379e+01
   4.4354320e+06   7.0861816e+01
   4.4378570e+06   7.8613281e+01
   4.4422420e+06   6.9396973e+01
   4.4630850e+06   8.3129883e+01
   4.4637770e+06   8.8134766e+01
   4.4652110e+06   5.9082031e+01
   4.4862360e+06   7.6721191e+01
   4.4880420e+06   6.6467285e+01
   4.4949590e+06   6.8237305e+01
   4.4990200e+06   7.6354980e+01
   4.5185980e+06   8.8562012e+01
   4.5286930e+06   8.3862305e+01
   4.5295000e+06   6.4514160e+01
   4.5501300e+06   9.7167969e+01
   4.5596460e+06   9.8449707e+01
   4.5604920e+06   7.7636719e+01
   4.5772750e+06   8.2702637e+01
   4.5913600e+06   8.7341309e+01
   4.6051030e+06   1.0192871e+02
   4.6132500e+06   7.1044922e+01
   4.6154770e+06   7.7758789e+01
   4.6451490e+06   1.1138916e+02
   4.6674500e+06   7.1350098e+01
   4.6729050e+06   6.8603516e+01
   4.7195940e+06   1.1267090e+02
   4.7338050e+06   7.7148438e+01
   4.7497200e+06   7.4707031e+01
   4.7658690e+06   9.1552734e+01
   4.7826460e+06   7.2692871e+01
   4.7969360e+06   1.1218262e+02
   4.8100930e+06   8.5205078e+01
   4.8221940e+06   8.5327148e+01
   4.8394530e+06   1.0064697e+02
   4.8558230e+06   9.3200684e+01
   4.8572180e+06   8.0993652e+01
   4.8629490e+06   6.9396973e+01
   4.8777720e+06   6.0974121e+01
   4.8781680e+06   7.1350098e+01
   4.9013660e+06   1.0174561e+02
   4.9017610e+06   6.0913086e+01
   4.9134200e+06   6.5673828e+01
   4.9180280e+06   7.2631836e+01
   4.9342320e+06   8.2702637e+01
   4.9381600e+06   1.0589600e+02
   4.9384010e+06   6.1401367e+01
   4.9649080e+06   6.6162109e+01
   4.9756840e+06   7.7636719e+01
   4.9843300e+06   9.8144531e+01
   4.9845570e+06   6.3354492e+01
   4.9937370e+06   8.8256836e+01
   4.9940970e+06   8.0017090e+01
   5.0041960e+06   9.3383789e+01
   5.0098170e+06   6.7565918e+01
   5.0104660e+06   8.4594727e+01
   5.0206980e+06   7.3364258e+01
   5.0300100e+06   7.8918457e+01
   5.0491580e+06   6.8176270e+01
   5.0628660e+06   1.1840820e+02
   5.0635060e+06   6.2683105e+01
   5.0875960e+06   8.0566406e+01
   5.0880110e+06   6.8481445e+01
   5.0984860e+06   8.6120605e+01
   5.1069260e+06   6.1218262e+01
   5.1124550e+06   8.3068848e+01
   5.1161660e+06   9.4726563e+01
   5.1241690e+06   6.7382813e+01
   5.1309710e+06   7.5988770e+01
   5.1340770e+06   6.8237305e+01
   5.1349220e+06   6.1523437e+01
   5.1516370e+06   1.0266113e+02
   5.1530980e+06   7.2143555e+01
   5.1560610e+06   6.6284180e+01
   5.1691280e+06   6.9274902e+01
   5.1722150e+06   6.3415527e+01
   5.1782820e+06   6.7504883e+01
   5.1787010e+06   6.7260742e+01
   5.1947700e+06   8.3496094e+01
   5.1988510e+06   6.2561035e+01
   5.1991160e+06   7.8247070e+01
   5.1996170e+06   6.0607910e+01
   5.2055620e+06   8.2275391e+01
   5.2062890e+06   7.4890137e+01
   5.2153620e+06   5.9875488e+01
   5.2343660e+06   8.0993652e+01
   5.2429380e+06   7.8552246e+01
   5.2519290e+06   7.0617676e+01
   5.2565450e+06   6.8786621e+01
   5.2722850e+06   6.1401367e+01
   5.2806830e+06   7.0922852e+01
   5.2881610e+06   6.8298340e+01
   5.2948590e+06   6.5551758e+01
   5.3002260e+06   6.8237305e+01
   5.3169380e+06   6.1523438e+01
   5.3175450e+06   7.3852539e+01
   5.3313460e+06   6.0180664e+01
   5.3374780e+06   8.1237793e+01
   5.3412650e+06   6.9335938e+01
   5.3460920e+06   8.1176758e+01
   5.3672270e+06   8.6669922e+01
   5.3819360e+06   7.3547363e+01
   5.3824600e+06   7.2143555e+01
   5.4044890e+06   5.9326172e+01
   5.4248510e+06   7.0922852e+01
   5.4414210e+06   8.5083008e+01
   5.4480700e+06   8.0261230e+01
   5.4484600e+06   8.6547852e+01
   5.4755540e+06   7.1228027e+01
   5.4810030e+06   7.0983887e+01
   5.5002650e+06   8.2275391e+01
   5.5110080e+06   7.2998047e+01
   5.5221800e+06   7.3425293e+01
   5.5349030e+06   8.0749512e+01
   5.5476870e+06   7.0129395e+01
   5.5482380e+06   6.6894531e+01
   5.5696060e+06   6.6528320e+01
   5.5943950e+06   9.7900391e+01
   5.6045710e+06   8.6303711e+01
   5.6133430e+06   8.4289551e+01
   5.6229210e+06   7.4340820e+01
   5.6377080e+06   6.9335938e+01
   5.6533160e+06   6.9030762e+01
   5.6537400e+06   7.3486328e+01
   5.6758580e+06   7.1044922e+01
   5.6824370e+06   1.0968018e+02
   5.6918630e+06   7.2204590e+01
   5.6925980e+06   8.8134766e+01
   5.7058320e+06   8.0200195e+01
   5.7155670e+06   6.9152832e+01
   5.7228800e+06   7.5744629e+01
   5.7231190e+06   6.2866211e+01
   5.7530890e+06   7.1960449e+01
   5.7729590e+06   6.0363770e+01
   5.7765810e+06   1.0778809e+02
   5.7771850e+06   7.0617676e+01
   5.7985700e+06   7.0068359e+01
   5.7990330e+06   6.8664551e+01
   5.8159280e+06   6.4697266e+01
   5.8206320e+06   7.3547363e+01
   5.8210800e+06   8.0444336e+01
   5.8270710e+06   8.6059570e+01
   5.8277770e+06   7.8979492e+01
   5.8409950e+06   8.6303711e+01
   5.8455330e+06   8.1359863e+01
   5.8496690e+06   6.3049316e+01
   5.8603980e+06   6.3903809e+01
   5.8608880e+06   6.5917969e+01
   5.8746950e+06   9.8266602e+01
   5.8782770e+06   8.2580566e+01
   5.8800020e+06   5.8715820e+01
   5.9023640e+06   6.8176270e+01
   5.9029790e+06   8.0261230e+01
   5.9212460e+06   7.2753906e+01
   5.9223080e+06   9.5275879e+01
   5.9227570e+06   7.5927734e+01
   5.9376050e+06   8.5876465e+01
   5.9381030e+06   8.2946777e+01
   5.9504010e+06   9.1064453e+01
   5.9517460e+06   6.9763184e+01
   5.9584160e+06   6.5979004e+01
   5.9588790e+06   6.5063477e+01
   5.9807410e+06   7.9772949e+01
   5.9843830e+06   8.3862305e+01
   5.9932600e+06   1.0778809e+02
