   5.9980000e+06   0.0000000e+00
   5.2669000e+04   5.0537109e+01
   1.6676100e+05   5.2917480e+01
   3.7852500e+05   4.7058105e+01
   4.6060600e+05   5.2001953e+01
   5.5691200e+05   4.8156738e+01
   5.8219300e+05   4.7363281e+01
   6.1392700e+05   4.6203613e+01
   6.4067500e+05   4.6142578e+01
   8.0869800e+05   4.8278809e+01
   9.0584000e+05   4.7302246e+01
   9.5805200e+05   4.9011230e+01
   9.8080200e+05   4.7058105e+01
   1.0160830e+06   4.6264648e+01
   1.0431930e+06   4.7302246e+01
   1.0686670e+06   4.5532227e+01
   1.0915100e+06   4.5959473e+01
   1.1026220e+06   5.1818848e+01
   1.1318640e+06   4.6264648e+01
   1.1912490e+06   4.5776367e+01
   1.2380880e+06   4.5837402e+01
   1.2468020e+06   5.0537109e+01
   1.3016410e+06   4.7302246e+01
   1.3175860e+06   5.5419922e+01
   1.4911100e+06   4.5959473e+01
   1.5676160e+06   4.5593262e+01
   1.5791000e+06   5.1879883e+01
   1.6857390e+06   4.9011230e+01
   1.7086940e+06   4.5715332e+01
   1.7124200e+06   4.7790527e+01
   1.7301320e+06   5.3894043e+01
   1.7755050e+06   4.6630859e+01
   1.8268070e+06   5.2246094e+01
   1.8629400e+06   4.9011230e+01
   1.9248970e+06   4.5898438e+01
   1.9842900e+06   5.0659180e+01
   2.0825230e+06   4.7607422e+01
   2.1740060e+06   5.1635742e+01
   2.2124430e+06   4.7424316e+01
   2.5110300e+06   5.7861328e+01
   2.5610360e+06   4.6081543e+01
   2.5811230e+06   4.7302246e+01
   2.6129910e+06   4.5532227e+01
   2.6139750e+06   4.6569824e+01
   2.6611770e+06   4.5776367e+01
   2.6913160e+06   4.8339844e+01
   2.7383120e+06   5.4443359e+01
   2.9837020e+06   4.9865723e+01
   3.1449360e+06   4.5410156e+01
   3.1679410e+06   4.5959473e+01
   3.1853470e+06   5.1452637e+01
   3.2002130e+06   5.1696777e+01
   3.2720730e+06   5.2978516e+01
   3.2919250e+06   4.5349121e+01
   3.3551900e+06   4.5593262e+01
   3.3908510e+06   4.6264648e+01
   3.4295480e+06   4.7485352e+01
   3.4629840e+06   5.0048828e+01
   3.4746340e+06   5.5175781e+01
   3.4836640e+06   4.8461914e+01
   3.5061370e+06   4.5410156e+01
   3.5187760e+06   4.9011230e+01
   3.5237050e+06   4.5654297e+01
   3.5911390e+06   4.6142578e+01
   3.6235280e+06   5.0781250e+01
   3.8334060e+06   4.9438477e+01
   3.8773940e+06   4.7668457e+01
   4.0097140e+06   4.7912598e+01
   4.0585120e+06   4.7668457e+01
   4.0787890e+06   4.6936035e+01
   4.1895990e+06   4.7790527e+01
   4.2075350e+06   4.5715332e+01
   4.2415910e+06   4.7668457e+01
   4.5387460e+06   4.6142578e+01
   4.5439370e+06   4.6386719e+01
   4.5782210e+06   4.7607422e+01
   4.6132830e+06   4.7851563e+01
   4.6726090e+06   5.3283691e+01
   4.7996440e+06   5.7861328e+01
   4.8678080e+06   4.5715332e+01
   4.9191460e+06   5.0109863e+01
   4.9638540e+06   4.5410156e+01
   4.9745140e+06   4.6142578e+01
   4.9790300e+06   4.5715332e+01
   5.3444950e+06   4.8583984e+01
   5.3844250e+06   4.5532227e+01
   5.6151210e+06   5.1574707e+01
   5.6633020e+06   4.5410156e+01
   5.9359580e+06   4.8217773e+01
   5.9711490e+06   4.6203613e+01
