   5.9980000e+06   0.0000000e+00
   2.3163600e+05   3.6132813e+01
   2.7288100e+05   3.3569336e+01
   3.0145100e+05   3.8452148e+01
   3.4929800e+05   3.4484863e+01
   3.8491200e+05   3.6254883e+01
   4.1634800e+05   4.3640137e+01
   4.5319600e+05   3.4057617e+01
   4.9942200e+05   3.4118652e+01
   5.7210900e+05   3.3630371e+01
   5.9322300e+05   3.5888672e+01
   6.5280800e+05   3.6132813e+01
   6.7134500e+05   3.2226563e+01
   6.8817700e+05   3.8635254e+01
   7.3348400e+05   3.3813477e+01
   7.6756700e+05   3.3447266e+01
   7.8863000e+05   4.0283203e+01
   8.8348300e+05   3.4240723e+01
   9.2720200e+05   3.5156250e+01
   9.7272700e+05   3.5827637e+01
   1.0412670e+06   3.2165527e+01
   1.0831050e+06   3.6926270e+01
   1.1156650e+06   4.0710449e+01
   1.1495200e+06   3.4423828e+01
   1.1717730e+06   3.4301758e+01
   1.2147000e+06   3.1982422e+01
   1.2398870e+06   3.2897949e+01
   1.2668220e+06   3.8024902e+01
   1.2720200e+06   3.3264160e+01
   1.3151350e+06   3.2531738e+01
   1.3228470e+06   3.3020020e+01
   1.3350640e+06   3.3386230e+01
   1.3514390e+06   3.3996582e+01
   1.3909860e+06   3.4240723e+01
   1.4109730e+06   3.3996582e+01
   1.4654870e+06   3.4423828e+01
   1.5787920e+06   3.9245605e+01
   1.6015790e+06   3.3264160e+01
   1.6626890e+06   3.7048340e+01
   1.7865400e+06   3.1921387e+01
   1.8170460e+06   3.3813477e+01
   1.8581360e+06   3.3203125e+01
   1.8714070e+06   3.4484863e+01
   1.9068660e+06   3.4973145e+01
   1.9545960e+06   3.2104492e+01
   2.1037030e+06   3.8635254e+01
   2.1214040e+06   3.2653809e+01
   2.1866450e+06   3.3325195e+01
   2.2120970e+06   3.1921387e+01
   2.2997670e+06   3.2348633e+01
   2.3203890e+06   3.2775879e+01
   2.4711910e+06   3.6132813e+01
   2.5213930e+06   3.2714844e+01
   2.5530600e+06   3.4606934e+01
   2.5732070e+06   3.8269043e+01
   2.5862620e+06   3.5461426e+01
   2.6173330e+06   3.5522461e+01
   2.6467300e+06   3.7048340e+01
   2.6679900e+06   3.6743164e+01
   2.7003560e+06   3.2226563e+01
   2.7161030e+06   3.4240723e+01
   2.7261400e+06   3.3874512e+01
   2.7441250e+06   3.9733887e+01
   2.7550010e+06   3.2653809e+01
   2.7600170e+06   3.5156250e+01
   2.7715190e+06   3.2592773e+01
   2.7820080e+06   3.6193848e+01
   2.8051560e+06   3.1921387e+01
   2.8278040e+06   3.2043457e+01
   2.8447890e+06   3.2653809e+01
   2.9113840e+06   3.1921387e+01
   2.9179250e+06   3.3203125e+01
   3.0116440e+06   3.4729004e+01
   3.0594240e+06   3.2714844e+01
   3.1187120e+06   3.2592773e+01
   3.2429260e+06   3.2775879e+01
   3.2748010e+06   3.2775879e+01
   3.3680430e+06   3.3752441e+01
   3.3869200e+06   3.4790039e+01
   3.4127870e+06   3.6865234e+01
   3.4746280e+06   3.2714844e+01
   3.4840080e+06   3.2470703e+01
   3.5464930e+06   3.6376953e+01
   3.5550540e+06   3.2775879e+01
   3.5947310e+06   3.3874512e+01
   3.6202380e+06   3.4790039e+01
   3.6533700e+06   3.3508301e+01
   3.6713290e+06   3.5461426e+01
   3.6892600e+06   3.1982422e+01
   3.7020040e+06   3.5400391e+01
   3.7478680e+06   3.4973145e+01
   3.7686020e+06   3.3203125e+01
   3.7757410e+06   3.2897949e+01
   3.8074690e+06   3.6132813e+01
   3.9034590e+06   3.1982422e+01
   3.9600740e+06   3.3203125e+01
   4.0068870e+06   3.4362793e+01
   4.0474540e+06   3.4851074e+01
   4.1103070e+06   3.2226563e+01
   4.1309790e+06   3.3203125e+01
   4.1908330e+06   3.1921387e+01
   4.2743700e+06   3.3264160e+01
   4.3579010e+06   3.7048340e+01
   4.3711450e+06   3.4179688e+01
   4.3767290e+06   3.6682129e+01
   4.3996890e+06   3.6010742e+01
   4.4461690e+06   3.4484863e+01
   4.4601590e+06   3.5156250e+01
   4.4764600e+06   3.5339355e+01
   4.5177350e+06   3.4423828e+01
   4.6477060e+06   3.4484863e+01
   4.7071640e+06   3.9855957e+01
   4.7866360e+06   3.8269043e+01
   4.8183130e+06   3.4606934e+01
   4.8729750e+06   3.2958984e+01
   4.9170070e+06   3.3447266e+01
   4.9223730e+06   3.5156250e+01
   4.9744280e+06   3.4667969e+01
   5.0260800e+06   3.4790039e+01
   5.0464020e+06   3.2226563e+01
   5.0602270e+06   3.4240723e+01
   5.0923770e+06   3.4484863e+01
   5.1053250e+06   3.3752441e+01
   5.1190400e+06   3.3325195e+01
   5.1364580e+06   3.3813477e+01
   5.1740160e+06   3.3996582e+01
   5.1965830e+06   3.9916992e+01
   5.2169900e+06   3.3020020e+01
   5.4634860e+06   3.4851074e+01
   5.5606280e+06   3.3874512e+01
   5.6269410e+06   3.4729004e+01
   5.7481480e+06   3.2897949e+01
   5.8018790e+06   3.5705566e+01
   5.8262870e+06   3.4301758e+01
   5.8320470e+06   3.6743164e+01
   5.8526690e+06   3.4118652e+01
   5.8568530e+06   3.2775879e+01
   5.8754790e+06   3.3996582e+01
   5.9166310e+06   3.3020020e+01
   5.9470750e+06   3.3508301e+01
   5.9539880e+06   3.2897949e+01
