   5.9980000e+06   0.0000000e+00
   6.2643000e+04   3.5400391e+01
   1.4328100e+05   3.5705566e+01
   1.6499200e+05   4.1198730e+01
   3.1891100e+05   3.6254883e+01
   3.8621600e+05   3.9245605e+01
   4.2920600e+05   3.5888672e+01
   5.3888200e+05   3.5339355e+01
   5.8344900e+05   3.9611816e+01
   8.6110300e+05   3.6682129e+01
   8.9114800e+05   3.5217285e+01
   9.2542200e+05   3.5217285e+01
   9.7883100e+05   3.8269043e+01
   1.2751720e+06   4.0527344e+01
   1.5341510e+06   3.6437988e+01
   1.5681280e+06   3.5888672e+01
   1.6129510e+06   3.6010742e+01
   1.6732740e+06   3.9184570e+01
   1.6889760e+06   3.6437988e+01
   1.7460340e+06   4.0710449e+01
   1.7729010e+06   3.5095215e+01
   1.8193060e+06   3.7231445e+01
   1.8754920e+06   3.5827637e+01
   1.8854740e+06   3.5156250e+01
   1.9868930e+06   3.6376953e+01
   2.0014710e+06   3.5400391e+01
   2.0206200e+06   3.6254883e+01
   2.0468610e+06   3.4912109e+01
   2.0742990e+06   4.2480469e+01
   2.1016990e+06   3.8757324e+01
   2.1144790e+06   3.6987305e+01
   2.1255330e+06   3.7902832e+01
   2.1493670e+06   3.5766602e+01
   2.2082830e+06   3.9306641e+01
   2.2626620e+06   3.5644531e+01
   2.2651900e+06   3.9611816e+01
   2.2967580e+06   3.8269043e+01
   2.3300470e+06   3.6132813e+01
   2.3484630e+06   3.6437988e+01
   2.3521520e+06   3.7719727e+01
   2.4130490e+06   3.5339355e+01
   2.4359440e+06   3.9978027e+01
   2.4728150e+06   3.4851074e+01
   2.4967130e+06   3.5583496e+01
   2.8499430e+06   3.7658691e+01
   2.9029630e+06   3.5522461e+01
   2.9414950e+06   3.6926270e+01
   2.9585790e+06   4.5166016e+01
   2.9912770e+06   3.6804199e+01
   3.0204530e+06   3.7109375e+01
   3.1435000e+06   3.5217285e+01
   3.3112380e+06   3.5461426e+01
   3.3292920e+06   3.6987305e+01
   3.3938290e+06   3.5766602e+01
   3.4626850e+06   3.7048340e+01
   3.5881620e+06   3.8024902e+01
   3.6718000e+06   3.6132813e+01
   3.6757510e+06   3.7292480e+01
   3.9655660e+06   3.6132813e+01
   4.2140840e+06   3.4790039e+01
   4.2509910e+06   3.7658691e+01
   4.2887240e+06   3.5217285e+01
   4.5300760e+06   3.6926270e+01
   5.1495180e+06   3.7963867e+01
   5.1944810e+06   3.6560059e+01
   5.2688010e+06   3.5156250e+01
   5.2939300e+06   3.6437988e+01
   5.3757670e+06   3.6621094e+01
   5.3960580e+06   3.6437988e+01
   5.5720210e+06   3.5156250e+01
   5.6959260e+06   3.8269043e+01
   5.7110340e+06   3.5766602e+01
   5.7559490e+06   3.5705566e+01
   5.8043380e+06   3.6682129e+01
   5.8199180e+06   3.6010742e+01
