   1.1996000e+07   0.0000000e+00
   4.7535000e+04   2.5817871e+01
   7.9880000e+04   3.0273438e+01
   8.0496000e+04   2.6977539e+01
   2.1655200e+05   2.5085449e+01
   3.9509800e+05   2.5878906e+01
   3.9552900e+05   2.8320313e+01
   6.1557800e+05   2.4597168e+01
   6.5882600e+05   2.7343750e+01
   6.5886300e+05   2.4475098e+01
   6.5888000e+05   2.9174805e+01
   6.5893600e+05   2.4902344e+01
   6.5900200e+05   2.6489258e+01
   6.5911000e+05   2.6855469e+01
   6.5936800e+05   2.7587891e+01
   6.5938700e+05   2.5024414e+01
   6.5940600e+05   2.7343750e+01
   6.5948800e+05   2.7038574e+01
   6.9497600e+05   2.4169922e+01
   7.1956200e+05   2.4353027e+01
   7.5669300e+05   2.4475098e+01
   7.5677600e+05   2.6916504e+01
   7.5680300e+05   2.9724121e+01
   7.5685200e+05   2.8625488e+01
   7.5687600e+05   2.8869629e+01
   7.5691500e+05   2.9785156e+01
   7.5695100e+05   2.5878906e+01
   7.5723800e+05   2.5268555e+01
   7.5728300e+05   2.8442383e+01
   7.5759600e+05   2.4169922e+01
   7.5793900e+05   2.4597168e+01
   7.5805500e+05   2.4597168e+01
   8.0724100e+05   2.5512695e+01
   8.0727800e+05   2.4353027e+01
   8.0738500e+05   2.8808594e+01
   8.0749800e+05   3.5400391e+01
   8.0758900e+05   2.6367188e+01
   8.0760400e+05   2.5512695e+01
   8.0763600e+05   2.6062012e+01
   8.0767900e+05   2.4658203e+01
   8.5116300e+05   2.6062012e+01
   8.5122500e+05   2.4230957e+01
   8.5124900e+05   2.6550293e+01
   8.5127000e+05   3.0578613e+01
   8.5134500e+05   2.5512695e+01
   8.5136500e+05   2.5573730e+01
   8.9888100e+05   3.4179688e+01
   8.9889100e+05   2.5207520e+01
   8.9893300e+05   2.5878906e+01
   8.9898600e+05   2.7343750e+01
   8.9904400e+05   2.5756836e+01
   8.9907800e+05   2.5085449e+01
   8.9925300e+05   2.4291992e+01
   8.9940900e+05   2.4841309e+01
   8.9949400e+05   2.6550293e+01
   8.9973700e+05   2.6306152e+01
   8.9996500e+05   2.8137207e+01
   9.4188900e+05   2.4841309e+01
   9.4190900e+05   3.4484863e+01
   9.4192100e+05   2.4536133e+01
   9.4194100e+05   2.9174805e+01
   9.4198700e+05   3.0639648e+01
   9.4203200e+05   3.4301758e+01
   9.4214400e+05   2.6489258e+01
   9.4221800e+05   2.5329590e+01
   9.4234700e+05   2.7770996e+01
   9.4241600e+05   2.5024414e+01
   9.4244700e+05   2.4902344e+01
   9.4250600e+05   2.4414062e+01
   9.4296300e+05   2.4902344e+01
   9.8864700e+05   2.6550293e+01
   9.8878000e+05   2.4230957e+01
   9.8900100e+05   2.7893066e+01
   9.8920600e+05   2.4475098e+01
   9.8923900e+05   2.5024414e+01
   9.8925400e+05   3.1921387e+01
   9.8926800e+05   2.8991699e+01
   9.8931500e+05   3.1250000e+01
   9.8995700e+05   2.5939941e+01
   1.0288630e+06   2.6611328e+01
   1.0289000e+06   2.6428223e+01
   1.0289280e+06   2.5451660e+01
   1.0289750e+06   3.5522461e+01
   1.0290760e+06   2.9724121e+01
   1.0293400e+06   2.4475098e+01
   1.0294380e+06   2.5207520e+01
   1.0294620e+06   2.4291992e+01
   1.0295200e+06   2.5878906e+01
   1.0303860e+06   2.6306152e+01
   1.0742400e+06   2.6367188e+01
   1.0742720e+06   3.0578613e+01
   1.0743030e+06   2.6306152e+01
   1.0743690e+06   2.4169922e+01
   1.0743850e+06   2.4841309e+01
   1.0744870e+06   2.9846191e+01
   1.0745080e+06   2.8076172e+01
   1.0932260e+06   2.5390625e+01
   1.1143210e+06   2.5085449e+01
   1.1143410e+06   3.0639648e+01
   1.1143730e+06   3.4545898e+01
   1.1144460e+06   2.4841309e+01
   1.1144670e+06   2.6855469e+01
   1.1144980e+06   2.6428223e+01
   1.1145280e+06   2.8930664e+01
   1.1145380e+06   2.5024414e+01
   1.1149160e+06   2.4169922e+01
   1.1149740e+06   2.5085449e+01
   1.1150530e+06   2.5146484e+01
   1.1673000e+06   4.3701172e+01
   1.1673290e+06   2.5634766e+01
   1.1673890e+06   2.4597168e+01
   1.1674750e+06   3.3996582e+01
   1.1675030e+06   2.4658203e+01
   1.1675580e+06   2.5329590e+01
   1.1677000e+06   2.4536133e+01
   1.1677450e+06   2.6306152e+01
   1.1679930e+06   2.7465820e+01
   1.2201320e+06   2.4597168e+01
   1.2201710e+06   2.7465820e+01
   1.2201960e+06   2.6794434e+01
   1.2202560e+06   2.4902344e+01
   1.2202760e+06   2.4902344e+01
   1.2203210e+06   2.5207520e+01
   1.2203620e+06   2.4658203e+01
   1.2204410e+06   2.6062012e+01
   1.2206450e+06   2.6977539e+01
   1.2729880e+06   2.5390625e+01
   1.2730270e+06   2.5695801e+01
   1.2730390e+06   3.2653809e+01
   1.2730630e+06   3.2043457e+01
   1.2730760e+06   3.0822754e+01
   1.2731720e+06   2.6367188e+01
   1.2732360e+06   2.4414063e+01
   1.2732950e+06   2.4780273e+01
   1.2733070e+06   2.7770996e+01
   1.2733850e+06   2.6306152e+01
   1.2737170e+06   2.6733398e+01
   1.2738340e+06   2.5451660e+01
   1.3286560e+06   3.1494141e+01
   1.3287400e+06   2.7954102e+01
   1.3287870e+06   2.6184082e+01
   1.3288240e+06   2.5512695e+01
   1.3289070e+06   2.9418945e+01
   1.3289900e+06   2.5146484e+01
   1.3290570e+06   3.1860352e+01
   1.3291670e+06   2.5512695e+01
   1.3292250e+06   2.5878906e+01
   1.3488880e+06   2.5573730e+01
   1.3868760e+06   2.4475098e+01
   1.3870430e+06   2.4780273e+01
   1.3871720e+06   2.6184082e+01
   1.3871910e+06   2.7709961e+01
   1.3872690e+06   2.5756836e+01
   1.3885950e+06   2.4719238e+01
   1.4436840e+06   2.4597168e+01
   1.4439420e+06   2.4658203e+01
   1.4439550e+06   3.2226563e+01
   1.4440130e+06   2.4353027e+01
   1.4441550e+06   3.1860352e+01
   1.4442890e+06   2.8686523e+01
   1.4443410e+06   2.4841309e+01
   1.4443790e+06   3.1005859e+01
   1.4444240e+06   2.5878906e+01
   1.5326370e+06   2.6855469e+01
   1.5327790e+06   2.8686523e+01
   1.5329260e+06   3.2104492e+01
   1.5329900e+06   2.8503418e+01
   1.5330810e+06   2.6733398e+01
   1.5330990e+06   2.7160645e+01
   1.7222800e+06   2.6367188e+01
   1.9578300e+06   2.5573730e+01
   2.1540110e+06   2.6184082e+01
   2.3609220e+06   2.4353027e+01
   2.4222990e+06   2.6184082e+01
   2.5473540e+06   2.6550293e+01
   2.5474720e+06   2.5695801e+01
   2.6496510e+06   3.0517578e+01
   2.8878360e+06   2.4597168e+01
   2.8879560e+06   2.4658203e+01
   3.0315850e+06   2.7954102e+01
   3.2704180e+06   2.4414063e+01
   3.4170000e+06   2.5024414e+01
   3.4238920e+06   2.4780273e+01
   3.4310400e+06   2.8503418e+01
   3.4482390e+06   2.7038574e+01
   3.5125840e+06   2.4169922e+01
   3.5125980e+06   2.5207520e+01
   3.5598900e+06   2.5329590e+01
   3.7105780e+06   2.5085449e+01
   3.8350530e+06   2.6489258e+01
   3.8872200e+06   2.5878906e+01
   3.9461780e+06   2.5451660e+01
   3.9545160e+06   2.5756836e+01
   4.0722460e+06   2.5085449e+01
   4.0722680e+06   2.9235840e+01
   4.0723030e+06   3.3203125e+01
   4.0723450e+06   2.4414063e+01
   4.0723940e+06   2.8137207e+01
   4.0725070e+06   2.4169922e+01
   4.0725450e+06   2.5329590e+01
   4.1179500e+06   2.5146484e+01
   4.1180680e+06   2.4902344e+01
   4.1181150e+06   2.6733398e+01
   4.1182620e+06   2.8686523e+01
   4.1183840e+06   2.6428223e+01
   4.1185700e+06   2.5390625e+01
   4.1186210e+06   2.4841309e+01
   4.1187310e+06   2.4230957e+01
   4.1584640e+06   2.8564453e+01
   4.1585610e+06   2.6306152e+01
   4.1586270e+06   2.7343750e+01
   4.1586850e+06   2.7343750e+01
   4.1587450e+06   2.5634766e+01
   4.1587780e+06   2.8442383e+01
   4.1588040e+06   3.9916992e+01
   4.1588300e+06   3.0761719e+01
   4.1588560e+06   2.7160645e+01
   4.1588770e+06   2.5817871e+01
   4.1600520e+06   2.4353027e+01
   4.2040580e+06   2.7709961e+01
   4.2040950e+06   2.7709961e+01
   4.2041080e+06   3.5522461e+01
   4.2041400e+06   2.7160645e+01
   4.2042030e+06   3.1066895e+01
   4.2042170e+06   3.3691406e+01
   4.2042500e+06   3.0822754e+01
   4.2053650e+06   2.4719238e+01
   4.2169150e+06   3.2897949e+01
   4.2169350e+06   2.5634766e+01
   4.2169540e+06   3.7231445e+01
   4.2169770e+06   3.2287598e+01
   4.2170230e+06   2.4475098e+01
   4.2170730e+06   3.2592773e+01
   4.2175890e+06   2.7709961e+01
   4.2182770e+06   3.0883789e+01
   4.2279140e+06   2.4291992e+01
   4.2279870e+06   2.5390625e+01
   4.2398790e+06   2.6123047e+01
   4.2399870e+06   2.5207520e+01
   4.2400550e+06   2.8747559e+01
   4.2400940e+06   2.7954102e+01
   4.2401240e+06   2.4230957e+01
   4.2537900e+06   2.5634766e+01
   4.2538430e+06   2.5695801e+01
   4.2538910e+06   2.6550293e+01
   4.2539120e+06   2.5695801e+01
   4.2539470e+06   2.4536133e+01
   4.2539680e+06   3.1433105e+01
   4.2541830e+06   2.5817871e+01
   4.2544660e+06   2.7282715e+01
   4.2656750e+06   2.4169922e+01
   4.2657000e+06   2.7404785e+01
   4.2657170e+06   2.6367188e+01
   4.2657530e+06   2.9663086e+01
   4.2657830e+06   2.6550293e+01
   4.2658060e+06   3.2348633e+01
   4.2665650e+06   2.5451660e+01
   4.2751090e+06   2.5329590e+01
   4.2751390e+06   2.5695801e+01
   4.2751770e+06   2.9296875e+01
   4.2753330e+06   2.5756836e+01
   4.2754290e+06   2.4719238e+01
   4.2847980e+06   2.7832031e+01
   4.2960620e+06   2.8259277e+01
   4.2961790e+06   2.4536133e+01
   4.2962420e+06   2.5817871e+01
   4.2963050e+06   2.5146484e+01
   4.3054790e+06   2.6306152e+01
   4.3054940e+06   2.5207520e+01
   4.3055370e+06   2.9907227e+01
   4.3057350e+06   2.6916504e+01
   4.3063380e+06   2.4291992e+01
   4.3145750e+06   2.5756836e+01
   4.3146810e+06   2.5146484e+01
   4.3147680e+06   2.7526855e+01
   4.3148260e+06   3.3020020e+01
   4.3149040e+06   2.6184082e+01
   4.3248390e+06   2.9296875e+01
   4.3248770e+06   2.5939941e+01
   4.3248920e+06   3.4729004e+01
   4.3250110e+06   2.6123047e+01
   4.3256820e+06   2.5207520e+01
   4.3371980e+06   2.4353027e+01
   4.3372640e+06   2.4414063e+01
   4.3372870e+06   2.9724121e+01
   4.3373380e+06   2.6367188e+01
   4.3373660e+06   2.5878906e+01
   4.3374190e+06   2.5329590e+01
   4.3375280e+06   2.4719238e+01
   4.3473130e+06   2.5512695e+01
   4.3474740e+06   2.4597168e+01
   4.3628210e+06   2.5695801e+01
   4.3629520e+06   3.2165527e+01
   4.3630380e+06   2.7465820e+01
   4.3631820e+06   2.5878906e+01
   4.3637290e+06   2.6367187e+01
   4.3825560e+06   2.7893066e+01
   4.3825660e+06   2.6367188e+01
   4.3826200e+06   3.6621094e+01
   4.3826830e+06   3.4301758e+01
   4.3827890e+06   2.5695801e+01
   4.3828120e+06   2.4536133e+01
   4.3828480e+06   2.5146484e+01
   4.3952480e+06   2.4536133e+01
   4.3952620e+06   2.4353027e+01
   4.3953130e+06   2.5634766e+01
   4.3954440e+06   4.1015625e+01
   4.4076050e+06   2.7893066e+01
   4.4076420e+06   2.8259277e+01
   4.4077090e+06   2.6306152e+01
   4.4077390e+06   2.5634766e+01
   4.4077680e+06   3.0700684e+01
   4.4085230e+06   2.4902344e+01
   4.4250620e+06   2.4353027e+01
   4.4251060e+06   2.5085449e+01
   4.4251480e+06   2.5085449e+01
   4.4251900e+06   3.4057617e+01
   4.4252620e+06   2.4230957e+01
   4.6761610e+06   2.6794434e+01
   5.0525570e+06   2.4841309e+01
   5.1011640e+06   2.8137207e+01
   5.3999190e+06   2.6062012e+01
   5.3999780e+06   2.8564453e+01
   5.5162600e+06   2.6916504e+01
   5.6397860e+06   2.4536133e+01
   5.6398700e+06   2.4963379e+01
   5.7149290e+06   2.5268555e+01
   5.7592950e+06   2.7465820e+01
   5.8026660e+06   2.6245117e+01
   6.2701310e+06   2.4902344e+01
   6.3024480e+06   2.6550293e+01
   6.3741820e+06   2.6123047e+01
   6.4448570e+06   2.5207520e+01
   6.4813640e+06   2.8991699e+01
   6.6743880e+06   2.4902344e+01
   6.7848720e+06   2.5024414e+01
   6.8246420e+06   2.7893066e+01
   6.8559820e+06   2.4414063e+01
   6.9029020e+06   2.5329590e+01
   6.9036980e+06   2.7099609e+01
   6.9168490e+06   2.6733398e+01
   6.9283410e+06   2.5207520e+01
   6.9284130e+06   2.6062012e+01
   6.9285130e+06   2.8625488e+01
   6.9285470e+06   2.7160645e+01
   6.9286100e+06   2.5573730e+01
   6.9395960e+06   2.5024414e+01
   6.9396520e+06   2.6489258e+01
   6.9402270e+06   2.7282715e+01
   6.9491290e+06   2.6550293e+01
   6.9491660e+06   2.5207520e+01
   6.9493670e+06   2.8381348e+01
   6.9583370e+06   2.7465820e+01
   6.9583570e+06   2.6550293e+01
   6.9685280e+06   2.4230957e+01
   6.9775240e+06   3.0883789e+01
   6.9776590e+06   2.5085449e+01
   6.9777850e+06   2.4719238e+01
   6.9778190e+06   2.6489258e+01
   6.9779560e+06   2.9541016e+01
   6.9873980e+06   2.8076172e+01
   6.9874520e+06   2.4719238e+01
   6.9874870e+06   2.7282715e+01
   6.9875490e+06   3.2470703e+01
   6.9875960e+06   2.6184082e+01
   6.9876340e+06   2.4902344e+01
   6.9876700e+06   2.8137207e+01
   6.9883310e+06   2.4841309e+01
   6.9961590e+06   2.9174805e+01
   6.9962200e+06   3.6743164e+01
   7.0075400e+06   2.4902344e+01
   7.0075920e+06   2.5573730e+01
   7.0076320e+06   2.9174805e+01
   7.0076660e+06   2.5329590e+01
   7.0077600e+06   2.6794434e+01
   7.0083430e+06   2.4536133e+01
   7.0171040e+06   3.1005859e+01
   7.0171210e+06   2.7587891e+01
   7.0172070e+06   2.4658203e+01
   7.0172600e+06   3.1555176e+01
   7.0172740e+06   2.6062012e+01
   7.0173290e+06   3.5522461e+01
   7.0178680e+06   2.7404785e+01
   7.0260990e+06   2.5512695e+01
   7.0263430e+06   2.7038574e+01
   7.0358310e+06   2.5146484e+01
   7.0359310e+06   2.6367188e+01
   7.0359940e+06   2.7038574e+01
   7.0360300e+06   2.9541016e+01
   7.0366810e+06   2.5817871e+01
   7.0466780e+06   3.1005859e+01
   7.0466880e+06   2.9785156e+01
   7.0467050e+06   2.8381348e+01
   7.0467430e+06   2.9357910e+01
   7.0468220e+06   2.8930664e+01
   7.0576580e+06   2.5512695e+01
   7.0577390e+06   2.7832031e+01
   7.0577700e+06   2.4536133e+01
   7.0578570e+06   2.7038574e+01
   7.0583560e+06   2.4658203e+01
   7.0702910e+06   2.5024414e+01
   7.0703270e+06   2.5573730e+01
   7.0710230e+06   2.4780273e+01
   7.0823250e+06   3.3081055e+01
   7.0823480e+06   2.5329590e+01
   7.0824360e+06   2.6855469e+01
   7.0824660e+06   2.7648926e+01
   7.0825040e+06   2.6550293e+01
   7.0965340e+06   2.4658203e+01
   7.0965860e+06   2.8686523e+01
   7.0966990e+06   2.4353027e+01
   7.1081290e+06   2.5817871e+01
   7.1081680e+06   2.6855469e+01
   7.1081940e+06   3.0151367e+01
   7.1083530e+06   2.4414063e+01
   7.1218520e+06   2.8259277e+01
   7.1218640e+06   2.8015137e+01
   7.1218910e+06   2.7038574e+01
   7.1219420e+06   2.8991699e+01
   7.1220060e+06   2.4169922e+01
   7.1221140e+06   2.7404785e+01
   7.1226190e+06   2.4230957e+01
   7.1370240e+06   2.8686523e+01
   7.1371150e+06   2.5634766e+01
   7.1371360e+06   2.9418945e+01
   7.1371530e+06   2.7099609e+01
   7.1371830e+06   2.4536133e+01
   7.1372180e+06   2.8808594e+01
   7.1372400e+06   2.7099609e+01
   7.1372700e+06   2.6367188e+01
   7.1373090e+06   2.4169922e+01
   7.1379190e+06   2.6245117e+01
   7.1522780e+06   2.9357910e+01
   7.1523020e+06   2.7587891e+01
   7.1523450e+06   3.0273438e+01
   7.1525000e+06   2.6367188e+01
   7.1532310e+06   2.7526855e+01
   7.1775620e+06   2.6123047e+01
   7.1776170e+06   3.1188965e+01
   7.1776680e+06   2.6367187e+01
   7.1777730e+06   2.6245117e+01
   7.1777950e+06   2.8381348e+01
   7.1778860e+06   2.7587891e+01
   7.1786110e+06   2.5085449e+01
   7.6714200e+06   2.4475098e+01
   7.6778970e+06   2.5024414e+01
   7.7795880e+06   2.4230957e+01
   7.8469740e+06   2.6367188e+01
   7.9558100e+06   2.4780273e+01
   8.1048410e+06   2.6367188e+01
   8.3728310e+06   2.6489258e+01
   8.3730400e+06   2.4230957e+01
   8.4924370e+06   2.4230957e+01
   8.5165070e+06   2.4414062e+01
   8.5378700e+06   2.7832031e+01
   8.5694860e+06   2.4902344e+01
   8.5701080e+06   2.5390625e+01
   8.5810860e+06   2.4902344e+01
   8.5812060e+06   3.0212402e+01
   8.5812300e+06   2.4414063e+01
   8.5813620e+06   3.1738281e+01
   8.5814190e+06   3.3752441e+01
   8.5814630e+06   3.3508301e+01
   8.5821790e+06   2.6428223e+01
   8.5917180e+06   2.4658203e+01
   8.5917530e+06   2.4230957e+01
   8.5917960e+06   3.1127930e+01
   8.5918550e+06   2.5634766e+01
   8.6009660e+06   2.9907227e+01
   8.6010600e+06   2.4658203e+01
   8.6012260e+06   2.5268555e+01
   8.6013260e+06   2.5695801e+01
   8.6013360e+06   2.6000977e+01
   8.6112800e+06   2.8015137e+01
   8.6113660e+06   2.6306152e+01
   8.6114830e+06   2.8015137e+01
   8.6114930e+06   2.5817871e+01
   8.6115510e+06   2.5146484e+01
   8.6203450e+06   2.7526855e+01
   8.6204110e+06   2.5512695e+01
   8.6204760e+06   2.6489258e+01
   8.6205790e+06   2.5512695e+01
   8.6328940e+06   2.5634766e+01
   8.6330230e+06   2.5146484e+01
   8.6330780e+06   2.8076172e+01
   8.6330930e+06   2.8137207e+01
   8.6331350e+06   2.5146484e+01
   8.6331600e+06   2.6123047e+01
   8.6336850e+06   3.0212402e+01
   8.6430830e+06   2.5085449e+01
   8.6431590e+06   2.7709961e+01
   8.6432430e+06   2.6306152e+01
   8.6433270e+06   2.5634766e+01
   8.6544990e+06   2.7160645e+01
   8.6545510e+06   2.8015137e+01
   8.6545720e+06   2.5573730e+01
   8.6675210e+06   2.5146484e+01
   8.6675720e+06   2.5512695e+01
   8.6675930e+06   2.4780273e+01
   8.6676030e+06   2.4841309e+01
   8.6676710e+06   3.0334473e+01
   8.6677700e+06   2.4536133e+01
   8.6682240e+06   2.5512695e+01
   8.6790140e+06   2.5390625e+01
   8.6791170e+06   2.4230957e+01
   8.6792040e+06   2.6489258e+01
   8.6792600e+06   2.9785156e+01
   8.6908640e+06   3.0395508e+01
   8.6908980e+06   2.9479980e+01
   8.6909220e+06   2.7587891e+01
   8.6909780e+06   2.6550293e+01
   8.6910110e+06   2.7648926e+01
   8.6910470e+06   2.6794434e+01
   8.6910590e+06   2.5146484e+01
   8.7046000e+06   2.5634766e+01
   8.7047600e+06   3.1311035e+01
   8.7047850e+06   2.4719238e+01
   8.7048420e+06   3.0578613e+01
   8.7187220e+06   2.5329590e+01
   8.7187410e+06   2.9724121e+01
   8.7188740e+06   2.8503418e+01
   8.7194180e+06   2.6733398e+01
   8.7494150e+06   2.6245117e+01
   8.7494280e+06   3.1616211e+01
   8.7495020e+06   3.1250000e+01
   8.7495260e+06   2.6306152e+01
   8.7495730e+06   2.4963379e+01
   8.7496150e+06   2.8259277e+01
   8.7496630e+06   2.9724121e+01
   8.7496820e+06   3.4851074e+01
   8.7497190e+06   3.2287598e+01
   8.7502970e+06   2.4291992e+01
   8.8079860e+06   2.4597168e+01
   8.8080330e+06   3.0578613e+01
   8.8080620e+06   2.5146484e+01
   8.8080920e+06   2.9235840e+01
   8.8081240e+06   2.8808594e+01
   8.8081820e+06   2.6733398e+01
   8.8082580e+06   2.7099609e+01
   8.8567690e+06   2.8808594e+01
   8.8567970e+06   2.4169922e+01
   8.8568460e+06   2.6000977e+01
   8.8568660e+06   2.8625488e+01
   8.8569420e+06   2.6916504e+01
   8.9015390e+06   3.4606934e+01
   8.9016220e+06   2.7099609e+01
   8.9016410e+06   2.6855469e+01
   8.9017380e+06   3.2043457e+01
   8.9017830e+06   2.5207520e+01
   8.9018040e+06   2.4902344e+01
   8.9612760e+06   2.9968262e+01
   8.9613820e+06   2.4291992e+01
   8.9614240e+06   3.3996582e+01
   8.9615060e+06   2.5207520e+01
   8.9615250e+06   3.1921387e+01
   9.0126020e+06   2.6123047e+01
   9.0126440e+06   2.5939941e+01
   9.0126910e+06   2.6123047e+01
   9.0127060e+06   3.2043457e+01
   9.0127450e+06   2.5085449e+01
   9.0128190e+06   2.6794434e+01
   9.0132870e+06   2.4353027e+01
   9.0649680e+06   3.3996582e+01
   9.0650700e+06   2.8320312e+01
   9.0651960e+06   2.4230957e+01
   9.0652310e+06   2.5451660e+01
   9.0654430e+06   2.6367188e+01
   9.1278120e+06   2.8442383e+01
   9.1279080e+06   2.4536133e+01
   9.1279710e+06   2.8259277e+01
   9.1280900e+06   2.5939941e+01
   9.2464030e+06   2.7160645e+01
   9.4840570e+06   2.5573730e+01
   1.0025403e+07   2.5512695e+01
   1.0025427e+07   2.4963379e+01
   1.0025726e+07   2.4169922e+01
   1.0144045e+07   2.5024414e+01
   1.0393904e+07   2.8198242e+01
   1.0512565e+07   2.6367188e+01
   1.0853225e+07   2.6977539e+01
   1.0948070e+07   2.4475098e+01
   1.1026885e+07   2.4597168e+01
   1.1027102e+07   2.7465820e+01
   1.1027288e+07   3.3081055e+01
   1.1086944e+07   2.5207520e+01
   1.1118853e+07   2.7770996e+01
   1.1131170e+07   2.7648926e+01
   1.1150991e+07   2.4353027e+01
   1.1161598e+07   2.8991699e+01
   1.1161893e+07   2.8320313e+01
   1.1171958e+07   2.4475098e+01
   1.1172040e+07   2.6611328e+01
   1.1172066e+07   2.5207520e+01
   1.1172626e+07   2.7160645e+01
   1.1181480e+07   2.5451660e+01
   1.1181620e+07   2.4353027e+01
   1.1182066e+07   2.4353027e+01
   1.1194124e+07   2.4658203e+01
   1.1194148e+07   3.0944824e+01
   1.1194195e+07   2.8808594e+01
   1.1194239e+07   2.7404785e+01
   1.1194303e+07   2.4230957e+01
   1.1194409e+07   3.0029297e+01
   1.1203376e+07   2.9052734e+01
   1.1203618e+07   2.4291992e+01
   1.1211970e+07   2.8503418e+01
   1.1212059e+07   2.5512695e+01
   1.1212074e+07   2.4291992e+01
   1.1212142e+07   2.5756836e+01
   1.1212314e+07   3.1311035e+01
   1.1212404e+07   2.4902344e+01
   1.1221496e+07   3.1005859e+01
   1.1221554e+07   2.4963379e+01
   1.1222417e+07   2.8015137e+01
   1.1231356e+07   2.9113770e+01
   1.1231366e+07   2.7770996e+01
   1.1231422e+07   2.4536133e+01
   1.1231433e+07   2.7465820e+01
   1.1231541e+07   2.7770996e+01
   1.1241314e+07   2.7160645e+01
   1.1241368e+07   3.0395508e+01
   1.1241470e+07   2.8747559e+01
   1.1241489e+07   2.5756836e+01
   1.1250819e+07   2.4169922e+01
   1.1251608e+07   2.4291992e+01
   1.1259863e+07   2.6245117e+01
   1.1260034e+07   2.7587891e+01
   1.1260094e+07   2.7893066e+01
   1.1260131e+07   2.5207520e+01
   1.1269085e+07   2.4230957e+01
   1.1269185e+07   2.5451660e+01
   1.1269215e+07   2.6245117e+01
   1.1269265e+07   2.9235840e+01
   1.1269315e+07   2.8503418e+01
   1.1279283e+07   2.7221680e+01
   1.1279351e+07   2.4353027e+01
   1.1279379e+07   3.0273437e+01
   1.1279442e+07   3.1921387e+01
   1.1279542e+07   2.4536133e+01
   1.1279587e+07   2.5573730e+01
   1.1280037e+07   2.6184082e+01
   1.1291692e+07   2.8381348e+01
   1.1291758e+07   2.7160645e+01
   1.1291783e+07   2.7038574e+01
   1.1291798e+07   2.4719238e+01
   1.1291874e+07   2.6672363e+01
   1.1292480e+07   2.7832031e+01
   1.1303544e+07   2.5024414e+01
   1.1303658e+07   2.4414063e+01
   1.1303684e+07   3.6865234e+01
   1.1303750e+07   2.9907227e+01
   1.1303857e+07   2.4719238e+01
   1.1314627e+07   3.1860352e+01
   1.1314684e+07   2.5573730e+01
   1.1314875e+07   2.7038574e+01
   1.1314912e+07   2.5939941e+01
   1.1325789e+07   2.8320312e+01
   1.1325825e+07   2.4169922e+01
   1.1325936e+07   3.4545898e+01
   1.1325958e+07   2.8564453e+01
   1.1326042e+07   2.5451660e+01
   1.1345124e+07   2.9174805e+01
   1.1345200e+07   2.6733398e+01
   1.1345254e+07   2.5146484e+01
   1.1345308e+07   2.5451660e+01
   1.1346077e+07   2.5329590e+01
   1.1359164e+07   2.7282715e+01
   1.1359288e+07   2.5268555e+01
   1.1359304e+07   2.6245117e+01
   1.1359314e+07   2.6245117e+01
   1.1375018e+07   2.4414063e+01
   1.1375054e+07   2.6550293e+01
   1.1375073e+07   2.4902344e+01
   1.1375177e+07   2.6062012e+01
   1.1375215e+07   2.6428223e+01
   1.1375281e+07   2.7770996e+01
   1.1375409e+07   2.4841309e+01
   1.1392729e+07   2.8015137e+01
   1.1392746e+07   2.7282715e+01
   1.1392760e+07   2.4841309e+01
   1.1392810e+07   3.2531738e+01
   1.1392838e+07   2.6062012e+01
   1.1408570e+07   2.4902344e+01
   1.1408625e+07   2.7160645e+01
   1.1408731e+07   2.9357910e+01
   1.1408916e+07   2.8076172e+01
   1.1408969e+07   2.6062012e+01
   1.1409283e+07   2.6367188e+01
   1.1466068e+07   2.6733398e+01
   1.1466097e+07   3.6437988e+01
   1.1466145e+07   2.4414062e+01
   1.1466210e+07   3.4667969e+01
   1.1466295e+07   2.5939941e+01
   1.1466327e+07   2.8808594e+01
   1.1466367e+07   2.7832031e+01
   1.1466538e+07   2.5329590e+01
   1.1466867e+07   2.4719238e+01
   1.1510590e+07   2.4536133e+01
   1.1510654e+07   2.5268555e+01
   1.1510719e+07   3.2409668e+01
   1.1510779e+07   3.8635254e+01
   1.1510806e+07   2.8442383e+01
   1.1510876e+07   2.6245117e+01
   1.1553913e+07   3.2592773e+01
   1.1553963e+07   2.4475098e+01
   1.1554032e+07   3.5034180e+01
   1.1554265e+07   2.5085449e+01
   1.1664570e+07   2.4475098e+01
   1.1775435e+07   2.4230957e+01
