   1.1996000e+07   0.0000000e+00
   7.9867000e+04   4.6447754e+01
   7.9969000e+04   4.1503906e+01
   2.1649700e+05   4.8889160e+01
   2.1659800e+05   3.7597656e+01
   3.7584900e+05   3.5095215e+01
   3.7594200e+05   3.2104492e+01
   3.9510000e+05   3.7841797e+01
   3.9522500e+05   2.6916504e+01
   5.4310700e+05   4.6081543e+01
   5.4319600e+05   3.1127930e+01
   6.1522300e+05   4.8095703e+01
   6.1532500e+05   2.8686523e+01
   6.5874800e+05   4.5593262e+01
   6.5881000e+05   2.4047852e+01
   6.5884000e+05   3.0090332e+01
   6.5885900e+05   2.8137207e+01
   6.5889200e+05   2.9846191e+01
   6.5891800e+05   2.9724121e+01
   6.5893300e+05   2.9846191e+01
   6.5894400e+05   2.9235840e+01
   6.5898500e+05   2.4719238e+01
   6.5919700e+05   2.7221680e+01
   6.5952500e+05   2.9052734e+01
   7.1845000e+05   4.4738770e+01
   7.1869600e+05   2.5085449e+01
   7.1886800e+05   4.3640137e+01
   7.1934500e+05   4.0100098e+01
   7.1961200e+05   3.5217285e+01
   7.1989500e+05   4.0039063e+01
   7.2045400e+05   3.5400391e+01
   7.2069700e+05   2.8991699e+01
   7.2179800e+05   2.7465820e+01
   7.5674100e+05   2.4841309e+01
   7.5680400e+05   2.5695801e+01
   7.5689200e+05   2.4963379e+01
   7.5691400e+05   2.8564453e+01
   7.5692400e+05   2.4902344e+01
   7.5702700e+05   2.5939941e+01
   7.5718400e+05   2.4047852e+01
   7.5730400e+05   2.5939941e+01
   7.5741500e+05   2.3620605e+01
   8.0724600e+05   3.5156250e+01
   8.0732800e+05   2.9602051e+01
   8.0733900e+05   2.4353027e+01
   8.0740000e+05   2.5451660e+01
   8.0743700e+05   3.1616211e+01
   8.0746000e+05   2.7343750e+01
   8.0747700e+05   2.5512695e+01
   8.0758000e+05   2.4230957e+01
   8.0809500e+05   2.4414063e+01
   8.0817000e+05   2.4108887e+01
   8.5116800e+05   5.5236816e+01
   8.5119200e+05   3.6804199e+01
   8.5121100e+05   3.0029297e+01
   8.5122100e+05   2.5268555e+01
   8.5124600e+05   2.7099609e+01
   8.5127500e+05   2.8259277e+01
   8.5161900e+05   2.5634766e+01
   8.5175100e+05   2.7038574e+01
   8.9884800e+05   4.4372559e+01
   8.9887200e+05   2.4475098e+01
   8.9890800e+05   2.9479980e+01
   8.9893800e+05   3.0517578e+01
   8.9896600e+05   2.8503418e+01
   8.9897900e+05   2.3742676e+01
   8.9910000e+05   3.0822754e+01
   8.9917000e+05   2.7404785e+01
   8.9924200e+05   2.3620605e+01
   8.9947300e+05   2.4902344e+01
   8.9949400e+05   2.6489258e+01
   9.4190200e+05   4.7302246e+01
   9.4193200e+05   3.0456543e+01
   9.4197000e+05   2.8869629e+01
   9.4199300e+05   2.7282715e+01
   9.4204700e+05   2.5146484e+01
   9.4212900e+05   2.4963379e+01
   9.4246800e+05   2.6794434e+01
   9.8864100e+05   2.4108887e+01
   9.8865600e+05   4.2907715e+01
   9.8869900e+05   4.4128418e+01
   9.8873500e+05   3.4912109e+01
   9.8877000e+05   2.4230957e+01
   9.8891900e+05   2.5878906e+01
   9.8914300e+05   2.6123047e+01
   9.8923900e+05   2.9357910e+01
   9.8938700e+05   2.4597168e+01
   1.0288330e+06   2.3681641e+01
   1.0288490e+06   4.8156738e+01
   1.0288930e+06   4.4128418e+01
   1.0289080e+06   2.5146484e+01
   1.0289250e+06   2.6062012e+01
   1.0289500e+06   3.2897949e+01
   1.0289650e+06   2.5085449e+01
   1.0289990e+06   3.9306641e+01
   1.0290150e+06   2.5085449e+01
   1.0290430e+06   3.0456543e+01
   1.0294340e+06   2.4475098e+01
   1.0742450e+06   5.1452637e+01
   1.0742870e+06   3.1494141e+01
   1.0743060e+06   2.3742676e+01
   1.0743590e+06   2.8930664e+01
   1.0743810e+06   2.8930664e+01
   1.0744130e+06   2.4658203e+01
   1.0744340e+06   3.0029297e+01
   1.0745340e+06   2.5451660e+01
   1.1143330e+06   4.2663574e+01
   1.1143540e+06   2.8869629e+01
   1.1143780e+06   3.2592773e+01
   1.1144720e+06   2.5207520e+01
   1.1144830e+06   2.5390625e+01
   1.1147200e+06   2.3986816e+01
   1.1149670e+06   2.5329590e+01
   1.1150410e+06   2.5817871e+01
   1.1150630e+06   2.4291992e+01
   1.1672920e+06   4.3457031e+01
   1.1673410e+06   3.7780762e+01
   1.1673690e+06   2.4841309e+01
   1.1674320e+06   2.3925781e+01
   1.1674630e+06   2.5756836e+01
   1.1675160e+06   2.6062012e+01
   1.1676040e+06   2.9724121e+01
   1.1677500e+06   2.4841309e+01
   1.1679000e+06   2.7404785e+01
   1.1679950e+06   2.6489258e+01
   1.1680200e+06   2.5573730e+01
   1.1687870e+06   2.4475098e+01
   1.2200140e+06   4.2907715e+01
   1.2201140e+06   2.5268555e+01
   1.2201250e+06   3.5766602e+01
   1.2202680e+06   3.5034180e+01
   1.2203060e+06   3.0456543e+01
   1.2203350e+06   2.4169922e+01
   1.2203790e+06   2.7099609e+01
   1.2204070e+06   3.2348633e+01
   1.2204550e+06   2.8381348e+01
   1.2210890e+06   2.5085449e+01
   1.2729540e+06   4.8583984e+01
   1.2729800e+06   2.4658203e+01
   1.2730090e+06   2.6916504e+01
   1.2730350e+06   2.5756836e+01
   1.2731390e+06   2.5756836e+01
   1.2731830e+06   2.5817871e+01
   1.2732080e+06   3.5217285e+01
   1.2732320e+06   2.4414063e+01
   1.2737730e+06   2.4780273e+01
   1.2738540e+06   2.4963379e+01
   1.3284160e+06   3.7719727e+01
   1.3285520e+06   3.6560059e+01
   1.3287410e+06   2.8442383e+01
   1.3289100e+06   2.4658203e+01
   1.3290480e+06   2.5878906e+01
   1.3291710e+06   2.6123047e+01
   1.3863180e+06   3.9794922e+01
   1.3864900e+06   4.0710449e+01
   1.3867980e+06   2.5634766e+01
   1.3868850e+06   2.4353027e+01
   1.3869220e+06   2.4291992e+01
   1.3869770e+06   2.9418945e+01
   1.3871850e+06   2.5024414e+01
   1.3872130e+06   2.6245117e+01
   1.4431290e+06   2.3742676e+01
   1.4432700e+06   3.9978027e+01
   1.4435860e+06   4.3823242e+01
   1.4437140e+06   3.2714844e+01
   1.4439660e+06   2.7648926e+01
   1.4440070e+06   2.5573730e+01
   1.4441270e+06   2.7282715e+01
   1.4441870e+06   2.8442383e+01
   1.4442190e+06   2.3864746e+01
   1.4442850e+06   2.8991699e+01
   1.4443630e+06   3.0090332e+01
   1.4444140e+06   2.7160645e+01
   1.4445450e+06   2.9479980e+01
   1.5322670e+06   3.6743164e+01
   1.5324930e+06   3.6804199e+01
   1.5326120e+06   2.3559570e+01
   1.5326450e+06   3.5400391e+01
   1.5326680e+06   2.9296875e+01
   1.5326930e+06   2.5878906e+01
   1.5329780e+06   2.6245117e+01
   1.7173490e+06   4.4982910e+01
   1.7174580e+06   3.6315918e+01
   1.8421760e+06   4.8645020e+01
   1.8422840e+06   2.6367188e+01
   2.0309120e+06   3.7658691e+01
   2.0310260e+06   2.6428223e+01
   2.1539980e+06   5.3222656e+01
   2.1540890e+06   3.1677246e+01
   2.3199400e+06   4.0893555e+01
   2.3200460e+06   3.8635254e+01
   2.3605230e+06   4.9316406e+01
   2.3606140e+06   3.2165527e+01
   2.5471160e+06   4.4555664e+01
   2.5472100e+06   2.6123047e+01
   2.6496140e+06   4.8156738e+01
   2.6497170e+06   3.6499023e+01
   2.7114900e+06   4.5043945e+01
   2.7115960e+06   3.1250000e+01
   2.8878030e+06   3.8940430e+01
   2.8879040e+06   3.7536621e+01
   3.0313390e+06   5.0109863e+01
   3.0314250e+06   2.7526855e+01
   3.0930110e+06   4.6020508e+01
   3.0931080e+06   2.7832031e+01
   3.2704170e+06   5.0170898e+01
   3.2704990e+06   3.4851074e+01
   3.4169510e+06   4.6081543e+01
   3.4170420e+06   3.0212402e+01
   3.4307700e+06   3.9428711e+01
   3.4308610e+06   3.5766602e+01
   3.5125700e+06   5.5969238e+01
   3.5126720e+06   3.5095215e+01
   3.7103350e+06   4.2175293e+01
   3.7104320e+06   3.4423828e+01
   3.7105200e+06   2.6428223e+01
   3.7977500e+06   5.0659180e+01
   3.7978370e+06   2.9174805e+01
   3.9544870e+06   3.8757324e+01
   3.9545770e+06   2.7099609e+01
   3.9818240e+06   2.4047852e+01
   4.0721160e+06   4.1503906e+01
   4.0721870e+06   2.3864746e+01
   4.0722090e+06   2.9602051e+01
   4.0722410e+06   2.6733398e+01
   4.0723520e+06   2.7038574e+01
   4.0724140e+06   2.7587891e+01
   4.0724580e+06   2.4108887e+01
   4.0725220e+06   2.4291992e+01
   4.0725620e+06   2.3986816e+01
   4.0730370e+06   2.5085449e+01
   4.0731070e+06   2.3803711e+01
   4.1180480e+06   3.6376953e+01
   4.1181610e+06   3.2287598e+01
   4.1184270e+06   2.3681641e+01
   4.1184670e+06   2.5817871e+01
   4.1185080e+06   2.4291992e+01
   4.1185700e+06   2.8137207e+01
   4.1185940e+06   2.3559570e+01
   4.1584460e+06   3.8635254e+01
   4.1585340e+06   2.9113770e+01
   4.1586660e+06   2.4536133e+01
   4.1586960e+06   2.9113770e+01
   4.1587430e+06   2.4291992e+01
   4.1587740e+06   2.7282715e+01
   4.1588160e+06   2.7648926e+01
   4.1588840e+06   2.4719238e+01
   4.1592810e+06   2.9418945e+01
   4.1593610e+06   2.7770996e+01
   4.1600620e+06   2.4597168e+01
   4.2040450e+06   4.2114258e+01
   4.2040830e+06   2.3742676e+01
   4.2040990e+06   2.7160645e+01
   4.2041940e+06   2.6855469e+01
   4.2042110e+06   2.6672363e+01
   4.2042280e+06   2.6367188e+01
   4.2042500e+06   2.7893066e+01
   4.2042960e+06   2.5268555e+01
   4.2052560e+06   2.4902344e+01
   4.2166830e+06   4.0344238e+01
   4.2167940e+06   2.7770996e+01
   4.2168310e+06   2.4536133e+01
   4.2168430e+06   2.6794434e+01
   4.2169890e+06   2.4597168e+01
   4.2170430e+06   3.1677246e+01
   4.2170850e+06   2.8076172e+01
   4.2175730e+06   2.5634766e+01
   4.2275710e+06   4.1442871e+01
   4.2278000e+06   2.5512695e+01
   4.2279190e+06   2.5756836e+01
   4.2280290e+06   2.5146484e+01
   4.2397290e+06   2.4841309e+01
   4.2398590e+06   2.7526855e+01
   4.2398770e+06   2.7038574e+01
   4.2399950e+06   2.8015137e+01
   4.2400070e+06   2.4597168e+01
   4.2400180e+06   2.7587891e+01
   4.2536240e+06   3.7597656e+01
   4.2537200e+06   3.4606934e+01
   4.2537850e+06   2.6000977e+01
   4.2538070e+06   2.4230957e+01
   4.2538650e+06   2.6611328e+01
   4.2538910e+06   2.8869629e+01
   4.2544930e+06   2.3742676e+01
   4.2655040e+06   3.6987305e+01
   4.2656250e+06   2.7465820e+01
   4.2656820e+06   2.4108887e+01
   4.2657230e+06   2.6916504e+01
   4.2657570e+06   2.4597168e+01
   4.2658160e+06   2.4658203e+01
   4.2658590e+06   2.4536133e+01
   4.2662970e+06   2.3559570e+01
   4.2750410e+06   4.0771484e+01
   4.2751350e+06   2.4902344e+01
   4.2751950e+06   2.3620605e+01
   4.2752890e+06   2.4719238e+01
   4.2753350e+06   2.5939941e+01
   4.2844430e+06   4.4799805e+01
   4.2845350e+06   2.4536133e+01
   4.2846020e+06   2.4291992e+01
   4.2846430e+06   2.5573730e+01
   4.2846540e+06   2.7526855e+01
   4.2846890e+06   2.4291992e+01
   4.2847310e+06   2.3925781e+01
   4.2847600e+06   2.6855469e+01
   4.2847750e+06   2.3620605e+01
   4.2852120e+06   2.4414063e+01
   4.2959990e+06   2.6489258e+01
   4.2960650e+06   2.5695801e+01
   4.2961090e+06   2.7893066e+01
   4.2961400e+06   2.5573730e+01
   4.2961730e+06   2.7709961e+01
   4.2962230e+06   2.7709961e+01
   4.2962780e+06   2.6245117e+01
   4.3053630e+06   3.0883789e+01
   4.3055970e+06   2.5939941e+01
   4.3056460e+06   2.4353027e+01
   4.3057180e+06   2.6672363e+01
   4.3145870e+06   3.6926270e+01
   4.3146680e+06   2.5817871e+01
   4.3147650e+06   2.8015137e+01
   4.3148320e+06   2.4414063e+01
   4.3247370e+06   3.9184570e+01
   4.3247890e+06   3.1311035e+01
   4.3248340e+06   2.9724121e+01
   4.3248740e+06   2.6306152e+01
   4.3249390e+06   2.6062012e+01
   4.3249590e+06   3.2531738e+01
   4.3250060e+06   2.9724121e+01
   4.3250500e+06   2.5512695e+01
   4.3372010e+06   3.3447266e+01
   4.3372560e+06   2.3986816e+01
   4.3372810e+06   2.5573730e+01
   4.3373270e+06   2.7099609e+01
   4.3373440e+06   2.3864746e+01
   4.3374290e+06   2.8198242e+01
   4.3375030e+06   2.3803711e+01
   4.3379500e+06   2.4536133e+01
   4.3472640e+06   3.6560059e+01
   4.3473430e+06   2.7282715e+01
   4.3474670e+06   3.2470703e+01
   4.3474890e+06   2.4291992e+01
   4.3628150e+06   3.0151367e+01
   4.3628810e+06   2.3803711e+01
   4.3629480e+06   2.7893066e+01
   4.3629710e+06   2.7832031e+01
   4.3630020e+06   2.4169922e+01
   4.3630600e+06   2.6428223e+01
   4.3630880e+06   2.5390625e+01
   4.3824570e+06   4.3273926e+01
   4.3825420e+06   3.0151367e+01
   4.3826040e+06   2.4047852e+01
   4.3826170e+06   3.0395508e+01
   4.3826720e+06   3.2348633e+01
   4.3826980e+06   2.8991699e+01
   4.3951170e+06   3.2531738e+01
   4.3952420e+06   2.7832031e+01
   4.3952930e+06   2.7709961e+01
   4.3953630e+06   2.4536133e+01
   4.3953910e+06   2.6184082e+01
   4.3954600e+06   2.8869629e+01
   4.3961330e+06   2.3925781e+01
   4.4074300e+06   4.4067383e+01
   4.4075640e+06   2.9968262e+01
   4.4076140e+06   2.7038574e+01
   4.4077110e+06   2.4963379e+01
   4.4077740e+06   2.5451660e+01
   4.4084440e+06   2.6123047e+01
   4.4248070e+06   4.1259766e+01
   4.4249340e+06   2.6794434e+01
   4.4249490e+06   2.3925781e+01
   4.4249700e+06   3.1311035e+01
   4.4250790e+06   2.7648926e+01
   4.4250990e+06   2.8991699e+01
   4.4251490e+06   2.4658203e+01
   4.8614050e+06   4.0588379e+01
   4.8614950e+06   3.2653809e+01
   5.1011360e+06   5.0292969e+01
   5.1012230e+06   2.4963379e+01
   5.2275520e+06   5.0903320e+01
   5.2276330e+06   3.3325195e+01
   5.3997590e+06   5.1452637e+01
   5.3998520e+06   2.5268555e+01
   5.5162190e+06   4.0100098e+01
   5.5163120e+06   2.7587891e+01
   5.6399300e+06   4.3395996e+01
   5.6400160e+06   3.1921387e+01
   5.7148910e+06   5.3283691e+01
   5.7149810e+06   3.1066895e+01
   5.7589770e+06   3.6804199e+01
   5.7590720e+06   3.2592773e+01
   5.8022740e+06   4.3762207e+01
   5.8023700e+06   3.2165527e+01
   6.0534790e+06   5.3405762e+01
   6.0535710e+06   3.3081055e+01
   6.1768100e+06   4.9804687e+01
   6.1769080e+06   3.0212402e+01
   6.3024430e+06   4.7180176e+01
   6.3025370e+06   2.8259277e+01
   6.4448060e+06   4.1809082e+01
   6.4449010e+06   2.8503418e+01
   6.4813280e+06   4.2602539e+01
   6.4814220e+06   3.5400391e+01
   6.6741930e+06   4.3701172e+01
   6.6742830e+06   3.0395508e+01
   6.8246380e+06   4.2236328e+01
   6.8247300e+06   2.5329590e+01
   6.8558120e+06   4.0893555e+01
   6.8559270e+06   3.0212402e+01
   6.9028130e+06   4.7485352e+01
   6.9029060e+06   3.2226563e+01
   6.9168100e+06   4.0283203e+01
   6.9169310e+06   3.0944824e+01
   6.9278270e+06   4.0466309e+01
   6.9279420e+06   3.7475586e+01
   6.9283700e+06   2.6428223e+01
   6.9284210e+06   2.4108887e+01
   6.9284850e+06   2.3742676e+01
   6.9285450e+06   2.6550293e+01
   6.9286070e+06   2.3559570e+01
   6.9392300e+06   3.9184570e+01
   6.9393370e+06   2.6123047e+01
   6.9393980e+06   2.4475098e+01
   6.9394940e+06   2.8442383e+01
   6.9395120e+06   2.8259277e+01
   6.9396480e+06   2.4414063e+01
   6.9486440e+06   3.8452148e+01
   6.9487880e+06   3.1921387e+01
   6.9489350e+06   2.3864746e+01
   6.9491180e+06   2.4658203e+01
   6.9578690e+06   3.4729004e+01
   6.9580130e+06   3.0639648e+01
   6.9581020e+06   2.4291992e+01
   6.9670400e+06   3.6010742e+01
   6.9675990e+06   2.8381348e+01
   6.9679390e+06   3.2470703e+01
   6.9681660e+06   3.0822754e+01
   6.9684990e+06   2.5268555e+01
   6.9685560e+06   2.5207520e+01
   6.9686050e+06   2.4780273e+01
   6.9687250e+06   2.7282715e+01
   6.9774550e+06   3.4240723e+01
   6.9775690e+06   2.7587891e+01
   6.9778260e+06   2.3620605e+01
   6.9778790e+06   2.4414063e+01
   6.9872500e+06   3.6926270e+01
   6.9873640e+06   2.4719238e+01
   6.9875580e+06   3.1005859e+01
   6.9876130e+06   2.3986816e+01
   6.9958830e+06   2.5878906e+01
   6.9960520e+06   2.3986816e+01
   6.9960790e+06   2.6062012e+01
   6.9961500e+06   2.7832031e+01
   6.9961830e+06   2.5146484e+01
   6.9962330e+06   2.3986816e+01
   6.9968790e+06   2.7465820e+01
   7.0074600e+06   3.8391113e+01
   7.0075700e+06   2.8442383e+01
   7.0076620e+06   2.5390625e+01
   7.0077070e+06   2.4719238e+01
   7.0077290e+06   2.4719238e+01
   7.0077640e+06   2.5085449e+01
   7.0078220e+06   2.8198242e+01
   7.0170530e+06   3.5400391e+01
   7.0172470e+06   2.6977539e+01
   7.0172750e+06   2.6611328e+01
   7.0172940e+06   2.4353027e+01
   7.0173560e+06   2.4414063e+01
   7.0260180e+06   3.2653809e+01
   7.0261130e+06   2.7954102e+01
   7.0261400e+06   2.4047852e+01
   7.0261700e+06   2.6123047e+01
   7.0263400e+06   2.6367188e+01
   7.0358030e+06   2.8991699e+01
   7.0359080e+06   2.4536133e+01
   7.0359760e+06   2.4108887e+01
   7.0360280e+06   2.4230957e+01
   7.0360460e+06   2.9724121e+01
   7.0360720e+06   2.3803711e+01
   7.0360840e+06   2.6794434e+01
   7.0361470e+06   2.4230957e+01
   7.0465290e+06   3.7170410e+01
   7.0465870e+06   2.4291992e+01
   7.0466360e+06   2.5207520e+01
   7.0466890e+06   2.5329590e+01
   7.0467710e+06   2.3925781e+01
   7.0467890e+06   2.5329590e+01
   7.0575510e+06   3.5583496e+01
   7.0576310e+06   2.7526855e+01
   7.0577030e+06   2.8381348e+01
   7.0577430e+06   2.3742676e+01
   7.0578170e+06   3.1494141e+01
   7.0578300e+06   2.5573730e+01
   7.0701620e+06   4.0954590e+01
   7.0701980e+06   2.3803711e+01
   7.0702700e+06   2.6184082e+01
   7.0703270e+06   2.3620605e+01
   7.0704430e+06   2.6184082e+01
   7.0710240e+06   2.4108887e+01
   7.0822320e+06   2.9846191e+01
   7.0822700e+06   2.7465820e+01
   7.0824960e+06   2.6000977e+01
   7.0825220e+06   2.5634766e+01
   7.0964250e+06   3.1188965e+01
   7.0964600e+06   2.5451660e+01
   7.0965360e+06   2.8320313e+01
   7.0965550e+06   2.7343750e+01
   7.0965770e+06   2.8137207e+01
   7.0966990e+06   2.5939941e+01
   7.1080220e+06   3.2592773e+01
   7.1081100e+06   2.5024414e+01
   7.1083050e+06   2.5512695e+01
   7.1083920e+06   2.7038574e+01
   7.1084280e+06   2.4230957e+01
   7.1217400e+06   3.6437988e+01
   7.1218230e+06   2.7343750e+01
   7.1218710e+06   2.6672363e+01
   7.1218820e+06   2.3681641e+01
   7.1219110e+06   2.3803711e+01
   7.1219410e+06   2.4719238e+01
   7.1220190e+06   2.6184082e+01
   7.1220380e+06   2.6184082e+01
   7.1220820e+06   2.8381348e+01
   7.1226940e+06   2.5878906e+01
   7.1370260e+06   3.5644531e+01
   7.1371720e+06   2.4719238e+01
   7.1373000e+06   2.3803711e+01
   7.1521440e+06   3.2836914e+01
   7.1522520e+06   3.2348633e+01
   7.1523290e+06   2.5451660e+01
   7.1523520e+06   2.5207520e+01
   7.1523750e+06   2.4291992e+01
   7.1525200e+06   2.4047852e+01
   7.1530650e+06   2.6977539e+01
   7.1774390e+06   3.2531738e+01
   7.1775450e+06   2.7404785e+01
   7.1775610e+06   3.0212402e+01
   7.1775780e+06   2.7282715e+01
   7.1776570e+06   2.4169922e+01
   7.1776840e+06   3.0151367e+01
   7.1777190e+06   2.4597168e+01
   7.1777360e+06   2.8198242e+01
   7.1777790e+06   2.4108887e+01
   7.1778980e+06   2.6184082e+01
   7.1779210e+06   2.5146484e+01
   7.6779610e+06   3.6926270e+01
   7.6780500e+06   3.2104492e+01
   7.8788100e+06   4.4494629e+01
   7.8789090e+06   3.6682129e+01
   8.0137650e+06   3.9367676e+01
   8.0138660e+06   3.3020020e+01
   8.1941880e+06   3.6682129e+01
   8.1942750e+06   2.6123047e+01
   8.1950000e+06   3.3508301e+01
   8.3728010e+06   4.9560547e+01
   8.3728960e+06   2.9724121e+01
   8.4393160e+06   4.3395996e+01
   8.4394090e+06   3.0212402e+01
   8.4627470e+06   4.4006348e+01
   8.4628400e+06   3.4179688e+01
   8.4923670e+06   4.4128418e+01
   8.4924540e+06   3.1982422e+01
   8.5161170e+06   4.8767090e+01
   8.5162390e+06   3.8635254e+01
   8.5266970e+06   4.1320801e+01
   8.5268210e+06   3.0700684e+01
   8.5373840e+06   4.2541504e+01
   8.5374890e+06   3.5888672e+01
   8.5377060e+06   2.4230957e+01
   8.5496800e+06   3.4973145e+01
   8.5497890e+06   2.6611328e+01
   8.5594330e+06   3.8757324e+01
   8.5595540e+06   2.5512695e+01
   8.5694240e+06   3.6682129e+01
   8.5695440e+06   2.9357910e+01
   8.5700410e+06   2.3864746e+01
   8.5701560e+06   2.4047852e+01
   8.5809420e+06   4.3334961e+01
   8.5810490e+06   2.7343750e+01
   8.5813660e+06   2.5268555e+01
   8.5814010e+06   2.7282715e+01
   8.5815160e+06   2.4963379e+01
   8.5820490e+06   2.4291992e+01
   8.5821490e+06   2.4291992e+01
   8.5915280e+06   3.7109375e+01
   8.5916410e+06   3.0822754e+01
   8.5918670e+06   2.7282715e+01
   8.5920020e+06   2.6489258e+01
   8.6006300e+06   4.0466309e+01
   8.6007750e+06   3.6315918e+01
   8.6010050e+06   2.4780273e+01
   8.6011860e+06   2.7343750e+01
   8.6013920e+06   2.3864746e+01
   8.6014250e+06   2.7404785e+01
   8.6110690e+06   3.4606934e+01
   8.6111860e+06   2.9479980e+01
   8.6114420e+06   2.4230957e+01
   8.6114940e+06   2.4963379e+01
   8.6195910e+06   3.1738281e+01
   8.6198890e+06   3.1066895e+01
   8.6327880e+06   4.1015625e+01
   8.6328790e+06   2.5756836e+01
   8.6329060e+06   2.3681641e+01
   8.6329800e+06   2.4353027e+01
   8.6330090e+06   2.4169922e+01
   8.6330420e+06   2.5207520e+01
   8.6330790e+06   2.5573730e+01
   8.6330890e+06   2.5390625e+01
   8.6331340e+06   2.6184082e+01
   8.6331790e+06   2.4108887e+01
   8.6332490e+06   2.7221680e+01
   8.6336760e+06   2.6611328e+01
   8.6429120e+06   3.8696289e+01
   8.6429760e+06   2.7770996e+01
   8.6431470e+06   2.5939941e+01
   8.6431720e+06   2.6306152e+01
   8.6432070e+06   2.6367188e+01
   8.6432440e+06   2.5512695e+01
   8.6542950e+06   3.7658691e+01
   8.6546500e+06   3.1005859e+01
   8.6551160e+06   2.4047852e+01
   8.6552040e+06   2.4230957e+01
   8.6552210e+06   2.4230957e+01
   8.6674060e+06   4.0161133e+01
   8.6675590e+06   2.3742676e+01
   8.6675880e+06   2.4780273e+01
   8.6676220e+06   2.7099609e+01
   8.6676780e+06   3.2470703e+01
   8.6677300e+06   2.4963379e+01
   8.6788570e+06   3.6376953e+01
   8.6789490e+06   2.4536133e+01
   8.6790850e+06   2.9296875e+01
   8.6791390e+06   3.2104492e+01
   8.6907230e+06   3.1921387e+01
   8.6908130e+06   2.9663086e+01
   8.6908570e+06   3.1250000e+01
   8.6908860e+06   2.5207520e+01
   8.6909450e+06   2.7282715e+01
   8.6909860e+06   2.3925781e+01
   8.7046070e+06   2.3803711e+01
   8.7046940e+06   2.4414063e+01
   8.7047610e+06   2.6977539e+01
   8.7047880e+06   2.6916504e+01
   8.7048280e+06   2.4902344e+01
   8.7048590e+06   2.8686523e+01
   8.7048700e+06   2.9602051e+01
   8.7049190e+06   2.6916504e+01
   8.7049340e+06   2.8198242e+01
   8.7186540e+06   3.6010742e+01
   8.7187350e+06   3.0090332e+01
   8.7195940e+06   2.5268555e+01
   8.7492850e+06   4.0588379e+01
   8.7494130e+06   3.0700684e+01
   8.7494660e+06   2.4658203e+01
   8.7494990e+06   2.5024414e+01
   8.7495290e+06   3.3752441e+01
   8.7495540e+06   2.4291992e+01
   8.7496330e+06   2.4841309e+01
   8.7496500e+06   2.7099609e+01
   8.7501800e+06   2.6000977e+01
   8.7501950e+06   2.6855469e+01
   8.7504840e+06   2.4902344e+01
   8.8079700e+06   4.3701172e+01
   8.8079970e+06   2.6062012e+01
   8.8080810e+06   2.8747559e+01
   8.8081060e+06   2.4108887e+01
   8.8081340e+06   2.9602051e+01
   8.8081930e+06   2.3864746e+01
   8.8083030e+06   2.3681641e+01
   8.8083170e+06   2.7648926e+01
   8.8086410e+06   2.5329590e+01
   8.8086610e+06   2.5268555e+01
   8.8087390e+06   2.4108887e+01
   8.8088160e+06   2.6611328e+01
   8.8567530e+06   4.0710449e+01
   8.8567820e+06   2.5268555e+01
   8.8567940e+06   2.3742676e+01
   8.8568610e+06   2.3559570e+01
   8.8569340e+06   2.4230957e+01
   8.9015320e+06   2.9724121e+01
   8.9015570e+06   2.7343750e+01
   8.9015760e+06   2.9418945e+01
   8.9016020e+06   2.4414063e+01
   8.9017000e+06   2.7526855e+01
   8.9017100e+06   2.4902344e+01
   8.9019140e+06   3.3813477e+01
   8.9612360e+06   2.4719238e+01
   8.9612680e+06   5.6518555e+01
   8.9613010e+06   2.8259277e+01
   8.9613320e+06   2.7587891e+01
   8.9613790e+06   2.8625488e+01
   8.9614460e+06   2.6123047e+01
   8.9614900e+06   2.5634766e+01
   8.9618190e+06   2.8381348e+01
   8.9618360e+06   2.6184082e+01
   9.0125410e+06   4.3457031e+01
   9.0126120e+06   3.1066895e+01
   9.0127670e+06   2.4108887e+01
   9.0128090e+06   2.4353027e+01
   9.0128580e+06   2.3620605e+01
   9.0128780e+06   2.7221680e+01
   9.0129600e+06   3.1127930e+01
   9.0131240e+06   2.5573730e+01
   9.0649420e+06   4.0283203e+01
   9.0650070e+06   2.6367188e+01
   9.0651630e+06   2.8015137e+01
   9.0651730e+06   2.4658203e+01
   9.0653120e+06   2.8930664e+01
   9.0656390e+06   2.5329590e+01
   9.1276650e+06   4.4067383e+01
   9.1277500e+06   2.7648926e+01
   9.1279340e+06   2.4597168e+01
   9.2093920e+06   3.0334473e+01
   9.2094600e+06   2.3925781e+01
   9.2094900e+06   2.8625488e+01
   9.2095820e+06   2.6000977e+01
   9.2097420e+06   2.3925781e+01
   9.2098760e+06   2.5146484e+01
   9.5522700e+06   4.0466309e+01
   9.5523620e+06   3.3264160e+01
   9.7432640e+06   4.2236328e+01
   9.7433630e+06   2.6489258e+01
   9.8856290e+06   5.1513672e+01
   9.8857140e+06   3.1921387e+01
   1.0025394e+07   4.3884277e+01
   1.0025486e+07   3.1311035e+01
   1.0049322e+07   4.1442871e+01
   1.0049421e+07   3.7841797e+01
   1.0076367e+07   4.2907715e+01
   1.0076463e+07   2.9724121e+01
   1.0143993e+07   4.3151855e+01
   1.0144098e+07   2.9235840e+01
   1.0393857e+07   3.3569336e+01
   1.0393944e+07   3.2897949e+01
   1.0512493e+07   4.6386719e+01
   1.0512582e+07   2.9968262e+01
   1.0705458e+07   4.7790527e+01
   1.0705544e+07   2.3986816e+01
   1.0852916e+07   4.9133301e+01
   1.0853008e+07   2.3803711e+01
   1.1026826e+07   4.5166016e+01
   1.1026922e+07   3.2897949e+01
   1.1086827e+07   4.4860840e+01
   1.1086930e+07   2.8320313e+01
   1.1087699e+07   2.3559570e+01
   1.1118779e+07   3.4179688e+01
   1.1118885e+07   4.2297363e+01
   1.1130772e+07   4.2419434e+01
   1.1130871e+07   2.7587891e+01
   1.1150522e+07   4.1381836e+01
   1.1150613e+07   2.7404785e+01
   1.1150710e+07   2.3986816e+01
   1.1150841e+07   2.5939941e+01
   1.1160937e+07   3.6926270e+01
   1.1161029e+07   3.0700684e+01
   1.1161720e+07   2.5573730e+01
   1.1171636e+07   4.0344238e+01
   1.1171746e+07   3.0822754e+01
   1.1171954e+07   2.4291992e+01
   1.1172038e+07   2.4291992e+01
   1.1172089e+07   2.6916504e+01
   1.1172102e+07   2.3620605e+01
   1.1172141e+07   2.5329590e+01
   1.1172168e+07   2.3803711e+01
   1.1172710e+07   2.4658203e+01
   1.1172779e+07   2.4658203e+01
   1.1180863e+07   3.9672852e+01
   1.1181031e+07   2.7099609e+01
   1.1181348e+07   2.3681641e+01
   1.1181451e+07   2.5146484e+01
   1.1181556e+07   2.4230957e+01
   1.1182386e+07   2.3559570e+01
   1.1193917e+07   3.6010742e+01
   1.1194029e+07   3.4301758e+01
   1.1194272e+07   2.4047852e+01
   1.1203057e+07   3.0944824e+01
   1.1203183e+07   3.3752441e+01
   1.1203357e+07   2.4414063e+01
   1.1203385e+07   2.4780273e+01
   1.1203414e+07   2.6489258e+01
   1.1211812e+07   3.8208008e+01
   1.1211927e+07   2.9052734e+01
   1.1212085e+07   2.3925781e+01
   1.1212132e+07   2.3986816e+01
   1.1221240e+07   3.5644531e+01
   1.1221345e+07   3.2409668e+01
   1.1221427e+07   2.4108887e+01
   1.1221461e+07   2.6306152e+01
   1.1221474e+07   2.7160645e+01
   1.1221505e+07   2.3620605e+01
   1.1221517e+07   2.3925781e+01
   1.1221534e+07   3.2775879e+01
   1.1221640e+07   2.4047852e+01
   1.1231253e+07   3.0212402e+01
   1.1231346e+07   2.4414063e+01
   1.1231391e+07   2.6550293e+01
   1.1231422e+07   2.6489258e+01
   1.1231479e+07   2.4841309e+01
   1.1241223e+07   4.0893555e+01
   1.1241287e+07   2.4597168e+01
   1.1241473e+07   2.5085449e+01
   1.1241532e+07   2.4047852e+01
   1.1241611e+07   2.3559570e+01
   1.1242065e+07   2.3620605e+01
   1.1250765e+07   3.1188965e+01
   1.1250868e+07   2.4536133e+01
   1.1250991e+07   2.3742676e+01
   1.1251162e+07   2.7160645e+01
   1.1251516e+07   2.5024414e+01
   1.1251725e+07   2.3620605e+01
   1.1259856e+07   2.7893066e+01
   1.1259896e+07   2.5634766e+01
   1.1259990e+07   2.3620605e+01
   1.1260121e+07   2.3925781e+01
   1.1260639e+07   2.7282715e+01
   1.1269033e+07   3.6376953e+01
   1.1269118e+07   3.0822754e+01
   1.1269169e+07   2.7160645e+01
   1.1269257e+07   2.4353027e+01
   1.1269278e+07   2.4475098e+01
   1.1279252e+07   4.1259766e+01
   1.1279389e+07   3.1066895e+01
   1.1279449e+07   2.4353027e+01
   1.1279471e+07   2.4230957e+01
   1.1279512e+07   2.7893066e+01
   1.1291604e+07   3.1860352e+01
   1.1291682e+07   2.5207520e+01
   1.1291810e+07   2.5146484e+01
   1.1291832e+07   2.7282715e+01
   1.1291877e+07   2.5634766e+01
   1.1303535e+07   3.2409668e+01
   1.1303614e+07   2.7465820e+01
   1.1303760e+07   2.4108887e+01
   1.1303796e+07   2.6062012e+01
   1.1314598e+07   3.8452148e+01
   1.1314663e+07   2.4108887e+01
   1.1314685e+07   2.4047852e+01
   1.1314734e+07   2.6062012e+01
   1.1314838e+07   2.6977539e+01
   1.1325677e+07   3.7109375e+01
   1.1325755e+07   2.5085449e+01
   1.1325807e+07   2.4719238e+01
   1.1325864e+07   2.5817871e+01
   1.1345089e+07   3.6437988e+01
   1.1345220e+07   2.5756836e+01
   1.1345232e+07   2.4963379e+01
   1.1345262e+07   2.7404785e+01
   1.1345278e+07   2.5878906e+01
   1.1345300e+07   2.7465820e+01
   1.1345839e+07   2.4047852e+01
   1.1359107e+07   3.3264160e+01
   1.1359194e+07   2.8015137e+01
   1.1359354e+07   2.4597168e+01
   1.1359428e+07   2.3559570e+01
   1.1374972e+07   4.0405273e+01
   1.1375046e+07   2.4169922e+01
   1.1375158e+07   2.6245117e+01
   1.1392660e+07   3.5888672e+01
   1.1392734e+07   2.8137207e+01
   1.1392797e+07   2.5573730e+01
   1.1392826e+07   2.8137207e+01
   1.1392867e+07   2.5024414e+01
   1.1392893e+07   2.4414063e+01
   1.1392954e+07   2.5024414e+01
   1.1408489e+07   3.6865234e+01
   1.1408572e+07   2.7648926e+01
   1.1408638e+07   2.9907227e+01
   1.1408700e+07   2.6000977e+01
   1.1408745e+07   2.5573730e+01
   1.1408817e+07   2.7954102e+01
   1.1408933e+07   2.4475098e+01
   1.1466055e+07   4.4189453e+01
   1.1466094e+07   2.4108887e+01
   1.1466113e+07   2.4291992e+01
   1.1466138e+07   2.6489258e+01
   1.1466168e+07   2.8137207e+01
   1.1466214e+07   2.4230957e+01
   1.1466307e+07   2.5207520e+01
   1.1466337e+07   2.4108887e+01
   1.1466465e+07   2.6184082e+01
   1.1466630e+07   2.3559570e+01
   1.1510627e+07   3.9611816e+01
   1.1510663e+07   3.4667969e+01
   1.1510682e+07   2.4475098e+01
   1.1510735e+07   2.3803711e+01
   1.1553902e+07   3.3203125e+01
   1.1553919e+07   2.6367188e+01
   1.1553959e+07   2.8137207e+01
   1.1554006e+07   2.4047852e+01
   1.1554024e+07   3.3081055e+01
   1.1554052e+07   2.5207520e+01
   1.1554137e+07   3.0090332e+01
