   1.1996000e+07   0.0000000e+00
   2.1655000e+05   2.7465820e+01
   6.5937900e+05   3.0151367e+01
   7.5716000e+05   2.9968262e+01
   1.7172350e+06   3.0029297e+01
   1.8421700e+06   2.7770996e+01
   2.3605040e+06   2.8930664e+01
   2.6496310e+06   2.8564453e+01
   2.7115480e+06   3.3935547e+01
   3.0930100e+06   2.9052734e+01
   3.7102930e+06   2.7770996e+01
   3.7977030e+06   2.8442383e+01
   3.7977480e+06   2.7526855e+01
   4.1185680e+06   2.8198242e+01
   4.3630630e+06   2.7648926e+01
   4.4251060e+06   2.7587891e+01
   5.5161700e+06   2.7526855e+01
   6.1766960e+06   3.0151367e+01
   6.8560010e+06   2.8076172e+01
   6.9027170e+06   2.9541016e+01
   7.0076100e+06   2.8991699e+01
   7.0360110e+06   2.9785156e+01
   7.6779080e+06   3.1555176e+01
   8.6113130e+06   2.8320313e+01
   8.7188850e+06   2.7770996e+01
   1.0512428e+07   3.0761719e+01
   1.1118876e+07   3.6071777e+01
   1.1345407e+07   3.4606934e+01
   1.1393028e+07   2.7770996e+01
