   1.1996000e+07   0.0000000e+00
   7.9768000e+04   2.6733398e+01
   7.9991000e+04   3.3081055e+01
   8.0146000e+04   3.0334473e+01
   2.1645000e+05   2.7770996e+01
   2.1677500e+05   2.8259277e+01
   2.1691700e+05   2.6916504e+01
   3.7579400e+05   3.4423828e+01
   3.9503300e+05   2.8869629e+01
   3.9533100e+05   2.9052734e+01
   5.4335100e+05   3.2653809e+01
   5.4349000e+05   2.8869629e+01
   5.4364600e+05   2.8259277e+01
   6.1518300e+05   3.2592773e+01
   6.1551700e+05   3.1555176e+01
   6.5879700e+05   3.3569336e+01
   6.5886000e+05   2.9907227e+01
   7.2021900e+05   3.3691406e+01
   7.2071700e+05   3.6804199e+01
   7.2084700e+05   3.2531738e+01
   7.5681000e+05   3.9611816e+01
   8.0734000e+05   3.7292480e+01
   8.0750600e+05   3.2836914e+01
   8.5122000e+05   2.9479980e+01
   8.5126700e+05   3.0578613e+01
   8.5169500e+05   3.1188965e+01
   8.5175300e+05   2.8564453e+01
   8.9889800e+05   3.4057617e+01
   8.9896900e+05   2.9296875e+01
   8.9901200e+05   2.7587891e+01
   8.9905900e+05   2.9968262e+01
   9.4194100e+05   2.7648926e+01
   9.4199400e+05   2.8503418e+01
   9.8878700e+05   2.7160645e+01
   1.0289000e+06   3.5949707e+01
   1.0742940e+06   3.6560059e+01
   1.1143890e+06   2.8625488e+01
   1.1673420e+06   3.3996582e+01
   1.1673920e+06   3.4851074e+01
   1.1674400e+06   2.8503418e+01
   1.1679030e+06   2.8442383e+01
   1.2202710e+06   3.1677246e+01
   1.2209720e+06   2.6977539e+01
   1.2730590e+06   3.8574219e+01
   1.2732230e+06   2.7343750e+01
   1.3287470e+06   3.3569336e+01
   1.3288590e+06   3.4301758e+01
   1.3866530e+06   2.8076172e+01
   1.4438400e+06   2.7038574e+01
   1.4439770e+06   2.9907227e+01
   1.4440820e+06   2.7648926e+01
   1.5326540e+06   2.7648926e+01
   1.5327610e+06   3.6315918e+01
   1.7173020e+06   2.8564453e+01
   1.8421310e+06   3.5217285e+01
   2.0308780e+06   2.6672363e+01
   2.0309920e+06   3.3142090e+01
   2.1539630e+06   3.0639648e+01
   2.3198790e+06   3.3569336e+01
   2.3202180e+06   3.0395508e+01
   2.3608360e+06   3.0395508e+01
   2.5472010e+06   2.8869629e+01
   2.6495600e+06   3.1188965e+01
   2.6497580e+06   2.7343750e+01
   2.7114520e+06   2.7893066e+01
   2.7115880e+06   3.0273438e+01
   2.8877770e+06   3.1738281e+01
   2.8881730e+06   3.0395508e+01
   3.0313030e+06   2.6855469e+01
   3.0317370e+06   2.7709961e+01
   3.0929980e+06   2.7648926e+01
   3.2703550e+06   3.9123535e+01
   3.2704950e+06   2.9541016e+01
   3.4168950e+06   2.8808594e+01
   3.4172430e+06   3.2287598e+01
   3.4176880e+06   2.8381348e+01
   3.4307760e+06   3.4729004e+01
   3.4309170e+06   3.2470703e+01
   3.4310470e+06   2.8503418e+01
   3.4316180e+06   2.8564453e+01
   3.5127450e+06   3.0822754e+01
   3.7103170e+06   2.7893066e+01
   3.7105170e+06   3.3935547e+01
   3.7976880e+06   3.0212402e+01
   3.7980660e+06   2.7587891e+01
   3.7982140e+06   2.6855469e+01
   3.9544380e+06   3.0700684e+01
   3.9546880e+06   2.9602051e+01
   3.9548440e+06   2.9113770e+01
   4.0720210e+06   2.6855469e+01
   4.0721090e+06   3.1616211e+01
   4.0722350e+06   2.6916504e+01
   4.0723390e+06   2.7038574e+01
   4.0724300e+06   2.8564453e+01
   4.1181700e+06   3.2714844e+01
   4.2041900e+06   3.7292480e+01
   4.2043890e+06   2.7709961e+01
   4.2169390e+06   2.7465820e+01
   4.2170480e+06   2.8686523e+01
   4.2278080e+06   3.3325195e+01
   4.2398950e+06   2.9846191e+01
   4.2399660e+06   2.8076172e+01
   4.2537250e+06   2.9113770e+01
   4.2537840e+06   3.6865234e+01
   4.2655470e+06   2.6733398e+01
   4.2845360e+06   2.8686523e+01
   4.2845960e+06   3.0700684e+01
   4.2861510e+06   3.3630371e+01
   4.2960850e+06   4.1625977e+01
   4.2961380e+06   2.6672363e+01
   4.3054620e+06   3.1921387e+01
   4.3146900e+06   3.2836914e+01
   4.3248210e+06   3.5522461e+01
   4.3373410e+06   2.8503418e+01
   4.3374050e+06   2.7465820e+01
   4.3473460e+06   2.9357910e+01
   4.3629620e+06   2.6916504e+01
   4.3825460e+06   3.3264160e+01
   4.3951980e+06   3.1860352e+01
   4.3954010e+06   2.6794434e+01
   4.4075930e+06   3.1433105e+01
   4.4249640e+06   3.0090332e+01
   4.4250360e+06   2.9846191e+01
   4.8614150e+06   3.1738281e+01
   5.1011560e+06   2.7832031e+01
   5.2275070e+06   2.9907227e+01
   5.5162280e+06   3.3630371e+01
   5.5165480e+06   2.9663086e+01
   5.6402260e+06   3.3752441e+01
   5.7590070e+06   2.8320313e+01
   5.8022930e+06   2.7648926e+01
   5.8025300e+06   3.1921387e+01
   5.8027480e+06   2.9418945e+01
   6.1767820e+06   2.7587891e+01
   6.3024460e+06   2.7709961e+01
   6.4447550e+06   3.5644531e+01
   6.4450860e+06   2.6672363e+01
   6.4813280e+06   3.0273438e+01
   6.4815230e+06   2.8442383e+01
   6.6741580e+06   2.6672363e+01
   6.6745960e+06   3.1616211e+01
   6.8247210e+06   3.0639648e+01
   6.8249100e+06   3.0578613e+01
   6.9027920e+06   2.7038574e+01
   6.9029840e+06   2.7587891e+01
   6.9031120e+06   2.8381348e+01
   6.9169240e+06   2.9602051e+01
   6.9170390e+06   2.6794434e+01
   6.9171360e+06   2.9052734e+01
   6.9393440e+06   3.2836914e+01
   6.9581350e+06   2.7587891e+01
   6.9682940e+06   2.6672363e+01
   6.9874650e+06   2.7038574e+01
   6.9876040e+06   2.8320313e+01
   6.9961150e+06   3.3691406e+01
   7.0076060e+06   2.8564453e+01
   7.0077980e+06   2.8137207e+01
   7.0261300e+06   2.9785156e+01
   7.0358890e+06   2.6977539e+01
   7.0377950e+06   3.0456543e+01
   7.0466530e+06   3.1127930e+01
   7.0466780e+06   2.7893066e+01
   7.0702250e+06   2.8564453e+01
   7.0702870e+06   3.0639648e+01
   7.0823070e+06   3.3264160e+01
   7.0823600e+06   3.0822754e+01
   7.0982720e+06   2.6855469e+01
   7.1238230e+06   2.7770996e+01
   7.1522780e+06   2.8625488e+01
   7.1523750e+06   3.2348633e+01
   7.1775540e+06   2.8625488e+01
   7.1777140e+06   2.6672363e+01
   7.8787790e+06   2.7099609e+01
   8.1944840e+06   3.4057617e+01
   8.3727710e+06   2.8930664e+01
   8.3732970e+06   2.8198242e+01
   8.4393640e+06   3.0273438e+01
   8.4396780e+06   2.8991699e+01
   8.4925940e+06   2.9968262e+01
   8.5162160e+06   2.9418945e+01
   8.5268930e+06   3.2592773e+01
   8.5376420e+06   2.9418945e+01
   8.5498660e+06   2.9602051e+01
   8.5596100e+06   2.7160645e+01
   8.5696000e+06   2.8320313e+01
   8.5811370e+06   3.1127930e+01
   8.5813220e+06   2.9174805e+01
   8.5916800e+06   3.3447266e+01
   8.5917580e+06   2.7343750e+01
   8.6008990e+06   3.0090332e+01
   8.6112550e+06   3.1555176e+01
   8.6200970e+06   3.5400391e+01
   8.6328820e+06   3.0273438e+01
   8.6329670e+06   2.9418945e+01
   8.6430540e+06   2.8930664e+01
   8.6544030e+06   3.0334473e+01
   8.6675180e+06   2.8869629e+01
   8.6790740e+06   2.8503418e+01
   8.7047130e+06   2.9296875e+01
   8.7048680e+06   2.7160645e+01
   8.7187460e+06   2.7465820e+01
   8.7187900e+06   3.0212402e+01
   8.7494520e+06   3.2287598e+01
   8.8080330e+06   2.9479980e+01
   8.8080860e+06   3.2409668e+01
   8.8568280e+06   2.8320313e+01
   8.9015920e+06   3.2409668e+01
   8.9016570e+06   2.9541016e+01
   8.9613360e+06   2.7832031e+01
   8.9614200e+06   2.8198242e+01
   9.0126760e+06   3.1677246e+01
   9.0127130e+06   2.8930664e+01
   9.0651050e+06   2.7099609e+01
   9.1278860e+06   2.8259277e+01
   9.2095410e+06   3.2714844e+01
   9.2098070e+06   2.9602051e+01
   9.5522510e+06   2.8503418e+01
   9.8855790e+06   2.9357910e+01
   1.0025344e+07   3.1982422e+01
   1.0049598e+07   3.0151367e+01
   1.0076382e+07   3.5034180e+01
   1.0143978e+07   2.7832031e+01
   1.0144311e+07   3.3630371e+01
   1.0512463e+07   3.1494141e+01
   1.0852907e+07   2.9357910e+01
   1.0853075e+07   2.9479980e+01
   1.1027120e+07   2.7832031e+01
   1.1086901e+07   2.7221680e+01
   1.1087181e+07   2.7954102e+01
   1.1118821e+07   3.1677246e+01
   1.1119134e+07   3.6743164e+01
   1.1131105e+07   3.1616211e+01
   1.1150648e+07   3.0395508e+01
   1.1150742e+07   3.2470703e+01
   1.1161035e+07   2.8076172e+01
   1.1161122e+07   2.8808594e+01
   1.1161204e+07   3.5827637e+01
   1.1171750e+07   2.8198242e+01
   1.1181069e+07   2.8808594e+01
   1.1181195e+07   2.8747559e+01
   1.1194051e+07   2.8015137e+01
   1.1194139e+07   3.6560059e+01
   1.1203204e+07   3.1982422e+01
   1.1203279e+07   2.7404785e+01
   1.1212021e+07   2.7709961e+01
   1.1231361e+07   3.4423828e+01
   1.1231529e+07   2.8137207e+01
   1.1241317e+07   3.4240723e+01
   1.1250855e+07   2.9479980e+01
   1.1260007e+07   2.6733398e+01
   1.1269122e+07   3.0273438e+01
   1.1279326e+07   2.9968262e+01
   1.1303616e+07   3.0212402e+01
   1.1315550e+07   2.7343750e+01
   1.1325799e+07   2.7221680e+01
   1.1345168e+07   3.1616211e+01
   1.1392757e+07   2.9296875e+01
   1.1408586e+07   2.7160645e+01
   1.1466129e+07   3.2409668e+01
   1.1510708e+07   2.7221680e+01
   1.1510796e+07   3.1799316e+01
   1.1553982e+07   3.1982422e+01
